"GEO_ID","NAME","H003001","H003002","H003003"
"1000000US500019601001000","Block 1000, Block Group 1, Census Tract 9601, Addison County, Vermont","52","47","5"
"1000000US500019601001001","Block 1001, Block Group 1, Census Tract 9601, Addison County, Vermont","0","0","0"
"1000000US500019601001002","Block 1002, Block Group 1, Census Tract 9601, Addison County, Vermont","53","40","13"
"1000000US500019601001003","Block 1003, Block Group 1, Census Tract 9601, Addison County, Vermont","0","0","0"
"1000000US500019601001004","Block 1004, Block Group 1, Census Tract 9601, Addison County, Vermont","3","0","3"
"1000000US500019601001005","Block 1005, Block Group 1, Census Tract 9601, Addison County, Vermont","2","2","0"
"1000000US500019601001006","Block 1006, Block Group 1, Census Tract 9601, Addison County, Vermont","33","19","14"
"1000000US500019601001007","Block 1007, Block Group 1, Census Tract 9601, Addison County, Vermont","0","0","0"
"1000000US500019601001008","Block 1008, Block Group 1, Census Tract 9601, Addison County, Vermont","0","0","0"
"1000000US500019601001009","Block 1009, Block Group 1, Census Tract 9601, Addison County, Vermont","27","22","5"
"1000000US500019601001010","Block 1010, Block Group 1, Census Tract 9601, Addison County, Vermont","0","0","0"
"1000000US500019601001011","Block 1011, Block Group 1, Census Tract 9601, Addison County, Vermont","1","1","0"
"1000000US500019601001012","Block 1012, Block Group 1, Census Tract 9601, Addison County, Vermont","2","2","0"
"1000000US500019601001013","Block 1013, Block Group 1, Census Tract 9601, Addison County, Vermont","92","70","22"
"1000000US500019601001014","Block 1014, Block Group 1, Census Tract 9601, Addison County, Vermont","1","1","0"
"1000000US500019601001015","Block 1015, Block Group 1, Census Tract 9601, Addison County, Vermont","1","0","1"
"1000000US500019601001016","Block 1016, Block Group 1, Census Tract 9601, Addison County, Vermont","0","0","0"
"1000000US500019601001017","Block 1017, Block Group 1, Census Tract 9601, Addison County, Vermont","1","1","0"
"1000000US500019601001018","Block 1018, Block Group 1, Census Tract 9601, Addison County, Vermont","2","0","2"
"1000000US500019601001019","Block 1019, Block Group 1, Census Tract 9601, Addison County, Vermont","4","3","1"
"1000000US500019601001020","Block 1020, Block Group 1, Census Tract 9601, Addison County, Vermont","1","0","1"
"1000000US500019601001021","Block 1021, Block Group 1, Census Tract 9601, Addison County, Vermont","3","3","0"
"1000000US500019601001022","Block 1022, Block Group 1, Census Tract 9601, Addison County, Vermont","1","1","0"
"1000000US500019601001023","Block 1023, Block Group 1, Census Tract 9601, Addison County, Vermont","0","0","0"
"1000000US500019601001024","Block 1024, Block Group 1, Census Tract 9601, Addison County, Vermont","1","0","1"
"1000000US500019601001025","Block 1025, Block Group 1, Census Tract 9601, Addison County, Vermont","42","31","11"
"1000000US500019601001026","Block 1026, Block Group 1, Census Tract 9601, Addison County, Vermont","0","0","0"
"1000000US500019601001027","Block 1027, Block Group 1, Census Tract 9601, Addison County, Vermont","4","3","1"
"1000000US500019601001028","Block 1028, Block Group 1, Census Tract 9601, Addison County, Vermont","1","1","0"
"1000000US500019601001029","Block 1029, Block Group 1, Census Tract 9601, Addison County, Vermont","1","1","0"
"1000000US500019601001030","Block 1030, Block Group 1, Census Tract 9601, Addison County, Vermont","11","10","1"
"1000000US500019601001031","Block 1031, Block Group 1, Census Tract 9601, Addison County, Vermont","0","0","0"
"1000000US500019601001032","Block 1032, Block Group 1, Census Tract 9601, Addison County, Vermont","53","49","4"
"1000000US500019601001033","Block 1033, Block Group 1, Census Tract 9601, Addison County, Vermont","4","4","0"
"1000000US500019601001034","Block 1034, Block Group 1, Census Tract 9601, Addison County, Vermont","1","0","1"
"1000000US500019601001035","Block 1035, Block Group 1, Census Tract 9601, Addison County, Vermont","1","1","0"
"1000000US500019601001036","Block 1036, Block Group 1, Census Tract 9601, Addison County, Vermont","0","0","0"
"1000000US500019601001037","Block 1037, Block Group 1, Census Tract 9601, Addison County, Vermont","1","1","0"
"1000000US500019601001038","Block 1038, Block Group 1, Census Tract 9601, Addison County, Vermont","2","2","0"
"1000000US500019601001039","Block 1039, Block Group 1, Census Tract 9601, Addison County, Vermont","16","15","1"
"1000000US500019601001040","Block 1040, Block Group 1, Census Tract 9601, Addison County, Vermont","22","20","2"
"1000000US500019601001041","Block 1041, Block Group 1, Census Tract 9601, Addison County, Vermont","9","7","2"
"1000000US500019601001042","Block 1042, Block Group 1, Census Tract 9601, Addison County, Vermont","2","1","1"
"1000000US500019601001043","Block 1043, Block Group 1, Census Tract 9601, Addison County, Vermont","2","2","0"
"1000000US500019601001044","Block 1044, Block Group 1, Census Tract 9601, Addison County, Vermont","0","0","0"
"1000000US500019601001045","Block 1045, Block Group 1, Census Tract 9601, Addison County, Vermont","14","10","4"
"1000000US500019601001046","Block 1046, Block Group 1, Census Tract 9601, Addison County, Vermont","12","11","1"
"1000000US500019601001047","Block 1047, Block Group 1, Census Tract 9601, Addison County, Vermont","13","13","0"
"1000000US500019601001048","Block 1048, Block Group 1, Census Tract 9601, Addison County, Vermont","4","4","0"
"1000000US500019601001049","Block 1049, Block Group 1, Census Tract 9601, Addison County, Vermont","0","0","0"
"1000000US500019601001050","Block 1050, Block Group 1, Census Tract 9601, Addison County, Vermont","0","0","0"
"1000000US500019601001051","Block 1051, Block Group 1, Census Tract 9601, Addison County, Vermont","4","4","0"
"1000000US500019601001052","Block 1052, Block Group 1, Census Tract 9601, Addison County, Vermont","5","4","1"
"1000000US500019601002000","Block 2000, Block Group 2, Census Tract 9601, Addison County, Vermont","7","6","1"
"1000000US500019601002001","Block 2001, Block Group 2, Census Tract 9601, Addison County, Vermont","0","0","0"
"1000000US500019601002002","Block 2002, Block Group 2, Census Tract 9601, Addison County, Vermont","9","9","0"
"1000000US500019601002003","Block 2003, Block Group 2, Census Tract 9601, Addison County, Vermont","8","8","0"
"1000000US500019601002004","Block 2004, Block Group 2, Census Tract 9601, Addison County, Vermont","10","10","0"
"1000000US500019601002005","Block 2005, Block Group 2, Census Tract 9601, Addison County, Vermont","0","0","0"
"1000000US500019601002006","Block 2006, Block Group 2, Census Tract 9601, Addison County, Vermont","13","13","0"
"1000000US500019601002007","Block 2007, Block Group 2, Census Tract 9601, Addison County, Vermont","84","71","13"
"1000000US500019601002008","Block 2008, Block Group 2, Census Tract 9601, Addison County, Vermont","14","14","0"
"1000000US500019601002009","Block 2009, Block Group 2, Census Tract 9601, Addison County, Vermont","1","1","0"
"1000000US500019601002010","Block 2010, Block Group 2, Census Tract 9601, Addison County, Vermont","26","23","3"
"1000000US500019601002011","Block 2011, Block Group 2, Census Tract 9601, Addison County, Vermont","1","1","0"
"1000000US500019601002012","Block 2012, Block Group 2, Census Tract 9601, Addison County, Vermont","6","5","1"
"1000000US500019601002013","Block 2013, Block Group 2, Census Tract 9601, Addison County, Vermont","32","28","4"
"1000000US500019601002014","Block 2014, Block Group 2, Census Tract 9601, Addison County, Vermont","0","0","0"
"1000000US500019601002015","Block 2015, Block Group 2, Census Tract 9601, Addison County, Vermont","0","0","0"
"1000000US500019601002016","Block 2016, Block Group 2, Census Tract 9601, Addison County, Vermont","1","1","0"
"1000000US500019601002017","Block 2017, Block Group 2, Census Tract 9601, Addison County, Vermont","0","0","0"
"1000000US500019601002018","Block 2018, Block Group 2, Census Tract 9601, Addison County, Vermont","0","0","0"
"1000000US500019601002019","Block 2019, Block Group 2, Census Tract 9601, Addison County, Vermont","1","0","1"
"1000000US500019601002020","Block 2020, Block Group 2, Census Tract 9601, Addison County, Vermont","16","13","3"
"1000000US500019601002021","Block 2021, Block Group 2, Census Tract 9601, Addison County, Vermont","6","6","0"
"1000000US500019601002022","Block 2022, Block Group 2, Census Tract 9601, Addison County, Vermont","0","0","0"
"1000000US500019601002023","Block 2023, Block Group 2, Census Tract 9601, Addison County, Vermont","17","16","1"
"1000000US500019601002024","Block 2024, Block Group 2, Census Tract 9601, Addison County, Vermont","10","9","1"
"1000000US500019601002025","Block 2025, Block Group 2, Census Tract 9601, Addison County, Vermont","0","0","0"
"1000000US500019601002026","Block 2026, Block Group 2, Census Tract 9601, Addison County, Vermont","0","0","0"
"1000000US500019601002027","Block 2027, Block Group 2, Census Tract 9601, Addison County, Vermont","12","12","0"
"1000000US500019601002028","Block 2028, Block Group 2, Census Tract 9601, Addison County, Vermont","0","0","0"
"1000000US500019601002029","Block 2029, Block Group 2, Census Tract 9601, Addison County, Vermont","7","6","1"
"1000000US500019601002030","Block 2030, Block Group 2, Census Tract 9601, Addison County, Vermont","2","2","0"
"1000000US500019601002031","Block 2031, Block Group 2, Census Tract 9601, Addison County, Vermont","5","5","0"
"1000000US500019601002032","Block 2032, Block Group 2, Census Tract 9601, Addison County, Vermont","8","7","1"
"1000000US500019601002033","Block 2033, Block Group 2, Census Tract 9601, Addison County, Vermont","7","7","0"
"1000000US500019601002034","Block 2034, Block Group 2, Census Tract 9601, Addison County, Vermont","7","7","0"
"1000000US500019601002035","Block 2035, Block Group 2, Census Tract 9601, Addison County, Vermont","2","2","0"
"1000000US500019601002036","Block 2036, Block Group 2, Census Tract 9601, Addison County, Vermont","10","10","0"
"1000000US500019601003000","Block 3000, Block Group 3, Census Tract 9601, Addison County, Vermont","1","0","1"
"1000000US500019601003001","Block 3001, Block Group 3, Census Tract 9601, Addison County, Vermont","4","4","0"
"1000000US500019601003002","Block 3002, Block Group 3, Census Tract 9601, Addison County, Vermont","0","0","0"
"1000000US500019601003003","Block 3003, Block Group 3, Census Tract 9601, Addison County, Vermont","19","18","1"
"1000000US500019601003004","Block 3004, Block Group 3, Census Tract 9601, Addison County, Vermont","0","0","0"
"1000000US500019601003005","Block 3005, Block Group 3, Census Tract 9601, Addison County, Vermont","15","15","0"
"1000000US500019601003006","Block 3006, Block Group 3, Census Tract 9601, Addison County, Vermont","5","4","1"
"1000000US500019601003007","Block 3007, Block Group 3, Census Tract 9601, Addison County, Vermont","24","23","1"
"1000000US500019601003008","Block 3008, Block Group 3, Census Tract 9601, Addison County, Vermont","13","13","0"
"1000000US500019601003009","Block 3009, Block Group 3, Census Tract 9601, Addison County, Vermont","0","0","0"
"1000000US500019601003010","Block 3010, Block Group 3, Census Tract 9601, Addison County, Vermont","16","16","0"
"1000000US500019601003011","Block 3011, Block Group 3, Census Tract 9601, Addison County, Vermont","2","2","0"
"1000000US500019601003012","Block 3012, Block Group 3, Census Tract 9601, Addison County, Vermont","7","5","2"
"1000000US500019601003013","Block 3013, Block Group 3, Census Tract 9601, Addison County, Vermont","1","1","0"
"1000000US500019601003014","Block 3014, Block Group 3, Census Tract 9601, Addison County, Vermont","11","11","0"
"1000000US500019601003015","Block 3015, Block Group 3, Census Tract 9601, Addison County, Vermont","0","0","0"
"1000000US500019601003016","Block 3016, Block Group 3, Census Tract 9601, Addison County, Vermont","59","33","26"
"1000000US500019601003017","Block 3017, Block Group 3, Census Tract 9601, Addison County, Vermont","0","0","0"
"1000000US500019601003018","Block 3018, Block Group 3, Census Tract 9601, Addison County, Vermont","0","0","0"
"1000000US500019601003019","Block 3019, Block Group 3, Census Tract 9601, Addison County, Vermont","0","0","0"
"1000000US500019601003020","Block 3020, Block Group 3, Census Tract 9601, Addison County, Vermont","0","0","0"
"1000000US500019601003021","Block 3021, Block Group 3, Census Tract 9601, Addison County, Vermont","0","0","0"
"1000000US500019601003022","Block 3022, Block Group 3, Census Tract 9601, Addison County, Vermont","13","10","3"
"1000000US500019601003023","Block 3023, Block Group 3, Census Tract 9601, Addison County, Vermont","22","21","1"
"1000000US500019601003024","Block 3024, Block Group 3, Census Tract 9601, Addison County, Vermont","0","0","0"
"1000000US500019601003025","Block 3025, Block Group 3, Census Tract 9601, Addison County, Vermont","0","0","0"
"1000000US500019601003026","Block 3026, Block Group 3, Census Tract 9601, Addison County, Vermont","4","3","1"
"1000000US500019601003027","Block 3027, Block Group 3, Census Tract 9601, Addison County, Vermont","95","92","3"
"1000000US500019601003028","Block 3028, Block Group 3, Census Tract 9601, Addison County, Vermont","47","47","0"
"1000000US500019601003029","Block 3029, Block Group 3, Census Tract 9601, Addison County, Vermont","0","0","0"
"1000000US500019601003030","Block 3030, Block Group 3, Census Tract 9601, Addison County, Vermont","0","0","0"
"1000000US500019601003031","Block 3031, Block Group 3, Census Tract 9601, Addison County, Vermont","0","0","0"
"1000000US500019601003032","Block 3032, Block Group 3, Census Tract 9601, Addison County, Vermont","0","0","0"
"1000000US500019601003033","Block 3033, Block Group 3, Census Tract 9601, Addison County, Vermont","7","7","0"
"1000000US500019601003034","Block 3034, Block Group 3, Census Tract 9601, Addison County, Vermont","0","0","0"
"1000000US500019601003035","Block 3035, Block Group 3, Census Tract 9601, Addison County, Vermont","0","0","0"
"1000000US500019601003036","Block 3036, Block Group 3, Census Tract 9601, Addison County, Vermont","27","27","0"
"1000000US500019601003037","Block 3037, Block Group 3, Census Tract 9601, Addison County, Vermont","0","0","0"
"1000000US500019601003038","Block 3038, Block Group 3, Census Tract 9601, Addison County, Vermont","0","0","0"
"1000000US500019601003039","Block 3039, Block Group 3, Census Tract 9601, Addison County, Vermont","0","0","0"
"1000000US500019601003040","Block 3040, Block Group 3, Census Tract 9601, Addison County, Vermont","0","0","0"
"1000000US500019601003041","Block 3041, Block Group 3, Census Tract 9601, Addison County, Vermont","50","49","1"
"1000000US500019601003042","Block 3042, Block Group 3, Census Tract 9601, Addison County, Vermont","0","0","0"
"1000000US500019601003043","Block 3043, Block Group 3, Census Tract 9601, Addison County, Vermont","0","0","0"
"1000000US500019601003044","Block 3044, Block Group 3, Census Tract 9601, Addison County, Vermont","2","2","0"
"1000000US500019601003045","Block 3045, Block Group 3, Census Tract 9601, Addison County, Vermont","6","5","1"
"1000000US500019601003046","Block 3046, Block Group 3, Census Tract 9601, Addison County, Vermont","7","6","1"
"1000000US500019601003047","Block 3047, Block Group 3, Census Tract 9601, Addison County, Vermont","35","34","1"
"1000000US500019601003048","Block 3048, Block Group 3, Census Tract 9601, Addison County, Vermont","1","1","0"
"1000000US500019601003049","Block 3049, Block Group 3, Census Tract 9601, Addison County, Vermont","2","2","0"
"1000000US500019601003050","Block 3050, Block Group 3, Census Tract 9601, Addison County, Vermont","0","0","0"
"1000000US500019601003051","Block 3051, Block Group 3, Census Tract 9601, Addison County, Vermont","0","0","0"
"1000000US500019601003052","Block 3052, Block Group 3, Census Tract 9601, Addison County, Vermont","51","47","4"
"1000000US500019601003053","Block 3053, Block Group 3, Census Tract 9601, Addison County, Vermont","84","83","1"
"1000000US500019601003054","Block 3054, Block Group 3, Census Tract 9601, Addison County, Vermont","0","0","0"
"1000000US500019601003055","Block 3055, Block Group 3, Census Tract 9601, Addison County, Vermont","2","2","0"
"1000000US500019601003056","Block 3056, Block Group 3, Census Tract 9601, Addison County, Vermont","0","0","0"
"1000000US500019601003057","Block 3057, Block Group 3, Census Tract 9601, Addison County, Vermont","4","4","0"
"1000000US500019601003058","Block 3058, Block Group 3, Census Tract 9601, Addison County, Vermont","23","20","3"
"1000000US500019601003059","Block 3059, Block Group 3, Census Tract 9601, Addison County, Vermont","0","0","0"
"1000000US500019601003060","Block 3060, Block Group 3, Census Tract 9601, Addison County, Vermont","22","22","0"
"1000000US500019601003061","Block 3061, Block Group 3, Census Tract 9601, Addison County, Vermont","9","9","0"
"1000000US500019601003062","Block 3062, Block Group 3, Census Tract 9601, Addison County, Vermont","0","0","0"
"1000000US500019601003063","Block 3063, Block Group 3, Census Tract 9601, Addison County, Vermont","2","2","0"
"1000000US500019601003064","Block 3064, Block Group 3, Census Tract 9601, Addison County, Vermont","0","0","0"
"1000000US500019601003065","Block 3065, Block Group 3, Census Tract 9601, Addison County, Vermont","31","29","2"
"1000000US500019601003066","Block 3066, Block Group 3, Census Tract 9601, Addison County, Vermont","0","0","0"
"1000000US500019601003067","Block 3067, Block Group 3, Census Tract 9601, Addison County, Vermont","0","0","0"
"1000000US500019601003068","Block 3068, Block Group 3, Census Tract 9601, Addison County, Vermont","0","0","0"
"1000000US500019601003069","Block 3069, Block Group 3, Census Tract 9601, Addison County, Vermont","0","0","0"
"1000000US500019601003070","Block 3070, Block Group 3, Census Tract 9601, Addison County, Vermont","20","20","0"
"1000000US500019601003071","Block 3071, Block Group 3, Census Tract 9601, Addison County, Vermont","1","1","0"
"1000000US500019601003072","Block 3072, Block Group 3, Census Tract 9601, Addison County, Vermont","0","0","0"
"1000000US500019601003073","Block 3073, Block Group 3, Census Tract 9601, Addison County, Vermont","4","3","1"
"1000000US500019601003074","Block 3074, Block Group 3, Census Tract 9601, Addison County, Vermont","2","2","0"
"1000000US500019601003075","Block 3075, Block Group 3, Census Tract 9601, Addison County, Vermont","0","0","0"
"1000000US500019601003076","Block 3076, Block Group 3, Census Tract 9601, Addison County, Vermont","19","18","1"
"1000000US500019601003077","Block 3077, Block Group 3, Census Tract 9601, Addison County, Vermont","10","9","1"
"1000000US500019601003078","Block 3078, Block Group 3, Census Tract 9601, Addison County, Vermont","13","13","0"
"1000000US500019601003079","Block 3079, Block Group 3, Census Tract 9601, Addison County, Vermont","0","0","0"
"1000000US500019601003080","Block 3080, Block Group 3, Census Tract 9601, Addison County, Vermont","2","2","0"
"1000000US500019601003081","Block 3081, Block Group 3, Census Tract 9601, Addison County, Vermont","0","0","0"
"1000000US500019601003082","Block 3082, Block Group 3, Census Tract 9601, Addison County, Vermont","0","0","0"
"1000000US500019601003083","Block 3083, Block Group 3, Census Tract 9601, Addison County, Vermont","2","2","0"
"1000000US500019601003084","Block 3084, Block Group 3, Census Tract 9601, Addison County, Vermont","0","0","0"
"1000000US500019601003085","Block 3085, Block Group 3, Census Tract 9601, Addison County, Vermont","1","1","0"
"1000000US500019601003086","Block 3086, Block Group 3, Census Tract 9601, Addison County, Vermont","1","1","0"
"1000000US500019601003087","Block 3087, Block Group 3, Census Tract 9601, Addison County, Vermont","0","0","0"
"1000000US500019601003088","Block 3088, Block Group 3, Census Tract 9601, Addison County, Vermont","0","0","0"
"1000000US500019601003089","Block 3089, Block Group 3, Census Tract 9601, Addison County, Vermont","0","0","0"
"1000000US500019602001000","Block 1000, Block Group 1, Census Tract 9602, Addison County, Vermont","6","5","1"
"1000000US500019602001001","Block 1001, Block Group 1, Census Tract 9602, Addison County, Vermont","0","0","0"
"1000000US500019602001002","Block 1002, Block Group 1, Census Tract 9602, Addison County, Vermont","0","0","0"
"1000000US500019602001003","Block 1003, Block Group 1, Census Tract 9602, Addison County, Vermont","30","28","2"
"1000000US500019602001004","Block 1004, Block Group 1, Census Tract 9602, Addison County, Vermont","19","18","1"
"1000000US500019602001005","Block 1005, Block Group 1, Census Tract 9602, Addison County, Vermont","0","0","0"
"1000000US500019602001006","Block 1006, Block Group 1, Census Tract 9602, Addison County, Vermont","23","23","0"
"1000000US500019602001007","Block 1007, Block Group 1, Census Tract 9602, Addison County, Vermont","39","38","1"
"1000000US500019602001008","Block 1008, Block Group 1, Census Tract 9602, Addison County, Vermont","0","0","0"
"1000000US500019602001009","Block 1009, Block Group 1, Census Tract 9602, Addison County, Vermont","0","0","0"
"1000000US500019602001010","Block 1010, Block Group 1, Census Tract 9602, Addison County, Vermont","31","29","2"
"1000000US500019602001011","Block 1011, Block Group 1, Census Tract 9602, Addison County, Vermont","0","0","0"
"1000000US500019602001012","Block 1012, Block Group 1, Census Tract 9602, Addison County, Vermont","0","0","0"
"1000000US500019602001013","Block 1013, Block Group 1, Census Tract 9602, Addison County, Vermont","3","3","0"
"1000000US500019602001014","Block 1014, Block Group 1, Census Tract 9602, Addison County, Vermont","51","46","5"
"1000000US500019602001015","Block 1015, Block Group 1, Census Tract 9602, Addison County, Vermont","0","0","0"
"1000000US500019602001016","Block 1016, Block Group 1, Census Tract 9602, Addison County, Vermont","0","0","0"
"1000000US500019602001017","Block 1017, Block Group 1, Census Tract 9602, Addison County, Vermont","12","12","0"
"1000000US500019602001018","Block 1018, Block Group 1, Census Tract 9602, Addison County, Vermont","0","0","0"
"1000000US500019602001019","Block 1019, Block Group 1, Census Tract 9602, Addison County, Vermont","0","0","0"
"1000000US500019602001020","Block 1020, Block Group 1, Census Tract 9602, Addison County, Vermont","17","17","0"
"1000000US500019602001021","Block 1021, Block Group 1, Census Tract 9602, Addison County, Vermont","4","4","0"
"1000000US500019602001022","Block 1022, Block Group 1, Census Tract 9602, Addison County, Vermont","4","4","0"
"1000000US500019602001023","Block 1023, Block Group 1, Census Tract 9602, Addison County, Vermont","48","46","2"
"1000000US500019602001024","Block 1024, Block Group 1, Census Tract 9602, Addison County, Vermont","1","1","0"
"1000000US500019602001025","Block 1025, Block Group 1, Census Tract 9602, Addison County, Vermont","0","0","0"
"1000000US500019602001026","Block 1026, Block Group 1, Census Tract 9602, Addison County, Vermont","6","4","2"
"1000000US500019602001027","Block 1027, Block Group 1, Census Tract 9602, Addison County, Vermont","24","24","0"
"1000000US500019602001028","Block 1028, Block Group 1, Census Tract 9602, Addison County, Vermont","0","0","0"
"1000000US500019602001029","Block 1029, Block Group 1, Census Tract 9602, Addison County, Vermont","108","104","4"
"1000000US500019602001030","Block 1030, Block Group 1, Census Tract 9602, Addison County, Vermont","0","0","0"
"1000000US500019602001031","Block 1031, Block Group 1, Census Tract 9602, Addison County, Vermont","0","0","0"
"1000000US500019602001032","Block 1032, Block Group 1, Census Tract 9602, Addison County, Vermont","4","4","0"
"1000000US500019602001033","Block 1033, Block Group 1, Census Tract 9602, Addison County, Vermont","0","0","0"
"1000000US500019602001034","Block 1034, Block Group 1, Census Tract 9602, Addison County, Vermont","21","20","1"
"1000000US500019602001035","Block 1035, Block Group 1, Census Tract 9602, Addison County, Vermont","0","0","0"
"1000000US500019602001036","Block 1036, Block Group 1, Census Tract 9602, Addison County, Vermont","0","0","0"
"1000000US500019602001037","Block 1037, Block Group 1, Census Tract 9602, Addison County, Vermont","1","1","0"
"1000000US500019602001038","Block 1038, Block Group 1, Census Tract 9602, Addison County, Vermont","1","1","0"
"1000000US500019602001039","Block 1039, Block Group 1, Census Tract 9602, Addison County, Vermont","15","14","1"
"1000000US500019602001040","Block 1040, Block Group 1, Census Tract 9602, Addison County, Vermont","8","8","0"
"1000000US500019602001041","Block 1041, Block Group 1, Census Tract 9602, Addison County, Vermont","0","0","0"
"1000000US500019602001042","Block 1042, Block Group 1, Census Tract 9602, Addison County, Vermont","0","0","0"
"1000000US500019602001043","Block 1043, Block Group 1, Census Tract 9602, Addison County, Vermont","0","0","0"
"1000000US500019602001044","Block 1044, Block Group 1, Census Tract 9602, Addison County, Vermont","0","0","0"
"1000000US500019602001045","Block 1045, Block Group 1, Census Tract 9602, Addison County, Vermont","0","0","0"
"1000000US500019602001046","Block 1046, Block Group 1, Census Tract 9602, Addison County, Vermont","0","0","0"
"1000000US500019602001047","Block 1047, Block Group 1, Census Tract 9602, Addison County, Vermont","21","20","1"
"1000000US500019602001048","Block 1048, Block Group 1, Census Tract 9602, Addison County, Vermont","17","17","0"
"1000000US500019602001049","Block 1049, Block Group 1, Census Tract 9602, Addison County, Vermont","0","0","0"
"1000000US500019602001050","Block 1050, Block Group 1, Census Tract 9602, Addison County, Vermont","1","1","0"
"1000000US500019602001051","Block 1051, Block Group 1, Census Tract 9602, Addison County, Vermont","2","2","0"
"1000000US500019602001052","Block 1052, Block Group 1, Census Tract 9602, Addison County, Vermont","0","0","0"
"1000000US500019602001053","Block 1053, Block Group 1, Census Tract 9602, Addison County, Vermont","0","0","0"
"1000000US500019602001054","Block 1054, Block Group 1, Census Tract 9602, Addison County, Vermont","0","0","0"
"1000000US500019602001055","Block 1055, Block Group 1, Census Tract 9602, Addison County, Vermont","5","5","0"
"1000000US500019602001056","Block 1056, Block Group 1, Census Tract 9602, Addison County, Vermont","9","9","0"
"1000000US500019602001057","Block 1057, Block Group 1, Census Tract 9602, Addison County, Vermont","0","0","0"
"1000000US500019602001058","Block 1058, Block Group 1, Census Tract 9602, Addison County, Vermont","1","1","0"
"1000000US500019602001059","Block 1059, Block Group 1, Census Tract 9602, Addison County, Vermont","0","0","0"
"1000000US500019602001060","Block 1060, Block Group 1, Census Tract 9602, Addison County, Vermont","40","38","2"
"1000000US500019602001061","Block 1061, Block Group 1, Census Tract 9602, Addison County, Vermont","0","0","0"
"1000000US500019602001062","Block 1062, Block Group 1, Census Tract 9602, Addison County, Vermont","0","0","0"
"1000000US500019602001063","Block 1063, Block Group 1, Census Tract 9602, Addison County, Vermont","4","2","2"
"1000000US500019602001064","Block 1064, Block Group 1, Census Tract 9602, Addison County, Vermont","3","3","0"
"1000000US500019602001065","Block 1065, Block Group 1, Census Tract 9602, Addison County, Vermont","1","1","0"
"1000000US500019602001066","Block 1066, Block Group 1, Census Tract 9602, Addison County, Vermont","0","0","0"
"1000000US500019602001067","Block 1067, Block Group 1, Census Tract 9602, Addison County, Vermont","0","0","0"
"1000000US500019602001068","Block 1068, Block Group 1, Census Tract 9602, Addison County, Vermont","0","0","0"
"1000000US500019602001069","Block 1069, Block Group 1, Census Tract 9602, Addison County, Vermont","0","0","0"
"1000000US500019602001070","Block 1070, Block Group 1, Census Tract 9602, Addison County, Vermont","0","0","0"
"1000000US500019602002000","Block 2000, Block Group 2, Census Tract 9602, Addison County, Vermont","24","22","2"
"1000000US500019602002001","Block 2001, Block Group 2, Census Tract 9602, Addison County, Vermont","3","3","0"
"1000000US500019602002002","Block 2002, Block Group 2, Census Tract 9602, Addison County, Vermont","3","3","0"
"1000000US500019602002003","Block 2003, Block Group 2, Census Tract 9602, Addison County, Vermont","1","1","0"
"1000000US500019602002004","Block 2004, Block Group 2, Census Tract 9602, Addison County, Vermont","4","4","0"
"1000000US500019602002005","Block 2005, Block Group 2, Census Tract 9602, Addison County, Vermont","0","0","0"
"1000000US500019602002006","Block 2006, Block Group 2, Census Tract 9602, Addison County, Vermont","81","18","63"
"1000000US500019602002007","Block 2007, Block Group 2, Census Tract 9602, Addison County, Vermont","9","3","6"
"1000000US500019602002008","Block 2008, Block Group 2, Census Tract 9602, Addison County, Vermont","5","2","3"
"1000000US500019602002009","Block 2009, Block Group 2, Census Tract 9602, Addison County, Vermont","0","0","0"
"1000000US500019602002010","Block 2010, Block Group 2, Census Tract 9602, Addison County, Vermont","0","0","0"
"1000000US500019602002011","Block 2011, Block Group 2, Census Tract 9602, Addison County, Vermont","0","0","0"
"1000000US500019602002012","Block 2012, Block Group 2, Census Tract 9602, Addison County, Vermont","1","0","1"
"1000000US500019602002013","Block 2013, Block Group 2, Census Tract 9602, Addison County, Vermont","2","2","0"
"1000000US500019602002014","Block 2014, Block Group 2, Census Tract 9602, Addison County, Vermont","12","10","2"
"1000000US500019602002015","Block 2015, Block Group 2, Census Tract 9602, Addison County, Vermont","0","0","0"
"1000000US500019602002016","Block 2016, Block Group 2, Census Tract 9602, Addison County, Vermont","57","12","45"
"1000000US500019602002017","Block 2017, Block Group 2, Census Tract 9602, Addison County, Vermont","4","4","0"
"1000000US500019602002018","Block 2018, Block Group 2, Census Tract 9602, Addison County, Vermont","0","0","0"
"1000000US500019602002019","Block 2019, Block Group 2, Census Tract 9602, Addison County, Vermont","0","0","0"
"1000000US500019602002020","Block 2020, Block Group 2, Census Tract 9602, Addison County, Vermont","31","24","7"
"1000000US500019602002021","Block 2021, Block Group 2, Census Tract 9602, Addison County, Vermont","0","0","0"
"1000000US500019602002022","Block 2022, Block Group 2, Census Tract 9602, Addison County, Vermont","0","0","0"
"1000000US500019602002023","Block 2023, Block Group 2, Census Tract 9602, Addison County, Vermont","78","17","61"
"1000000US500019602002024","Block 2024, Block Group 2, Census Tract 9602, Addison County, Vermont","55","7","48"
"1000000US500019602002025","Block 2025, Block Group 2, Census Tract 9602, Addison County, Vermont","0","0","0"
"1000000US500019602002026","Block 2026, Block Group 2, Census Tract 9602, Addison County, Vermont","21","15","6"
"1000000US500019602002027","Block 2027, Block Group 2, Census Tract 9602, Addison County, Vermont","14","4","10"
"1000000US500019602002028","Block 2028, Block Group 2, Census Tract 9602, Addison County, Vermont","11","2","9"
"1000000US500019602002029","Block 2029, Block Group 2, Census Tract 9602, Addison County, Vermont","42","17","25"
"1000000US500019602002030","Block 2030, Block Group 2, Census Tract 9602, Addison County, Vermont","24","9","15"
"1000000US500019602002031","Block 2031, Block Group 2, Census Tract 9602, Addison County, Vermont","0","0","0"
"1000000US500019602002032","Block 2032, Block Group 2, Census Tract 9602, Addison County, Vermont","0","0","0"
"1000000US500019602002033","Block 2033, Block Group 2, Census Tract 9602, Addison County, Vermont","31","29","2"
"1000000US500019602002034","Block 2034, Block Group 2, Census Tract 9602, Addison County, Vermont","0","0","0"
"1000000US500019602002035","Block 2035, Block Group 2, Census Tract 9602, Addison County, Vermont","0","0","0"
"1000000US500019602002036","Block 2036, Block Group 2, Census Tract 9602, Addison County, Vermont","0","0","0"
"1000000US500019602002037","Block 2037, Block Group 2, Census Tract 9602, Addison County, Vermont","0","0","0"
"1000000US500019602002038","Block 2038, Block Group 2, Census Tract 9602, Addison County, Vermont","0","0","0"
"1000000US500019602002039","Block 2039, Block Group 2, Census Tract 9602, Addison County, Vermont","9","6","3"
"1000000US500019602002040","Block 2040, Block Group 2, Census Tract 9602, Addison County, Vermont","21","20","1"
"1000000US500019602002041","Block 2041, Block Group 2, Census Tract 9602, Addison County, Vermont","0","0","0"
"1000000US500019602002042","Block 2042, Block Group 2, Census Tract 9602, Addison County, Vermont","0","0","0"
"1000000US500019602002043","Block 2043, Block Group 2, Census Tract 9602, Addison County, Vermont","0","0","0"
"1000000US500019602002044","Block 2044, Block Group 2, Census Tract 9602, Addison County, Vermont","0","0","0"
"1000000US500019602002045","Block 2045, Block Group 2, Census Tract 9602, Addison County, Vermont","19","17","2"
"1000000US500019602002046","Block 2046, Block Group 2, Census Tract 9602, Addison County, Vermont","0","0","0"
"1000000US500019602002047","Block 2047, Block Group 2, Census Tract 9602, Addison County, Vermont","7","6","1"
"1000000US500019602002048","Block 2048, Block Group 2, Census Tract 9602, Addison County, Vermont","7","6","1"
"1000000US500019602002049","Block 2049, Block Group 2, Census Tract 9602, Addison County, Vermont","0","0","0"
"1000000US500019602002050","Block 2050, Block Group 2, Census Tract 9602, Addison County, Vermont","0","0","0"
"1000000US500019602002051","Block 2051, Block Group 2, Census Tract 9602, Addison County, Vermont","20","17","3"
"1000000US500019602002052","Block 2052, Block Group 2, Census Tract 9602, Addison County, Vermont","0","0","0"
"1000000US500019602002053","Block 2053, Block Group 2, Census Tract 9602, Addison County, Vermont","33","32","1"
"1000000US500019602002054","Block 2054, Block Group 2, Census Tract 9602, Addison County, Vermont","11","11","0"
"1000000US500019602002055","Block 2055, Block Group 2, Census Tract 9602, Addison County, Vermont","12","10","2"
"1000000US500019602002056","Block 2056, Block Group 2, Census Tract 9602, Addison County, Vermont","11","11","0"
"1000000US500019602002057","Block 2057, Block Group 2, Census Tract 9602, Addison County, Vermont","0","0","0"
"1000000US500019602002058","Block 2058, Block Group 2, Census Tract 9602, Addison County, Vermont","0","0","0"
"1000000US500019602002059","Block 2059, Block Group 2, Census Tract 9602, Addison County, Vermont","8","8","0"
"1000000US500019602002060","Block 2060, Block Group 2, Census Tract 9602, Addison County, Vermont","6","6","0"
"1000000US500019602002061","Block 2061, Block Group 2, Census Tract 9602, Addison County, Vermont","3","3","0"
"1000000US500019602002062","Block 2062, Block Group 2, Census Tract 9602, Addison County, Vermont","0","0","0"
"1000000US500019602002063","Block 2063, Block Group 2, Census Tract 9602, Addison County, Vermont","0","0","0"
"1000000US500019602002064","Block 2064, Block Group 2, Census Tract 9602, Addison County, Vermont","33","32","1"
"1000000US500019602002065","Block 2065, Block Group 2, Census Tract 9602, Addison County, Vermont","3","3","0"
"1000000US500019602002066","Block 2066, Block Group 2, Census Tract 9602, Addison County, Vermont","0","0","0"
"1000000US500019602002067","Block 2067, Block Group 2, Census Tract 9602, Addison County, Vermont","5","5","0"
"1000000US500019602002068","Block 2068, Block Group 2, Census Tract 9602, Addison County, Vermont","18","17","1"
"1000000US500019602002069","Block 2069, Block Group 2, Census Tract 9602, Addison County, Vermont","0","0","0"
"1000000US500019602002070","Block 2070, Block Group 2, Census Tract 9602, Addison County, Vermont","6","5","1"
"1000000US500019602002071","Block 2071, Block Group 2, Census Tract 9602, Addison County, Vermont","19","19","0"
"1000000US500019602002072","Block 2072, Block Group 2, Census Tract 9602, Addison County, Vermont","15","14","1"
"1000000US500019602002073","Block 2073, Block Group 2, Census Tract 9602, Addison County, Vermont","6","6","0"
"1000000US500019602002074","Block 2074, Block Group 2, Census Tract 9602, Addison County, Vermont","0","0","0"
"1000000US500019602002075","Block 2075, Block Group 2, Census Tract 9602, Addison County, Vermont","0","0","0"
"1000000US500019602002076","Block 2076, Block Group 2, Census Tract 9602, Addison County, Vermont","0","0","0"
"1000000US500019602002077","Block 2077, Block Group 2, Census Tract 9602, Addison County, Vermont","10","10","0"
"1000000US500019602002078","Block 2078, Block Group 2, Census Tract 9602, Addison County, Vermont","0","0","0"
"1000000US500019602002079","Block 2079, Block Group 2, Census Tract 9602, Addison County, Vermont","2","2","0"
"1000000US500019602002080","Block 2080, Block Group 2, Census Tract 9602, Addison County, Vermont","0","0","0"
"1000000US500019602002081","Block 2081, Block Group 2, Census Tract 9602, Addison County, Vermont","3","3","0"
"1000000US500019602002082","Block 2082, Block Group 2, Census Tract 9602, Addison County, Vermont","0","0","0"
"1000000US500019602002083","Block 2083, Block Group 2, Census Tract 9602, Addison County, Vermont","0","0","0"
"1000000US500019602002084","Block 2084, Block Group 2, Census Tract 9602, Addison County, Vermont","0","0","0"
"1000000US500019602002085","Block 2085, Block Group 2, Census Tract 9602, Addison County, Vermont","13","10","3"
"1000000US500019602002086","Block 2086, Block Group 2, Census Tract 9602, Addison County, Vermont","17","16","1"
"1000000US500019602002087","Block 2087, Block Group 2, Census Tract 9602, Addison County, Vermont","0","0","0"
"1000000US500019602002088","Block 2088, Block Group 2, Census Tract 9602, Addison County, Vermont","0","0","0"
"1000000US500019602002089","Block 2089, Block Group 2, Census Tract 9602, Addison County, Vermont","0","0","0"
"1000000US500019602002090","Block 2090, Block Group 2, Census Tract 9602, Addison County, Vermont","6","6","0"
"1000000US500019602002091","Block 2091, Block Group 2, Census Tract 9602, Addison County, Vermont","0","0","0"
"1000000US500019602002092","Block 2092, Block Group 2, Census Tract 9602, Addison County, Vermont","0","0","0"
"1000000US500019602002093","Block 2093, Block Group 2, Census Tract 9602, Addison County, Vermont","0","0","0"
"1000000US500019602002094","Block 2094, Block Group 2, Census Tract 9602, Addison County, Vermont","7","4","3"
"1000000US500019602002095","Block 2095, Block Group 2, Census Tract 9602, Addison County, Vermont","5","3","2"
"1000000US500019602002096","Block 2096, Block Group 2, Census Tract 9602, Addison County, Vermont","0","0","0"
"1000000US500019602002097","Block 2097, Block Group 2, Census Tract 9602, Addison County, Vermont","0","0","0"
"1000000US500019602002098","Block 2098, Block Group 2, Census Tract 9602, Addison County, Vermont","0","0","0"
"1000000US500019602002099","Block 2099, Block Group 2, Census Tract 9602, Addison County, Vermont","0","0","0"
"1000000US500019602002100","Block 2100, Block Group 2, Census Tract 9602, Addison County, Vermont","0","0","0"
"1000000US500019602002101","Block 2101, Block Group 2, Census Tract 9602, Addison County, Vermont","0","0","0"
"1000000US500019602002102","Block 2102, Block Group 2, Census Tract 9602, Addison County, Vermont","0","0","0"
"1000000US500019602002103","Block 2103, Block Group 2, Census Tract 9602, Addison County, Vermont","0","0","0"
"1000000US500019602002104","Block 2104, Block Group 2, Census Tract 9602, Addison County, Vermont","3","2","1"
"1000000US500019602002105","Block 2105, Block Group 2, Census Tract 9602, Addison County, Vermont","0","0","0"
"1000000US500019602002106","Block 2106, Block Group 2, Census Tract 9602, Addison County, Vermont","1","1","0"
"1000000US500019602002107","Block 2107, Block Group 2, Census Tract 9602, Addison County, Vermont","0","0","0"
"1000000US500019602002108","Block 2108, Block Group 2, Census Tract 9602, Addison County, Vermont","0","0","0"
"1000000US500019602002109","Block 2109, Block Group 2, Census Tract 9602, Addison County, Vermont","0","0","0"
"1000000US500019602002110","Block 2110, Block Group 2, Census Tract 9602, Addison County, Vermont","0","0","0"
"1000000US500019602002111","Block 2111, Block Group 2, Census Tract 9602, Addison County, Vermont","0","0","0"
"1000000US500019602002112","Block 2112, Block Group 2, Census Tract 9602, Addison County, Vermont","14","12","2"
"1000000US500019602002113","Block 2113, Block Group 2, Census Tract 9602, Addison County, Vermont","0","0","0"
"1000000US500019602002114","Block 2114, Block Group 2, Census Tract 9602, Addison County, Vermont","14","14","0"
"1000000US500019602002115","Block 2115, Block Group 2, Census Tract 9602, Addison County, Vermont","4","4","0"
"1000000US500019602002116","Block 2116, Block Group 2, Census Tract 9602, Addison County, Vermont","0","0","0"
"1000000US500019602002117","Block 2117, Block Group 2, Census Tract 9602, Addison County, Vermont","0","0","0"
"1000000US500019602002118","Block 2118, Block Group 2, Census Tract 9602, Addison County, Vermont","27","17","10"
"1000000US500019602002119","Block 2119, Block Group 2, Census Tract 9602, Addison County, Vermont","0","0","0"
"1000000US500019602002120","Block 2120, Block Group 2, Census Tract 9602, Addison County, Vermont","0","0","0"
"1000000US500019602002121","Block 2121, Block Group 2, Census Tract 9602, Addison County, Vermont","0","0","0"
"1000000US500019602002122","Block 2122, Block Group 2, Census Tract 9602, Addison County, Vermont","0","0","0"
"1000000US500019602002123","Block 2123, Block Group 2, Census Tract 9602, Addison County, Vermont","0","0","0"
"1000000US500019603001000","Block 1000, Block Group 1, Census Tract 9603, Addison County, Vermont","68","61","7"
"1000000US500019603001001","Block 1001, Block Group 1, Census Tract 9603, Addison County, Vermont","10","9","1"
"1000000US500019603001002","Block 1002, Block Group 1, Census Tract 9603, Addison County, Vermont","4","4","0"
"1000000US500019603001003","Block 1003, Block Group 1, Census Tract 9603, Addison County, Vermont","1","1","0"
"1000000US500019603001004","Block 1004, Block Group 1, Census Tract 9603, Addison County, Vermont","0","0","0"
"1000000US500019603001005","Block 1005, Block Group 1, Census Tract 9603, Addison County, Vermont","0","0","0"
"1000000US500019603001006","Block 1006, Block Group 1, Census Tract 9603, Addison County, Vermont","21","20","1"
"1000000US500019603001007","Block 1007, Block Group 1, Census Tract 9603, Addison County, Vermont","13","12","1"
"1000000US500019603001008","Block 1008, Block Group 1, Census Tract 9603, Addison County, Vermont","0","0","0"
"1000000US500019603001009","Block 1009, Block Group 1, Census Tract 9603, Addison County, Vermont","0","0","0"
"1000000US500019603001010","Block 1010, Block Group 1, Census Tract 9603, Addison County, Vermont","0","0","0"
"1000000US500019603001011","Block 1011, Block Group 1, Census Tract 9603, Addison County, Vermont","0","0","0"
"1000000US500019603001012","Block 1012, Block Group 1, Census Tract 9603, Addison County, Vermont","0","0","0"
"1000000US500019603001013","Block 1013, Block Group 1, Census Tract 9603, Addison County, Vermont","0","0","0"
"1000000US500019603001014","Block 1014, Block Group 1, Census Tract 9603, Addison County, Vermont","26","24","2"
"1000000US500019603001015","Block 1015, Block Group 1, Census Tract 9603, Addison County, Vermont","0","0","0"
"1000000US500019603001016","Block 1016, Block Group 1, Census Tract 9603, Addison County, Vermont","4","4","0"
"1000000US500019603001017","Block 1017, Block Group 1, Census Tract 9603, Addison County, Vermont","0","0","0"
"1000000US500019603001018","Block 1018, Block Group 1, Census Tract 9603, Addison County, Vermont","41","39","2"
"1000000US500019603001019","Block 1019, Block Group 1, Census Tract 9603, Addison County, Vermont","12","12","0"
"1000000US500019603001020","Block 1020, Block Group 1, Census Tract 9603, Addison County, Vermont","31","31","0"
"1000000US500019603001021","Block 1021, Block Group 1, Census Tract 9603, Addison County, Vermont","0","0","0"
"1000000US500019603001022","Block 1022, Block Group 1, Census Tract 9603, Addison County, Vermont","4","2","2"
"1000000US500019603001023","Block 1023, Block Group 1, Census Tract 9603, Addison County, Vermont","37","31","6"
"1000000US500019603001024","Block 1024, Block Group 1, Census Tract 9603, Addison County, Vermont","8","7","1"
"1000000US500019603001025","Block 1025, Block Group 1, Census Tract 9603, Addison County, Vermont","12","11","1"
"1000000US500019603001026","Block 1026, Block Group 1, Census Tract 9603, Addison County, Vermont","4","3","1"
"1000000US500019603001027","Block 1027, Block Group 1, Census Tract 9603, Addison County, Vermont","20","16","4"
"1000000US500019603002000","Block 2000, Block Group 2, Census Tract 9603, Addison County, Vermont","4","4","0"
"1000000US500019603002001","Block 2001, Block Group 2, Census Tract 9603, Addison County, Vermont","0","0","0"
"1000000US500019603002002","Block 2002, Block Group 2, Census Tract 9603, Addison County, Vermont","0","0","0"
"1000000US500019603002003","Block 2003, Block Group 2, Census Tract 9603, Addison County, Vermont","21","20","1"
"1000000US500019603002004","Block 2004, Block Group 2, Census Tract 9603, Addison County, Vermont","10","10","0"
"1000000US500019603002005","Block 2005, Block Group 2, Census Tract 9603, Addison County, Vermont","0","0","0"
"1000000US500019603002006","Block 2006, Block Group 2, Census Tract 9603, Addison County, Vermont","4","4","0"
"1000000US500019603002007","Block 2007, Block Group 2, Census Tract 9603, Addison County, Vermont","119","111","8"
"1000000US500019603002008","Block 2008, Block Group 2, Census Tract 9603, Addison County, Vermont","0","0","0"
"1000000US500019603002009","Block 2009, Block Group 2, Census Tract 9603, Addison County, Vermont","25","24","1"
"1000000US500019603002010","Block 2010, Block Group 2, Census Tract 9603, Addison County, Vermont","15","12","3"
"1000000US500019603002011","Block 2011, Block Group 2, Census Tract 9603, Addison County, Vermont","4","4","0"
"1000000US500019603002012","Block 2012, Block Group 2, Census Tract 9603, Addison County, Vermont","7","6","1"
"1000000US500019603002013","Block 2013, Block Group 2, Census Tract 9603, Addison County, Vermont","1","1","0"
"1000000US500019603002014","Block 2014, Block Group 2, Census Tract 9603, Addison County, Vermont","23","21","2"
"1000000US500019603002015","Block 2015, Block Group 2, Census Tract 9603, Addison County, Vermont","19","17","2"
"1000000US500019603002016","Block 2016, Block Group 2, Census Tract 9603, Addison County, Vermont","3","2","1"
"1000000US500019603002017","Block 2017, Block Group 2, Census Tract 9603, Addison County, Vermont","15","15","0"
"1000000US500019603002018","Block 2018, Block Group 2, Census Tract 9603, Addison County, Vermont","0","0","0"
"1000000US500019603002019","Block 2019, Block Group 2, Census Tract 9603, Addison County, Vermont","8","7","1"
"1000000US500019603002020","Block 2020, Block Group 2, Census Tract 9603, Addison County, Vermont","20","17","3"
"1000000US500019603002021","Block 2021, Block Group 2, Census Tract 9603, Addison County, Vermont","68","62","6"
"1000000US500019603002022","Block 2022, Block Group 2, Census Tract 9603, Addison County, Vermont","29","27","2"
"1000000US500019603002023","Block 2023, Block Group 2, Census Tract 9603, Addison County, Vermont","1","1","0"
"1000000US500019603002024","Block 2024, Block Group 2, Census Tract 9603, Addison County, Vermont","15","13","2"
"1000000US500019603002025","Block 2025, Block Group 2, Census Tract 9603, Addison County, Vermont","19","18","1"
"1000000US500019603002026","Block 2026, Block Group 2, Census Tract 9603, Addison County, Vermont","21","16","5"
"1000000US500019603002027","Block 2027, Block Group 2, Census Tract 9603, Addison County, Vermont","10","10","0"
"1000000US500019603002028","Block 2028, Block Group 2, Census Tract 9603, Addison County, Vermont","86","81","5"
"1000000US500019603002029","Block 2029, Block Group 2, Census Tract 9603, Addison County, Vermont","10","10","0"
"1000000US500019603002030","Block 2030, Block Group 2, Census Tract 9603, Addison County, Vermont","12","11","1"
"1000000US500019603002031","Block 2031, Block Group 2, Census Tract 9603, Addison County, Vermont","29","29","0"
"1000000US500019603002032","Block 2032, Block Group 2, Census Tract 9603, Addison County, Vermont","57","55","2"
"1000000US500019603002033","Block 2033, Block Group 2, Census Tract 9603, Addison County, Vermont","0","0","0"
"1000000US500019603002034","Block 2034, Block Group 2, Census Tract 9603, Addison County, Vermont","0","0","0"
"1000000US500019603002035","Block 2035, Block Group 2, Census Tract 9603, Addison County, Vermont","75","74","1"
"1000000US500019603002036","Block 2036, Block Group 2, Census Tract 9603, Addison County, Vermont","18","17","1"
"1000000US500019603002037","Block 2037, Block Group 2, Census Tract 9603, Addison County, Vermont","8","8","0"
"1000000US500019603002038","Block 2038, Block Group 2, Census Tract 9603, Addison County, Vermont","0","0","0"
"1000000US500019603002039","Block 2039, Block Group 2, Census Tract 9603, Addison County, Vermont","0","0","0"
"1000000US500019604001000","Block 1000, Block Group 1, Census Tract 9604, Addison County, Vermont","3","3","0"
"1000000US500019604001001","Block 1001, Block Group 1, Census Tract 9604, Addison County, Vermont","2","2","0"
"1000000US500019604001002","Block 1002, Block Group 1, Census Tract 9604, Addison County, Vermont","1","1","0"
"1000000US500019604001003","Block 1003, Block Group 1, Census Tract 9604, Addison County, Vermont","14","14","0"
"1000000US500019604001004","Block 1004, Block Group 1, Census Tract 9604, Addison County, Vermont","0","0","0"
"1000000US500019604001005","Block 1005, Block Group 1, Census Tract 9604, Addison County, Vermont","5","5","0"
"1000000US500019604001006","Block 1006, Block Group 1, Census Tract 9604, Addison County, Vermont","4","4","0"
"1000000US500019604001007","Block 1007, Block Group 1, Census Tract 9604, Addison County, Vermont","2","2","0"
"1000000US500019604001008","Block 1008, Block Group 1, Census Tract 9604, Addison County, Vermont","0","0","0"
"1000000US500019604001009","Block 1009, Block Group 1, Census Tract 9604, Addison County, Vermont","0","0","0"
"1000000US500019604001010","Block 1010, Block Group 1, Census Tract 9604, Addison County, Vermont","32","28","4"
"1000000US500019604001011","Block 1011, Block Group 1, Census Tract 9604, Addison County, Vermont","0","0","0"
"1000000US500019604001012","Block 1012, Block Group 1, Census Tract 9604, Addison County, Vermont","0","0","0"
"1000000US500019604001013","Block 1013, Block Group 1, Census Tract 9604, Addison County, Vermont","1","1","0"
"1000000US500019604001014","Block 1014, Block Group 1, Census Tract 9604, Addison County, Vermont","0","0","0"
"1000000US500019604001015","Block 1015, Block Group 1, Census Tract 9604, Addison County, Vermont","0","0","0"
"1000000US500019604001016","Block 1016, Block Group 1, Census Tract 9604, Addison County, Vermont","6","5","1"
"1000000US500019604001017","Block 1017, Block Group 1, Census Tract 9604, Addison County, Vermont","1","1","0"
"1000000US500019604001018","Block 1018, Block Group 1, Census Tract 9604, Addison County, Vermont","0","0","0"
"1000000US500019604001019","Block 1019, Block Group 1, Census Tract 9604, Addison County, Vermont","1","1","0"
"1000000US500019604001020","Block 1020, Block Group 1, Census Tract 9604, Addison County, Vermont","3","3","0"
"1000000US500019604001021","Block 1021, Block Group 1, Census Tract 9604, Addison County, Vermont","7","7","0"
"1000000US500019604001022","Block 1022, Block Group 1, Census Tract 9604, Addison County, Vermont","0","0","0"
"1000000US500019604001023","Block 1023, Block Group 1, Census Tract 9604, Addison County, Vermont","0","0","0"
"1000000US500019604001024","Block 1024, Block Group 1, Census Tract 9604, Addison County, Vermont","0","0","0"
"1000000US500019604001025","Block 1025, Block Group 1, Census Tract 9604, Addison County, Vermont","0","0","0"
"1000000US500019604001026","Block 1026, Block Group 1, Census Tract 9604, Addison County, Vermont","0","0","0"
"1000000US500019604001027","Block 1027, Block Group 1, Census Tract 9604, Addison County, Vermont","0","0","0"
"1000000US500019604001028","Block 1028, Block Group 1, Census Tract 9604, Addison County, Vermont","6","3","3"
"1000000US500019604001029","Block 1029, Block Group 1, Census Tract 9604, Addison County, Vermont","26","22","4"
"1000000US500019604001030","Block 1030, Block Group 1, Census Tract 9604, Addison County, Vermont","3","3","0"
"1000000US500019604001031","Block 1031, Block Group 1, Census Tract 9604, Addison County, Vermont","0","0","0"
"1000000US500019604001032","Block 1032, Block Group 1, Census Tract 9604, Addison County, Vermont","0","0","0"
"1000000US500019604001033","Block 1033, Block Group 1, Census Tract 9604, Addison County, Vermont","0","0","0"
"1000000US500019604001034","Block 1034, Block Group 1, Census Tract 9604, Addison County, Vermont","7","7","0"
"1000000US500019604001035","Block 1035, Block Group 1, Census Tract 9604, Addison County, Vermont","63","60","3"
"1000000US500019604001036","Block 1036, Block Group 1, Census Tract 9604, Addison County, Vermont","0","0","0"
"1000000US500019604001037","Block 1037, Block Group 1, Census Tract 9604, Addison County, Vermont","0","0","0"
"1000000US500019604001038","Block 1038, Block Group 1, Census Tract 9604, Addison County, Vermont","0","0","0"
"1000000US500019604001039","Block 1039, Block Group 1, Census Tract 9604, Addison County, Vermont","0","0","0"
"1000000US500019604001040","Block 1040, Block Group 1, Census Tract 9604, Addison County, Vermont","19","17","2"
"1000000US500019604001041","Block 1041, Block Group 1, Census Tract 9604, Addison County, Vermont","0","0","0"
"1000000US500019604001042","Block 1042, Block Group 1, Census Tract 9604, Addison County, Vermont","0","0","0"
"1000000US500019604001043","Block 1043, Block Group 1, Census Tract 9604, Addison County, Vermont","0","0","0"
"1000000US500019604001044","Block 1044, Block Group 1, Census Tract 9604, Addison County, Vermont","60","57","3"
"1000000US500019604001045","Block 1045, Block Group 1, Census Tract 9604, Addison County, Vermont","0","0","0"
"1000000US500019604001046","Block 1046, Block Group 1, Census Tract 9604, Addison County, Vermont","0","0","0"
"1000000US500019604001047","Block 1047, Block Group 1, Census Tract 9604, Addison County, Vermont","113","108","5"
"1000000US500019604001048","Block 1048, Block Group 1, Census Tract 9604, Addison County, Vermont","0","0","0"
"1000000US500019604001049","Block 1049, Block Group 1, Census Tract 9604, Addison County, Vermont","33","33","0"
"1000000US500019604001050","Block 1050, Block Group 1, Census Tract 9604, Addison County, Vermont","1","1","0"
"1000000US500019604001051","Block 1051, Block Group 1, Census Tract 9604, Addison County, Vermont","5","5","0"
"1000000US500019604001052","Block 1052, Block Group 1, Census Tract 9604, Addison County, Vermont","5","5","0"
"1000000US500019604001053","Block 1053, Block Group 1, Census Tract 9604, Addison County, Vermont","0","0","0"
"1000000US500019604001054","Block 1054, Block Group 1, Census Tract 9604, Addison County, Vermont","31","29","2"
"1000000US500019604001055","Block 1055, Block Group 1, Census Tract 9604, Addison County, Vermont","1","1","0"
"1000000US500019604001056","Block 1056, Block Group 1, Census Tract 9604, Addison County, Vermont","6","6","0"
"1000000US500019604001057","Block 1057, Block Group 1, Census Tract 9604, Addison County, Vermont","20","19","1"
"1000000US500019604001058","Block 1058, Block Group 1, Census Tract 9604, Addison County, Vermont","0","0","0"
"1000000US500019604001059","Block 1059, Block Group 1, Census Tract 9604, Addison County, Vermont","1","1","0"
"1000000US500019604001060","Block 1060, Block Group 1, Census Tract 9604, Addison County, Vermont","0","0","0"
"1000000US500019604001061","Block 1061, Block Group 1, Census Tract 9604, Addison County, Vermont","5","5","0"
"1000000US500019604001062","Block 1062, Block Group 1, Census Tract 9604, Addison County, Vermont","6","6","0"
"1000000US500019604001063","Block 1063, Block Group 1, Census Tract 9604, Addison County, Vermont","20","19","1"
"1000000US500019604001064","Block 1064, Block Group 1, Census Tract 9604, Addison County, Vermont","0","0","0"
"1000000US500019604001065","Block 1065, Block Group 1, Census Tract 9604, Addison County, Vermont","0","0","0"
"1000000US500019604001066","Block 1066, Block Group 1, Census Tract 9604, Addison County, Vermont","0","0","0"
"1000000US500019604001067","Block 1067, Block Group 1, Census Tract 9604, Addison County, Vermont","3","3","0"
"1000000US500019604001068","Block 1068, Block Group 1, Census Tract 9604, Addison County, Vermont","4","4","0"
"1000000US500019604001069","Block 1069, Block Group 1, Census Tract 9604, Addison County, Vermont","31","25","6"
"1000000US500019604001070","Block 1070, Block Group 1, Census Tract 9604, Addison County, Vermont","0","0","0"
"1000000US500019604001071","Block 1071, Block Group 1, Census Tract 9604, Addison County, Vermont","0","0","0"
"1000000US500019604001072","Block 1072, Block Group 1, Census Tract 9604, Addison County, Vermont","0","0","0"
"1000000US500019604001073","Block 1073, Block Group 1, Census Tract 9604, Addison County, Vermont","2","2","0"
"1000000US500019604001074","Block 1074, Block Group 1, Census Tract 9604, Addison County, Vermont","8","8","0"
"1000000US500019604001075","Block 1075, Block Group 1, Census Tract 9604, Addison County, Vermont","5","5","0"
"1000000US500019604001076","Block 1076, Block Group 1, Census Tract 9604, Addison County, Vermont","0","0","0"
"1000000US500019604001077","Block 1077, Block Group 1, Census Tract 9604, Addison County, Vermont","29","28","1"
"1000000US500019604001078","Block 1078, Block Group 1, Census Tract 9604, Addison County, Vermont","0","0","0"
"1000000US500019604001079","Block 1079, Block Group 1, Census Tract 9604, Addison County, Vermont","0","0","0"
"1000000US500019604001080","Block 1080, Block Group 1, Census Tract 9604, Addison County, Vermont","30","29","1"
"1000000US500019604001081","Block 1081, Block Group 1, Census Tract 9604, Addison County, Vermont","1","1","0"
"1000000US500019604001082","Block 1082, Block Group 1, Census Tract 9604, Addison County, Vermont","0","0","0"
"1000000US500019604001083","Block 1083, Block Group 1, Census Tract 9604, Addison County, Vermont","6","5","1"
"1000000US500019604001084","Block 1084, Block Group 1, Census Tract 9604, Addison County, Vermont","0","0","0"
"1000000US500019604001085","Block 1085, Block Group 1, Census Tract 9604, Addison County, Vermont","3","3","0"
"1000000US500019604001086","Block 1086, Block Group 1, Census Tract 9604, Addison County, Vermont","15","15","0"
"1000000US500019604001087","Block 1087, Block Group 1, Census Tract 9604, Addison County, Vermont","28","26","2"
"1000000US500019604001088","Block 1088, Block Group 1, Census Tract 9604, Addison County, Vermont","0","0","0"
"1000000US500019604001089","Block 1089, Block Group 1, Census Tract 9604, Addison County, Vermont","4","4","0"
"1000000US500019604001090","Block 1090, Block Group 1, Census Tract 9604, Addison County, Vermont","10","9","1"
"1000000US500019604001091","Block 1091, Block Group 1, Census Tract 9604, Addison County, Vermont","8","8","0"
"1000000US500019604001092","Block 1092, Block Group 1, Census Tract 9604, Addison County, Vermont","0","0","0"
"1000000US500019604001093","Block 1093, Block Group 1, Census Tract 9604, Addison County, Vermont","0","0","0"
"1000000US500019604001094","Block 1094, Block Group 1, Census Tract 9604, Addison County, Vermont","3","3","0"
"1000000US500019604001095","Block 1095, Block Group 1, Census Tract 9604, Addison County, Vermont","1","1","0"
"1000000US500019604001096","Block 1096, Block Group 1, Census Tract 9604, Addison County, Vermont","4","3","1"
"1000000US500019604001097","Block 1097, Block Group 1, Census Tract 9604, Addison County, Vermont","0","0","0"
"1000000US500019604001098","Block 1098, Block Group 1, Census Tract 9604, Addison County, Vermont","0","0","0"
"1000000US500019604001099","Block 1099, Block Group 1, Census Tract 9604, Addison County, Vermont","0","0","0"
"1000000US500019604001100","Block 1100, Block Group 1, Census Tract 9604, Addison County, Vermont","0","0","0"
"1000000US500019604001101","Block 1101, Block Group 1, Census Tract 9604, Addison County, Vermont","2","1","1"
"1000000US500019604001102","Block 1102, Block Group 1, Census Tract 9604, Addison County, Vermont","4","4","0"
"1000000US500019604001103","Block 1103, Block Group 1, Census Tract 9604, Addison County, Vermont","15","14","1"
"1000000US500019604001104","Block 1104, Block Group 1, Census Tract 9604, Addison County, Vermont","2","2","0"
"1000000US500019604001105","Block 1105, Block Group 1, Census Tract 9604, Addison County, Vermont","0","0","0"
"1000000US500019604001106","Block 1106, Block Group 1, Census Tract 9604, Addison County, Vermont","2","2","0"
"1000000US500019604001107","Block 1107, Block Group 1, Census Tract 9604, Addison County, Vermont","0","0","0"
"1000000US500019604001108","Block 1108, Block Group 1, Census Tract 9604, Addison County, Vermont","0","0","0"
"1000000US500019604001109","Block 1109, Block Group 1, Census Tract 9604, Addison County, Vermont","0","0","0"
"1000000US500019604001110","Block 1110, Block Group 1, Census Tract 9604, Addison County, Vermont","0","0","0"
"1000000US500019604001111","Block 1111, Block Group 1, Census Tract 9604, Addison County, Vermont","0","0","0"
"1000000US500019604001112","Block 1112, Block Group 1, Census Tract 9604, Addison County, Vermont","0","0","0"
"1000000US500019604001113","Block 1113, Block Group 1, Census Tract 9604, Addison County, Vermont","0","0","0"
"1000000US500019604002000","Block 2000, Block Group 2, Census Tract 9604, Addison County, Vermont","0","0","0"
"1000000US500019604002001","Block 2001, Block Group 2, Census Tract 9604, Addison County, Vermont","11","11","0"
"1000000US500019604002002","Block 2002, Block Group 2, Census Tract 9604, Addison County, Vermont","0","0","0"
"1000000US500019604002003","Block 2003, Block Group 2, Census Tract 9604, Addison County, Vermont","41","41","0"
"1000000US500019604002004","Block 2004, Block Group 2, Census Tract 9604, Addison County, Vermont","0","0","0"
"1000000US500019604002005","Block 2005, Block Group 2, Census Tract 9604, Addison County, Vermont","22","21","1"
"1000000US500019604002006","Block 2006, Block Group 2, Census Tract 9604, Addison County, Vermont","37","36","1"
"1000000US500019604002007","Block 2007, Block Group 2, Census Tract 9604, Addison County, Vermont","76","73","3"
"1000000US500019604002008","Block 2008, Block Group 2, Census Tract 9604, Addison County, Vermont","0","0","0"
"1000000US500019604002009","Block 2009, Block Group 2, Census Tract 9604, Addison County, Vermont","34","19","15"
"1000000US500019604002010","Block 2010, Block Group 2, Census Tract 9604, Addison County, Vermont","0","0","0"
"1000000US500019604002011","Block 2011, Block Group 2, Census Tract 9604, Addison County, Vermont","0","0","0"
"1000000US500019604002012","Block 2012, Block Group 2, Census Tract 9604, Addison County, Vermont","0","0","0"
"1000000US500019604002013","Block 2013, Block Group 2, Census Tract 9604, Addison County, Vermont","0","0","0"
"1000000US500019604002014","Block 2014, Block Group 2, Census Tract 9604, Addison County, Vermont","0","0","0"
"1000000US500019604002015","Block 2015, Block Group 2, Census Tract 9604, Addison County, Vermont","0","0","0"
"1000000US500019604002016","Block 2016, Block Group 2, Census Tract 9604, Addison County, Vermont","4","4","0"
"1000000US500019604002017","Block 2017, Block Group 2, Census Tract 9604, Addison County, Vermont","27","27","0"
"1000000US500019604002018","Block 2018, Block Group 2, Census Tract 9604, Addison County, Vermont","42","40","2"
"1000000US500019604002019","Block 2019, Block Group 2, Census Tract 9604, Addison County, Vermont","0","0","0"
"1000000US500019604002020","Block 2020, Block Group 2, Census Tract 9604, Addison County, Vermont","0","0","0"
"1000000US500019604002021","Block 2021, Block Group 2, Census Tract 9604, Addison County, Vermont","15","14","1"
"1000000US500019604002022","Block 2022, Block Group 2, Census Tract 9604, Addison County, Vermont","0","0","0"
"1000000US500019604002023","Block 2023, Block Group 2, Census Tract 9604, Addison County, Vermont","0","0","0"
"1000000US500019604002024","Block 2024, Block Group 2, Census Tract 9604, Addison County, Vermont","0","0","0"
"1000000US500019604002025","Block 2025, Block Group 2, Census Tract 9604, Addison County, Vermont","0","0","0"
"1000000US500019604002026","Block 2026, Block Group 2, Census Tract 9604, Addison County, Vermont","0","0","0"
"1000000US500019604002027","Block 2027, Block Group 2, Census Tract 9604, Addison County, Vermont","10","10","0"
"1000000US500019604002028","Block 2028, Block Group 2, Census Tract 9604, Addison County, Vermont","1","1","0"
"1000000US500019604002029","Block 2029, Block Group 2, Census Tract 9604, Addison County, Vermont","20","19","1"
"1000000US500019604002030","Block 2030, Block Group 2, Census Tract 9604, Addison County, Vermont","7","7","0"
"1000000US500019604002031","Block 2031, Block Group 2, Census Tract 9604, Addison County, Vermont","0","0","0"
"1000000US500019604002032","Block 2032, Block Group 2, Census Tract 9604, Addison County, Vermont","1","1","0"
"1000000US500019604002033","Block 2033, Block Group 2, Census Tract 9604, Addison County, Vermont","0","0","0"
"1000000US500019604002034","Block 2034, Block Group 2, Census Tract 9604, Addison County, Vermont","0","0","0"
"1000000US500019604002035","Block 2035, Block Group 2, Census Tract 9604, Addison County, Vermont","24","23","1"
"1000000US500019604002036","Block 2036, Block Group 2, Census Tract 9604, Addison County, Vermont","0","0","0"
"1000000US500019604002037","Block 2037, Block Group 2, Census Tract 9604, Addison County, Vermont","0","0","0"
"1000000US500019604002038","Block 2038, Block Group 2, Census Tract 9604, Addison County, Vermont","0","0","0"
"1000000US500019604002039","Block 2039, Block Group 2, Census Tract 9604, Addison County, Vermont","0","0","0"
"1000000US500019604002040","Block 2040, Block Group 2, Census Tract 9604, Addison County, Vermont","11","11","0"
"1000000US500019604002041","Block 2041, Block Group 2, Census Tract 9604, Addison County, Vermont","0","0","0"
"1000000US500019604002042","Block 2042, Block Group 2, Census Tract 9604, Addison County, Vermont","0","0","0"
"1000000US500019604002043","Block 2043, Block Group 2, Census Tract 9604, Addison County, Vermont","0","0","0"
"1000000US500019604002044","Block 2044, Block Group 2, Census Tract 9604, Addison County, Vermont","0","0","0"
"1000000US500019604002045","Block 2045, Block Group 2, Census Tract 9604, Addison County, Vermont","0","0","0"
"1000000US500019604002046","Block 2046, Block Group 2, Census Tract 9604, Addison County, Vermont","4","4","0"
"1000000US500019604002047","Block 2047, Block Group 2, Census Tract 9604, Addison County, Vermont","1","1","0"
"1000000US500019604002048","Block 2048, Block Group 2, Census Tract 9604, Addison County, Vermont","0","0","0"
"1000000US500019604002049","Block 2049, Block Group 2, Census Tract 9604, Addison County, Vermont","0","0","0"
"1000000US500019604002050","Block 2050, Block Group 2, Census Tract 9604, Addison County, Vermont","0","0","0"
"1000000US500019604002051","Block 2051, Block Group 2, Census Tract 9604, Addison County, Vermont","0","0","0"
"1000000US500019604002052","Block 2052, Block Group 2, Census Tract 9604, Addison County, Vermont","0","0","0"
"1000000US500019604002053","Block 2053, Block Group 2, Census Tract 9604, Addison County, Vermont","0","0","0"
"1000000US500019604002054","Block 2054, Block Group 2, Census Tract 9604, Addison County, Vermont","2","2","0"
"1000000US500019604002055","Block 2055, Block Group 2, Census Tract 9604, Addison County, Vermont","1","1","0"
"1000000US500019604002056","Block 2056, Block Group 2, Census Tract 9604, Addison County, Vermont","0","0","0"
"1000000US500019604002057","Block 2057, Block Group 2, Census Tract 9604, Addison County, Vermont","13","13","0"
"1000000US500019604002058","Block 2058, Block Group 2, Census Tract 9604, Addison County, Vermont","0","0","0"
"1000000US500019604002059","Block 2059, Block Group 2, Census Tract 9604, Addison County, Vermont","0","0","0"
"1000000US500019604002060","Block 2060, Block Group 2, Census Tract 9604, Addison County, Vermont","30","28","2"
"1000000US500019604002061","Block 2061, Block Group 2, Census Tract 9604, Addison County, Vermont","0","0","0"
"1000000US500019604002062","Block 2062, Block Group 2, Census Tract 9604, Addison County, Vermont","17","15","2"
"1000000US500019604002063","Block 2063, Block Group 2, Census Tract 9604, Addison County, Vermont","0","0","0"
"1000000US500019604002064","Block 2064, Block Group 2, Census Tract 9604, Addison County, Vermont","12","12","0"
"1000000US500019604002065","Block 2065, Block Group 2, Census Tract 9604, Addison County, Vermont","14","6","8"
"1000000US500019604002066","Block 2066, Block Group 2, Census Tract 9604, Addison County, Vermont","0","0","0"
"1000000US500019604002067","Block 2067, Block Group 2, Census Tract 9604, Addison County, Vermont","0","0","0"
"1000000US500019604002068","Block 2068, Block Group 2, Census Tract 9604, Addison County, Vermont","0","0","0"
"1000000US500019604002069","Block 2069, Block Group 2, Census Tract 9604, Addison County, Vermont","0","0","0"
"1000000US500019604002070","Block 2070, Block Group 2, Census Tract 9604, Addison County, Vermont","0","0","0"
"1000000US500019604002071","Block 2071, Block Group 2, Census Tract 9604, Addison County, Vermont","7","3","4"
"1000000US500019604002072","Block 2072, Block Group 2, Census Tract 9604, Addison County, Vermont","0","0","0"
"1000000US500019604002073","Block 2073, Block Group 2, Census Tract 9604, Addison County, Vermont","0","0","0"
"1000000US500019604002074","Block 2074, Block Group 2, Census Tract 9604, Addison County, Vermont","1","0","1"
"1000000US500019604002075","Block 2075, Block Group 2, Census Tract 9604, Addison County, Vermont","7","3","4"
"1000000US500019604002076","Block 2076, Block Group 2, Census Tract 9604, Addison County, Vermont","4","1","3"
"1000000US500019604002077","Block 2077, Block Group 2, Census Tract 9604, Addison County, Vermont","25","16","9"
"1000000US500019604002078","Block 2078, Block Group 2, Census Tract 9604, Addison County, Vermont","0","0","0"
"1000000US500019604002079","Block 2079, Block Group 2, Census Tract 9604, Addison County, Vermont","0","0","0"
"1000000US500019604002080","Block 2080, Block Group 2, Census Tract 9604, Addison County, Vermont","8","8","0"
"1000000US500019604002081","Block 2081, Block Group 2, Census Tract 9604, Addison County, Vermont","0","0","0"
"1000000US500019604003000","Block 3000, Block Group 3, Census Tract 9604, Addison County, Vermont","0","0","0"
"1000000US500019604003001","Block 3001, Block Group 3, Census Tract 9604, Addison County, Vermont","1","1","0"
"1000000US500019604003002","Block 3002, Block Group 3, Census Tract 9604, Addison County, Vermont","0","0","0"
"1000000US500019604003003","Block 3003, Block Group 3, Census Tract 9604, Addison County, Vermont","15","12","3"
"1000000US500019604003004","Block 3004, Block Group 3, Census Tract 9604, Addison County, Vermont","0","0","0"
"1000000US500019604003005","Block 3005, Block Group 3, Census Tract 9604, Addison County, Vermont","0","0","0"
"1000000US500019604003006","Block 3006, Block Group 3, Census Tract 9604, Addison County, Vermont","10","9","1"
"1000000US500019604003007","Block 3007, Block Group 3, Census Tract 9604, Addison County, Vermont","20","19","1"
"1000000US500019604003008","Block 3008, Block Group 3, Census Tract 9604, Addison County, Vermont","1","1","0"
"1000000US500019604003009","Block 3009, Block Group 3, Census Tract 9604, Addison County, Vermont","13","10","3"
"1000000US500019604003010","Block 3010, Block Group 3, Census Tract 9604, Addison County, Vermont","0","0","0"
"1000000US500019604003011","Block 3011, Block Group 3, Census Tract 9604, Addison County, Vermont","0","0","0"
"1000000US500019604003012","Block 3012, Block Group 3, Census Tract 9604, Addison County, Vermont","0","0","0"
"1000000US500019604003013","Block 3013, Block Group 3, Census Tract 9604, Addison County, Vermont","0","0","0"
"1000000US500019604003014","Block 3014, Block Group 3, Census Tract 9604, Addison County, Vermont","0","0","0"
"1000000US500019604003015","Block 3015, Block Group 3, Census Tract 9604, Addison County, Vermont","0","0","0"
"1000000US500019604003016","Block 3016, Block Group 3, Census Tract 9604, Addison County, Vermont","14","14","0"
"1000000US500019604003017","Block 3017, Block Group 3, Census Tract 9604, Addison County, Vermont","1","0","1"
"1000000US500019604003018","Block 3018, Block Group 3, Census Tract 9604, Addison County, Vermont","0","0","0"
"1000000US500019604003019","Block 3019, Block Group 3, Census Tract 9604, Addison County, Vermont","0","0","0"
"1000000US500019604003020","Block 3020, Block Group 3, Census Tract 9604, Addison County, Vermont","0","0","0"
"1000000US500019604003021","Block 3021, Block Group 3, Census Tract 9604, Addison County, Vermont","0","0","0"
"1000000US500019604003022","Block 3022, Block Group 3, Census Tract 9604, Addison County, Vermont","0","0","0"
"1000000US500019604003023","Block 3023, Block Group 3, Census Tract 9604, Addison County, Vermont","0","0","0"
"1000000US500019604003024","Block 3024, Block Group 3, Census Tract 9604, Addison County, Vermont","16","16","0"
"1000000US500019604003025","Block 3025, Block Group 3, Census Tract 9604, Addison County, Vermont","0","0","0"
"1000000US500019604003026","Block 3026, Block Group 3, Census Tract 9604, Addison County, Vermont","0","0","0"
"1000000US500019604003027","Block 3027, Block Group 3, Census Tract 9604, Addison County, Vermont","9","7","2"
"1000000US500019604003028","Block 3028, Block Group 3, Census Tract 9604, Addison County, Vermont","1","1","0"
"1000000US500019604003029","Block 3029, Block Group 3, Census Tract 9604, Addison County, Vermont","27","26","1"
"1000000US500019604003030","Block 3030, Block Group 3, Census Tract 9604, Addison County, Vermont","0","0","0"
"1000000US500019604003031","Block 3031, Block Group 3, Census Tract 9604, Addison County, Vermont","0","0","0"
"1000000US500019604003032","Block 3032, Block Group 3, Census Tract 9604, Addison County, Vermont","44","39","5"
"1000000US500019604003033","Block 3033, Block Group 3, Census Tract 9604, Addison County, Vermont","0","0","0"
"1000000US500019604003034","Block 3034, Block Group 3, Census Tract 9604, Addison County, Vermont","10","10","0"
"1000000US500019604003035","Block 3035, Block Group 3, Census Tract 9604, Addison County, Vermont","1","1","0"
"1000000US500019604003036","Block 3036, Block Group 3, Census Tract 9604, Addison County, Vermont","0","0","0"
"1000000US500019604003037","Block 3037, Block Group 3, Census Tract 9604, Addison County, Vermont","10","9","1"
"1000000US500019604003038","Block 3038, Block Group 3, Census Tract 9604, Addison County, Vermont","0","0","0"
"1000000US500019604003039","Block 3039, Block Group 3, Census Tract 9604, Addison County, Vermont","25","22","3"
"1000000US500019604003040","Block 3040, Block Group 3, Census Tract 9604, Addison County, Vermont","31","30","1"
"1000000US500019604003041","Block 3041, Block Group 3, Census Tract 9604, Addison County, Vermont","0","0","0"
"1000000US500019604003042","Block 3042, Block Group 3, Census Tract 9604, Addison County, Vermont","0","0","0"
"1000000US500019604003043","Block 3043, Block Group 3, Census Tract 9604, Addison County, Vermont","0","0","0"
"1000000US500019604003044","Block 3044, Block Group 3, Census Tract 9604, Addison County, Vermont","26","26","0"
"1000000US500019604003045","Block 3045, Block Group 3, Census Tract 9604, Addison County, Vermont","2","2","0"
"1000000US500019604003046","Block 3046, Block Group 3, Census Tract 9604, Addison County, Vermont","0","0","0"
"1000000US500019604003047","Block 3047, Block Group 3, Census Tract 9604, Addison County, Vermont","0","0","0"
"1000000US500019604003048","Block 3048, Block Group 3, Census Tract 9604, Addison County, Vermont","6","6","0"
"1000000US500019604003049","Block 3049, Block Group 3, Census Tract 9604, Addison County, Vermont","6","5","1"
"1000000US500019604003050","Block 3050, Block Group 3, Census Tract 9604, Addison County, Vermont","0","0","0"
"1000000US500019604003051","Block 3051, Block Group 3, Census Tract 9604, Addison County, Vermont","0","0","0"
"1000000US500019604003052","Block 3052, Block Group 3, Census Tract 9604, Addison County, Vermont","0","0","0"
"1000000US500019604003053","Block 3053, Block Group 3, Census Tract 9604, Addison County, Vermont","0","0","0"
"1000000US500019604003054","Block 3054, Block Group 3, Census Tract 9604, Addison County, Vermont","0","0","0"
"1000000US500019604003055","Block 3055, Block Group 3, Census Tract 9604, Addison County, Vermont","15","13","2"
"1000000US500019604003056","Block 3056, Block Group 3, Census Tract 9604, Addison County, Vermont","0","0","0"
"1000000US500019604003057","Block 3057, Block Group 3, Census Tract 9604, Addison County, Vermont","0","0","0"
"1000000US500019604003058","Block 3058, Block Group 3, Census Tract 9604, Addison County, Vermont","0","0","0"
"1000000US500019604003059","Block 3059, Block Group 3, Census Tract 9604, Addison County, Vermont","0","0","0"
"1000000US500019604003060","Block 3060, Block Group 3, Census Tract 9604, Addison County, Vermont","0","0","0"
"1000000US500019604003061","Block 3061, Block Group 3, Census Tract 9604, Addison County, Vermont","9","8","1"
"1000000US500019604003062","Block 3062, Block Group 3, Census Tract 9604, Addison County, Vermont","1","1","0"
"1000000US500019604003063","Block 3063, Block Group 3, Census Tract 9604, Addison County, Vermont","14","12","2"
"1000000US500019604003064","Block 3064, Block Group 3, Census Tract 9604, Addison County, Vermont","17","17","0"
"1000000US500019604003065","Block 3065, Block Group 3, Census Tract 9604, Addison County, Vermont","0","0","0"
"1000000US500019604003066","Block 3066, Block Group 3, Census Tract 9604, Addison County, Vermont","2","2","0"
"1000000US500019604003067","Block 3067, Block Group 3, Census Tract 9604, Addison County, Vermont","221","93","128"
"1000000US500019604003068","Block 3068, Block Group 3, Census Tract 9604, Addison County, Vermont","0","0","0"
"1000000US500019604003069","Block 3069, Block Group 3, Census Tract 9604, Addison County, Vermont","0","0","0"
"1000000US500019604003070","Block 3070, Block Group 3, Census Tract 9604, Addison County, Vermont","1","0","1"
"1000000US500019604003071","Block 3071, Block Group 3, Census Tract 9604, Addison County, Vermont","0","0","0"
"1000000US500019604003072","Block 3072, Block Group 3, Census Tract 9604, Addison County, Vermont","13","13","0"
"1000000US500019604003073","Block 3073, Block Group 3, Census Tract 9604, Addison County, Vermont","3","2","1"
"1000000US500019604003074","Block 3074, Block Group 3, Census Tract 9604, Addison County, Vermont","0","0","0"
"1000000US500019604003075","Block 3075, Block Group 3, Census Tract 9604, Addison County, Vermont","1","0","1"
"1000000US500019604003076","Block 3076, Block Group 3, Census Tract 9604, Addison County, Vermont","0","0","0"
"1000000US500019604003077","Block 3077, Block Group 3, Census Tract 9604, Addison County, Vermont","3","2","1"
"1000000US500019604003078","Block 3078, Block Group 3, Census Tract 9604, Addison County, Vermont","0","0","0"
"1000000US500019604003079","Block 3079, Block Group 3, Census Tract 9604, Addison County, Vermont","0","0","0"
"1000000US500019604003080","Block 3080, Block Group 3, Census Tract 9604, Addison County, Vermont","0","0","0"
"1000000US500019604003081","Block 3081, Block Group 3, Census Tract 9604, Addison County, Vermont","0","0","0"
"1000000US500019604003082","Block 3082, Block Group 3, Census Tract 9604, Addison County, Vermont","0","0","0"
"1000000US500019604003083","Block 3083, Block Group 3, Census Tract 9604, Addison County, Vermont","0","0","0"
"1000000US500019604003084","Block 3084, Block Group 3, Census Tract 9604, Addison County, Vermont","0","0","0"
"1000000US500019604003085","Block 3085, Block Group 3, Census Tract 9604, Addison County, Vermont","7","6","1"
"1000000US500019604003086","Block 3086, Block Group 3, Census Tract 9604, Addison County, Vermont","0","0","0"
"1000000US500019604003087","Block 3087, Block Group 3, Census Tract 9604, Addison County, Vermont","0","0","0"
"1000000US500019604003088","Block 3088, Block Group 3, Census Tract 9604, Addison County, Vermont","0","0","0"
"1000000US500019604003089","Block 3089, Block Group 3, Census Tract 9604, Addison County, Vermont","2","1","1"
"1000000US500019604003090","Block 3090, Block Group 3, Census Tract 9604, Addison County, Vermont","0","0","0"
"1000000US500019604003091","Block 3091, Block Group 3, Census Tract 9604, Addison County, Vermont","0","0","0"
"1000000US500019604003092","Block 3092, Block Group 3, Census Tract 9604, Addison County, Vermont","49","39","10"
"1000000US500019604003093","Block 3093, Block Group 3, Census Tract 9604, Addison County, Vermont","0","0","0"
"1000000US500019604003094","Block 3094, Block Group 3, Census Tract 9604, Addison County, Vermont","0","0","0"
"1000000US500019604003095","Block 3095, Block Group 3, Census Tract 9604, Addison County, Vermont","0","0","0"
"1000000US500019604003096","Block 3096, Block Group 3, Census Tract 9604, Addison County, Vermont","0","0","0"
"1000000US500019604003097","Block 3097, Block Group 3, Census Tract 9604, Addison County, Vermont","0","0","0"
"1000000US500019604003098","Block 3098, Block Group 3, Census Tract 9604, Addison County, Vermont","0","0","0"
"1000000US500019604003099","Block 3099, Block Group 3, Census Tract 9604, Addison County, Vermont","0","0","0"
"1000000US500019604003100","Block 3100, Block Group 3, Census Tract 9604, Addison County, Vermont","0","0","0"
"1000000US500019604003101","Block 3101, Block Group 3, Census Tract 9604, Addison County, Vermont","0","0","0"
"1000000US500019604003102","Block 3102, Block Group 3, Census Tract 9604, Addison County, Vermont","0","0","0"
"1000000US500019604003103","Block 3103, Block Group 3, Census Tract 9604, Addison County, Vermont","1","1","0"
"1000000US500019604003104","Block 3104, Block Group 3, Census Tract 9604, Addison County, Vermont","9","8","1"
"1000000US500019604003105","Block 3105, Block Group 3, Census Tract 9604, Addison County, Vermont","0","0","0"
"1000000US500019604003106","Block 3106, Block Group 3, Census Tract 9604, Addison County, Vermont","0","0","0"
"1000000US500019604003107","Block 3107, Block Group 3, Census Tract 9604, Addison County, Vermont","0","0","0"
"1000000US500019604003108","Block 3108, Block Group 3, Census Tract 9604, Addison County, Vermont","0","0","0"
"1000000US500019604003109","Block 3109, Block Group 3, Census Tract 9604, Addison County, Vermont","0","0","0"
"1000000US500019604003110","Block 3110, Block Group 3, Census Tract 9604, Addison County, Vermont","0","0","0"
"1000000US500019604003111","Block 3111, Block Group 3, Census Tract 9604, Addison County, Vermont","0","0","0"
"1000000US500019604003112","Block 3112, Block Group 3, Census Tract 9604, Addison County, Vermont","2","2","0"
"1000000US500019604003113","Block 3113, Block Group 3, Census Tract 9604, Addison County, Vermont","0","0","0"
"1000000US500019604003114","Block 3114, Block Group 3, Census Tract 9604, Addison County, Vermont","0","0","0"
"1000000US500019604003115","Block 3115, Block Group 3, Census Tract 9604, Addison County, Vermont","0","0","0"
"1000000US500019604003116","Block 3116, Block Group 3, Census Tract 9604, Addison County, Vermont","0","0","0"
"1000000US500019604003117","Block 3117, Block Group 3, Census Tract 9604, Addison County, Vermont","0","0","0"
"1000000US500019604003118","Block 3118, Block Group 3, Census Tract 9604, Addison County, Vermont","8","4","4"
"1000000US500019604003119","Block 3119, Block Group 3, Census Tract 9604, Addison County, Vermont","0","0","0"
"1000000US500019604003120","Block 3120, Block Group 3, Census Tract 9604, Addison County, Vermont","0","0","0"
"1000000US500019604003121","Block 3121, Block Group 3, Census Tract 9604, Addison County, Vermont","0","0","0"
"1000000US500019604003122","Block 3122, Block Group 3, Census Tract 9604, Addison County, Vermont","2","1","1"
"1000000US500019604003123","Block 3123, Block Group 3, Census Tract 9604, Addison County, Vermont","2","2","0"
"1000000US500019604003124","Block 3124, Block Group 3, Census Tract 9604, Addison County, Vermont","8","7","1"
"1000000US500019604003125","Block 3125, Block Group 3, Census Tract 9604, Addison County, Vermont","7","7","0"
"1000000US500019604003126","Block 3126, Block Group 3, Census Tract 9604, Addison County, Vermont","0","0","0"
"1000000US500019604003127","Block 3127, Block Group 3, Census Tract 9604, Addison County, Vermont","0","0","0"
"1000000US500019604003128","Block 3128, Block Group 3, Census Tract 9604, Addison County, Vermont","0","0","0"
"1000000US500019604003129","Block 3129, Block Group 3, Census Tract 9604, Addison County, Vermont","2","1","1"
"1000000US500019604003130","Block 3130, Block Group 3, Census Tract 9604, Addison County, Vermont","0","0","0"
"1000000US500019604003131","Block 3131, Block Group 3, Census Tract 9604, Addison County, Vermont","0","0","0"
"1000000US500019604003132","Block 3132, Block Group 3, Census Tract 9604, Addison County, Vermont","0","0","0"
"1000000US500019604003133","Block 3133, Block Group 3, Census Tract 9604, Addison County, Vermont","11","10","1"
"1000000US500019604003134","Block 3134, Block Group 3, Census Tract 9604, Addison County, Vermont","0","0","0"
"1000000US500019604003135","Block 3135, Block Group 3, Census Tract 9604, Addison County, Vermont","10","9","1"
"1000000US500019604003136","Block 3136, Block Group 3, Census Tract 9604, Addison County, Vermont","0","0","0"
"1000000US500019604004000","Block 4000, Block Group 4, Census Tract 9604, Addison County, Vermont","0","0","0"
"1000000US500019604004001","Block 4001, Block Group 4, Census Tract 9604, Addison County, Vermont","0","0","0"
"1000000US500019604004002","Block 4002, Block Group 4, Census Tract 9604, Addison County, Vermont","0","0","0"
"1000000US500019604004003","Block 4003, Block Group 4, Census Tract 9604, Addison County, Vermont","0","0","0"
"1000000US500019604004004","Block 4004, Block Group 4, Census Tract 9604, Addison County, Vermont","2","2","0"
"1000000US500019604004005","Block 4005, Block Group 4, Census Tract 9604, Addison County, Vermont","13","12","1"
"1000000US500019604004006","Block 4006, Block Group 4, Census Tract 9604, Addison County, Vermont","16","13","3"
"1000000US500019604004007","Block 4007, Block Group 4, Census Tract 9604, Addison County, Vermont","0","0","0"
"1000000US500019604004008","Block 4008, Block Group 4, Census Tract 9604, Addison County, Vermont","0","0","0"
"1000000US500019604004009","Block 4009, Block Group 4, Census Tract 9604, Addison County, Vermont","0","0","0"
"1000000US500019604004010","Block 4010, Block Group 4, Census Tract 9604, Addison County, Vermont","0","0","0"
"1000000US500019604004011","Block 4011, Block Group 4, Census Tract 9604, Addison County, Vermont","0","0","0"
"1000000US500019604004012","Block 4012, Block Group 4, Census Tract 9604, Addison County, Vermont","0","0","0"
"1000000US500019604004013","Block 4013, Block Group 4, Census Tract 9604, Addison County, Vermont","0","0","0"
"1000000US500019604004014","Block 4014, Block Group 4, Census Tract 9604, Addison County, Vermont","1","1","0"
"1000000US500019604004015","Block 4015, Block Group 4, Census Tract 9604, Addison County, Vermont","0","0","0"
"1000000US500019604004016","Block 4016, Block Group 4, Census Tract 9604, Addison County, Vermont","8","8","0"
"1000000US500019604004017","Block 4017, Block Group 4, Census Tract 9604, Addison County, Vermont","3","2","1"
"1000000US500019604004018","Block 4018, Block Group 4, Census Tract 9604, Addison County, Vermont","0","0","0"
"1000000US500019604004019","Block 4019, Block Group 4, Census Tract 9604, Addison County, Vermont","0","0","0"
"1000000US500019604004020","Block 4020, Block Group 4, Census Tract 9604, Addison County, Vermont","21","20","1"
"1000000US500019604004021","Block 4021, Block Group 4, Census Tract 9604, Addison County, Vermont","4","3","1"
"1000000US500019604004022","Block 4022, Block Group 4, Census Tract 9604, Addison County, Vermont","8","8","0"
"1000000US500019604004023","Block 4023, Block Group 4, Census Tract 9604, Addison County, Vermont","0","0","0"
"1000000US500019604004024","Block 4024, Block Group 4, Census Tract 9604, Addison County, Vermont","0","0","0"
"1000000US500019604004025","Block 4025, Block Group 4, Census Tract 9604, Addison County, Vermont","0","0","0"
"1000000US500019604004026","Block 4026, Block Group 4, Census Tract 9604, Addison County, Vermont","69","64","5"
"1000000US500019604004027","Block 4027, Block Group 4, Census Tract 9604, Addison County, Vermont","0","0","0"
"1000000US500019604004028","Block 4028, Block Group 4, Census Tract 9604, Addison County, Vermont","0","0","0"
"1000000US500019604004029","Block 4029, Block Group 4, Census Tract 9604, Addison County, Vermont","11","11","0"
"1000000US500019604004030","Block 4030, Block Group 4, Census Tract 9604, Addison County, Vermont","6","5","1"
"1000000US500019604004031","Block 4031, Block Group 4, Census Tract 9604, Addison County, Vermont","14","14","0"
"1000000US500019604004032","Block 4032, Block Group 4, Census Tract 9604, Addison County, Vermont","14","11","3"
"1000000US500019604004033","Block 4033, Block Group 4, Census Tract 9604, Addison County, Vermont","0","0","0"
"1000000US500019604004034","Block 4034, Block Group 4, Census Tract 9604, Addison County, Vermont","5","5","0"
"1000000US500019604004035","Block 4035, Block Group 4, Census Tract 9604, Addison County, Vermont","0","0","0"
"1000000US500019604004036","Block 4036, Block Group 4, Census Tract 9604, Addison County, Vermont","0","0","0"
"1000000US500019604004037","Block 4037, Block Group 4, Census Tract 9604, Addison County, Vermont","0","0","0"
"1000000US500019604004038","Block 4038, Block Group 4, Census Tract 9604, Addison County, Vermont","5","5","0"
"1000000US500019604004039","Block 4039, Block Group 4, Census Tract 9604, Addison County, Vermont","1","1","0"
"1000000US500019604004040","Block 4040, Block Group 4, Census Tract 9604, Addison County, Vermont","0","0","0"
"1000000US500019604004041","Block 4041, Block Group 4, Census Tract 9604, Addison County, Vermont","3","3","0"
"1000000US500019604004042","Block 4042, Block Group 4, Census Tract 9604, Addison County, Vermont","11","11","0"
"1000000US500019604004043","Block 4043, Block Group 4, Census Tract 9604, Addison County, Vermont","1","1","0"
"1000000US500019604004044","Block 4044, Block Group 4, Census Tract 9604, Addison County, Vermont","21","21","0"
"1000000US500019604004045","Block 4045, Block Group 4, Census Tract 9604, Addison County, Vermont","0","0","0"
"1000000US500019604004046","Block 4046, Block Group 4, Census Tract 9604, Addison County, Vermont","24","24","0"
"1000000US500019604004047","Block 4047, Block Group 4, Census Tract 9604, Addison County, Vermont","64","62","2"
"1000000US500019604004048","Block 4048, Block Group 4, Census Tract 9604, Addison County, Vermont","1","1","0"
"1000000US500019604004049","Block 4049, Block Group 4, Census Tract 9604, Addison County, Vermont","5","4","1"
"1000000US500019604004050","Block 4050, Block Group 4, Census Tract 9604, Addison County, Vermont","0","0","0"
"1000000US500019604004051","Block 4051, Block Group 4, Census Tract 9604, Addison County, Vermont","0","0","0"
"1000000US500019604004052","Block 4052, Block Group 4, Census Tract 9604, Addison County, Vermont","0","0","0"
"1000000US500019604004053","Block 4053, Block Group 4, Census Tract 9604, Addison County, Vermont","12","11","1"
"1000000US500019604004054","Block 4054, Block Group 4, Census Tract 9604, Addison County, Vermont","2","1","1"
"1000000US500019604004055","Block 4055, Block Group 4, Census Tract 9604, Addison County, Vermont","0","0","0"
"1000000US500019604004056","Block 4056, Block Group 4, Census Tract 9604, Addison County, Vermont","2","1","1"
"1000000US500019604004057","Block 4057, Block Group 4, Census Tract 9604, Addison County, Vermont","7","6","1"
"1000000US500019604004058","Block 4058, Block Group 4, Census Tract 9604, Addison County, Vermont","0","0","0"
"1000000US500019605001000","Block 1000, Block Group 1, Census Tract 9605, Addison County, Vermont","39","37","2"
"1000000US500019605001001","Block 1001, Block Group 1, Census Tract 9605, Addison County, Vermont","2","2","0"
"1000000US500019605001002","Block 1002, Block Group 1, Census Tract 9605, Addison County, Vermont","30","29","1"
"1000000US500019605001003","Block 1003, Block Group 1, Census Tract 9605, Addison County, Vermont","1","1","0"
"1000000US500019605001004","Block 1004, Block Group 1, Census Tract 9605, Addison County, Vermont","6","6","0"
"1000000US500019605001005","Block 1005, Block Group 1, Census Tract 9605, Addison County, Vermont","0","0","0"
"1000000US500019605001006","Block 1006, Block Group 1, Census Tract 9605, Addison County, Vermont","12","12","0"
"1000000US500019605001007","Block 1007, Block Group 1, Census Tract 9605, Addison County, Vermont","8","8","0"
"1000000US500019605001008","Block 1008, Block Group 1, Census Tract 9605, Addison County, Vermont","57","39","18"
"1000000US500019605001009","Block 1009, Block Group 1, Census Tract 9605, Addison County, Vermont","0","0","0"
"1000000US500019605001010","Block 1010, Block Group 1, Census Tract 9605, Addison County, Vermont","1","1","0"
"1000000US500019605001011","Block 1011, Block Group 1, Census Tract 9605, Addison County, Vermont","60","55","5"
"1000000US500019605001012","Block 1012, Block Group 1, Census Tract 9605, Addison County, Vermont","24","24","0"
"1000000US500019605001013","Block 1013, Block Group 1, Census Tract 9605, Addison County, Vermont","40","38","2"
"1000000US500019605001014","Block 1014, Block Group 1, Census Tract 9605, Addison County, Vermont","0","0","0"
"1000000US500019605001015","Block 1015, Block Group 1, Census Tract 9605, Addison County, Vermont","0","0","0"
"1000000US500019605001016","Block 1016, Block Group 1, Census Tract 9605, Addison County, Vermont","1","1","0"
"1000000US500019605001017","Block 1017, Block Group 1, Census Tract 9605, Addison County, Vermont","0","0","0"
"1000000US500019605001018","Block 1018, Block Group 1, Census Tract 9605, Addison County, Vermont","0","0","0"
"1000000US500019605001019","Block 1019, Block Group 1, Census Tract 9605, Addison County, Vermont","0","0","0"
"1000000US500019605001020","Block 1020, Block Group 1, Census Tract 9605, Addison County, Vermont","92","87","5"
"1000000US500019605001021","Block 1021, Block Group 1, Census Tract 9605, Addison County, Vermont","0","0","0"
"1000000US500019605001022","Block 1022, Block Group 1, Census Tract 9605, Addison County, Vermont","4","4","0"
"1000000US500019605001023","Block 1023, Block Group 1, Census Tract 9605, Addison County, Vermont","45","37","8"
"1000000US500019605001024","Block 1024, Block Group 1, Census Tract 9605, Addison County, Vermont","28","27","1"
"1000000US500019605001025","Block 1025, Block Group 1, Census Tract 9605, Addison County, Vermont","21","19","2"
"1000000US500019605001026","Block 1026, Block Group 1, Census Tract 9605, Addison County, Vermont","14","13","1"
"1000000US500019605001027","Block 1027, Block Group 1, Census Tract 9605, Addison County, Vermont","53","52","1"
"1000000US500019605001028","Block 1028, Block Group 1, Census Tract 9605, Addison County, Vermont","0","0","0"
"1000000US500019605001029","Block 1029, Block Group 1, Census Tract 9605, Addison County, Vermont","0","0","0"
"1000000US500019605001030","Block 1030, Block Group 1, Census Tract 9605, Addison County, Vermont","73","68","5"
"1000000US500019605001031","Block 1031, Block Group 1, Census Tract 9605, Addison County, Vermont","1","1","0"
"1000000US500019605001032","Block 1032, Block Group 1, Census Tract 9605, Addison County, Vermont","0","0","0"
"1000000US500019605001033","Block 1033, Block Group 1, Census Tract 9605, Addison County, Vermont","1","1","0"
"1000000US500019605001034","Block 1034, Block Group 1, Census Tract 9605, Addison County, Vermont","0","0","0"
"1000000US500019605001035","Block 1035, Block Group 1, Census Tract 9605, Addison County, Vermont","2","1","1"
"1000000US500019605001036","Block 1036, Block Group 1, Census Tract 9605, Addison County, Vermont","47","38","9"
"1000000US500019605001037","Block 1037, Block Group 1, Census Tract 9605, Addison County, Vermont","4","4","0"
"1000000US500019605001038","Block 1038, Block Group 1, Census Tract 9605, Addison County, Vermont","2","2","0"
"1000000US500019605001039","Block 1039, Block Group 1, Census Tract 9605, Addison County, Vermont","0","0","0"
"1000000US500019605001040","Block 1040, Block Group 1, Census Tract 9605, Addison County, Vermont","101","96","5"
"1000000US500019605001041","Block 1041, Block Group 1, Census Tract 9605, Addison County, Vermont","0","0","0"
"1000000US500019605001042","Block 1042, Block Group 1, Census Tract 9605, Addison County, Vermont","12","12","0"
"1000000US500019605001043","Block 1043, Block Group 1, Census Tract 9605, Addison County, Vermont","12","11","1"
"1000000US500019605001044","Block 1044, Block Group 1, Census Tract 9605, Addison County, Vermont","0","0","0"
"1000000US500019605001045","Block 1045, Block Group 1, Census Tract 9605, Addison County, Vermont","0","0","0"
"1000000US500019605001046","Block 1046, Block Group 1, Census Tract 9605, Addison County, Vermont","27","25","2"
"1000000US500019605001047","Block 1047, Block Group 1, Census Tract 9605, Addison County, Vermont","0","0","0"
"1000000US500019605001048","Block 1048, Block Group 1, Census Tract 9605, Addison County, Vermont","0","0","0"
"1000000US500019605001049","Block 1049, Block Group 1, Census Tract 9605, Addison County, Vermont","16","14","2"
"1000000US500019605001050","Block 1050, Block Group 1, Census Tract 9605, Addison County, Vermont","0","0","0"
"1000000US500019605001051","Block 1051, Block Group 1, Census Tract 9605, Addison County, Vermont","0","0","0"
"1000000US500019605001052","Block 1052, Block Group 1, Census Tract 9605, Addison County, Vermont","0","0","0"
"1000000US500019605001053","Block 1053, Block Group 1, Census Tract 9605, Addison County, Vermont","0","0","0"
"1000000US500019605001054","Block 1054, Block Group 1, Census Tract 9605, Addison County, Vermont","7","6","1"
"1000000US500019605001055","Block 1055, Block Group 1, Census Tract 9605, Addison County, Vermont","14","10","4"
"1000000US500019605001056","Block 1056, Block Group 1, Census Tract 9605, Addison County, Vermont","1","1","0"
"1000000US500019605001057","Block 1057, Block Group 1, Census Tract 9605, Addison County, Vermont","0","0","0"
"1000000US500019605001058","Block 1058, Block Group 1, Census Tract 9605, Addison County, Vermont","5","5","0"
"1000000US500019605001059","Block 1059, Block Group 1, Census Tract 9605, Addison County, Vermont","16","14","2"
"1000000US500019605001060","Block 1060, Block Group 1, Census Tract 9605, Addison County, Vermont","0","0","0"
"1000000US500019605001061","Block 1061, Block Group 1, Census Tract 9605, Addison County, Vermont","0","0","0"
"1000000US500019605001062","Block 1062, Block Group 1, Census Tract 9605, Addison County, Vermont","0","0","0"
"1000000US500019605001063","Block 1063, Block Group 1, Census Tract 9605, Addison County, Vermont","0","0","0"
"1000000US500019605001064","Block 1064, Block Group 1, Census Tract 9605, Addison County, Vermont","0","0","0"
"1000000US500019605001065","Block 1065, Block Group 1, Census Tract 9605, Addison County, Vermont","0","0","0"
"1000000US500019605002000","Block 2000, Block Group 2, Census Tract 9605, Addison County, Vermont","41","40","1"
"1000000US500019605002001","Block 2001, Block Group 2, Census Tract 9605, Addison County, Vermont","114","110","4"
"1000000US500019605002002","Block 2002, Block Group 2, Census Tract 9605, Addison County, Vermont","33","33","0"
"1000000US500019605002003","Block 2003, Block Group 2, Census Tract 9605, Addison County, Vermont","14","14","0"
"1000000US500019605002004","Block 2004, Block Group 2, Census Tract 9605, Addison County, Vermont","0","0","0"
"1000000US500019605002005","Block 2005, Block Group 2, Census Tract 9605, Addison County, Vermont","24","22","2"
"1000000US500019605002006","Block 2006, Block Group 2, Census Tract 9605, Addison County, Vermont","6","6","0"
"1000000US500019605002007","Block 2007, Block Group 2, Census Tract 9605, Addison County, Vermont","7","6","1"
"1000000US500019605002008","Block 2008, Block Group 2, Census Tract 9605, Addison County, Vermont","94","92","2"
"1000000US500019605002009","Block 2009, Block Group 2, Census Tract 9605, Addison County, Vermont","30","30","0"
"1000000US500019605002010","Block 2010, Block Group 2, Census Tract 9605, Addison County, Vermont","0","0","0"
"1000000US500019605002011","Block 2011, Block Group 2, Census Tract 9605, Addison County, Vermont","26","24","2"
"1000000US500019605002012","Block 2012, Block Group 2, Census Tract 9605, Addison County, Vermont","38","38","0"
"1000000US500019605002013","Block 2013, Block Group 2, Census Tract 9605, Addison County, Vermont","19","19","0"
"1000000US500019605002014","Block 2014, Block Group 2, Census Tract 9605, Addison County, Vermont","25","21","4"
"1000000US500019605002015","Block 2015, Block Group 2, Census Tract 9605, Addison County, Vermont","30","30","0"
"1000000US500019605002016","Block 2016, Block Group 2, Census Tract 9605, Addison County, Vermont","0","0","0"
"1000000US500019605002017","Block 2017, Block Group 2, Census Tract 9605, Addison County, Vermont","7","7","0"
"1000000US500019605003000","Block 3000, Block Group 3, Census Tract 9605, Addison County, Vermont","87","83","4"
"1000000US500019605003001","Block 3001, Block Group 3, Census Tract 9605, Addison County, Vermont","8","8","0"
"1000000US500019605003002","Block 3002, Block Group 3, Census Tract 9605, Addison County, Vermont","0","0","0"
"1000000US500019605003003","Block 3003, Block Group 3, Census Tract 9605, Addison County, Vermont","42","39","3"
"1000000US500019605003004","Block 3004, Block Group 3, Census Tract 9605, Addison County, Vermont","0","0","0"
"1000000US500019605003005","Block 3005, Block Group 3, Census Tract 9605, Addison County, Vermont","0","0","0"
"1000000US500019605003006","Block 3006, Block Group 3, Census Tract 9605, Addison County, Vermont","17","17","0"
"1000000US500019605003007","Block 3007, Block Group 3, Census Tract 9605, Addison County, Vermont","2","2","0"
"1000000US500019605003008","Block 3008, Block Group 3, Census Tract 9605, Addison County, Vermont","0","0","0"
"1000000US500019605003009","Block 3009, Block Group 3, Census Tract 9605, Addison County, Vermont","16","16","0"
"1000000US500019605003010","Block 3010, Block Group 3, Census Tract 9605, Addison County, Vermont","0","0","0"
"1000000US500019605003011","Block 3011, Block Group 3, Census Tract 9605, Addison County, Vermont","0","0","0"
"1000000US500019605003012","Block 3012, Block Group 3, Census Tract 9605, Addison County, Vermont","3","3","0"
"1000000US500019605003013","Block 3013, Block Group 3, Census Tract 9605, Addison County, Vermont","0","0","0"
"1000000US500019605003014","Block 3014, Block Group 3, Census Tract 9605, Addison County, Vermont","76","73","3"
"1000000US500019605003015","Block 3015, Block Group 3, Census Tract 9605, Addison County, Vermont","5","5","0"
"1000000US500019605003016","Block 3016, Block Group 3, Census Tract 9605, Addison County, Vermont","0","0","0"
"1000000US500019605003017","Block 3017, Block Group 3, Census Tract 9605, Addison County, Vermont","0","0","0"
"1000000US500019605003018","Block 3018, Block Group 3, Census Tract 9605, Addison County, Vermont","0","0","0"
"1000000US500019605003019","Block 3019, Block Group 3, Census Tract 9605, Addison County, Vermont","0","0","0"
"1000000US500019605003020","Block 3020, Block Group 3, Census Tract 9605, Addison County, Vermont","0","0","0"
"1000000US500019605003021","Block 3021, Block Group 3, Census Tract 9605, Addison County, Vermont","1","0","1"
"1000000US500019605003022","Block 3022, Block Group 3, Census Tract 9605, Addison County, Vermont","0","0","0"
"1000000US500019605003023","Block 3023, Block Group 3, Census Tract 9605, Addison County, Vermont","6","6","0"
"1000000US500019605003024","Block 3024, Block Group 3, Census Tract 9605, Addison County, Vermont","41","40","1"
"1000000US500019606001000","Block 1000, Block Group 1, Census Tract 9606, Addison County, Vermont","136","114","22"
"1000000US500019606001001","Block 1001, Block Group 1, Census Tract 9606, Addison County, Vermont","0","0","0"
"1000000US500019606001002","Block 1002, Block Group 1, Census Tract 9606, Addison County, Vermont","0","0","0"
"1000000US500019606001003","Block 1003, Block Group 1, Census Tract 9606, Addison County, Vermont","3","2","1"
"1000000US500019606001004","Block 1004, Block Group 1, Census Tract 9606, Addison County, Vermont","0","0","0"
"1000000US500019606001005","Block 1005, Block Group 1, Census Tract 9606, Addison County, Vermont","2","2","0"
"1000000US500019606001006","Block 1006, Block Group 1, Census Tract 9606, Addison County, Vermont","5","4","1"
"1000000US500019606001007","Block 1007, Block Group 1, Census Tract 9606, Addison County, Vermont","54","46","8"
"1000000US500019606001008","Block 1008, Block Group 1, Census Tract 9606, Addison County, Vermont","25","20","5"
"1000000US500019606001009","Block 1009, Block Group 1, Census Tract 9606, Addison County, Vermont","0","0","0"
"1000000US500019606001010","Block 1010, Block Group 1, Census Tract 9606, Addison County, Vermont","8","8","0"
"1000000US500019606001011","Block 1011, Block Group 1, Census Tract 9606, Addison County, Vermont","0","0","0"
"1000000US500019606001012","Block 1012, Block Group 1, Census Tract 9606, Addison County, Vermont","27","25","2"
"1000000US500019606001013","Block 1013, Block Group 1, Census Tract 9606, Addison County, Vermont","0","0","0"
"1000000US500019606001014","Block 1014, Block Group 1, Census Tract 9606, Addison County, Vermont","1","0","1"
"1000000US500019606001015","Block 1015, Block Group 1, Census Tract 9606, Addison County, Vermont","20","19","1"
"1000000US500019606001016","Block 1016, Block Group 1, Census Tract 9606, Addison County, Vermont","0","0","0"
"1000000US500019606001017","Block 1017, Block Group 1, Census Tract 9606, Addison County, Vermont","0","0","0"
"1000000US500019606001018","Block 1018, Block Group 1, Census Tract 9606, Addison County, Vermont","0","0","0"
"1000000US500019606001019","Block 1019, Block Group 1, Census Tract 9606, Addison County, Vermont","0","0","0"
"1000000US500019606001020","Block 1020, Block Group 1, Census Tract 9606, Addison County, Vermont","15","15","0"
"1000000US500019606001021","Block 1021, Block Group 1, Census Tract 9606, Addison County, Vermont","0","0","0"
"1000000US500019606001022","Block 1022, Block Group 1, Census Tract 9606, Addison County, Vermont","11","6","5"
"1000000US500019606001023","Block 1023, Block Group 1, Census Tract 9606, Addison County, Vermont","3","3","0"
"1000000US500019606001024","Block 1024, Block Group 1, Census Tract 9606, Addison County, Vermont","0","0","0"
"1000000US500019606001025","Block 1025, Block Group 1, Census Tract 9606, Addison County, Vermont","0","0","0"
"1000000US500019606001026","Block 1026, Block Group 1, Census Tract 9606, Addison County, Vermont","3","2","1"
"1000000US500019606001027","Block 1027, Block Group 1, Census Tract 9606, Addison County, Vermont","0","0","0"
"1000000US500019606001028","Block 1028, Block Group 1, Census Tract 9606, Addison County, Vermont","26","19","7"
"1000000US500019606001029","Block 1029, Block Group 1, Census Tract 9606, Addison County, Vermont","0","0","0"
"1000000US500019606001030","Block 1030, Block Group 1, Census Tract 9606, Addison County, Vermont","4","4","0"
"1000000US500019606001031","Block 1031, Block Group 1, Census Tract 9606, Addison County, Vermont","1","0","1"
"1000000US500019606001032","Block 1032, Block Group 1, Census Tract 9606, Addison County, Vermont","0","0","0"
"1000000US500019606001033","Block 1033, Block Group 1, Census Tract 9606, Addison County, Vermont","0","0","0"
"1000000US500019606001034","Block 1034, Block Group 1, Census Tract 9606, Addison County, Vermont","5","5","0"
"1000000US500019606001035","Block 1035, Block Group 1, Census Tract 9606, Addison County, Vermont","0","0","0"
"1000000US500019606001036","Block 1036, Block Group 1, Census Tract 9606, Addison County, Vermont","8","7","1"
"1000000US500019606001037","Block 1037, Block Group 1, Census Tract 9606, Addison County, Vermont","0","0","0"
"1000000US500019606001038","Block 1038, Block Group 1, Census Tract 9606, Addison County, Vermont","0","0","0"
"1000000US500019606001039","Block 1039, Block Group 1, Census Tract 9606, Addison County, Vermont","59","51","8"
"1000000US500019606001040","Block 1040, Block Group 1, Census Tract 9606, Addison County, Vermont","0","0","0"
"1000000US500019606001041","Block 1041, Block Group 1, Census Tract 9606, Addison County, Vermont","0","0","0"
"1000000US500019606001042","Block 1042, Block Group 1, Census Tract 9606, Addison County, Vermont","2","2","0"
"1000000US500019606001043","Block 1043, Block Group 1, Census Tract 9606, Addison County, Vermont","0","0","0"
"1000000US500019606001044","Block 1044, Block Group 1, Census Tract 9606, Addison County, Vermont","0","0","0"
"1000000US500019606001045","Block 1045, Block Group 1, Census Tract 9606, Addison County, Vermont","8","7","1"
"1000000US500019606001046","Block 1046, Block Group 1, Census Tract 9606, Addison County, Vermont","0","0","0"
"1000000US500019606001047","Block 1047, Block Group 1, Census Tract 9606, Addison County, Vermont","1","1","0"
"1000000US500019606001048","Block 1048, Block Group 1, Census Tract 9606, Addison County, Vermont","6","4","2"
"1000000US500019606001049","Block 1049, Block Group 1, Census Tract 9606, Addison County, Vermont","0","0","0"
"1000000US500019606001050","Block 1050, Block Group 1, Census Tract 9606, Addison County, Vermont","3","1","2"
"1000000US500019606001051","Block 1051, Block Group 1, Census Tract 9606, Addison County, Vermont","21","19","2"
"1000000US500019606001052","Block 1052, Block Group 1, Census Tract 9606, Addison County, Vermont","0","0","0"
"1000000US500019606001053","Block 1053, Block Group 1, Census Tract 9606, Addison County, Vermont","68","46","22"
"1000000US500019606001054","Block 1054, Block Group 1, Census Tract 9606, Addison County, Vermont","0","0","0"
"1000000US500019606001055","Block 1055, Block Group 1, Census Tract 9606, Addison County, Vermont","0","0","0"
"1000000US500019606001056","Block 1056, Block Group 1, Census Tract 9606, Addison County, Vermont","1","0","1"
"1000000US500019606001057","Block 1057, Block Group 1, Census Tract 9606, Addison County, Vermont","4","3","1"
"1000000US500019606001058","Block 1058, Block Group 1, Census Tract 9606, Addison County, Vermont","0","0","0"
"1000000US500019606001059","Block 1059, Block Group 1, Census Tract 9606, Addison County, Vermont","10","7","3"
"1000000US500019606001060","Block 1060, Block Group 1, Census Tract 9606, Addison County, Vermont","4","3","1"
"1000000US500019606001061","Block 1061, Block Group 1, Census Tract 9606, Addison County, Vermont","7","6","1"
"1000000US500019606001062","Block 1062, Block Group 1, Census Tract 9606, Addison County, Vermont","0","0","0"
"1000000US500019606001063","Block 1063, Block Group 1, Census Tract 9606, Addison County, Vermont","0","0","0"
"1000000US500019606001064","Block 1064, Block Group 1, Census Tract 9606, Addison County, Vermont","0","0","0"
"1000000US500019606001065","Block 1065, Block Group 1, Census Tract 9606, Addison County, Vermont","8","5","3"
"1000000US500019606001066","Block 1066, Block Group 1, Census Tract 9606, Addison County, Vermont","0","0","0"
"1000000US500019606001067","Block 1067, Block Group 1, Census Tract 9606, Addison County, Vermont","9","9","0"
"1000000US500019606001068","Block 1068, Block Group 1, Census Tract 9606, Addison County, Vermont","0","0","0"
"1000000US500019606001069","Block 1069, Block Group 1, Census Tract 9606, Addison County, Vermont","0","0","0"
"1000000US500019606001070","Block 1070, Block Group 1, Census Tract 9606, Addison County, Vermont","0","0","0"
"1000000US500019606001071","Block 1071, Block Group 1, Census Tract 9606, Addison County, Vermont","20","15","5"
"1000000US500019606001072","Block 1072, Block Group 1, Census Tract 9606, Addison County, Vermont","37","21","16"
"1000000US500019606001073","Block 1073, Block Group 1, Census Tract 9606, Addison County, Vermont","0","0","0"
"1000000US500019606001074","Block 1074, Block Group 1, Census Tract 9606, Addison County, Vermont","4","4","0"
"1000000US500019606001075","Block 1075, Block Group 1, Census Tract 9606, Addison County, Vermont","0","0","0"
"1000000US500019606001076","Block 1076, Block Group 1, Census Tract 9606, Addison County, Vermont","0","0","0"
"1000000US500019606001077","Block 1077, Block Group 1, Census Tract 9606, Addison County, Vermont","7","7","0"
"1000000US500019606001078","Block 1078, Block Group 1, Census Tract 9606, Addison County, Vermont","0","0","0"
"1000000US500019606001079","Block 1079, Block Group 1, Census Tract 9606, Addison County, Vermont","0","0","0"
"1000000US500019606001080","Block 1080, Block Group 1, Census Tract 9606, Addison County, Vermont","0","0","0"
"1000000US500019606001081","Block 1081, Block Group 1, Census Tract 9606, Addison County, Vermont","0","0","0"
"1000000US500019606002000","Block 2000, Block Group 2, Census Tract 9606, Addison County, Vermont","21","6","15"
"1000000US500019606002001","Block 2001, Block Group 2, Census Tract 9606, Addison County, Vermont","0","0","0"
"1000000US500019606002002","Block 2002, Block Group 2, Census Tract 9606, Addison County, Vermont","0","0","0"
"1000000US500019606002003","Block 2003, Block Group 2, Census Tract 9606, Addison County, Vermont","0","0","0"
"1000000US500019606002004","Block 2004, Block Group 2, Census Tract 9606, Addison County, Vermont","0","0","0"
"1000000US500019606002005","Block 2005, Block Group 2, Census Tract 9606, Addison County, Vermont","0","0","0"
"1000000US500019606002006","Block 2006, Block Group 2, Census Tract 9606, Addison County, Vermont","0","0","0"
"1000000US500019606002007","Block 2007, Block Group 2, Census Tract 9606, Addison County, Vermont","0","0","0"
"1000000US500019606002008","Block 2008, Block Group 2, Census Tract 9606, Addison County, Vermont","0","0","0"
"1000000US500019606002009","Block 2009, Block Group 2, Census Tract 9606, Addison County, Vermont","64","50","14"
"1000000US500019606002010","Block 2010, Block Group 2, Census Tract 9606, Addison County, Vermont","6","3","3"
"1000000US500019606002011","Block 2011, Block Group 2, Census Tract 9606, Addison County, Vermont","0","0","0"
"1000000US500019606002012","Block 2012, Block Group 2, Census Tract 9606, Addison County, Vermont","1","1","0"
"1000000US500019606002013","Block 2013, Block Group 2, Census Tract 9606, Addison County, Vermont","39","32","7"
"1000000US500019606002014","Block 2014, Block Group 2, Census Tract 9606, Addison County, Vermont","15","11","4"
"1000000US500019606002015","Block 2015, Block Group 2, Census Tract 9606, Addison County, Vermont","0","0","0"
"1000000US500019606002016","Block 2016, Block Group 2, Census Tract 9606, Addison County, Vermont","10","8","2"
"1000000US500019606002017","Block 2017, Block Group 2, Census Tract 9606, Addison County, Vermont","0","0","0"
"1000000US500019606002018","Block 2018, Block Group 2, Census Tract 9606, Addison County, Vermont","10","10","0"
"1000000US500019606002019","Block 2019, Block Group 2, Census Tract 9606, Addison County, Vermont","11","10","1"
"1000000US500019606002020","Block 2020, Block Group 2, Census Tract 9606, Addison County, Vermont","0","0","0"
"1000000US500019606002021","Block 2021, Block Group 2, Census Tract 9606, Addison County, Vermont","1","1","0"
"1000000US500019606002022","Block 2022, Block Group 2, Census Tract 9606, Addison County, Vermont","0","0","0"
"1000000US500019606002023","Block 2023, Block Group 2, Census Tract 9606, Addison County, Vermont","3","3","0"
"1000000US500019606002024","Block 2024, Block Group 2, Census Tract 9606, Addison County, Vermont","1","0","1"
"1000000US500019606002025","Block 2025, Block Group 2, Census Tract 9606, Addison County, Vermont","0","0","0"
"1000000US500019606002026","Block 2026, Block Group 2, Census Tract 9606, Addison County, Vermont","0","0","0"
"1000000US500019606002027","Block 2027, Block Group 2, Census Tract 9606, Addison County, Vermont","0","0","0"
"1000000US500019606002028","Block 2028, Block Group 2, Census Tract 9606, Addison County, Vermont","0","0","0"
"1000000US500019606002029","Block 2029, Block Group 2, Census Tract 9606, Addison County, Vermont","4","3","1"
"1000000US500019606002030","Block 2030, Block Group 2, Census Tract 9606, Addison County, Vermont","19","15","4"
"1000000US500019606002031","Block 2031, Block Group 2, Census Tract 9606, Addison County, Vermont","5","5","0"
"1000000US500019606002032","Block 2032, Block Group 2, Census Tract 9606, Addison County, Vermont","1","0","1"
"1000000US500019606002033","Block 2033, Block Group 2, Census Tract 9606, Addison County, Vermont","0","0","0"
"1000000US500019606002034","Block 2034, Block Group 2, Census Tract 9606, Addison County, Vermont","40","30","10"
"1000000US500019606002035","Block 2035, Block Group 2, Census Tract 9606, Addison County, Vermont","0","0","0"
"1000000US500019606002036","Block 2036, Block Group 2, Census Tract 9606, Addison County, Vermont","13","11","2"
"1000000US500019606002037","Block 2037, Block Group 2, Census Tract 9606, Addison County, Vermont","6","5","1"
"1000000US500019606002038","Block 2038, Block Group 2, Census Tract 9606, Addison County, Vermont","8","8","0"
"1000000US500019606002039","Block 2039, Block Group 2, Census Tract 9606, Addison County, Vermont","7","7","0"
"1000000US500019606002040","Block 2040, Block Group 2, Census Tract 9606, Addison County, Vermont","0","0","0"
"1000000US500019606002041","Block 2041, Block Group 2, Census Tract 9606, Addison County, Vermont","2","2","0"
"1000000US500019606002042","Block 2042, Block Group 2, Census Tract 9606, Addison County, Vermont","4","4","0"
"1000000US500019606002043","Block 2043, Block Group 2, Census Tract 9606, Addison County, Vermont","21","21","0"
"1000000US500019606002044","Block 2044, Block Group 2, Census Tract 9606, Addison County, Vermont","3","0","3"
"1000000US500019606002045","Block 2045, Block Group 2, Census Tract 9606, Addison County, Vermont","0","0","0"
"1000000US500019606002046","Block 2046, Block Group 2, Census Tract 9606, Addison County, Vermont","1","0","1"
"1000000US500019606002047","Block 2047, Block Group 2, Census Tract 9606, Addison County, Vermont","4","3","1"
"1000000US500019606002048","Block 2048, Block Group 2, Census Tract 9606, Addison County, Vermont","1","0","1"
"1000000US500019606002049","Block 2049, Block Group 2, Census Tract 9606, Addison County, Vermont","5","4","1"
"1000000US500019606002050","Block 2050, Block Group 2, Census Tract 9606, Addison County, Vermont","6","6","0"
"1000000US500019606002051","Block 2051, Block Group 2, Census Tract 9606, Addison County, Vermont","1","1","0"
"1000000US500019606002052","Block 2052, Block Group 2, Census Tract 9606, Addison County, Vermont","2","0","2"
"1000000US500019606002053","Block 2053, Block Group 2, Census Tract 9606, Addison County, Vermont","1","0","1"
"1000000US500019606002054","Block 2054, Block Group 2, Census Tract 9606, Addison County, Vermont","1","1","0"
"1000000US500019606002055","Block 2055, Block Group 2, Census Tract 9606, Addison County, Vermont","0","0","0"
"1000000US500019606002056","Block 2056, Block Group 2, Census Tract 9606, Addison County, Vermont","0","0","0"
"1000000US500019606002057","Block 2057, Block Group 2, Census Tract 9606, Addison County, Vermont","0","0","0"
"1000000US500019606002058","Block 2058, Block Group 2, Census Tract 9606, Addison County, Vermont","1","1","0"
"1000000US500019606002059","Block 2059, Block Group 2, Census Tract 9606, Addison County, Vermont","1","0","1"
"1000000US500019606002060","Block 2060, Block Group 2, Census Tract 9606, Addison County, Vermont","1","0","1"
"1000000US500019606002061","Block 2061, Block Group 2, Census Tract 9606, Addison County, Vermont","36","25","11"
"1000000US500019606002062","Block 2062, Block Group 2, Census Tract 9606, Addison County, Vermont","0","0","0"
"1000000US500019606002063","Block 2063, Block Group 2, Census Tract 9606, Addison County, Vermont","0","0","0"
"1000000US500019606002064","Block 2064, Block Group 2, Census Tract 9606, Addison County, Vermont","0","0","0"
"1000000US500019606002065","Block 2065, Block Group 2, Census Tract 9606, Addison County, Vermont","3","1","2"
"1000000US500019606002066","Block 2066, Block Group 2, Census Tract 9606, Addison County, Vermont","4","4","0"
"1000000US500019606002067","Block 2067, Block Group 2, Census Tract 9606, Addison County, Vermont","0","0","0"
"1000000US500019606002068","Block 2068, Block Group 2, Census Tract 9606, Addison County, Vermont","3","1","2"
"1000000US500019606002069","Block 2069, Block Group 2, Census Tract 9606, Addison County, Vermont","0","0","0"
"1000000US500019606002070","Block 2070, Block Group 2, Census Tract 9606, Addison County, Vermont","4","3","1"
"1000000US500019606002071","Block 2071, Block Group 2, Census Tract 9606, Addison County, Vermont","1","1","0"
"1000000US500019606002072","Block 2072, Block Group 2, Census Tract 9606, Addison County, Vermont","1","1","0"
"1000000US500019606002073","Block 2073, Block Group 2, Census Tract 9606, Addison County, Vermont","0","0","0"
"1000000US500019606002074","Block 2074, Block Group 2, Census Tract 9606, Addison County, Vermont","3","2","1"
"1000000US500019606002075","Block 2075, Block Group 2, Census Tract 9606, Addison County, Vermont","20","12","8"
"1000000US500019606002076","Block 2076, Block Group 2, Census Tract 9606, Addison County, Vermont","0","0","0"
"1000000US500019606002077","Block 2077, Block Group 2, Census Tract 9606, Addison County, Vermont","0","0","0"
"1000000US500019606002078","Block 2078, Block Group 2, Census Tract 9606, Addison County, Vermont","1","1","0"
"1000000US500019606002079","Block 2079, Block Group 2, Census Tract 9606, Addison County, Vermont","0","0","0"
"1000000US500019606002080","Block 2080, Block Group 2, Census Tract 9606, Addison County, Vermont","6","2","4"
"1000000US500019606002081","Block 2081, Block Group 2, Census Tract 9606, Addison County, Vermont","1","1","0"
"1000000US500019606002082","Block 2082, Block Group 2, Census Tract 9606, Addison County, Vermont","2","2","0"
"1000000US500019606002083","Block 2083, Block Group 2, Census Tract 9606, Addison County, Vermont","10","7","3"
"1000000US500019606002084","Block 2084, Block Group 2, Census Tract 9606, Addison County, Vermont","0","0","0"
"1000000US500019606002085","Block 2085, Block Group 2, Census Tract 9606, Addison County, Vermont","0","0","0"
"1000000US500019606002086","Block 2086, Block Group 2, Census Tract 9606, Addison County, Vermont","11","10","1"
"1000000US500019606002087","Block 2087, Block Group 2, Census Tract 9606, Addison County, Vermont","0","0","0"
"1000000US500019606002088","Block 2088, Block Group 2, Census Tract 9606, Addison County, Vermont","4","0","4"
"1000000US500019606002089","Block 2089, Block Group 2, Census Tract 9606, Addison County, Vermont","1","0","1"
"1000000US500019606002090","Block 2090, Block Group 2, Census Tract 9606, Addison County, Vermont","2","0","2"
"1000000US500019606002091","Block 2091, Block Group 2, Census Tract 9606, Addison County, Vermont","3","2","1"
"1000000US500019606002092","Block 2092, Block Group 2, Census Tract 9606, Addison County, Vermont","1","0","1"
"1000000US500019606002093","Block 2093, Block Group 2, Census Tract 9606, Addison County, Vermont","0","0","0"
"1000000US500019606002094","Block 2094, Block Group 2, Census Tract 9606, Addison County, Vermont","0","0","0"
"1000000US500019606002095","Block 2095, Block Group 2, Census Tract 9606, Addison County, Vermont","0","0","0"
"1000000US500019606003000","Block 3000, Block Group 3, Census Tract 9606, Addison County, Vermont","6","6","0"
"1000000US500019606003001","Block 3001, Block Group 3, Census Tract 9606, Addison County, Vermont","3","3","0"
"1000000US500019606003002","Block 3002, Block Group 3, Census Tract 9606, Addison County, Vermont","0","0","0"
"1000000US500019606003003","Block 3003, Block Group 3, Census Tract 9606, Addison County, Vermont","0","0","0"
"1000000US500019606003004","Block 3004, Block Group 3, Census Tract 9606, Addison County, Vermont","20","11","9"
"1000000US500019606003005","Block 3005, Block Group 3, Census Tract 9606, Addison County, Vermont","1","1","0"
"1000000US500019606003006","Block 3006, Block Group 3, Census Tract 9606, Addison County, Vermont","0","0","0"
"1000000US500019606003007","Block 3007, Block Group 3, Census Tract 9606, Addison County, Vermont","0","0","0"
"1000000US500019606003008","Block 3008, Block Group 3, Census Tract 9606, Addison County, Vermont","0","0","0"
"1000000US500019606003009","Block 3009, Block Group 3, Census Tract 9606, Addison County, Vermont","0","0","0"
"1000000US500019606003010","Block 3010, Block Group 3, Census Tract 9606, Addison County, Vermont","0","0","0"
"1000000US500019606003011","Block 3011, Block Group 3, Census Tract 9606, Addison County, Vermont","0","0","0"
"1000000US500019606003012","Block 3012, Block Group 3, Census Tract 9606, Addison County, Vermont","0","0","0"
"1000000US500019606003013","Block 3013, Block Group 3, Census Tract 9606, Addison County, Vermont","0","0","0"
"1000000US500019606003014","Block 3014, Block Group 3, Census Tract 9606, Addison County, Vermont","0","0","0"
"1000000US500019606003015","Block 3015, Block Group 3, Census Tract 9606, Addison County, Vermont","12","8","4"
"1000000US500019606003016","Block 3016, Block Group 3, Census Tract 9606, Addison County, Vermont","0","0","0"
"1000000US500019606003017","Block 3017, Block Group 3, Census Tract 9606, Addison County, Vermont","3","2","1"
"1000000US500019606003018","Block 3018, Block Group 3, Census Tract 9606, Addison County, Vermont","39","26","13"
"1000000US500019606003019","Block 3019, Block Group 3, Census Tract 9606, Addison County, Vermont","3","2","1"
"1000000US500019606003020","Block 3020, Block Group 3, Census Tract 9606, Addison County, Vermont","0","0","0"
"1000000US500019606003021","Block 3021, Block Group 3, Census Tract 9606, Addison County, Vermont","1","0","1"
"1000000US500019606003022","Block 3022, Block Group 3, Census Tract 9606, Addison County, Vermont","0","0","0"
"1000000US500019606003023","Block 3023, Block Group 3, Census Tract 9606, Addison County, Vermont","0","0","0"
"1000000US500019606003024","Block 3024, Block Group 3, Census Tract 9606, Addison County, Vermont","32","17","15"
"1000000US500019606003025","Block 3025, Block Group 3, Census Tract 9606, Addison County, Vermont","4","1","3"
"1000000US500019606003026","Block 3026, Block Group 3, Census Tract 9606, Addison County, Vermont","0","0","0"
"1000000US500019606003027","Block 3027, Block Group 3, Census Tract 9606, Addison County, Vermont","23","10","13"
"1000000US500019606003028","Block 3028, Block Group 3, Census Tract 9606, Addison County, Vermont","0","0","0"
"1000000US500019606003029","Block 3029, Block Group 3, Census Tract 9606, Addison County, Vermont","8","3","5"
"1000000US500019606003030","Block 3030, Block Group 3, Census Tract 9606, Addison County, Vermont","6","4","2"
"1000000US500019606003031","Block 3031, Block Group 3, Census Tract 9606, Addison County, Vermont","0","0","0"
"1000000US500019606003032","Block 3032, Block Group 3, Census Tract 9606, Addison County, Vermont","0","0","0"
"1000000US500019606003033","Block 3033, Block Group 3, Census Tract 9606, Addison County, Vermont","0","0","0"
"1000000US500019606003034","Block 3034, Block Group 3, Census Tract 9606, Addison County, Vermont","3","0","3"
"1000000US500019606003035","Block 3035, Block Group 3, Census Tract 9606, Addison County, Vermont","0","0","0"
"1000000US500019606003036","Block 3036, Block Group 3, Census Tract 9606, Addison County, Vermont","0","0","0"
"1000000US500019606003037","Block 3037, Block Group 3, Census Tract 9606, Addison County, Vermont","1","1","0"
"1000000US500019606003038","Block 3038, Block Group 3, Census Tract 9606, Addison County, Vermont","11","5","6"
"1000000US500019606003039","Block 3039, Block Group 3, Census Tract 9606, Addison County, Vermont","5","2","3"
"1000000US500019606003040","Block 3040, Block Group 3, Census Tract 9606, Addison County, Vermont","6","6","0"
"1000000US500019606003041","Block 3041, Block Group 3, Census Tract 9606, Addison County, Vermont","0","0","0"
"1000000US500019606003042","Block 3042, Block Group 3, Census Tract 9606, Addison County, Vermont","2","2","0"
"1000000US500019606003043","Block 3043, Block Group 3, Census Tract 9606, Addison County, Vermont","0","0","0"
"1000000US500019606003044","Block 3044, Block Group 3, Census Tract 9606, Addison County, Vermont","0","0","0"
"1000000US500019606003045","Block 3045, Block Group 3, Census Tract 9606, Addison County, Vermont","0","0","0"
"1000000US500019606003046","Block 3046, Block Group 3, Census Tract 9606, Addison County, Vermont","0","0","0"
"1000000US500019606003047","Block 3047, Block Group 3, Census Tract 9606, Addison County, Vermont","0","0","0"
"1000000US500019606003048","Block 3048, Block Group 3, Census Tract 9606, Addison County, Vermont","0","0","0"
"1000000US500019606003049","Block 3049, Block Group 3, Census Tract 9606, Addison County, Vermont","0","0","0"
"1000000US500019606003050","Block 3050, Block Group 3, Census Tract 9606, Addison County, Vermont","0","0","0"
"1000000US500019606003051","Block 3051, Block Group 3, Census Tract 9606, Addison County, Vermont","0","0","0"
"1000000US500019606003052","Block 3052, Block Group 3, Census Tract 9606, Addison County, Vermont","15","5","10"
"1000000US500019606003053","Block 3053, Block Group 3, Census Tract 9606, Addison County, Vermont","0","0","0"
"1000000US500019606003054","Block 3054, Block Group 3, Census Tract 9606, Addison County, Vermont","0","0","0"
"1000000US500019606003055","Block 3055, Block Group 3, Census Tract 9606, Addison County, Vermont","0","0","0"
"1000000US500019606003056","Block 3056, Block Group 3, Census Tract 9606, Addison County, Vermont","3","0","3"
"1000000US500019606003057","Block 3057, Block Group 3, Census Tract 9606, Addison County, Vermont","0","0","0"
"1000000US500019606003058","Block 3058, Block Group 3, Census Tract 9606, Addison County, Vermont","2","1","1"
"1000000US500019606003059","Block 3059, Block Group 3, Census Tract 9606, Addison County, Vermont","0","0","0"
"1000000US500019606003060","Block 3060, Block Group 3, Census Tract 9606, Addison County, Vermont","0","0","0"
"1000000US500019606003061","Block 3061, Block Group 3, Census Tract 9606, Addison County, Vermont","0","0","0"
"1000000US500019606003062","Block 3062, Block Group 3, Census Tract 9606, Addison County, Vermont","0","0","0"
"1000000US500019606003063","Block 3063, Block Group 3, Census Tract 9606, Addison County, Vermont","0","0","0"
"1000000US500019606003064","Block 3064, Block Group 3, Census Tract 9606, Addison County, Vermont","3","3","0"
"1000000US500019606003065","Block 3065, Block Group 3, Census Tract 9606, Addison County, Vermont","47","34","13"
"1000000US500019606003066","Block 3066, Block Group 3, Census Tract 9606, Addison County, Vermont","1","1","0"
"1000000US500019606003067","Block 3067, Block Group 3, Census Tract 9606, Addison County, Vermont","0","0","0"
"1000000US500019606003068","Block 3068, Block Group 3, Census Tract 9606, Addison County, Vermont","4","3","1"
"1000000US500019606003069","Block 3069, Block Group 3, Census Tract 9606, Addison County, Vermont","3","3","0"
"1000000US500019606003070","Block 3070, Block Group 3, Census Tract 9606, Addison County, Vermont","0","0","0"
"1000000US500019606003071","Block 3071, Block Group 3, Census Tract 9606, Addison County, Vermont","12","10","2"
"1000000US500019606003072","Block 3072, Block Group 3, Census Tract 9606, Addison County, Vermont","3","3","0"
"1000000US500019606003073","Block 3073, Block Group 3, Census Tract 9606, Addison County, Vermont","18","8","10"
"1000000US500019606003074","Block 3074, Block Group 3, Census Tract 9606, Addison County, Vermont","0","0","0"
"1000000US500019606003075","Block 3075, Block Group 3, Census Tract 9606, Addison County, Vermont","0","0","0"
"1000000US500019606003076","Block 3076, Block Group 3, Census Tract 9606, Addison County, Vermont","28","24","4"
"1000000US500019606003077","Block 3077, Block Group 3, Census Tract 9606, Addison County, Vermont","48","31","17"
"1000000US500019606003078","Block 3078, Block Group 3, Census Tract 9606, Addison County, Vermont","0","0","0"
"1000000US500019606003079","Block 3079, Block Group 3, Census Tract 9606, Addison County, Vermont","0","0","0"
"1000000US500019606003080","Block 3080, Block Group 3, Census Tract 9606, Addison County, Vermont","2","1","1"
"1000000US500019606003081","Block 3081, Block Group 3, Census Tract 9606, Addison County, Vermont","0","0","0"
"1000000US500019606003082","Block 3082, Block Group 3, Census Tract 9606, Addison County, Vermont","0","0","0"
"1000000US500019606003083","Block 3083, Block Group 3, Census Tract 9606, Addison County, Vermont","0","0","0"
"1000000US500019606003084","Block 3084, Block Group 3, Census Tract 9606, Addison County, Vermont","3","2","1"
"1000000US500019606003085","Block 3085, Block Group 3, Census Tract 9606, Addison County, Vermont","0","0","0"
"1000000US500019606003086","Block 3086, Block Group 3, Census Tract 9606, Addison County, Vermont","0","0","0"
"1000000US500019606003087","Block 3087, Block Group 3, Census Tract 9606, Addison County, Vermont","2","2","0"
"1000000US500019606003088","Block 3088, Block Group 3, Census Tract 9606, Addison County, Vermont","1","0","1"
"1000000US500019606003089","Block 3089, Block Group 3, Census Tract 9606, Addison County, Vermont","0","0","0"
"1000000US500019606003090","Block 3090, Block Group 3, Census Tract 9606, Addison County, Vermont","0","0","0"
"1000000US500019606003091","Block 3091, Block Group 3, Census Tract 9606, Addison County, Vermont","0","0","0"
"1000000US500019606003092","Block 3092, Block Group 3, Census Tract 9606, Addison County, Vermont","0","0","0"
"1000000US500019606003093","Block 3093, Block Group 3, Census Tract 9606, Addison County, Vermont","6","3","3"
"1000000US500019606003094","Block 3094, Block Group 3, Census Tract 9606, Addison County, Vermont","0","0","0"
"1000000US500019606003095","Block 3095, Block Group 3, Census Tract 9606, Addison County, Vermont","0","0","0"
"1000000US500019606003096","Block 3096, Block Group 3, Census Tract 9606, Addison County, Vermont","0","0","0"
"1000000US500019606003097","Block 3097, Block Group 3, Census Tract 9606, Addison County, Vermont","1","1","0"
"1000000US500019606003098","Block 3098, Block Group 3, Census Tract 9606, Addison County, Vermont","0","0","0"
"1000000US500019606003099","Block 3099, Block Group 3, Census Tract 9606, Addison County, Vermont","9","2","7"
"1000000US500019606003100","Block 3100, Block Group 3, Census Tract 9606, Addison County, Vermont","1","0","1"
"1000000US500019606003101","Block 3101, Block Group 3, Census Tract 9606, Addison County, Vermont","17","8","9"
"1000000US500019606003102","Block 3102, Block Group 3, Census Tract 9606, Addison County, Vermont","8","6","2"
"1000000US500019606003103","Block 3103, Block Group 3, Census Tract 9606, Addison County, Vermont","0","0","0"
"1000000US500019606003104","Block 3104, Block Group 3, Census Tract 9606, Addison County, Vermont","4","4","0"
"1000000US500019606003105","Block 3105, Block Group 3, Census Tract 9606, Addison County, Vermont","9","9","0"
"1000000US500019606003106","Block 3106, Block Group 3, Census Tract 9606, Addison County, Vermont","1","1","0"
"1000000US500019606003107","Block 3107, Block Group 3, Census Tract 9606, Addison County, Vermont","0","0","0"
"1000000US500019606003108","Block 3108, Block Group 3, Census Tract 9606, Addison County, Vermont","3","2","1"
"1000000US500019606003109","Block 3109, Block Group 3, Census Tract 9606, Addison County, Vermont","0","0","0"
"1000000US500019606003110","Block 3110, Block Group 3, Census Tract 9606, Addison County, Vermont","0","0","0"
"1000000US500019606003111","Block 3111, Block Group 3, Census Tract 9606, Addison County, Vermont","3","3","0"
"1000000US500019606003112","Block 3112, Block Group 3, Census Tract 9606, Addison County, Vermont","2","2","0"
"1000000US500019606003113","Block 3113, Block Group 3, Census Tract 9606, Addison County, Vermont","0","0","0"
"1000000US500019606003114","Block 3114, Block Group 3, Census Tract 9606, Addison County, Vermont","2","2","0"
"1000000US500019606003115","Block 3115, Block Group 3, Census Tract 9606, Addison County, Vermont","2","2","0"
"1000000US500019607001000","Block 1000, Block Group 1, Census Tract 9607, Addison County, Vermont","176","166","10"
"1000000US500019607001001","Block 1001, Block Group 1, Census Tract 9607, Addison County, Vermont","0","0","0"
"1000000US500019607001002","Block 1002, Block Group 1, Census Tract 9607, Addison County, Vermont","9","9","0"
"1000000US500019607001003","Block 1003, Block Group 1, Census Tract 9607, Addison County, Vermont","1","1","0"
"1000000US500019607001004","Block 1004, Block Group 1, Census Tract 9607, Addison County, Vermont","0","0","0"
"1000000US500019607001005","Block 1005, Block Group 1, Census Tract 9607, Addison County, Vermont","0","0","0"
"1000000US500019607001006","Block 1006, Block Group 1, Census Tract 9607, Addison County, Vermont","23","22","1"
"1000000US500019607001007","Block 1007, Block Group 1, Census Tract 9607, Addison County, Vermont","16","15","1"
"1000000US500019607001008","Block 1008, Block Group 1, Census Tract 9607, Addison County, Vermont","5","5","0"
"1000000US500019607001009","Block 1009, Block Group 1, Census Tract 9607, Addison County, Vermont","4","4","0"
"1000000US500019607001010","Block 1010, Block Group 1, Census Tract 9607, Addison County, Vermont","15","15","0"
"1000000US500019607001011","Block 1011, Block Group 1, Census Tract 9607, Addison County, Vermont","25","23","2"
"1000000US500019607001012","Block 1012, Block Group 1, Census Tract 9607, Addison County, Vermont","0","0","0"
"1000000US500019607001013","Block 1013, Block Group 1, Census Tract 9607, Addison County, Vermont","15","14","1"
"1000000US500019607001014","Block 1014, Block Group 1, Census Tract 9607, Addison County, Vermont","0","0","0"
"1000000US500019607001015","Block 1015, Block Group 1, Census Tract 9607, Addison County, Vermont","0","0","0"
"1000000US500019607001016","Block 1016, Block Group 1, Census Tract 9607, Addison County, Vermont","0","0","0"
"1000000US500019607001017","Block 1017, Block Group 1, Census Tract 9607, Addison County, Vermont","47","42","5"
"1000000US500019607001018","Block 1018, Block Group 1, Census Tract 9607, Addison County, Vermont","0","0","0"
"1000000US500019607001019","Block 1019, Block Group 1, Census Tract 9607, Addison County, Vermont","0","0","0"
"1000000US500019607001020","Block 1020, Block Group 1, Census Tract 9607, Addison County, Vermont","0","0","0"
"1000000US500019607001021","Block 1021, Block Group 1, Census Tract 9607, Addison County, Vermont","6","5","1"
"1000000US500019607001022","Block 1022, Block Group 1, Census Tract 9607, Addison County, Vermont","2","2","0"
"1000000US500019607001023","Block 1023, Block Group 1, Census Tract 9607, Addison County, Vermont","0","0","0"
"1000000US500019607001024","Block 1024, Block Group 1, Census Tract 9607, Addison County, Vermont","58","52","6"
"1000000US500019607001025","Block 1025, Block Group 1, Census Tract 9607, Addison County, Vermont","2","2","0"
"1000000US500019607001026","Block 1026, Block Group 1, Census Tract 9607, Addison County, Vermont","0","0","0"
"1000000US500019607001027","Block 1027, Block Group 1, Census Tract 9607, Addison County, Vermont","8","8","0"
"1000000US500019607001028","Block 1028, Block Group 1, Census Tract 9607, Addison County, Vermont","2","0","2"
"1000000US500019607001029","Block 1029, Block Group 1, Census Tract 9607, Addison County, Vermont","3","2","1"
"1000000US500019607001030","Block 1030, Block Group 1, Census Tract 9607, Addison County, Vermont","3","3","0"
"1000000US500019607001031","Block 1031, Block Group 1, Census Tract 9607, Addison County, Vermont","0","0","0"
"1000000US500019607001032","Block 1032, Block Group 1, Census Tract 9607, Addison County, Vermont","0","0","0"
"1000000US500019607001033","Block 1033, Block Group 1, Census Tract 9607, Addison County, Vermont","0","0","0"
"1000000US500019607002000","Block 2000, Block Group 2, Census Tract 9607, Addison County, Vermont","10","10","0"
"1000000US500019607002001","Block 2001, Block Group 2, Census Tract 9607, Addison County, Vermont","4","4","0"
"1000000US500019607002002","Block 2002, Block Group 2, Census Tract 9607, Addison County, Vermont","0","0","0"
"1000000US500019607002003","Block 2003, Block Group 2, Census Tract 9607, Addison County, Vermont","11","8","3"
"1000000US500019607002004","Block 2004, Block Group 2, Census Tract 9607, Addison County, Vermont","28","28","0"
"1000000US500019607002005","Block 2005, Block Group 2, Census Tract 9607, Addison County, Vermont","0","0","0"
"1000000US500019607002006","Block 2006, Block Group 2, Census Tract 9607, Addison County, Vermont","5","5","0"
"1000000US500019607002007","Block 2007, Block Group 2, Census Tract 9607, Addison County, Vermont","43","42","1"
"1000000US500019607002008","Block 2008, Block Group 2, Census Tract 9607, Addison County, Vermont","0","0","0"
"1000000US500019607002009","Block 2009, Block Group 2, Census Tract 9607, Addison County, Vermont","0","0","0"
"1000000US500019607002010","Block 2010, Block Group 2, Census Tract 9607, Addison County, Vermont","50","48","2"
"1000000US500019607002011","Block 2011, Block Group 2, Census Tract 9607, Addison County, Vermont","4","4","0"
"1000000US500019607002012","Block 2012, Block Group 2, Census Tract 9607, Addison County, Vermont","1","1","0"
"1000000US500019607002013","Block 2013, Block Group 2, Census Tract 9607, Addison County, Vermont","10","10","0"
"1000000US500019607002014","Block 2014, Block Group 2, Census Tract 9607, Addison County, Vermont","62","59","3"
"1000000US500019607002015","Block 2015, Block Group 2, Census Tract 9607, Addison County, Vermont","9","9","0"
"1000000US500019607002016","Block 2016, Block Group 2, Census Tract 9607, Addison County, Vermont","5","5","0"
"1000000US500019607002017","Block 2017, Block Group 2, Census Tract 9607, Addison County, Vermont","99","92","7"
"1000000US500019607002018","Block 2018, Block Group 2, Census Tract 9607, Addison County, Vermont","8","8","0"
"1000000US500019607002019","Block 2019, Block Group 2, Census Tract 9607, Addison County, Vermont","0","0","0"
"1000000US500019607002020","Block 2020, Block Group 2, Census Tract 9607, Addison County, Vermont","6","5","1"
"1000000US500019607002021","Block 2021, Block Group 2, Census Tract 9607, Addison County, Vermont","9","8","1"
"1000000US500019607002022","Block 2022, Block Group 2, Census Tract 9607, Addison County, Vermont","23","23","0"
"1000000US500019607003000","Block 3000, Block Group 3, Census Tract 9607, Addison County, Vermont","242","231","11"
"1000000US500019607003001","Block 3001, Block Group 3, Census Tract 9607, Addison County, Vermont","0","0","0"
"1000000US500019607003002","Block 3002, Block Group 3, Census Tract 9607, Addison County, Vermont","0","0","0"
"1000000US500019607003003","Block 3003, Block Group 3, Census Tract 9607, Addison County, Vermont","1","1","0"
"1000000US500019607003004","Block 3004, Block Group 3, Census Tract 9607, Addison County, Vermont","0","0","0"
"1000000US500019607003005","Block 3005, Block Group 3, Census Tract 9607, Addison County, Vermont","13","13","0"
"1000000US500019607003006","Block 3006, Block Group 3, Census Tract 9607, Addison County, Vermont","152","149","3"
"1000000US500019607003007","Block 3007, Block Group 3, Census Tract 9607, Addison County, Vermont","11","10","1"
"1000000US500019607003008","Block 3008, Block Group 3, Census Tract 9607, Addison County, Vermont","15","12","3"
"1000000US500019607003009","Block 3009, Block Group 3, Census Tract 9607, Addison County, Vermont","33","32","1"
"1000000US500019607003010","Block 3010, Block Group 3, Census Tract 9607, Addison County, Vermont","7","6","1"
"1000000US500019607003011","Block 3011, Block Group 3, Census Tract 9607, Addison County, Vermont","0","0","0"
"1000000US500019607003012","Block 3012, Block Group 3, Census Tract 9607, Addison County, Vermont","108","97","11"
"1000000US500019607003013","Block 3013, Block Group 3, Census Tract 9607, Addison County, Vermont","2","1","1"
"1000000US500019607003014","Block 3014, Block Group 3, Census Tract 9607, Addison County, Vermont","0","0","0"
"1000000US500019607003015","Block 3015, Block Group 3, Census Tract 9607, Addison County, Vermont","13","12","1"
"1000000US500019607003016","Block 3016, Block Group 3, Census Tract 9607, Addison County, Vermont","27","25","2"
"1000000US500019607003017","Block 3017, Block Group 3, Census Tract 9607, Addison County, Vermont","14","14","0"
"1000000US500019607003018","Block 3018, Block Group 3, Census Tract 9607, Addison County, Vermont","43","39","4"
"1000000US500019607003019","Block 3019, Block Group 3, Census Tract 9607, Addison County, Vermont","12","12","0"
"1000000US500019607003020","Block 3020, Block Group 3, Census Tract 9607, Addison County, Vermont","11","11","0"
"1000000US500019607004000","Block 4000, Block Group 4, Census Tract 9607, Addison County, Vermont","23","22","1"
"1000000US500019607004001","Block 4001, Block Group 4, Census Tract 9607, Addison County, Vermont","0","0","0"
"1000000US500019607004002","Block 4002, Block Group 4, Census Tract 9607, Addison County, Vermont","13","12","1"
"1000000US500019607004003","Block 4003, Block Group 4, Census Tract 9607, Addison County, Vermont","12","10","2"
"1000000US500019607004004","Block 4004, Block Group 4, Census Tract 9607, Addison County, Vermont","1","1","0"
"1000000US500019607004005","Block 4005, Block Group 4, Census Tract 9607, Addison County, Vermont","0","0","0"
"1000000US500019607004006","Block 4006, Block Group 4, Census Tract 9607, Addison County, Vermont","0","0","0"
"1000000US500019607004007","Block 4007, Block Group 4, Census Tract 9607, Addison County, Vermont","24","22","2"
"1000000US500019607004008","Block 4008, Block Group 4, Census Tract 9607, Addison County, Vermont","11","11","0"
"1000000US500019607004009","Block 4009, Block Group 4, Census Tract 9607, Addison County, Vermont","0","0","0"
"1000000US500019607004010","Block 4010, Block Group 4, Census Tract 9607, Addison County, Vermont","0","0","0"
"1000000US500019607004011","Block 4011, Block Group 4, Census Tract 9607, Addison County, Vermont","99","94","5"
"1000000US500019607004012","Block 4012, Block Group 4, Census Tract 9607, Addison County, Vermont","4","4","0"
"1000000US500019607004013","Block 4013, Block Group 4, Census Tract 9607, Addison County, Vermont","15","12","3"
"1000000US500019607004014","Block 4014, Block Group 4, Census Tract 9607, Addison County, Vermont","4","4","0"
"1000000US500019607004015","Block 4015, Block Group 4, Census Tract 9607, Addison County, Vermont","12","10","2"
"1000000US500019607004016","Block 4016, Block Group 4, Census Tract 9607, Addison County, Vermont","0","0","0"
"1000000US500019607004017","Block 4017, Block Group 4, Census Tract 9607, Addison County, Vermont","0","0","0"
"1000000US500019607004018","Block 4018, Block Group 4, Census Tract 9607, Addison County, Vermont","21","20","1"
"1000000US500019607004019","Block 4019, Block Group 4, Census Tract 9607, Addison County, Vermont","17","15","2"
"1000000US500019607004020","Block 4020, Block Group 4, Census Tract 9607, Addison County, Vermont","0","0","0"
"1000000US500019607004021","Block 4021, Block Group 4, Census Tract 9607, Addison County, Vermont","0","0","0"
"1000000US500019607004022","Block 4022, Block Group 4, Census Tract 9607, Addison County, Vermont","0","0","0"
"1000000US500019607004023","Block 4023, Block Group 4, Census Tract 9607, Addison County, Vermont","5","5","0"
"1000000US500019607004024","Block 4024, Block Group 4, Census Tract 9607, Addison County, Vermont","11","9","2"
"1000000US500019607004025","Block 4025, Block Group 4, Census Tract 9607, Addison County, Vermont","0","0","0"
"1000000US500019607004026","Block 4026, Block Group 4, Census Tract 9607, Addison County, Vermont","0","0","0"
"1000000US500019607004027","Block 4027, Block Group 4, Census Tract 9607, Addison County, Vermont","36","34","2"
"1000000US500019607004028","Block 4028, Block Group 4, Census Tract 9607, Addison County, Vermont","0","0","0"
"1000000US500019607004029","Block 4029, Block Group 4, Census Tract 9607, Addison County, Vermont","31","30","1"
"1000000US500019607004030","Block 4030, Block Group 4, Census Tract 9607, Addison County, Vermont","0","0","0"
"1000000US500019607004031","Block 4031, Block Group 4, Census Tract 9607, Addison County, Vermont","0","0","0"
"1000000US500019607004032","Block 4032, Block Group 4, Census Tract 9607, Addison County, Vermont","0","0","0"
"1000000US500019607004033","Block 4033, Block Group 4, Census Tract 9607, Addison County, Vermont","9","8","1"
"1000000US500019607004034","Block 4034, Block Group 4, Census Tract 9607, Addison County, Vermont","0","0","0"
"1000000US500019607004035","Block 4035, Block Group 4, Census Tract 9607, Addison County, Vermont","1","1","0"
"1000000US500019608001000","Block 1000, Block Group 1, Census Tract 9608, Addison County, Vermont","9","7","2"
"1000000US500019608001001","Block 1001, Block Group 1, Census Tract 9608, Addison County, Vermont","7","7","0"
"1000000US500019608001002","Block 1002, Block Group 1, Census Tract 9608, Addison County, Vermont","6","6","0"
"1000000US500019608001003","Block 1003, Block Group 1, Census Tract 9608, Addison County, Vermont","85","81","4"
"1000000US500019608001004","Block 1004, Block Group 1, Census Tract 9608, Addison County, Vermont","0","0","0"
"1000000US500019608001005","Block 1005, Block Group 1, Census Tract 9608, Addison County, Vermont","91","79","12"
"1000000US500019608001006","Block 1006, Block Group 1, Census Tract 9608, Addison County, Vermont","0","0","0"
"1000000US500019608001007","Block 1007, Block Group 1, Census Tract 9608, Addison County, Vermont","0","0","0"
"1000000US500019608001008","Block 1008, Block Group 1, Census Tract 9608, Addison County, Vermont","0","0","0"
"1000000US500019608001009","Block 1009, Block Group 1, Census Tract 9608, Addison County, Vermont","0","0","0"
"1000000US500019608001010","Block 1010, Block Group 1, Census Tract 9608, Addison County, Vermont","32","28","4"
"1000000US500019608001011","Block 1011, Block Group 1, Census Tract 9608, Addison County, Vermont","44","41","3"
"1000000US500019608001012","Block 1012, Block Group 1, Census Tract 9608, Addison County, Vermont","31","29","2"
"1000000US500019608001013","Block 1013, Block Group 1, Census Tract 9608, Addison County, Vermont","8","8","0"
"1000000US500019608001014","Block 1014, Block Group 1, Census Tract 9608, Addison County, Vermont","42","32","10"
"1000000US500019608001015","Block 1015, Block Group 1, Census Tract 9608, Addison County, Vermont","0","0","0"
"1000000US500019608001016","Block 1016, Block Group 1, Census Tract 9608, Addison County, Vermont","0","0","0"
"1000000US500019608001017","Block 1017, Block Group 1, Census Tract 9608, Addison County, Vermont","0","0","0"
"1000000US500019608002000","Block 2000, Block Group 2, Census Tract 9608, Addison County, Vermont","0","0","0"
"1000000US500019608002001","Block 2001, Block Group 2, Census Tract 9608, Addison County, Vermont","77","71","6"
"1000000US500019608002002","Block 2002, Block Group 2, Census Tract 9608, Addison County, Vermont","1","1","0"
"1000000US500019608002003","Block 2003, Block Group 2, Census Tract 9608, Addison County, Vermont","71","69","2"
"1000000US500019608002004","Block 2004, Block Group 2, Census Tract 9608, Addison County, Vermont","12","11","1"
"1000000US500019608002005","Block 2005, Block Group 2, Census Tract 9608, Addison County, Vermont","8","6","2"
"1000000US500019608002006","Block 2006, Block Group 2, Census Tract 9608, Addison County, Vermont","0","0","0"
"1000000US500019608002007","Block 2007, Block Group 2, Census Tract 9608, Addison County, Vermont","4","3","1"
"1000000US500019608002008","Block 2008, Block Group 2, Census Tract 9608, Addison County, Vermont","0","0","0"
"1000000US500019608002009","Block 2009, Block Group 2, Census Tract 9608, Addison County, Vermont","0","0","0"
"1000000US500019608002010","Block 2010, Block Group 2, Census Tract 9608, Addison County, Vermont","0","0","0"
"1000000US500019608002011","Block 2011, Block Group 2, Census Tract 9608, Addison County, Vermont","0","0","0"
"1000000US500019608002012","Block 2012, Block Group 2, Census Tract 9608, Addison County, Vermont","0","0","0"
"1000000US500019608002013","Block 2013, Block Group 2, Census Tract 9608, Addison County, Vermont","0","0","0"
"1000000US500019608002014","Block 2014, Block Group 2, Census Tract 9608, Addison County, Vermont","0","0","0"
"1000000US500019608002015","Block 2015, Block Group 2, Census Tract 9608, Addison County, Vermont","3","3","0"
"1000000US500019608002016","Block 2016, Block Group 2, Census Tract 9608, Addison County, Vermont","0","0","0"
"1000000US500019608002017","Block 2017, Block Group 2, Census Tract 9608, Addison County, Vermont","29","19","10"
"1000000US500019608002018","Block 2018, Block Group 2, Census Tract 9608, Addison County, Vermont","16","16","0"
"1000000US500019608002019","Block 2019, Block Group 2, Census Tract 9608, Addison County, Vermont","0","0","0"
"1000000US500019608002020","Block 2020, Block Group 2, Census Tract 9608, Addison County, Vermont","6","5","1"
"1000000US500019608002021","Block 2021, Block Group 2, Census Tract 9608, Addison County, Vermont","51","47","4"
"1000000US500019608002022","Block 2022, Block Group 2, Census Tract 9608, Addison County, Vermont","0","0","0"
"1000000US500019608002023","Block 2023, Block Group 2, Census Tract 9608, Addison County, Vermont","74","65","9"
"1000000US500019608002024","Block 2024, Block Group 2, Census Tract 9608, Addison County, Vermont","0","0","0"
"1000000US500019608002025","Block 2025, Block Group 2, Census Tract 9608, Addison County, Vermont","0","0","0"
"1000000US500019608002026","Block 2026, Block Group 2, Census Tract 9608, Addison County, Vermont","14","10","4"
"1000000US500019608002027","Block 2027, Block Group 2, Census Tract 9608, Addison County, Vermont","11","11","0"
"1000000US500019608002028","Block 2028, Block Group 2, Census Tract 9608, Addison County, Vermont","15","14","1"
"1000000US500019608002029","Block 2029, Block Group 2, Census Tract 9608, Addison County, Vermont","9","8","1"
"1000000US500019608003000","Block 3000, Block Group 3, Census Tract 9608, Addison County, Vermont","0","0","0"
"1000000US500019608003001","Block 3001, Block Group 3, Census Tract 9608, Addison County, Vermont","0","0","0"
"1000000US500019608003002","Block 3002, Block Group 3, Census Tract 9608, Addison County, Vermont","53","52","1"
"1000000US500019608003003","Block 3003, Block Group 3, Census Tract 9608, Addison County, Vermont","0","0","0"
"1000000US500019608003004","Block 3004, Block Group 3, Census Tract 9608, Addison County, Vermont","25","22","3"
"1000000US500019608003005","Block 3005, Block Group 3, Census Tract 9608, Addison County, Vermont","16","13","3"
"1000000US500019608003006","Block 3006, Block Group 3, Census Tract 9608, Addison County, Vermont","0","0","0"
"1000000US500019608003007","Block 3007, Block Group 3, Census Tract 9608, Addison County, Vermont","0","0","0"
"1000000US500019608003008","Block 3008, Block Group 3, Census Tract 9608, Addison County, Vermont","0","0","0"
"1000000US500019608003009","Block 3009, Block Group 3, Census Tract 9608, Addison County, Vermont","0","0","0"
"1000000US500019608003010","Block 3010, Block Group 3, Census Tract 9608, Addison County, Vermont","0","0","0"
"1000000US500019608003011","Block 3011, Block Group 3, Census Tract 9608, Addison County, Vermont","1","1","0"
"1000000US500019608003012","Block 3012, Block Group 3, Census Tract 9608, Addison County, Vermont","33","31","2"
"1000000US500019608003013","Block 3013, Block Group 3, Census Tract 9608, Addison County, Vermont","194","133","61"
"1000000US500019608003014","Block 3014, Block Group 3, Census Tract 9608, Addison County, Vermont","2","1","1"
"1000000US500019608003015","Block 3015, Block Group 3, Census Tract 9608, Addison County, Vermont","5","1","4"
"1000000US500019608003016","Block 3016, Block Group 3, Census Tract 9608, Addison County, Vermont","0","0","0"
"1000000US500019608003017","Block 3017, Block Group 3, Census Tract 9608, Addison County, Vermont","1","1","0"
"1000000US500019608003018","Block 3018, Block Group 3, Census Tract 9608, Addison County, Vermont","36","35","1"
"1000000US500019608003019","Block 3019, Block Group 3, Census Tract 9608, Addison County, Vermont","0","0","0"
"1000000US500019608003020","Block 3020, Block Group 3, Census Tract 9608, Addison County, Vermont","0","0","0"
"1000000US500019608003021","Block 3021, Block Group 3, Census Tract 9608, Addison County, Vermont","1","1","0"
"1000000US500019608003022","Block 3022, Block Group 3, Census Tract 9608, Addison County, Vermont","1","1","0"
"1000000US500019608003023","Block 3023, Block Group 3, Census Tract 9608, Addison County, Vermont","8","6","2"
"1000000US500019608003024","Block 3024, Block Group 3, Census Tract 9608, Addison County, Vermont","0","0","0"
"1000000US500019608003025","Block 3025, Block Group 3, Census Tract 9608, Addison County, Vermont","5","5","0"
"1000000US500019608003026","Block 3026, Block Group 3, Census Tract 9608, Addison County, Vermont","0","0","0"
"1000000US500019608003027","Block 3027, Block Group 3, Census Tract 9608, Addison County, Vermont","10","8","2"
"1000000US500019608003028","Block 3028, Block Group 3, Census Tract 9608, Addison County, Vermont","0","0","0"
"1000000US500019608003029","Block 3029, Block Group 3, Census Tract 9608, Addison County, Vermont","7","6","1"
"1000000US500019608003030","Block 3030, Block Group 3, Census Tract 9608, Addison County, Vermont","16","15","1"
"1000000US500019608003031","Block 3031, Block Group 3, Census Tract 9608, Addison County, Vermont","1","0","1"
"1000000US500019608003032","Block 3032, Block Group 3, Census Tract 9608, Addison County, Vermont","1","1","0"
"1000000US500019608003033","Block 3033, Block Group 3, Census Tract 9608, Addison County, Vermont","0","0","0"
"1000000US500019608003034","Block 3034, Block Group 3, Census Tract 9608, Addison County, Vermont","4","4","0"
"1000000US500019608003035","Block 3035, Block Group 3, Census Tract 9608, Addison County, Vermont","0","0","0"
"1000000US500019608003036","Block 3036, Block Group 3, Census Tract 9608, Addison County, Vermont","0","0","0"
"1000000US500019608003037","Block 3037, Block Group 3, Census Tract 9608, Addison County, Vermont","0","0","0"
"1000000US500019608003038","Block 3038, Block Group 3, Census Tract 9608, Addison County, Vermont","0","0","0"
"1000000US500019608003039","Block 3039, Block Group 3, Census Tract 9608, Addison County, Vermont","3","3","0"
"1000000US500019608003040","Block 3040, Block Group 3, Census Tract 9608, Addison County, Vermont","0","0","0"
"1000000US500019608003041","Block 3041, Block Group 3, Census Tract 9608, Addison County, Vermont","0","0","0"
"1000000US500019608003042","Block 3042, Block Group 3, Census Tract 9608, Addison County, Vermont","0","0","0"
"1000000US500019608003043","Block 3043, Block Group 3, Census Tract 9608, Addison County, Vermont","1","1","0"
"1000000US500019608003044","Block 3044, Block Group 3, Census Tract 9608, Addison County, Vermont","5","3","2"
"1000000US500019608003045","Block 3045, Block Group 3, Census Tract 9608, Addison County, Vermont","0","0","0"
"1000000US500019608003046","Block 3046, Block Group 3, Census Tract 9608, Addison County, Vermont","19","14","5"
"1000000US500019608003047","Block 3047, Block Group 3, Census Tract 9608, Addison County, Vermont","0","0","0"
"1000000US500019608003048","Block 3048, Block Group 3, Census Tract 9608, Addison County, Vermont","4","4","0"
"1000000US500019608003049","Block 3049, Block Group 3, Census Tract 9608, Addison County, Vermont","0","0","0"
"1000000US500019609001000","Block 1000, Block Group 1, Census Tract 9609, Addison County, Vermont","1","0","1"
"1000000US500019609001001","Block 1001, Block Group 1, Census Tract 9609, Addison County, Vermont","28","25","3"
"1000000US500019609001002","Block 1002, Block Group 1, Census Tract 9609, Addison County, Vermont","0","0","0"
"1000000US500019609001003","Block 1003, Block Group 1, Census Tract 9609, Addison County, Vermont","0","0","0"
"1000000US500019609001004","Block 1004, Block Group 1, Census Tract 9609, Addison County, Vermont","6","3","3"
"1000000US500019609001005","Block 1005, Block Group 1, Census Tract 9609, Addison County, Vermont","0","0","0"
"1000000US500019609001006","Block 1006, Block Group 1, Census Tract 9609, Addison County, Vermont","1","1","0"
"1000000US500019609001007","Block 1007, Block Group 1, Census Tract 9609, Addison County, Vermont","8","7","1"
"1000000US500019609001008","Block 1008, Block Group 1, Census Tract 9609, Addison County, Vermont","0","0","0"
"1000000US500019609001009","Block 1009, Block Group 1, Census Tract 9609, Addison County, Vermont","41","39","2"
"1000000US500019609001010","Block 1010, Block Group 1, Census Tract 9609, Addison County, Vermont","0","0","0"
"1000000US500019609001011","Block 1011, Block Group 1, Census Tract 9609, Addison County, Vermont","40","39","1"
"1000000US500019609001012","Block 1012, Block Group 1, Census Tract 9609, Addison County, Vermont","0","0","0"
"1000000US500019609001013","Block 1013, Block Group 1, Census Tract 9609, Addison County, Vermont","0","0","0"
"1000000US500019609001014","Block 1014, Block Group 1, Census Tract 9609, Addison County, Vermont","13","11","2"
"1000000US500019609001015","Block 1015, Block Group 1, Census Tract 9609, Addison County, Vermont","5","5","0"
"1000000US500019609001016","Block 1016, Block Group 1, Census Tract 9609, Addison County, Vermont","10","9","1"
"1000000US500019609001017","Block 1017, Block Group 1, Census Tract 9609, Addison County, Vermont","0","0","0"
"1000000US500019609001018","Block 1018, Block Group 1, Census Tract 9609, Addison County, Vermont","38","33","5"
"1000000US500019609001019","Block 1019, Block Group 1, Census Tract 9609, Addison County, Vermont","15","11","4"
"1000000US500019609001020","Block 1020, Block Group 1, Census Tract 9609, Addison County, Vermont","0","0","0"
"1000000US500019609001021","Block 1021, Block Group 1, Census Tract 9609, Addison County, Vermont","0","0","0"
"1000000US500019609001022","Block 1022, Block Group 1, Census Tract 9609, Addison County, Vermont","5","4","1"
"1000000US500019609001023","Block 1023, Block Group 1, Census Tract 9609, Addison County, Vermont","0","0","0"
"1000000US500019609001024","Block 1024, Block Group 1, Census Tract 9609, Addison County, Vermont","37","32","5"
"1000000US500019609001025","Block 1025, Block Group 1, Census Tract 9609, Addison County, Vermont","3","3","0"
"1000000US500019609001026","Block 1026, Block Group 1, Census Tract 9609, Addison County, Vermont","0","0","0"
"1000000US500019609001027","Block 1027, Block Group 1, Census Tract 9609, Addison County, Vermont","3","3","0"
"1000000US500019609001028","Block 1028, Block Group 1, Census Tract 9609, Addison County, Vermont","7","7","0"
"1000000US500019609001029","Block 1029, Block Group 1, Census Tract 9609, Addison County, Vermont","0","0","0"
"1000000US500019609001030","Block 1030, Block Group 1, Census Tract 9609, Addison County, Vermont","10","9","1"
"1000000US500019609001031","Block 1031, Block Group 1, Census Tract 9609, Addison County, Vermont","0","0","0"
"1000000US500019609001032","Block 1032, Block Group 1, Census Tract 9609, Addison County, Vermont","0","0","0"
"1000000US500019609001033","Block 1033, Block Group 1, Census Tract 9609, Addison County, Vermont","0","0","0"
"1000000US500019609001034","Block 1034, Block Group 1, Census Tract 9609, Addison County, Vermont","23","20","3"
"1000000US500019609001035","Block 1035, Block Group 1, Census Tract 9609, Addison County, Vermont","0","0","0"
"1000000US500019609001036","Block 1036, Block Group 1, Census Tract 9609, Addison County, Vermont","1","0","1"
"1000000US500019609001037","Block 1037, Block Group 1, Census Tract 9609, Addison County, Vermont","0","0","0"
"1000000US500019609001038","Block 1038, Block Group 1, Census Tract 9609, Addison County, Vermont","0","0","0"
"1000000US500019609001039","Block 1039, Block Group 1, Census Tract 9609, Addison County, Vermont","4","3","1"
"1000000US500019609001040","Block 1040, Block Group 1, Census Tract 9609, Addison County, Vermont","7","6","1"
"1000000US500019609001041","Block 1041, Block Group 1, Census Tract 9609, Addison County, Vermont","0","0","0"
"1000000US500019609001042","Block 1042, Block Group 1, Census Tract 9609, Addison County, Vermont","23","23","0"
"1000000US500019609001043","Block 1043, Block Group 1, Census Tract 9609, Addison County, Vermont","0","0","0"
"1000000US500019609001044","Block 1044, Block Group 1, Census Tract 9609, Addison County, Vermont","46","43","3"
"1000000US500019609001045","Block 1045, Block Group 1, Census Tract 9609, Addison County, Vermont","24","21","3"
"1000000US500019609001046","Block 1046, Block Group 1, Census Tract 9609, Addison County, Vermont","4","4","0"
"1000000US500019609001047","Block 1047, Block Group 1, Census Tract 9609, Addison County, Vermont","11","11","0"
"1000000US500019609001048","Block 1048, Block Group 1, Census Tract 9609, Addison County, Vermont","0","0","0"
"1000000US500019609001049","Block 1049, Block Group 1, Census Tract 9609, Addison County, Vermont","0","0","0"
"1000000US500019609001050","Block 1050, Block Group 1, Census Tract 9609, Addison County, Vermont","2","2","0"
"1000000US500019609001051","Block 1051, Block Group 1, Census Tract 9609, Addison County, Vermont","5","5","0"
"1000000US500019609001052","Block 1052, Block Group 1, Census Tract 9609, Addison County, Vermont","22","22","0"
"1000000US500019609001053","Block 1053, Block Group 1, Census Tract 9609, Addison County, Vermont","29","26","3"
"1000000US500019609001054","Block 1054, Block Group 1, Census Tract 9609, Addison County, Vermont","2","2","0"
"1000000US500019609001055","Block 1055, Block Group 1, Census Tract 9609, Addison County, Vermont","0","0","0"
"1000000US500019609001056","Block 1056, Block Group 1, Census Tract 9609, Addison County, Vermont","3","3","0"
"1000000US500019609001057","Block 1057, Block Group 1, Census Tract 9609, Addison County, Vermont","0","0","0"
"1000000US500019609001058","Block 1058, Block Group 1, Census Tract 9609, Addison County, Vermont","2","2","0"
"1000000US500019609001059","Block 1059, Block Group 1, Census Tract 9609, Addison County, Vermont","8","8","0"
"1000000US500019609001060","Block 1060, Block Group 1, Census Tract 9609, Addison County, Vermont","14","13","1"
"1000000US500019609001061","Block 1061, Block Group 1, Census Tract 9609, Addison County, Vermont","5","5","0"
"1000000US500019609001062","Block 1062, Block Group 1, Census Tract 9609, Addison County, Vermont","0","0","0"
"1000000US500019609001063","Block 1063, Block Group 1, Census Tract 9609, Addison County, Vermont","0","0","0"
"1000000US500019609001064","Block 1064, Block Group 1, Census Tract 9609, Addison County, Vermont","1","1","0"
"1000000US500019609001065","Block 1065, Block Group 1, Census Tract 9609, Addison County, Vermont","9","7","2"
"1000000US500019609001066","Block 1066, Block Group 1, Census Tract 9609, Addison County, Vermont","19","19","0"
"1000000US500019609001067","Block 1067, Block Group 1, Census Tract 9609, Addison County, Vermont","0","0","0"
"1000000US500019609001068","Block 1068, Block Group 1, Census Tract 9609, Addison County, Vermont","13","12","1"
"1000000US500019609001069","Block 1069, Block Group 1, Census Tract 9609, Addison County, Vermont","0","0","0"
"1000000US500019609001070","Block 1070, Block Group 1, Census Tract 9609, Addison County, Vermont","0","0","0"
"1000000US500019609001071","Block 1071, Block Group 1, Census Tract 9609, Addison County, Vermont","27","25","2"
"1000000US500019609001072","Block 1072, Block Group 1, Census Tract 9609, Addison County, Vermont","19","16","3"
"1000000US500019609001073","Block 1073, Block Group 1, Census Tract 9609, Addison County, Vermont","0","0","0"
"1000000US500019609001074","Block 1074, Block Group 1, Census Tract 9609, Addison County, Vermont","0","0","0"
"1000000US500019609001075","Block 1075, Block Group 1, Census Tract 9609, Addison County, Vermont","0","0","0"
"1000000US500019609001076","Block 1076, Block Group 1, Census Tract 9609, Addison County, Vermont","11","9","2"
"1000000US500019609001077","Block 1077, Block Group 1, Census Tract 9609, Addison County, Vermont","0","0","0"
"1000000US500019609001078","Block 1078, Block Group 1, Census Tract 9609, Addison County, Vermont","0","0","0"
"1000000US500019609001079","Block 1079, Block Group 1, Census Tract 9609, Addison County, Vermont","0","0","0"
"1000000US500019609001080","Block 1080, Block Group 1, Census Tract 9609, Addison County, Vermont","5","3","2"
"1000000US500019609001081","Block 1081, Block Group 1, Census Tract 9609, Addison County, Vermont","12","11","1"
"1000000US500019609001082","Block 1082, Block Group 1, Census Tract 9609, Addison County, Vermont","6","6","0"
"1000000US500019609001083","Block 1083, Block Group 1, Census Tract 9609, Addison County, Vermont","1","1","0"
"1000000US500019609001084","Block 1084, Block Group 1, Census Tract 9609, Addison County, Vermont","15","14","1"
"1000000US500019609001085","Block 1085, Block Group 1, Census Tract 9609, Addison County, Vermont","0","0","0"
"1000000US500019609001086","Block 1086, Block Group 1, Census Tract 9609, Addison County, Vermont","0","0","0"
"1000000US500019609001087","Block 1087, Block Group 1, Census Tract 9609, Addison County, Vermont","3","3","0"
"1000000US500019609001088","Block 1088, Block Group 1, Census Tract 9609, Addison County, Vermont","3","3","0"
"1000000US500019609001089","Block 1089, Block Group 1, Census Tract 9609, Addison County, Vermont","0","0","0"
"1000000US500019609001090","Block 1090, Block Group 1, Census Tract 9609, Addison County, Vermont","6","6","0"
"1000000US500019609001091","Block 1091, Block Group 1, Census Tract 9609, Addison County, Vermont","5","5","0"
"1000000US500019609001092","Block 1092, Block Group 1, Census Tract 9609, Addison County, Vermont","6","6","0"
"1000000US500019609001093","Block 1093, Block Group 1, Census Tract 9609, Addison County, Vermont","0","0","0"
"1000000US500019609001094","Block 1094, Block Group 1, Census Tract 9609, Addison County, Vermont","10","9","1"
"1000000US500019609001095","Block 1095, Block Group 1, Census Tract 9609, Addison County, Vermont","16","15","1"
"1000000US500019609001096","Block 1096, Block Group 1, Census Tract 9609, Addison County, Vermont","0","0","0"
"1000000US500019609001097","Block 1097, Block Group 1, Census Tract 9609, Addison County, Vermont","0","0","0"
"1000000US500019609001098","Block 1098, Block Group 1, Census Tract 9609, Addison County, Vermont","3","3","0"
"1000000US500019609001099","Block 1099, Block Group 1, Census Tract 9609, Addison County, Vermont","0","0","0"
"1000000US500019609001100","Block 1100, Block Group 1, Census Tract 9609, Addison County, Vermont","0","0","0"
"1000000US500019609001101","Block 1101, Block Group 1, Census Tract 9609, Addison County, Vermont","0","0","0"
"1000000US500019609001102","Block 1102, Block Group 1, Census Tract 9609, Addison County, Vermont","0","0","0"
"1000000US500019609001103","Block 1103, Block Group 1, Census Tract 9609, Addison County, Vermont","1","1","0"
"1000000US500019609001104","Block 1104, Block Group 1, Census Tract 9609, Addison County, Vermont","0","0","0"
"1000000US500019609002000","Block 2000, Block Group 2, Census Tract 9609, Addison County, Vermont","2","2","0"
"1000000US500019609002001","Block 2001, Block Group 2, Census Tract 9609, Addison County, Vermont","0","0","0"
"1000000US500019609002002","Block 2002, Block Group 2, Census Tract 9609, Addison County, Vermont","7","7","0"
"1000000US500019609002003","Block 2003, Block Group 2, Census Tract 9609, Addison County, Vermont","15","12","3"
"1000000US500019609002004","Block 2004, Block Group 2, Census Tract 9609, Addison County, Vermont","0","0","0"
"1000000US500019609002005","Block 2005, Block Group 2, Census Tract 9609, Addison County, Vermont","6","3","3"
"1000000US500019609002006","Block 2006, Block Group 2, Census Tract 9609, Addison County, Vermont","40","37","3"
"1000000US500019609002007","Block 2007, Block Group 2, Census Tract 9609, Addison County, Vermont","0","0","0"
"1000000US500019609002008","Block 2008, Block Group 2, Census Tract 9609, Addison County, Vermont","16","11","5"
"1000000US500019609002009","Block 2009, Block Group 2, Census Tract 9609, Addison County, Vermont","26","25","1"
"1000000US500019609002010","Block 2010, Block Group 2, Census Tract 9609, Addison County, Vermont","4","4","0"
"1000000US500019609002011","Block 2011, Block Group 2, Census Tract 9609, Addison County, Vermont","0","0","0"
"1000000US500019609002012","Block 2012, Block Group 2, Census Tract 9609, Addison County, Vermont","0","0","0"
"1000000US500019609002013","Block 2013, Block Group 2, Census Tract 9609, Addison County, Vermont","0","0","0"
"1000000US500019609002014","Block 2014, Block Group 2, Census Tract 9609, Addison County, Vermont","9","8","1"
"1000000US500019609002015","Block 2015, Block Group 2, Census Tract 9609, Addison County, Vermont","22","20","2"
"1000000US500019609002016","Block 2016, Block Group 2, Census Tract 9609, Addison County, Vermont","0","0","0"
"1000000US500019609002017","Block 2017, Block Group 2, Census Tract 9609, Addison County, Vermont","0","0","0"
"1000000US500019609002018","Block 2018, Block Group 2, Census Tract 9609, Addison County, Vermont","7","7","0"
"1000000US500019609002019","Block 2019, Block Group 2, Census Tract 9609, Addison County, Vermont","0","0","0"
"1000000US500019609002020","Block 2020, Block Group 2, Census Tract 9609, Addison County, Vermont","16","15","1"
"1000000US500019609002021","Block 2021, Block Group 2, Census Tract 9609, Addison County, Vermont","7","7","0"
"1000000US500019609002022","Block 2022, Block Group 2, Census Tract 9609, Addison County, Vermont","4","4","0"
"1000000US500019609002023","Block 2023, Block Group 2, Census Tract 9609, Addison County, Vermont","17","14","3"
"1000000US500019609002024","Block 2024, Block Group 2, Census Tract 9609, Addison County, Vermont","0","0","0"
"1000000US500019609002025","Block 2025, Block Group 2, Census Tract 9609, Addison County, Vermont","0","0","0"
"1000000US500019609002026","Block 2026, Block Group 2, Census Tract 9609, Addison County, Vermont","8","8","0"
"1000000US500019609002027","Block 2027, Block Group 2, Census Tract 9609, Addison County, Vermont","0","0","0"
"1000000US500019609002028","Block 2028, Block Group 2, Census Tract 9609, Addison County, Vermont","0","0","0"
"1000000US500019609002029","Block 2029, Block Group 2, Census Tract 9609, Addison County, Vermont","0","0","0"
"1000000US500019609002030","Block 2030, Block Group 2, Census Tract 9609, Addison County, Vermont","6","4","2"
"1000000US500019609002031","Block 2031, Block Group 2, Census Tract 9609, Addison County, Vermont","0","0","0"
"1000000US500019609002032","Block 2032, Block Group 2, Census Tract 9609, Addison County, Vermont","1","1","0"
"1000000US500019609002033","Block 2033, Block Group 2, Census Tract 9609, Addison County, Vermont","12","12","0"
"1000000US500019609002034","Block 2034, Block Group 2, Census Tract 9609, Addison County, Vermont","2","2","0"
"1000000US500019609002035","Block 2035, Block Group 2, Census Tract 9609, Addison County, Vermont","0","0","0"
"1000000US500019609002036","Block 2036, Block Group 2, Census Tract 9609, Addison County, Vermont","54","28","26"
"1000000US500019609002037","Block 2037, Block Group 2, Census Tract 9609, Addison County, Vermont","0","0","0"
"1000000US500019609002038","Block 2038, Block Group 2, Census Tract 9609, Addison County, Vermont","0","0","0"
"1000000US500019609002039","Block 2039, Block Group 2, Census Tract 9609, Addison County, Vermont","0","0","0"
"1000000US500019609002040","Block 2040, Block Group 2, Census Tract 9609, Addison County, Vermont","0","0","0"
"1000000US500019609002041","Block 2041, Block Group 2, Census Tract 9609, Addison County, Vermont","0","0","0"
"1000000US500019609002042","Block 2042, Block Group 2, Census Tract 9609, Addison County, Vermont","0","0","0"
"1000000US500019609002043","Block 2043, Block Group 2, Census Tract 9609, Addison County, Vermont","0","0","0"
"1000000US500019609002044","Block 2044, Block Group 2, Census Tract 9609, Addison County, Vermont","0","0","0"
"1000000US500019609002045","Block 2045, Block Group 2, Census Tract 9609, Addison County, Vermont","0","0","0"
"1000000US500019609002046","Block 2046, Block Group 2, Census Tract 9609, Addison County, Vermont","0","0","0"
"1000000US500019609002047","Block 2047, Block Group 2, Census Tract 9609, Addison County, Vermont","0","0","0"
"1000000US500019609002048","Block 2048, Block Group 2, Census Tract 9609, Addison County, Vermont","52","18","34"
"1000000US500019609002049","Block 2049, Block Group 2, Census Tract 9609, Addison County, Vermont","2","0","2"
"1000000US500019609002050","Block 2050, Block Group 2, Census Tract 9609, Addison County, Vermont","0","0","0"
"1000000US500019609002051","Block 2051, Block Group 2, Census Tract 9609, Addison County, Vermont","49","22","27"
"1000000US500019609002052","Block 2052, Block Group 2, Census Tract 9609, Addison County, Vermont","0","0","0"
"1000000US500019609002053","Block 2053, Block Group 2, Census Tract 9609, Addison County, Vermont","2","2","0"
"1000000US500019609002054","Block 2054, Block Group 2, Census Tract 9609, Addison County, Vermont","10","9","1"
"1000000US500019609002055","Block 2055, Block Group 2, Census Tract 9609, Addison County, Vermont","3","3","0"
"1000000US500019609002056","Block 2056, Block Group 2, Census Tract 9609, Addison County, Vermont","0","0","0"
"1000000US500019609002057","Block 2057, Block Group 2, Census Tract 9609, Addison County, Vermont","0","0","0"
"1000000US500019609002058","Block 2058, Block Group 2, Census Tract 9609, Addison County, Vermont","3","2","1"
"1000000US500019609002059","Block 2059, Block Group 2, Census Tract 9609, Addison County, Vermont","0","0","0"
"1000000US500019609002060","Block 2060, Block Group 2, Census Tract 9609, Addison County, Vermont","19","17","2"
"1000000US500019609002061","Block 2061, Block Group 2, Census Tract 9609, Addison County, Vermont","0","0","0"
"1000000US500019609002062","Block 2062, Block Group 2, Census Tract 9609, Addison County, Vermont","5","5","0"
"1000000US500019609002063","Block 2063, Block Group 2, Census Tract 9609, Addison County, Vermont","0","0","0"
"1000000US500019609002064","Block 2064, Block Group 2, Census Tract 9609, Addison County, Vermont","0","0","0"
"1000000US500019609002065","Block 2065, Block Group 2, Census Tract 9609, Addison County, Vermont","7","6","1"
"1000000US500019609002066","Block 2066, Block Group 2, Census Tract 9609, Addison County, Vermont","0","0","0"
"1000000US500019609002067","Block 2067, Block Group 2, Census Tract 9609, Addison County, Vermont","0","0","0"
"1000000US500019609002068","Block 2068, Block Group 2, Census Tract 9609, Addison County, Vermont","0","0","0"
"1000000US500019609002069","Block 2069, Block Group 2, Census Tract 9609, Addison County, Vermont","0","0","0"
"1000000US500019609002070","Block 2070, Block Group 2, Census Tract 9609, Addison County, Vermont","0","0","0"
"1000000US500019609002071","Block 2071, Block Group 2, Census Tract 9609, Addison County, Vermont","0","0","0"
"1000000US500019609002072","Block 2072, Block Group 2, Census Tract 9609, Addison County, Vermont","5","5","0"
"1000000US500019609002073","Block 2073, Block Group 2, Census Tract 9609, Addison County, Vermont","0","0","0"
"1000000US500019609002074","Block 2074, Block Group 2, Census Tract 9609, Addison County, Vermont","0","0","0"
"1000000US500019609002075","Block 2075, Block Group 2, Census Tract 9609, Addison County, Vermont","21","21","0"
"1000000US500019609002076","Block 2076, Block Group 2, Census Tract 9609, Addison County, Vermont","0","0","0"
"1000000US500019609002077","Block 2077, Block Group 2, Census Tract 9609, Addison County, Vermont","8","8","0"
"1000000US500019609002078","Block 2078, Block Group 2, Census Tract 9609, Addison County, Vermont","1","1","0"
"1000000US500019609002079","Block 2079, Block Group 2, Census Tract 9609, Addison County, Vermont","14","14","0"
"1000000US500019609002080","Block 2080, Block Group 2, Census Tract 9609, Addison County, Vermont","16","14","2"
"1000000US500019609002081","Block 2081, Block Group 2, Census Tract 9609, Addison County, Vermont","0","0","0"
"1000000US500019609002082","Block 2082, Block Group 2, Census Tract 9609, Addison County, Vermont","0","0","0"
"1000000US500019609002083","Block 2083, Block Group 2, Census Tract 9609, Addison County, Vermont","2","2","0"
"1000000US500019609002084","Block 2084, Block Group 2, Census Tract 9609, Addison County, Vermont","5","5","0"
"1000000US500019609002085","Block 2085, Block Group 2, Census Tract 9609, Addison County, Vermont","0","0","0"
"1000000US500019609002086","Block 2086, Block Group 2, Census Tract 9609, Addison County, Vermont","0","0","0"
"1000000US500019609002087","Block 2087, Block Group 2, Census Tract 9609, Addison County, Vermont","6","6","0"
"1000000US500019609002088","Block 2088, Block Group 2, Census Tract 9609, Addison County, Vermont","1","1","0"
"1000000US500019609002089","Block 2089, Block Group 2, Census Tract 9609, Addison County, Vermont","8","6","2"
"1000000US500019609002090","Block 2090, Block Group 2, Census Tract 9609, Addison County, Vermont","16","16","0"
"1000000US500019609002091","Block 2091, Block Group 2, Census Tract 9609, Addison County, Vermont","0","0","0"
"1000000US500019609002092","Block 2092, Block Group 2, Census Tract 9609, Addison County, Vermont","0","0","0"
"1000000US500019609002093","Block 2093, Block Group 2, Census Tract 9609, Addison County, Vermont","1","1","0"
"1000000US500019609002094","Block 2094, Block Group 2, Census Tract 9609, Addison County, Vermont","18","17","1"
"1000000US500019609002095","Block 2095, Block Group 2, Census Tract 9609, Addison County, Vermont","9","9","0"
"1000000US500019609002096","Block 2096, Block Group 2, Census Tract 9609, Addison County, Vermont","0","0","0"
"1000000US500019609002097","Block 2097, Block Group 2, Census Tract 9609, Addison County, Vermont","1","1","0"
"1000000US500019609002098","Block 2098, Block Group 2, Census Tract 9609, Addison County, Vermont","12","11","1"
"1000000US500019609002099","Block 2099, Block Group 2, Census Tract 9609, Addison County, Vermont","0","0","0"
"1000000US500019609002100","Block 2100, Block Group 2, Census Tract 9609, Addison County, Vermont","4","3","1"
"1000000US500019609002101","Block 2101, Block Group 2, Census Tract 9609, Addison County, Vermont","0","0","0"
"1000000US500019609002102","Block 2102, Block Group 2, Census Tract 9609, Addison County, Vermont","0","0","0"
"1000000US500019609002103","Block 2103, Block Group 2, Census Tract 9609, Addison County, Vermont","0","0","0"
"1000000US500019609002104","Block 2104, Block Group 2, Census Tract 9609, Addison County, Vermont","0","0","0"
"1000000US500019609002105","Block 2105, Block Group 2, Census Tract 9609, Addison County, Vermont","7","6","1"
"1000000US500019609002106","Block 2106, Block Group 2, Census Tract 9609, Addison County, Vermont","0","0","0"
"1000000US500019609002107","Block 2107, Block Group 2, Census Tract 9609, Addison County, Vermont","2","2","0"
"1000000US500019609002108","Block 2108, Block Group 2, Census Tract 9609, Addison County, Vermont","8","8","0"
"1000000US500019609002109","Block 2109, Block Group 2, Census Tract 9609, Addison County, Vermont","12","11","1"
"1000000US500019609002110","Block 2110, Block Group 2, Census Tract 9609, Addison County, Vermont","0","0","0"
"1000000US500019609002111","Block 2111, Block Group 2, Census Tract 9609, Addison County, Vermont","2","2","0"
"1000000US500019609002112","Block 2112, Block Group 2, Census Tract 9609, Addison County, Vermont","0","0","0"
"1000000US500019609002113","Block 2113, Block Group 2, Census Tract 9609, Addison County, Vermont","0","0","0"
"1000000US500019609002114","Block 2114, Block Group 2, Census Tract 9609, Addison County, Vermont","0","0","0"
"1000000US500019609002115","Block 2115, Block Group 2, Census Tract 9609, Addison County, Vermont","0","0","0"
"1000000US500019609003000","Block 3000, Block Group 3, Census Tract 9609, Addison County, Vermont","1","1","0"
"1000000US500019609003001","Block 3001, Block Group 3, Census Tract 9609, Addison County, Vermont","0","0","0"
"1000000US500019609003002","Block 3002, Block Group 3, Census Tract 9609, Addison County, Vermont","1","1","0"
"1000000US500019609003003","Block 3003, Block Group 3, Census Tract 9609, Addison County, Vermont","5","5","0"
"1000000US500019609003004","Block 3004, Block Group 3, Census Tract 9609, Addison County, Vermont","0","0","0"
"1000000US500019609003005","Block 3005, Block Group 3, Census Tract 9609, Addison County, Vermont","0","0","0"
"1000000US500019609003006","Block 3006, Block Group 3, Census Tract 9609, Addison County, Vermont","8","7","1"
"1000000US500019609003007","Block 3007, Block Group 3, Census Tract 9609, Addison County, Vermont","3","3","0"
"1000000US500019609003008","Block 3008, Block Group 3, Census Tract 9609, Addison County, Vermont","0","0","0"
"1000000US500019609003009","Block 3009, Block Group 3, Census Tract 9609, Addison County, Vermont","21","20","1"
"1000000US500019609003010","Block 3010, Block Group 3, Census Tract 9609, Addison County, Vermont","15","15","0"
"1000000US500019609003011","Block 3011, Block Group 3, Census Tract 9609, Addison County, Vermont","2","2","0"
"1000000US500019609003012","Block 3012, Block Group 3, Census Tract 9609, Addison County, Vermont","0","0","0"
"1000000US500019609003013","Block 3013, Block Group 3, Census Tract 9609, Addison County, Vermont","0","0","0"
"1000000US500019609003014","Block 3014, Block Group 3, Census Tract 9609, Addison County, Vermont","3","3","0"
"1000000US500019609003015","Block 3015, Block Group 3, Census Tract 9609, Addison County, Vermont","5","5","0"
"1000000US500019609003016","Block 3016, Block Group 3, Census Tract 9609, Addison County, Vermont","0","0","0"
"1000000US500019609003017","Block 3017, Block Group 3, Census Tract 9609, Addison County, Vermont","1","1","0"
"1000000US500019609003018","Block 3018, Block Group 3, Census Tract 9609, Addison County, Vermont","12","9","3"
"1000000US500019609003019","Block 3019, Block Group 3, Census Tract 9609, Addison County, Vermont","4","3","1"
"1000000US500019609003020","Block 3020, Block Group 3, Census Tract 9609, Addison County, Vermont","0","0","0"
"1000000US500019609003021","Block 3021, Block Group 3, Census Tract 9609, Addison County, Vermont","1","1","0"
"1000000US500019609003022","Block 3022, Block Group 3, Census Tract 9609, Addison County, Vermont","6","4","2"
"1000000US500019609003023","Block 3023, Block Group 3, Census Tract 9609, Addison County, Vermont","8","3","5"
"1000000US500019609003024","Block 3024, Block Group 3, Census Tract 9609, Addison County, Vermont","76","39","37"
"1000000US500019609003025","Block 3025, Block Group 3, Census Tract 9609, Addison County, Vermont","0","0","0"
"1000000US500019609003026","Block 3026, Block Group 3, Census Tract 9609, Addison County, Vermont","0","0","0"
"1000000US500019609003027","Block 3027, Block Group 3, Census Tract 9609, Addison County, Vermont","0","0","0"
"1000000US500019609003028","Block 3028, Block Group 3, Census Tract 9609, Addison County, Vermont","30","13","17"
"1000000US500019609003029","Block 3029, Block Group 3, Census Tract 9609, Addison County, Vermont","0","0","0"
"1000000US500019609003030","Block 3030, Block Group 3, Census Tract 9609, Addison County, Vermont","0","0","0"
"1000000US500019609003031","Block 3031, Block Group 3, Census Tract 9609, Addison County, Vermont","1","1","0"
"1000000US500019609003032","Block 3032, Block Group 3, Census Tract 9609, Addison County, Vermont","8","3","5"
"1000000US500019609003033","Block 3033, Block Group 3, Census Tract 9609, Addison County, Vermont","5","4","1"
"1000000US500019609003034","Block 3034, Block Group 3, Census Tract 9609, Addison County, Vermont","46","44","2"
"1000000US500019609003035","Block 3035, Block Group 3, Census Tract 9609, Addison County, Vermont","0","0","0"
"1000000US500019609003036","Block 3036, Block Group 3, Census Tract 9609, Addison County, Vermont","15","15","0"
"1000000US500019609003037","Block 3037, Block Group 3, Census Tract 9609, Addison County, Vermont","1","1","0"
"1000000US500019609003038","Block 3038, Block Group 3, Census Tract 9609, Addison County, Vermont","30","28","2"
"1000000US500019609003039","Block 3039, Block Group 3, Census Tract 9609, Addison County, Vermont","0","0","0"
"1000000US500019609003040","Block 3040, Block Group 3, Census Tract 9609, Addison County, Vermont","0","0","0"
"1000000US500019609003041","Block 3041, Block Group 3, Census Tract 9609, Addison County, Vermont","0","0","0"
"1000000US500019609003042","Block 3042, Block Group 3, Census Tract 9609, Addison County, Vermont","22","21","1"
"1000000US500019609003043","Block 3043, Block Group 3, Census Tract 9609, Addison County, Vermont","0","0","0"
"1000000US500019609003044","Block 3044, Block Group 3, Census Tract 9609, Addison County, Vermont","0","0","0"
"1000000US500019609003045","Block 3045, Block Group 3, Census Tract 9609, Addison County, Vermont","3","3","0"
"1000000US500019609003046","Block 3046, Block Group 3, Census Tract 9609, Addison County, Vermont","0","0","0"
"1000000US500019609003047","Block 3047, Block Group 3, Census Tract 9609, Addison County, Vermont","15","12","3"
"1000000US500019609003048","Block 3048, Block Group 3, Census Tract 9609, Addison County, Vermont","0","0","0"
"1000000US500019609003049","Block 3049, Block Group 3, Census Tract 9609, Addison County, Vermont","0","0","0"
"1000000US500019609003050","Block 3050, Block Group 3, Census Tract 9609, Addison County, Vermont","0","0","0"
"1000000US500019609003051","Block 3051, Block Group 3, Census Tract 9609, Addison County, Vermont","1","0","1"
"1000000US500019609003052","Block 3052, Block Group 3, Census Tract 9609, Addison County, Vermont","0","0","0"
"1000000US500019609003053","Block 3053, Block Group 3, Census Tract 9609, Addison County, Vermont","4","4","0"
"1000000US500019609003054","Block 3054, Block Group 3, Census Tract 9609, Addison County, Vermont","17","17","0"
"1000000US500019609003055","Block 3055, Block Group 3, Census Tract 9609, Addison County, Vermont","0","0","0"
"1000000US500019609003056","Block 3056, Block Group 3, Census Tract 9609, Addison County, Vermont","0","0","0"
"1000000US500019609003057","Block 3057, Block Group 3, Census Tract 9609, Addison County, Vermont","0","0","0"
"1000000US500019609003058","Block 3058, Block Group 3, Census Tract 9609, Addison County, Vermont","0","0","0"
"1000000US500019609003059","Block 3059, Block Group 3, Census Tract 9609, Addison County, Vermont","0","0","0"
"1000000US500019609003060","Block 3060, Block Group 3, Census Tract 9609, Addison County, Vermont","0","0","0"
"1000000US500019609003061","Block 3061, Block Group 3, Census Tract 9609, Addison County, Vermont","9","6","3"
"1000000US500019609003062","Block 3062, Block Group 3, Census Tract 9609, Addison County, Vermont","0","0","0"
"1000000US500019609003063","Block 3063, Block Group 3, Census Tract 9609, Addison County, Vermont","5","4","1"
"1000000US500019609003064","Block 3064, Block Group 3, Census Tract 9609, Addison County, Vermont","0","0","0"
"1000000US500019609003065","Block 3065, Block Group 3, Census Tract 9609, Addison County, Vermont","0","0","0"
"1000000US500019609003066","Block 3066, Block Group 3, Census Tract 9609, Addison County, Vermont","4","4","0"
"1000000US500019609003067","Block 3067, Block Group 3, Census Tract 9609, Addison County, Vermont","22","21","1"
"1000000US500019609003068","Block 3068, Block Group 3, Census Tract 9609, Addison County, Vermont","28","26","2"
"1000000US500019609003069","Block 3069, Block Group 3, Census Tract 9609, Addison County, Vermont","0","0","0"
"1000000US500019609003070","Block 3070, Block Group 3, Census Tract 9609, Addison County, Vermont","4","3","1"
"1000000US500019609003071","Block 3071, Block Group 3, Census Tract 9609, Addison County, Vermont","28","24","4"
"1000000US500019609003072","Block 3072, Block Group 3, Census Tract 9609, Addison County, Vermont","1","1","0"
"1000000US500019609003073","Block 3073, Block Group 3, Census Tract 9609, Addison County, Vermont","0","0","0"
"1000000US500019609003074","Block 3074, Block Group 3, Census Tract 9609, Addison County, Vermont","0","0","0"
"1000000US500019609003075","Block 3075, Block Group 3, Census Tract 9609, Addison County, Vermont","0","0","0"
"1000000US500019609003076","Block 3076, Block Group 3, Census Tract 9609, Addison County, Vermont","12","11","1"
"1000000US500019609003077","Block 3077, Block Group 3, Census Tract 9609, Addison County, Vermont","22","19","3"
"1000000US500019609003078","Block 3078, Block Group 3, Census Tract 9609, Addison County, Vermont","0","0","0"
"1000000US500019609003079","Block 3079, Block Group 3, Census Tract 9609, Addison County, Vermont","2","2","0"
"1000000US500019609003080","Block 3080, Block Group 3, Census Tract 9609, Addison County, Vermont","2","2","0"
"1000000US500019609003081","Block 3081, Block Group 3, Census Tract 9609, Addison County, Vermont","3","3","0"
"1000000US500019609003082","Block 3082, Block Group 3, Census Tract 9609, Addison County, Vermont","0","0","0"
"1000000US500019609003083","Block 3083, Block Group 3, Census Tract 9609, Addison County, Vermont","6","5","1"
"1000000US500019609003084","Block 3084, Block Group 3, Census Tract 9609, Addison County, Vermont","0","0","0"
"1000000US500019609003085","Block 3085, Block Group 3, Census Tract 9609, Addison County, Vermont","3","2","1"
"1000000US500019609003086","Block 3086, Block Group 3, Census Tract 9609, Addison County, Vermont","13","7","6"
"1000000US500019609003087","Block 3087, Block Group 3, Census Tract 9609, Addison County, Vermont","5","3","2"
"1000000US500019609003088","Block 3088, Block Group 3, Census Tract 9609, Addison County, Vermont","2","2","0"
"1000000US500019609003089","Block 3089, Block Group 3, Census Tract 9609, Addison County, Vermont","0","0","0"
"1000000US500019609003090","Block 3090, Block Group 3, Census Tract 9609, Addison County, Vermont","11","11","0"
"1000000US500019609003091","Block 3091, Block Group 3, Census Tract 9609, Addison County, Vermont","7","6","1"
"1000000US500019609003092","Block 3092, Block Group 3, Census Tract 9609, Addison County, Vermont","12","11","1"
"1000000US500019609003093","Block 3093, Block Group 3, Census Tract 9609, Addison County, Vermont","4","4","0"
"1000000US500019609003094","Block 3094, Block Group 3, Census Tract 9609, Addison County, Vermont","0","0","0"
"1000000US500019609003095","Block 3095, Block Group 3, Census Tract 9609, Addison County, Vermont","1","1","0"
"1000000US500019609003096","Block 3096, Block Group 3, Census Tract 9609, Addison County, Vermont","3","3","0"
"1000000US500019609003097","Block 3097, Block Group 3, Census Tract 9609, Addison County, Vermont","0","0","0"
"1000000US500019609003098","Block 3098, Block Group 3, Census Tract 9609, Addison County, Vermont","9","9","0"
"1000000US500019609003099","Block 3099, Block Group 3, Census Tract 9609, Addison County, Vermont","0","0","0"
"1000000US500019609003100","Block 3100, Block Group 3, Census Tract 9609, Addison County, Vermont","6","6","0"
"1000000US500019609003101","Block 3101, Block Group 3, Census Tract 9609, Addison County, Vermont","0","0","0"
"1000000US500019609003102","Block 3102, Block Group 3, Census Tract 9609, Addison County, Vermont","5","5","0"
"1000000US500019609003103","Block 3103, Block Group 3, Census Tract 9609, Addison County, Vermont","13","12","1"
"1000000US500019609003104","Block 3104, Block Group 3, Census Tract 9609, Addison County, Vermont","0","0","0"
"1000000US500019609003105","Block 3105, Block Group 3, Census Tract 9609, Addison County, Vermont","0","0","0"
"1000000US500019609003106","Block 3106, Block Group 3, Census Tract 9609, Addison County, Vermont","1","0","1"
"1000000US500019609003107","Block 3107, Block Group 3, Census Tract 9609, Addison County, Vermont","0","0","0"
"1000000US500019609003108","Block 3108, Block Group 3, Census Tract 9609, Addison County, Vermont","0","0","0"
"1000000US500019609003109","Block 3109, Block Group 3, Census Tract 9609, Addison County, Vermont","8","5","3"
"1000000US500019609003110","Block 3110, Block Group 3, Census Tract 9609, Addison County, Vermont","4","4","0"
"1000000US500019609004000","Block 4000, Block Group 4, Census Tract 9609, Addison County, Vermont","0","0","0"
"1000000US500019609004001","Block 4001, Block Group 4, Census Tract 9609, Addison County, Vermont","0","0","0"
"1000000US500019609004002","Block 4002, Block Group 4, Census Tract 9609, Addison County, Vermont","11","10","1"
"1000000US500019609004003","Block 4003, Block Group 4, Census Tract 9609, Addison County, Vermont","0","0","0"
"1000000US500019609004004","Block 4004, Block Group 4, Census Tract 9609, Addison County, Vermont","5","4","1"
"1000000US500019609004005","Block 4005, Block Group 4, Census Tract 9609, Addison County, Vermont","1","1","0"
"1000000US500019609004006","Block 4006, Block Group 4, Census Tract 9609, Addison County, Vermont","6","5","1"
"1000000US500019609004007","Block 4007, Block Group 4, Census Tract 9609, Addison County, Vermont","0","0","0"
"1000000US500019609004008","Block 4008, Block Group 4, Census Tract 9609, Addison County, Vermont","2","2","0"
"1000000US500019609004009","Block 4009, Block Group 4, Census Tract 9609, Addison County, Vermont","6","5","1"
"1000000US500019609004010","Block 4010, Block Group 4, Census Tract 9609, Addison County, Vermont","0","0","0"
"1000000US500019609004011","Block 4011, Block Group 4, Census Tract 9609, Addison County, Vermont","0","0","0"
"1000000US500019609004012","Block 4012, Block Group 4, Census Tract 9609, Addison County, Vermont","0","0","0"
"1000000US500019609004013","Block 4013, Block Group 4, Census Tract 9609, Addison County, Vermont","5","5","0"
"1000000US500019609004014","Block 4014, Block Group 4, Census Tract 9609, Addison County, Vermont","4","4","0"
"1000000US500019609004015","Block 4015, Block Group 4, Census Tract 9609, Addison County, Vermont","0","0","0"
"1000000US500019609004016","Block 4016, Block Group 4, Census Tract 9609, Addison County, Vermont","6","6","0"
"1000000US500019609004017","Block 4017, Block Group 4, Census Tract 9609, Addison County, Vermont","3","3","0"
"1000000US500019609004018","Block 4018, Block Group 4, Census Tract 9609, Addison County, Vermont","0","0","0"
"1000000US500019609004019","Block 4019, Block Group 4, Census Tract 9609, Addison County, Vermont","23","10","13"
"1000000US500019609004020","Block 4020, Block Group 4, Census Tract 9609, Addison County, Vermont","0","0","0"
"1000000US500019609004021","Block 4021, Block Group 4, Census Tract 9609, Addison County, Vermont","7","2","5"
"1000000US500019609004022","Block 4022, Block Group 4, Census Tract 9609, Addison County, Vermont","31","13","18"
"1000000US500019609004023","Block 4023, Block Group 4, Census Tract 9609, Addison County, Vermont","0","0","0"
"1000000US500019609004024","Block 4024, Block Group 4, Census Tract 9609, Addison County, Vermont","0","0","0"
"1000000US500019609004025","Block 4025, Block Group 4, Census Tract 9609, Addison County, Vermont","27","12","15"
"1000000US500019609004026","Block 4026, Block Group 4, Census Tract 9609, Addison County, Vermont","38","28","10"
"1000000US500019609004027","Block 4027, Block Group 4, Census Tract 9609, Addison County, Vermont","2","1","1"
"1000000US500019609004028","Block 4028, Block Group 4, Census Tract 9609, Addison County, Vermont","0","0","0"
"1000000US500019609004029","Block 4029, Block Group 4, Census Tract 9609, Addison County, Vermont","0","0","0"
"1000000US500019609004030","Block 4030, Block Group 4, Census Tract 9609, Addison County, Vermont","0","0","0"
"1000000US500019609004031","Block 4031, Block Group 4, Census Tract 9609, Addison County, Vermont","1","0","1"
"1000000US500019609004032","Block 4032, Block Group 4, Census Tract 9609, Addison County, Vermont","7","7","0"
"1000000US500019609004033","Block 4033, Block Group 4, Census Tract 9609, Addison County, Vermont","5","5","0"
"1000000US500019609004034","Block 4034, Block Group 4, Census Tract 9609, Addison County, Vermont","1","1","0"
"1000000US500019609004035","Block 4035, Block Group 4, Census Tract 9609, Addison County, Vermont","4","4","0"
"1000000US500019609004036","Block 4036, Block Group 4, Census Tract 9609, Addison County, Vermont","0","0","0"
"1000000US500019609004037","Block 4037, Block Group 4, Census Tract 9609, Addison County, Vermont","0","0","0"
"1000000US500019609004038","Block 4038, Block Group 4, Census Tract 9609, Addison County, Vermont","0","0","0"
"1000000US500019609004039","Block 4039, Block Group 4, Census Tract 9609, Addison County, Vermont","2","1","1"
"1000000US500019609004040","Block 4040, Block Group 4, Census Tract 9609, Addison County, Vermont","3","3","0"
"1000000US500019609004041","Block 4041, Block Group 4, Census Tract 9609, Addison County, Vermont","0","0","0"
"1000000US500019609004042","Block 4042, Block Group 4, Census Tract 9609, Addison County, Vermont","2","1","1"
"1000000US500019609004043","Block 4043, Block Group 4, Census Tract 9609, Addison County, Vermont","0","0","0"
"1000000US500019609004044","Block 4044, Block Group 4, Census Tract 9609, Addison County, Vermont","32","28","4"
"1000000US500019609004045","Block 4045, Block Group 4, Census Tract 9609, Addison County, Vermont","0","0","0"
"1000000US500019609004046","Block 4046, Block Group 4, Census Tract 9609, Addison County, Vermont","13","12","1"
"1000000US500019609004047","Block 4047, Block Group 4, Census Tract 9609, Addison County, Vermont","0","0","0"
"1000000US500019609004048","Block 4048, Block Group 4, Census Tract 9609, Addison County, Vermont","1","1","0"
"1000000US500019609004049","Block 4049, Block Group 4, Census Tract 9609, Addison County, Vermont","0","0","0"
"1000000US500019609004050","Block 4050, Block Group 4, Census Tract 9609, Addison County, Vermont","4","4","0"
"1000000US500019609004051","Block 4051, Block Group 4, Census Tract 9609, Addison County, Vermont","0","0","0"
"1000000US500019609004052","Block 4052, Block Group 4, Census Tract 9609, Addison County, Vermont","0","0","0"
"1000000US500019609004053","Block 4053, Block Group 4, Census Tract 9609, Addison County, Vermont","0","0","0"
"1000000US500019609004054","Block 4054, Block Group 4, Census Tract 9609, Addison County, Vermont","0","0","0"
"1000000US500019609004055","Block 4055, Block Group 4, Census Tract 9609, Addison County, Vermont","0","0","0"
"1000000US500019609004056","Block 4056, Block Group 4, Census Tract 9609, Addison County, Vermont","0","0","0"
"1000000US500019609004057","Block 4057, Block Group 4, Census Tract 9609, Addison County, Vermont","0","0","0"
"1000000US500019609004058","Block 4058, Block Group 4, Census Tract 9609, Addison County, Vermont","23","21","2"
"1000000US500019609004059","Block 4059, Block Group 4, Census Tract 9609, Addison County, Vermont","3","3","0"
"1000000US500019609004060","Block 4060, Block Group 4, Census Tract 9609, Addison County, Vermont","0","0","0"
"1000000US500019609004061","Block 4061, Block Group 4, Census Tract 9609, Addison County, Vermont","8","7","1"
"1000000US500019609004062","Block 4062, Block Group 4, Census Tract 9609, Addison County, Vermont","3","3","0"
"1000000US500019609004063","Block 4063, Block Group 4, Census Tract 9609, Addison County, Vermont","12","11","1"
"1000000US500019609004064","Block 4064, Block Group 4, Census Tract 9609, Addison County, Vermont","0","0","0"
"1000000US500019609004065","Block 4065, Block Group 4, Census Tract 9609, Addison County, Vermont","10","9","1"
"1000000US500019609004066","Block 4066, Block Group 4, Census Tract 9609, Addison County, Vermont","0","0","0"
"1000000US500019609004067","Block 4067, Block Group 4, Census Tract 9609, Addison County, Vermont","0","0","0"
"1000000US500019609004068","Block 4068, Block Group 4, Census Tract 9609, Addison County, Vermont","10","10","0"
"1000000US500019609004069","Block 4069, Block Group 4, Census Tract 9609, Addison County, Vermont","0","0","0"
"1000000US500019609004070","Block 4070, Block Group 4, Census Tract 9609, Addison County, Vermont","11","11","0"
"1000000US500019609004071","Block 4071, Block Group 4, Census Tract 9609, Addison County, Vermont","0","0","0"
"1000000US500019609004072","Block 4072, Block Group 4, Census Tract 9609, Addison County, Vermont","29","28","1"
"1000000US500019609004073","Block 4073, Block Group 4, Census Tract 9609, Addison County, Vermont","12","11","1"
"1000000US500019609004074","Block 4074, Block Group 4, Census Tract 9609, Addison County, Vermont","3","1","2"
"1000000US500019609004075","Block 4075, Block Group 4, Census Tract 9609, Addison County, Vermont","26","24","2"
"1000000US500019609004076","Block 4076, Block Group 4, Census Tract 9609, Addison County, Vermont","0","0","0"
"1000000US500019609004077","Block 4077, Block Group 4, Census Tract 9609, Addison County, Vermont","4","3","1"
"1000000US500019609004078","Block 4078, Block Group 4, Census Tract 9609, Addison County, Vermont","4","4","0"
"1000000US500019609004079","Block 4079, Block Group 4, Census Tract 9609, Addison County, Vermont","1","1","0"
"1000000US500019609004080","Block 4080, Block Group 4, Census Tract 9609, Addison County, Vermont","1","1","0"
"1000000US500019609004081","Block 4081, Block Group 4, Census Tract 9609, Addison County, Vermont","0","0","0"
"1000000US500019609004082","Block 4082, Block Group 4, Census Tract 9609, Addison County, Vermont","5","5","0"
"1000000US500019609004083","Block 4083, Block Group 4, Census Tract 9609, Addison County, Vermont","0","0","0"
"1000000US500019609004084","Block 4084, Block Group 4, Census Tract 9609, Addison County, Vermont","0","0","0"
"1000000US500019609004085","Block 4085, Block Group 4, Census Tract 9609, Addison County, Vermont","0","0","0"
"1000000US500019609004086","Block 4086, Block Group 4, Census Tract 9609, Addison County, Vermont","20","16","4"
"1000000US500019609004087","Block 4087, Block Group 4, Census Tract 9609, Addison County, Vermont","1","1","0"
"1000000US500019609004088","Block 4088, Block Group 4, Census Tract 9609, Addison County, Vermont","0","0","0"
"1000000US500019609004089","Block 4089, Block Group 4, Census Tract 9609, Addison County, Vermont","4","4","0"
"1000000US500019609004090","Block 4090, Block Group 4, Census Tract 9609, Addison County, Vermont","0","0","0"
"1000000US500019609004091","Block 4091, Block Group 4, Census Tract 9609, Addison County, Vermont","0","0","0"
"1000000US500019609004092","Block 4092, Block Group 4, Census Tract 9609, Addison County, Vermont","10","8","2"
"1000000US500019609004093","Block 4093, Block Group 4, Census Tract 9609, Addison County, Vermont","0","0","0"
"1000000US500019609004094","Block 4094, Block Group 4, Census Tract 9609, Addison County, Vermont","29","16","13"
"1000000US500019609004095","Block 4095, Block Group 4, Census Tract 9609, Addison County, Vermont","1","1","0"
"1000000US500019609004096","Block 4096, Block Group 4, Census Tract 9609, Addison County, Vermont","14","13","1"
"1000000US500019609004097","Block 4097, Block Group 4, Census Tract 9609, Addison County, Vermont","0","0","0"
"1000000US500019609004098","Block 4098, Block Group 4, Census Tract 9609, Addison County, Vermont","32","28","4"
"1000000US500019609004099","Block 4099, Block Group 4, Census Tract 9609, Addison County, Vermont","0","0","0"
"1000000US500019609004100","Block 4100, Block Group 4, Census Tract 9609, Addison County, Vermont","12","1","11"
"1000000US500019609004101","Block 4101, Block Group 4, Census Tract 9609, Addison County, Vermont","0","0","0"
"1000000US500019609004102","Block 4102, Block Group 4, Census Tract 9609, Addison County, Vermont","13","11","2"
"1000000US500019609004103","Block 4103, Block Group 4, Census Tract 9609, Addison County, Vermont","0","0","0"
"1000000US500019609004104","Block 4104, Block Group 4, Census Tract 9609, Addison County, Vermont","0","0","0"
"1000000US500019609004105","Block 4105, Block Group 4, Census Tract 9609, Addison County, Vermont","0","0","0"
"1000000US500019609004106","Block 4106, Block Group 4, Census Tract 9609, Addison County, Vermont","13","2","11"
"1000000US500019609004107","Block 4107, Block Group 4, Census Tract 9609, Addison County, Vermont","0","0","0"
"1000000US500019609004108","Block 4108, Block Group 4, Census Tract 9609, Addison County, Vermont","3","3","0"
"1000000US500019609004109","Block 4109, Block Group 4, Census Tract 9609, Addison County, Vermont","2","2","0"
"1000000US500019609004110","Block 4110, Block Group 4, Census Tract 9609, Addison County, Vermont","0","0","0"
"1000000US500019609004111","Block 4111, Block Group 4, Census Tract 9609, Addison County, Vermont","8","7","1"
"1000000US500019609004112","Block 4112, Block Group 4, Census Tract 9609, Addison County, Vermont","5","5","0"
"1000000US500019609004113","Block 4113, Block Group 4, Census Tract 9609, Addison County, Vermont","0","0","0"
"1000000US500019609004114","Block 4114, Block Group 4, Census Tract 9609, Addison County, Vermont","5","3","2"
"1000000US500019609004115","Block 4115, Block Group 4, Census Tract 9609, Addison County, Vermont","32","2","30"
"1000000US500019609004116","Block 4116, Block Group 4, Census Tract 9609, Addison County, Vermont","0","0","0"
"1000000US500019609004117","Block 4117, Block Group 4, Census Tract 9609, Addison County, Vermont","0","0","0"
"1000000US500019609004118","Block 4118, Block Group 4, Census Tract 9609, Addison County, Vermont","0","0","0"
"1000000US500019609004119","Block 4119, Block Group 4, Census Tract 9609, Addison County, Vermont","4","4","0"
"1000000US500019609004120","Block 4120, Block Group 4, Census Tract 9609, Addison County, Vermont","0","0","0"
"1000000US500019609004121","Block 4121, Block Group 4, Census Tract 9609, Addison County, Vermont","7","6","1"
"1000000US500019609004122","Block 4122, Block Group 4, Census Tract 9609, Addison County, Vermont","0","0","0"
"1000000US500019609004123","Block 4123, Block Group 4, Census Tract 9609, Addison County, Vermont","13","11","2"
"1000000US500019609004124","Block 4124, Block Group 4, Census Tract 9609, Addison County, Vermont","7","7","0"
"1000000US500019609004125","Block 4125, Block Group 4, Census Tract 9609, Addison County, Vermont","2","1","1"
"1000000US500019609004126","Block 4126, Block Group 4, Census Tract 9609, Addison County, Vermont","0","0","0"
"1000000US500019609004127","Block 4127, Block Group 4, Census Tract 9609, Addison County, Vermont","2","2","0"
"1000000US500019609004128","Block 4128, Block Group 4, Census Tract 9609, Addison County, Vermont","0","0","0"
"1000000US500019609004129","Block 4129, Block Group 4, Census Tract 9609, Addison County, Vermont","0","0","0"
"1000000US500019609004130","Block 4130, Block Group 4, Census Tract 9609, Addison County, Vermont","0","0","0"
"1000000US500019609004131","Block 4131, Block Group 4, Census Tract 9609, Addison County, Vermont","0","0","0"
"1000000US500019610001000","Block 1000, Block Group 1, Census Tract 9610, Addison County, Vermont","46","35","11"
"1000000US500019610001001","Block 1001, Block Group 1, Census Tract 9610, Addison County, Vermont","0","0","0"
"1000000US500019610001002","Block 1002, Block Group 1, Census Tract 9610, Addison County, Vermont","0","0","0"
"1000000US500019610001003","Block 1003, Block Group 1, Census Tract 9610, Addison County, Vermont","24","5","19"
"1000000US500019610001004","Block 1004, Block Group 1, Census Tract 9610, Addison County, Vermont","1","1","0"
"1000000US500019610001005","Block 1005, Block Group 1, Census Tract 9610, Addison County, Vermont","16","16","0"
"1000000US500019610001006","Block 1006, Block Group 1, Census Tract 9610, Addison County, Vermont","1","0","1"
"1000000US500019610001007","Block 1007, Block Group 1, Census Tract 9610, Addison County, Vermont","0","0","0"
"1000000US500019610001008","Block 1008, Block Group 1, Census Tract 9610, Addison County, Vermont","0","0","0"
"1000000US500019610001009","Block 1009, Block Group 1, Census Tract 9610, Addison County, Vermont","0","0","0"
"1000000US500019610001010","Block 1010, Block Group 1, Census Tract 9610, Addison County, Vermont","0","0","0"
"1000000US500019610001011","Block 1011, Block Group 1, Census Tract 9610, Addison County, Vermont","20","9","11"
"1000000US500019610001012","Block 1012, Block Group 1, Census Tract 9610, Addison County, Vermont","77","13","64"
"1000000US500019610001013","Block 1013, Block Group 1, Census Tract 9610, Addison County, Vermont","11","11","0"
"1000000US500019610001014","Block 1014, Block Group 1, Census Tract 9610, Addison County, Vermont","17","11","6"
"1000000US500019610001015","Block 1015, Block Group 1, Census Tract 9610, Addison County, Vermont","23","23","0"
"1000000US500019610001016","Block 1016, Block Group 1, Census Tract 9610, Addison County, Vermont","0","0","0"
"1000000US500019610001017","Block 1017, Block Group 1, Census Tract 9610, Addison County, Vermont","20","20","0"
"1000000US500019610001018","Block 1018, Block Group 1, Census Tract 9610, Addison County, Vermont","5","5","0"
"1000000US500019610001019","Block 1019, Block Group 1, Census Tract 9610, Addison County, Vermont","0","0","0"
"1000000US500019610001020","Block 1020, Block Group 1, Census Tract 9610, Addison County, Vermont","11","7","4"
"1000000US500019610001021","Block 1021, Block Group 1, Census Tract 9610, Addison County, Vermont","6","6","0"
"1000000US500019610001022","Block 1022, Block Group 1, Census Tract 9610, Addison County, Vermont","0","0","0"
"1000000US500019610001023","Block 1023, Block Group 1, Census Tract 9610, Addison County, Vermont","0","0","0"
"1000000US500019610001024","Block 1024, Block Group 1, Census Tract 9610, Addison County, Vermont","8","8","0"
"1000000US500019610001025","Block 1025, Block Group 1, Census Tract 9610, Addison County, Vermont","0","0","0"
"1000000US500019610001026","Block 1026, Block Group 1, Census Tract 9610, Addison County, Vermont","0","0","0"
"1000000US500019610001027","Block 1027, Block Group 1, Census Tract 9610, Addison County, Vermont","0","0","0"
"1000000US500019610001028","Block 1028, Block Group 1, Census Tract 9610, Addison County, Vermont","10","10","0"
"1000000US500019610001029","Block 1029, Block Group 1, Census Tract 9610, Addison County, Vermont","0","0","0"
"1000000US500019610001030","Block 1030, Block Group 1, Census Tract 9610, Addison County, Vermont","29","28","1"
"1000000US500019610001031","Block 1031, Block Group 1, Census Tract 9610, Addison County, Vermont","36","33","3"
"1000000US500019610001032","Block 1032, Block Group 1, Census Tract 9610, Addison County, Vermont","18","13","5"
"1000000US500019610001033","Block 1033, Block Group 1, Census Tract 9610, Addison County, Vermont","0","0","0"
"1000000US500019610001034","Block 1034, Block Group 1, Census Tract 9610, Addison County, Vermont","0","0","0"
"1000000US500019610001035","Block 1035, Block Group 1, Census Tract 9610, Addison County, Vermont","0","0","0"
"1000000US500019610001036","Block 1036, Block Group 1, Census Tract 9610, Addison County, Vermont","0","0","0"
"1000000US500019610001037","Block 1037, Block Group 1, Census Tract 9610, Addison County, Vermont","1","1","0"
"1000000US500019610001038","Block 1038, Block Group 1, Census Tract 9610, Addison County, Vermont","3","3","0"
"1000000US500019610001039","Block 1039, Block Group 1, Census Tract 9610, Addison County, Vermont","16","14","2"
"1000000US500019610001040","Block 1040, Block Group 1, Census Tract 9610, Addison County, Vermont","11","11","0"
"1000000US500019610001041","Block 1041, Block Group 1, Census Tract 9610, Addison County, Vermont","0","0","0"
"1000000US500019610001042","Block 1042, Block Group 1, Census Tract 9610, Addison County, Vermont","14","14","0"
"1000000US500019610001043","Block 1043, Block Group 1, Census Tract 9610, Addison County, Vermont","1","1","0"
"1000000US500019610001044","Block 1044, Block Group 1, Census Tract 9610, Addison County, Vermont","0","0","0"
"1000000US500019610001045","Block 1045, Block Group 1, Census Tract 9610, Addison County, Vermont","0","0","0"
"1000000US500019610001046","Block 1046, Block Group 1, Census Tract 9610, Addison County, Vermont","0","0","0"
"1000000US500019610001047","Block 1047, Block Group 1, Census Tract 9610, Addison County, Vermont","2","2","0"
"1000000US500019610001048","Block 1048, Block Group 1, Census Tract 9610, Addison County, Vermont","31","31","0"
"1000000US500019610001049","Block 1049, Block Group 1, Census Tract 9610, Addison County, Vermont","0","0","0"
"1000000US500019610001050","Block 1050, Block Group 1, Census Tract 9610, Addison County, Vermont","4","4","0"
"1000000US500019610001051","Block 1051, Block Group 1, Census Tract 9610, Addison County, Vermont","1","1","0"
"1000000US500019610001052","Block 1052, Block Group 1, Census Tract 9610, Addison County, Vermont","5","4","1"
"1000000US500019610001053","Block 1053, Block Group 1, Census Tract 9610, Addison County, Vermont","0","0","0"
"1000000US500019610001054","Block 1054, Block Group 1, Census Tract 9610, Addison County, Vermont","8","6","2"
"1000000US500019610001055","Block 1055, Block Group 1, Census Tract 9610, Addison County, Vermont","0","0","0"
"1000000US500019610001056","Block 1056, Block Group 1, Census Tract 9610, Addison County, Vermont","68","31","37"
"1000000US500019610001057","Block 1057, Block Group 1, Census Tract 9610, Addison County, Vermont","0","0","0"
"1000000US500019610001058","Block 1058, Block Group 1, Census Tract 9610, Addison County, Vermont","0","0","0"
"1000000US500019610001059","Block 1059, Block Group 1, Census Tract 9610, Addison County, Vermont","0","0","0"
"1000000US500019610001060","Block 1060, Block Group 1, Census Tract 9610, Addison County, Vermont","0","0","0"
"1000000US500019610001061","Block 1061, Block Group 1, Census Tract 9610, Addison County, Vermont","0","0","0"
"1000000US500019610001062","Block 1062, Block Group 1, Census Tract 9610, Addison County, Vermont","0","0","0"
"1000000US500019610001063","Block 1063, Block Group 1, Census Tract 9610, Addison County, Vermont","4","4","0"
"1000000US500019610001064","Block 1064, Block Group 1, Census Tract 9610, Addison County, Vermont","3","3","0"
"1000000US500019610001065","Block 1065, Block Group 1, Census Tract 9610, Addison County, Vermont","27","7","20"
"1000000US500019610001066","Block 1066, Block Group 1, Census Tract 9610, Addison County, Vermont","9","2","7"
"1000000US500019610001067","Block 1067, Block Group 1, Census Tract 9610, Addison County, Vermont","0","0","0"
"1000000US500019610001068","Block 1068, Block Group 1, Census Tract 9610, Addison County, Vermont","0","0","0"
"1000000US500019610001069","Block 1069, Block Group 1, Census Tract 9610, Addison County, Vermont","10","2","8"
"1000000US500019610001070","Block 1070, Block Group 1, Census Tract 9610, Addison County, Vermont","0","0","0"
"1000000US500019610001071","Block 1071, Block Group 1, Census Tract 9610, Addison County, Vermont","21","5","16"
"1000000US500019610001072","Block 1072, Block Group 1, Census Tract 9610, Addison County, Vermont","0","0","0"
"1000000US500019610001073","Block 1073, Block Group 1, Census Tract 9610, Addison County, Vermont","0","0","0"
"1000000US500019610001074","Block 1074, Block Group 1, Census Tract 9610, Addison County, Vermont","1","0","1"
"1000000US500019610001075","Block 1075, Block Group 1, Census Tract 9610, Addison County, Vermont","13","12","1"
"1000000US500019610001076","Block 1076, Block Group 1, Census Tract 9610, Addison County, Vermont","1","1","0"
"1000000US500019610001077","Block 1077, Block Group 1, Census Tract 9610, Addison County, Vermont","7","7","0"
"1000000US500019610001078","Block 1078, Block Group 1, Census Tract 9610, Addison County, Vermont","0","0","0"
"1000000US500019610001079","Block 1079, Block Group 1, Census Tract 9610, Addison County, Vermont","5","3","2"
"1000000US500019610001080","Block 1080, Block Group 1, Census Tract 9610, Addison County, Vermont","0","0","0"
"1000000US500019610001081","Block 1081, Block Group 1, Census Tract 9610, Addison County, Vermont","6","6","0"
"1000000US500019610001082","Block 1082, Block Group 1, Census Tract 9610, Addison County, Vermont","0","0","0"
"1000000US500019610001083","Block 1083, Block Group 1, Census Tract 9610, Addison County, Vermont","0","0","0"
"1000000US500019610001084","Block 1084, Block Group 1, Census Tract 9610, Addison County, Vermont","0","0","0"
"1000000US500019610001085","Block 1085, Block Group 1, Census Tract 9610, Addison County, Vermont","0","0","0"
"1000000US500019610001086","Block 1086, Block Group 1, Census Tract 9610, Addison County, Vermont","0","0","0"
"1000000US500019610001087","Block 1087, Block Group 1, Census Tract 9610, Addison County, Vermont","2","0","2"
"1000000US500019610001088","Block 1088, Block Group 1, Census Tract 9610, Addison County, Vermont","5","5","0"
"1000000US500019610001089","Block 1089, Block Group 1, Census Tract 9610, Addison County, Vermont","0","0","0"
"1000000US500019610001090","Block 1090, Block Group 1, Census Tract 9610, Addison County, Vermont","19","1","18"
"1000000US500019610001091","Block 1091, Block Group 1, Census Tract 9610, Addison County, Vermont","0","0","0"
"1000000US500019610001092","Block 1092, Block Group 1, Census Tract 9610, Addison County, Vermont","11","4","7"
"1000000US500019610001093","Block 1093, Block Group 1, Census Tract 9610, Addison County, Vermont","5","2","3"
"1000000US500019610001094","Block 1094, Block Group 1, Census Tract 9610, Addison County, Vermont","0","0","0"
"1000000US500019610001095","Block 1095, Block Group 1, Census Tract 9610, Addison County, Vermont","3","3","0"
"1000000US500019610001096","Block 1096, Block Group 1, Census Tract 9610, Addison County, Vermont","0","0","0"
"1000000US500019610001097","Block 1097, Block Group 1, Census Tract 9610, Addison County, Vermont","0","0","0"
"1000000US500019610002000","Block 2000, Block Group 2, Census Tract 9610, Addison County, Vermont","0","0","0"
"1000000US500019610002001","Block 2001, Block Group 2, Census Tract 9610, Addison County, Vermont","0","0","0"
"1000000US500019610002002","Block 2002, Block Group 2, Census Tract 9610, Addison County, Vermont","63","56","7"
"1000000US500019610002003","Block 2003, Block Group 2, Census Tract 9610, Addison County, Vermont","0","0","0"
"1000000US500019610002004","Block 2004, Block Group 2, Census Tract 9610, Addison County, Vermont","0","0","0"
"1000000US500019610002005","Block 2005, Block Group 2, Census Tract 9610, Addison County, Vermont","6","6","0"
"1000000US500019610002006","Block 2006, Block Group 2, Census Tract 9610, Addison County, Vermont","0","0","0"
"1000000US500019610002007","Block 2007, Block Group 2, Census Tract 9610, Addison County, Vermont","6","6","0"
"1000000US500019610002008","Block 2008, Block Group 2, Census Tract 9610, Addison County, Vermont","11","3","8"
"1000000US500019610002009","Block 2009, Block Group 2, Census Tract 9610, Addison County, Vermont","4","0","4"
"1000000US500019610002010","Block 2010, Block Group 2, Census Tract 9610, Addison County, Vermont","11","7","4"
"1000000US500019610002011","Block 2011, Block Group 2, Census Tract 9610, Addison County, Vermont","120","40","80"
"1000000US500019610002012","Block 2012, Block Group 2, Census Tract 9610, Addison County, Vermont","0","0","0"
"1000000US500019610002013","Block 2013, Block Group 2, Census Tract 9610, Addison County, Vermont","1","0","1"
"1000000US500019610002014","Block 2014, Block Group 2, Census Tract 9610, Addison County, Vermont","0","0","0"
"1000000US500019610002015","Block 2015, Block Group 2, Census Tract 9610, Addison County, Vermont","0","0","0"
"1000000US500019610002016","Block 2016, Block Group 2, Census Tract 9610, Addison County, Vermont","0","0","0"
"1000000US500019610002017","Block 2017, Block Group 2, Census Tract 9610, Addison County, Vermont","0","0","0"
"1000000US500019610002018","Block 2018, Block Group 2, Census Tract 9610, Addison County, Vermont","0","0","0"
"1000000US500019610002019","Block 2019, Block Group 2, Census Tract 9610, Addison County, Vermont","1","0","1"
"1000000US500019610002020","Block 2020, Block Group 2, Census Tract 9610, Addison County, Vermont","3","0","3"
"1000000US500019610002021","Block 2021, Block Group 2, Census Tract 9610, Addison County, Vermont","0","0","0"
"1000000US500019610002022","Block 2022, Block Group 2, Census Tract 9610, Addison County, Vermont","36","34","2"
"1000000US500019610002023","Block 2023, Block Group 2, Census Tract 9610, Addison County, Vermont","10","10","0"
"1000000US500019610002024","Block 2024, Block Group 2, Census Tract 9610, Addison County, Vermont","5","5","0"
"1000000US500019610002025","Block 2025, Block Group 2, Census Tract 9610, Addison County, Vermont","63","38","25"
"1000000US500019610002026","Block 2026, Block Group 2, Census Tract 9610, Addison County, Vermont","1","1","0"
"1000000US500019610002027","Block 2027, Block Group 2, Census Tract 9610, Addison County, Vermont","0","0","0"
"1000000US500019610002028","Block 2028, Block Group 2, Census Tract 9610, Addison County, Vermont","1","1","0"
"1000000US500019610002029","Block 2029, Block Group 2, Census Tract 9610, Addison County, Vermont","0","0","0"
"1000000US500019610002030","Block 2030, Block Group 2, Census Tract 9610, Addison County, Vermont","0","0","0"
"1000000US500019610002031","Block 2031, Block Group 2, Census Tract 9610, Addison County, Vermont","9","9","0"
"1000000US500019610002032","Block 2032, Block Group 2, Census Tract 9610, Addison County, Vermont","0","0","0"
"1000000US500019610002033","Block 2033, Block Group 2, Census Tract 9610, Addison County, Vermont","0","0","0"
"1000000US500019610002034","Block 2034, Block Group 2, Census Tract 9610, Addison County, Vermont","7","4","3"
"1000000US500019610002035","Block 2035, Block Group 2, Census Tract 9610, Addison County, Vermont","1","1","0"
"1000000US500019610002036","Block 2036, Block Group 2, Census Tract 9610, Addison County, Vermont","15","14","1"
"1000000US500019610002037","Block 2037, Block Group 2, Census Tract 9610, Addison County, Vermont","7","7","0"
"1000000US500019610002038","Block 2038, Block Group 2, Census Tract 9610, Addison County, Vermont","3","3","0"
"1000000US500019610002039","Block 2039, Block Group 2, Census Tract 9610, Addison County, Vermont","26","25","1"
"1000000US500019610002040","Block 2040, Block Group 2, Census Tract 9610, Addison County, Vermont","0","0","0"
"1000000US500019610002041","Block 2041, Block Group 2, Census Tract 9610, Addison County, Vermont","0","0","0"
"1000000US500019610002042","Block 2042, Block Group 2, Census Tract 9610, Addison County, Vermont","0","0","0"
"1000000US500019610002043","Block 2043, Block Group 2, Census Tract 9610, Addison County, Vermont","0","0","0"
"1000000US500019610002044","Block 2044, Block Group 2, Census Tract 9610, Addison County, Vermont","0","0","0"
"1000000US500019610002045","Block 2045, Block Group 2, Census Tract 9610, Addison County, Vermont","0","0","0"
"1000000US500019610002046","Block 2046, Block Group 2, Census Tract 9610, Addison County, Vermont","1","1","0"
"1000000US500019610002047","Block 2047, Block Group 2, Census Tract 9610, Addison County, Vermont","0","0","0"
"1000000US500019610002048","Block 2048, Block Group 2, Census Tract 9610, Addison County, Vermont","1","1","0"
"1000000US500019610002049","Block 2049, Block Group 2, Census Tract 9610, Addison County, Vermont","6","5","1"
"1000000US500019610002050","Block 2050, Block Group 2, Census Tract 9610, Addison County, Vermont","0","0","0"
"1000000US500019610002051","Block 2051, Block Group 2, Census Tract 9610, Addison County, Vermont","11","10","1"
"1000000US500019610002052","Block 2052, Block Group 2, Census Tract 9610, Addison County, Vermont","0","0","0"
"1000000US500019610002053","Block 2053, Block Group 2, Census Tract 9610, Addison County, Vermont","2","2","0"
"1000000US500019610002054","Block 2054, Block Group 2, Census Tract 9610, Addison County, Vermont","5","5","0"
"1000000US500019610002055","Block 2055, Block Group 2, Census Tract 9610, Addison County, Vermont","2","2","0"
"1000000US500019610002056","Block 2056, Block Group 2, Census Tract 9610, Addison County, Vermont","13","13","0"
"1000000US500019610002057","Block 2057, Block Group 2, Census Tract 9610, Addison County, Vermont","0","0","0"
"1000000US500019610002058","Block 2058, Block Group 2, Census Tract 9610, Addison County, Vermont","15","15","0"
"1000000US500019610002059","Block 2059, Block Group 2, Census Tract 9610, Addison County, Vermont","16","16","0"
"1000000US500019610002060","Block 2060, Block Group 2, Census Tract 9610, Addison County, Vermont","0","0","0"
"1000000US500019610002061","Block 2061, Block Group 2, Census Tract 9610, Addison County, Vermont","0","0","0"
"1000000US500019610002062","Block 2062, Block Group 2, Census Tract 9610, Addison County, Vermont","8","7","1"
"1000000US500019610002063","Block 2063, Block Group 2, Census Tract 9610, Addison County, Vermont","13","12","1"
"1000000US500019610002064","Block 2064, Block Group 2, Census Tract 9610, Addison County, Vermont","3","3","0"
"1000000US500019610002065","Block 2065, Block Group 2, Census Tract 9610, Addison County, Vermont","2","2","0"
"1000000US500019610002066","Block 2066, Block Group 2, Census Tract 9610, Addison County, Vermont","0","0","0"
"1000000US500019610002067","Block 2067, Block Group 2, Census Tract 9610, Addison County, Vermont","4","4","0"
"1000000US500019610002068","Block 2068, Block Group 2, Census Tract 9610, Addison County, Vermont","8","7","1"
"1000000US500019610002069","Block 2069, Block Group 2, Census Tract 9610, Addison County, Vermont","0","0","0"
"1000000US500019610002070","Block 2070, Block Group 2, Census Tract 9610, Addison County, Vermont","3","3","0"
"1000000US500019610002071","Block 2071, Block Group 2, Census Tract 9610, Addison County, Vermont","0","0","0"
"1000000US500019610002072","Block 2072, Block Group 2, Census Tract 9610, Addison County, Vermont","2","2","0"
"1000000US500019610002073","Block 2073, Block Group 2, Census Tract 9610, Addison County, Vermont","3","3","0"
"1000000US500019610002074","Block 2074, Block Group 2, Census Tract 9610, Addison County, Vermont","15","15","0"
"1000000US500019610002075","Block 2075, Block Group 2, Census Tract 9610, Addison County, Vermont","13","12","1"
"1000000US500019610002076","Block 2076, Block Group 2, Census Tract 9610, Addison County, Vermont","0","0","0"
"1000000US500019610002077","Block 2077, Block Group 2, Census Tract 9610, Addison County, Vermont","4","4","0"
"1000000US500019610002078","Block 2078, Block Group 2, Census Tract 9610, Addison County, Vermont","0","0","0"
"1000000US500019610002079","Block 2079, Block Group 2, Census Tract 9610, Addison County, Vermont","38","13","25"
"1000000US500019610002080","Block 2080, Block Group 2, Census Tract 9610, Addison County, Vermont","3","3","0"
"1000000US500019610002081","Block 2081, Block Group 2, Census Tract 9610, Addison County, Vermont","0","0","0"
"1000000US500019610002082","Block 2082, Block Group 2, Census Tract 9610, Addison County, Vermont","20","5","15"
"1000000US500019610002083","Block 2083, Block Group 2, Census Tract 9610, Addison County, Vermont","10","3","7"
"1000000US500019610002084","Block 2084, Block Group 2, Census Tract 9610, Addison County, Vermont","9","4","5"
"1000000US500019610002085","Block 2085, Block Group 2, Census Tract 9610, Addison County, Vermont","0","0","0"
"1000000US500019610002086","Block 2086, Block Group 2, Census Tract 9610, Addison County, Vermont","15","5","10"
"1000000US500019610002087","Block 2087, Block Group 2, Census Tract 9610, Addison County, Vermont","3","1","2"
"1000000US500039702001000","Block 1000, Block Group 1, Census Tract 9702, Bennington County, Vermont","6","4","2"
"1000000US500039702001001","Block 1001, Block Group 1, Census Tract 9702, Bennington County, Vermont","1","1","0"
"1000000US500039702001002","Block 1002, Block Group 1, Census Tract 9702, Bennington County, Vermont","1","0","1"
"1000000US500039702001003","Block 1003, Block Group 1, Census Tract 9702, Bennington County, Vermont","3","0","3"
"1000000US500039702001004","Block 1004, Block Group 1, Census Tract 9702, Bennington County, Vermont","0","0","0"
"1000000US500039702001005","Block 1005, Block Group 1, Census Tract 9702, Bennington County, Vermont","0","0","0"
"1000000US500039702001006","Block 1006, Block Group 1, Census Tract 9702, Bennington County, Vermont","21","15","6"
"1000000US500039702001007","Block 1007, Block Group 1, Census Tract 9702, Bennington County, Vermont","32","21","11"
"1000000US500039702001008","Block 1008, Block Group 1, Census Tract 9702, Bennington County, Vermont","2","2","0"
"1000000US500039702001009","Block 1009, Block Group 1, Census Tract 9702, Bennington County, Vermont","0","0","0"
"1000000US500039702001010","Block 1010, Block Group 1, Census Tract 9702, Bennington County, Vermont","1","0","1"
"1000000US500039702001011","Block 1011, Block Group 1, Census Tract 9702, Bennington County, Vermont","69","52","17"
"1000000US500039702001012","Block 1012, Block Group 1, Census Tract 9702, Bennington County, Vermont","0","0","0"
"1000000US500039702001013","Block 1013, Block Group 1, Census Tract 9702, Bennington County, Vermont","0","0","0"
"1000000US500039702001014","Block 1014, Block Group 1, Census Tract 9702, Bennington County, Vermont","0","0","0"
"1000000US500039702001015","Block 1015, Block Group 1, Census Tract 9702, Bennington County, Vermont","0","0","0"
"1000000US500039702001016","Block 1016, Block Group 1, Census Tract 9702, Bennington County, Vermont","0","0","0"
"1000000US500039702001017","Block 1017, Block Group 1, Census Tract 9702, Bennington County, Vermont","0","0","0"
"1000000US500039702001018","Block 1018, Block Group 1, Census Tract 9702, Bennington County, Vermont","6","6","0"
"1000000US500039702001019","Block 1019, Block Group 1, Census Tract 9702, Bennington County, Vermont","0","0","0"
"1000000US500039702001020","Block 1020, Block Group 1, Census Tract 9702, Bennington County, Vermont","6","5","1"
"1000000US500039702001021","Block 1021, Block Group 1, Census Tract 9702, Bennington County, Vermont","0","0","0"
"1000000US500039702001022","Block 1022, Block Group 1, Census Tract 9702, Bennington County, Vermont","0","0","0"
"1000000US500039702001023","Block 1023, Block Group 1, Census Tract 9702, Bennington County, Vermont","1","1","0"
"1000000US500039702001024","Block 1024, Block Group 1, Census Tract 9702, Bennington County, Vermont","0","0","0"
"1000000US500039702001025","Block 1025, Block Group 1, Census Tract 9702, Bennington County, Vermont","0","0","0"
"1000000US500039702001026","Block 1026, Block Group 1, Census Tract 9702, Bennington County, Vermont","0","0","0"
"1000000US500039702001027","Block 1027, Block Group 1, Census Tract 9702, Bennington County, Vermont","0","0","0"
"1000000US500039702001028","Block 1028, Block Group 1, Census Tract 9702, Bennington County, Vermont","0","0","0"
"1000000US500039702001029","Block 1029, Block Group 1, Census Tract 9702, Bennington County, Vermont","0","0","0"
"1000000US500039702001030","Block 1030, Block Group 1, Census Tract 9702, Bennington County, Vermont","5","3","2"
"1000000US500039702001031","Block 1031, Block Group 1, Census Tract 9702, Bennington County, Vermont","89","68","21"
"1000000US500039702001032","Block 1032, Block Group 1, Census Tract 9702, Bennington County, Vermont","1","0","1"
"1000000US500039702001033","Block 1033, Block Group 1, Census Tract 9702, Bennington County, Vermont","12","7","5"
"1000000US500039702001034","Block 1034, Block Group 1, Census Tract 9702, Bennington County, Vermont","11","10","1"
"1000000US500039702001035","Block 1035, Block Group 1, Census Tract 9702, Bennington County, Vermont","1","1","0"
"1000000US500039702001036","Block 1036, Block Group 1, Census Tract 9702, Bennington County, Vermont","0","0","0"
"1000000US500039702001037","Block 1037, Block Group 1, Census Tract 9702, Bennington County, Vermont","0","0","0"
"1000000US500039702001038","Block 1038, Block Group 1, Census Tract 9702, Bennington County, Vermont","0","0","0"
"1000000US500039702001039","Block 1039, Block Group 1, Census Tract 9702, Bennington County, Vermont","12","11","1"
"1000000US500039702001040","Block 1040, Block Group 1, Census Tract 9702, Bennington County, Vermont","22","18","4"
"1000000US500039702001041","Block 1041, Block Group 1, Census Tract 9702, Bennington County, Vermont","1","1","0"
"1000000US500039702001042","Block 1042, Block Group 1, Census Tract 9702, Bennington County, Vermont","5","5","0"
"1000000US500039702001043","Block 1043, Block Group 1, Census Tract 9702, Bennington County, Vermont","22","20","2"
"1000000US500039702001044","Block 1044, Block Group 1, Census Tract 9702, Bennington County, Vermont","0","0","0"
"1000000US500039702001045","Block 1045, Block Group 1, Census Tract 9702, Bennington County, Vermont","34","31","3"
"1000000US500039702001046","Block 1046, Block Group 1, Census Tract 9702, Bennington County, Vermont","3","1","2"
"1000000US500039702001047","Block 1047, Block Group 1, Census Tract 9702, Bennington County, Vermont","0","0","0"
"1000000US500039702001048","Block 1048, Block Group 1, Census Tract 9702, Bennington County, Vermont","0","0","0"
"1000000US500039702001049","Block 1049, Block Group 1, Census Tract 9702, Bennington County, Vermont","8","2","6"
"1000000US500039702001050","Block 1050, Block Group 1, Census Tract 9702, Bennington County, Vermont","0","0","0"
"1000000US500039702001051","Block 1051, Block Group 1, Census Tract 9702, Bennington County, Vermont","0","0","0"
"1000000US500039702001052","Block 1052, Block Group 1, Census Tract 9702, Bennington County, Vermont","0","0","0"
"1000000US500039702001053","Block 1053, Block Group 1, Census Tract 9702, Bennington County, Vermont","0","0","0"
"1000000US500039702001054","Block 1054, Block Group 1, Census Tract 9702, Bennington County, Vermont","0","0","0"
"1000000US500039702001055","Block 1055, Block Group 1, Census Tract 9702, Bennington County, Vermont","2","1","1"
"1000000US500039702001056","Block 1056, Block Group 1, Census Tract 9702, Bennington County, Vermont","1","1","0"
"1000000US500039702001057","Block 1057, Block Group 1, Census Tract 9702, Bennington County, Vermont","1","1","0"
"1000000US500039702001058","Block 1058, Block Group 1, Census Tract 9702, Bennington County, Vermont","0","0","0"
"1000000US500039702001059","Block 1059, Block Group 1, Census Tract 9702, Bennington County, Vermont","0","0","0"
"1000000US500039702001060","Block 1060, Block Group 1, Census Tract 9702, Bennington County, Vermont","1","1","0"
"1000000US500039702001061","Block 1061, Block Group 1, Census Tract 9702, Bennington County, Vermont","0","0","0"
"1000000US500039702001062","Block 1062, Block Group 1, Census Tract 9702, Bennington County, Vermont","1","1","0"
"1000000US500039702002000","Block 2000, Block Group 2, Census Tract 9702, Bennington County, Vermont","334","175","159"
"1000000US500039702002001","Block 2001, Block Group 2, Census Tract 9702, Bennington County, Vermont","84","51","33"
"1000000US500039702002002","Block 2002, Block Group 2, Census Tract 9702, Bennington County, Vermont","19","16","3"
"1000000US500039702002003","Block 2003, Block Group 2, Census Tract 9702, Bennington County, Vermont","8","6","2"
"1000000US500039702002004","Block 2004, Block Group 2, Census Tract 9702, Bennington County, Vermont","6","2","4"
"1000000US500039702002005","Block 2005, Block Group 2, Census Tract 9702, Bennington County, Vermont","12","10","2"
"1000000US500039702002006","Block 2006, Block Group 2, Census Tract 9702, Bennington County, Vermont","59","40","19"
"1000000US500039702002007","Block 2007, Block Group 2, Census Tract 9702, Bennington County, Vermont","22","6","16"
"1000000US500039702002008","Block 2008, Block Group 2, Census Tract 9702, Bennington County, Vermont","0","0","0"
"1000000US500039702002009","Block 2009, Block Group 2, Census Tract 9702, Bennington County, Vermont","7","3","4"
"1000000US500039702002010","Block 2010, Block Group 2, Census Tract 9702, Bennington County, Vermont","0","0","0"
"1000000US500039702002011","Block 2011, Block Group 2, Census Tract 9702, Bennington County, Vermont","2","2","0"
"1000000US500039702002012","Block 2012, Block Group 2, Census Tract 9702, Bennington County, Vermont","2","0","2"
"1000000US500039702002013","Block 2013, Block Group 2, Census Tract 9702, Bennington County, Vermont","2","1","1"
"1000000US500039702002014","Block 2014, Block Group 2, Census Tract 9702, Bennington County, Vermont","23","19","4"
"1000000US500039702002015","Block 2015, Block Group 2, Census Tract 9702, Bennington County, Vermont","1","1","0"
"1000000US500039702002016","Block 2016, Block Group 2, Census Tract 9702, Bennington County, Vermont","2","2","0"
"1000000US500039702002017","Block 2017, Block Group 2, Census Tract 9702, Bennington County, Vermont","9","4","5"
"1000000US500039702002018","Block 2018, Block Group 2, Census Tract 9702, Bennington County, Vermont","9","6","3"
"1000000US500039702002019","Block 2019, Block Group 2, Census Tract 9702, Bennington County, Vermont","0","0","0"
"1000000US500039702002020","Block 2020, Block Group 2, Census Tract 9702, Bennington County, Vermont","13","9","4"
"1000000US500039702002021","Block 2021, Block Group 2, Census Tract 9702, Bennington County, Vermont","1","0","1"
"1000000US500039702002022","Block 2022, Block Group 2, Census Tract 9702, Bennington County, Vermont","0","0","0"
"1000000US500039702002023","Block 2023, Block Group 2, Census Tract 9702, Bennington County, Vermont","26","13","13"
"1000000US500039702002024","Block 2024, Block Group 2, Census Tract 9702, Bennington County, Vermont","0","0","0"
"1000000US500039702002025","Block 2025, Block Group 2, Census Tract 9702, Bennington County, Vermont","0","0","0"
"1000000US500039702002026","Block 2026, Block Group 2, Census Tract 9702, Bennington County, Vermont","0","0","0"
"1000000US500039702002027","Block 2027, Block Group 2, Census Tract 9702, Bennington County, Vermont","6","5","1"
"1000000US500039702002028","Block 2028, Block Group 2, Census Tract 9702, Bennington County, Vermont","3","2","1"
"1000000US500039702002029","Block 2029, Block Group 2, Census Tract 9702, Bennington County, Vermont","7","5","2"
"1000000US500039702002030","Block 2030, Block Group 2, Census Tract 9702, Bennington County, Vermont","11","6","5"
"1000000US500039702002031","Block 2031, Block Group 2, Census Tract 9702, Bennington County, Vermont","0","0","0"
"1000000US500039702002032","Block 2032, Block Group 2, Census Tract 9702, Bennington County, Vermont","2","0","2"
"1000000US500039702002033","Block 2033, Block Group 2, Census Tract 9702, Bennington County, Vermont","0","0","0"
"1000000US500039702002034","Block 2034, Block Group 2, Census Tract 9702, Bennington County, Vermont","5","4","1"
"1000000US500039702002035","Block 2035, Block Group 2, Census Tract 9702, Bennington County, Vermont","8","7","1"
"1000000US500039702002036","Block 2036, Block Group 2, Census Tract 9702, Bennington County, Vermont","76","57","19"
"1000000US500039702002037","Block 2037, Block Group 2, Census Tract 9702, Bennington County, Vermont","0","0","0"
"1000000US500039702002038","Block 2038, Block Group 2, Census Tract 9702, Bennington County, Vermont","2","2","0"
"1000000US500039702002039","Block 2039, Block Group 2, Census Tract 9702, Bennington County, Vermont","7","7","0"
"1000000US500039702002040","Block 2040, Block Group 2, Census Tract 9702, Bennington County, Vermont","0","0","0"
"1000000US500039702002041","Block 2041, Block Group 2, Census Tract 9702, Bennington County, Vermont","5","3","2"
"1000000US500039702002042","Block 2042, Block Group 2, Census Tract 9702, Bennington County, Vermont","0","0","0"
"1000000US500039702002043","Block 2043, Block Group 2, Census Tract 9702, Bennington County, Vermont","18","7","11"
"1000000US500039702002044","Block 2044, Block Group 2, Census Tract 9702, Bennington County, Vermont","2","2","0"
"1000000US500039702002045","Block 2045, Block Group 2, Census Tract 9702, Bennington County, Vermont","62","31","31"
"1000000US500039702002046","Block 2046, Block Group 2, Census Tract 9702, Bennington County, Vermont","2","2","0"
"1000000US500039702002047","Block 2047, Block Group 2, Census Tract 9702, Bennington County, Vermont","2","1","1"
"1000000US500039702002048","Block 2048, Block Group 2, Census Tract 9702, Bennington County, Vermont","7","3","4"
"1000000US500039702002049","Block 2049, Block Group 2, Census Tract 9702, Bennington County, Vermont","2","0","2"
"1000000US500039702002050","Block 2050, Block Group 2, Census Tract 9702, Bennington County, Vermont","6","2","4"
"1000000US500039702002051","Block 2051, Block Group 2, Census Tract 9702, Bennington County, Vermont","3","2","1"
"1000000US500039702002052","Block 2052, Block Group 2, Census Tract 9702, Bennington County, Vermont","0","0","0"
"1000000US500039702002053","Block 2053, Block Group 2, Census Tract 9702, Bennington County, Vermont","0","0","0"
"1000000US500039702002054","Block 2054, Block Group 2, Census Tract 9702, Bennington County, Vermont","13","9","4"
"1000000US500039702002055","Block 2055, Block Group 2, Census Tract 9702, Bennington County, Vermont","0","0","0"
"1000000US500039702002056","Block 2056, Block Group 2, Census Tract 9702, Bennington County, Vermont","23","10","13"
"1000000US500039702002057","Block 2057, Block Group 2, Census Tract 9702, Bennington County, Vermont","12","7","5"
"1000000US500039702002058","Block 2058, Block Group 2, Census Tract 9702, Bennington County, Vermont","0","0","0"
"1000000US500039702002059","Block 2059, Block Group 2, Census Tract 9702, Bennington County, Vermont","36","14","22"
"1000000US500039702002060","Block 2060, Block Group 2, Census Tract 9702, Bennington County, Vermont","63","31","32"
"1000000US500039702002061","Block 2061, Block Group 2, Census Tract 9702, Bennington County, Vermont","4","3","1"
"1000000US500039702002062","Block 2062, Block Group 2, Census Tract 9702, Bennington County, Vermont","16","5","11"
"1000000US500039702002063","Block 2063, Block Group 2, Census Tract 9702, Bennington County, Vermont","22","12","10"
"1000000US500039702002064","Block 2064, Block Group 2, Census Tract 9702, Bennington County, Vermont","0","0","0"
"1000000US500039702002065","Block 2065, Block Group 2, Census Tract 9702, Bennington County, Vermont","3","3","0"
"1000000US500039703001000","Block 1000, Block Group 1, Census Tract 9703, Bennington County, Vermont","12","10","2"
"1000000US500039703001001","Block 1001, Block Group 1, Census Tract 9703, Bennington County, Vermont","5","4","1"
"1000000US500039703001002","Block 1002, Block Group 1, Census Tract 9703, Bennington County, Vermont","1","1","0"
"1000000US500039703001003","Block 1003, Block Group 1, Census Tract 9703, Bennington County, Vermont","0","0","0"
"1000000US500039703001004","Block 1004, Block Group 1, Census Tract 9703, Bennington County, Vermont","0","0","0"
"1000000US500039703001005","Block 1005, Block Group 1, Census Tract 9703, Bennington County, Vermont","9","8","1"
"1000000US500039703001006","Block 1006, Block Group 1, Census Tract 9703, Bennington County, Vermont","0","0","0"
"1000000US500039703001007","Block 1007, Block Group 1, Census Tract 9703, Bennington County, Vermont","0","0","0"
"1000000US500039703001008","Block 1008, Block Group 1, Census Tract 9703, Bennington County, Vermont","1","1","0"
"1000000US500039703001009","Block 1009, Block Group 1, Census Tract 9703, Bennington County, Vermont","72","50","22"
"1000000US500039703001010","Block 1010, Block Group 1, Census Tract 9703, Bennington County, Vermont","0","0","0"
"1000000US500039703001011","Block 1011, Block Group 1, Census Tract 9703, Bennington County, Vermont","24","16","8"
"1000000US500039703001012","Block 1012, Block Group 1, Census Tract 9703, Bennington County, Vermont","0","0","0"
"1000000US500039703001013","Block 1013, Block Group 1, Census Tract 9703, Bennington County, Vermont","1","1","0"
"1000000US500039703001014","Block 1014, Block Group 1, Census Tract 9703, Bennington County, Vermont","0","0","0"
"1000000US500039703001015","Block 1015, Block Group 1, Census Tract 9703, Bennington County, Vermont","3","1","2"
"1000000US500039703001016","Block 1016, Block Group 1, Census Tract 9703, Bennington County, Vermont","3","1","2"
"1000000US500039703001017","Block 1017, Block Group 1, Census Tract 9703, Bennington County, Vermont","0","0","0"
"1000000US500039703001018","Block 1018, Block Group 1, Census Tract 9703, Bennington County, Vermont","11","4","7"
"1000000US500039703001019","Block 1019, Block Group 1, Census Tract 9703, Bennington County, Vermont","0","0","0"
"1000000US500039703001020","Block 1020, Block Group 1, Census Tract 9703, Bennington County, Vermont","0","0","0"
"1000000US500039703001021","Block 1021, Block Group 1, Census Tract 9703, Bennington County, Vermont","1","0","1"
"1000000US500039703001022","Block 1022, Block Group 1, Census Tract 9703, Bennington County, Vermont","0","0","0"
"1000000US500039703001023","Block 1023, Block Group 1, Census Tract 9703, Bennington County, Vermont","0","0","0"
"1000000US500039703001024","Block 1024, Block Group 1, Census Tract 9703, Bennington County, Vermont","84","38","46"
"1000000US500039703001025","Block 1025, Block Group 1, Census Tract 9703, Bennington County, Vermont","0","0","0"
"1000000US500039703001026","Block 1026, Block Group 1, Census Tract 9703, Bennington County, Vermont","0","0","0"
"1000000US500039703001027","Block 1027, Block Group 1, Census Tract 9703, Bennington County, Vermont","0","0","0"
"1000000US500039703001028","Block 1028, Block Group 1, Census Tract 9703, Bennington County, Vermont","0","0","0"
"1000000US500039703001029","Block 1029, Block Group 1, Census Tract 9703, Bennington County, Vermont","0","0","0"
"1000000US500039703001030","Block 1030, Block Group 1, Census Tract 9703, Bennington County, Vermont","0","0","0"
"1000000US500039703001031","Block 1031, Block Group 1, Census Tract 9703, Bennington County, Vermont","1","0","1"
"1000000US500039703001032","Block 1032, Block Group 1, Census Tract 9703, Bennington County, Vermont","0","0","0"
"1000000US500039703001033","Block 1033, Block Group 1, Census Tract 9703, Bennington County, Vermont","2","0","2"
"1000000US500039703001034","Block 1034, Block Group 1, Census Tract 9703, Bennington County, Vermont","3","3","0"
"1000000US500039703001035","Block 1035, Block Group 1, Census Tract 9703, Bennington County, Vermont","0","0","0"
"1000000US500039703001036","Block 1036, Block Group 1, Census Tract 9703, Bennington County, Vermont","1","1","0"
"1000000US500039703001037","Block 1037, Block Group 1, Census Tract 9703, Bennington County, Vermont","0","0","0"
"1000000US500039703001038","Block 1038, Block Group 1, Census Tract 9703, Bennington County, Vermont","0","0","0"
"1000000US500039703001039","Block 1039, Block Group 1, Census Tract 9703, Bennington County, Vermont","2","2","0"
"1000000US500039703001040","Block 1040, Block Group 1, Census Tract 9703, Bennington County, Vermont","1","0","1"
"1000000US500039703001041","Block 1041, Block Group 1, Census Tract 9703, Bennington County, Vermont","0","0","0"
"1000000US500039703001042","Block 1042, Block Group 1, Census Tract 9703, Bennington County, Vermont","2","2","0"
"1000000US500039703001043","Block 1043, Block Group 1, Census Tract 9703, Bennington County, Vermont","2","2","0"
"1000000US500039703001044","Block 1044, Block Group 1, Census Tract 9703, Bennington County, Vermont","1","1","0"
"1000000US500039703001045","Block 1045, Block Group 1, Census Tract 9703, Bennington County, Vermont","0","0","0"
"1000000US500039703001046","Block 1046, Block Group 1, Census Tract 9703, Bennington County, Vermont","5","4","1"
"1000000US500039703001047","Block 1047, Block Group 1, Census Tract 9703, Bennington County, Vermont","1","1","0"
"1000000US500039703001048","Block 1048, Block Group 1, Census Tract 9703, Bennington County, Vermont","0","0","0"
"1000000US500039703001049","Block 1049, Block Group 1, Census Tract 9703, Bennington County, Vermont","2","1","1"
"1000000US500039703001050","Block 1050, Block Group 1, Census Tract 9703, Bennington County, Vermont","0","0","0"
"1000000US500039703001051","Block 1051, Block Group 1, Census Tract 9703, Bennington County, Vermont","0","0","0"
"1000000US500039703001052","Block 1052, Block Group 1, Census Tract 9703, Bennington County, Vermont","0","0","0"
"1000000US500039703001053","Block 1053, Block Group 1, Census Tract 9703, Bennington County, Vermont","0","0","0"
"1000000US500039703001054","Block 1054, Block Group 1, Census Tract 9703, Bennington County, Vermont","6","4","2"
"1000000US500039703001055","Block 1055, Block Group 1, Census Tract 9703, Bennington County, Vermont","0","0","0"
"1000000US500039703001056","Block 1056, Block Group 1, Census Tract 9703, Bennington County, Vermont","0","0","0"
"1000000US500039703001057","Block 1057, Block Group 1, Census Tract 9703, Bennington County, Vermont","1","1","0"
"1000000US500039703001058","Block 1058, Block Group 1, Census Tract 9703, Bennington County, Vermont","7","5","2"
"1000000US500039703001059","Block 1059, Block Group 1, Census Tract 9703, Bennington County, Vermont","5","5","0"
"1000000US500039703001060","Block 1060, Block Group 1, Census Tract 9703, Bennington County, Vermont","12","7","5"
"1000000US500039703001061","Block 1061, Block Group 1, Census Tract 9703, Bennington County, Vermont","36","28","8"
"1000000US500039703001062","Block 1062, Block Group 1, Census Tract 9703, Bennington County, Vermont","5","3","2"
"1000000US500039703001063","Block 1063, Block Group 1, Census Tract 9703, Bennington County, Vermont","12","9","3"
"1000000US500039703001064","Block 1064, Block Group 1, Census Tract 9703, Bennington County, Vermont","22","20","2"
"1000000US500039703001065","Block 1065, Block Group 1, Census Tract 9703, Bennington County, Vermont","44","24","20"
"1000000US500039703001066","Block 1066, Block Group 1, Census Tract 9703, Bennington County, Vermont","0","0","0"
"1000000US500039703001067","Block 1067, Block Group 1, Census Tract 9703, Bennington County, Vermont","0","0","0"
"1000000US500039703001068","Block 1068, Block Group 1, Census Tract 9703, Bennington County, Vermont","1","0","1"
"1000000US500039703001069","Block 1069, Block Group 1, Census Tract 9703, Bennington County, Vermont","1","1","0"
"1000000US500039703001070","Block 1070, Block Group 1, Census Tract 9703, Bennington County, Vermont","0","0","0"
"1000000US500039703001071","Block 1071, Block Group 1, Census Tract 9703, Bennington County, Vermont","7","5","2"
"1000000US500039703001072","Block 1072, Block Group 1, Census Tract 9703, Bennington County, Vermont","8","6","2"
"1000000US500039703001073","Block 1073, Block Group 1, Census Tract 9703, Bennington County, Vermont","18","8","10"
"1000000US500039703001074","Block 1074, Block Group 1, Census Tract 9703, Bennington County, Vermont","1","0","1"
"1000000US500039703001075","Block 1075, Block Group 1, Census Tract 9703, Bennington County, Vermont","21","18","3"
"1000000US500039703001076","Block 1076, Block Group 1, Census Tract 9703, Bennington County, Vermont","0","0","0"
"1000000US500039703001077","Block 1077, Block Group 1, Census Tract 9703, Bennington County, Vermont","25","13","12"
"1000000US500039703001078","Block 1078, Block Group 1, Census Tract 9703, Bennington County, Vermont","6","2","4"
"1000000US500039703001079","Block 1079, Block Group 1, Census Tract 9703, Bennington County, Vermont","48","26","22"
"1000000US500039703001080","Block 1080, Block Group 1, Census Tract 9703, Bennington County, Vermont","4","3","1"
"1000000US500039703001081","Block 1081, Block Group 1, Census Tract 9703, Bennington County, Vermont","0","0","0"
"1000000US500039703001082","Block 1082, Block Group 1, Census Tract 9703, Bennington County, Vermont","0","0","0"
"1000000US500039703001083","Block 1083, Block Group 1, Census Tract 9703, Bennington County, Vermont","0","0","0"
"1000000US500039703001084","Block 1084, Block Group 1, Census Tract 9703, Bennington County, Vermont","2","1","1"
"1000000US500039703001085","Block 1085, Block Group 1, Census Tract 9703, Bennington County, Vermont","1","0","1"
"1000000US500039703001086","Block 1086, Block Group 1, Census Tract 9703, Bennington County, Vermont","1","1","0"
"1000000US500039703001087","Block 1087, Block Group 1, Census Tract 9703, Bennington County, Vermont","1","1","0"
"1000000US500039703001088","Block 1088, Block Group 1, Census Tract 9703, Bennington County, Vermont","9","4","5"
"1000000US500039703001089","Block 1089, Block Group 1, Census Tract 9703, Bennington County, Vermont","5","4","1"
"1000000US500039703001090","Block 1090, Block Group 1, Census Tract 9703, Bennington County, Vermont","0","0","0"
"1000000US500039703001091","Block 1091, Block Group 1, Census Tract 9703, Bennington County, Vermont","25","14","11"
"1000000US500039703001092","Block 1092, Block Group 1, Census Tract 9703, Bennington County, Vermont","1","1","0"
"1000000US500039703001093","Block 1093, Block Group 1, Census Tract 9703, Bennington County, Vermont","1","0","1"
"1000000US500039703001094","Block 1094, Block Group 1, Census Tract 9703, Bennington County, Vermont","22","10","12"
"1000000US500039703001095","Block 1095, Block Group 1, Census Tract 9703, Bennington County, Vermont","4","2","2"
"1000000US500039703001096","Block 1096, Block Group 1, Census Tract 9703, Bennington County, Vermont","2","2","0"
"1000000US500039703001097","Block 1097, Block Group 1, Census Tract 9703, Bennington County, Vermont","0","0","0"
"1000000US500039703001098","Block 1098, Block Group 1, Census Tract 9703, Bennington County, Vermont","17","9","8"
"1000000US500039703001099","Block 1099, Block Group 1, Census Tract 9703, Bennington County, Vermont","16","7","9"
"1000000US500039703001100","Block 1100, Block Group 1, Census Tract 9703, Bennington County, Vermont","0","0","0"
"1000000US500039703001101","Block 1101, Block Group 1, Census Tract 9703, Bennington County, Vermont","0","0","0"
"1000000US500039703001102","Block 1102, Block Group 1, Census Tract 9703, Bennington County, Vermont","0","0","0"
"1000000US500039703001103","Block 1103, Block Group 1, Census Tract 9703, Bennington County, Vermont","0","0","0"
"1000000US500039703001104","Block 1104, Block Group 1, Census Tract 9703, Bennington County, Vermont","0","0","0"
"1000000US500039703001105","Block 1105, Block Group 1, Census Tract 9703, Bennington County, Vermont","0","0","0"
"1000000US500039703001106","Block 1106, Block Group 1, Census Tract 9703, Bennington County, Vermont","0","0","0"
"1000000US500039703001107","Block 1107, Block Group 1, Census Tract 9703, Bennington County, Vermont","0","0","0"
"1000000US500039703001108","Block 1108, Block Group 1, Census Tract 9703, Bennington County, Vermont","1","1","0"
"1000000US500039703001109","Block 1109, Block Group 1, Census Tract 9703, Bennington County, Vermont","19","11","8"
"1000000US500039703001110","Block 1110, Block Group 1, Census Tract 9703, Bennington County, Vermont","0","0","0"
"1000000US500039703001111","Block 1111, Block Group 1, Census Tract 9703, Bennington County, Vermont","0","0","0"
"1000000US500039703001112","Block 1112, Block Group 1, Census Tract 9703, Bennington County, Vermont","0","0","0"
"1000000US500039703001113","Block 1113, Block Group 1, Census Tract 9703, Bennington County, Vermont","10","6","4"
"1000000US500039703001114","Block 1114, Block Group 1, Census Tract 9703, Bennington County, Vermont","10","8","2"
"1000000US500039703001115","Block 1115, Block Group 1, Census Tract 9703, Bennington County, Vermont","1","1","0"
"1000000US500039703001116","Block 1116, Block Group 1, Census Tract 9703, Bennington County, Vermont","0","0","0"
"1000000US500039703001117","Block 1117, Block Group 1, Census Tract 9703, Bennington County, Vermont","35","21","14"
"1000000US500039703001118","Block 1118, Block Group 1, Census Tract 9703, Bennington County, Vermont","2","0","2"
"1000000US500039703001119","Block 1119, Block Group 1, Census Tract 9703, Bennington County, Vermont","5","3","2"
"1000000US500039703001120","Block 1120, Block Group 1, Census Tract 9703, Bennington County, Vermont","1","1","0"
"1000000US500039703001121","Block 1121, Block Group 1, Census Tract 9703, Bennington County, Vermont","26","14","12"
"1000000US500039703001122","Block 1122, Block Group 1, Census Tract 9703, Bennington County, Vermont","0","0","0"
"1000000US500039703001123","Block 1123, Block Group 1, Census Tract 9703, Bennington County, Vermont","4","4","0"
"1000000US500039703001124","Block 1124, Block Group 1, Census Tract 9703, Bennington County, Vermont","2","1","1"
"1000000US500039703001125","Block 1125, Block Group 1, Census Tract 9703, Bennington County, Vermont","4","2","2"
"1000000US500039703001126","Block 1126, Block Group 1, Census Tract 9703, Bennington County, Vermont","2","2","0"
"1000000US500039703001127","Block 1127, Block Group 1, Census Tract 9703, Bennington County, Vermont","0","0","0"
"1000000US500039703001128","Block 1128, Block Group 1, Census Tract 9703, Bennington County, Vermont","0","0","0"
"1000000US500039703001129","Block 1129, Block Group 1, Census Tract 9703, Bennington County, Vermont","0","0","0"
"1000000US500039703001130","Block 1130, Block Group 1, Census Tract 9703, Bennington County, Vermont","0","0","0"
"1000000US500039704001000","Block 1000, Block Group 1, Census Tract 9704, Bennington County, Vermont","18","11","7"
"1000000US500039704001001","Block 1001, Block Group 1, Census Tract 9704, Bennington County, Vermont","0","0","0"
"1000000US500039704001002","Block 1002, Block Group 1, Census Tract 9704, Bennington County, Vermont","11","9","2"
"1000000US500039704001003","Block 1003, Block Group 1, Census Tract 9704, Bennington County, Vermont","0","0","0"
"1000000US500039704001004","Block 1004, Block Group 1, Census Tract 9704, Bennington County, Vermont","0","0","0"
"1000000US500039704001005","Block 1005, Block Group 1, Census Tract 9704, Bennington County, Vermont","0","0","0"
"1000000US500039704001006","Block 1006, Block Group 1, Census Tract 9704, Bennington County, Vermont","5","5","0"
"1000000US500039704001007","Block 1007, Block Group 1, Census Tract 9704, Bennington County, Vermont","0","0","0"
"1000000US500039704001008","Block 1008, Block Group 1, Census Tract 9704, Bennington County, Vermont","5","5","0"
"1000000US500039704001009","Block 1009, Block Group 1, Census Tract 9704, Bennington County, Vermont","15","13","2"
"1000000US500039704001010","Block 1010, Block Group 1, Census Tract 9704, Bennington County, Vermont","38","22","16"
"1000000US500039704001011","Block 1011, Block Group 1, Census Tract 9704, Bennington County, Vermont","109","69","40"
"1000000US500039704001012","Block 1012, Block Group 1, Census Tract 9704, Bennington County, Vermont","3","2","1"
"1000000US500039704001013","Block 1013, Block Group 1, Census Tract 9704, Bennington County, Vermont","12","10","2"
"1000000US500039704001014","Block 1014, Block Group 1, Census Tract 9704, Bennington County, Vermont","0","0","0"
"1000000US500039704001015","Block 1015, Block Group 1, Census Tract 9704, Bennington County, Vermont","99","83","16"
"1000000US500039704001016","Block 1016, Block Group 1, Census Tract 9704, Bennington County, Vermont","0","0","0"
"1000000US500039704001017","Block 1017, Block Group 1, Census Tract 9704, Bennington County, Vermont","18","15","3"
"1000000US500039704001018","Block 1018, Block Group 1, Census Tract 9704, Bennington County, Vermont","0","0","0"
"1000000US500039704001019","Block 1019, Block Group 1, Census Tract 9704, Bennington County, Vermont","2","1","1"
"1000000US500039704001020","Block 1020, Block Group 1, Census Tract 9704, Bennington County, Vermont","4","4","0"
"1000000US500039704001021","Block 1021, Block Group 1, Census Tract 9704, Bennington County, Vermont","0","0","0"
"1000000US500039704001022","Block 1022, Block Group 1, Census Tract 9704, Bennington County, Vermont","57","52","5"
"1000000US500039704001023","Block 1023, Block Group 1, Census Tract 9704, Bennington County, Vermont","0","0","0"
"1000000US500039704001024","Block 1024, Block Group 1, Census Tract 9704, Bennington County, Vermont","0","0","0"
"1000000US500039704001025","Block 1025, Block Group 1, Census Tract 9704, Bennington County, Vermont","16","16","0"
"1000000US500039704001026","Block 1026, Block Group 1, Census Tract 9704, Bennington County, Vermont","3","2","1"
"1000000US500039704001027","Block 1027, Block Group 1, Census Tract 9704, Bennington County, Vermont","1","1","0"
"1000000US500039704001028","Block 1028, Block Group 1, Census Tract 9704, Bennington County, Vermont","0","0","0"
"1000000US500039704001029","Block 1029, Block Group 1, Census Tract 9704, Bennington County, Vermont","7","7","0"
"1000000US500039704001030","Block 1030, Block Group 1, Census Tract 9704, Bennington County, Vermont","8","7","1"
"1000000US500039704001031","Block 1031, Block Group 1, Census Tract 9704, Bennington County, Vermont","230","138","92"
"1000000US500039704001032","Block 1032, Block Group 1, Census Tract 9704, Bennington County, Vermont","2","1","1"
"1000000US500039704001033","Block 1033, Block Group 1, Census Tract 9704, Bennington County, Vermont","0","0","0"
"1000000US500039704001034","Block 1034, Block Group 1, Census Tract 9704, Bennington County, Vermont","13","11","2"
"1000000US500039704001035","Block 1035, Block Group 1, Census Tract 9704, Bennington County, Vermont","0","0","0"
"1000000US500039704001036","Block 1036, Block Group 1, Census Tract 9704, Bennington County, Vermont","1","0","1"
"1000000US500039704001037","Block 1037, Block Group 1, Census Tract 9704, Bennington County, Vermont","0","0","0"
"1000000US500039704001038","Block 1038, Block Group 1, Census Tract 9704, Bennington County, Vermont","0","0","0"
"1000000US500039704002000","Block 2000, Block Group 2, Census Tract 9704, Bennington County, Vermont","18","13","5"
"1000000US500039704002001","Block 2001, Block Group 2, Census Tract 9704, Bennington County, Vermont","44","30","14"
"1000000US500039704002002","Block 2002, Block Group 2, Census Tract 9704, Bennington County, Vermont","0","0","0"
"1000000US500039704002003","Block 2003, Block Group 2, Census Tract 9704, Bennington County, Vermont","0","0","0"
"1000000US500039704002004","Block 2004, Block Group 2, Census Tract 9704, Bennington County, Vermont","1","0","1"
"1000000US500039704002005","Block 2005, Block Group 2, Census Tract 9704, Bennington County, Vermont","11","4","7"
"1000000US500039704002006","Block 2006, Block Group 2, Census Tract 9704, Bennington County, Vermont","15","9","6"
"1000000US500039704002007","Block 2007, Block Group 2, Census Tract 9704, Bennington County, Vermont","0","0","0"
"1000000US500039704002008","Block 2008, Block Group 2, Census Tract 9704, Bennington County, Vermont","5","3","2"
"1000000US500039704002009","Block 2009, Block Group 2, Census Tract 9704, Bennington County, Vermont","8","8","0"
"1000000US500039704002010","Block 2010, Block Group 2, Census Tract 9704, Bennington County, Vermont","4","3","1"
"1000000US500039704002011","Block 2011, Block Group 2, Census Tract 9704, Bennington County, Vermont","0","0","0"
"1000000US500039704002012","Block 2012, Block Group 2, Census Tract 9704, Bennington County, Vermont","2","1","1"
"1000000US500039704002013","Block 2013, Block Group 2, Census Tract 9704, Bennington County, Vermont","6","6","0"
"1000000US500039704002014","Block 2014, Block Group 2, Census Tract 9704, Bennington County, Vermont","3","1","2"
"1000000US500039704002015","Block 2015, Block Group 2, Census Tract 9704, Bennington County, Vermont","91","71","20"
"1000000US500039704002016","Block 2016, Block Group 2, Census Tract 9704, Bennington County, Vermont","1","1","0"
"1000000US500039704002017","Block 2017, Block Group 2, Census Tract 9704, Bennington County, Vermont","0","0","0"
"1000000US500039704002018","Block 2018, Block Group 2, Census Tract 9704, Bennington County, Vermont","1","1","0"
"1000000US500039704002019","Block 2019, Block Group 2, Census Tract 9704, Bennington County, Vermont","20","14","6"
"1000000US500039704002020","Block 2020, Block Group 2, Census Tract 9704, Bennington County, Vermont","6","4","2"
"1000000US500039704002021","Block 2021, Block Group 2, Census Tract 9704, Bennington County, Vermont","2","0","2"
"1000000US500039704002022","Block 2022, Block Group 2, Census Tract 9704, Bennington County, Vermont","0","0","0"
"1000000US500039704002023","Block 2023, Block Group 2, Census Tract 9704, Bennington County, Vermont","0","0","0"
"1000000US500039704002024","Block 2024, Block Group 2, Census Tract 9704, Bennington County, Vermont","13","13","0"
"1000000US500039704002025","Block 2025, Block Group 2, Census Tract 9704, Bennington County, Vermont","41","36","5"
"1000000US500039704002026","Block 2026, Block Group 2, Census Tract 9704, Bennington County, Vermont","8","7","1"
"1000000US500039704002027","Block 2027, Block Group 2, Census Tract 9704, Bennington County, Vermont","24","20","4"
"1000000US500039704002028","Block 2028, Block Group 2, Census Tract 9704, Bennington County, Vermont","3","1","2"
"1000000US500039704003000","Block 3000, Block Group 3, Census Tract 9704, Bennington County, Vermont","32","17","15"
"1000000US500039704003001","Block 3001, Block Group 3, Census Tract 9704, Bennington County, Vermont","1","0","1"
"1000000US500039704003002","Block 3002, Block Group 3, Census Tract 9704, Bennington County, Vermont","5","4","1"
"1000000US500039704003003","Block 3003, Block Group 3, Census Tract 9704, Bennington County, Vermont","0","0","0"
"1000000US500039704003004","Block 3004, Block Group 3, Census Tract 9704, Bennington County, Vermont","15","9","6"
"1000000US500039704003005","Block 3005, Block Group 3, Census Tract 9704, Bennington County, Vermont","0","0","0"
"1000000US500039704003006","Block 3006, Block Group 3, Census Tract 9704, Bennington County, Vermont","47","36","11"
"1000000US500039704003007","Block 3007, Block Group 3, Census Tract 9704, Bennington County, Vermont","0","0","0"
"1000000US500039704003008","Block 3008, Block Group 3, Census Tract 9704, Bennington County, Vermont","0","0","0"
"1000000US500039704003009","Block 3009, Block Group 3, Census Tract 9704, Bennington County, Vermont","27","22","5"
"1000000US500039704003010","Block 3010, Block Group 3, Census Tract 9704, Bennington County, Vermont","5","5","0"
"1000000US500039704003011","Block 3011, Block Group 3, Census Tract 9704, Bennington County, Vermont","2","1","1"
"1000000US500039704003012","Block 3012, Block Group 3, Census Tract 9704, Bennington County, Vermont","68","34","34"
"1000000US500039704003013","Block 3013, Block Group 3, Census Tract 9704, Bennington County, Vermont","2","2","0"
"1000000US500039704003014","Block 3014, Block Group 3, Census Tract 9704, Bennington County, Vermont","9","7","2"
"1000000US500039704003015","Block 3015, Block Group 3, Census Tract 9704, Bennington County, Vermont","18","14","4"
"1000000US500039704003016","Block 3016, Block Group 3, Census Tract 9704, Bennington County, Vermont","0","0","0"
"1000000US500039704003017","Block 3017, Block Group 3, Census Tract 9704, Bennington County, Vermont","0","0","0"
"1000000US500039704003018","Block 3018, Block Group 3, Census Tract 9704, Bennington County, Vermont","17","13","4"
"1000000US500039704003019","Block 3019, Block Group 3, Census Tract 9704, Bennington County, Vermont","88","58","30"
"1000000US500039704003020","Block 3020, Block Group 3, Census Tract 9704, Bennington County, Vermont","0","0","0"
"1000000US500039704003021","Block 3021, Block Group 3, Census Tract 9704, Bennington County, Vermont","11","4","7"
"1000000US500039704003022","Block 3022, Block Group 3, Census Tract 9704, Bennington County, Vermont","6","6","0"
"1000000US500039704003023","Block 3023, Block Group 3, Census Tract 9704, Bennington County, Vermont","0","0","0"
"1000000US500039704003024","Block 3024, Block Group 3, Census Tract 9704, Bennington County, Vermont","0","0","0"
"1000000US500039704003025","Block 3025, Block Group 3, Census Tract 9704, Bennington County, Vermont","0","0","0"
"1000000US500039704003026","Block 3026, Block Group 3, Census Tract 9704, Bennington County, Vermont","13","11","2"
"1000000US500039704003027","Block 3027, Block Group 3, Census Tract 9704, Bennington County, Vermont","0","0","0"
"1000000US500039704003028","Block 3028, Block Group 3, Census Tract 9704, Bennington County, Vermont","8","5","3"
"1000000US500039704003029","Block 3029, Block Group 3, Census Tract 9704, Bennington County, Vermont","1","1","0"
"1000000US500039704003030","Block 3030, Block Group 3, Census Tract 9704, Bennington County, Vermont","69","47","22"
"1000000US500039704003031","Block 3031, Block Group 3, Census Tract 9704, Bennington County, Vermont","1","1","0"
"1000000US500039704003032","Block 3032, Block Group 3, Census Tract 9704, Bennington County, Vermont","5","3","2"
"1000000US500039704003033","Block 3033, Block Group 3, Census Tract 9704, Bennington County, Vermont","0","0","0"
"1000000US500039704003034","Block 3034, Block Group 3, Census Tract 9704, Bennington County, Vermont","5","5","0"
"1000000US500039704003035","Block 3035, Block Group 3, Census Tract 9704, Bennington County, Vermont","22","18","4"
"1000000US500039704003036","Block 3036, Block Group 3, Census Tract 9704, Bennington County, Vermont","8","8","0"
"1000000US500039704003037","Block 3037, Block Group 3, Census Tract 9704, Bennington County, Vermont","56","38","18"
"1000000US500039704003038","Block 3038, Block Group 3, Census Tract 9704, Bennington County, Vermont","0","0","0"
"1000000US500039704003039","Block 3039, Block Group 3, Census Tract 9704, Bennington County, Vermont","3","2","1"
"1000000US500039704003040","Block 3040, Block Group 3, Census Tract 9704, Bennington County, Vermont","0","0","0"
"1000000US500039704003041","Block 3041, Block Group 3, Census Tract 9704, Bennington County, Vermont","0","0","0"
"1000000US500039704003042","Block 3042, Block Group 3, Census Tract 9704, Bennington County, Vermont","17","13","4"
"1000000US500039704003043","Block 3043, Block Group 3, Census Tract 9704, Bennington County, Vermont","0","0","0"
"1000000US500039704003044","Block 3044, Block Group 3, Census Tract 9704, Bennington County, Vermont","9","5","4"
"1000000US500039704003045","Block 3045, Block Group 3, Census Tract 9704, Bennington County, Vermont","14","13","1"
"1000000US500039704003046","Block 3046, Block Group 3, Census Tract 9704, Bennington County, Vermont","0","0","0"
"1000000US500039704003047","Block 3047, Block Group 3, Census Tract 9704, Bennington County, Vermont","2","1","1"
"1000000US500039704003048","Block 3048, Block Group 3, Census Tract 9704, Bennington County, Vermont","42","23","19"
"1000000US500039704003049","Block 3049, Block Group 3, Census Tract 9704, Bennington County, Vermont","13","5","8"
"1000000US500039704003050","Block 3050, Block Group 3, Census Tract 9704, Bennington County, Vermont","0","0","0"
"1000000US500039704003051","Block 3051, Block Group 3, Census Tract 9704, Bennington County, Vermont","0","0","0"
"1000000US500039704003052","Block 3052, Block Group 3, Census Tract 9704, Bennington County, Vermont","0","0","0"
"1000000US500039704003053","Block 3053, Block Group 3, Census Tract 9704, Bennington County, Vermont","8","7","1"
"1000000US500039704003054","Block 3054, Block Group 3, Census Tract 9704, Bennington County, Vermont","0","0","0"
"1000000US500039704003055","Block 3055, Block Group 3, Census Tract 9704, Bennington County, Vermont","0","0","0"
"1000000US500039704004000","Block 4000, Block Group 4, Census Tract 9704, Bennington County, Vermont","37","22","15"
"1000000US500039704004001","Block 4001, Block Group 4, Census Tract 9704, Bennington County, Vermont","0","0","0"
"1000000US500039704004002","Block 4002, Block Group 4, Census Tract 9704, Bennington County, Vermont","9","6","3"
"1000000US500039704004003","Block 4003, Block Group 4, Census Tract 9704, Bennington County, Vermont","4","4","0"
"1000000US500039704004004","Block 4004, Block Group 4, Census Tract 9704, Bennington County, Vermont","10","7","3"
"1000000US500039704004005","Block 4005, Block Group 4, Census Tract 9704, Bennington County, Vermont","5","3","2"
"1000000US500039704004006","Block 4006, Block Group 4, Census Tract 9704, Bennington County, Vermont","11","9","2"
"1000000US500039704004007","Block 4007, Block Group 4, Census Tract 9704, Bennington County, Vermont","108","94","14"
"1000000US500039704004008","Block 4008, Block Group 4, Census Tract 9704, Bennington County, Vermont","5","3","2"
"1000000US500039704004009","Block 4009, Block Group 4, Census Tract 9704, Bennington County, Vermont","0","0","0"
"1000000US500039704004010","Block 4010, Block Group 4, Census Tract 9704, Bennington County, Vermont","0","0","0"
"1000000US500039704004011","Block 4011, Block Group 4, Census Tract 9704, Bennington County, Vermont","11","9","2"
"1000000US500039704004012","Block 4012, Block Group 4, Census Tract 9704, Bennington County, Vermont","127","107","20"
"1000000US500039704004013","Block 4013, Block Group 4, Census Tract 9704, Bennington County, Vermont","4","4","0"
"1000000US500039704004014","Block 4014, Block Group 4, Census Tract 9704, Bennington County, Vermont","26","20","6"
"1000000US500039704004015","Block 4015, Block Group 4, Census Tract 9704, Bennington County, Vermont","55","51","4"
"1000000US500039704004016","Block 4016, Block Group 4, Census Tract 9704, Bennington County, Vermont","0","0","0"
"1000000US500039704004017","Block 4017, Block Group 4, Census Tract 9704, Bennington County, Vermont","0","0","0"
"1000000US500039704004018","Block 4018, Block Group 4, Census Tract 9704, Bennington County, Vermont","17","17","0"
"1000000US500039704004019","Block 4019, Block Group 4, Census Tract 9704, Bennington County, Vermont","0","0","0"
"1000000US500039704004020","Block 4020, Block Group 4, Census Tract 9704, Bennington County, Vermont","8","8","0"
"1000000US500039704004021","Block 4021, Block Group 4, Census Tract 9704, Bennington County, Vermont","56","52","4"
"1000000US500039704004022","Block 4022, Block Group 4, Census Tract 9704, Bennington County, Vermont","0","0","0"
"1000000US500039704004023","Block 4023, Block Group 4, Census Tract 9704, Bennington County, Vermont","0","0","0"
"1000000US500039704004024","Block 4024, Block Group 4, Census Tract 9704, Bennington County, Vermont","5","3","2"
"1000000US500039704004025","Block 4025, Block Group 4, Census Tract 9704, Bennington County, Vermont","0","0","0"
"1000000US500039704004026","Block 4026, Block Group 4, Census Tract 9704, Bennington County, Vermont","243","195","48"
"1000000US500039704004027","Block 4027, Block Group 4, Census Tract 9704, Bennington County, Vermont","0","0","0"
"1000000US500039704004028","Block 4028, Block Group 4, Census Tract 9704, Bennington County, Vermont","0","0","0"
"1000000US500039704004029","Block 4029, Block Group 4, Census Tract 9704, Bennington County, Vermont","0","0","0"
"1000000US500039704004030","Block 4030, Block Group 4, Census Tract 9704, Bennington County, Vermont","8","4","4"
"1000000US500039704004031","Block 4031, Block Group 4, Census Tract 9704, Bennington County, Vermont","0","0","0"
"1000000US500039704004032","Block 4032, Block Group 4, Census Tract 9704, Bennington County, Vermont","2","2","0"
"1000000US500039704004033","Block 4033, Block Group 4, Census Tract 9704, Bennington County, Vermont","0","0","0"
"1000000US500039704004034","Block 4034, Block Group 4, Census Tract 9704, Bennington County, Vermont","0","0","0"
"1000000US500039704004035","Block 4035, Block Group 4, Census Tract 9704, Bennington County, Vermont","120","31","89"
"1000000US500039704004036","Block 4036, Block Group 4, Census Tract 9704, Bennington County, Vermont","2","0","2"
"1000000US500039704004037","Block 4037, Block Group 4, Census Tract 9704, Bennington County, Vermont","13","1","12"
"1000000US500039704004038","Block 4038, Block Group 4, Census Tract 9704, Bennington County, Vermont","2","1","1"
"1000000US500039704004039","Block 4039, Block Group 4, Census Tract 9704, Bennington County, Vermont","4","3","1"
"1000000US500039704004040","Block 4040, Block Group 4, Census Tract 9704, Bennington County, Vermont","51","46","5"
"1000000US500039704004041","Block 4041, Block Group 4, Census Tract 9704, Bennington County, Vermont","13","11","2"
"1000000US500039704004042","Block 4042, Block Group 4, Census Tract 9704, Bennington County, Vermont","0","0","0"
"1000000US500039704004043","Block 4043, Block Group 4, Census Tract 9704, Bennington County, Vermont","12","10","2"
"1000000US500039704004044","Block 4044, Block Group 4, Census Tract 9704, Bennington County, Vermont","18","16","2"
"1000000US500039704004045","Block 4045, Block Group 4, Census Tract 9704, Bennington County, Vermont","4","4","0"
"1000000US500039704004046","Block 4046, Block Group 4, Census Tract 9704, Bennington County, Vermont","0","0","0"
"1000000US500039704004047","Block 4047, Block Group 4, Census Tract 9704, Bennington County, Vermont","0","0","0"
"1000000US500039704004048","Block 4048, Block Group 4, Census Tract 9704, Bennington County, Vermont","0","0","0"
"1000000US500039704004049","Block 4049, Block Group 4, Census Tract 9704, Bennington County, Vermont","0","0","0"
"1000000US500039704004050","Block 4050, Block Group 4, Census Tract 9704, Bennington County, Vermont","5","3","2"
"1000000US500039704004051","Block 4051, Block Group 4, Census Tract 9704, Bennington County, Vermont","25","12","13"
"1000000US500039704004052","Block 4052, Block Group 4, Census Tract 9704, Bennington County, Vermont","0","0","0"
"1000000US500039704004053","Block 4053, Block Group 4, Census Tract 9704, Bennington County, Vermont","0","0","0"
"1000000US500039704004054","Block 4054, Block Group 4, Census Tract 9704, Bennington County, Vermont","0","0","0"
"1000000US500039704004055","Block 4055, Block Group 4, Census Tract 9704, Bennington County, Vermont","4","2","2"
"1000000US500039704004056","Block 4056, Block Group 4, Census Tract 9704, Bennington County, Vermont","1","0","1"
"1000000US500039704004057","Block 4057, Block Group 4, Census Tract 9704, Bennington County, Vermont","14","7","7"
"1000000US500039704004058","Block 4058, Block Group 4, Census Tract 9704, Bennington County, Vermont","13","10","3"
"1000000US500039704004059","Block 4059, Block Group 4, Census Tract 9704, Bennington County, Vermont","3","2","1"
"1000000US500039704004060","Block 4060, Block Group 4, Census Tract 9704, Bennington County, Vermont","0","0","0"
"1000000US500039704004061","Block 4061, Block Group 4, Census Tract 9704, Bennington County, Vermont","0","0","0"
"1000000US500039704004062","Block 4062, Block Group 4, Census Tract 9704, Bennington County, Vermont","0","0","0"
"1000000US500039704004063","Block 4063, Block Group 4, Census Tract 9704, Bennington County, Vermont","0","0","0"
"1000000US500039704004064","Block 4064, Block Group 4, Census Tract 9704, Bennington County, Vermont","0","0","0"
"1000000US500039704004065","Block 4065, Block Group 4, Census Tract 9704, Bennington County, Vermont","8","5","3"
"1000000US500039704004066","Block 4066, Block Group 4, Census Tract 9704, Bennington County, Vermont","43","36","7"
"1000000US500039704004067","Block 4067, Block Group 4, Census Tract 9704, Bennington County, Vermont","0","0","0"
"1000000US500039704004068","Block 4068, Block Group 4, Census Tract 9704, Bennington County, Vermont","5","2","3"
"1000000US500039704004069","Block 4069, Block Group 4, Census Tract 9704, Bennington County, Vermont","0","0","0"
"1000000US500039704004070","Block 4070, Block Group 4, Census Tract 9704, Bennington County, Vermont","0","0","0"
"1000000US500039704004071","Block 4071, Block Group 4, Census Tract 9704, Bennington County, Vermont","0","0","0"
"1000000US500039704004072","Block 4072, Block Group 4, Census Tract 9704, Bennington County, Vermont","0","0","0"
"1000000US500039704004073","Block 4073, Block Group 4, Census Tract 9704, Bennington County, Vermont","3","2","1"
"1000000US500039704004074","Block 4074, Block Group 4, Census Tract 9704, Bennington County, Vermont","1","1","0"
"1000000US500039704004075","Block 4075, Block Group 4, Census Tract 9704, Bennington County, Vermont","2","2","0"
"1000000US500039704004076","Block 4076, Block Group 4, Census Tract 9704, Bennington County, Vermont","1","1","0"
"1000000US500039704004077","Block 4077, Block Group 4, Census Tract 9704, Bennington County, Vermont","15","6","9"
"1000000US500039704004078","Block 4078, Block Group 4, Census Tract 9704, Bennington County, Vermont","0","0","0"
"1000000US500039704004079","Block 4079, Block Group 4, Census Tract 9704, Bennington County, Vermont","0","0","0"
"1000000US500039704004080","Block 4080, Block Group 4, Census Tract 9704, Bennington County, Vermont","20","11","9"
"1000000US500039704004081","Block 4081, Block Group 4, Census Tract 9704, Bennington County, Vermont","0","0","0"
"1000000US500039704004082","Block 4082, Block Group 4, Census Tract 9704, Bennington County, Vermont","1","1","0"
"1000000US500039704004083","Block 4083, Block Group 4, Census Tract 9704, Bennington County, Vermont","4","2","2"
"1000000US500039704004084","Block 4084, Block Group 4, Census Tract 9704, Bennington County, Vermont","27","13","14"
"1000000US500039704004085","Block 4085, Block Group 4, Census Tract 9704, Bennington County, Vermont","0","0","0"
"1000000US500039704004086","Block 4086, Block Group 4, Census Tract 9704, Bennington County, Vermont","11","7","4"
"1000000US500039704004087","Block 4087, Block Group 4, Census Tract 9704, Bennington County, Vermont","0","0","0"
"1000000US500039704004088","Block 4088, Block Group 4, Census Tract 9704, Bennington County, Vermont","0","0","0"
"1000000US500039704004089","Block 4089, Block Group 4, Census Tract 9704, Bennington County, Vermont","0","0","0"
"1000000US500039704004090","Block 4090, Block Group 4, Census Tract 9704, Bennington County, Vermont","2","0","2"
"1000000US500039704004091","Block 4091, Block Group 4, Census Tract 9704, Bennington County, Vermont","0","0","0"
"1000000US500039704004092","Block 4092, Block Group 4, Census Tract 9704, Bennington County, Vermont","1","0","1"
"1000000US500039704004093","Block 4093, Block Group 4, Census Tract 9704, Bennington County, Vermont","0","0","0"
"1000000US500039704004094","Block 4094, Block Group 4, Census Tract 9704, Bennington County, Vermont","11","10","1"
"1000000US500039704004095","Block 4095, Block Group 4, Census Tract 9704, Bennington County, Vermont","1","1","0"
"1000000US500039704004096","Block 4096, Block Group 4, Census Tract 9704, Bennington County, Vermont","0","0","0"
"1000000US500039705001000","Block 1000, Block Group 1, Census Tract 9705, Bennington County, Vermont","9","8","1"
"1000000US500039705001001","Block 1001, Block Group 1, Census Tract 9705, Bennington County, Vermont","2","1","1"
"1000000US500039705001002","Block 1002, Block Group 1, Census Tract 9705, Bennington County, Vermont","19","7","12"
"1000000US500039705001003","Block 1003, Block Group 1, Census Tract 9705, Bennington County, Vermont","1","1","0"
"1000000US500039705001004","Block 1004, Block Group 1, Census Tract 9705, Bennington County, Vermont","0","0","0"
"1000000US500039705001005","Block 1005, Block Group 1, Census Tract 9705, Bennington County, Vermont","6","2","4"
"1000000US500039705001006","Block 1006, Block Group 1, Census Tract 9705, Bennington County, Vermont","284","46","238"
"1000000US500039705001007","Block 1007, Block Group 1, Census Tract 9705, Bennington County, Vermont","26","0","26"
"1000000US500039705001008","Block 1008, Block Group 1, Census Tract 9705, Bennington County, Vermont","12","0","12"
"1000000US500039705001009","Block 1009, Block Group 1, Census Tract 9705, Bennington County, Vermont","4","0","4"
"1000000US500039705001010","Block 1010, Block Group 1, Census Tract 9705, Bennington County, Vermont","0","0","0"
"1000000US500039705001011","Block 1011, Block Group 1, Census Tract 9705, Bennington County, Vermont","23","1","22"
"1000000US500039705001012","Block 1012, Block Group 1, Census Tract 9705, Bennington County, Vermont","2","1","1"
"1000000US500039705001013","Block 1013, Block Group 1, Census Tract 9705, Bennington County, Vermont","25","10","15"
"1000000US500039705001014","Block 1014, Block Group 1, Census Tract 9705, Bennington County, Vermont","20","0","20"
"1000000US500039705001015","Block 1015, Block Group 1, Census Tract 9705, Bennington County, Vermont","2","1","1"
"1000000US500039705001016","Block 1016, Block Group 1, Census Tract 9705, Bennington County, Vermont","2","1","1"
"1000000US500039705001017","Block 1017, Block Group 1, Census Tract 9705, Bennington County, Vermont","2","0","2"
"1000000US500039705001018","Block 1018, Block Group 1, Census Tract 9705, Bennington County, Vermont","27","10","17"
"1000000US500039705001019","Block 1019, Block Group 1, Census Tract 9705, Bennington County, Vermont","0","0","0"
"1000000US500039705001020","Block 1020, Block Group 1, Census Tract 9705, Bennington County, Vermont","0","0","0"
"1000000US500039705001021","Block 1021, Block Group 1, Census Tract 9705, Bennington County, Vermont","0","0","0"
"1000000US500039705001022","Block 1022, Block Group 1, Census Tract 9705, Bennington County, Vermont","28","9","19"
"1000000US500039705001023","Block 1023, Block Group 1, Census Tract 9705, Bennington County, Vermont","27","2","25"
"1000000US500039705001024","Block 1024, Block Group 1, Census Tract 9705, Bennington County, Vermont","4","0","4"
"1000000US500039705001025","Block 1025, Block Group 1, Census Tract 9705, Bennington County, Vermont","6","0","6"
"1000000US500039705001026","Block 1026, Block Group 1, Census Tract 9705, Bennington County, Vermont","2","1","1"
"1000000US500039705001027","Block 1027, Block Group 1, Census Tract 9705, Bennington County, Vermont","2","2","0"
"1000000US500039705001028","Block 1028, Block Group 1, Census Tract 9705, Bennington County, Vermont","7","6","1"
"1000000US500039705001029","Block 1029, Block Group 1, Census Tract 9705, Bennington County, Vermont","0","0","0"
"1000000US500039705001030","Block 1030, Block Group 1, Census Tract 9705, Bennington County, Vermont","3","2","1"
"1000000US500039705001031","Block 1031, Block Group 1, Census Tract 9705, Bennington County, Vermont","28","11","17"
"1000000US500039705001032","Block 1032, Block Group 1, Census Tract 9705, Bennington County, Vermont","3","1","2"
"1000000US500039705001033","Block 1033, Block Group 1, Census Tract 9705, Bennington County, Vermont","28","13","15"
"1000000US500039705001034","Block 1034, Block Group 1, Census Tract 9705, Bennington County, Vermont","0","0","0"
"1000000US500039705001035","Block 1035, Block Group 1, Census Tract 9705, Bennington County, Vermont","7","4","3"
"1000000US500039705001036","Block 1036, Block Group 1, Census Tract 9705, Bennington County, Vermont","1","1","0"
"1000000US500039705001037","Block 1037, Block Group 1, Census Tract 9705, Bennington County, Vermont","0","0","0"
"1000000US500039705001038","Block 1038, Block Group 1, Census Tract 9705, Bennington County, Vermont","0","0","0"
"1000000US500039705001039","Block 1039, Block Group 1, Census Tract 9705, Bennington County, Vermont","3","0","3"
"1000000US500039705001040","Block 1040, Block Group 1, Census Tract 9705, Bennington County, Vermont","1","0","1"
"1000000US500039705001041","Block 1041, Block Group 1, Census Tract 9705, Bennington County, Vermont","16","6","10"
"1000000US500039705001042","Block 1042, Block Group 1, Census Tract 9705, Bennington County, Vermont","3","1","2"
"1000000US500039705001043","Block 1043, Block Group 1, Census Tract 9705, Bennington County, Vermont","0","0","0"
"1000000US500039705001044","Block 1044, Block Group 1, Census Tract 9705, Bennington County, Vermont","0","0","0"
"1000000US500039705001045","Block 1045, Block Group 1, Census Tract 9705, Bennington County, Vermont","0","0","0"
"1000000US500039705001046","Block 1046, Block Group 1, Census Tract 9705, Bennington County, Vermont","0","0","0"
"1000000US500039705001047","Block 1047, Block Group 1, Census Tract 9705, Bennington County, Vermont","0","0","0"
"1000000US500039705001048","Block 1048, Block Group 1, Census Tract 9705, Bennington County, Vermont","0","0","0"
"1000000US500039705001049","Block 1049, Block Group 1, Census Tract 9705, Bennington County, Vermont","0","0","0"
"1000000US500039705001050","Block 1050, Block Group 1, Census Tract 9705, Bennington County, Vermont","12","0","12"
"1000000US500039705001051","Block 1051, Block Group 1, Census Tract 9705, Bennington County, Vermont","1","0","1"
"1000000US500039705001052","Block 1052, Block Group 1, Census Tract 9705, Bennington County, Vermont","0","0","0"
"1000000US500039705001053","Block 1053, Block Group 1, Census Tract 9705, Bennington County, Vermont","0","0","0"
"1000000US500039705001054","Block 1054, Block Group 1, Census Tract 9705, Bennington County, Vermont","35","20","15"
"1000000US500039705001055","Block 1055, Block Group 1, Census Tract 9705, Bennington County, Vermont","0","0","0"
"1000000US500039705001056","Block 1056, Block Group 1, Census Tract 9705, Bennington County, Vermont","65","30","35"
"1000000US500039705001057","Block 1057, Block Group 1, Census Tract 9705, Bennington County, Vermont","3","1","2"
"1000000US500039705001058","Block 1058, Block Group 1, Census Tract 9705, Bennington County, Vermont","0","0","0"
"1000000US500039705001059","Block 1059, Block Group 1, Census Tract 9705, Bennington County, Vermont","0","0","0"
"1000000US500039705001060","Block 1060, Block Group 1, Census Tract 9705, Bennington County, Vermont","10","2","8"
"1000000US500039705001061","Block 1061, Block Group 1, Census Tract 9705, Bennington County, Vermont","35","12","23"
"1000000US500039705001062","Block 1062, Block Group 1, Census Tract 9705, Bennington County, Vermont","13","4","9"
"1000000US500039705001063","Block 1063, Block Group 1, Census Tract 9705, Bennington County, Vermont","8","1","7"
"1000000US500039705001064","Block 1064, Block Group 1, Census Tract 9705, Bennington County, Vermont","2","2","0"
"1000000US500039705001065","Block 1065, Block Group 1, Census Tract 9705, Bennington County, Vermont","0","0","0"
"1000000US500039705001066","Block 1066, Block Group 1, Census Tract 9705, Bennington County, Vermont","15","4","11"
"1000000US500039705001067","Block 1067, Block Group 1, Census Tract 9705, Bennington County, Vermont","13","6","7"
"1000000US500039705001068","Block 1068, Block Group 1, Census Tract 9705, Bennington County, Vermont","0","0","0"
"1000000US500039705001069","Block 1069, Block Group 1, Census Tract 9705, Bennington County, Vermont","1","0","1"
"1000000US500039705001070","Block 1070, Block Group 1, Census Tract 9705, Bennington County, Vermont","0","0","0"
"1000000US500039705001071","Block 1071, Block Group 1, Census Tract 9705, Bennington County, Vermont","1","0","1"
"1000000US500039705001072","Block 1072, Block Group 1, Census Tract 9705, Bennington County, Vermont","11","9","2"
"1000000US500039705001073","Block 1073, Block Group 1, Census Tract 9705, Bennington County, Vermont","0","0","0"
"1000000US500039705001074","Block 1074, Block Group 1, Census Tract 9705, Bennington County, Vermont","0","0","0"
"1000000US500039705001075","Block 1075, Block Group 1, Census Tract 9705, Bennington County, Vermont","0","0","0"
"1000000US500039705001076","Block 1076, Block Group 1, Census Tract 9705, Bennington County, Vermont","0","0","0"
"1000000US500039705001077","Block 1077, Block Group 1, Census Tract 9705, Bennington County, Vermont","1","0","1"
"1000000US500039705002000","Block 2000, Block Group 2, Census Tract 9705, Bennington County, Vermont","2","2","0"
"1000000US500039705002001","Block 2001, Block Group 2, Census Tract 9705, Bennington County, Vermont","0","0","0"
"1000000US500039705002002","Block 2002, Block Group 2, Census Tract 9705, Bennington County, Vermont","1","0","1"
"1000000US500039705002003","Block 2003, Block Group 2, Census Tract 9705, Bennington County, Vermont","1","1","0"
"1000000US500039705002004","Block 2004, Block Group 2, Census Tract 9705, Bennington County, Vermont","1","0","1"
"1000000US500039705002005","Block 2005, Block Group 2, Census Tract 9705, Bennington County, Vermont","0","0","0"
"1000000US500039705002006","Block 2006, Block Group 2, Census Tract 9705, Bennington County, Vermont","3","0","3"
"1000000US500039705002007","Block 2007, Block Group 2, Census Tract 9705, Bennington County, Vermont","1","0","1"
"1000000US500039705002008","Block 2008, Block Group 2, Census Tract 9705, Bennington County, Vermont","0","0","0"
"1000000US500039705002009","Block 2009, Block Group 2, Census Tract 9705, Bennington County, Vermont","3","1","2"
"1000000US500039705002010","Block 2010, Block Group 2, Census Tract 9705, Bennington County, Vermont","67","20","47"
"1000000US500039705002011","Block 2011, Block Group 2, Census Tract 9705, Bennington County, Vermont","1","1","0"
"1000000US500039705002012","Block 2012, Block Group 2, Census Tract 9705, Bennington County, Vermont","7","1","6"
"1000000US500039705002013","Block 2013, Block Group 2, Census Tract 9705, Bennington County, Vermont","0","0","0"
"1000000US500039705002014","Block 2014, Block Group 2, Census Tract 9705, Bennington County, Vermont","0","0","0"
"1000000US500039705002015","Block 2015, Block Group 2, Census Tract 9705, Bennington County, Vermont","12","3","9"
"1000000US500039705002016","Block 2016, Block Group 2, Census Tract 9705, Bennington County, Vermont","0","0","0"
"1000000US500039705002017","Block 2017, Block Group 2, Census Tract 9705, Bennington County, Vermont","17","6","11"
"1000000US500039705002018","Block 2018, Block Group 2, Census Tract 9705, Bennington County, Vermont","68","18","50"
"1000000US500039705002019","Block 2019, Block Group 2, Census Tract 9705, Bennington County, Vermont","3","0","3"
"1000000US500039705002020","Block 2020, Block Group 2, Census Tract 9705, Bennington County, Vermont","0","0","0"
"1000000US500039705002021","Block 2021, Block Group 2, Census Tract 9705, Bennington County, Vermont","3","3","0"
"1000000US500039705002022","Block 2022, Block Group 2, Census Tract 9705, Bennington County, Vermont","0","0","0"
"1000000US500039705002023","Block 2023, Block Group 2, Census Tract 9705, Bennington County, Vermont","5","3","2"
"1000000US500039705002024","Block 2024, Block Group 2, Census Tract 9705, Bennington County, Vermont","8","5","3"
"1000000US500039705002025","Block 2025, Block Group 2, Census Tract 9705, Bennington County, Vermont","79","30","49"
"1000000US500039705002026","Block 2026, Block Group 2, Census Tract 9705, Bennington County, Vermont","35","12","23"
"1000000US500039705002027","Block 2027, Block Group 2, Census Tract 9705, Bennington County, Vermont","28","6","22"
"1000000US500039705002028","Block 2028, Block Group 2, Census Tract 9705, Bennington County, Vermont","0","0","0"
"1000000US500039705002029","Block 2029, Block Group 2, Census Tract 9705, Bennington County, Vermont","4","3","1"
"1000000US500039705002030","Block 2030, Block Group 2, Census Tract 9705, Bennington County, Vermont","0","0","0"
"1000000US500039705002031","Block 2031, Block Group 2, Census Tract 9705, Bennington County, Vermont","36","8","28"
"1000000US500039705002032","Block 2032, Block Group 2, Census Tract 9705, Bennington County, Vermont","0","0","0"
"1000000US500039705002033","Block 2033, Block Group 2, Census Tract 9705, Bennington County, Vermont","9","3","6"
"1000000US500039705002034","Block 2034, Block Group 2, Census Tract 9705, Bennington County, Vermont","15","2","13"
"1000000US500039705002035","Block 2035, Block Group 2, Census Tract 9705, Bennington County, Vermont","0","0","0"
"1000000US500039705002036","Block 2036, Block Group 2, Census Tract 9705, Bennington County, Vermont","11","3","8"
"1000000US500039705002037","Block 2037, Block Group 2, Census Tract 9705, Bennington County, Vermont","52","23","29"
"1000000US500039705002038","Block 2038, Block Group 2, Census Tract 9705, Bennington County, Vermont","0","0","0"
"1000000US500039705002039","Block 2039, Block Group 2, Census Tract 9705, Bennington County, Vermont","0","0","0"
"1000000US500039705002040","Block 2040, Block Group 2, Census Tract 9705, Bennington County, Vermont","7","2","5"
"1000000US500039705002041","Block 2041, Block Group 2, Census Tract 9705, Bennington County, Vermont","1","1","0"
"1000000US500039705002042","Block 2042, Block Group 2, Census Tract 9705, Bennington County, Vermont","0","0","0"
"1000000US500039705002043","Block 2043, Block Group 2, Census Tract 9705, Bennington County, Vermont","10","2","8"
"1000000US500039705002044","Block 2044, Block Group 2, Census Tract 9705, Bennington County, Vermont","30","9","21"
"1000000US500039705002045","Block 2045, Block Group 2, Census Tract 9705, Bennington County, Vermont","26","5","21"
"1000000US500039705002046","Block 2046, Block Group 2, Census Tract 9705, Bennington County, Vermont","0","0","0"
"1000000US500039705002047","Block 2047, Block Group 2, Census Tract 9705, Bennington County, Vermont","0","0","0"
"1000000US500039705002048","Block 2048, Block Group 2, Census Tract 9705, Bennington County, Vermont","0","0","0"
"1000000US500039705002049","Block 2049, Block Group 2, Census Tract 9705, Bennington County, Vermont","0","0","0"
"1000000US500039705002050","Block 2050, Block Group 2, Census Tract 9705, Bennington County, Vermont","9","4","5"
"1000000US500039705002051","Block 2051, Block Group 2, Census Tract 9705, Bennington County, Vermont","2","1","1"
"1000000US500039705002052","Block 2052, Block Group 2, Census Tract 9705, Bennington County, Vermont","19","7","12"
"1000000US500039705002053","Block 2053, Block Group 2, Census Tract 9705, Bennington County, Vermont","2","1","1"
"1000000US500039705002054","Block 2054, Block Group 2, Census Tract 9705, Bennington County, Vermont","9","1","8"
"1000000US500039705002055","Block 2055, Block Group 2, Census Tract 9705, Bennington County, Vermont","0","0","0"
"1000000US500039705002056","Block 2056, Block Group 2, Census Tract 9705, Bennington County, Vermont","0","0","0"
"1000000US500039705002057","Block 2057, Block Group 2, Census Tract 9705, Bennington County, Vermont","0","0","0"
"1000000US500039705002058","Block 2058, Block Group 2, Census Tract 9705, Bennington County, Vermont","0","0","0"
"1000000US500039705002059","Block 2059, Block Group 2, Census Tract 9705, Bennington County, Vermont","0","0","0"
"1000000US500039705002060","Block 2060, Block Group 2, Census Tract 9705, Bennington County, Vermont","0","0","0"
"1000000US500039705002061","Block 2061, Block Group 2, Census Tract 9705, Bennington County, Vermont","0","0","0"
"1000000US500039705002062","Block 2062, Block Group 2, Census Tract 9705, Bennington County, Vermont","0","0","0"
"1000000US500039705002063","Block 2063, Block Group 2, Census Tract 9705, Bennington County, Vermont","0","0","0"
"1000000US500039705003000","Block 3000, Block Group 3, Census Tract 9705, Bennington County, Vermont","49","8","41"
"1000000US500039705003001","Block 3001, Block Group 3, Census Tract 9705, Bennington County, Vermont","0","0","0"
"1000000US500039705003002","Block 3002, Block Group 3, Census Tract 9705, Bennington County, Vermont","14","0","14"
"1000000US500039705003003","Block 3003, Block Group 3, Census Tract 9705, Bennington County, Vermont","0","0","0"
"1000000US500039705003004","Block 3004, Block Group 3, Census Tract 9705, Bennington County, Vermont","0","0","0"
"1000000US500039705003005","Block 3005, Block Group 3, Census Tract 9705, Bennington County, Vermont","8","0","8"
"1000000US500039705003006","Block 3006, Block Group 3, Census Tract 9705, Bennington County, Vermont","11","3","8"
"1000000US500039705003007","Block 3007, Block Group 3, Census Tract 9705, Bennington County, Vermont","39","7","32"
"1000000US500039705003008","Block 3008, Block Group 3, Census Tract 9705, Bennington County, Vermont","61","11","50"
"1000000US500039705003009","Block 3009, Block Group 3, Census Tract 9705, Bennington County, Vermont","8","2","6"
"1000000US500039705003010","Block 3010, Block Group 3, Census Tract 9705, Bennington County, Vermont","5","0","5"
"1000000US500039705003011","Block 3011, Block Group 3, Census Tract 9705, Bennington County, Vermont","0","0","0"
"1000000US500039705003012","Block 3012, Block Group 3, Census Tract 9705, Bennington County, Vermont","1","0","1"
"1000000US500039705003013","Block 3013, Block Group 3, Census Tract 9705, Bennington County, Vermont","4","3","1"
"1000000US500039705003014","Block 3014, Block Group 3, Census Tract 9705, Bennington County, Vermont","0","0","0"
"1000000US500039705003015","Block 3015, Block Group 3, Census Tract 9705, Bennington County, Vermont","31","16","15"
"1000000US500039705003016","Block 3016, Block Group 3, Census Tract 9705, Bennington County, Vermont","0","0","0"
"1000000US500039705003017","Block 3017, Block Group 3, Census Tract 9705, Bennington County, Vermont","15","9","6"
"1000000US500039705003018","Block 3018, Block Group 3, Census Tract 9705, Bennington County, Vermont","3","3","0"
"1000000US500039705003019","Block 3019, Block Group 3, Census Tract 9705, Bennington County, Vermont","18","9","9"
"1000000US500039705003020","Block 3020, Block Group 3, Census Tract 9705, Bennington County, Vermont","1","1","0"
"1000000US500039705003021","Block 3021, Block Group 3, Census Tract 9705, Bennington County, Vermont","0","0","0"
"1000000US500039705003022","Block 3022, Block Group 3, Census Tract 9705, Bennington County, Vermont","53","9","44"
"1000000US500039705003023","Block 3023, Block Group 3, Census Tract 9705, Bennington County, Vermont","4","1","3"
"1000000US500039705003024","Block 3024, Block Group 3, Census Tract 9705, Bennington County, Vermont","57","2","55"
"1000000US500039705003025","Block 3025, Block Group 3, Census Tract 9705, Bennington County, Vermont","3","2","1"
"1000000US500039705003026","Block 3026, Block Group 3, Census Tract 9705, Bennington County, Vermont","1","1","0"
"1000000US500039705003027","Block 3027, Block Group 3, Census Tract 9705, Bennington County, Vermont","7","4","3"
"1000000US500039705003028","Block 3028, Block Group 3, Census Tract 9705, Bennington County, Vermont","0","0","0"
"1000000US500039705003029","Block 3029, Block Group 3, Census Tract 9705, Bennington County, Vermont","195","9","186"
"1000000US500039705003030","Block 3030, Block Group 3, Census Tract 9705, Bennington County, Vermont","7","1","6"
"1000000US500039705003031","Block 3031, Block Group 3, Census Tract 9705, Bennington County, Vermont","3","0","3"
"1000000US500039705003032","Block 3032, Block Group 3, Census Tract 9705, Bennington County, Vermont","4","0","4"
"1000000US500039705003033","Block 3033, Block Group 3, Census Tract 9705, Bennington County, Vermont","42","1","41"
"1000000US500039705003034","Block 3034, Block Group 3, Census Tract 9705, Bennington County, Vermont","7","0","7"
"1000000US500039705003035","Block 3035, Block Group 3, Census Tract 9705, Bennington County, Vermont","108","3","105"
"1000000US500039705003036","Block 3036, Block Group 3, Census Tract 9705, Bennington County, Vermont","15","3","12"
"1000000US500039705003037","Block 3037, Block Group 3, Census Tract 9705, Bennington County, Vermont","29","0","29"
"1000000US500039705003038","Block 3038, Block Group 3, Census Tract 9705, Bennington County, Vermont","21","1","20"
"1000000US500039705003039","Block 3039, Block Group 3, Census Tract 9705, Bennington County, Vermont","41","5","36"
"1000000US500039705003040","Block 3040, Block Group 3, Census Tract 9705, Bennington County, Vermont","42","5","37"
"1000000US500039705003041","Block 3041, Block Group 3, Census Tract 9705, Bennington County, Vermont","7","0","7"
"1000000US500039705003042","Block 3042, Block Group 3, Census Tract 9705, Bennington County, Vermont","2","2","0"
"1000000US500039705003043","Block 3043, Block Group 3, Census Tract 9705, Bennington County, Vermont","0","0","0"
"1000000US500039705003044","Block 3044, Block Group 3, Census Tract 9705, Bennington County, Vermont","7","0","7"
"1000000US500039705003045","Block 3045, Block Group 3, Census Tract 9705, Bennington County, Vermont","10","1","9"
"1000000US500039705003046","Block 3046, Block Group 3, Census Tract 9705, Bennington County, Vermont","17","1","16"
"1000000US500039705003047","Block 3047, Block Group 3, Census Tract 9705, Bennington County, Vermont","35","4","31"
"1000000US500039705003048","Block 3048, Block Group 3, Census Tract 9705, Bennington County, Vermont","0","0","0"
"1000000US500039705003049","Block 3049, Block Group 3, Census Tract 9705, Bennington County, Vermont","27","3","24"
"1000000US500039705003050","Block 3050, Block Group 3, Census Tract 9705, Bennington County, Vermont","8","0","8"
"1000000US500039705003051","Block 3051, Block Group 3, Census Tract 9705, Bennington County, Vermont","1","0","1"
"1000000US500039705003052","Block 3052, Block Group 3, Census Tract 9705, Bennington County, Vermont","64","12","52"
"1000000US500039705003053","Block 3053, Block Group 3, Census Tract 9705, Bennington County, Vermont","9","1","8"
"1000000US500039705003054","Block 3054, Block Group 3, Census Tract 9705, Bennington County, Vermont","4","0","4"
"1000000US500039705003055","Block 3055, Block Group 3, Census Tract 9705, Bennington County, Vermont","5","0","5"
"1000000US500039705003056","Block 3056, Block Group 3, Census Tract 9705, Bennington County, Vermont","1","0","1"
"1000000US500039705003057","Block 3057, Block Group 3, Census Tract 9705, Bennington County, Vermont","40","8","32"
"1000000US500039705003058","Block 3058, Block Group 3, Census Tract 9705, Bennington County, Vermont","9","2","7"
"1000000US500039705003059","Block 3059, Block Group 3, Census Tract 9705, Bennington County, Vermont","3","1","2"
"1000000US500039705003060","Block 3060, Block Group 3, Census Tract 9705, Bennington County, Vermont","5","2","3"
"1000000US500039705003061","Block 3061, Block Group 3, Census Tract 9705, Bennington County, Vermont","1","0","1"
"1000000US500039705003062","Block 3062, Block Group 3, Census Tract 9705, Bennington County, Vermont","0","0","0"
"1000000US500039706001000","Block 1000, Block Group 1, Census Tract 9706, Bennington County, Vermont","0","0","0"
"1000000US500039706001001","Block 1001, Block Group 1, Census Tract 9706, Bennington County, Vermont","0","0","0"
"1000000US500039706001002","Block 1002, Block Group 1, Census Tract 9706, Bennington County, Vermont","0","0","0"
"1000000US500039706001003","Block 1003, Block Group 1, Census Tract 9706, Bennington County, Vermont","50","29","21"
"1000000US500039706001004","Block 1004, Block Group 1, Census Tract 9706, Bennington County, Vermont","0","0","0"
"1000000US500039706001005","Block 1005, Block Group 1, Census Tract 9706, Bennington County, Vermont","0","0","0"
"1000000US500039706001006","Block 1006, Block Group 1, Census Tract 9706, Bennington County, Vermont","10","3","7"
"1000000US500039706001007","Block 1007, Block Group 1, Census Tract 9706, Bennington County, Vermont","0","0","0"
"1000000US500039706001008","Block 1008, Block Group 1, Census Tract 9706, Bennington County, Vermont","0","0","0"
"1000000US500039706001009","Block 1009, Block Group 1, Census Tract 9706, Bennington County, Vermont","42","25","17"
"1000000US500039706001010","Block 1010, Block Group 1, Census Tract 9706, Bennington County, Vermont","0","0","0"
"1000000US500039706001011","Block 1011, Block Group 1, Census Tract 9706, Bennington County, Vermont","0","0","0"
"1000000US500039706001012","Block 1012, Block Group 1, Census Tract 9706, Bennington County, Vermont","22","20","2"
"1000000US500039706001013","Block 1013, Block Group 1, Census Tract 9706, Bennington County, Vermont","0","0","0"
"1000000US500039706001014","Block 1014, Block Group 1, Census Tract 9706, Bennington County, Vermont","0","0","0"
"1000000US500039706001015","Block 1015, Block Group 1, Census Tract 9706, Bennington County, Vermont","0","0","0"
"1000000US500039706001016","Block 1016, Block Group 1, Census Tract 9706, Bennington County, Vermont","0","0","0"
"1000000US500039706001017","Block 1017, Block Group 1, Census Tract 9706, Bennington County, Vermont","4","2","2"
"1000000US500039706001018","Block 1018, Block Group 1, Census Tract 9706, Bennington County, Vermont","0","0","0"
"1000000US500039706001019","Block 1019, Block Group 1, Census Tract 9706, Bennington County, Vermont","3","2","1"
"1000000US500039706001020","Block 1020, Block Group 1, Census Tract 9706, Bennington County, Vermont","3","3","0"
"1000000US500039706001021","Block 1021, Block Group 1, Census Tract 9706, Bennington County, Vermont","0","0","0"
"1000000US500039706001022","Block 1022, Block Group 1, Census Tract 9706, Bennington County, Vermont","15","10","5"
"1000000US500039706001023","Block 1023, Block Group 1, Census Tract 9706, Bennington County, Vermont","0","0","0"
"1000000US500039706001024","Block 1024, Block Group 1, Census Tract 9706, Bennington County, Vermont","8","4","4"
"1000000US500039706001025","Block 1025, Block Group 1, Census Tract 9706, Bennington County, Vermont","0","0","0"
"1000000US500039706001026","Block 1026, Block Group 1, Census Tract 9706, Bennington County, Vermont","1","1","0"
"1000000US500039706001027","Block 1027, Block Group 1, Census Tract 9706, Bennington County, Vermont","0","0","0"
"1000000US500039706001028","Block 1028, Block Group 1, Census Tract 9706, Bennington County, Vermont","0","0","0"
"1000000US500039706001029","Block 1029, Block Group 1, Census Tract 9706, Bennington County, Vermont","2","2","0"
"1000000US500039706001030","Block 1030, Block Group 1, Census Tract 9706, Bennington County, Vermont","0","0","0"
"1000000US500039706001031","Block 1031, Block Group 1, Census Tract 9706, Bennington County, Vermont","16","13","3"
"1000000US500039706001032","Block 1032, Block Group 1, Census Tract 9706, Bennington County, Vermont","0","0","0"
"1000000US500039706001033","Block 1033, Block Group 1, Census Tract 9706, Bennington County, Vermont","3","3","0"
"1000000US500039706001034","Block 1034, Block Group 1, Census Tract 9706, Bennington County, Vermont","6","5","1"
"1000000US500039706001035","Block 1035, Block Group 1, Census Tract 9706, Bennington County, Vermont","49","42","7"
"1000000US500039706001036","Block 1036, Block Group 1, Census Tract 9706, Bennington County, Vermont","0","0","0"
"1000000US500039706001037","Block 1037, Block Group 1, Census Tract 9706, Bennington County, Vermont","3","3","0"
"1000000US500039706001038","Block 1038, Block Group 1, Census Tract 9706, Bennington County, Vermont","72","58","14"
"1000000US500039706001039","Block 1039, Block Group 1, Census Tract 9706, Bennington County, Vermont","12","10","2"
"1000000US500039706001040","Block 1040, Block Group 1, Census Tract 9706, Bennington County, Vermont","54","46","8"
"1000000US500039706001041","Block 1041, Block Group 1, Census Tract 9706, Bennington County, Vermont","1","1","0"
"1000000US500039706001042","Block 1042, Block Group 1, Census Tract 9706, Bennington County, Vermont","2","0","2"
"1000000US500039706001043","Block 1043, Block Group 1, Census Tract 9706, Bennington County, Vermont","10","8","2"
"1000000US500039706001044","Block 1044, Block Group 1, Census Tract 9706, Bennington County, Vermont","21","19","2"
"1000000US500039706001045","Block 1045, Block Group 1, Census Tract 9706, Bennington County, Vermont","1","1","0"
"1000000US500039706001046","Block 1046, Block Group 1, Census Tract 9706, Bennington County, Vermont","22","20","2"
"1000000US500039706001047","Block 1047, Block Group 1, Census Tract 9706, Bennington County, Vermont","1","0","1"
"1000000US500039706001048","Block 1048, Block Group 1, Census Tract 9706, Bennington County, Vermont","0","0","0"
"1000000US500039706001049","Block 1049, Block Group 1, Census Tract 9706, Bennington County, Vermont","0","0","0"
"1000000US500039706001050","Block 1050, Block Group 1, Census Tract 9706, Bennington County, Vermont","0","0","0"
"1000000US500039706001051","Block 1051, Block Group 1, Census Tract 9706, Bennington County, Vermont","0","0","0"
"1000000US500039706001052","Block 1052, Block Group 1, Census Tract 9706, Bennington County, Vermont","0","0","0"
"1000000US500039706001053","Block 1053, Block Group 1, Census Tract 9706, Bennington County, Vermont","0","0","0"
"1000000US500039706001054","Block 1054, Block Group 1, Census Tract 9706, Bennington County, Vermont","0","0","0"
"1000000US500039706001055","Block 1055, Block Group 1, Census Tract 9706, Bennington County, Vermont","0","0","0"
"1000000US500039706001056","Block 1056, Block Group 1, Census Tract 9706, Bennington County, Vermont","0","0","0"
"1000000US500039706001057","Block 1057, Block Group 1, Census Tract 9706, Bennington County, Vermont","26","16","10"
"1000000US500039706001058","Block 1058, Block Group 1, Census Tract 9706, Bennington County, Vermont","1","0","1"
"1000000US500039706001059","Block 1059, Block Group 1, Census Tract 9706, Bennington County, Vermont","9","3","6"
"1000000US500039706001060","Block 1060, Block Group 1, Census Tract 9706, Bennington County, Vermont","2","2","0"
"1000000US500039706001061","Block 1061, Block Group 1, Census Tract 9706, Bennington County, Vermont","0","0","0"
"1000000US500039706001062","Block 1062, Block Group 1, Census Tract 9706, Bennington County, Vermont","0","0","0"
"1000000US500039706001063","Block 1063, Block Group 1, Census Tract 9706, Bennington County, Vermont","17","17","0"
"1000000US500039706001064","Block 1064, Block Group 1, Census Tract 9706, Bennington County, Vermont","0","0","0"
"1000000US500039706001065","Block 1065, Block Group 1, Census Tract 9706, Bennington County, Vermont","0","0","0"
"1000000US500039706001066","Block 1066, Block Group 1, Census Tract 9706, Bennington County, Vermont","0","0","0"
"1000000US500039706001067","Block 1067, Block Group 1, Census Tract 9706, Bennington County, Vermont","0","0","0"
"1000000US500039706001068","Block 1068, Block Group 1, Census Tract 9706, Bennington County, Vermont","4","3","1"
"1000000US500039706001069","Block 1069, Block Group 1, Census Tract 9706, Bennington County, Vermont","0","0","0"
"1000000US500039706001070","Block 1070, Block Group 1, Census Tract 9706, Bennington County, Vermont","0","0","0"
"1000000US500039706001071","Block 1071, Block Group 1, Census Tract 9706, Bennington County, Vermont","1","1","0"
"1000000US500039706001072","Block 1072, Block Group 1, Census Tract 9706, Bennington County, Vermont","0","0","0"
"1000000US500039706001073","Block 1073, Block Group 1, Census Tract 9706, Bennington County, Vermont","0","0","0"
"1000000US500039706001074","Block 1074, Block Group 1, Census Tract 9706, Bennington County, Vermont","0","0","0"
"1000000US500039706001075","Block 1075, Block Group 1, Census Tract 9706, Bennington County, Vermont","1","0","1"
"1000000US500039706001076","Block 1076, Block Group 1, Census Tract 9706, Bennington County, Vermont","11","8","3"
"1000000US500039706001077","Block 1077, Block Group 1, Census Tract 9706, Bennington County, Vermont","3","2","1"
"1000000US500039706001078","Block 1078, Block Group 1, Census Tract 9706, Bennington County, Vermont","2","0","2"
"1000000US500039706001079","Block 1079, Block Group 1, Census Tract 9706, Bennington County, Vermont","7","4","3"
"1000000US500039706001080","Block 1080, Block Group 1, Census Tract 9706, Bennington County, Vermont","0","0","0"
"1000000US500039706001081","Block 1081, Block Group 1, Census Tract 9706, Bennington County, Vermont","8","7","1"
"1000000US500039706001082","Block 1082, Block Group 1, Census Tract 9706, Bennington County, Vermont","0","0","0"
"1000000US500039706001083","Block 1083, Block Group 1, Census Tract 9706, Bennington County, Vermont","0","0","0"
"1000000US500039706001084","Block 1084, Block Group 1, Census Tract 9706, Bennington County, Vermont","0","0","0"
"1000000US500039706002000","Block 2000, Block Group 2, Census Tract 9706, Bennington County, Vermont","3","2","1"
"1000000US500039706002001","Block 2001, Block Group 2, Census Tract 9706, Bennington County, Vermont","0","0","0"
"1000000US500039706002002","Block 2002, Block Group 2, Census Tract 9706, Bennington County, Vermont","0","0","0"
"1000000US500039706002003","Block 2003, Block Group 2, Census Tract 9706, Bennington County, Vermont","0","0","0"
"1000000US500039706002004","Block 2004, Block Group 2, Census Tract 9706, Bennington County, Vermont","0","0","0"
"1000000US500039706002005","Block 2005, Block Group 2, Census Tract 9706, Bennington County, Vermont","1","1","0"
"1000000US500039706002006","Block 2006, Block Group 2, Census Tract 9706, Bennington County, Vermont","0","0","0"
"1000000US500039706002007","Block 2007, Block Group 2, Census Tract 9706, Bennington County, Vermont","0","0","0"
"1000000US500039706002008","Block 2008, Block Group 2, Census Tract 9706, Bennington County, Vermont","0","0","0"
"1000000US500039706002009","Block 2009, Block Group 2, Census Tract 9706, Bennington County, Vermont","0","0","0"
"1000000US500039706002010","Block 2010, Block Group 2, Census Tract 9706, Bennington County, Vermont","0","0","0"
"1000000US500039706002011","Block 2011, Block Group 2, Census Tract 9706, Bennington County, Vermont","0","0","0"
"1000000US500039706002012","Block 2012, Block Group 2, Census Tract 9706, Bennington County, Vermont","0","0","0"
"1000000US500039706002013","Block 2013, Block Group 2, Census Tract 9706, Bennington County, Vermont","0","0","0"
"1000000US500039706002014","Block 2014, Block Group 2, Census Tract 9706, Bennington County, Vermont","0","0","0"
"1000000US500039706002015","Block 2015, Block Group 2, Census Tract 9706, Bennington County, Vermont","0","0","0"
"1000000US500039706002016","Block 2016, Block Group 2, Census Tract 9706, Bennington County, Vermont","0","0","0"
"1000000US500039706002017","Block 2017, Block Group 2, Census Tract 9706, Bennington County, Vermont","0","0","0"
"1000000US500039706002018","Block 2018, Block Group 2, Census Tract 9706, Bennington County, Vermont","46","41","5"
"1000000US500039706002019","Block 2019, Block Group 2, Census Tract 9706, Bennington County, Vermont","0","0","0"
"1000000US500039706002020","Block 2020, Block Group 2, Census Tract 9706, Bennington County, Vermont","0","0","0"
"1000000US500039706002021","Block 2021, Block Group 2, Census Tract 9706, Bennington County, Vermont","7","5","2"
"1000000US500039706002022","Block 2022, Block Group 2, Census Tract 9706, Bennington County, Vermont","2","0","2"
"1000000US500039706002023","Block 2023, Block Group 2, Census Tract 9706, Bennington County, Vermont","0","0","0"
"1000000US500039706002024","Block 2024, Block Group 2, Census Tract 9706, Bennington County, Vermont","129","47","82"
"1000000US500039706002025","Block 2025, Block Group 2, Census Tract 9706, Bennington County, Vermont","12","3","9"
"1000000US500039706002026","Block 2026, Block Group 2, Census Tract 9706, Bennington County, Vermont","3","3","0"
"1000000US500039706002027","Block 2027, Block Group 2, Census Tract 9706, Bennington County, Vermont","5","2","3"
"1000000US500039706002028","Block 2028, Block Group 2, Census Tract 9706, Bennington County, Vermont","10","2","8"
"1000000US500039706002029","Block 2029, Block Group 2, Census Tract 9706, Bennington County, Vermont","7","2","5"
"1000000US500039706002030","Block 2030, Block Group 2, Census Tract 9706, Bennington County, Vermont","30","6","24"
"1000000US500039706002031","Block 2031, Block Group 2, Census Tract 9706, Bennington County, Vermont","0","0","0"
"1000000US500039706002032","Block 2032, Block Group 2, Census Tract 9706, Bennington County, Vermont","6","2","4"
"1000000US500039706002033","Block 2033, Block Group 2, Census Tract 9706, Bennington County, Vermont","0","0","0"
"1000000US500039706002034","Block 2034, Block Group 2, Census Tract 9706, Bennington County, Vermont","0","0","0"
"1000000US500039706002035","Block 2035, Block Group 2, Census Tract 9706, Bennington County, Vermont","3","1","2"
"1000000US500039706002036","Block 2036, Block Group 2, Census Tract 9706, Bennington County, Vermont","7","2","5"
"1000000US500039706002037","Block 2037, Block Group 2, Census Tract 9706, Bennington County, Vermont","10","1","9"
"1000000US500039706002038","Block 2038, Block Group 2, Census Tract 9706, Bennington County, Vermont","4","3","1"
"1000000US500039706002039","Block 2039, Block Group 2, Census Tract 9706, Bennington County, Vermont","2","2","0"
"1000000US500039706002040","Block 2040, Block Group 2, Census Tract 9706, Bennington County, Vermont","0","0","0"
"1000000US500039706002041","Block 2041, Block Group 2, Census Tract 9706, Bennington County, Vermont","1","1","0"
"1000000US500039706002042","Block 2042, Block Group 2, Census Tract 9706, Bennington County, Vermont","27","10","17"
"1000000US500039706002043","Block 2043, Block Group 2, Census Tract 9706, Bennington County, Vermont","0","0","0"
"1000000US500039706002044","Block 2044, Block Group 2, Census Tract 9706, Bennington County, Vermont","0","0","0"
"1000000US500039706002045","Block 2045, Block Group 2, Census Tract 9706, Bennington County, Vermont","1","0","1"
"1000000US500039706002046","Block 2046, Block Group 2, Census Tract 9706, Bennington County, Vermont","0","0","0"
"1000000US500039706002047","Block 2047, Block Group 2, Census Tract 9706, Bennington County, Vermont","0","0","0"
"1000000US500039706002048","Block 2048, Block Group 2, Census Tract 9706, Bennington County, Vermont","0","0","0"
"1000000US500039706002049","Block 2049, Block Group 2, Census Tract 9706, Bennington County, Vermont","0","0","0"
"1000000US500039706002050","Block 2050, Block Group 2, Census Tract 9706, Bennington County, Vermont","6","5","1"
"1000000US500039706002051","Block 2051, Block Group 2, Census Tract 9706, Bennington County, Vermont","0","0","0"
"1000000US500039706002052","Block 2052, Block Group 2, Census Tract 9706, Bennington County, Vermont","0","0","0"
"1000000US500039706002053","Block 2053, Block Group 2, Census Tract 9706, Bennington County, Vermont","0","0","0"
"1000000US500039706002054","Block 2054, Block Group 2, Census Tract 9706, Bennington County, Vermont","0","0","0"
"1000000US500039706002055","Block 2055, Block Group 2, Census Tract 9706, Bennington County, Vermont","3","2","1"
"1000000US500039706002056","Block 2056, Block Group 2, Census Tract 9706, Bennington County, Vermont","15","7","8"
"1000000US500039706002057","Block 2057, Block Group 2, Census Tract 9706, Bennington County, Vermont","32","14","18"
"1000000US500039706002058","Block 2058, Block Group 2, Census Tract 9706, Bennington County, Vermont","0","0","0"
"1000000US500039706002059","Block 2059, Block Group 2, Census Tract 9706, Bennington County, Vermont","1","0","1"
"1000000US500039706002060","Block 2060, Block Group 2, Census Tract 9706, Bennington County, Vermont","1","1","0"
"1000000US500039706002061","Block 2061, Block Group 2, Census Tract 9706, Bennington County, Vermont","4","4","0"
"1000000US500039706002062","Block 2062, Block Group 2, Census Tract 9706, Bennington County, Vermont","0","0","0"
"1000000US500039706002063","Block 2063, Block Group 2, Census Tract 9706, Bennington County, Vermont","1","1","0"
"1000000US500039706002064","Block 2064, Block Group 2, Census Tract 9706, Bennington County, Vermont","0","0","0"
"1000000US500039706002065","Block 2065, Block Group 2, Census Tract 9706, Bennington County, Vermont","2","0","2"
"1000000US500039706002066","Block 2066, Block Group 2, Census Tract 9706, Bennington County, Vermont","0","0","0"
"1000000US500039706002067","Block 2067, Block Group 2, Census Tract 9706, Bennington County, Vermont","32","19","13"
"1000000US500039706002068","Block 2068, Block Group 2, Census Tract 9706, Bennington County, Vermont","0","0","0"
"1000000US500039706002069","Block 2069, Block Group 2, Census Tract 9706, Bennington County, Vermont","0","0","0"
"1000000US500039706002070","Block 2070, Block Group 2, Census Tract 9706, Bennington County, Vermont","1","1","0"
"1000000US500039706002071","Block 2071, Block Group 2, Census Tract 9706, Bennington County, Vermont","1","1","0"
"1000000US500039706002072","Block 2072, Block Group 2, Census Tract 9706, Bennington County, Vermont","0","0","0"
"1000000US500039706002073","Block 2073, Block Group 2, Census Tract 9706, Bennington County, Vermont","0","0","0"
"1000000US500039706002074","Block 2074, Block Group 2, Census Tract 9706, Bennington County, Vermont","0","0","0"
"1000000US500039706002075","Block 2075, Block Group 2, Census Tract 9706, Bennington County, Vermont","0","0","0"
"1000000US500039706002076","Block 2076, Block Group 2, Census Tract 9706, Bennington County, Vermont","0","0","0"
"1000000US500039706002077","Block 2077, Block Group 2, Census Tract 9706, Bennington County, Vermont","0","0","0"
"1000000US500039706002078","Block 2078, Block Group 2, Census Tract 9706, Bennington County, Vermont","0","0","0"
"1000000US500039706002079","Block 2079, Block Group 2, Census Tract 9706, Bennington County, Vermont","0","0","0"
"1000000US500039706002080","Block 2080, Block Group 2, Census Tract 9706, Bennington County, Vermont","0","0","0"
"1000000US500039706002081","Block 2081, Block Group 2, Census Tract 9706, Bennington County, Vermont","0","0","0"
"1000000US500039706002082","Block 2082, Block Group 2, Census Tract 9706, Bennington County, Vermont","0","0","0"
"1000000US500039706002083","Block 2083, Block Group 2, Census Tract 9706, Bennington County, Vermont","0","0","0"
"1000000US500039706002084","Block 2084, Block Group 2, Census Tract 9706, Bennington County, Vermont","0","0","0"
"1000000US500039706002085","Block 2085, Block Group 2, Census Tract 9706, Bennington County, Vermont","3","3","0"
"1000000US500039706002086","Block 2086, Block Group 2, Census Tract 9706, Bennington County, Vermont","0","0","0"
"1000000US500039706002087","Block 2087, Block Group 2, Census Tract 9706, Bennington County, Vermont","0","0","0"
"1000000US500039706002088","Block 2088, Block Group 2, Census Tract 9706, Bennington County, Vermont","0","0","0"
"1000000US500039706002089","Block 2089, Block Group 2, Census Tract 9706, Bennington County, Vermont","21","19","2"
"1000000US500039706002090","Block 2090, Block Group 2, Census Tract 9706, Bennington County, Vermont","0","0","0"
"1000000US500039706002091","Block 2091, Block Group 2, Census Tract 9706, Bennington County, Vermont","2","2","0"
"1000000US500039706002092","Block 2092, Block Group 2, Census Tract 9706, Bennington County, Vermont","1","1","0"
"1000000US500039706002093","Block 2093, Block Group 2, Census Tract 9706, Bennington County, Vermont","0","0","0"
"1000000US500039706002094","Block 2094, Block Group 2, Census Tract 9706, Bennington County, Vermont","0","0","0"
"1000000US500039706002095","Block 2095, Block Group 2, Census Tract 9706, Bennington County, Vermont","3","3","0"
"1000000US500039706002096","Block 2096, Block Group 2, Census Tract 9706, Bennington County, Vermont","0","0","0"
"1000000US500039706002097","Block 2097, Block Group 2, Census Tract 9706, Bennington County, Vermont","0","0","0"
"1000000US500039706002098","Block 2098, Block Group 2, Census Tract 9706, Bennington County, Vermont","1","1","0"
"1000000US500039706002099","Block 2099, Block Group 2, Census Tract 9706, Bennington County, Vermont","4","3","1"
"1000000US500039706002100","Block 2100, Block Group 2, Census Tract 9706, Bennington County, Vermont","0","0","0"
"1000000US500039706002101","Block 2101, Block Group 2, Census Tract 9706, Bennington County, Vermont","0","0","0"
"1000000US500039706002102","Block 2102, Block Group 2, Census Tract 9706, Bennington County, Vermont","3","3","0"
"1000000US500039706002103","Block 2103, Block Group 2, Census Tract 9706, Bennington County, Vermont","0","0","0"
"1000000US500039706002104","Block 2104, Block Group 2, Census Tract 9706, Bennington County, Vermont","0","0","0"
"1000000US500039706002105","Block 2105, Block Group 2, Census Tract 9706, Bennington County, Vermont","0","0","0"
"1000000US500039706002106","Block 2106, Block Group 2, Census Tract 9706, Bennington County, Vermont","7","1","6"
"1000000US500039706002107","Block 2107, Block Group 2, Census Tract 9706, Bennington County, Vermont","0","0","0"
"1000000US500039706003000","Block 3000, Block Group 3, Census Tract 9706, Bennington County, Vermont","60","48","12"
"1000000US500039706003001","Block 3001, Block Group 3, Census Tract 9706, Bennington County, Vermont","0","0","0"
"1000000US500039706003002","Block 3002, Block Group 3, Census Tract 9706, Bennington County, Vermont","0","0","0"
"1000000US500039706003003","Block 3003, Block Group 3, Census Tract 9706, Bennington County, Vermont","0","0","0"
"1000000US500039706003004","Block 3004, Block Group 3, Census Tract 9706, Bennington County, Vermont","0","0","0"
"1000000US500039706003005","Block 3005, Block Group 3, Census Tract 9706, Bennington County, Vermont","0","0","0"
"1000000US500039706003006","Block 3006, Block Group 3, Census Tract 9706, Bennington County, Vermont","12","4","8"
"1000000US500039706003007","Block 3007, Block Group 3, Census Tract 9706, Bennington County, Vermont","0","0","0"
"1000000US500039706003008","Block 3008, Block Group 3, Census Tract 9706, Bennington County, Vermont","4","4","0"
"1000000US500039706003009","Block 3009, Block Group 3, Census Tract 9706, Bennington County, Vermont","2","1","1"
"1000000US500039706003010","Block 3010, Block Group 3, Census Tract 9706, Bennington County, Vermont","2","2","0"
"1000000US500039706003011","Block 3011, Block Group 3, Census Tract 9706, Bennington County, Vermont","0","0","0"
"1000000US500039706003012","Block 3012, Block Group 3, Census Tract 9706, Bennington County, Vermont","0","0","0"
"1000000US500039706003013","Block 3013, Block Group 3, Census Tract 9706, Bennington County, Vermont","13","12","1"
"1000000US500039706003014","Block 3014, Block Group 3, Census Tract 9706, Bennington County, Vermont","0","0","0"
"1000000US500039706003015","Block 3015, Block Group 3, Census Tract 9706, Bennington County, Vermont","0","0","0"
"1000000US500039706003016","Block 3016, Block Group 3, Census Tract 9706, Bennington County, Vermont","2","2","0"
"1000000US500039706003017","Block 3017, Block Group 3, Census Tract 9706, Bennington County, Vermont","28","26","2"
"1000000US500039706003018","Block 3018, Block Group 3, Census Tract 9706, Bennington County, Vermont","0","0","0"
"1000000US500039706003019","Block 3019, Block Group 3, Census Tract 9706, Bennington County, Vermont","18","9","9"
"1000000US500039706003020","Block 3020, Block Group 3, Census Tract 9706, Bennington County, Vermont","0","0","0"
"1000000US500039706003021","Block 3021, Block Group 3, Census Tract 9706, Bennington County, Vermont","10","7","3"
"1000000US500039706003022","Block 3022, Block Group 3, Census Tract 9706, Bennington County, Vermont","26","21","5"
"1000000US500039706003023","Block 3023, Block Group 3, Census Tract 9706, Bennington County, Vermont","0","0","0"
"1000000US500039706003024","Block 3024, Block Group 3, Census Tract 9706, Bennington County, Vermont","5","4","1"
"1000000US500039706003025","Block 3025, Block Group 3, Census Tract 9706, Bennington County, Vermont","3","3","0"
"1000000US500039706003026","Block 3026, Block Group 3, Census Tract 9706, Bennington County, Vermont","0","0","0"
"1000000US500039706003027","Block 3027, Block Group 3, Census Tract 9706, Bennington County, Vermont","2","2","0"
"1000000US500039706003028","Block 3028, Block Group 3, Census Tract 9706, Bennington County, Vermont","0","0","0"
"1000000US500039706003029","Block 3029, Block Group 3, Census Tract 9706, Bennington County, Vermont","3","3","0"
"1000000US500039706003030","Block 3030, Block Group 3, Census Tract 9706, Bennington County, Vermont","15","15","0"
"1000000US500039706003031","Block 3031, Block Group 3, Census Tract 9706, Bennington County, Vermont","1","1","0"
"1000000US500039706003032","Block 3032, Block Group 3, Census Tract 9706, Bennington County, Vermont","28","25","3"
"1000000US500039706003033","Block 3033, Block Group 3, Census Tract 9706, Bennington County, Vermont","1","1","0"
"1000000US500039706003034","Block 3034, Block Group 3, Census Tract 9706, Bennington County, Vermont","0","0","0"
"1000000US500039706003035","Block 3035, Block Group 3, Census Tract 9706, Bennington County, Vermont","1","1","0"
"1000000US500039706003036","Block 3036, Block Group 3, Census Tract 9706, Bennington County, Vermont","4","4","0"
"1000000US500039706003037","Block 3037, Block Group 3, Census Tract 9706, Bennington County, Vermont","5","5","0"
"1000000US500039706003038","Block 3038, Block Group 3, Census Tract 9706, Bennington County, Vermont","82","67","15"
"1000000US500039706003039","Block 3039, Block Group 3, Census Tract 9706, Bennington County, Vermont","2","2","0"
"1000000US500039706003040","Block 3040, Block Group 3, Census Tract 9706, Bennington County, Vermont","1","1","0"
"1000000US500039706003041","Block 3041, Block Group 3, Census Tract 9706, Bennington County, Vermont","7","0","7"
"1000000US500039706003042","Block 3042, Block Group 3, Census Tract 9706, Bennington County, Vermont","3","0","3"
"1000000US500039706003043","Block 3043, Block Group 3, Census Tract 9706, Bennington County, Vermont","0","0","0"
"1000000US500039706003044","Block 3044, Block Group 3, Census Tract 9706, Bennington County, Vermont","0","0","0"
"1000000US500039706003045","Block 3045, Block Group 3, Census Tract 9706, Bennington County, Vermont","1","0","1"
"1000000US500039706003046","Block 3046, Block Group 3, Census Tract 9706, Bennington County, Vermont","0","0","0"
"1000000US500039706003047","Block 3047, Block Group 3, Census Tract 9706, Bennington County, Vermont","0","0","0"
"1000000US500039706003048","Block 3048, Block Group 3, Census Tract 9706, Bennington County, Vermont","24","24","0"
"1000000US500039706003049","Block 3049, Block Group 3, Census Tract 9706, Bennington County, Vermont","12","12","0"
"1000000US500039706003050","Block 3050, Block Group 3, Census Tract 9706, Bennington County, Vermont","3","3","0"
"1000000US500039706003051","Block 3051, Block Group 3, Census Tract 9706, Bennington County, Vermont","15","14","1"
"1000000US500039706003052","Block 3052, Block Group 3, Census Tract 9706, Bennington County, Vermont","6","4","2"
"1000000US500039706003053","Block 3053, Block Group 3, Census Tract 9706, Bennington County, Vermont","9","7","2"
"1000000US500039706004000","Block 4000, Block Group 4, Census Tract 9706, Bennington County, Vermont","27","19","8"
"1000000US500039706004001","Block 4001, Block Group 4, Census Tract 9706, Bennington County, Vermont","0","0","0"
"1000000US500039706004002","Block 4002, Block Group 4, Census Tract 9706, Bennington County, Vermont","7","3","4"
"1000000US500039706004003","Block 4003, Block Group 4, Census Tract 9706, Bennington County, Vermont","0","0","0"
"1000000US500039706004004","Block 4004, Block Group 4, Census Tract 9706, Bennington County, Vermont","1","1","0"
"1000000US500039706004005","Block 4005, Block Group 4, Census Tract 9706, Bennington County, Vermont","1","1","0"
"1000000US500039706004006","Block 4006, Block Group 4, Census Tract 9706, Bennington County, Vermont","0","0","0"
"1000000US500039706004007","Block 4007, Block Group 4, Census Tract 9706, Bennington County, Vermont","18","13","5"
"1000000US500039706004008","Block 4008, Block Group 4, Census Tract 9706, Bennington County, Vermont","0","0","0"
"1000000US500039706004009","Block 4009, Block Group 4, Census Tract 9706, Bennington County, Vermont","0","0","0"
"1000000US500039706004010","Block 4010, Block Group 4, Census Tract 9706, Bennington County, Vermont","0","0","0"
"1000000US500039706004011","Block 4011, Block Group 4, Census Tract 9706, Bennington County, Vermont","1","0","1"
"1000000US500039706004012","Block 4012, Block Group 4, Census Tract 9706, Bennington County, Vermont","0","0","0"
"1000000US500039706004013","Block 4013, Block Group 4, Census Tract 9706, Bennington County, Vermont","12","10","2"
"1000000US500039706004014","Block 4014, Block Group 4, Census Tract 9706, Bennington County, Vermont","19","14","5"
"1000000US500039706004015","Block 4015, Block Group 4, Census Tract 9706, Bennington County, Vermont","20","12","8"
"1000000US500039706004016","Block 4016, Block Group 4, Census Tract 9706, Bennington County, Vermont","0","0","0"
"1000000US500039706004017","Block 4017, Block Group 4, Census Tract 9706, Bennington County, Vermont","0","0","0"
"1000000US500039706004018","Block 4018, Block Group 4, Census Tract 9706, Bennington County, Vermont","43","24","19"
"1000000US500039706004019","Block 4019, Block Group 4, Census Tract 9706, Bennington County, Vermont","7","3","4"
"1000000US500039706004020","Block 4020, Block Group 4, Census Tract 9706, Bennington County, Vermont","11","6","5"
"1000000US500039706004021","Block 4021, Block Group 4, Census Tract 9706, Bennington County, Vermont","4","3","1"
"1000000US500039706004022","Block 4022, Block Group 4, Census Tract 9706, Bennington County, Vermont","0","0","0"
"1000000US500039706004023","Block 4023, Block Group 4, Census Tract 9706, Bennington County, Vermont","0","0","0"
"1000000US500039706004024","Block 4024, Block Group 4, Census Tract 9706, Bennington County, Vermont","0","0","0"
"1000000US500039706004025","Block 4025, Block Group 4, Census Tract 9706, Bennington County, Vermont","8","4","4"
"1000000US500039706004026","Block 4026, Block Group 4, Census Tract 9706, Bennington County, Vermont","19","12","7"
"1000000US500039706004027","Block 4027, Block Group 4, Census Tract 9706, Bennington County, Vermont","6","2","4"
"1000000US500039706004028","Block 4028, Block Group 4, Census Tract 9706, Bennington County, Vermont","0","0","0"
"1000000US500039706004029","Block 4029, Block Group 4, Census Tract 9706, Bennington County, Vermont","4","2","2"
"1000000US500039706004030","Block 4030, Block Group 4, Census Tract 9706, Bennington County, Vermont","8","4","4"
"1000000US500039706004031","Block 4031, Block Group 4, Census Tract 9706, Bennington County, Vermont","1","0","1"
"1000000US500039706004032","Block 4032, Block Group 4, Census Tract 9706, Bennington County, Vermont","10","6","4"
"1000000US500039706004033","Block 4033, Block Group 4, Census Tract 9706, Bennington County, Vermont","0","0","0"
"1000000US500039706004034","Block 4034, Block Group 4, Census Tract 9706, Bennington County, Vermont","0","0","0"
"1000000US500039706004035","Block 4035, Block Group 4, Census Tract 9706, Bennington County, Vermont","17","10","7"
"1000000US500039706004036","Block 4036, Block Group 4, Census Tract 9706, Bennington County, Vermont","0","0","0"
"1000000US500039706004037","Block 4037, Block Group 4, Census Tract 9706, Bennington County, Vermont","2","1","1"
"1000000US500039706004038","Block 4038, Block Group 4, Census Tract 9706, Bennington County, Vermont","3","3","0"
"1000000US500039706004039","Block 4039, Block Group 4, Census Tract 9706, Bennington County, Vermont","12","12","0"
"1000000US500039706004040","Block 4040, Block Group 4, Census Tract 9706, Bennington County, Vermont","3","0","3"
"1000000US500039706004041","Block 4041, Block Group 4, Census Tract 9706, Bennington County, Vermont","0","0","0"
"1000000US500039706004042","Block 4042, Block Group 4, Census Tract 9706, Bennington County, Vermont","3","2","1"
"1000000US500039706004043","Block 4043, Block Group 4, Census Tract 9706, Bennington County, Vermont","12","10","2"
"1000000US500039706004044","Block 4044, Block Group 4, Census Tract 9706, Bennington County, Vermont","42","34","8"
"1000000US500039706004045","Block 4045, Block Group 4, Census Tract 9706, Bennington County, Vermont","9","7","2"
"1000000US500039706004046","Block 4046, Block Group 4, Census Tract 9706, Bennington County, Vermont","0","0","0"
"1000000US500039706004047","Block 4047, Block Group 4, Census Tract 9706, Bennington County, Vermont","1","1","0"
"1000000US500039706004048","Block 4048, Block Group 4, Census Tract 9706, Bennington County, Vermont","8","6","2"
"1000000US500039706004049","Block 4049, Block Group 4, Census Tract 9706, Bennington County, Vermont","18","13","5"
"1000000US500039706004050","Block 4050, Block Group 4, Census Tract 9706, Bennington County, Vermont","9","7","2"
"1000000US500039706004051","Block 4051, Block Group 4, Census Tract 9706, Bennington County, Vermont","8","5","3"
"1000000US500039706004052","Block 4052, Block Group 4, Census Tract 9706, Bennington County, Vermont","1","1","0"
"1000000US500039706004053","Block 4053, Block Group 4, Census Tract 9706, Bennington County, Vermont","0","0","0"
"1000000US500039706004054","Block 4054, Block Group 4, Census Tract 9706, Bennington County, Vermont","1","1","0"
"1000000US500039706004055","Block 4055, Block Group 4, Census Tract 9706, Bennington County, Vermont","8","7","1"
"1000000US500039706004056","Block 4056, Block Group 4, Census Tract 9706, Bennington County, Vermont","8","7","1"
"1000000US500039706004057","Block 4057, Block Group 4, Census Tract 9706, Bennington County, Vermont","0","0","0"
"1000000US500039706004058","Block 4058, Block Group 4, Census Tract 9706, Bennington County, Vermont","0","0","0"
"1000000US500039706004059","Block 4059, Block Group 4, Census Tract 9706, Bennington County, Vermont","0","0","0"
"1000000US500039706004060","Block 4060, Block Group 4, Census Tract 9706, Bennington County, Vermont","11","11","0"
"1000000US500039706004061","Block 4061, Block Group 4, Census Tract 9706, Bennington County, Vermont","2","1","1"
"1000000US500039706004062","Block 4062, Block Group 4, Census Tract 9706, Bennington County, Vermont","0","0","0"
"1000000US500039706004063","Block 4063, Block Group 4, Census Tract 9706, Bennington County, Vermont","0","0","0"
"1000000US500039706004064","Block 4064, Block Group 4, Census Tract 9706, Bennington County, Vermont","0","0","0"
"1000000US500039706004065","Block 4065, Block Group 4, Census Tract 9706, Bennington County, Vermont","0","0","0"
"1000000US500039706004066","Block 4066, Block Group 4, Census Tract 9706, Bennington County, Vermont","0","0","0"
"1000000US500039706004067","Block 4067, Block Group 4, Census Tract 9706, Bennington County, Vermont","0","0","0"
"1000000US500039706004068","Block 4068, Block Group 4, Census Tract 9706, Bennington County, Vermont","0","0","0"
"1000000US500039706004069","Block 4069, Block Group 4, Census Tract 9706, Bennington County, Vermont","0","0","0"
"1000000US500039706004070","Block 4070, Block Group 4, Census Tract 9706, Bennington County, Vermont","0","0","0"
"1000000US500039706004071","Block 4071, Block Group 4, Census Tract 9706, Bennington County, Vermont","0","0","0"
"1000000US500039706004072","Block 4072, Block Group 4, Census Tract 9706, Bennington County, Vermont","0","0","0"
"1000000US500039706004073","Block 4073, Block Group 4, Census Tract 9706, Bennington County, Vermont","0","0","0"
"1000000US500039706004074","Block 4074, Block Group 4, Census Tract 9706, Bennington County, Vermont","22","18","4"
"1000000US500039706004075","Block 4075, Block Group 4, Census Tract 9706, Bennington County, Vermont","0","0","0"
"1000000US500039706004076","Block 4076, Block Group 4, Census Tract 9706, Bennington County, Vermont","4","2","2"
"1000000US500039706004077","Block 4077, Block Group 4, Census Tract 9706, Bennington County, Vermont","0","0","0"
"1000000US500039706004078","Block 4078, Block Group 4, Census Tract 9706, Bennington County, Vermont","11","8","3"
"1000000US500039706004079","Block 4079, Block Group 4, Census Tract 9706, Bennington County, Vermont","0","0","0"
"1000000US500039706004080","Block 4080, Block Group 4, Census Tract 9706, Bennington County, Vermont","4","4","0"
"1000000US500039706004081","Block 4081, Block Group 4, Census Tract 9706, Bennington County, Vermont","1","0","1"
"1000000US500039706004082","Block 4082, Block Group 4, Census Tract 9706, Bennington County, Vermont","0","0","0"
"1000000US500039706004083","Block 4083, Block Group 4, Census Tract 9706, Bennington County, Vermont","0","0","0"
"1000000US500039706004084","Block 4084, Block Group 4, Census Tract 9706, Bennington County, Vermont","1","0","1"
"1000000US500039706004085","Block 4085, Block Group 4, Census Tract 9706, Bennington County, Vermont","1","0","1"
"1000000US500039706004086","Block 4086, Block Group 4, Census Tract 9706, Bennington County, Vermont","7","4","3"
"1000000US500039706004087","Block 4087, Block Group 4, Census Tract 9706, Bennington County, Vermont","6","5","1"
"1000000US500039706004088","Block 4088, Block Group 4, Census Tract 9706, Bennington County, Vermont","4","0","4"
"1000000US500039706004089","Block 4089, Block Group 4, Census Tract 9706, Bennington County, Vermont","0","0","0"
"1000000US500039706004090","Block 4090, Block Group 4, Census Tract 9706, Bennington County, Vermont","12","10","2"
"1000000US500039706004091","Block 4091, Block Group 4, Census Tract 9706, Bennington County, Vermont","0","0","0"
"1000000US500039706004092","Block 4092, Block Group 4, Census Tract 9706, Bennington County, Vermont","3","1","2"
"1000000US500039706004093","Block 4093, Block Group 4, Census Tract 9706, Bennington County, Vermont","5","1","4"
"1000000US500039706004094","Block 4094, Block Group 4, Census Tract 9706, Bennington County, Vermont","4","1","3"
"1000000US500039706004095","Block 4095, Block Group 4, Census Tract 9706, Bennington County, Vermont","0","0","0"
"1000000US500039706004096","Block 4096, Block Group 4, Census Tract 9706, Bennington County, Vermont","6","4","2"
"1000000US500039707001000","Block 1000, Block Group 1, Census Tract 9707, Bennington County, Vermont","0","0","0"
"1000000US500039707001001","Block 1001, Block Group 1, Census Tract 9707, Bennington County, Vermont","4","4","0"
"1000000US500039707001002","Block 1002, Block Group 1, Census Tract 9707, Bennington County, Vermont","0","0","0"
"1000000US500039707001003","Block 1003, Block Group 1, Census Tract 9707, Bennington County, Vermont","0","0","0"
"1000000US500039707001004","Block 1004, Block Group 1, Census Tract 9707, Bennington County, Vermont","1","1","0"
"1000000US500039707001005","Block 1005, Block Group 1, Census Tract 9707, Bennington County, Vermont","3","3","0"
"1000000US500039707001006","Block 1006, Block Group 1, Census Tract 9707, Bennington County, Vermont","0","0","0"
"1000000US500039707001007","Block 1007, Block Group 1, Census Tract 9707, Bennington County, Vermont","0","0","0"
"1000000US500039707001008","Block 1008, Block Group 1, Census Tract 9707, Bennington County, Vermont","0","0","0"
"1000000US500039707001009","Block 1009, Block Group 1, Census Tract 9707, Bennington County, Vermont","16","13","3"
"1000000US500039707001010","Block 1010, Block Group 1, Census Tract 9707, Bennington County, Vermont","0","0","0"
"1000000US500039707001011","Block 1011, Block Group 1, Census Tract 9707, Bennington County, Vermont","0","0","0"
"1000000US500039707001012","Block 1012, Block Group 1, Census Tract 9707, Bennington County, Vermont","10","10","0"
"1000000US500039707001013","Block 1013, Block Group 1, Census Tract 9707, Bennington County, Vermont","6","3","3"
"1000000US500039707001014","Block 1014, Block Group 1, Census Tract 9707, Bennington County, Vermont","33","24","9"
"1000000US500039707001015","Block 1015, Block Group 1, Census Tract 9707, Bennington County, Vermont","1","1","0"
"1000000US500039707001016","Block 1016, Block Group 1, Census Tract 9707, Bennington County, Vermont","0","0","0"
"1000000US500039707001017","Block 1017, Block Group 1, Census Tract 9707, Bennington County, Vermont","35","15","20"
"1000000US500039707001018","Block 1018, Block Group 1, Census Tract 9707, Bennington County, Vermont","0","0","0"
"1000000US500039707001019","Block 1019, Block Group 1, Census Tract 9707, Bennington County, Vermont","2","0","2"
"1000000US500039707001020","Block 1020, Block Group 1, Census Tract 9707, Bennington County, Vermont","0","0","0"
"1000000US500039707001021","Block 1021, Block Group 1, Census Tract 9707, Bennington County, Vermont","4","4","0"
"1000000US500039707001022","Block 1022, Block Group 1, Census Tract 9707, Bennington County, Vermont","3","2","1"
"1000000US500039707001023","Block 1023, Block Group 1, Census Tract 9707, Bennington County, Vermont","9","7","2"
"1000000US500039707001024","Block 1024, Block Group 1, Census Tract 9707, Bennington County, Vermont","0","0","0"
"1000000US500039707001025","Block 1025, Block Group 1, Census Tract 9707, Bennington County, Vermont","0","0","0"
"1000000US500039707001026","Block 1026, Block Group 1, Census Tract 9707, Bennington County, Vermont","26","19","7"
"1000000US500039707001027","Block 1027, Block Group 1, Census Tract 9707, Bennington County, Vermont","0","0","0"
"1000000US500039707001028","Block 1028, Block Group 1, Census Tract 9707, Bennington County, Vermont","0","0","0"
"1000000US500039707001029","Block 1029, Block Group 1, Census Tract 9707, Bennington County, Vermont","15","14","1"
"1000000US500039707001030","Block 1030, Block Group 1, Census Tract 9707, Bennington County, Vermont","0","0","0"
"1000000US500039707001031","Block 1031, Block Group 1, Census Tract 9707, Bennington County, Vermont","0","0","0"
"1000000US500039707001032","Block 1032, Block Group 1, Census Tract 9707, Bennington County, Vermont","17","15","2"
"1000000US500039707001033","Block 1033, Block Group 1, Census Tract 9707, Bennington County, Vermont","0","0","0"
"1000000US500039707001034","Block 1034, Block Group 1, Census Tract 9707, Bennington County, Vermont","4","4","0"
"1000000US500039707001035","Block 1035, Block Group 1, Census Tract 9707, Bennington County, Vermont","19","18","1"
"1000000US500039707001036","Block 1036, Block Group 1, Census Tract 9707, Bennington County, Vermont","20","15","5"
"1000000US500039707001037","Block 1037, Block Group 1, Census Tract 9707, Bennington County, Vermont","9","8","1"
"1000000US500039707001038","Block 1038, Block Group 1, Census Tract 9707, Bennington County, Vermont","2","2","0"
"1000000US500039707001039","Block 1039, Block Group 1, Census Tract 9707, Bennington County, Vermont","60","53","7"
"1000000US500039707001040","Block 1040, Block Group 1, Census Tract 9707, Bennington County, Vermont","11","11","0"
"1000000US500039707001041","Block 1041, Block Group 1, Census Tract 9707, Bennington County, Vermont","17","16","1"
"1000000US500039707001042","Block 1042, Block Group 1, Census Tract 9707, Bennington County, Vermont","56","50","6"
"1000000US500039707001043","Block 1043, Block Group 1, Census Tract 9707, Bennington County, Vermont","0","0","0"
"1000000US500039707001044","Block 1044, Block Group 1, Census Tract 9707, Bennington County, Vermont","4","4","0"
"1000000US500039707001045","Block 1045, Block Group 1, Census Tract 9707, Bennington County, Vermont","27","25","2"
"1000000US500039707001046","Block 1046, Block Group 1, Census Tract 9707, Bennington County, Vermont","1","1","0"
"1000000US500039707001047","Block 1047, Block Group 1, Census Tract 9707, Bennington County, Vermont","35","29","6"
"1000000US500039707001048","Block 1048, Block Group 1, Census Tract 9707, Bennington County, Vermont","0","0","0"
"1000000US500039707001049","Block 1049, Block Group 1, Census Tract 9707, Bennington County, Vermont","0","0","0"
"1000000US500039707001050","Block 1050, Block Group 1, Census Tract 9707, Bennington County, Vermont","27","24","3"
"1000000US500039707001051","Block 1051, Block Group 1, Census Tract 9707, Bennington County, Vermont","0","0","0"
"1000000US500039707001052","Block 1052, Block Group 1, Census Tract 9707, Bennington County, Vermont","6","4","2"
"1000000US500039707001053","Block 1053, Block Group 1, Census Tract 9707, Bennington County, Vermont","10","6","4"
"1000000US500039707001054","Block 1054, Block Group 1, Census Tract 9707, Bennington County, Vermont","4","4","0"
"1000000US500039707001055","Block 1055, Block Group 1, Census Tract 9707, Bennington County, Vermont","8","5","3"
"1000000US500039707001056","Block 1056, Block Group 1, Census Tract 9707, Bennington County, Vermont","0","0","0"
"1000000US500039707001057","Block 1057, Block Group 1, Census Tract 9707, Bennington County, Vermont","65","59","6"
"1000000US500039707001058","Block 1058, Block Group 1, Census Tract 9707, Bennington County, Vermont","8","7","1"
"1000000US500039707001059","Block 1059, Block Group 1, Census Tract 9707, Bennington County, Vermont","5","4","1"
"1000000US500039707001060","Block 1060, Block Group 1, Census Tract 9707, Bennington County, Vermont","10","9","1"
"1000000US500039707001061","Block 1061, Block Group 1, Census Tract 9707, Bennington County, Vermont","0","0","0"
"1000000US500039707001062","Block 1062, Block Group 1, Census Tract 9707, Bennington County, Vermont","6","5","1"
"1000000US500039707001063","Block 1063, Block Group 1, Census Tract 9707, Bennington County, Vermont","6","5","1"
"1000000US500039707001064","Block 1064, Block Group 1, Census Tract 9707, Bennington County, Vermont","0","0","0"
"1000000US500039707001065","Block 1065, Block Group 1, Census Tract 9707, Bennington County, Vermont","0","0","0"
"1000000US500039707001066","Block 1066, Block Group 1, Census Tract 9707, Bennington County, Vermont","0","0","0"
"1000000US500039707001067","Block 1067, Block Group 1, Census Tract 9707, Bennington County, Vermont","0","0","0"
"1000000US500039707002000","Block 2000, Block Group 2, Census Tract 9707, Bennington County, Vermont","179","131","48"
"1000000US500039707002001","Block 2001, Block Group 2, Census Tract 9707, Bennington County, Vermont","3","2","1"
"1000000US500039707002002","Block 2002, Block Group 2, Census Tract 9707, Bennington County, Vermont","1","0","1"
"1000000US500039707002003","Block 2003, Block Group 2, Census Tract 9707, Bennington County, Vermont","0","0","0"
"1000000US500039707002004","Block 2004, Block Group 2, Census Tract 9707, Bennington County, Vermont","11","8","3"
"1000000US500039707002005","Block 2005, Block Group 2, Census Tract 9707, Bennington County, Vermont","0","0","0"
"1000000US500039707002006","Block 2006, Block Group 2, Census Tract 9707, Bennington County, Vermont","6","3","3"
"1000000US500039707002007","Block 2007, Block Group 2, Census Tract 9707, Bennington County, Vermont","0","0","0"
"1000000US500039707002008","Block 2008, Block Group 2, Census Tract 9707, Bennington County, Vermont","1","1","0"
"1000000US500039707002009","Block 2009, Block Group 2, Census Tract 9707, Bennington County, Vermont","8","4","4"
"1000000US500039707002010","Block 2010, Block Group 2, Census Tract 9707, Bennington County, Vermont","41","30","11"
"1000000US500039707002011","Block 2011, Block Group 2, Census Tract 9707, Bennington County, Vermont","1","1","0"
"1000000US500039707002012","Block 2012, Block Group 2, Census Tract 9707, Bennington County, Vermont","4","3","1"
"1000000US500039707002013","Block 2013, Block Group 2, Census Tract 9707, Bennington County, Vermont","9","6","3"
"1000000US500039707002014","Block 2014, Block Group 2, Census Tract 9707, Bennington County, Vermont","1","1","0"
"1000000US500039707002015","Block 2015, Block Group 2, Census Tract 9707, Bennington County, Vermont","4","2","2"
"1000000US500039707002016","Block 2016, Block Group 2, Census Tract 9707, Bennington County, Vermont","0","0","0"
"1000000US500039707002017","Block 2017, Block Group 2, Census Tract 9707, Bennington County, Vermont","0","0","0"
"1000000US500039707002018","Block 2018, Block Group 2, Census Tract 9707, Bennington County, Vermont","1","1","0"
"1000000US500039707002019","Block 2019, Block Group 2, Census Tract 9707, Bennington County, Vermont","0","0","0"
"1000000US500039707002020","Block 2020, Block Group 2, Census Tract 9707, Bennington County, Vermont","10","5","5"
"1000000US500039707002021","Block 2021, Block Group 2, Census Tract 9707, Bennington County, Vermont","0","0","0"
"1000000US500039707002022","Block 2022, Block Group 2, Census Tract 9707, Bennington County, Vermont","3","1","2"
"1000000US500039707002023","Block 2023, Block Group 2, Census Tract 9707, Bennington County, Vermont","0","0","0"
"1000000US500039707002024","Block 2024, Block Group 2, Census Tract 9707, Bennington County, Vermont","0","0","0"
"1000000US500039707002025","Block 2025, Block Group 2, Census Tract 9707, Bennington County, Vermont","8","5","3"
"1000000US500039707002026","Block 2026, Block Group 2, Census Tract 9707, Bennington County, Vermont","0","0","0"
"1000000US500039707002027","Block 2027, Block Group 2, Census Tract 9707, Bennington County, Vermont","0","0","0"
"1000000US500039707002028","Block 2028, Block Group 2, Census Tract 9707, Bennington County, Vermont","0","0","0"
"1000000US500039707002029","Block 2029, Block Group 2, Census Tract 9707, Bennington County, Vermont","6","3","3"
"1000000US500039707002030","Block 2030, Block Group 2, Census Tract 9707, Bennington County, Vermont","142","92","50"
"1000000US500039707002031","Block 2031, Block Group 2, Census Tract 9707, Bennington County, Vermont","1","1","0"
"1000000US500039707002032","Block 2032, Block Group 2, Census Tract 9707, Bennington County, Vermont","63","52","11"
"1000000US500039707002033","Block 2033, Block Group 2, Census Tract 9707, Bennington County, Vermont","10","10","0"
"1000000US500039707002034","Block 2034, Block Group 2, Census Tract 9707, Bennington County, Vermont","0","0","0"
"1000000US500039707002035","Block 2035, Block Group 2, Census Tract 9707, Bennington County, Vermont","8","7","1"
"1000000US500039707002036","Block 2036, Block Group 2, Census Tract 9707, Bennington County, Vermont","0","0","0"
"1000000US500039707002037","Block 2037, Block Group 2, Census Tract 9707, Bennington County, Vermont","38","33","5"
"1000000US500039707002038","Block 2038, Block Group 2, Census Tract 9707, Bennington County, Vermont","4","2","2"
"1000000US500039707002039","Block 2039, Block Group 2, Census Tract 9707, Bennington County, Vermont","1","1","0"
"1000000US500039707002040","Block 2040, Block Group 2, Census Tract 9707, Bennington County, Vermont","12","9","3"
"1000000US500039707002041","Block 2041, Block Group 2, Census Tract 9707, Bennington County, Vermont","2","1","1"
"1000000US500039707002042","Block 2042, Block Group 2, Census Tract 9707, Bennington County, Vermont","0","0","0"
"1000000US500039707002043","Block 2043, Block Group 2, Census Tract 9707, Bennington County, Vermont","6","6","0"
"1000000US500039707002044","Block 2044, Block Group 2, Census Tract 9707, Bennington County, Vermont","2","2","0"
"1000000US500039707002045","Block 2045, Block Group 2, Census Tract 9707, Bennington County, Vermont","18","16","2"
"1000000US500039707002046","Block 2046, Block Group 2, Census Tract 9707, Bennington County, Vermont","9","9","0"
"1000000US500039707002047","Block 2047, Block Group 2, Census Tract 9707, Bennington County, Vermont","0","0","0"
"1000000US500039707002048","Block 2048, Block Group 2, Census Tract 9707, Bennington County, Vermont","5","4","1"
"1000000US500039707002049","Block 2049, Block Group 2, Census Tract 9707, Bennington County, Vermont","5","4","1"
"1000000US500039707002050","Block 2050, Block Group 2, Census Tract 9707, Bennington County, Vermont","30","24","6"
"1000000US500039707002051","Block 2051, Block Group 2, Census Tract 9707, Bennington County, Vermont","5","0","5"
"1000000US500039707002052","Block 2052, Block Group 2, Census Tract 9707, Bennington County, Vermont","1","1","0"
"1000000US500039707002053","Block 2053, Block Group 2, Census Tract 9707, Bennington County, Vermont","0","0","0"
"1000000US500039707002054","Block 2054, Block Group 2, Census Tract 9707, Bennington County, Vermont","0","0","0"
"1000000US500039707002055","Block 2055, Block Group 2, Census Tract 9707, Bennington County, Vermont","0","0","0"
"1000000US500039707002056","Block 2056, Block Group 2, Census Tract 9707, Bennington County, Vermont","2","0","2"
"1000000US500039707002057","Block 2057, Block Group 2, Census Tract 9707, Bennington County, Vermont","2","2","0"
"1000000US500039707002058","Block 2058, Block Group 2, Census Tract 9707, Bennington County, Vermont","14","11","3"
"1000000US500039707002059","Block 2059, Block Group 2, Census Tract 9707, Bennington County, Vermont","0","0","0"
"1000000US500039707002060","Block 2060, Block Group 2, Census Tract 9707, Bennington County, Vermont","0","0","0"
"1000000US500039707002061","Block 2061, Block Group 2, Census Tract 9707, Bennington County, Vermont","0","0","0"
"1000000US500039707002062","Block 2062, Block Group 2, Census Tract 9707, Bennington County, Vermont","3","2","1"
"1000000US500039707002063","Block 2063, Block Group 2, Census Tract 9707, Bennington County, Vermont","0","0","0"
"1000000US500039708001000","Block 1000, Block Group 1, Census Tract 9708, Bennington County, Vermont","11","7","4"
"1000000US500039708001001","Block 1001, Block Group 1, Census Tract 9708, Bennington County, Vermont","0","0","0"
"1000000US500039708001002","Block 1002, Block Group 1, Census Tract 9708, Bennington County, Vermont","10","7","3"
"1000000US500039708001003","Block 1003, Block Group 1, Census Tract 9708, Bennington County, Vermont","0","0","0"
"1000000US500039708001004","Block 1004, Block Group 1, Census Tract 9708, Bennington County, Vermont","1","1","0"
"1000000US500039708001005","Block 1005, Block Group 1, Census Tract 9708, Bennington County, Vermont","2","2","0"
"1000000US500039708001006","Block 1006, Block Group 1, Census Tract 9708, Bennington County, Vermont","12","10","2"
"1000000US500039708001007","Block 1007, Block Group 1, Census Tract 9708, Bennington County, Vermont","12","10","2"
"1000000US500039708001008","Block 1008, Block Group 1, Census Tract 9708, Bennington County, Vermont","9","5","4"
"1000000US500039708001009","Block 1009, Block Group 1, Census Tract 9708, Bennington County, Vermont","0","0","0"
"1000000US500039708001010","Block 1010, Block Group 1, Census Tract 9708, Bennington County, Vermont","8","8","0"
"1000000US500039708001011","Block 1011, Block Group 1, Census Tract 9708, Bennington County, Vermont","26","22","4"
"1000000US500039708001012","Block 1012, Block Group 1, Census Tract 9708, Bennington County, Vermont","3","3","0"
"1000000US500039708001013","Block 1013, Block Group 1, Census Tract 9708, Bennington County, Vermont","4","3","1"
"1000000US500039708001014","Block 1014, Block Group 1, Census Tract 9708, Bennington County, Vermont","2","1","1"
"1000000US500039708001015","Block 1015, Block Group 1, Census Tract 9708, Bennington County, Vermont","13","8","5"
"1000000US500039708001016","Block 1016, Block Group 1, Census Tract 9708, Bennington County, Vermont","8","6","2"
"1000000US500039708001017","Block 1017, Block Group 1, Census Tract 9708, Bennington County, Vermont","15","14","1"
"1000000US500039708001018","Block 1018, Block Group 1, Census Tract 9708, Bennington County, Vermont","2","2","0"
"1000000US500039708001019","Block 1019, Block Group 1, Census Tract 9708, Bennington County, Vermont","14","12","2"
"1000000US500039708001020","Block 1020, Block Group 1, Census Tract 9708, Bennington County, Vermont","0","0","0"
"1000000US500039708001021","Block 1021, Block Group 1, Census Tract 9708, Bennington County, Vermont","67","62","5"
"1000000US500039708001022","Block 1022, Block Group 1, Census Tract 9708, Bennington County, Vermont","9","8","1"
"1000000US500039708001023","Block 1023, Block Group 1, Census Tract 9708, Bennington County, Vermont","9","7","2"
"1000000US500039708001024","Block 1024, Block Group 1, Census Tract 9708, Bennington County, Vermont","16","14","2"
"1000000US500039708001025","Block 1025, Block Group 1, Census Tract 9708, Bennington County, Vermont","4","2","2"
"1000000US500039708001026","Block 1026, Block Group 1, Census Tract 9708, Bennington County, Vermont","0","0","0"
"1000000US500039708001027","Block 1027, Block Group 1, Census Tract 9708, Bennington County, Vermont","58","56","2"
"1000000US500039708001028","Block 1028, Block Group 1, Census Tract 9708, Bennington County, Vermont","1","1","0"
"1000000US500039708001029","Block 1029, Block Group 1, Census Tract 9708, Bennington County, Vermont","0","0","0"
"1000000US500039708001030","Block 1030, Block Group 1, Census Tract 9708, Bennington County, Vermont","2","2","0"
"1000000US500039708001031","Block 1031, Block Group 1, Census Tract 9708, Bennington County, Vermont","0","0","0"
"1000000US500039708001032","Block 1032, Block Group 1, Census Tract 9708, Bennington County, Vermont","16","14","2"
"1000000US500039708001033","Block 1033, Block Group 1, Census Tract 9708, Bennington County, Vermont","0","0","0"
"1000000US500039708001034","Block 1034, Block Group 1, Census Tract 9708, Bennington County, Vermont","4","3","1"
"1000000US500039708001035","Block 1035, Block Group 1, Census Tract 9708, Bennington County, Vermont","23","20","3"
"1000000US500039708001036","Block 1036, Block Group 1, Census Tract 9708, Bennington County, Vermont","0","0","0"
"1000000US500039708001037","Block 1037, Block Group 1, Census Tract 9708, Bennington County, Vermont","0","0","0"
"1000000US500039708001038","Block 1038, Block Group 1, Census Tract 9708, Bennington County, Vermont","59","57","2"
"1000000US500039708001039","Block 1039, Block Group 1, Census Tract 9708, Bennington County, Vermont","0","0","0"
"1000000US500039708001040","Block 1040, Block Group 1, Census Tract 9708, Bennington County, Vermont","0","0","0"
"1000000US500039708001041","Block 1041, Block Group 1, Census Tract 9708, Bennington County, Vermont","0","0","0"
"1000000US500039708001042","Block 1042, Block Group 1, Census Tract 9708, Bennington County, Vermont","0","0","0"
"1000000US500039708001043","Block 1043, Block Group 1, Census Tract 9708, Bennington County, Vermont","0","0","0"
"1000000US500039708001044","Block 1044, Block Group 1, Census Tract 9708, Bennington County, Vermont","0","0","0"
"1000000US500039708001045","Block 1045, Block Group 1, Census Tract 9708, Bennington County, Vermont","1","1","0"
"1000000US500039708001046","Block 1046, Block Group 1, Census Tract 9708, Bennington County, Vermont","1","1","0"
"1000000US500039708001047","Block 1047, Block Group 1, Census Tract 9708, Bennington County, Vermont","5","5","0"
"1000000US500039708001048","Block 1048, Block Group 1, Census Tract 9708, Bennington County, Vermont","6","6","0"
"1000000US500039708001049","Block 1049, Block Group 1, Census Tract 9708, Bennington County, Vermont","0","0","0"
"1000000US500039708001050","Block 1050, Block Group 1, Census Tract 9708, Bennington County, Vermont","2","0","2"
"1000000US500039708001051","Block 1051, Block Group 1, Census Tract 9708, Bennington County, Vermont","84","72","12"
"1000000US500039708001052","Block 1052, Block Group 1, Census Tract 9708, Bennington County, Vermont","7","5","2"
"1000000US500039708001053","Block 1053, Block Group 1, Census Tract 9708, Bennington County, Vermont","10","10","0"
"1000000US500039708001054","Block 1054, Block Group 1, Census Tract 9708, Bennington County, Vermont","3","3","0"
"1000000US500039708001055","Block 1055, Block Group 1, Census Tract 9708, Bennington County, Vermont","17","16","1"
"1000000US500039708001056","Block 1056, Block Group 1, Census Tract 9708, Bennington County, Vermont","14","13","1"
"1000000US500039708001057","Block 1057, Block Group 1, Census Tract 9708, Bennington County, Vermont","1","1","0"
"1000000US500039708001058","Block 1058, Block Group 1, Census Tract 9708, Bennington County, Vermont","7","5","2"
"1000000US500039708001059","Block 1059, Block Group 1, Census Tract 9708, Bennington County, Vermont","18","17","1"
"1000000US500039708001060","Block 1060, Block Group 1, Census Tract 9708, Bennington County, Vermont","24","24","0"
"1000000US500039708001061","Block 1061, Block Group 1, Census Tract 9708, Bennington County, Vermont","0","0","0"
"1000000US500039708001062","Block 1062, Block Group 1, Census Tract 9708, Bennington County, Vermont","0","0","0"
"1000000US500039708001063","Block 1063, Block Group 1, Census Tract 9708, Bennington County, Vermont","11","10","1"
"1000000US500039708001064","Block 1064, Block Group 1, Census Tract 9708, Bennington County, Vermont","2","2","0"
"1000000US500039708001065","Block 1065, Block Group 1, Census Tract 9708, Bennington County, Vermont","2","2","0"
"1000000US500039708001066","Block 1066, Block Group 1, Census Tract 9708, Bennington County, Vermont","0","0","0"
"1000000US500039708001067","Block 1067, Block Group 1, Census Tract 9708, Bennington County, Vermont","0","0","0"
"1000000US500039708002000","Block 2000, Block Group 2, Census Tract 9708, Bennington County, Vermont","175","151","24"
"1000000US500039708002001","Block 2001, Block Group 2, Census Tract 9708, Bennington County, Vermont","0","0","0"
"1000000US500039708002002","Block 2002, Block Group 2, Census Tract 9708, Bennington County, Vermont","3","3","0"
"1000000US500039708002003","Block 2003, Block Group 2, Census Tract 9708, Bennington County, Vermont","0","0","0"
"1000000US500039708002004","Block 2004, Block Group 2, Census Tract 9708, Bennington County, Vermont","1","1","0"
"1000000US500039708002005","Block 2005, Block Group 2, Census Tract 9708, Bennington County, Vermont","0","0","0"
"1000000US500039708002006","Block 2006, Block Group 2, Census Tract 9708, Bennington County, Vermont","37","29","8"
"1000000US500039708002007","Block 2007, Block Group 2, Census Tract 9708, Bennington County, Vermont","0","0","0"
"1000000US500039708002008","Block 2008, Block Group 2, Census Tract 9708, Bennington County, Vermont","0","0","0"
"1000000US500039708002009","Block 2009, Block Group 2, Census Tract 9708, Bennington County, Vermont","8","6","2"
"1000000US500039708002010","Block 2010, Block Group 2, Census Tract 9708, Bennington County, Vermont","4","4","0"
"1000000US500039708002011","Block 2011, Block Group 2, Census Tract 9708, Bennington County, Vermont","0","0","0"
"1000000US500039708002012","Block 2012, Block Group 2, Census Tract 9708, Bennington County, Vermont","9","7","2"
"1000000US500039708002013","Block 2013, Block Group 2, Census Tract 9708, Bennington County, Vermont","2","2","0"
"1000000US500039708002014","Block 2014, Block Group 2, Census Tract 9708, Bennington County, Vermont","1","1","0"
"1000000US500039708002015","Block 2015, Block Group 2, Census Tract 9708, Bennington County, Vermont","12","12","0"
"1000000US500039708002016","Block 2016, Block Group 2, Census Tract 9708, Bennington County, Vermont","0","0","0"
"1000000US500039708002017","Block 2017, Block Group 2, Census Tract 9708, Bennington County, Vermont","35","29","6"
"1000000US500039708002018","Block 2018, Block Group 2, Census Tract 9708, Bennington County, Vermont","1","1","0"
"1000000US500039708002019","Block 2019, Block Group 2, Census Tract 9708, Bennington County, Vermont","0","0","0"
"1000000US500039708002020","Block 2020, Block Group 2, Census Tract 9708, Bennington County, Vermont","0","0","0"
"1000000US500039708002021","Block 2021, Block Group 2, Census Tract 9708, Bennington County, Vermont","23","20","3"
"1000000US500039708002022","Block 2022, Block Group 2, Census Tract 9708, Bennington County, Vermont","11","10","1"
"1000000US500039708002023","Block 2023, Block Group 2, Census Tract 9708, Bennington County, Vermont","5","3","2"
"1000000US500039708002024","Block 2024, Block Group 2, Census Tract 9708, Bennington County, Vermont","20","20","0"
"1000000US500039708002025","Block 2025, Block Group 2, Census Tract 9708, Bennington County, Vermont","2","2","0"
"1000000US500039708002026","Block 2026, Block Group 2, Census Tract 9708, Bennington County, Vermont","4","3","1"
"1000000US500039708002027","Block 2027, Block Group 2, Census Tract 9708, Bennington County, Vermont","48","43","5"
"1000000US500039708002028","Block 2028, Block Group 2, Census Tract 9708, Bennington County, Vermont","7","7","0"
"1000000US500039708002029","Block 2029, Block Group 2, Census Tract 9708, Bennington County, Vermont","5","5","0"
"1000000US500039708002030","Block 2030, Block Group 2, Census Tract 9708, Bennington County, Vermont","1","1","0"
"1000000US500039708002031","Block 2031, Block Group 2, Census Tract 9708, Bennington County, Vermont","3","3","0"
"1000000US500039708002032","Block 2032, Block Group 2, Census Tract 9708, Bennington County, Vermont","0","0","0"
"1000000US500039708003000","Block 3000, Block Group 3, Census Tract 9708, Bennington County, Vermont","1","1","0"
"1000000US500039708003001","Block 3001, Block Group 3, Census Tract 9708, Bennington County, Vermont","35","33","2"
"1000000US500039708003002","Block 3002, Block Group 3, Census Tract 9708, Bennington County, Vermont","0","0","0"
"1000000US500039708003003","Block 3003, Block Group 3, Census Tract 9708, Bennington County, Vermont","10","9","1"
"1000000US500039708003004","Block 3004, Block Group 3, Census Tract 9708, Bennington County, Vermont","26","25","1"
"1000000US500039708003005","Block 3005, Block Group 3, Census Tract 9708, Bennington County, Vermont","11","10","1"
"1000000US500039708003006","Block 3006, Block Group 3, Census Tract 9708, Bennington County, Vermont","63","60","3"
"1000000US500039708003007","Block 3007, Block Group 3, Census Tract 9708, Bennington County, Vermont","1","1","0"
"1000000US500039708003008","Block 3008, Block Group 3, Census Tract 9708, Bennington County, Vermont","2","2","0"
"1000000US500039708003009","Block 3009, Block Group 3, Census Tract 9708, Bennington County, Vermont","2","2","0"
"1000000US500039708003010","Block 3010, Block Group 3, Census Tract 9708, Bennington County, Vermont","14","13","1"
"1000000US500039708003011","Block 3011, Block Group 3, Census Tract 9708, Bennington County, Vermont","1","1","0"
"1000000US500039708003012","Block 3012, Block Group 3, Census Tract 9708, Bennington County, Vermont","11","8","3"
"1000000US500039708003013","Block 3013, Block Group 3, Census Tract 9708, Bennington County, Vermont","0","0","0"
"1000000US500039708003014","Block 3014, Block Group 3, Census Tract 9708, Bennington County, Vermont","0","0","0"
"1000000US500039708003015","Block 3015, Block Group 3, Census Tract 9708, Bennington County, Vermont","16","14","2"
"1000000US500039708003016","Block 3016, Block Group 3, Census Tract 9708, Bennington County, Vermont","0","0","0"
"1000000US500039708003017","Block 3017, Block Group 3, Census Tract 9708, Bennington County, Vermont","0","0","0"
"1000000US500039708003018","Block 3018, Block Group 3, Census Tract 9708, Bennington County, Vermont","0","0","0"
"1000000US500039708003019","Block 3019, Block Group 3, Census Tract 9708, Bennington County, Vermont","0","0","0"
"1000000US500039708003020","Block 3020, Block Group 3, Census Tract 9708, Bennington County, Vermont","0","0","0"
"1000000US500039708003021","Block 3021, Block Group 3, Census Tract 9708, Bennington County, Vermont","0","0","0"
"1000000US500039708003022","Block 3022, Block Group 3, Census Tract 9708, Bennington County, Vermont","2","2","0"
"1000000US500039708003023","Block 3023, Block Group 3, Census Tract 9708, Bennington County, Vermont","1","1","0"
"1000000US500039708003024","Block 3024, Block Group 3, Census Tract 9708, Bennington County, Vermont","16","14","2"
"1000000US500039708003025","Block 3025, Block Group 3, Census Tract 9708, Bennington County, Vermont","26","25","1"
"1000000US500039708003026","Block 3026, Block Group 3, Census Tract 9708, Bennington County, Vermont","4","4","0"
"1000000US500039708003027","Block 3027, Block Group 3, Census Tract 9708, Bennington County, Vermont","41","37","4"
"1000000US500039708003028","Block 3028, Block Group 3, Census Tract 9708, Bennington County, Vermont","12","11","1"
"1000000US500039708003029","Block 3029, Block Group 3, Census Tract 9708, Bennington County, Vermont","0","0","0"
"1000000US500039708003030","Block 3030, Block Group 3, Census Tract 9708, Bennington County, Vermont","13","12","1"
"1000000US500039708003031","Block 3031, Block Group 3, Census Tract 9708, Bennington County, Vermont","1","1","0"
"1000000US500039708003032","Block 3032, Block Group 3, Census Tract 9708, Bennington County, Vermont","55","51","4"
"1000000US500039708003033","Block 3033, Block Group 3, Census Tract 9708, Bennington County, Vermont","29","27","2"
"1000000US500039708003034","Block 3034, Block Group 3, Census Tract 9708, Bennington County, Vermont","16","15","1"
"1000000US500039708003035","Block 3035, Block Group 3, Census Tract 9708, Bennington County, Vermont","11","11","0"
"1000000US500039708003036","Block 3036, Block Group 3, Census Tract 9708, Bennington County, Vermont","0","0","0"
"1000000US500039708003037","Block 3037, Block Group 3, Census Tract 9708, Bennington County, Vermont","9","9","0"
"1000000US500039708003038","Block 3038, Block Group 3, Census Tract 9708, Bennington County, Vermont","0","0","0"
"1000000US500039708003039","Block 3039, Block Group 3, Census Tract 9708, Bennington County, Vermont","85","82","3"
"1000000US500039708003040","Block 3040, Block Group 3, Census Tract 9708, Bennington County, Vermont","8","8","0"
"1000000US500039708003041","Block 3041, Block Group 3, Census Tract 9708, Bennington County, Vermont","0","0","0"
"1000000US500039708003042","Block 3042, Block Group 3, Census Tract 9708, Bennington County, Vermont","1","1","0"
"1000000US500039708003043","Block 3043, Block Group 3, Census Tract 9708, Bennington County, Vermont","4","4","0"
"1000000US500039708003044","Block 3044, Block Group 3, Census Tract 9708, Bennington County, Vermont","53","48","5"
"1000000US500039708003045","Block 3045, Block Group 3, Census Tract 9708, Bennington County, Vermont","8","7","1"
"1000000US500039708003046","Block 3046, Block Group 3, Census Tract 9708, Bennington County, Vermont","23","23","0"
"1000000US500039708003047","Block 3047, Block Group 3, Census Tract 9708, Bennington County, Vermont","0","0","0"
"1000000US500039708003048","Block 3048, Block Group 3, Census Tract 9708, Bennington County, Vermont","5","5","0"
"1000000US500039708003049","Block 3049, Block Group 3, Census Tract 9708, Bennington County, Vermont","2","2","0"
"1000000US500039708003050","Block 3050, Block Group 3, Census Tract 9708, Bennington County, Vermont","0","0","0"
"1000000US500039708003051","Block 3051, Block Group 3, Census Tract 9708, Bennington County, Vermont","1","1","0"
"1000000US500039708003052","Block 3052, Block Group 3, Census Tract 9708, Bennington County, Vermont","5","5","0"
"1000000US500039708003053","Block 3053, Block Group 3, Census Tract 9708, Bennington County, Vermont","0","0","0"
"1000000US500039709001000","Block 1000, Block Group 1, Census Tract 9709, Bennington County, Vermont","129","121","8"
"1000000US500039709001001","Block 1001, Block Group 1, Census Tract 9709, Bennington County, Vermont","21","21","0"
"1000000US500039709001002","Block 1002, Block Group 1, Census Tract 9709, Bennington County, Vermont","0","0","0"
"1000000US500039709001003","Block 1003, Block Group 1, Census Tract 9709, Bennington County, Vermont","83","79","4"
"1000000US500039709001004","Block 1004, Block Group 1, Census Tract 9709, Bennington County, Vermont","1","1","0"
"1000000US500039709001005","Block 1005, Block Group 1, Census Tract 9709, Bennington County, Vermont","2","2","0"
"1000000US500039709001006","Block 1006, Block Group 1, Census Tract 9709, Bennington County, Vermont","0","0","0"
"1000000US500039709001007","Block 1007, Block Group 1, Census Tract 9709, Bennington County, Vermont","14","14","0"
"1000000US500039709001008","Block 1008, Block Group 1, Census Tract 9709, Bennington County, Vermont","0","0","0"
"1000000US500039709001009","Block 1009, Block Group 1, Census Tract 9709, Bennington County, Vermont","27","26","1"
"1000000US500039709001010","Block 1010, Block Group 1, Census Tract 9709, Bennington County, Vermont","47","45","2"
"1000000US500039709001011","Block 1011, Block Group 1, Census Tract 9709, Bennington County, Vermont","4","3","1"
"1000000US500039709001012","Block 1012, Block Group 1, Census Tract 9709, Bennington County, Vermont","16","15","1"
"1000000US500039709001013","Block 1013, Block Group 1, Census Tract 9709, Bennington County, Vermont","0","0","0"
"1000000US500039709001014","Block 1014, Block Group 1, Census Tract 9709, Bennington County, Vermont","20","19","1"
"1000000US500039709001015","Block 1015, Block Group 1, Census Tract 9709, Bennington County, Vermont","3","3","0"
"1000000US500039709001016","Block 1016, Block Group 1, Census Tract 9709, Bennington County, Vermont","30","29","1"
"1000000US500039709001017","Block 1017, Block Group 1, Census Tract 9709, Bennington County, Vermont","1","1","0"
"1000000US500039709002000","Block 2000, Block Group 2, Census Tract 9709, Bennington County, Vermont","67","66","1"
"1000000US500039709002001","Block 2001, Block Group 2, Census Tract 9709, Bennington County, Vermont","0","0","0"
"1000000US500039709002002","Block 2002, Block Group 2, Census Tract 9709, Bennington County, Vermont","0","0","0"
"1000000US500039709002003","Block 2003, Block Group 2, Census Tract 9709, Bennington County, Vermont","0","0","0"
"1000000US500039709002004","Block 2004, Block Group 2, Census Tract 9709, Bennington County, Vermont","0","0","0"
"1000000US500039709002005","Block 2005, Block Group 2, Census Tract 9709, Bennington County, Vermont","0","0","0"
"1000000US500039709002006","Block 2006, Block Group 2, Census Tract 9709, Bennington County, Vermont","0","0","0"
"1000000US500039709002007","Block 2007, Block Group 2, Census Tract 9709, Bennington County, Vermont","24","22","2"
"1000000US500039709002008","Block 2008, Block Group 2, Census Tract 9709, Bennington County, Vermont","2","2","0"
"1000000US500039709002009","Block 2009, Block Group 2, Census Tract 9709, Bennington County, Vermont","2","2","0"
"1000000US500039709002010","Block 2010, Block Group 2, Census Tract 9709, Bennington County, Vermont","87","84","3"
"1000000US500039709002011","Block 2011, Block Group 2, Census Tract 9709, Bennington County, Vermont","40","40","0"
"1000000US500039709002012","Block 2012, Block Group 2, Census Tract 9709, Bennington County, Vermont","30","29","1"
"1000000US500039709002013","Block 2013, Block Group 2, Census Tract 9709, Bennington County, Vermont","2","2","0"
"1000000US500039709002014","Block 2014, Block Group 2, Census Tract 9709, Bennington County, Vermont","0","0","0"
"1000000US500039709002015","Block 2015, Block Group 2, Census Tract 9709, Bennington County, Vermont","0","0","0"
"1000000US500039709002016","Block 2016, Block Group 2, Census Tract 9709, Bennington County, Vermont","0","0","0"
"1000000US500039709002017","Block 2017, Block Group 2, Census Tract 9709, Bennington County, Vermont","4","4","0"
"1000000US500039709002018","Block 2018, Block Group 2, Census Tract 9709, Bennington County, Vermont","14","12","2"
"1000000US500039709002019","Block 2019, Block Group 2, Census Tract 9709, Bennington County, Vermont","2","2","0"
"1000000US500039709002020","Block 2020, Block Group 2, Census Tract 9709, Bennington County, Vermont","0","0","0"
"1000000US500039709002021","Block 2021, Block Group 2, Census Tract 9709, Bennington County, Vermont","0","0","0"
"1000000US500039709002022","Block 2022, Block Group 2, Census Tract 9709, Bennington County, Vermont","0","0","0"
"1000000US500039709002023","Block 2023, Block Group 2, Census Tract 9709, Bennington County, Vermont","0","0","0"
"1000000US500039709002024","Block 2024, Block Group 2, Census Tract 9709, Bennington County, Vermont","0","0","0"
"1000000US500039709002025","Block 2025, Block Group 2, Census Tract 9709, Bennington County, Vermont","0","0","0"
"1000000US500039709002026","Block 2026, Block Group 2, Census Tract 9709, Bennington County, Vermont","21","21","0"
"1000000US500039709002027","Block 2027, Block Group 2, Census Tract 9709, Bennington County, Vermont","0","0","0"
"1000000US500039709002028","Block 2028, Block Group 2, Census Tract 9709, Bennington County, Vermont","0","0","0"
"1000000US500039709002029","Block 2029, Block Group 2, Census Tract 9709, Bennington County, Vermont","0","0","0"
"1000000US500039709002030","Block 2030, Block Group 2, Census Tract 9709, Bennington County, Vermont","0","0","0"
"1000000US500039709002031","Block 2031, Block Group 2, Census Tract 9709, Bennington County, Vermont","0","0","0"
"1000000US500039709002032","Block 2032, Block Group 2, Census Tract 9709, Bennington County, Vermont","0","0","0"
"1000000US500039709002033","Block 2033, Block Group 2, Census Tract 9709, Bennington County, Vermont","0","0","0"
"1000000US500039709002034","Block 2034, Block Group 2, Census Tract 9709, Bennington County, Vermont","0","0","0"
"1000000US500039709002035","Block 2035, Block Group 2, Census Tract 9709, Bennington County, Vermont","3","3","0"
"1000000US500039709002036","Block 2036, Block Group 2, Census Tract 9709, Bennington County, Vermont","177","171","6"
"1000000US500039709002037","Block 2037, Block Group 2, Census Tract 9709, Bennington County, Vermont","7","6","1"
"1000000US500039709002038","Block 2038, Block Group 2, Census Tract 9709, Bennington County, Vermont","0","0","0"
"1000000US500039709002039","Block 2039, Block Group 2, Census Tract 9709, Bennington County, Vermont","0","0","0"
"1000000US500039709002040","Block 2040, Block Group 2, Census Tract 9709, Bennington County, Vermont","15","15","0"
"1000000US500039709002041","Block 2041, Block Group 2, Census Tract 9709, Bennington County, Vermont","13","11","2"
"1000000US500039709002042","Block 2042, Block Group 2, Census Tract 9709, Bennington County, Vermont","0","0","0"
"1000000US500039709002043","Block 2043, Block Group 2, Census Tract 9709, Bennington County, Vermont","0","0","0"
"1000000US500039710001000","Block 1000, Block Group 1, Census Tract 9710, Bennington County, Vermont","0","0","0"
"1000000US500039710001001","Block 1001, Block Group 1, Census Tract 9710, Bennington County, Vermont","0","0","0"
"1000000US500039710001002","Block 1002, Block Group 1, Census Tract 9710, Bennington County, Vermont","0","0","0"
"1000000US500039710001003","Block 1003, Block Group 1, Census Tract 9710, Bennington County, Vermont","2","2","0"
"1000000US500039710001004","Block 1004, Block Group 1, Census Tract 9710, Bennington County, Vermont","7","7","0"
"1000000US500039710001005","Block 1005, Block Group 1, Census Tract 9710, Bennington County, Vermont","0","0","0"
"1000000US500039710001006","Block 1006, Block Group 1, Census Tract 9710, Bennington County, Vermont","43","38","5"
"1000000US500039710001007","Block 1007, Block Group 1, Census Tract 9710, Bennington County, Vermont","0","0","0"
"1000000US500039710001008","Block 1008, Block Group 1, Census Tract 9710, Bennington County, Vermont","1","1","0"
"1000000US500039710001009","Block 1009, Block Group 1, Census Tract 9710, Bennington County, Vermont","12","10","2"
"1000000US500039710001010","Block 1010, Block Group 1, Census Tract 9710, Bennington County, Vermont","0","0","0"
"1000000US500039710001011","Block 1011, Block Group 1, Census Tract 9710, Bennington County, Vermont","0","0","0"
"1000000US500039710001012","Block 1012, Block Group 1, Census Tract 9710, Bennington County, Vermont","0","0","0"
"1000000US500039710001013","Block 1013, Block Group 1, Census Tract 9710, Bennington County, Vermont","0","0","0"
"1000000US500039710001014","Block 1014, Block Group 1, Census Tract 9710, Bennington County, Vermont","0","0","0"
"1000000US500039710001015","Block 1015, Block Group 1, Census Tract 9710, Bennington County, Vermont","10","9","1"
"1000000US500039710001016","Block 1016, Block Group 1, Census Tract 9710, Bennington County, Vermont","42","39","3"
"1000000US500039710001017","Block 1017, Block Group 1, Census Tract 9710, Bennington County, Vermont","41","39","2"
"1000000US500039710001018","Block 1018, Block Group 1, Census Tract 9710, Bennington County, Vermont","0","0","0"
"1000000US500039710001019","Block 1019, Block Group 1, Census Tract 9710, Bennington County, Vermont","0","0","0"
"1000000US500039710001020","Block 1020, Block Group 1, Census Tract 9710, Bennington County, Vermont","0","0","0"
"1000000US500039710001021","Block 1021, Block Group 1, Census Tract 9710, Bennington County, Vermont","11","8","3"
"1000000US500039710001022","Block 1022, Block Group 1, Census Tract 9710, Bennington County, Vermont","0","0","0"
"1000000US500039710001023","Block 1023, Block Group 1, Census Tract 9710, Bennington County, Vermont","5","4","1"
"1000000US500039710001024","Block 1024, Block Group 1, Census Tract 9710, Bennington County, Vermont","1","1","0"
"1000000US500039710001025","Block 1025, Block Group 1, Census Tract 9710, Bennington County, Vermont","52","47","5"
"1000000US500039710001026","Block 1026, Block Group 1, Census Tract 9710, Bennington County, Vermont","0","0","0"
"1000000US500039710001027","Block 1027, Block Group 1, Census Tract 9710, Bennington County, Vermont","17","16","1"
"1000000US500039710001028","Block 1028, Block Group 1, Census Tract 9710, Bennington County, Vermont","97","81","16"
"1000000US500039710001029","Block 1029, Block Group 1, Census Tract 9710, Bennington County, Vermont","0","0","0"
"1000000US500039710001030","Block 1030, Block Group 1, Census Tract 9710, Bennington County, Vermont","0","0","0"
"1000000US500039710001031","Block 1031, Block Group 1, Census Tract 9710, Bennington County, Vermont","1","1","0"
"1000000US500039710001032","Block 1032, Block Group 1, Census Tract 9710, Bennington County, Vermont","36","29","7"
"1000000US500039710001033","Block 1033, Block Group 1, Census Tract 9710, Bennington County, Vermont","0","0","0"
"1000000US500039710001034","Block 1034, Block Group 1, Census Tract 9710, Bennington County, Vermont","21","20","1"
"1000000US500039710001035","Block 1035, Block Group 1, Census Tract 9710, Bennington County, Vermont","26","25","1"
"1000000US500039710001036","Block 1036, Block Group 1, Census Tract 9710, Bennington County, Vermont","8","8","0"
"1000000US500039710001037","Block 1037, Block Group 1, Census Tract 9710, Bennington County, Vermont","4","3","1"
"1000000US500039710001038","Block 1038, Block Group 1, Census Tract 9710, Bennington County, Vermont","0","0","0"
"1000000US500039710001039","Block 1039, Block Group 1, Census Tract 9710, Bennington County, Vermont","84","79","5"
"1000000US500039710001040","Block 1040, Block Group 1, Census Tract 9710, Bennington County, Vermont","3","3","0"
"1000000US500039710001041","Block 1041, Block Group 1, Census Tract 9710, Bennington County, Vermont","11","9","2"
"1000000US500039710001042","Block 1042, Block Group 1, Census Tract 9710, Bennington County, Vermont","29","28","1"
"1000000US500039710001043","Block 1043, Block Group 1, Census Tract 9710, Bennington County, Vermont","8","7","1"
"1000000US500039710001044","Block 1044, Block Group 1, Census Tract 9710, Bennington County, Vermont","18","13","5"
"1000000US500039710001045","Block 1045, Block Group 1, Census Tract 9710, Bennington County, Vermont","0","0","0"
"1000000US500039710001046","Block 1046, Block Group 1, Census Tract 9710, Bennington County, Vermont","0","0","0"
"1000000US500039710001047","Block 1047, Block Group 1, Census Tract 9710, Bennington County, Vermont","33","27","6"
"1000000US500039710001048","Block 1048, Block Group 1, Census Tract 9710, Bennington County, Vermont","4","4","0"
"1000000US500039710001049","Block 1049, Block Group 1, Census Tract 9710, Bennington County, Vermont","51","23","28"
"1000000US500039710001050","Block 1050, Block Group 1, Census Tract 9710, Bennington County, Vermont","0","0","0"
"1000000US500039710001051","Block 1051, Block Group 1, Census Tract 9710, Bennington County, Vermont","1","0","1"
"1000000US500039710001052","Block 1052, Block Group 1, Census Tract 9710, Bennington County, Vermont","17","15","2"
"1000000US500039710001053","Block 1053, Block Group 1, Census Tract 9710, Bennington County, Vermont","0","0","0"
"1000000US500039710001054","Block 1054, Block Group 1, Census Tract 9710, Bennington County, Vermont","0","0","0"
"1000000US500039710001055","Block 1055, Block Group 1, Census Tract 9710, Bennington County, Vermont","0","0","0"
"1000000US500039710001056","Block 1056, Block Group 1, Census Tract 9710, Bennington County, Vermont","0","0","0"
"1000000US500039710002000","Block 2000, Block Group 2, Census Tract 9710, Bennington County, Vermont","13","12","1"
"1000000US500039710002001","Block 2001, Block Group 2, Census Tract 9710, Bennington County, Vermont","9","7","2"
"1000000US500039710002002","Block 2002, Block Group 2, Census Tract 9710, Bennington County, Vermont","0","0","0"
"1000000US500039710002003","Block 2003, Block Group 2, Census Tract 9710, Bennington County, Vermont","0","0","0"
"1000000US500039710002004","Block 2004, Block Group 2, Census Tract 9710, Bennington County, Vermont","1","1","0"
"1000000US500039710002005","Block 2005, Block Group 2, Census Tract 9710, Bennington County, Vermont","0","0","0"
"1000000US500039710002006","Block 2006, Block Group 2, Census Tract 9710, Bennington County, Vermont","3","3","0"
"1000000US500039710002007","Block 2007, Block Group 2, Census Tract 9710, Bennington County, Vermont","2","2","0"
"1000000US500039710002008","Block 2008, Block Group 2, Census Tract 9710, Bennington County, Vermont","1","1","0"
"1000000US500039710002009","Block 2009, Block Group 2, Census Tract 9710, Bennington County, Vermont","0","0","0"
"1000000US500039710002010","Block 2010, Block Group 2, Census Tract 9710, Bennington County, Vermont","81","76","5"
"1000000US500039710002011","Block 2011, Block Group 2, Census Tract 9710, Bennington County, Vermont","3","3","0"
"1000000US500039710002012","Block 2012, Block Group 2, Census Tract 9710, Bennington County, Vermont","6","5","1"
"1000000US500039710002013","Block 2013, Block Group 2, Census Tract 9710, Bennington County, Vermont","0","0","0"
"1000000US500039710002014","Block 2014, Block Group 2, Census Tract 9710, Bennington County, Vermont","0","0","0"
"1000000US500039710002015","Block 2015, Block Group 2, Census Tract 9710, Bennington County, Vermont","0","0","0"
"1000000US500039710002016","Block 2016, Block Group 2, Census Tract 9710, Bennington County, Vermont","9","4","5"
"1000000US500039710002017","Block 2017, Block Group 2, Census Tract 9710, Bennington County, Vermont","0","0","0"
"1000000US500039710002018","Block 2018, Block Group 2, Census Tract 9710, Bennington County, Vermont","1","1","0"
"1000000US500039710002019","Block 2019, Block Group 2, Census Tract 9710, Bennington County, Vermont","1","0","1"
"1000000US500039710002020","Block 2020, Block Group 2, Census Tract 9710, Bennington County, Vermont","40","40","0"
"1000000US500039710002021","Block 2021, Block Group 2, Census Tract 9710, Bennington County, Vermont","0","0","0"
"1000000US500039710002022","Block 2022, Block Group 2, Census Tract 9710, Bennington County, Vermont","0","0","0"
"1000000US500039710002023","Block 2023, Block Group 2, Census Tract 9710, Bennington County, Vermont","5","4","1"
"1000000US500039710002024","Block 2024, Block Group 2, Census Tract 9710, Bennington County, Vermont","10","10","0"
"1000000US500039710002025","Block 2025, Block Group 2, Census Tract 9710, Bennington County, Vermont","23","21","2"
"1000000US500039710002026","Block 2026, Block Group 2, Census Tract 9710, Bennington County, Vermont","0","0","0"
"1000000US500039710002027","Block 2027, Block Group 2, Census Tract 9710, Bennington County, Vermont","0","0","0"
"1000000US500039710002028","Block 2028, Block Group 2, Census Tract 9710, Bennington County, Vermont","0","0","0"
"1000000US500039710002029","Block 2029, Block Group 2, Census Tract 9710, Bennington County, Vermont","21","19","2"
"1000000US500039710002030","Block 2030, Block Group 2, Census Tract 9710, Bennington County, Vermont","17","17","0"
"1000000US500039710002031","Block 2031, Block Group 2, Census Tract 9710, Bennington County, Vermont","35","31","4"
"1000000US500039710002032","Block 2032, Block Group 2, Census Tract 9710, Bennington County, Vermont","5","5","0"
"1000000US500039710002033","Block 2033, Block Group 2, Census Tract 9710, Bennington County, Vermont","0","0","0"
"1000000US500039710002034","Block 2034, Block Group 2, Census Tract 9710, Bennington County, Vermont","8","8","0"
"1000000US500039710002035","Block 2035, Block Group 2, Census Tract 9710, Bennington County, Vermont","8","8","0"
"1000000US500039710002036","Block 2036, Block Group 2, Census Tract 9710, Bennington County, Vermont","24","24","0"
"1000000US500039710002037","Block 2037, Block Group 2, Census Tract 9710, Bennington County, Vermont","0","0","0"
"1000000US500039710002038","Block 2038, Block Group 2, Census Tract 9710, Bennington County, Vermont","13","10","3"
"1000000US500039710002039","Block 2039, Block Group 2, Census Tract 9710, Bennington County, Vermont","0","0","0"
"1000000US500039710002040","Block 2040, Block Group 2, Census Tract 9710, Bennington County, Vermont","0","0","0"
"1000000US500039710002041","Block 2041, Block Group 2, Census Tract 9710, Bennington County, Vermont","71","60","11"
"1000000US500039710002042","Block 2042, Block Group 2, Census Tract 9710, Bennington County, Vermont","4","4","0"
"1000000US500039710002043","Block 2043, Block Group 2, Census Tract 9710, Bennington County, Vermont","0","0","0"
"1000000US500039710002044","Block 2044, Block Group 2, Census Tract 9710, Bennington County, Vermont","0","0","0"
"1000000US500039710002045","Block 2045, Block Group 2, Census Tract 9710, Bennington County, Vermont","0","0","0"
"1000000US500039710002046","Block 2046, Block Group 2, Census Tract 9710, Bennington County, Vermont","0","0","0"
"1000000US500039710002047","Block 2047, Block Group 2, Census Tract 9710, Bennington County, Vermont","0","0","0"
"1000000US500039710002048","Block 2048, Block Group 2, Census Tract 9710, Bennington County, Vermont","0","0","0"
"1000000US500039710002049","Block 2049, Block Group 2, Census Tract 9710, Bennington County, Vermont","0","0","0"
"1000000US500039710002050","Block 2050, Block Group 2, Census Tract 9710, Bennington County, Vermont","0","0","0"
"1000000US500039710002051","Block 2051, Block Group 2, Census Tract 9710, Bennington County, Vermont","1","1","0"
"1000000US500039710002052","Block 2052, Block Group 2, Census Tract 9710, Bennington County, Vermont","38","36","2"
"1000000US500039710002053","Block 2053, Block Group 2, Census Tract 9710, Bennington County, Vermont","0","0","0"
"1000000US500039710002054","Block 2054, Block Group 2, Census Tract 9710, Bennington County, Vermont","1","1","0"
"1000000US500039710002055","Block 2055, Block Group 2, Census Tract 9710, Bennington County, Vermont","0","0","0"
"1000000US500039710002056","Block 2056, Block Group 2, Census Tract 9710, Bennington County, Vermont","26","22","4"
"1000000US500039710002057","Block 2057, Block Group 2, Census Tract 9710, Bennington County, Vermont","11","10","1"
"1000000US500039710002058","Block 2058, Block Group 2, Census Tract 9710, Bennington County, Vermont","51","48","3"
"1000000US500039710002059","Block 2059, Block Group 2, Census Tract 9710, Bennington County, Vermont","16","16","0"
"1000000US500039710002060","Block 2060, Block Group 2, Census Tract 9710, Bennington County, Vermont","5","4","1"
"1000000US500039710002061","Block 2061, Block Group 2, Census Tract 9710, Bennington County, Vermont","0","0","0"
"1000000US500039710002062","Block 2062, Block Group 2, Census Tract 9710, Bennington County, Vermont","31","27","4"
"1000000US500039710002063","Block 2063, Block Group 2, Census Tract 9710, Bennington County, Vermont","2","2","0"
"1000000US500039710002064","Block 2064, Block Group 2, Census Tract 9710, Bennington County, Vermont","0","0","0"
"1000000US500039710002065","Block 2065, Block Group 2, Census Tract 9710, Bennington County, Vermont","1","1","0"
"1000000US500039710002066","Block 2066, Block Group 2, Census Tract 9710, Bennington County, Vermont","5","5","0"
"1000000US500039710002067","Block 2067, Block Group 2, Census Tract 9710, Bennington County, Vermont","5","5","0"
"1000000US500039710002068","Block 2068, Block Group 2, Census Tract 9710, Bennington County, Vermont","0","0","0"
"1000000US500039710002069","Block 2069, Block Group 2, Census Tract 9710, Bennington County, Vermont","7","7","0"
"1000000US500039710002070","Block 2070, Block Group 2, Census Tract 9710, Bennington County, Vermont","0","0","0"
"1000000US500039710002071","Block 2071, Block Group 2, Census Tract 9710, Bennington County, Vermont","0","0","0"
"1000000US500039710002072","Block 2072, Block Group 2, Census Tract 9710, Bennington County, Vermont","2","1","1"
"1000000US500039710002073","Block 2073, Block Group 2, Census Tract 9710, Bennington County, Vermont","0","0","0"
"1000000US500039710002074","Block 2074, Block Group 2, Census Tract 9710, Bennington County, Vermont","0","0","0"
"1000000US500039710002075","Block 2075, Block Group 2, Census Tract 9710, Bennington County, Vermont","10","9","1"
"1000000US500039710002076","Block 2076, Block Group 2, Census Tract 9710, Bennington County, Vermont","4","3","1"
"1000000US500039710002077","Block 2077, Block Group 2, Census Tract 9710, Bennington County, Vermont","4","4","0"
"1000000US500039710002078","Block 2078, Block Group 2, Census Tract 9710, Bennington County, Vermont","1","1","0"
"1000000US500039710002079","Block 2079, Block Group 2, Census Tract 9710, Bennington County, Vermont","0","0","0"
"1000000US500039710002080","Block 2080, Block Group 2, Census Tract 9710, Bennington County, Vermont","19","17","2"
"1000000US500039710002081","Block 2081, Block Group 2, Census Tract 9710, Bennington County, Vermont","21","19","2"
"1000000US500039710002082","Block 2082, Block Group 2, Census Tract 9710, Bennington County, Vermont","13","12","1"
"1000000US500039710002083","Block 2083, Block Group 2, Census Tract 9710, Bennington County, Vermont","0","0","0"
"1000000US500039710002084","Block 2084, Block Group 2, Census Tract 9710, Bennington County, Vermont","0","0","0"
"1000000US500039710002085","Block 2085, Block Group 2, Census Tract 9710, Bennington County, Vermont","12","11","1"
"1000000US500039710002086","Block 2086, Block Group 2, Census Tract 9710, Bennington County, Vermont","13","11","2"
"1000000US500039710002087","Block 2087, Block Group 2, Census Tract 9710, Bennington County, Vermont","0","0","0"
"1000000US500039710002088","Block 2088, Block Group 2, Census Tract 9710, Bennington County, Vermont","0","0","0"
"1000000US500039710002089","Block 2089, Block Group 2, Census Tract 9710, Bennington County, Vermont","0","0","0"
"1000000US500039710002090","Block 2090, Block Group 2, Census Tract 9710, Bennington County, Vermont","0","0","0"
"1000000US500039710002091","Block 2091, Block Group 2, Census Tract 9710, Bennington County, Vermont","0","0","0"
"1000000US500039710002092","Block 2092, Block Group 2, Census Tract 9710, Bennington County, Vermont","0","0","0"
"1000000US500039710002093","Block 2093, Block Group 2, Census Tract 9710, Bennington County, Vermont","0","0","0"
"1000000US500039710002094","Block 2094, Block Group 2, Census Tract 9710, Bennington County, Vermont","0","0","0"
"1000000US500039710002095","Block 2095, Block Group 2, Census Tract 9710, Bennington County, Vermont","0","0","0"
"1000000US500039710002096","Block 2096, Block Group 2, Census Tract 9710, Bennington County, Vermont","2","2","0"
"1000000US500039710002097","Block 2097, Block Group 2, Census Tract 9710, Bennington County, Vermont","6","2","4"
"1000000US500039710002098","Block 2098, Block Group 2, Census Tract 9710, Bennington County, Vermont","0","0","0"
"1000000US500039710002099","Block 2099, Block Group 2, Census Tract 9710, Bennington County, Vermont","0","0","0"
"1000000US500039710002100","Block 2100, Block Group 2, Census Tract 9710, Bennington County, Vermont","0","0","0"
"1000000US500039710002101","Block 2101, Block Group 2, Census Tract 9710, Bennington County, Vermont","7","6","1"
"1000000US500039711001000","Block 1000, Block Group 1, Census Tract 9711, Bennington County, Vermont","2","2","0"
"1000000US500039711001001","Block 1001, Block Group 1, Census Tract 9711, Bennington County, Vermont","0","0","0"
"1000000US500039711001002","Block 1002, Block Group 1, Census Tract 9711, Bennington County, Vermont","33","32","1"
"1000000US500039711001003","Block 1003, Block Group 1, Census Tract 9711, Bennington County, Vermont","16","16","0"
"1000000US500039711001004","Block 1004, Block Group 1, Census Tract 9711, Bennington County, Vermont","7","7","0"
"1000000US500039711001005","Block 1005, Block Group 1, Census Tract 9711, Bennington County, Vermont","2","2","0"
"1000000US500039711001006","Block 1006, Block Group 1, Census Tract 9711, Bennington County, Vermont","5","5","0"
"1000000US500039711001007","Block 1007, Block Group 1, Census Tract 9711, Bennington County, Vermont","10","10","0"
"1000000US500039711001008","Block 1008, Block Group 1, Census Tract 9711, Bennington County, Vermont","67","64","3"
"1000000US500039711001009","Block 1009, Block Group 1, Census Tract 9711, Bennington County, Vermont","0","0","0"
"1000000US500039711001010","Block 1010, Block Group 1, Census Tract 9711, Bennington County, Vermont","19","19","0"
"1000000US500039711001011","Block 1011, Block Group 1, Census Tract 9711, Bennington County, Vermont","11","8","3"
"1000000US500039711001012","Block 1012, Block Group 1, Census Tract 9711, Bennington County, Vermont","19","17","2"
"1000000US500039711001013","Block 1013, Block Group 1, Census Tract 9711, Bennington County, Vermont","13","11","2"
"1000000US500039711001014","Block 1014, Block Group 1, Census Tract 9711, Bennington County, Vermont","242","236","6"
"1000000US500039711001015","Block 1015, Block Group 1, Census Tract 9711, Bennington County, Vermont","10","9","1"
"1000000US500039711001016","Block 1016, Block Group 1, Census Tract 9711, Bennington County, Vermont","16","16","0"
"1000000US500039711001017","Block 1017, Block Group 1, Census Tract 9711, Bennington County, Vermont","0","0","0"
"1000000US500039711001018","Block 1018, Block Group 1, Census Tract 9711, Bennington County, Vermont","19","19","0"
"1000000US500039711001019","Block 1019, Block Group 1, Census Tract 9711, Bennington County, Vermont","12","12","0"
"1000000US500039711001020","Block 1020, Block Group 1, Census Tract 9711, Bennington County, Vermont","26","25","1"
"1000000US500039711001021","Block 1021, Block Group 1, Census Tract 9711, Bennington County, Vermont","1","1","0"
"1000000US500039711001022","Block 1022, Block Group 1, Census Tract 9711, Bennington County, Vermont","39","38","1"
"1000000US500039711001023","Block 1023, Block Group 1, Census Tract 9711, Bennington County, Vermont","24","23","1"
"1000000US500039711001024","Block 1024, Block Group 1, Census Tract 9711, Bennington County, Vermont","26","22","4"
"1000000US500039711001025","Block 1025, Block Group 1, Census Tract 9711, Bennington County, Vermont","18","18","0"
"1000000US500039711001026","Block 1026, Block Group 1, Census Tract 9711, Bennington County, Vermont","58","53","5"
"1000000US500039711001027","Block 1027, Block Group 1, Census Tract 9711, Bennington County, Vermont","55","53","2"
"1000000US500039711001028","Block 1028, Block Group 1, Census Tract 9711, Bennington County, Vermont","8","8","0"
"1000000US500039711001029","Block 1029, Block Group 1, Census Tract 9711, Bennington County, Vermont","90","86","4"
"1000000US500039711001030","Block 1030, Block Group 1, Census Tract 9711, Bennington County, Vermont","2","2","0"
"1000000US500039711001031","Block 1031, Block Group 1, Census Tract 9711, Bennington County, Vermont","13","10","3"
"1000000US500039711001032","Block 1032, Block Group 1, Census Tract 9711, Bennington County, Vermont","0","0","0"
"1000000US500039711001033","Block 1033, Block Group 1, Census Tract 9711, Bennington County, Vermont","13","11","2"
"1000000US500039711001034","Block 1034, Block Group 1, Census Tract 9711, Bennington County, Vermont","6","6","0"
"1000000US500039711001035","Block 1035, Block Group 1, Census Tract 9711, Bennington County, Vermont","5","4","1"
"1000000US500039711001036","Block 1036, Block Group 1, Census Tract 9711, Bennington County, Vermont","1","1","0"
"1000000US500039711001037","Block 1037, Block Group 1, Census Tract 9711, Bennington County, Vermont","0","0","0"
"1000000US500039711001038","Block 1038, Block Group 1, Census Tract 9711, Bennington County, Vermont","1","1","0"
"1000000US500039711001039","Block 1039, Block Group 1, Census Tract 9711, Bennington County, Vermont","0","0","0"
"1000000US500039711001040","Block 1040, Block Group 1, Census Tract 9711, Bennington County, Vermont","0","0","0"
"1000000US500039711001041","Block 1041, Block Group 1, Census Tract 9711, Bennington County, Vermont","13","13","0"
"1000000US500039711001042","Block 1042, Block Group 1, Census Tract 9711, Bennington County, Vermont","19","18","1"
"1000000US500039711002000","Block 2000, Block Group 2, Census Tract 9711, Bennington County, Vermont","146","133","13"
"1000000US500039711002001","Block 2001, Block Group 2, Census Tract 9711, Bennington County, Vermont","8","6","2"
"1000000US500039711002002","Block 2002, Block Group 2, Census Tract 9711, Bennington County, Vermont","9","8","1"
"1000000US500039711002003","Block 2003, Block Group 2, Census Tract 9711, Bennington County, Vermont","0","0","0"
"1000000US500039711002004","Block 2004, Block Group 2, Census Tract 9711, Bennington County, Vermont","58","55","3"
"1000000US500039711002005","Block 2005, Block Group 2, Census Tract 9711, Bennington County, Vermont","0","0","0"
"1000000US500039711002006","Block 2006, Block Group 2, Census Tract 9711, Bennington County, Vermont","0","0","0"
"1000000US500039711002007","Block 2007, Block Group 2, Census Tract 9711, Bennington County, Vermont","3","3","0"
"1000000US500039711002008","Block 2008, Block Group 2, Census Tract 9711, Bennington County, Vermont","6","6","0"
"1000000US500039711002009","Block 2009, Block Group 2, Census Tract 9711, Bennington County, Vermont","0","0","0"
"1000000US500039711002010","Block 2010, Block Group 2, Census Tract 9711, Bennington County, Vermont","26","24","2"
"1000000US500039711002011","Block 2011, Block Group 2, Census Tract 9711, Bennington County, Vermont","14","13","1"
"1000000US500039711002012","Block 2012, Block Group 2, Census Tract 9711, Bennington County, Vermont","15","12","3"
"1000000US500039711002013","Block 2013, Block Group 2, Census Tract 9711, Bennington County, Vermont","15","15","0"
"1000000US500039711002014","Block 2014, Block Group 2, Census Tract 9711, Bennington County, Vermont","8","8","0"
"1000000US500039711002015","Block 2015, Block Group 2, Census Tract 9711, Bennington County, Vermont","4","4","0"
"1000000US500039711002016","Block 2016, Block Group 2, Census Tract 9711, Bennington County, Vermont","164","155","9"
"1000000US500039711002017","Block 2017, Block Group 2, Census Tract 9711, Bennington County, Vermont","0","0","0"
"1000000US500039711002018","Block 2018, Block Group 2, Census Tract 9711, Bennington County, Vermont","20","19","1"
"1000000US500039711002019","Block 2019, Block Group 2, Census Tract 9711, Bennington County, Vermont","18","17","1"
"1000000US500039711003000","Block 3000, Block Group 3, Census Tract 9711, Bennington County, Vermont","32","29","3"
"1000000US500039711003001","Block 3001, Block Group 3, Census Tract 9711, Bennington County, Vermont","55","54","1"
"1000000US500039711003002","Block 3002, Block Group 3, Census Tract 9711, Bennington County, Vermont","125","119","6"
"1000000US500039711003003","Block 3003, Block Group 3, Census Tract 9711, Bennington County, Vermont","9","9","0"
"1000000US500039711003004","Block 3004, Block Group 3, Census Tract 9711, Bennington County, Vermont","0","0","0"
"1000000US500039711003005","Block 3005, Block Group 3, Census Tract 9711, Bennington County, Vermont","0","0","0"
"1000000US500039711003006","Block 3006, Block Group 3, Census Tract 9711, Bennington County, Vermont","0","0","0"
"1000000US500039711003007","Block 3007, Block Group 3, Census Tract 9711, Bennington County, Vermont","14","13","1"
"1000000US500039711003008","Block 3008, Block Group 3, Census Tract 9711, Bennington County, Vermont","0","0","0"
"1000000US500039711003009","Block 3009, Block Group 3, Census Tract 9711, Bennington County, Vermont","2","2","0"
"1000000US500039711003010","Block 3010, Block Group 3, Census Tract 9711, Bennington County, Vermont","13","11","2"
"1000000US500039711003011","Block 3011, Block Group 3, Census Tract 9711, Bennington County, Vermont","0","0","0"
"1000000US500039711003012","Block 3012, Block Group 3, Census Tract 9711, Bennington County, Vermont","0","0","0"
"1000000US500039711003013","Block 3013, Block Group 3, Census Tract 9711, Bennington County, Vermont","92","77","15"
"1000000US500039711003014","Block 3014, Block Group 3, Census Tract 9711, Bennington County, Vermont","4","3","1"
"1000000US500039711003015","Block 3015, Block Group 3, Census Tract 9711, Bennington County, Vermont","41","40","1"
"1000000US500039711003016","Block 3016, Block Group 3, Census Tract 9711, Bennington County, Vermont","1","1","0"
"1000000US500039711003017","Block 3017, Block Group 3, Census Tract 9711, Bennington County, Vermont","22","21","1"
"1000000US500039711003018","Block 3018, Block Group 3, Census Tract 9711, Bennington County, Vermont","22","22","0"
"1000000US500039711003019","Block 3019, Block Group 3, Census Tract 9711, Bennington County, Vermont","22","22","0"
"1000000US500039711003020","Block 3020, Block Group 3, Census Tract 9711, Bennington County, Vermont","0","0","0"
"1000000US500039711003021","Block 3021, Block Group 3, Census Tract 9711, Bennington County, Vermont","7","7","0"
"1000000US500039711003022","Block 3022, Block Group 3, Census Tract 9711, Bennington County, Vermont","4","3","1"
"1000000US500039711003023","Block 3023, Block Group 3, Census Tract 9711, Bennington County, Vermont","5","4","1"
"1000000US500039711003024","Block 3024, Block Group 3, Census Tract 9711, Bennington County, Vermont","4","4","0"
"1000000US500039711003025","Block 3025, Block Group 3, Census Tract 9711, Bennington County, Vermont","1","1","0"
"1000000US500039711003026","Block 3026, Block Group 3, Census Tract 9711, Bennington County, Vermont","7","5","2"
"1000000US500039711003027","Block 3027, Block Group 3, Census Tract 9711, Bennington County, Vermont","2","2","0"
"1000000US500039711003028","Block 3028, Block Group 3, Census Tract 9711, Bennington County, Vermont","4","4","0"
"1000000US500039712001000","Block 1000, Block Group 1, Census Tract 9712, Bennington County, Vermont","0","0","0"
"1000000US500039712001001","Block 1001, Block Group 1, Census Tract 9712, Bennington County, Vermont","1","1","0"
"1000000US500039712001002","Block 1002, Block Group 1, Census Tract 9712, Bennington County, Vermont","23","22","1"
"1000000US500039712001003","Block 1003, Block Group 1, Census Tract 9712, Bennington County, Vermont","0","0","0"
"1000000US500039712001004","Block 1004, Block Group 1, Census Tract 9712, Bennington County, Vermont","29","26","3"
"1000000US500039712001005","Block 1005, Block Group 1, Census Tract 9712, Bennington County, Vermont","5","5","0"
"1000000US500039712001006","Block 1006, Block Group 1, Census Tract 9712, Bennington County, Vermont","19","19","0"
"1000000US500039712001007","Block 1007, Block Group 1, Census Tract 9712, Bennington County, Vermont","14","14","0"
"1000000US500039712001008","Block 1008, Block Group 1, Census Tract 9712, Bennington County, Vermont","32","31","1"
"1000000US500039712001009","Block 1009, Block Group 1, Census Tract 9712, Bennington County, Vermont","22","20","2"
"1000000US500039712001010","Block 1010, Block Group 1, Census Tract 9712, Bennington County, Vermont","60","56","4"
"1000000US500039712001011","Block 1011, Block Group 1, Census Tract 9712, Bennington County, Vermont","16","16","0"
"1000000US500039712001012","Block 1012, Block Group 1, Census Tract 9712, Bennington County, Vermont","19","16","3"
"1000000US500039712001013","Block 1013, Block Group 1, Census Tract 9712, Bennington County, Vermont","24","23","1"
"1000000US500039712001014","Block 1014, Block Group 1, Census Tract 9712, Bennington County, Vermont","25","22","3"
"1000000US500039712001015","Block 1015, Block Group 1, Census Tract 9712, Bennington County, Vermont","16","15","1"
"1000000US500039712001016","Block 1016, Block Group 1, Census Tract 9712, Bennington County, Vermont","26","23","3"
"1000000US500039712002000","Block 2000, Block Group 2, Census Tract 9712, Bennington County, Vermont","30","27","3"
"1000000US500039712002001","Block 2001, Block Group 2, Census Tract 9712, Bennington County, Vermont","0","0","0"
"1000000US500039712002002","Block 2002, Block Group 2, Census Tract 9712, Bennington County, Vermont","7","7","0"
"1000000US500039712002003","Block 2003, Block Group 2, Census Tract 9712, Bennington County, Vermont","4","4","0"
"1000000US500039712002004","Block 2004, Block Group 2, Census Tract 9712, Bennington County, Vermont","0","0","0"
"1000000US500039712002005","Block 2005, Block Group 2, Census Tract 9712, Bennington County, Vermont","0","0","0"
"1000000US500039712002006","Block 2006, Block Group 2, Census Tract 9712, Bennington County, Vermont","0","0","0"
"1000000US500039712002007","Block 2007, Block Group 2, Census Tract 9712, Bennington County, Vermont","4","4","0"
"1000000US500039712002008","Block 2008, Block Group 2, Census Tract 9712, Bennington County, Vermont","37","35","2"
"1000000US500039712002009","Block 2009, Block Group 2, Census Tract 9712, Bennington County, Vermont","27","27","0"
"1000000US500039712002010","Block 2010, Block Group 2, Census Tract 9712, Bennington County, Vermont","38","34","4"
"1000000US500039712002011","Block 2011, Block Group 2, Census Tract 9712, Bennington County, Vermont","27","24","3"
"1000000US500039712002012","Block 2012, Block Group 2, Census Tract 9712, Bennington County, Vermont","33","31","2"
"1000000US500039712002013","Block 2013, Block Group 2, Census Tract 9712, Bennington County, Vermont","26","25","1"
"1000000US500039712002014","Block 2014, Block Group 2, Census Tract 9712, Bennington County, Vermont","21","19","2"
"1000000US500039712002015","Block 2015, Block Group 2, Census Tract 9712, Bennington County, Vermont","32","31","1"
"1000000US500039712002016","Block 2016, Block Group 2, Census Tract 9712, Bennington County, Vermont","11","9","2"
"1000000US500039712002017","Block 2017, Block Group 2, Census Tract 9712, Bennington County, Vermont","13","12","1"
"1000000US500039712002018","Block 2018, Block Group 2, Census Tract 9712, Bennington County, Vermont","14","14","0"
"1000000US500039712002019","Block 2019, Block Group 2, Census Tract 9712, Bennington County, Vermont","52","46","6"
"1000000US500039712002020","Block 2020, Block Group 2, Census Tract 9712, Bennington County, Vermont","54","51","3"
"1000000US500039712002021","Block 2021, Block Group 2, Census Tract 9712, Bennington County, Vermont","49","48","1"
"1000000US500039712002022","Block 2022, Block Group 2, Census Tract 9712, Bennington County, Vermont","9","9","0"
"1000000US500039712002023","Block 2023, Block Group 2, Census Tract 9712, Bennington County, Vermont","0","0","0"
"1000000US500039712003000","Block 3000, Block Group 3, Census Tract 9712, Bennington County, Vermont","0","0","0"
"1000000US500039712003001","Block 3001, Block Group 3, Census Tract 9712, Bennington County, Vermont","10","10","0"
"1000000US500039712003002","Block 3002, Block Group 3, Census Tract 9712, Bennington County, Vermont","0","0","0"
"1000000US500039712003003","Block 3003, Block Group 3, Census Tract 9712, Bennington County, Vermont","0","0","0"
"1000000US500039712003004","Block 3004, Block Group 3, Census Tract 9712, Bennington County, Vermont","0","0","0"
"1000000US500039712003005","Block 3005, Block Group 3, Census Tract 9712, Bennington County, Vermont","0","0","0"
"1000000US500039712003006","Block 3006, Block Group 3, Census Tract 9712, Bennington County, Vermont","0","0","0"
"1000000US500039712003007","Block 3007, Block Group 3, Census Tract 9712, Bennington County, Vermont","0","0","0"
"1000000US500039712003008","Block 3008, Block Group 3, Census Tract 9712, Bennington County, Vermont","0","0","0"
"1000000US500039712003009","Block 3009, Block Group 3, Census Tract 9712, Bennington County, Vermont","0","0","0"
"1000000US500039712003010","Block 3010, Block Group 3, Census Tract 9712, Bennington County, Vermont","0","0","0"
"1000000US500039712003011","Block 3011, Block Group 3, Census Tract 9712, Bennington County, Vermont","0","0","0"
"1000000US500039712003012","Block 3012, Block Group 3, Census Tract 9712, Bennington County, Vermont","0","0","0"
"1000000US500039712003013","Block 3013, Block Group 3, Census Tract 9712, Bennington County, Vermont","0","0","0"
"1000000US500039712003014","Block 3014, Block Group 3, Census Tract 9712, Bennington County, Vermont","0","0","0"
"1000000US500039712003015","Block 3015, Block Group 3, Census Tract 9712, Bennington County, Vermont","0","0","0"
"1000000US500039712003016","Block 3016, Block Group 3, Census Tract 9712, Bennington County, Vermont","0","0","0"
"1000000US500039712003017","Block 3017, Block Group 3, Census Tract 9712, Bennington County, Vermont","0","0","0"
"1000000US500039712003018","Block 3018, Block Group 3, Census Tract 9712, Bennington County, Vermont","0","0","0"
"1000000US500039712003019","Block 3019, Block Group 3, Census Tract 9712, Bennington County, Vermont","0","0","0"
"1000000US500039712003020","Block 3020, Block Group 3, Census Tract 9712, Bennington County, Vermont","1","1","0"
"1000000US500039712003021","Block 3021, Block Group 3, Census Tract 9712, Bennington County, Vermont","26","25","1"
"1000000US500039712003022","Block 3022, Block Group 3, Census Tract 9712, Bennington County, Vermont","0","0","0"
"1000000US500039712003023","Block 3023, Block Group 3, Census Tract 9712, Bennington County, Vermont","72","64","8"
"1000000US500039712003024","Block 3024, Block Group 3, Census Tract 9712, Bennington County, Vermont","13","10","3"
"1000000US500039712003025","Block 3025, Block Group 3, Census Tract 9712, Bennington County, Vermont","3","3","0"
"1000000US500039712003026","Block 3026, Block Group 3, Census Tract 9712, Bennington County, Vermont","73","65","8"
"1000000US500039712003027","Block 3027, Block Group 3, Census Tract 9712, Bennington County, Vermont","9","9","0"
"1000000US500039712003028","Block 3028, Block Group 3, Census Tract 9712, Bennington County, Vermont","8","7","1"
"1000000US500039712003029","Block 3029, Block Group 3, Census Tract 9712, Bennington County, Vermont","0","0","0"
"1000000US500039712003030","Block 3030, Block Group 3, Census Tract 9712, Bennington County, Vermont","0","0","0"
"1000000US500039712003031","Block 3031, Block Group 3, Census Tract 9712, Bennington County, Vermont","89","84","5"
"1000000US500039712003032","Block 3032, Block Group 3, Census Tract 9712, Bennington County, Vermont","23","20","3"
"1000000US500039712003033","Block 3033, Block Group 3, Census Tract 9712, Bennington County, Vermont","17","17","0"
"1000000US500039712003034","Block 3034, Block Group 3, Census Tract 9712, Bennington County, Vermont","24","21","3"
"1000000US500039712003035","Block 3035, Block Group 3, Census Tract 9712, Bennington County, Vermont","15","15","0"
"1000000US500039712003036","Block 3036, Block Group 3, Census Tract 9712, Bennington County, Vermont","20","18","2"
"1000000US500039712004000","Block 4000, Block Group 4, Census Tract 9712, Bennington County, Vermont","12","12","0"
"1000000US500039712004001","Block 4001, Block Group 4, Census Tract 9712, Bennington County, Vermont","37","35","2"
"1000000US500039712004002","Block 4002, Block Group 4, Census Tract 9712, Bennington County, Vermont","25","24","1"
"1000000US500039712004003","Block 4003, Block Group 4, Census Tract 9712, Bennington County, Vermont","34","30","4"
"1000000US500039712004004","Block 4004, Block Group 4, Census Tract 9712, Bennington County, Vermont","41","37","4"
"1000000US500039712004005","Block 4005, Block Group 4, Census Tract 9712, Bennington County, Vermont","5","5","0"
"1000000US500039712004006","Block 4006, Block Group 4, Census Tract 9712, Bennington County, Vermont","40","36","4"
"1000000US500039712004007","Block 4007, Block Group 4, Census Tract 9712, Bennington County, Vermont","16","15","1"
"1000000US500039712004008","Block 4008, Block Group 4, Census Tract 9712, Bennington County, Vermont","0","0","0"
"1000000US500039712004009","Block 4009, Block Group 4, Census Tract 9712, Bennington County, Vermont","33","27","6"
"1000000US500039712004010","Block 4010, Block Group 4, Census Tract 9712, Bennington County, Vermont","22","21","1"
"1000000US500039712004011","Block 4011, Block Group 4, Census Tract 9712, Bennington County, Vermont","56","54","2"
"1000000US500039712004012","Block 4012, Block Group 4, Census Tract 9712, Bennington County, Vermont","5","4","1"
"1000000US500039712004013","Block 4013, Block Group 4, Census Tract 9712, Bennington County, Vermont","5","2","3"
"1000000US500039712004014","Block 4014, Block Group 4, Census Tract 9712, Bennington County, Vermont","1","1","0"
"1000000US500039712005000","Block 5000, Block Group 5, Census Tract 9712, Bennington County, Vermont","11","11","0"
"1000000US500039712005001","Block 5001, Block Group 5, Census Tract 9712, Bennington County, Vermont","0","0","0"
"1000000US500039712005002","Block 5002, Block Group 5, Census Tract 9712, Bennington County, Vermont","24","23","1"
"1000000US500039712005003","Block 5003, Block Group 5, Census Tract 9712, Bennington County, Vermont","37","33","4"
"1000000US500039712005004","Block 5004, Block Group 5, Census Tract 9712, Bennington County, Vermont","4","0","4"
"1000000US500039712005005","Block 5005, Block Group 5, Census Tract 9712, Bennington County, Vermont","48","44","4"
"1000000US500039712005006","Block 5006, Block Group 5, Census Tract 9712, Bennington County, Vermont","0","0","0"
"1000000US500039712005007","Block 5007, Block Group 5, Census Tract 9712, Bennington County, Vermont","109","104","5"
"1000000US500039712005008","Block 5008, Block Group 5, Census Tract 9712, Bennington County, Vermont","25","24","1"
"1000000US500039712005009","Block 5009, Block Group 5, Census Tract 9712, Bennington County, Vermont","43","39","4"
"1000000US500039712005010","Block 5010, Block Group 5, Census Tract 9712, Bennington County, Vermont","28","24","4"
"1000000US500039712006000","Block 6000, Block Group 6, Census Tract 9712, Bennington County, Vermont","10","8","2"
"1000000US500039712006001","Block 6001, Block Group 6, Census Tract 9712, Bennington County, Vermont","72","61","11"
"1000000US500039712006002","Block 6002, Block Group 6, Census Tract 9712, Bennington County, Vermont","23","22","1"
"1000000US500039712006003","Block 6003, Block Group 6, Census Tract 9712, Bennington County, Vermont","55","53","2"
"1000000US500039712006004","Block 6004, Block Group 6, Census Tract 9712, Bennington County, Vermont","17","16","1"
"1000000US500039712006005","Block 6005, Block Group 6, Census Tract 9712, Bennington County, Vermont","33","28","5"
"1000000US500039712006006","Block 6006, Block Group 6, Census Tract 9712, Bennington County, Vermont","62","59","3"
"1000000US500039712006007","Block 6007, Block Group 6, Census Tract 9712, Bennington County, Vermont","62","51","11"
"1000000US500039712006008","Block 6008, Block Group 6, Census Tract 9712, Bennington County, Vermont","31","31","0"
"1000000US500039712006009","Block 6009, Block Group 6, Census Tract 9712, Bennington County, Vermont","0","0","0"
"1000000US500039712006010","Block 6010, Block Group 6, Census Tract 9712, Bennington County, Vermont","0","0","0"
"1000000US500039712006011","Block 6011, Block Group 6, Census Tract 9712, Bennington County, Vermont","10","10","0"
"1000000US500039712006012","Block 6012, Block Group 6, Census Tract 9712, Bennington County, Vermont","0","0","0"
"1000000US500039712006013","Block 6013, Block Group 6, Census Tract 9712, Bennington County, Vermont","104","97","7"
"1000000US500039712006014","Block 6014, Block Group 6, Census Tract 9712, Bennington County, Vermont","5","5","0"
"1000000US500039712006015","Block 6015, Block Group 6, Census Tract 9712, Bennington County, Vermont","24","22","2"
"1000000US500039712006016","Block 6016, Block Group 6, Census Tract 9712, Bennington County, Vermont","7","6","1"
"1000000US500039712006017","Block 6017, Block Group 6, Census Tract 9712, Bennington County, Vermont","35","32","3"
"1000000US500039712006018","Block 6018, Block Group 6, Census Tract 9712, Bennington County, Vermont","26","23","3"
"1000000US500039712006019","Block 6019, Block Group 6, Census Tract 9712, Bennington County, Vermont","20","20","0"
"1000000US500039712006020","Block 6020, Block Group 6, Census Tract 9712, Bennington County, Vermont","17","16","1"
"1000000US500039712006021","Block 6021, Block Group 6, Census Tract 9712, Bennington County, Vermont","6","5","1"
"1000000US500039712006022","Block 6022, Block Group 6, Census Tract 9712, Bennington County, Vermont","6","6","0"
"1000000US500039713001000","Block 1000, Block Group 1, Census Tract 9713, Bennington County, Vermont","40","39","1"
"1000000US500039713001001","Block 1001, Block Group 1, Census Tract 9713, Bennington County, Vermont","6","6","0"
"1000000US500039713001002","Block 1002, Block Group 1, Census Tract 9713, Bennington County, Vermont","3","3","0"
"1000000US500039713001003","Block 1003, Block Group 1, Census Tract 9713, Bennington County, Vermont","20","19","1"
"1000000US500039713001004","Block 1004, Block Group 1, Census Tract 9713, Bennington County, Vermont","57","51","6"
"1000000US500039713001005","Block 1005, Block Group 1, Census Tract 9713, Bennington County, Vermont","3","3","0"
"1000000US500039713001006","Block 1006, Block Group 1, Census Tract 9713, Bennington County, Vermont","0","0","0"
"1000000US500039713001007","Block 1007, Block Group 1, Census Tract 9713, Bennington County, Vermont","1","1","0"
"1000000US500039713001008","Block 1008, Block Group 1, Census Tract 9713, Bennington County, Vermont","10","10","0"
"1000000US500039713001009","Block 1009, Block Group 1, Census Tract 9713, Bennington County, Vermont","13","12","1"
"1000000US500039713001010","Block 1010, Block Group 1, Census Tract 9713, Bennington County, Vermont","9","8","1"
"1000000US500039713001011","Block 1011, Block Group 1, Census Tract 9713, Bennington County, Vermont","26","25","1"
"1000000US500039713001012","Block 1012, Block Group 1, Census Tract 9713, Bennington County, Vermont","0","0","0"
"1000000US500039713001013","Block 1013, Block Group 1, Census Tract 9713, Bennington County, Vermont","4","3","1"
"1000000US500039713001014","Block 1014, Block Group 1, Census Tract 9713, Bennington County, Vermont","0","0","0"
"1000000US500039713001015","Block 1015, Block Group 1, Census Tract 9713, Bennington County, Vermont","6","5","1"
"1000000US500039713001016","Block 1016, Block Group 1, Census Tract 9713, Bennington County, Vermont","35","34","1"
"1000000US500039713001017","Block 1017, Block Group 1, Census Tract 9713, Bennington County, Vermont","31","30","1"
"1000000US500039713001018","Block 1018, Block Group 1, Census Tract 9713, Bennington County, Vermont","0","0","0"
"1000000US500039713001019","Block 1019, Block Group 1, Census Tract 9713, Bennington County, Vermont","6","5","1"
"1000000US500039713001020","Block 1020, Block Group 1, Census Tract 9713, Bennington County, Vermont","6","6","0"
"1000000US500039713001021","Block 1021, Block Group 1, Census Tract 9713, Bennington County, Vermont","2","2","0"
"1000000US500039713001022","Block 1022, Block Group 1, Census Tract 9713, Bennington County, Vermont","7","7","0"
"1000000US500039713001023","Block 1023, Block Group 1, Census Tract 9713, Bennington County, Vermont","2","2","0"
"1000000US500039713001024","Block 1024, Block Group 1, Census Tract 9713, Bennington County, Vermont","30","26","4"
"1000000US500039713001025","Block 1025, Block Group 1, Census Tract 9713, Bennington County, Vermont","94","86","8"
"1000000US500039713001026","Block 1026, Block Group 1, Census Tract 9713, Bennington County, Vermont","5","5","0"
"1000000US500039713001027","Block 1027, Block Group 1, Census Tract 9713, Bennington County, Vermont","2","2","0"
"1000000US500039713001028","Block 1028, Block Group 1, Census Tract 9713, Bennington County, Vermont","5","5","0"
"1000000US500039713001029","Block 1029, Block Group 1, Census Tract 9713, Bennington County, Vermont","0","0","0"
"1000000US500039713001030","Block 1030, Block Group 1, Census Tract 9713, Bennington County, Vermont","7","5","2"
"1000000US500039713001031","Block 1031, Block Group 1, Census Tract 9713, Bennington County, Vermont","2","2","0"
"1000000US500039713001032","Block 1032, Block Group 1, Census Tract 9713, Bennington County, Vermont","4","4","0"
"1000000US500039713001033","Block 1033, Block Group 1, Census Tract 9713, Bennington County, Vermont","4","4","0"
"1000000US500039713001034","Block 1034, Block Group 1, Census Tract 9713, Bennington County, Vermont","0","0","0"
"1000000US500039713001035","Block 1035, Block Group 1, Census Tract 9713, Bennington County, Vermont","4","4","0"
"1000000US500039713001036","Block 1036, Block Group 1, Census Tract 9713, Bennington County, Vermont","22","20","2"
"1000000US500039713001037","Block 1037, Block Group 1, Census Tract 9713, Bennington County, Vermont","12","12","0"
"1000000US500039713001038","Block 1038, Block Group 1, Census Tract 9713, Bennington County, Vermont","23","16","7"
"1000000US500039713001039","Block 1039, Block Group 1, Census Tract 9713, Bennington County, Vermont","2","2","0"
"1000000US500039713001040","Block 1040, Block Group 1, Census Tract 9713, Bennington County, Vermont","19","18","1"
"1000000US500039713001041","Block 1041, Block Group 1, Census Tract 9713, Bennington County, Vermont","58","52","6"
"1000000US500039713001042","Block 1042, Block Group 1, Census Tract 9713, Bennington County, Vermont","20","19","1"
"1000000US500039713001043","Block 1043, Block Group 1, Census Tract 9713, Bennington County, Vermont","71","67","4"
"1000000US500039713001044","Block 1044, Block Group 1, Census Tract 9713, Bennington County, Vermont","2","1","1"
"1000000US500039713001045","Block 1045, Block Group 1, Census Tract 9713, Bennington County, Vermont","0","0","0"
"1000000US500039713001046","Block 1046, Block Group 1, Census Tract 9713, Bennington County, Vermont","0","0","0"
"1000000US500039713002000","Block 2000, Block Group 2, Census Tract 9713, Bennington County, Vermont","30","27","3"
"1000000US500039713002001","Block 2001, Block Group 2, Census Tract 9713, Bennington County, Vermont","2","2","0"
"1000000US500039713002002","Block 2002, Block Group 2, Census Tract 9713, Bennington County, Vermont","0","0","0"
"1000000US500039713002003","Block 2003, Block Group 2, Census Tract 9713, Bennington County, Vermont","14","12","2"
"1000000US500039713002004","Block 2004, Block Group 2, Census Tract 9713, Bennington County, Vermont","14","8","6"
"1000000US500039713002005","Block 2005, Block Group 2, Census Tract 9713, Bennington County, Vermont","0","0","0"
"1000000US500039713002006","Block 2006, Block Group 2, Census Tract 9713, Bennington County, Vermont","6","5","1"
"1000000US500039713002007","Block 2007, Block Group 2, Census Tract 9713, Bennington County, Vermont","1","1","0"
"1000000US500039713002008","Block 2008, Block Group 2, Census Tract 9713, Bennington County, Vermont","1","1","0"
"1000000US500039713002009","Block 2009, Block Group 2, Census Tract 9713, Bennington County, Vermont","1","1","0"
"1000000US500039713002010","Block 2010, Block Group 2, Census Tract 9713, Bennington County, Vermont","2","2","0"
"1000000US500039713002011","Block 2011, Block Group 2, Census Tract 9713, Bennington County, Vermont","0","0","0"
"1000000US500039713002012","Block 2012, Block Group 2, Census Tract 9713, Bennington County, Vermont","2","1","1"
"1000000US500039713002013","Block 2013, Block Group 2, Census Tract 9713, Bennington County, Vermont","17","16","1"
"1000000US500039713002014","Block 2014, Block Group 2, Census Tract 9713, Bennington County, Vermont","0","0","0"
"1000000US500039713002015","Block 2015, Block Group 2, Census Tract 9713, Bennington County, Vermont","0","0","0"
"1000000US500039713002016","Block 2016, Block Group 2, Census Tract 9713, Bennington County, Vermont","3","2","1"
"1000000US500039713002017","Block 2017, Block Group 2, Census Tract 9713, Bennington County, Vermont","55","53","2"
"1000000US500039713002018","Block 2018, Block Group 2, Census Tract 9713, Bennington County, Vermont","11","10","1"
"1000000US500039713002019","Block 2019, Block Group 2, Census Tract 9713, Bennington County, Vermont","14","8","6"
"1000000US500039713002020","Block 2020, Block Group 2, Census Tract 9713, Bennington County, Vermont","2","2","0"
"1000000US500039713002021","Block 2021, Block Group 2, Census Tract 9713, Bennington County, Vermont","1","1","0"
"1000000US500039713002022","Block 2022, Block Group 2, Census Tract 9713, Bennington County, Vermont","2","1","1"
"1000000US500039713002023","Block 2023, Block Group 2, Census Tract 9713, Bennington County, Vermont","4","3","1"
"1000000US500039713002024","Block 2024, Block Group 2, Census Tract 9713, Bennington County, Vermont","7","7","0"
"1000000US500039713002025","Block 2025, Block Group 2, Census Tract 9713, Bennington County, Vermont","41","35","6"
"1000000US500039713002026","Block 2026, Block Group 2, Census Tract 9713, Bennington County, Vermont","20","18","2"
"1000000US500039713002027","Block 2027, Block Group 2, Census Tract 9713, Bennington County, Vermont","2","2","0"
"1000000US500039713002028","Block 2028, Block Group 2, Census Tract 9713, Bennington County, Vermont","0","0","0"
"1000000US500039713002029","Block 2029, Block Group 2, Census Tract 9713, Bennington County, Vermont","17","14","3"
"1000000US500039713002030","Block 2030, Block Group 2, Census Tract 9713, Bennington County, Vermont","19","17","2"
"1000000US500039713002031","Block 2031, Block Group 2, Census Tract 9713, Bennington County, Vermont","0","0","0"
"1000000US500039713002032","Block 2032, Block Group 2, Census Tract 9713, Bennington County, Vermont","2","2","0"
"1000000US500039713002033","Block 2033, Block Group 2, Census Tract 9713, Bennington County, Vermont","5","4","1"
"1000000US500039713002034","Block 2034, Block Group 2, Census Tract 9713, Bennington County, Vermont","54","49","5"
"1000000US500039713002035","Block 2035, Block Group 2, Census Tract 9713, Bennington County, Vermont","0","0","0"
"1000000US500039713002036","Block 2036, Block Group 2, Census Tract 9713, Bennington County, Vermont","12","11","1"
"1000000US500039713002037","Block 2037, Block Group 2, Census Tract 9713, Bennington County, Vermont","14","12","2"
"1000000US500039713002038","Block 2038, Block Group 2, Census Tract 9713, Bennington County, Vermont","1","1","0"
"1000000US500039713002039","Block 2039, Block Group 2, Census Tract 9713, Bennington County, Vermont","4","3","1"
"1000000US500039713002040","Block 2040, Block Group 2, Census Tract 9713, Bennington County, Vermont","6","6","0"
"1000000US500039713002041","Block 2041, Block Group 2, Census Tract 9713, Bennington County, Vermont","8","5","3"
"1000000US500039713002042","Block 2042, Block Group 2, Census Tract 9713, Bennington County, Vermont","30","25","5"
"1000000US500039713002043","Block 2043, Block Group 2, Census Tract 9713, Bennington County, Vermont","20","16","4"
"1000000US500039713002044","Block 2044, Block Group 2, Census Tract 9713, Bennington County, Vermont","0","0","0"
"1000000US500039713002045","Block 2045, Block Group 2, Census Tract 9713, Bennington County, Vermont","5","5","0"
"1000000US500039713002046","Block 2046, Block Group 2, Census Tract 9713, Bennington County, Vermont","0","0","0"
"1000000US500039713002047","Block 2047, Block Group 2, Census Tract 9713, Bennington County, Vermont","0","0","0"
"1000000US500039713003000","Block 3000, Block Group 3, Census Tract 9713, Bennington County, Vermont","55","31","24"
"1000000US500039713003001","Block 3001, Block Group 3, Census Tract 9713, Bennington County, Vermont","0","0","0"
"1000000US500039713003002","Block 3002, Block Group 3, Census Tract 9713, Bennington County, Vermont","2","1","1"
"1000000US500039713003003","Block 3003, Block Group 3, Census Tract 9713, Bennington County, Vermont","1","0","1"
"1000000US500039713003004","Block 3004, Block Group 3, Census Tract 9713, Bennington County, Vermont","3","3","0"
"1000000US500039713003005","Block 3005, Block Group 3, Census Tract 9713, Bennington County, Vermont","0","0","0"
"1000000US500039713003006","Block 3006, Block Group 3, Census Tract 9713, Bennington County, Vermont","0","0","0"
"1000000US500039713003007","Block 3007, Block Group 3, Census Tract 9713, Bennington County, Vermont","105","93","12"
"1000000US500039713003008","Block 3008, Block Group 3, Census Tract 9713, Bennington County, Vermont","1","0","1"
"1000000US500039713003009","Block 3009, Block Group 3, Census Tract 9713, Bennington County, Vermont","2","2","0"
"1000000US500039713003010","Block 3010, Block Group 3, Census Tract 9713, Bennington County, Vermont","0","0","0"
"1000000US500039713003011","Block 3011, Block Group 3, Census Tract 9713, Bennington County, Vermont","1","1","0"
"1000000US500039713003012","Block 3012, Block Group 3, Census Tract 9713, Bennington County, Vermont","0","0","0"
"1000000US500039713003013","Block 3013, Block Group 3, Census Tract 9713, Bennington County, Vermont","0","0","0"
"1000000US500039713003014","Block 3014, Block Group 3, Census Tract 9713, Bennington County, Vermont","0","0","0"
"1000000US500039713003015","Block 3015, Block Group 3, Census Tract 9713, Bennington County, Vermont","5","4","1"
"1000000US500039713003016","Block 3016, Block Group 3, Census Tract 9713, Bennington County, Vermont","0","0","0"
"1000000US500039713003017","Block 3017, Block Group 3, Census Tract 9713, Bennington County, Vermont","4","2","2"
"1000000US500039713003018","Block 3018, Block Group 3, Census Tract 9713, Bennington County, Vermont","2","2","0"
"1000000US500039713003019","Block 3019, Block Group 3, Census Tract 9713, Bennington County, Vermont","3","3","0"
"1000000US500039713003020","Block 3020, Block Group 3, Census Tract 9713, Bennington County, Vermont","0","0","0"
"1000000US500039713003021","Block 3021, Block Group 3, Census Tract 9713, Bennington County, Vermont","45","41","4"
"1000000US500039713003022","Block 3022, Block Group 3, Census Tract 9713, Bennington County, Vermont","5","5","0"
"1000000US500039713003023","Block 3023, Block Group 3, Census Tract 9713, Bennington County, Vermont","17","16","1"
"1000000US500039713003024","Block 3024, Block Group 3, Census Tract 9713, Bennington County, Vermont","2","1","1"
"1000000US500039713003025","Block 3025, Block Group 3, Census Tract 9713, Bennington County, Vermont","9","7","2"
"1000000US500039713003026","Block 3026, Block Group 3, Census Tract 9713, Bennington County, Vermont","15","14","1"
"1000000US500039713003027","Block 3027, Block Group 3, Census Tract 9713, Bennington County, Vermont","0","0","0"
"1000000US500039713003028","Block 3028, Block Group 3, Census Tract 9713, Bennington County, Vermont","5","3","2"
"1000000US500039713003029","Block 3029, Block Group 3, Census Tract 9713, Bennington County, Vermont","11","9","2"
"1000000US500039713003030","Block 3030, Block Group 3, Census Tract 9713, Bennington County, Vermont","2","2","0"
"1000000US500039713003031","Block 3031, Block Group 3, Census Tract 9713, Bennington County, Vermont","0","0","0"
"1000000US500039713003032","Block 3032, Block Group 3, Census Tract 9713, Bennington County, Vermont","0","0","0"
"1000000US500039713003033","Block 3033, Block Group 3, Census Tract 9713, Bennington County, Vermont","0","0","0"
"1000000US500039713003034","Block 3034, Block Group 3, Census Tract 9713, Bennington County, Vermont","0","0","0"
"1000000US500039713003035","Block 3035, Block Group 3, Census Tract 9713, Bennington County, Vermont","0","0","0"
"1000000US500039713003036","Block 3036, Block Group 3, Census Tract 9713, Bennington County, Vermont","8","7","1"
"1000000US500039713003037","Block 3037, Block Group 3, Census Tract 9713, Bennington County, Vermont","0","0","0"
"1000000US500039713003038","Block 3038, Block Group 3, Census Tract 9713, Bennington County, Vermont","0","0","0"
"1000000US500039713003039","Block 3039, Block Group 3, Census Tract 9713, Bennington County, Vermont","0","0","0"
"1000000US500039713003040","Block 3040, Block Group 3, Census Tract 9713, Bennington County, Vermont","0","0","0"
"1000000US500039713003041","Block 3041, Block Group 3, Census Tract 9713, Bennington County, Vermont","0","0","0"
"1000000US500039713003042","Block 3042, Block Group 3, Census Tract 9713, Bennington County, Vermont","0","0","0"
"1000000US500039713003043","Block 3043, Block Group 3, Census Tract 9713, Bennington County, Vermont","40","35","5"
"1000000US500039713003044","Block 3044, Block Group 3, Census Tract 9713, Bennington County, Vermont","0","0","0"
"1000000US500039713003045","Block 3045, Block Group 3, Census Tract 9713, Bennington County, Vermont","0","0","0"
"1000000US500039713003046","Block 3046, Block Group 3, Census Tract 9713, Bennington County, Vermont","0","0","0"
"1000000US500039713003047","Block 3047, Block Group 3, Census Tract 9713, Bennington County, Vermont","0","0","0"
"1000000US500039713003048","Block 3048, Block Group 3, Census Tract 9713, Bennington County, Vermont","0","0","0"
"1000000US500039713003049","Block 3049, Block Group 3, Census Tract 9713, Bennington County, Vermont","1","1","0"
"1000000US500039713003050","Block 3050, Block Group 3, Census Tract 9713, Bennington County, Vermont","0","0","0"
"1000000US500039713003051","Block 3051, Block Group 3, Census Tract 9713, Bennington County, Vermont","0","0","0"
"1000000US500039713003052","Block 3052, Block Group 3, Census Tract 9713, Bennington County, Vermont","0","0","0"
"1000000US500039713003053","Block 3053, Block Group 3, Census Tract 9713, Bennington County, Vermont","0","0","0"
"1000000US500039713003054","Block 3054, Block Group 3, Census Tract 9713, Bennington County, Vermont","0","0","0"
"1000000US500039713003055","Block 3055, Block Group 3, Census Tract 9713, Bennington County, Vermont","2","2","0"
"1000000US500039713003056","Block 3056, Block Group 3, Census Tract 9713, Bennington County, Vermont","29","28","1"
"1000000US500039713003057","Block 3057, Block Group 3, Census Tract 9713, Bennington County, Vermont","2","2","0"
"1000000US500039713003058","Block 3058, Block Group 3, Census Tract 9713, Bennington County, Vermont","3","3","0"
"1000000US500039713003059","Block 3059, Block Group 3, Census Tract 9713, Bennington County, Vermont","0","0","0"
"1000000US500039713003060","Block 3060, Block Group 3, Census Tract 9713, Bennington County, Vermont","56","53","3"
"1000000US500039713003061","Block 3061, Block Group 3, Census Tract 9713, Bennington County, Vermont","7","7","0"
"1000000US500039713003062","Block 3062, Block Group 3, Census Tract 9713, Bennington County, Vermont","0","0","0"
"1000000US500039713003063","Block 3063, Block Group 3, Census Tract 9713, Bennington County, Vermont","0","0","0"
"1000000US500039713003064","Block 3064, Block Group 3, Census Tract 9713, Bennington County, Vermont","0","0","0"
"1000000US500039713003065","Block 3065, Block Group 3, Census Tract 9713, Bennington County, Vermont","12","11","1"
"1000000US500039713003066","Block 3066, Block Group 3, Census Tract 9713, Bennington County, Vermont","3","3","0"
"1000000US500039713003067","Block 3067, Block Group 3, Census Tract 9713, Bennington County, Vermont","0","0","0"
"1000000US500039713003068","Block 3068, Block Group 3, Census Tract 9713, Bennington County, Vermont","5","3","2"
"1000000US500039713003069","Block 3069, Block Group 3, Census Tract 9713, Bennington County, Vermont","29","25","4"
"1000000US500039713003070","Block 3070, Block Group 3, Census Tract 9713, Bennington County, Vermont","0","0","0"
"1000000US500039713003071","Block 3071, Block Group 3, Census Tract 9713, Bennington County, Vermont","0","0","0"
"1000000US500059570001000","Block 1000, Block Group 1, Census Tract 9570, Caledonia County, Vermont","1","0","1"
"1000000US500059570001001","Block 1001, Block Group 1, Census Tract 9570, Caledonia County, Vermont","4","2","2"
"1000000US500059570001002","Block 1002, Block Group 1, Census Tract 9570, Caledonia County, Vermont","77","23","54"
"1000000US500059570001003","Block 1003, Block Group 1, Census Tract 9570, Caledonia County, Vermont","2","0","2"
"1000000US500059570001004","Block 1004, Block Group 1, Census Tract 9570, Caledonia County, Vermont","63","15","48"
"1000000US500059570001005","Block 1005, Block Group 1, Census Tract 9570, Caledonia County, Vermont","12","9","3"
"1000000US500059570001006","Block 1006, Block Group 1, Census Tract 9570, Caledonia County, Vermont","0","0","0"
"1000000US500059570001007","Block 1007, Block Group 1, Census Tract 9570, Caledonia County, Vermont","4","1","3"
"1000000US500059570001008","Block 1008, Block Group 1, Census Tract 9570, Caledonia County, Vermont","7","5","2"
"1000000US500059570001009","Block 1009, Block Group 1, Census Tract 9570, Caledonia County, Vermont","0","0","0"
"1000000US500059570001010","Block 1010, Block Group 1, Census Tract 9570, Caledonia County, Vermont","4","2","2"
"1000000US500059570001011","Block 1011, Block Group 1, Census Tract 9570, Caledonia County, Vermont","1","0","1"
"1000000US500059570001012","Block 1012, Block Group 1, Census Tract 9570, Caledonia County, Vermont","0","0","0"
"1000000US500059570001013","Block 1013, Block Group 1, Census Tract 9570, Caledonia County, Vermont","0","0","0"
"1000000US500059570001014","Block 1014, Block Group 1, Census Tract 9570, Caledonia County, Vermont","0","0","0"
"1000000US500059570001015","Block 1015, Block Group 1, Census Tract 9570, Caledonia County, Vermont","2","0","2"
"1000000US500059570001016","Block 1016, Block Group 1, Census Tract 9570, Caledonia County, Vermont","22","8","14"
"1000000US500059570001017","Block 1017, Block Group 1, Census Tract 9570, Caledonia County, Vermont","1","0","1"
"1000000US500059570001018","Block 1018, Block Group 1, Census Tract 9570, Caledonia County, Vermont","4","1","3"
"1000000US500059570001019","Block 1019, Block Group 1, Census Tract 9570, Caledonia County, Vermont","10","3","7"
"1000000US500059570001020","Block 1020, Block Group 1, Census Tract 9570, Caledonia County, Vermont","0","0","0"
"1000000US500059570001021","Block 1021, Block Group 1, Census Tract 9570, Caledonia County, Vermont","17","13","4"
"1000000US500059570001022","Block 1022, Block Group 1, Census Tract 9570, Caledonia County, Vermont","0","0","0"
"1000000US500059570001023","Block 1023, Block Group 1, Census Tract 9570, Caledonia County, Vermont","0","0","0"
"1000000US500059570001024","Block 1024, Block Group 1, Census Tract 9570, Caledonia County, Vermont","17","10","7"
"1000000US500059570001025","Block 1025, Block Group 1, Census Tract 9570, Caledonia County, Vermont","35","13","22"
"1000000US500059570001026","Block 1026, Block Group 1, Census Tract 9570, Caledonia County, Vermont","0","0","0"
"1000000US500059570001027","Block 1027, Block Group 1, Census Tract 9570, Caledonia County, Vermont","0","0","0"
"1000000US500059570001028","Block 1028, Block Group 1, Census Tract 9570, Caledonia County, Vermont","2","1","1"
"1000000US500059570001029","Block 1029, Block Group 1, Census Tract 9570, Caledonia County, Vermont","0","0","0"
"1000000US500059570001030","Block 1030, Block Group 1, Census Tract 9570, Caledonia County, Vermont","8","6","2"
"1000000US500059570001031","Block 1031, Block Group 1, Census Tract 9570, Caledonia County, Vermont","40","32","8"
"1000000US500059570001032","Block 1032, Block Group 1, Census Tract 9570, Caledonia County, Vermont","25","16","9"
"1000000US500059570001033","Block 1033, Block Group 1, Census Tract 9570, Caledonia County, Vermont","109","37","72"
"1000000US500059570001034","Block 1034, Block Group 1, Census Tract 9570, Caledonia County, Vermont","1","1","0"
"1000000US500059570001035","Block 1035, Block Group 1, Census Tract 9570, Caledonia County, Vermont","0","0","0"
"1000000US500059570001036","Block 1036, Block Group 1, Census Tract 9570, Caledonia County, Vermont","8","0","8"
"1000000US500059570001037","Block 1037, Block Group 1, Census Tract 9570, Caledonia County, Vermont","2","1","1"
"1000000US500059570001038","Block 1038, Block Group 1, Census Tract 9570, Caledonia County, Vermont","9","2","7"
"1000000US500059570001039","Block 1039, Block Group 1, Census Tract 9570, Caledonia County, Vermont","0","0","0"
"1000000US500059570001040","Block 1040, Block Group 1, Census Tract 9570, Caledonia County, Vermont","10","9","1"
"1000000US500059570001041","Block 1041, Block Group 1, Census Tract 9570, Caledonia County, Vermont","10","6","4"
"1000000US500059570001042","Block 1042, Block Group 1, Census Tract 9570, Caledonia County, Vermont","18","13","5"
"1000000US500059570001043","Block 1043, Block Group 1, Census Tract 9570, Caledonia County, Vermont","4","4","0"
"1000000US500059570001044","Block 1044, Block Group 1, Census Tract 9570, Caledonia County, Vermont","0","0","0"
"1000000US500059570001045","Block 1045, Block Group 1, Census Tract 9570, Caledonia County, Vermont","0","0","0"
"1000000US500059570001046","Block 1046, Block Group 1, Census Tract 9570, Caledonia County, Vermont","2","0","2"
"1000000US500059570001047","Block 1047, Block Group 1, Census Tract 9570, Caledonia County, Vermont","1","0","1"
"1000000US500059570001048","Block 1048, Block Group 1, Census Tract 9570, Caledonia County, Vermont","22","20","2"
"1000000US500059570001049","Block 1049, Block Group 1, Census Tract 9570, Caledonia County, Vermont","2","1","1"
"1000000US500059570001050","Block 1050, Block Group 1, Census Tract 9570, Caledonia County, Vermont","8","8","0"
"1000000US500059570001051","Block 1051, Block Group 1, Census Tract 9570, Caledonia County, Vermont","0","0","0"
"1000000US500059570001052","Block 1052, Block Group 1, Census Tract 9570, Caledonia County, Vermont","0","0","0"
"1000000US500059570001053","Block 1053, Block Group 1, Census Tract 9570, Caledonia County, Vermont","0","0","0"
"1000000US500059570001054","Block 1054, Block Group 1, Census Tract 9570, Caledonia County, Vermont","9","8","1"
"1000000US500059570001055","Block 1055, Block Group 1, Census Tract 9570, Caledonia County, Vermont","28","19","9"
"1000000US500059570001056","Block 1056, Block Group 1, Census Tract 9570, Caledonia County, Vermont","0","0","0"
"1000000US500059570001057","Block 1057, Block Group 1, Census Tract 9570, Caledonia County, Vermont","7","6","1"
"1000000US500059570001058","Block 1058, Block Group 1, Census Tract 9570, Caledonia County, Vermont","0","0","0"
"1000000US500059570001059","Block 1059, Block Group 1, Census Tract 9570, Caledonia County, Vermont","0","0","0"
"1000000US500059570001060","Block 1060, Block Group 1, Census Tract 9570, Caledonia County, Vermont","0","0","0"
"1000000US500059570001061","Block 1061, Block Group 1, Census Tract 9570, Caledonia County, Vermont","0","0","0"
"1000000US500059570001062","Block 1062, Block Group 1, Census Tract 9570, Caledonia County, Vermont","0","0","0"
"1000000US500059570001063","Block 1063, Block Group 1, Census Tract 9570, Caledonia County, Vermont","0","0","0"
"1000000US500059570001064","Block 1064, Block Group 1, Census Tract 9570, Caledonia County, Vermont","2","2","0"
"1000000US500059570001065","Block 1065, Block Group 1, Census Tract 9570, Caledonia County, Vermont","0","0","0"
"1000000US500059570001066","Block 1066, Block Group 1, Census Tract 9570, Caledonia County, Vermont","0","0","0"
"1000000US500059570001067","Block 1067, Block Group 1, Census Tract 9570, Caledonia County, Vermont","1","0","1"
"1000000US500059570001068","Block 1068, Block Group 1, Census Tract 9570, Caledonia County, Vermont","1","0","1"
"1000000US500059570001069","Block 1069, Block Group 1, Census Tract 9570, Caledonia County, Vermont","0","0","0"
"1000000US500059570001070","Block 1070, Block Group 1, Census Tract 9570, Caledonia County, Vermont","2","2","0"
"1000000US500059570001071","Block 1071, Block Group 1, Census Tract 9570, Caledonia County, Vermont","12","10","2"
"1000000US500059570001072","Block 1072, Block Group 1, Census Tract 9570, Caledonia County, Vermont","1","0","1"
"1000000US500059570001073","Block 1073, Block Group 1, Census Tract 9570, Caledonia County, Vermont","13","8","5"
"1000000US500059570001074","Block 1074, Block Group 1, Census Tract 9570, Caledonia County, Vermont","17","13","4"
"1000000US500059570001075","Block 1075, Block Group 1, Census Tract 9570, Caledonia County, Vermont","0","0","0"
"1000000US500059570001076","Block 1076, Block Group 1, Census Tract 9570, Caledonia County, Vermont","20","17","3"
"1000000US500059570001077","Block 1077, Block Group 1, Census Tract 9570, Caledonia County, Vermont","14","10","4"
"1000000US500059570001078","Block 1078, Block Group 1, Census Tract 9570, Caledonia County, Vermont","13","13","0"
"1000000US500059570001079","Block 1079, Block Group 1, Census Tract 9570, Caledonia County, Vermont","0","0","0"
"1000000US500059570001080","Block 1080, Block Group 1, Census Tract 9570, Caledonia County, Vermont","25","10","15"
"1000000US500059570001081","Block 1081, Block Group 1, Census Tract 9570, Caledonia County, Vermont","0","0","0"
"1000000US500059570001082","Block 1082, Block Group 1, Census Tract 9570, Caledonia County, Vermont","38","29","9"
"1000000US500059570001083","Block 1083, Block Group 1, Census Tract 9570, Caledonia County, Vermont","1","1","0"
"1000000US500059570001084","Block 1084, Block Group 1, Census Tract 9570, Caledonia County, Vermont","0","0","0"
"1000000US500059570001085","Block 1085, Block Group 1, Census Tract 9570, Caledonia County, Vermont","4","3","1"
"1000000US500059570001086","Block 1086, Block Group 1, Census Tract 9570, Caledonia County, Vermont","0","0","0"
"1000000US500059570001087","Block 1087, Block Group 1, Census Tract 9570, Caledonia County, Vermont","9","9","0"
"1000000US500059570001088","Block 1088, Block Group 1, Census Tract 9570, Caledonia County, Vermont","3","3","0"
"1000000US500059570001089","Block 1089, Block Group 1, Census Tract 9570, Caledonia County, Vermont","8","7","1"
"1000000US500059570001090","Block 1090, Block Group 1, Census Tract 9570, Caledonia County, Vermont","13","10","3"
"1000000US500059570001091","Block 1091, Block Group 1, Census Tract 9570, Caledonia County, Vermont","16","15","1"
"1000000US500059570001092","Block 1092, Block Group 1, Census Tract 9570, Caledonia County, Vermont","11","10","1"
"1000000US500059570001093","Block 1093, Block Group 1, Census Tract 9570, Caledonia County, Vermont","0","0","0"
"1000000US500059570001094","Block 1094, Block Group 1, Census Tract 9570, Caledonia County, Vermont","12","11","1"
"1000000US500059570001095","Block 1095, Block Group 1, Census Tract 9570, Caledonia County, Vermont","15","12","3"
"1000000US500059570001096","Block 1096, Block Group 1, Census Tract 9570, Caledonia County, Vermont","1","1","0"
"1000000US500059570001097","Block 1097, Block Group 1, Census Tract 9570, Caledonia County, Vermont","10","10","0"
"1000000US500059570001098","Block 1098, Block Group 1, Census Tract 9570, Caledonia County, Vermont","12","9","3"
"1000000US500059570001099","Block 1099, Block Group 1, Census Tract 9570, Caledonia County, Vermont","3","2","1"
"1000000US500059570001100","Block 1100, Block Group 1, Census Tract 9570, Caledonia County, Vermont","2","2","0"
"1000000US500059570001101","Block 1101, Block Group 1, Census Tract 9570, Caledonia County, Vermont","1","1","0"
"1000000US500059570001102","Block 1102, Block Group 1, Census Tract 9570, Caledonia County, Vermont","0","0","0"
"1000000US500059570001103","Block 1103, Block Group 1, Census Tract 9570, Caledonia County, Vermont","29","28","1"
"1000000US500059570001104","Block 1104, Block Group 1, Census Tract 9570, Caledonia County, Vermont","0","0","0"
"1000000US500059570001105","Block 1105, Block Group 1, Census Tract 9570, Caledonia County, Vermont","0","0","0"
"1000000US500059570001106","Block 1106, Block Group 1, Census Tract 9570, Caledonia County, Vermont","0","0","0"
"1000000US500059570001107","Block 1107, Block Group 1, Census Tract 9570, Caledonia County, Vermont","5","5","0"
"1000000US500059570001108","Block 1108, Block Group 1, Census Tract 9570, Caledonia County, Vermont","6","6","0"
"1000000US500059570001109","Block 1109, Block Group 1, Census Tract 9570, Caledonia County, Vermont","0","0","0"
"1000000US500059570001110","Block 1110, Block Group 1, Census Tract 9570, Caledonia County, Vermont","2","2","0"
"1000000US500059570001111","Block 1111, Block Group 1, Census Tract 9570, Caledonia County, Vermont","5","5","0"
"1000000US500059570001112","Block 1112, Block Group 1, Census Tract 9570, Caledonia County, Vermont","0","0","0"
"1000000US500059570001113","Block 1113, Block Group 1, Census Tract 9570, Caledonia County, Vermont","12","12","0"
"1000000US500059570001114","Block 1114, Block Group 1, Census Tract 9570, Caledonia County, Vermont","2","2","0"
"1000000US500059570001115","Block 1115, Block Group 1, Census Tract 9570, Caledonia County, Vermont","17","16","1"
"1000000US500059570001116","Block 1116, Block Group 1, Census Tract 9570, Caledonia County, Vermont","1","1","0"
"1000000US500059570001117","Block 1117, Block Group 1, Census Tract 9570, Caledonia County, Vermont","3","3","0"
"1000000US500059570001118","Block 1118, Block Group 1, Census Tract 9570, Caledonia County, Vermont","18","14","4"
"1000000US500059570001119","Block 1119, Block Group 1, Census Tract 9570, Caledonia County, Vermont","2","2","0"
"1000000US500059570001120","Block 1120, Block Group 1, Census Tract 9570, Caledonia County, Vermont","0","0","0"
"1000000US500059570001121","Block 1121, Block Group 1, Census Tract 9570, Caledonia County, Vermont","0","0","0"
"1000000US500059570001122","Block 1122, Block Group 1, Census Tract 9570, Caledonia County, Vermont","0","0","0"
"1000000US500059570001123","Block 1123, Block Group 1, Census Tract 9570, Caledonia County, Vermont","0","0","0"
"1000000US500059570001124","Block 1124, Block Group 1, Census Tract 9570, Caledonia County, Vermont","0","0","0"
"1000000US500059570001125","Block 1125, Block Group 1, Census Tract 9570, Caledonia County, Vermont","0","0","0"
"1000000US500059570001126","Block 1126, Block Group 1, Census Tract 9570, Caledonia County, Vermont","15","13","2"
"1000000US500059570001127","Block 1127, Block Group 1, Census Tract 9570, Caledonia County, Vermont","0","0","0"
"1000000US500059570001128","Block 1128, Block Group 1, Census Tract 9570, Caledonia County, Vermont","12","11","1"
"1000000US500059570001129","Block 1129, Block Group 1, Census Tract 9570, Caledonia County, Vermont","1","1","0"
"1000000US500059570001130","Block 1130, Block Group 1, Census Tract 9570, Caledonia County, Vermont","1","1","0"
"1000000US500059570001131","Block 1131, Block Group 1, Census Tract 9570, Caledonia County, Vermont","13","7","6"
"1000000US500059570001132","Block 1132, Block Group 1, Census Tract 9570, Caledonia County, Vermont","4","3","1"
"1000000US500059570001133","Block 1133, Block Group 1, Census Tract 9570, Caledonia County, Vermont","0","0","0"
"1000000US500059570001134","Block 1134, Block Group 1, Census Tract 9570, Caledonia County, Vermont","3","2","1"
"1000000US500059570001135","Block 1135, Block Group 1, Census Tract 9570, Caledonia County, Vermont","0","0","0"
"1000000US500059570001136","Block 1136, Block Group 1, Census Tract 9570, Caledonia County, Vermont","2","1","1"
"1000000US500059570001137","Block 1137, Block Group 1, Census Tract 9570, Caledonia County, Vermont","0","0","0"
"1000000US500059570001138","Block 1138, Block Group 1, Census Tract 9570, Caledonia County, Vermont","0","0","0"
"1000000US500059570001139","Block 1139, Block Group 1, Census Tract 9570, Caledonia County, Vermont","0","0","0"
"1000000US500059570001140","Block 1140, Block Group 1, Census Tract 9570, Caledonia County, Vermont","20","18","2"
"1000000US500059570001141","Block 1141, Block Group 1, Census Tract 9570, Caledonia County, Vermont","0","0","0"
"1000000US500059570001142","Block 1142, Block Group 1, Census Tract 9570, Caledonia County, Vermont","0","0","0"
"1000000US500059570001143","Block 1143, Block Group 1, Census Tract 9570, Caledonia County, Vermont","0","0","0"
"1000000US500059570001144","Block 1144, Block Group 1, Census Tract 9570, Caledonia County, Vermont","0","0","0"
"1000000US500059570001145","Block 1145, Block Group 1, Census Tract 9570, Caledonia County, Vermont","1","1","0"
"1000000US500059570001146","Block 1146, Block Group 1, Census Tract 9570, Caledonia County, Vermont","0","0","0"
"1000000US500059570001147","Block 1147, Block Group 1, Census Tract 9570, Caledonia County, Vermont","0","0","0"
"1000000US500059570001148","Block 1148, Block Group 1, Census Tract 9570, Caledonia County, Vermont","0","0","0"
"1000000US500059570001149","Block 1149, Block Group 1, Census Tract 9570, Caledonia County, Vermont","0","0","0"
"1000000US500059570001150","Block 1150, Block Group 1, Census Tract 9570, Caledonia County, Vermont","0","0","0"
"1000000US500059570002000","Block 2000, Block Group 2, Census Tract 9570, Caledonia County, Vermont","2","1","1"
"1000000US500059570002001","Block 2001, Block Group 2, Census Tract 9570, Caledonia County, Vermont","0","0","0"
"1000000US500059570002002","Block 2002, Block Group 2, Census Tract 9570, Caledonia County, Vermont","85","22","63"
"1000000US500059570002003","Block 2003, Block Group 2, Census Tract 9570, Caledonia County, Vermont","0","0","0"
"1000000US500059570002004","Block 2004, Block Group 2, Census Tract 9570, Caledonia County, Vermont","0","0","0"
"1000000US500059570002005","Block 2005, Block Group 2, Census Tract 9570, Caledonia County, Vermont","0","0","0"
"1000000US500059570002006","Block 2006, Block Group 2, Census Tract 9570, Caledonia County, Vermont","0","0","0"
"1000000US500059570002007","Block 2007, Block Group 2, Census Tract 9570, Caledonia County, Vermont","0","0","0"
"1000000US500059570002008","Block 2008, Block Group 2, Census Tract 9570, Caledonia County, Vermont","2","1","1"
"1000000US500059570002009","Block 2009, Block Group 2, Census Tract 9570, Caledonia County, Vermont","3","2","1"
"1000000US500059570002010","Block 2010, Block Group 2, Census Tract 9570, Caledonia County, Vermont","0","0","0"
"1000000US500059570002011","Block 2011, Block Group 2, Census Tract 9570, Caledonia County, Vermont","3","3","0"
"1000000US500059570002012","Block 2012, Block Group 2, Census Tract 9570, Caledonia County, Vermont","9","9","0"
"1000000US500059570002013","Block 2013, Block Group 2, Census Tract 9570, Caledonia County, Vermont","11","8","3"
"1000000US500059570002014","Block 2014, Block Group 2, Census Tract 9570, Caledonia County, Vermont","24","8","16"
"1000000US500059570002015","Block 2015, Block Group 2, Census Tract 9570, Caledonia County, Vermont","0","0","0"
"1000000US500059570002016","Block 2016, Block Group 2, Census Tract 9570, Caledonia County, Vermont","1","1","0"
"1000000US500059570002017","Block 2017, Block Group 2, Census Tract 9570, Caledonia County, Vermont","18","9","9"
"1000000US500059570002018","Block 2018, Block Group 2, Census Tract 9570, Caledonia County, Vermont","13","10","3"
"1000000US500059570002019","Block 2019, Block Group 2, Census Tract 9570, Caledonia County, Vermont","1","1","0"
"1000000US500059570002020","Block 2020, Block Group 2, Census Tract 9570, Caledonia County, Vermont","1","0","1"
"1000000US500059570002021","Block 2021, Block Group 2, Census Tract 9570, Caledonia County, Vermont","8","8","0"
"1000000US500059570002022","Block 2022, Block Group 2, Census Tract 9570, Caledonia County, Vermont","1","1","0"
"1000000US500059570002023","Block 2023, Block Group 2, Census Tract 9570, Caledonia County, Vermont","28","20","8"
"1000000US500059570002024","Block 2024, Block Group 2, Census Tract 9570, Caledonia County, Vermont","1","1","0"
"1000000US500059570002025","Block 2025, Block Group 2, Census Tract 9570, Caledonia County, Vermont","11","9","2"
"1000000US500059570002026","Block 2026, Block Group 2, Census Tract 9570, Caledonia County, Vermont","5","4","1"
"1000000US500059570002027","Block 2027, Block Group 2, Census Tract 9570, Caledonia County, Vermont","4","2","2"
"1000000US500059570002028","Block 2028, Block Group 2, Census Tract 9570, Caledonia County, Vermont","4","2","2"
"1000000US500059570002029","Block 2029, Block Group 2, Census Tract 9570, Caledonia County, Vermont","7","6","1"
"1000000US500059570002030","Block 2030, Block Group 2, Census Tract 9570, Caledonia County, Vermont","4","3","1"
"1000000US500059570002031","Block 2031, Block Group 2, Census Tract 9570, Caledonia County, Vermont","4","3","1"
"1000000US500059570002032","Block 2032, Block Group 2, Census Tract 9570, Caledonia County, Vermont","6","5","1"
"1000000US500059570002033","Block 2033, Block Group 2, Census Tract 9570, Caledonia County, Vermont","15","11","4"
"1000000US500059570002034","Block 2034, Block Group 2, Census Tract 9570, Caledonia County, Vermont","4","4","0"
"1000000US500059570002035","Block 2035, Block Group 2, Census Tract 9570, Caledonia County, Vermont","2","2","0"
"1000000US500059570002036","Block 2036, Block Group 2, Census Tract 9570, Caledonia County, Vermont","3","3","0"
"1000000US500059570002037","Block 2037, Block Group 2, Census Tract 9570, Caledonia County, Vermont","5","3","2"
"1000000US500059570002038","Block 2038, Block Group 2, Census Tract 9570, Caledonia County, Vermont","10","7","3"
"1000000US500059570002039","Block 2039, Block Group 2, Census Tract 9570, Caledonia County, Vermont","3","3","0"
"1000000US500059570002040","Block 2040, Block Group 2, Census Tract 9570, Caledonia County, Vermont","1","1","0"
"1000000US500059570002041","Block 2041, Block Group 2, Census Tract 9570, Caledonia County, Vermont","10","8","2"
"1000000US500059570002042","Block 2042, Block Group 2, Census Tract 9570, Caledonia County, Vermont","5","5","0"
"1000000US500059570002043","Block 2043, Block Group 2, Census Tract 9570, Caledonia County, Vermont","6","6","0"
"1000000US500059570002044","Block 2044, Block Group 2, Census Tract 9570, Caledonia County, Vermont","3","2","1"
"1000000US500059570002045","Block 2045, Block Group 2, Census Tract 9570, Caledonia County, Vermont","17","12","5"
"1000000US500059570002046","Block 2046, Block Group 2, Census Tract 9570, Caledonia County, Vermont","1","0","1"
"1000000US500059570002047","Block 2047, Block Group 2, Census Tract 9570, Caledonia County, Vermont","4","4","0"
"1000000US500059570002048","Block 2048, Block Group 2, Census Tract 9570, Caledonia County, Vermont","0","0","0"
"1000000US500059570002049","Block 2049, Block Group 2, Census Tract 9570, Caledonia County, Vermont","0","0","0"
"1000000US500059570002050","Block 2050, Block Group 2, Census Tract 9570, Caledonia County, Vermont","8","7","1"
"1000000US500059570002051","Block 2051, Block Group 2, Census Tract 9570, Caledonia County, Vermont","43","25","18"
"1000000US500059570002052","Block 2052, Block Group 2, Census Tract 9570, Caledonia County, Vermont","2","1","1"
"1000000US500059570002053","Block 2053, Block Group 2, Census Tract 9570, Caledonia County, Vermont","0","0","0"
"1000000US500059570002054","Block 2054, Block Group 2, Census Tract 9570, Caledonia County, Vermont","21","17","4"
"1000000US500059570002055","Block 2055, Block Group 2, Census Tract 9570, Caledonia County, Vermont","0","0","0"
"1000000US500059570002056","Block 2056, Block Group 2, Census Tract 9570, Caledonia County, Vermont","12","12","0"
"1000000US500059570002057","Block 2057, Block Group 2, Census Tract 9570, Caledonia County, Vermont","3","3","0"
"1000000US500059570002058","Block 2058, Block Group 2, Census Tract 9570, Caledonia County, Vermont","5","5","0"
"1000000US500059570002059","Block 2059, Block Group 2, Census Tract 9570, Caledonia County, Vermont","0","0","0"
"1000000US500059570002060","Block 2060, Block Group 2, Census Tract 9570, Caledonia County, Vermont","10","6","4"
"1000000US500059570002061","Block 2061, Block Group 2, Census Tract 9570, Caledonia County, Vermont","0","0","0"
"1000000US500059570002062","Block 2062, Block Group 2, Census Tract 9570, Caledonia County, Vermont","1","1","0"
"1000000US500059570002063","Block 2063, Block Group 2, Census Tract 9570, Caledonia County, Vermont","0","0","0"
"1000000US500059570002064","Block 2064, Block Group 2, Census Tract 9570, Caledonia County, Vermont","10","10","0"
"1000000US500059570002065","Block 2065, Block Group 2, Census Tract 9570, Caledonia County, Vermont","15","12","3"
"1000000US500059570002066","Block 2066, Block Group 2, Census Tract 9570, Caledonia County, Vermont","2","2","0"
"1000000US500059570002067","Block 2067, Block Group 2, Census Tract 9570, Caledonia County, Vermont","0","0","0"
"1000000US500059570002068","Block 2068, Block Group 2, Census Tract 9570, Caledonia County, Vermont","0","0","0"
"1000000US500059570002069","Block 2069, Block Group 2, Census Tract 9570, Caledonia County, Vermont","0","0","0"
"1000000US500059570002070","Block 2070, Block Group 2, Census Tract 9570, Caledonia County, Vermont","5","1","4"
"1000000US500059570002071","Block 2071, Block Group 2, Census Tract 9570, Caledonia County, Vermont","38","17","21"
"1000000US500059570002072","Block 2072, Block Group 2, Census Tract 9570, Caledonia County, Vermont","3","0","3"
"1000000US500059570002073","Block 2073, Block Group 2, Census Tract 9570, Caledonia County, Vermont","1","1","0"
"1000000US500059570002074","Block 2074, Block Group 2, Census Tract 9570, Caledonia County, Vermont","4","4","0"
"1000000US500059570002075","Block 2075, Block Group 2, Census Tract 9570, Caledonia County, Vermont","3","2","1"
"1000000US500059570002076","Block 2076, Block Group 2, Census Tract 9570, Caledonia County, Vermont","8","7","1"
"1000000US500059570002077","Block 2077, Block Group 2, Census Tract 9570, Caledonia County, Vermont","4","4","0"
"1000000US500059570002078","Block 2078, Block Group 2, Census Tract 9570, Caledonia County, Vermont","7","7","0"
"1000000US500059570002079","Block 2079, Block Group 2, Census Tract 9570, Caledonia County, Vermont","23","18","5"
"1000000US500059570002080","Block 2080, Block Group 2, Census Tract 9570, Caledonia County, Vermont","1","0","1"
"1000000US500059570002081","Block 2081, Block Group 2, Census Tract 9570, Caledonia County, Vermont","1","1","0"
"1000000US500059570002082","Block 2082, Block Group 2, Census Tract 9570, Caledonia County, Vermont","0","0","0"
"1000000US500059570002083","Block 2083, Block Group 2, Census Tract 9570, Caledonia County, Vermont","22","1","21"
"1000000US500059570002084","Block 2084, Block Group 2, Census Tract 9570, Caledonia County, Vermont","0","0","0"
"1000000US500059570002085","Block 2085, Block Group 2, Census Tract 9570, Caledonia County, Vermont","0","0","0"
"1000000US500059570003000","Block 3000, Block Group 3, Census Tract 9570, Caledonia County, Vermont","7","1","6"
"1000000US500059570003001","Block 3001, Block Group 3, Census Tract 9570, Caledonia County, Vermont","0","0","0"
"1000000US500059570003002","Block 3002, Block Group 3, Census Tract 9570, Caledonia County, Vermont","0","0","0"
"1000000US500059570003003","Block 3003, Block Group 3, Census Tract 9570, Caledonia County, Vermont","2","0","2"
"1000000US500059570003004","Block 3004, Block Group 3, Census Tract 9570, Caledonia County, Vermont","0","0","0"
"1000000US500059570003005","Block 3005, Block Group 3, Census Tract 9570, Caledonia County, Vermont","0","0","0"
"1000000US500059570003006","Block 3006, Block Group 3, Census Tract 9570, Caledonia County, Vermont","0","0","0"
"1000000US500059570003007","Block 3007, Block Group 3, Census Tract 9570, Caledonia County, Vermont","0","0","0"
"1000000US500059570003008","Block 3008, Block Group 3, Census Tract 9570, Caledonia County, Vermont","5","2","3"
"1000000US500059570003009","Block 3009, Block Group 3, Census Tract 9570, Caledonia County, Vermont","38","27","11"
"1000000US500059570003010","Block 3010, Block Group 3, Census Tract 9570, Caledonia County, Vermont","0","0","0"
"1000000US500059570003011","Block 3011, Block Group 3, Census Tract 9570, Caledonia County, Vermont","0","0","0"
"1000000US500059570003012","Block 3012, Block Group 3, Census Tract 9570, Caledonia County, Vermont","0","0","0"
"1000000US500059570003013","Block 3013, Block Group 3, Census Tract 9570, Caledonia County, Vermont","0","0","0"
"1000000US500059570003014","Block 3014, Block Group 3, Census Tract 9570, Caledonia County, Vermont","3","3","0"
"1000000US500059570003015","Block 3015, Block Group 3, Census Tract 9570, Caledonia County, Vermont","32","23","9"
"1000000US500059570003016","Block 3016, Block Group 3, Census Tract 9570, Caledonia County, Vermont","0","0","0"
"1000000US500059570003017","Block 3017, Block Group 3, Census Tract 9570, Caledonia County, Vermont","20","16","4"
"1000000US500059570003018","Block 3018, Block Group 3, Census Tract 9570, Caledonia County, Vermont","15","15","0"
"1000000US500059570003019","Block 3019, Block Group 3, Census Tract 9570, Caledonia County, Vermont","0","0","0"
"1000000US500059570003020","Block 3020, Block Group 3, Census Tract 9570, Caledonia County, Vermont","0","0","0"
"1000000US500059570003021","Block 3021, Block Group 3, Census Tract 9570, Caledonia County, Vermont","1","0","1"
"1000000US500059570003022","Block 3022, Block Group 3, Census Tract 9570, Caledonia County, Vermont","0","0","0"
"1000000US500059570003023","Block 3023, Block Group 3, Census Tract 9570, Caledonia County, Vermont","0","0","0"
"1000000US500059570003024","Block 3024, Block Group 3, Census Tract 9570, Caledonia County, Vermont","3","3","0"
"1000000US500059570003025","Block 3025, Block Group 3, Census Tract 9570, Caledonia County, Vermont","1","1","0"
"1000000US500059570003026","Block 3026, Block Group 3, Census Tract 9570, Caledonia County, Vermont","0","0","0"
"1000000US500059570003027","Block 3027, Block Group 3, Census Tract 9570, Caledonia County, Vermont","0","0","0"
"1000000US500059570003028","Block 3028, Block Group 3, Census Tract 9570, Caledonia County, Vermont","0","0","0"
"1000000US500059570003029","Block 3029, Block Group 3, Census Tract 9570, Caledonia County, Vermont","1","0","1"
"1000000US500059570003030","Block 3030, Block Group 3, Census Tract 9570, Caledonia County, Vermont","0","0","0"
"1000000US500059570003031","Block 3031, Block Group 3, Census Tract 9570, Caledonia County, Vermont","0","0","0"
"1000000US500059570003032","Block 3032, Block Group 3, Census Tract 9570, Caledonia County, Vermont","6","1","5"
"1000000US500059570003033","Block 3033, Block Group 3, Census Tract 9570, Caledonia County, Vermont","51","20","31"
"1000000US500059570003034","Block 3034, Block Group 3, Census Tract 9570, Caledonia County, Vermont","0","0","0"
"1000000US500059570003035","Block 3035, Block Group 3, Census Tract 9570, Caledonia County, Vermont","1","1","0"
"1000000US500059570003036","Block 3036, Block Group 3, Census Tract 9570, Caledonia County, Vermont","0","0","0"
"1000000US500059570003037","Block 3037, Block Group 3, Census Tract 9570, Caledonia County, Vermont","0","0","0"
"1000000US500059570003038","Block 3038, Block Group 3, Census Tract 9570, Caledonia County, Vermont","0","0","0"
"1000000US500059570003039","Block 3039, Block Group 3, Census Tract 9570, Caledonia County, Vermont","0","0","0"
"1000000US500059570003040","Block 3040, Block Group 3, Census Tract 9570, Caledonia County, Vermont","0","0","0"
"1000000US500059570003041","Block 3041, Block Group 3, Census Tract 9570, Caledonia County, Vermont","1","0","1"
"1000000US500059570003042","Block 3042, Block Group 3, Census Tract 9570, Caledonia County, Vermont","1","0","1"
"1000000US500059570003043","Block 3043, Block Group 3, Census Tract 9570, Caledonia County, Vermont","2","2","0"
"1000000US500059570003044","Block 3044, Block Group 3, Census Tract 9570, Caledonia County, Vermont","7","7","0"
"1000000US500059570003045","Block 3045, Block Group 3, Census Tract 9570, Caledonia County, Vermont","0","0","0"
"1000000US500059570003046","Block 3046, Block Group 3, Census Tract 9570, Caledonia County, Vermont","2","2","0"
"1000000US500059570003047","Block 3047, Block Group 3, Census Tract 9570, Caledonia County, Vermont","6","6","0"
"1000000US500059570003048","Block 3048, Block Group 3, Census Tract 9570, Caledonia County, Vermont","0","0","0"
"1000000US500059570003049","Block 3049, Block Group 3, Census Tract 9570, Caledonia County, Vermont","8","5","3"
"1000000US500059570003050","Block 3050, Block Group 3, Census Tract 9570, Caledonia County, Vermont","0","0","0"
"1000000US500059570003051","Block 3051, Block Group 3, Census Tract 9570, Caledonia County, Vermont","21","16","5"
"1000000US500059570003052","Block 3052, Block Group 3, Census Tract 9570, Caledonia County, Vermont","1","1","0"
"1000000US500059570003053","Block 3053, Block Group 3, Census Tract 9570, Caledonia County, Vermont","9","5","4"
"1000000US500059570003054","Block 3054, Block Group 3, Census Tract 9570, Caledonia County, Vermont","0","0","0"
"1000000US500059570003055","Block 3055, Block Group 3, Census Tract 9570, Caledonia County, Vermont","11","6","5"
"1000000US500059570003056","Block 3056, Block Group 3, Census Tract 9570, Caledonia County, Vermont","11","10","1"
"1000000US500059570003057","Block 3057, Block Group 3, Census Tract 9570, Caledonia County, Vermont","0","0","0"
"1000000US500059570003058","Block 3058, Block Group 3, Census Tract 9570, Caledonia County, Vermont","5","3","2"
"1000000US500059570003059","Block 3059, Block Group 3, Census Tract 9570, Caledonia County, Vermont","0","0","0"
"1000000US500059570003060","Block 3060, Block Group 3, Census Tract 9570, Caledonia County, Vermont","2","1","1"
"1000000US500059570003061","Block 3061, Block Group 3, Census Tract 9570, Caledonia County, Vermont","1","1","0"
"1000000US500059570003062","Block 3062, Block Group 3, Census Tract 9570, Caledonia County, Vermont","4","3","1"
"1000000US500059570003063","Block 3063, Block Group 3, Census Tract 9570, Caledonia County, Vermont","0","0","0"
"1000000US500059570003064","Block 3064, Block Group 3, Census Tract 9570, Caledonia County, Vermont","0","0","0"
"1000000US500059570003065","Block 3065, Block Group 3, Census Tract 9570, Caledonia County, Vermont","0","0","0"
"1000000US500059570003066","Block 3066, Block Group 3, Census Tract 9570, Caledonia County, Vermont","15","8","7"
"1000000US500059570003067","Block 3067, Block Group 3, Census Tract 9570, Caledonia County, Vermont","0","0","0"
"1000000US500059570003068","Block 3068, Block Group 3, Census Tract 9570, Caledonia County, Vermont","0","0","0"
"1000000US500059570003069","Block 3069, Block Group 3, Census Tract 9570, Caledonia County, Vermont","0","0","0"
"1000000US500059570003070","Block 3070, Block Group 3, Census Tract 9570, Caledonia County, Vermont","0","0","0"
"1000000US500059570003071","Block 3071, Block Group 3, Census Tract 9570, Caledonia County, Vermont","0","0","0"
"1000000US500059570003072","Block 3072, Block Group 3, Census Tract 9570, Caledonia County, Vermont","13","12","1"
"1000000US500059570003073","Block 3073, Block Group 3, Census Tract 9570, Caledonia County, Vermont","11","10","1"
"1000000US500059570003074","Block 3074, Block Group 3, Census Tract 9570, Caledonia County, Vermont","1","1","0"
"1000000US500059570003075","Block 3075, Block Group 3, Census Tract 9570, Caledonia County, Vermont","9","7","2"
"1000000US500059570003076","Block 3076, Block Group 3, Census Tract 9570, Caledonia County, Vermont","36","21","15"
"1000000US500059570003077","Block 3077, Block Group 3, Census Tract 9570, Caledonia County, Vermont","0","0","0"
"1000000US500059570003078","Block 3078, Block Group 3, Census Tract 9570, Caledonia County, Vermont","4","3","1"
"1000000US500059570003079","Block 3079, Block Group 3, Census Tract 9570, Caledonia County, Vermont","20","11","9"
"1000000US500059570003080","Block 3080, Block Group 3, Census Tract 9570, Caledonia County, Vermont","0","0","0"
"1000000US500059570003081","Block 3081, Block Group 3, Census Tract 9570, Caledonia County, Vermont","5","4","1"
"1000000US500059570003082","Block 3082, Block Group 3, Census Tract 9570, Caledonia County, Vermont","1","0","1"
"1000000US500059570003083","Block 3083, Block Group 3, Census Tract 9570, Caledonia County, Vermont","15","0","15"
"1000000US500059570003084","Block 3084, Block Group 3, Census Tract 9570, Caledonia County, Vermont","0","0","0"
"1000000US500059570003085","Block 3085, Block Group 3, Census Tract 9570, Caledonia County, Vermont","0","0","0"
"1000000US500059570003086","Block 3086, Block Group 3, Census Tract 9570, Caledonia County, Vermont","1","0","1"
"1000000US500059570003087","Block 3087, Block Group 3, Census Tract 9570, Caledonia County, Vermont","2","2","0"
"1000000US500059570003088","Block 3088, Block Group 3, Census Tract 9570, Caledonia County, Vermont","5","2","3"
"1000000US500059570003089","Block 3089, Block Group 3, Census Tract 9570, Caledonia County, Vermont","24","20","4"
"1000000US500059570003090","Block 3090, Block Group 3, Census Tract 9570, Caledonia County, Vermont","25","23","2"
"1000000US500059570003091","Block 3091, Block Group 3, Census Tract 9570, Caledonia County, Vermont","0","0","0"
"1000000US500059570003092","Block 3092, Block Group 3, Census Tract 9570, Caledonia County, Vermont","0","0","0"
"1000000US500059570003093","Block 3093, Block Group 3, Census Tract 9570, Caledonia County, Vermont","51","29","22"
"1000000US500059570003094","Block 3094, Block Group 3, Census Tract 9570, Caledonia County, Vermont","0","0","0"
"1000000US500059570003095","Block 3095, Block Group 3, Census Tract 9570, Caledonia County, Vermont","0","0","0"
"1000000US500059570003096","Block 3096, Block Group 3, Census Tract 9570, Caledonia County, Vermont","0","0","0"
"1000000US500059570003097","Block 3097, Block Group 3, Census Tract 9570, Caledonia County, Vermont","0","0","0"
"1000000US500059570003098","Block 3098, Block Group 3, Census Tract 9570, Caledonia County, Vermont","4","4","0"
"1000000US500059570003099","Block 3099, Block Group 3, Census Tract 9570, Caledonia County, Vermont","0","0","0"
"1000000US500059570003100","Block 3100, Block Group 3, Census Tract 9570, Caledonia County, Vermont","0","0","0"
"1000000US500059570003101","Block 3101, Block Group 3, Census Tract 9570, Caledonia County, Vermont","0","0","0"
"1000000US500059570003102","Block 3102, Block Group 3, Census Tract 9570, Caledonia County, Vermont","0","0","0"
"1000000US500059570003103","Block 3103, Block Group 3, Census Tract 9570, Caledonia County, Vermont","0","0","0"
"1000000US500059570003104","Block 3104, Block Group 3, Census Tract 9570, Caledonia County, Vermont","1","1","0"
"1000000US500059570003105","Block 3105, Block Group 3, Census Tract 9570, Caledonia County, Vermont","4","2","2"
"1000000US500059570003106","Block 3106, Block Group 3, Census Tract 9570, Caledonia County, Vermont","17","10","7"
"1000000US500059570003107","Block 3107, Block Group 3, Census Tract 9570, Caledonia County, Vermont","3","0","3"
"1000000US500059570003108","Block 3108, Block Group 3, Census Tract 9570, Caledonia County, Vermont","0","0","0"
"1000000US500059570003109","Block 3109, Block Group 3, Census Tract 9570, Caledonia County, Vermont","21","9","12"
"1000000US500059570003110","Block 3110, Block Group 3, Census Tract 9570, Caledonia County, Vermont","0","0","0"
"1000000US500059570003111","Block 3111, Block Group 3, Census Tract 9570, Caledonia County, Vermont","3","3","0"
"1000000US500059570003112","Block 3112, Block Group 3, Census Tract 9570, Caledonia County, Vermont","2","2","0"
"1000000US500059570003113","Block 3113, Block Group 3, Census Tract 9570, Caledonia County, Vermont","2","2","0"
"1000000US500059570003114","Block 3114, Block Group 3, Census Tract 9570, Caledonia County, Vermont","1","0","1"
"1000000US500059570003115","Block 3115, Block Group 3, Census Tract 9570, Caledonia County, Vermont","74","49","25"
"1000000US500059570003116","Block 3116, Block Group 3, Census Tract 9570, Caledonia County, Vermont","0","0","0"
"1000000US500059570003117","Block 3117, Block Group 3, Census Tract 9570, Caledonia County, Vermont","0","0","0"
"1000000US500059570003118","Block 3118, Block Group 3, Census Tract 9570, Caledonia County, Vermont","0","0","0"
"1000000US500059570003119","Block 3119, Block Group 3, Census Tract 9570, Caledonia County, Vermont","0","0","0"
"1000000US500059570003120","Block 3120, Block Group 3, Census Tract 9570, Caledonia County, Vermont","7","7","0"
"1000000US500059570003121","Block 3121, Block Group 3, Census Tract 9570, Caledonia County, Vermont","24","21","3"
"1000000US500059570003122","Block 3122, Block Group 3, Census Tract 9570, Caledonia County, Vermont","3","2","1"
"1000000US500059570003123","Block 3123, Block Group 3, Census Tract 9570, Caledonia County, Vermont","25","25","0"
"1000000US500059570003124","Block 3124, Block Group 3, Census Tract 9570, Caledonia County, Vermont","1","1","0"
"1000000US500059570003125","Block 3125, Block Group 3, Census Tract 9570, Caledonia County, Vermont","3","3","0"
"1000000US500059570003126","Block 3126, Block Group 3, Census Tract 9570, Caledonia County, Vermont","0","0","0"
"1000000US500059570003127","Block 3127, Block Group 3, Census Tract 9570, Caledonia County, Vermont","0","0","0"
"1000000US500059570003128","Block 3128, Block Group 3, Census Tract 9570, Caledonia County, Vermont","6","6","0"
"1000000US500059570003129","Block 3129, Block Group 3, Census Tract 9570, Caledonia County, Vermont","4","4","0"
"1000000US500059570003130","Block 3130, Block Group 3, Census Tract 9570, Caledonia County, Vermont","3","2","1"
"1000000US500059570003131","Block 3131, Block Group 3, Census Tract 9570, Caledonia County, Vermont","5","5","0"
"1000000US500059570003132","Block 3132, Block Group 3, Census Tract 9570, Caledonia County, Vermont","24","21","3"
"1000000US500059570003133","Block 3133, Block Group 3, Census Tract 9570, Caledonia County, Vermont","1","1","0"
"1000000US500059570003134","Block 3134, Block Group 3, Census Tract 9570, Caledonia County, Vermont","0","0","0"
"1000000US500059570003135","Block 3135, Block Group 3, Census Tract 9570, Caledonia County, Vermont","0","0","0"
"1000000US500059570003136","Block 3136, Block Group 3, Census Tract 9570, Caledonia County, Vermont","13","9","4"
"1000000US500059570003137","Block 3137, Block Group 3, Census Tract 9570, Caledonia County, Vermont","1","1","0"
"1000000US500059570003138","Block 3138, Block Group 3, Census Tract 9570, Caledonia County, Vermont","11","10","1"
"1000000US500059570003139","Block 3139, Block Group 3, Census Tract 9570, Caledonia County, Vermont","0","0","0"
"1000000US500059570003140","Block 3140, Block Group 3, Census Tract 9570, Caledonia County, Vermont","3","3","0"
"1000000US500059570003141","Block 3141, Block Group 3, Census Tract 9570, Caledonia County, Vermont","0","0","0"
"1000000US500059570003142","Block 3142, Block Group 3, Census Tract 9570, Caledonia County, Vermont","3","3","0"
"1000000US500059570003143","Block 3143, Block Group 3, Census Tract 9570, Caledonia County, Vermont","9","8","1"
"1000000US500059570003144","Block 3144, Block Group 3, Census Tract 9570, Caledonia County, Vermont","14","12","2"
"1000000US500059570003145","Block 3145, Block Group 3, Census Tract 9570, Caledonia County, Vermont","0","0","0"
"1000000US500059570003146","Block 3146, Block Group 3, Census Tract 9570, Caledonia County, Vermont","3","3","0"
"1000000US500059570003147","Block 3147, Block Group 3, Census Tract 9570, Caledonia County, Vermont","1","0","1"
"1000000US500059570003148","Block 3148, Block Group 3, Census Tract 9570, Caledonia County, Vermont","2","2","0"
"1000000US500059570003149","Block 3149, Block Group 3, Census Tract 9570, Caledonia County, Vermont","13","11","2"
"1000000US500059570003150","Block 3150, Block Group 3, Census Tract 9570, Caledonia County, Vermont","0","0","0"
"1000000US500059570003151","Block 3151, Block Group 3, Census Tract 9570, Caledonia County, Vermont","2","2","0"
"1000000US500059570003152","Block 3152, Block Group 3, Census Tract 9570, Caledonia County, Vermont","1","1","0"
"1000000US500059570003153","Block 3153, Block Group 3, Census Tract 9570, Caledonia County, Vermont","14","12","2"
"1000000US500059570003154","Block 3154, Block Group 3, Census Tract 9570, Caledonia County, Vermont","8","8","0"
"1000000US500059570003155","Block 3155, Block Group 3, Census Tract 9570, Caledonia County, Vermont","9","5","4"
"1000000US500059570003156","Block 3156, Block Group 3, Census Tract 9570, Caledonia County, Vermont","3","2","1"
"1000000US500059570003157","Block 3157, Block Group 3, Census Tract 9570, Caledonia County, Vermont","18","6","12"
"1000000US500059570003158","Block 3158, Block Group 3, Census Tract 9570, Caledonia County, Vermont","1","1","0"
"1000000US500059570003159","Block 3159, Block Group 3, Census Tract 9570, Caledonia County, Vermont","2","0","2"
"1000000US500059570003160","Block 3160, Block Group 3, Census Tract 9570, Caledonia County, Vermont","15","13","2"
"1000000US500059570003161","Block 3161, Block Group 3, Census Tract 9570, Caledonia County, Vermont","0","0","0"
"1000000US500059570003162","Block 3162, Block Group 3, Census Tract 9570, Caledonia County, Vermont","9","6","3"
"1000000US500059570003163","Block 3163, Block Group 3, Census Tract 9570, Caledonia County, Vermont","0","0","0"
"1000000US500059570003164","Block 3164, Block Group 3, Census Tract 9570, Caledonia County, Vermont","7","7","0"
"1000000US500059570003165","Block 3165, Block Group 3, Census Tract 9570, Caledonia County, Vermont","24","14","10"
"1000000US500059570003166","Block 3166, Block Group 3, Census Tract 9570, Caledonia County, Vermont","0","0","0"
"1000000US500059570003167","Block 3167, Block Group 3, Census Tract 9570, Caledonia County, Vermont","13","5","8"
"1000000US500059570003168","Block 3168, Block Group 3, Census Tract 9570, Caledonia County, Vermont","4","4","0"
"1000000US500059570003169","Block 3169, Block Group 3, Census Tract 9570, Caledonia County, Vermont","8","8","0"
"1000000US500059570003170","Block 3170, Block Group 3, Census Tract 9570, Caledonia County, Vermont","0","0","0"
"1000000US500059570003171","Block 3171, Block Group 3, Census Tract 9570, Caledonia County, Vermont","4","4","0"
"1000000US500059570003172","Block 3172, Block Group 3, Census Tract 9570, Caledonia County, Vermont","0","0","0"
"1000000US500059570003173","Block 3173, Block Group 3, Census Tract 9570, Caledonia County, Vermont","0","0","0"
"1000000US500059570003174","Block 3174, Block Group 3, Census Tract 9570, Caledonia County, Vermont","4","4","0"
"1000000US500059570003175","Block 3175, Block Group 3, Census Tract 9570, Caledonia County, Vermont","0","0","0"
"1000000US500059570003176","Block 3176, Block Group 3, Census Tract 9570, Caledonia County, Vermont","2","2","0"
"1000000US500059570003177","Block 3177, Block Group 3, Census Tract 9570, Caledonia County, Vermont","0","0","0"
"1000000US500059570003178","Block 3178, Block Group 3, Census Tract 9570, Caledonia County, Vermont","2","0","2"
"1000000US500059570003179","Block 3179, Block Group 3, Census Tract 9570, Caledonia County, Vermont","2","1","1"
"1000000US500059570003180","Block 3180, Block Group 3, Census Tract 9570, Caledonia County, Vermont","0","0","0"
"1000000US500059570003181","Block 3181, Block Group 3, Census Tract 9570, Caledonia County, Vermont","0","0","0"
"1000000US500059570003182","Block 3182, Block Group 3, Census Tract 9570, Caledonia County, Vermont","0","0","0"
"1000000US500059570003183","Block 3183, Block Group 3, Census Tract 9570, Caledonia County, Vermont","0","0","0"
"1000000US500059570003184","Block 3184, Block Group 3, Census Tract 9570, Caledonia County, Vermont","0","0","0"
"1000000US500059570003185","Block 3185, Block Group 3, Census Tract 9570, Caledonia County, Vermont","3","3","0"
"1000000US500059570003186","Block 3186, Block Group 3, Census Tract 9570, Caledonia County, Vermont","1","0","1"
"1000000US500059570003187","Block 3187, Block Group 3, Census Tract 9570, Caledonia County, Vermont","7","6","1"
"1000000US500059571001000","Block 1000, Block Group 1, Census Tract 9571, Caledonia County, Vermont","6","5","1"
"1000000US500059571001001","Block 1001, Block Group 1, Census Tract 9571, Caledonia County, Vermont","10","8","2"
"1000000US500059571001002","Block 1002, Block Group 1, Census Tract 9571, Caledonia County, Vermont","2","1","1"
"1000000US500059571001003","Block 1003, Block Group 1, Census Tract 9571, Caledonia County, Vermont","34","29","5"
"1000000US500059571001004","Block 1004, Block Group 1, Census Tract 9571, Caledonia County, Vermont","3","2","1"
"1000000US500059571001005","Block 1005, Block Group 1, Census Tract 9571, Caledonia County, Vermont","23","23","0"
"1000000US500059571001006","Block 1006, Block Group 1, Census Tract 9571, Caledonia County, Vermont","9","8","1"
"1000000US500059571001007","Block 1007, Block Group 1, Census Tract 9571, Caledonia County, Vermont","0","0","0"
"1000000US500059571001008","Block 1008, Block Group 1, Census Tract 9571, Caledonia County, Vermont","7","7","0"
"1000000US500059571001009","Block 1009, Block Group 1, Census Tract 9571, Caledonia County, Vermont","1","1","0"
"1000000US500059571001010","Block 1010, Block Group 1, Census Tract 9571, Caledonia County, Vermont","3","3","0"
"1000000US500059571001011","Block 1011, Block Group 1, Census Tract 9571, Caledonia County, Vermont","28","28","0"
"1000000US500059571001012","Block 1012, Block Group 1, Census Tract 9571, Caledonia County, Vermont","0","0","0"
"1000000US500059571001013","Block 1013, Block Group 1, Census Tract 9571, Caledonia County, Vermont","4","4","0"
"1000000US500059571001014","Block 1014, Block Group 1, Census Tract 9571, Caledonia County, Vermont","9","8","1"
"1000000US500059571001015","Block 1015, Block Group 1, Census Tract 9571, Caledonia County, Vermont","7","6","1"
"1000000US500059571001016","Block 1016, Block Group 1, Census Tract 9571, Caledonia County, Vermont","0","0","0"
"1000000US500059571001017","Block 1017, Block Group 1, Census Tract 9571, Caledonia County, Vermont","32","25","7"
"1000000US500059571001018","Block 1018, Block Group 1, Census Tract 9571, Caledonia County, Vermont","8","7","1"
"1000000US500059571001019","Block 1019, Block Group 1, Census Tract 9571, Caledonia County, Vermont","1","0","1"
"1000000US500059571001020","Block 1020, Block Group 1, Census Tract 9571, Caledonia County, Vermont","6","5","1"
"1000000US500059571001021","Block 1021, Block Group 1, Census Tract 9571, Caledonia County, Vermont","2","2","0"
"1000000US500059571001022","Block 1022, Block Group 1, Census Tract 9571, Caledonia County, Vermont","6","2","4"
"1000000US500059571001023","Block 1023, Block Group 1, Census Tract 9571, Caledonia County, Vermont","11","9","2"
"1000000US500059571001024","Block 1024, Block Group 1, Census Tract 9571, Caledonia County, Vermont","0","0","0"
"1000000US500059571001025","Block 1025, Block Group 1, Census Tract 9571, Caledonia County, Vermont","22","21","1"
"1000000US500059571001026","Block 1026, Block Group 1, Census Tract 9571, Caledonia County, Vermont","19","17","2"
"1000000US500059571001027","Block 1027, Block Group 1, Census Tract 9571, Caledonia County, Vermont","3","1","2"
"1000000US500059571001028","Block 1028, Block Group 1, Census Tract 9571, Caledonia County, Vermont","0","0","0"
"1000000US500059571001029","Block 1029, Block Group 1, Census Tract 9571, Caledonia County, Vermont","31","25","6"
"1000000US500059571001030","Block 1030, Block Group 1, Census Tract 9571, Caledonia County, Vermont","0","0","0"
"1000000US500059571001031","Block 1031, Block Group 1, Census Tract 9571, Caledonia County, Vermont","9","9","0"
"1000000US500059571001032","Block 1032, Block Group 1, Census Tract 9571, Caledonia County, Vermont","14","11","3"
"1000000US500059571001033","Block 1033, Block Group 1, Census Tract 9571, Caledonia County, Vermont","21","18","3"
"1000000US500059571001034","Block 1034, Block Group 1, Census Tract 9571, Caledonia County, Vermont","25","19","6"
"1000000US500059571001035","Block 1035, Block Group 1, Census Tract 9571, Caledonia County, Vermont","0","0","0"
"1000000US500059571001036","Block 1036, Block Group 1, Census Tract 9571, Caledonia County, Vermont","4","2","2"
"1000000US500059571001037","Block 1037, Block Group 1, Census Tract 9571, Caledonia County, Vermont","3","3","0"
"1000000US500059571001038","Block 1038, Block Group 1, Census Tract 9571, Caledonia County, Vermont","42","38","4"
"1000000US500059571001039","Block 1039, Block Group 1, Census Tract 9571, Caledonia County, Vermont","1","1","0"
"1000000US500059571001040","Block 1040, Block Group 1, Census Tract 9571, Caledonia County, Vermont","4","4","0"
"1000000US500059571001041","Block 1041, Block Group 1, Census Tract 9571, Caledonia County, Vermont","2","2","0"
"1000000US500059571001042","Block 1042, Block Group 1, Census Tract 9571, Caledonia County, Vermont","7","7","0"
"1000000US500059571001043","Block 1043, Block Group 1, Census Tract 9571, Caledonia County, Vermont","10","9","1"
"1000000US500059571001044","Block 1044, Block Group 1, Census Tract 9571, Caledonia County, Vermont","12","11","1"
"1000000US500059571001045","Block 1045, Block Group 1, Census Tract 9571, Caledonia County, Vermont","0","0","0"
"1000000US500059571001046","Block 1046, Block Group 1, Census Tract 9571, Caledonia County, Vermont","2","2","0"
"1000000US500059571001047","Block 1047, Block Group 1, Census Tract 9571, Caledonia County, Vermont","4","3","1"
"1000000US500059571001048","Block 1048, Block Group 1, Census Tract 9571, Caledonia County, Vermont","7","7","0"
"1000000US500059571001049","Block 1049, Block Group 1, Census Tract 9571, Caledonia County, Vermont","16","12","4"
"1000000US500059571001050","Block 1050, Block Group 1, Census Tract 9571, Caledonia County, Vermont","0","0","0"
"1000000US500059571001051","Block 1051, Block Group 1, Census Tract 9571, Caledonia County, Vermont","0","0","0"
"1000000US500059571001052","Block 1052, Block Group 1, Census Tract 9571, Caledonia County, Vermont","0","0","0"
"1000000US500059571001053","Block 1053, Block Group 1, Census Tract 9571, Caledonia County, Vermont","0","0","0"
"1000000US500059571001054","Block 1054, Block Group 1, Census Tract 9571, Caledonia County, Vermont","8","7","1"
"1000000US500059571001055","Block 1055, Block Group 1, Census Tract 9571, Caledonia County, Vermont","1","1","0"
"1000000US500059571001056","Block 1056, Block Group 1, Census Tract 9571, Caledonia County, Vermont","25","22","3"
"1000000US500059571001057","Block 1057, Block Group 1, Census Tract 9571, Caledonia County, Vermont","0","0","0"
"1000000US500059571002000","Block 2000, Block Group 2, Census Tract 9571, Caledonia County, Vermont","2","2","0"
"1000000US500059571002001","Block 2001, Block Group 2, Census Tract 9571, Caledonia County, Vermont","29","20","9"
"1000000US500059571002002","Block 2002, Block Group 2, Census Tract 9571, Caledonia County, Vermont","7","6","1"
"1000000US500059571002003","Block 2003, Block Group 2, Census Tract 9571, Caledonia County, Vermont","1","1","0"
"1000000US500059571002004","Block 2004, Block Group 2, Census Tract 9571, Caledonia County, Vermont","0","0","0"
"1000000US500059571002005","Block 2005, Block Group 2, Census Tract 9571, Caledonia County, Vermont","19","13","6"
"1000000US500059571002006","Block 2006, Block Group 2, Census Tract 9571, Caledonia County, Vermont","0","0","0"
"1000000US500059571002007","Block 2007, Block Group 2, Census Tract 9571, Caledonia County, Vermont","27","21","6"
"1000000US500059571002008","Block 2008, Block Group 2, Census Tract 9571, Caledonia County, Vermont","3","3","0"
"1000000US500059571002009","Block 2009, Block Group 2, Census Tract 9571, Caledonia County, Vermont","0","0","0"
"1000000US500059571002010","Block 2010, Block Group 2, Census Tract 9571, Caledonia County, Vermont","22","14","8"
"1000000US500059571002011","Block 2011, Block Group 2, Census Tract 9571, Caledonia County, Vermont","0","0","0"
"1000000US500059571002012","Block 2012, Block Group 2, Census Tract 9571, Caledonia County, Vermont","0","0","0"
"1000000US500059571002013","Block 2013, Block Group 2, Census Tract 9571, Caledonia County, Vermont","0","0","0"
"1000000US500059571002014","Block 2014, Block Group 2, Census Tract 9571, Caledonia County, Vermont","0","0","0"
"1000000US500059571002015","Block 2015, Block Group 2, Census Tract 9571, Caledonia County, Vermont","4","4","0"
"1000000US500059571002016","Block 2016, Block Group 2, Census Tract 9571, Caledonia County, Vermont","8","7","1"
"1000000US500059571002017","Block 2017, Block Group 2, Census Tract 9571, Caledonia County, Vermont","27","16","11"
"1000000US500059571002018","Block 2018, Block Group 2, Census Tract 9571, Caledonia County, Vermont","0","0","0"
"1000000US500059571002019","Block 2019, Block Group 2, Census Tract 9571, Caledonia County, Vermont","5","2","3"
"1000000US500059571002020","Block 2020, Block Group 2, Census Tract 9571, Caledonia County, Vermont","0","0","0"
"1000000US500059571002021","Block 2021, Block Group 2, Census Tract 9571, Caledonia County, Vermont","51","35","16"
"1000000US500059571002022","Block 2022, Block Group 2, Census Tract 9571, Caledonia County, Vermont","0","0","0"
"1000000US500059571002023","Block 2023, Block Group 2, Census Tract 9571, Caledonia County, Vermont","1","0","1"
"1000000US500059571002024","Block 2024, Block Group 2, Census Tract 9571, Caledonia County, Vermont","0","0","0"
"1000000US500059571002025","Block 2025, Block Group 2, Census Tract 9571, Caledonia County, Vermont","223","49","174"
"1000000US500059571002026","Block 2026, Block Group 2, Census Tract 9571, Caledonia County, Vermont","4","3","1"
"1000000US500059571002027","Block 2027, Block Group 2, Census Tract 9571, Caledonia County, Vermont","5","4","1"
"1000000US500059571002028","Block 2028, Block Group 2, Census Tract 9571, Caledonia County, Vermont","6","1","5"
"1000000US500059571002029","Block 2029, Block Group 2, Census Tract 9571, Caledonia County, Vermont","2","2","0"
"1000000US500059571002030","Block 2030, Block Group 2, Census Tract 9571, Caledonia County, Vermont","0","0","0"
"1000000US500059571002031","Block 2031, Block Group 2, Census Tract 9571, Caledonia County, Vermont","0","0","0"
"1000000US500059571002032","Block 2032, Block Group 2, Census Tract 9571, Caledonia County, Vermont","0","0","0"
"1000000US500059571002033","Block 2033, Block Group 2, Census Tract 9571, Caledonia County, Vermont","8","3","5"
"1000000US500059571002034","Block 2034, Block Group 2, Census Tract 9571, Caledonia County, Vermont","45","32","13"
"1000000US500059571002035","Block 2035, Block Group 2, Census Tract 9571, Caledonia County, Vermont","1","1","0"
"1000000US500059571002036","Block 2036, Block Group 2, Census Tract 9571, Caledonia County, Vermont","0","0","0"
"1000000US500059571002037","Block 2037, Block Group 2, Census Tract 9571, Caledonia County, Vermont","12","3","9"
"1000000US500059571002038","Block 2038, Block Group 2, Census Tract 9571, Caledonia County, Vermont","15","13","2"
"1000000US500059571002039","Block 2039, Block Group 2, Census Tract 9571, Caledonia County, Vermont","3","2","1"
"1000000US500059571002040","Block 2040, Block Group 2, Census Tract 9571, Caledonia County, Vermont","0","0","0"
"1000000US500059571002041","Block 2041, Block Group 2, Census Tract 9571, Caledonia County, Vermont","0","0","0"
"1000000US500059571002042","Block 2042, Block Group 2, Census Tract 9571, Caledonia County, Vermont","6","3","3"
"1000000US500059571002043","Block 2043, Block Group 2, Census Tract 9571, Caledonia County, Vermont","33","22","11"
"1000000US500059571002044","Block 2044, Block Group 2, Census Tract 9571, Caledonia County, Vermont","2","2","0"
"1000000US500059571002045","Block 2045, Block Group 2, Census Tract 9571, Caledonia County, Vermont","1","1","0"
"1000000US500059571002046","Block 2046, Block Group 2, Census Tract 9571, Caledonia County, Vermont","5","3","2"
"1000000US500059571002047","Block 2047, Block Group 2, Census Tract 9571, Caledonia County, Vermont","2","1","1"
"1000000US500059571002048","Block 2048, Block Group 2, Census Tract 9571, Caledonia County, Vermont","33","29","4"
"1000000US500059571002049","Block 2049, Block Group 2, Census Tract 9571, Caledonia County, Vermont","0","0","0"
"1000000US500059571002050","Block 2050, Block Group 2, Census Tract 9571, Caledonia County, Vermont","22","11","11"
"1000000US500059571002051","Block 2051, Block Group 2, Census Tract 9571, Caledonia County, Vermont","5","5","0"
"1000000US500059571002052","Block 2052, Block Group 2, Census Tract 9571, Caledonia County, Vermont","0","0","0"
"1000000US500059571002053","Block 2053, Block Group 2, Census Tract 9571, Caledonia County, Vermont","8","6","2"
"1000000US500059571002054","Block 2054, Block Group 2, Census Tract 9571, Caledonia County, Vermont","8","8","0"
"1000000US500059571002055","Block 2055, Block Group 2, Census Tract 9571, Caledonia County, Vermont","13","9","4"
"1000000US500059571002056","Block 2056, Block Group 2, Census Tract 9571, Caledonia County, Vermont","9","7","2"
"1000000US500059571002057","Block 2057, Block Group 2, Census Tract 9571, Caledonia County, Vermont","16","12","4"
"1000000US500059571002058","Block 2058, Block Group 2, Census Tract 9571, Caledonia County, Vermont","7","3","4"
"1000000US500059571002059","Block 2059, Block Group 2, Census Tract 9571, Caledonia County, Vermont","0","0","0"
"1000000US500059571002060","Block 2060, Block Group 2, Census Tract 9571, Caledonia County, Vermont","27","17","10"
"1000000US500059571002061","Block 2061, Block Group 2, Census Tract 9571, Caledonia County, Vermont","3","3","0"
"1000000US500059571002062","Block 2062, Block Group 2, Census Tract 9571, Caledonia County, Vermont","0","0","0"
"1000000US500059571002063","Block 2063, Block Group 2, Census Tract 9571, Caledonia County, Vermont","2","2","0"
"1000000US500059571002064","Block 2064, Block Group 2, Census Tract 9571, Caledonia County, Vermont","73","64","9"
"1000000US500059571002065","Block 2065, Block Group 2, Census Tract 9571, Caledonia County, Vermont","3","2","1"
"1000000US500059571002066","Block 2066, Block Group 2, Census Tract 9571, Caledonia County, Vermont","0","0","0"
"1000000US500059571002067","Block 2067, Block Group 2, Census Tract 9571, Caledonia County, Vermont","4","4","0"
"1000000US500059571002068","Block 2068, Block Group 2, Census Tract 9571, Caledonia County, Vermont","0","0","0"
"1000000US500059571002069","Block 2069, Block Group 2, Census Tract 9571, Caledonia County, Vermont","0","0","0"
"1000000US500059571002070","Block 2070, Block Group 2, Census Tract 9571, Caledonia County, Vermont","5","4","1"
"1000000US500059571002071","Block 2071, Block Group 2, Census Tract 9571, Caledonia County, Vermont","4","4","0"
"1000000US500059571002072","Block 2072, Block Group 2, Census Tract 9571, Caledonia County, Vermont","0","0","0"
"1000000US500059571002073","Block 2073, Block Group 2, Census Tract 9571, Caledonia County, Vermont","3","2","1"
"1000000US500059571002074","Block 2074, Block Group 2, Census Tract 9571, Caledonia County, Vermont","1","1","0"
"1000000US500059571002075","Block 2075, Block Group 2, Census Tract 9571, Caledonia County, Vermont","0","0","0"
"1000000US500059571002076","Block 2076, Block Group 2, Census Tract 9571, Caledonia County, Vermont","1","1","0"
"1000000US500059571002077","Block 2077, Block Group 2, Census Tract 9571, Caledonia County, Vermont","2","2","0"
"1000000US500059571002078","Block 2078, Block Group 2, Census Tract 9571, Caledonia County, Vermont","11","4","7"
"1000000US500059572001000","Block 1000, Block Group 1, Census Tract 9572, Caledonia County, Vermont","0","0","0"
"1000000US500059572001001","Block 1001, Block Group 1, Census Tract 9572, Caledonia County, Vermont","19","17","2"
"1000000US500059572001002","Block 1002, Block Group 1, Census Tract 9572, Caledonia County, Vermont","0","0","0"
"1000000US500059572001003","Block 1003, Block Group 1, Census Tract 9572, Caledonia County, Vermont","11","10","1"
"1000000US500059572001004","Block 1004, Block Group 1, Census Tract 9572, Caledonia County, Vermont","32","30","2"
"1000000US500059572001005","Block 1005, Block Group 1, Census Tract 9572, Caledonia County, Vermont","8","8","0"
"1000000US500059572001006","Block 1006, Block Group 1, Census Tract 9572, Caledonia County, Vermont","2","2","0"
"1000000US500059572001007","Block 1007, Block Group 1, Census Tract 9572, Caledonia County, Vermont","11","11","0"
"1000000US500059572001008","Block 1008, Block Group 1, Census Tract 9572, Caledonia County, Vermont","0","0","0"
"1000000US500059572001009","Block 1009, Block Group 1, Census Tract 9572, Caledonia County, Vermont","0","0","0"
"1000000US500059572001010","Block 1010, Block Group 1, Census Tract 9572, Caledonia County, Vermont","1","1","0"
"1000000US500059572001011","Block 1011, Block Group 1, Census Tract 9572, Caledonia County, Vermont","0","0","0"
"1000000US500059572001012","Block 1012, Block Group 1, Census Tract 9572, Caledonia County, Vermont","6","5","1"
"1000000US500059572001013","Block 1013, Block Group 1, Census Tract 9572, Caledonia County, Vermont","6","6","0"
"1000000US500059572001014","Block 1014, Block Group 1, Census Tract 9572, Caledonia County, Vermont","7","5","2"
"1000000US500059572001015","Block 1015, Block Group 1, Census Tract 9572, Caledonia County, Vermont","244","224","20"
"1000000US500059572001016","Block 1016, Block Group 1, Census Tract 9572, Caledonia County, Vermont","18","16","2"
"1000000US500059572001017","Block 1017, Block Group 1, Census Tract 9572, Caledonia County, Vermont","4","4","0"
"1000000US500059572001018","Block 1018, Block Group 1, Census Tract 9572, Caledonia County, Vermont","0","0","0"
"1000000US500059572001019","Block 1019, Block Group 1, Census Tract 9572, Caledonia County, Vermont","7","7","0"
"1000000US500059572001020","Block 1020, Block Group 1, Census Tract 9572, Caledonia County, Vermont","1","1","0"
"1000000US500059572001021","Block 1021, Block Group 1, Census Tract 9572, Caledonia County, Vermont","1","1","0"
"1000000US500059572001022","Block 1022, Block Group 1, Census Tract 9572, Caledonia County, Vermont","0","0","0"
"1000000US500059572001023","Block 1023, Block Group 1, Census Tract 9572, Caledonia County, Vermont","0","0","0"
"1000000US500059572001024","Block 1024, Block Group 1, Census Tract 9572, Caledonia County, Vermont","8","8","0"
"1000000US500059572001025","Block 1025, Block Group 1, Census Tract 9572, Caledonia County, Vermont","28","25","3"
"1000000US500059572001026","Block 1026, Block Group 1, Census Tract 9572, Caledonia County, Vermont","0","0","0"
"1000000US500059572001027","Block 1027, Block Group 1, Census Tract 9572, Caledonia County, Vermont","2","2","0"
"1000000US500059572001028","Block 1028, Block Group 1, Census Tract 9572, Caledonia County, Vermont","1","1","0"
"1000000US500059572001029","Block 1029, Block Group 1, Census Tract 9572, Caledonia County, Vermont","1","1","0"
"1000000US500059572001030","Block 1030, Block Group 1, Census Tract 9572, Caledonia County, Vermont","0","0","0"
"1000000US500059572001031","Block 1031, Block Group 1, Census Tract 9572, Caledonia County, Vermont","0","0","0"
"1000000US500059572001032","Block 1032, Block Group 1, Census Tract 9572, Caledonia County, Vermont","1","1","0"
"1000000US500059572001033","Block 1033, Block Group 1, Census Tract 9572, Caledonia County, Vermont","1","1","0"
"1000000US500059572001034","Block 1034, Block Group 1, Census Tract 9572, Caledonia County, Vermont","23","20","3"
"1000000US500059572001035","Block 1035, Block Group 1, Census Tract 9572, Caledonia County, Vermont","0","0","0"
"1000000US500059572001036","Block 1036, Block Group 1, Census Tract 9572, Caledonia County, Vermont","0","0","0"
"1000000US500059572001037","Block 1037, Block Group 1, Census Tract 9572, Caledonia County, Vermont","5","5","0"
"1000000US500059572001038","Block 1038, Block Group 1, Census Tract 9572, Caledonia County, Vermont","0","0","0"
"1000000US500059572001039","Block 1039, Block Group 1, Census Tract 9572, Caledonia County, Vermont","3","3","0"
"1000000US500059572001040","Block 1040, Block Group 1, Census Tract 9572, Caledonia County, Vermont","2","2","0"
"1000000US500059572001041","Block 1041, Block Group 1, Census Tract 9572, Caledonia County, Vermont","0","0","0"
"1000000US500059572001042","Block 1042, Block Group 1, Census Tract 9572, Caledonia County, Vermont","0","0","0"
"1000000US500059572001043","Block 1043, Block Group 1, Census Tract 9572, Caledonia County, Vermont","0","0","0"
"1000000US500059572001044","Block 1044, Block Group 1, Census Tract 9572, Caledonia County, Vermont","0","0","0"
"1000000US500059572001045","Block 1045, Block Group 1, Census Tract 9572, Caledonia County, Vermont","1","1","0"
"1000000US500059572001046","Block 1046, Block Group 1, Census Tract 9572, Caledonia County, Vermont","3","2","1"
"1000000US500059572001047","Block 1047, Block Group 1, Census Tract 9572, Caledonia County, Vermont","16","16","0"
"1000000US500059572001048","Block 1048, Block Group 1, Census Tract 9572, Caledonia County, Vermont","0","0","0"
"1000000US500059572001049","Block 1049, Block Group 1, Census Tract 9572, Caledonia County, Vermont","0","0","0"
"1000000US500059572001050","Block 1050, Block Group 1, Census Tract 9572, Caledonia County, Vermont","4","4","0"
"1000000US500059572001051","Block 1051, Block Group 1, Census Tract 9572, Caledonia County, Vermont","0","0","0"
"1000000US500059572001052","Block 1052, Block Group 1, Census Tract 9572, Caledonia County, Vermont","0","0","0"
"1000000US500059572001053","Block 1053, Block Group 1, Census Tract 9572, Caledonia County, Vermont","0","0","0"
"1000000US500059572002000","Block 2000, Block Group 2, Census Tract 9572, Caledonia County, Vermont","5","5","0"
"1000000US500059572002001","Block 2001, Block Group 2, Census Tract 9572, Caledonia County, Vermont","4","4","0"
"1000000US500059572002002","Block 2002, Block Group 2, Census Tract 9572, Caledonia County, Vermont","0","0","0"
"1000000US500059572002003","Block 2003, Block Group 2, Census Tract 9572, Caledonia County, Vermont","0","0","0"
"1000000US500059572002004","Block 2004, Block Group 2, Census Tract 9572, Caledonia County, Vermont","25","22","3"
"1000000US500059572002005","Block 2005, Block Group 2, Census Tract 9572, Caledonia County, Vermont","8","7","1"
"1000000US500059572002006","Block 2006, Block Group 2, Census Tract 9572, Caledonia County, Vermont","0","0","0"
"1000000US500059572002007","Block 2007, Block Group 2, Census Tract 9572, Caledonia County, Vermont","1","1","0"
"1000000US500059572002008","Block 2008, Block Group 2, Census Tract 9572, Caledonia County, Vermont","0","0","0"
"1000000US500059572002009","Block 2009, Block Group 2, Census Tract 9572, Caledonia County, Vermont","0","0","0"
"1000000US500059572002010","Block 2010, Block Group 2, Census Tract 9572, Caledonia County, Vermont","26","26","0"
"1000000US500059572002011","Block 2011, Block Group 2, Census Tract 9572, Caledonia County, Vermont","3","3","0"
"1000000US500059572002012","Block 2012, Block Group 2, Census Tract 9572, Caledonia County, Vermont","0","0","0"
"1000000US500059572002013","Block 2013, Block Group 2, Census Tract 9572, Caledonia County, Vermont","0","0","0"
"1000000US500059572002014","Block 2014, Block Group 2, Census Tract 9572, Caledonia County, Vermont","0","0","0"
"1000000US500059572002015","Block 2015, Block Group 2, Census Tract 9572, Caledonia County, Vermont","24","22","2"
"1000000US500059572002016","Block 2016, Block Group 2, Census Tract 9572, Caledonia County, Vermont","3","3","0"
"1000000US500059572002017","Block 2017, Block Group 2, Census Tract 9572, Caledonia County, Vermont","1","1","0"
"1000000US500059572002018","Block 2018, Block Group 2, Census Tract 9572, Caledonia County, Vermont","7","7","0"
"1000000US500059572002019","Block 2019, Block Group 2, Census Tract 9572, Caledonia County, Vermont","169","151","18"
"1000000US500059572002020","Block 2020, Block Group 2, Census Tract 9572, Caledonia County, Vermont","8","8","0"
"1000000US500059572002021","Block 2021, Block Group 2, Census Tract 9572, Caledonia County, Vermont","3","3","0"
"1000000US500059572002022","Block 2022, Block Group 2, Census Tract 9572, Caledonia County, Vermont","6","6","0"
"1000000US500059572002023","Block 2023, Block Group 2, Census Tract 9572, Caledonia County, Vermont","12","10","2"
"1000000US500059572002024","Block 2024, Block Group 2, Census Tract 9572, Caledonia County, Vermont","24","23","1"
"1000000US500059572002025","Block 2025, Block Group 2, Census Tract 9572, Caledonia County, Vermont","13","12","1"
"1000000US500059572002026","Block 2026, Block Group 2, Census Tract 9572, Caledonia County, Vermont","7","5","2"
"1000000US500059572002027","Block 2027, Block Group 2, Census Tract 9572, Caledonia County, Vermont","6","6","0"
"1000000US500059572002028","Block 2028, Block Group 2, Census Tract 9572, Caledonia County, Vermont","3","3","0"
"1000000US500059572002029","Block 2029, Block Group 2, Census Tract 9572, Caledonia County, Vermont","3","3","0"
"1000000US500059572002030","Block 2030, Block Group 2, Census Tract 9572, Caledonia County, Vermont","78","72","6"
"1000000US500059572002031","Block 2031, Block Group 2, Census Tract 9572, Caledonia County, Vermont","0","0","0"
"1000000US500059572002032","Block 2032, Block Group 2, Census Tract 9572, Caledonia County, Vermont","0","0","0"
"1000000US500059572002033","Block 2033, Block Group 2, Census Tract 9572, Caledonia County, Vermont","26","25","1"
"1000000US500059572002034","Block 2034, Block Group 2, Census Tract 9572, Caledonia County, Vermont","0","0","0"
"1000000US500059572002035","Block 2035, Block Group 2, Census Tract 9572, Caledonia County, Vermont","2","2","0"
"1000000US500059572002036","Block 2036, Block Group 2, Census Tract 9572, Caledonia County, Vermont","0","0","0"
"1000000US500059572002037","Block 2037, Block Group 2, Census Tract 9572, Caledonia County, Vermont","32","29","3"
"1000000US500059572002038","Block 2038, Block Group 2, Census Tract 9572, Caledonia County, Vermont","51","46","5"
"1000000US500059572002039","Block 2039, Block Group 2, Census Tract 9572, Caledonia County, Vermont","24","18","6"
"1000000US500059572002040","Block 2040, Block Group 2, Census Tract 9572, Caledonia County, Vermont","42","37","5"
"1000000US500059572002041","Block 2041, Block Group 2, Census Tract 9572, Caledonia County, Vermont","14","10","4"
"1000000US500059572002042","Block 2042, Block Group 2, Census Tract 9572, Caledonia County, Vermont","14","14","0"
"1000000US500059572002043","Block 2043, Block Group 2, Census Tract 9572, Caledonia County, Vermont","0","0","0"
"1000000US500059572002044","Block 2044, Block Group 2, Census Tract 9572, Caledonia County, Vermont","18","17","1"
"1000000US500059572002045","Block 2045, Block Group 2, Census Tract 9572, Caledonia County, Vermont","28","27","1"
"1000000US500059572002046","Block 2046, Block Group 2, Census Tract 9572, Caledonia County, Vermont","0","0","0"
"1000000US500059572002047","Block 2047, Block Group 2, Census Tract 9572, Caledonia County, Vermont","35","34","1"
"1000000US500059572002048","Block 2048, Block Group 2, Census Tract 9572, Caledonia County, Vermont","43","39","4"
"1000000US500059572002049","Block 2049, Block Group 2, Census Tract 9572, Caledonia County, Vermont","3","3","0"
"1000000US500059572002050","Block 2050, Block Group 2, Census Tract 9572, Caledonia County, Vermont","0","0","0"
"1000000US500059572002051","Block 2051, Block Group 2, Census Tract 9572, Caledonia County, Vermont","9","7","2"
"1000000US500059572002052","Block 2052, Block Group 2, Census Tract 9572, Caledonia County, Vermont","0","0","0"
"1000000US500059572002053","Block 2053, Block Group 2, Census Tract 9572, Caledonia County, Vermont","0","0","0"
"1000000US500059573001000","Block 1000, Block Group 1, Census Tract 9573, Caledonia County, Vermont","1","1","0"
"1000000US500059573001001","Block 1001, Block Group 1, Census Tract 9573, Caledonia County, Vermont","0","0","0"
"1000000US500059573001002","Block 1002, Block Group 1, Census Tract 9573, Caledonia County, Vermont","5","5","0"
"1000000US500059573001003","Block 1003, Block Group 1, Census Tract 9573, Caledonia County, Vermont","0","0","0"
"1000000US500059573001004","Block 1004, Block Group 1, Census Tract 9573, Caledonia County, Vermont","55","52","3"
"1000000US500059573001005","Block 1005, Block Group 1, Census Tract 9573, Caledonia County, Vermont","3","3","0"
"1000000US500059573001006","Block 1006, Block Group 1, Census Tract 9573, Caledonia County, Vermont","0","0","0"
"1000000US500059573001007","Block 1007, Block Group 1, Census Tract 9573, Caledonia County, Vermont","2","2","0"
"1000000US500059573001008","Block 1008, Block Group 1, Census Tract 9573, Caledonia County, Vermont","14","13","1"
"1000000US500059573001009","Block 1009, Block Group 1, Census Tract 9573, Caledonia County, Vermont","82","78","4"
"1000000US500059573001010","Block 1010, Block Group 1, Census Tract 9573, Caledonia County, Vermont","0","0","0"
"1000000US500059573001011","Block 1011, Block Group 1, Census Tract 9573, Caledonia County, Vermont","0","0","0"
"1000000US500059573001012","Block 1012, Block Group 1, Census Tract 9573, Caledonia County, Vermont","0","0","0"
"1000000US500059573001013","Block 1013, Block Group 1, Census Tract 9573, Caledonia County, Vermont","0","0","0"
"1000000US500059573001014","Block 1014, Block Group 1, Census Tract 9573, Caledonia County, Vermont","0","0","0"
"1000000US500059573001015","Block 1015, Block Group 1, Census Tract 9573, Caledonia County, Vermont","8","8","0"
"1000000US500059573001016","Block 1016, Block Group 1, Census Tract 9573, Caledonia County, Vermont","0","0","0"
"1000000US500059573001017","Block 1017, Block Group 1, Census Tract 9573, Caledonia County, Vermont","7","7","0"
"1000000US500059573001018","Block 1018, Block Group 1, Census Tract 9573, Caledonia County, Vermont","0","0","0"
"1000000US500059573001019","Block 1019, Block Group 1, Census Tract 9573, Caledonia County, Vermont","97","90","7"
"1000000US500059573001020","Block 1020, Block Group 1, Census Tract 9573, Caledonia County, Vermont","2","2","0"
"1000000US500059573001021","Block 1021, Block Group 1, Census Tract 9573, Caledonia County, Vermont","1","1","0"
"1000000US500059573001022","Block 1022, Block Group 1, Census Tract 9573, Caledonia County, Vermont","1","1","0"
"1000000US500059573001023","Block 1023, Block Group 1, Census Tract 9573, Caledonia County, Vermont","2","2","0"
"1000000US500059573001024","Block 1024, Block Group 1, Census Tract 9573, Caledonia County, Vermont","0","0","0"
"1000000US500059573001025","Block 1025, Block Group 1, Census Tract 9573, Caledonia County, Vermont","0","0","0"
"1000000US500059573001026","Block 1026, Block Group 1, Census Tract 9573, Caledonia County, Vermont","30","28","2"
"1000000US500059573001027","Block 1027, Block Group 1, Census Tract 9573, Caledonia County, Vermont","9","9","0"
"1000000US500059573001028","Block 1028, Block Group 1, Census Tract 9573, Caledonia County, Vermont","1","1","0"
"1000000US500059573001029","Block 1029, Block Group 1, Census Tract 9573, Caledonia County, Vermont","2","2","0"
"1000000US500059573001030","Block 1030, Block Group 1, Census Tract 9573, Caledonia County, Vermont","1","1","0"
"1000000US500059573001031","Block 1031, Block Group 1, Census Tract 9573, Caledonia County, Vermont","0","0","0"
"1000000US500059573001032","Block 1032, Block Group 1, Census Tract 9573, Caledonia County, Vermont","1","1","0"
"1000000US500059573002000","Block 2000, Block Group 2, Census Tract 9573, Caledonia County, Vermont","2","1","1"
"1000000US500059573002001","Block 2001, Block Group 2, Census Tract 9573, Caledonia County, Vermont","2","2","0"
"1000000US500059573002002","Block 2002, Block Group 2, Census Tract 9573, Caledonia County, Vermont","24","21","3"
"1000000US500059573002003","Block 2003, Block Group 2, Census Tract 9573, Caledonia County, Vermont","0","0","0"
"1000000US500059573002004","Block 2004, Block Group 2, Census Tract 9573, Caledonia County, Vermont","0","0","0"
"1000000US500059573002005","Block 2005, Block Group 2, Census Tract 9573, Caledonia County, Vermont","0","0","0"
"1000000US500059573002006","Block 2006, Block Group 2, Census Tract 9573, Caledonia County, Vermont","14","14","0"
"1000000US500059573002007","Block 2007, Block Group 2, Census Tract 9573, Caledonia County, Vermont","0","0","0"
"1000000US500059573002008","Block 2008, Block Group 2, Census Tract 9573, Caledonia County, Vermont","0","0","0"
"1000000US500059573002009","Block 2009, Block Group 2, Census Tract 9573, Caledonia County, Vermont","0","0","0"
"1000000US500059573002010","Block 2010, Block Group 2, Census Tract 9573, Caledonia County, Vermont","0","0","0"
"1000000US500059573002011","Block 2011, Block Group 2, Census Tract 9573, Caledonia County, Vermont","0","0","0"
"1000000US500059573002012","Block 2012, Block Group 2, Census Tract 9573, Caledonia County, Vermont","8","8","0"
"1000000US500059573002013","Block 2013, Block Group 2, Census Tract 9573, Caledonia County, Vermont","0","0","0"
"1000000US500059573002014","Block 2014, Block Group 2, Census Tract 9573, Caledonia County, Vermont","0","0","0"
"1000000US500059573002015","Block 2015, Block Group 2, Census Tract 9573, Caledonia County, Vermont","33","32","1"
"1000000US500059573002016","Block 2016, Block Group 2, Census Tract 9573, Caledonia County, Vermont","2","2","0"
"1000000US500059573002017","Block 2017, Block Group 2, Census Tract 9573, Caledonia County, Vermont","0","0","0"
"1000000US500059573002018","Block 2018, Block Group 2, Census Tract 9573, Caledonia County, Vermont","0","0","0"
"1000000US500059573002019","Block 2019, Block Group 2, Census Tract 9573, Caledonia County, Vermont","44","41","3"
"1000000US500059573002020","Block 2020, Block Group 2, Census Tract 9573, Caledonia County, Vermont","0","0","0"
"1000000US500059573002021","Block 2021, Block Group 2, Census Tract 9573, Caledonia County, Vermont","5","4","1"
"1000000US500059573002022","Block 2022, Block Group 2, Census Tract 9573, Caledonia County, Vermont","0","0","0"
"1000000US500059573002023","Block 2023, Block Group 2, Census Tract 9573, Caledonia County, Vermont","40","31","9"
"1000000US500059573002024","Block 2024, Block Group 2, Census Tract 9573, Caledonia County, Vermont","43","43","0"
"1000000US500059573002025","Block 2025, Block Group 2, Census Tract 9573, Caledonia County, Vermont","17","16","1"
"1000000US500059573002026","Block 2026, Block Group 2, Census Tract 9573, Caledonia County, Vermont","34","30","4"
"1000000US500059573002027","Block 2027, Block Group 2, Census Tract 9573, Caledonia County, Vermont","18","17","1"
"1000000US500059573002028","Block 2028, Block Group 2, Census Tract 9573, Caledonia County, Vermont","0","0","0"
"1000000US500059573002029","Block 2029, Block Group 2, Census Tract 9573, Caledonia County, Vermont","0","0","0"
"1000000US500059573002030","Block 2030, Block Group 2, Census Tract 9573, Caledonia County, Vermont","0","0","0"
"1000000US500059573002031","Block 2031, Block Group 2, Census Tract 9573, Caledonia County, Vermont","0","0","0"
"1000000US500059573002032","Block 2032, Block Group 2, Census Tract 9573, Caledonia County, Vermont","0","0","0"
"1000000US500059573002033","Block 2033, Block Group 2, Census Tract 9573, Caledonia County, Vermont","24","22","2"
"1000000US500059573002034","Block 2034, Block Group 2, Census Tract 9573, Caledonia County, Vermont","0","0","0"
"1000000US500059573002035","Block 2035, Block Group 2, Census Tract 9573, Caledonia County, Vermont","0","0","0"
"1000000US500059573002036","Block 2036, Block Group 2, Census Tract 9573, Caledonia County, Vermont","0","0","0"
"1000000US500059573002037","Block 2037, Block Group 2, Census Tract 9573, Caledonia County, Vermont","0","0","0"
"1000000US500059573002038","Block 2038, Block Group 2, Census Tract 9573, Caledonia County, Vermont","0","0","0"
"1000000US500059573002039","Block 2039, Block Group 2, Census Tract 9573, Caledonia County, Vermont","1","1","0"
"1000000US500059573002040","Block 2040, Block Group 2, Census Tract 9573, Caledonia County, Vermont","0","0","0"
"1000000US500059573002041","Block 2041, Block Group 2, Census Tract 9573, Caledonia County, Vermont","2","2","0"
"1000000US500059573002042","Block 2042, Block Group 2, Census Tract 9573, Caledonia County, Vermont","0","0","0"
"1000000US500059573003000","Block 3000, Block Group 3, Census Tract 9573, Caledonia County, Vermont","0","0","0"
"1000000US500059573003001","Block 3001, Block Group 3, Census Tract 9573, Caledonia County, Vermont","12","12","0"
"1000000US500059573003002","Block 3002, Block Group 3, Census Tract 9573, Caledonia County, Vermont","2","2","0"
"1000000US500059573003003","Block 3003, Block Group 3, Census Tract 9573, Caledonia County, Vermont","1","1","0"
"1000000US500059573003004","Block 3004, Block Group 3, Census Tract 9573, Caledonia County, Vermont","0","0","0"
"1000000US500059573003005","Block 3005, Block Group 3, Census Tract 9573, Caledonia County, Vermont","0","0","0"
"1000000US500059573003006","Block 3006, Block Group 3, Census Tract 9573, Caledonia County, Vermont","0","0","0"
"1000000US500059573003007","Block 3007, Block Group 3, Census Tract 9573, Caledonia County, Vermont","1","1","0"
"1000000US500059573003008","Block 3008, Block Group 3, Census Tract 9573, Caledonia County, Vermont","4","4","0"
"1000000US500059573003009","Block 3009, Block Group 3, Census Tract 9573, Caledonia County, Vermont","0","0","0"
"1000000US500059573003010","Block 3010, Block Group 3, Census Tract 9573, Caledonia County, Vermont","0","0","0"
"1000000US500059573003011","Block 3011, Block Group 3, Census Tract 9573, Caledonia County, Vermont","1","1","0"
"1000000US500059573003012","Block 3012, Block Group 3, Census Tract 9573, Caledonia County, Vermont","0","0","0"
"1000000US500059573003013","Block 3013, Block Group 3, Census Tract 9573, Caledonia County, Vermont","0","0","0"
"1000000US500059573003014","Block 3014, Block Group 3, Census Tract 9573, Caledonia County, Vermont","17","16","1"
"1000000US500059573003015","Block 3015, Block Group 3, Census Tract 9573, Caledonia County, Vermont","4","4","0"
"1000000US500059573003016","Block 3016, Block Group 3, Census Tract 9573, Caledonia County, Vermont","5","5","0"
"1000000US500059573003017","Block 3017, Block Group 3, Census Tract 9573, Caledonia County, Vermont","3","3","0"
"1000000US500059573003018","Block 3018, Block Group 3, Census Tract 9573, Caledonia County, Vermont","4","3","1"
"1000000US500059573003019","Block 3019, Block Group 3, Census Tract 9573, Caledonia County, Vermont","15","14","1"
"1000000US500059573003020","Block 3020, Block Group 3, Census Tract 9573, Caledonia County, Vermont","2","2","0"
"1000000US500059573003021","Block 3021, Block Group 3, Census Tract 9573, Caledonia County, Vermont","40","37","3"
"1000000US500059573003022","Block 3022, Block Group 3, Census Tract 9573, Caledonia County, Vermont","4","4","0"
"1000000US500059573003023","Block 3023, Block Group 3, Census Tract 9573, Caledonia County, Vermont","9","8","1"
"1000000US500059573003024","Block 3024, Block Group 3, Census Tract 9573, Caledonia County, Vermont","0","0","0"
"1000000US500059573003025","Block 3025, Block Group 3, Census Tract 9573, Caledonia County, Vermont","2","1","1"
"1000000US500059573003026","Block 3026, Block Group 3, Census Tract 9573, Caledonia County, Vermont","3","3","0"
"1000000US500059573003027","Block 3027, Block Group 3, Census Tract 9573, Caledonia County, Vermont","3","2","1"
"1000000US500059573003028","Block 3028, Block Group 3, Census Tract 9573, Caledonia County, Vermont","35","32","3"
"1000000US500059573003029","Block 3029, Block Group 3, Census Tract 9573, Caledonia County, Vermont","0","0","0"
"1000000US500059573003030","Block 3030, Block Group 3, Census Tract 9573, Caledonia County, Vermont","0","0","0"
"1000000US500059573003031","Block 3031, Block Group 3, Census Tract 9573, Caledonia County, Vermont","5","4","1"
"1000000US500059573003032","Block 3032, Block Group 3, Census Tract 9573, Caledonia County, Vermont","0","0","0"
"1000000US500059573003033","Block 3033, Block Group 3, Census Tract 9573, Caledonia County, Vermont","19","18","1"
"1000000US500059573003034","Block 3034, Block Group 3, Census Tract 9573, Caledonia County, Vermont","15","14","1"
"1000000US500059573003035","Block 3035, Block Group 3, Census Tract 9573, Caledonia County, Vermont","1","1","0"
"1000000US500059573003036","Block 3036, Block Group 3, Census Tract 9573, Caledonia County, Vermont","9","7","2"
"1000000US500059573003037","Block 3037, Block Group 3, Census Tract 9573, Caledonia County, Vermont","0","0","0"
"1000000US500059573003038","Block 3038, Block Group 3, Census Tract 9573, Caledonia County, Vermont","0","0","0"
"1000000US500059573003039","Block 3039, Block Group 3, Census Tract 9573, Caledonia County, Vermont","67","64","3"
"1000000US500059573003040","Block 3040, Block Group 3, Census Tract 9573, Caledonia County, Vermont","1","1","0"
"1000000US500059573003041","Block 3041, Block Group 3, Census Tract 9573, Caledonia County, Vermont","0","0","0"
"1000000US500059573003042","Block 3042, Block Group 3, Census Tract 9573, Caledonia County, Vermont","40","39","1"
"1000000US500059573003043","Block 3043, Block Group 3, Census Tract 9573, Caledonia County, Vermont","6","6","0"
"1000000US500059573003044","Block 3044, Block Group 3, Census Tract 9573, Caledonia County, Vermont","13","12","1"
"1000000US500059573003045","Block 3045, Block Group 3, Census Tract 9573, Caledonia County, Vermont","14","13","1"
"1000000US500059573003046","Block 3046, Block Group 3, Census Tract 9573, Caledonia County, Vermont","16","15","1"
"1000000US500059573003047","Block 3047, Block Group 3, Census Tract 9573, Caledonia County, Vermont","25","18","7"
"1000000US500059573003048","Block 3048, Block Group 3, Census Tract 9573, Caledonia County, Vermont","2","2","0"
"1000000US500059573003049","Block 3049, Block Group 3, Census Tract 9573, Caledonia County, Vermont","2","2","0"
"1000000US500059573003050","Block 3050, Block Group 3, Census Tract 9573, Caledonia County, Vermont","5","5","0"
"1000000US500059573003051","Block 3051, Block Group 3, Census Tract 9573, Caledonia County, Vermont","25","25","0"
"1000000US500059573003052","Block 3052, Block Group 3, Census Tract 9573, Caledonia County, Vermont","0","0","0"
"1000000US500059573003053","Block 3053, Block Group 3, Census Tract 9573, Caledonia County, Vermont","4","4","0"
"1000000US500059573003054","Block 3054, Block Group 3, Census Tract 9573, Caledonia County, Vermont","9","8","1"
"1000000US500059573003055","Block 3055, Block Group 3, Census Tract 9573, Caledonia County, Vermont","3","3","0"
"1000000US500059573003056","Block 3056, Block Group 3, Census Tract 9573, Caledonia County, Vermont","31","26","5"
"1000000US500059573003057","Block 3057, Block Group 3, Census Tract 9573, Caledonia County, Vermont","0","0","0"
"1000000US500059573003058","Block 3058, Block Group 3, Census Tract 9573, Caledonia County, Vermont","0","0","0"
"1000000US500059573003059","Block 3059, Block Group 3, Census Tract 9573, Caledonia County, Vermont","0","0","0"
"1000000US500059573003060","Block 3060, Block Group 3, Census Tract 9573, Caledonia County, Vermont","33","23","10"
"1000000US500059573003061","Block 3061, Block Group 3, Census Tract 9573, Caledonia County, Vermont","0","0","0"
"1000000US500059573003062","Block 3062, Block Group 3, Census Tract 9573, Caledonia County, Vermont","0","0","0"
"1000000US500059573003063","Block 3063, Block Group 3, Census Tract 9573, Caledonia County, Vermont","0","0","0"
"1000000US500059574001000","Block 1000, Block Group 1, Census Tract 9574, Caledonia County, Vermont","0","0","0"
"1000000US500059574001001","Block 1001, Block Group 1, Census Tract 9574, Caledonia County, Vermont","4","4","0"
"1000000US500059574001002","Block 1002, Block Group 1, Census Tract 9574, Caledonia County, Vermont","1","1","0"
"1000000US500059574001003","Block 1003, Block Group 1, Census Tract 9574, Caledonia County, Vermont","0","0","0"
"1000000US500059574001004","Block 1004, Block Group 1, Census Tract 9574, Caledonia County, Vermont","9","8","1"
"1000000US500059574001005","Block 1005, Block Group 1, Census Tract 9574, Caledonia County, Vermont","16","15","1"
"1000000US500059574001006","Block 1006, Block Group 1, Census Tract 9574, Caledonia County, Vermont","0","0","0"
"1000000US500059574001007","Block 1007, Block Group 1, Census Tract 9574, Caledonia County, Vermont","0","0","0"
"1000000US500059574001008","Block 1008, Block Group 1, Census Tract 9574, Caledonia County, Vermont","6","6","0"
"1000000US500059574001009","Block 1009, Block Group 1, Census Tract 9574, Caledonia County, Vermont","0","0","0"
"1000000US500059574001010","Block 1010, Block Group 1, Census Tract 9574, Caledonia County, Vermont","8","8","0"
"1000000US500059574001011","Block 1011, Block Group 1, Census Tract 9574, Caledonia County, Vermont","0","0","0"
"1000000US500059574001012","Block 1012, Block Group 1, Census Tract 9574, Caledonia County, Vermont","0","0","0"
"1000000US500059574001013","Block 1013, Block Group 1, Census Tract 9574, Caledonia County, Vermont","33","31","2"
"1000000US500059574001014","Block 1014, Block Group 1, Census Tract 9574, Caledonia County, Vermont","0","0","0"
"1000000US500059574001015","Block 1015, Block Group 1, Census Tract 9574, Caledonia County, Vermont","7","6","1"
"1000000US500059574001016","Block 1016, Block Group 1, Census Tract 9574, Caledonia County, Vermont","8","3","5"
"1000000US500059574001017","Block 1017, Block Group 1, Census Tract 9574, Caledonia County, Vermont","0","0","0"
"1000000US500059574001018","Block 1018, Block Group 1, Census Tract 9574, Caledonia County, Vermont","4","4","0"
"1000000US500059574001019","Block 1019, Block Group 1, Census Tract 9574, Caledonia County, Vermont","10","10","0"
"1000000US500059574001020","Block 1020, Block Group 1, Census Tract 9574, Caledonia County, Vermont","26","24","2"
"1000000US500059574001021","Block 1021, Block Group 1, Census Tract 9574, Caledonia County, Vermont","43","40","3"
"1000000US500059574001022","Block 1022, Block Group 1, Census Tract 9574, Caledonia County, Vermont","0","0","0"
"1000000US500059574001023","Block 1023, Block Group 1, Census Tract 9574, Caledonia County, Vermont","1","1","0"
"1000000US500059574001024","Block 1024, Block Group 1, Census Tract 9574, Caledonia County, Vermont","0","0","0"
"1000000US500059574001025","Block 1025, Block Group 1, Census Tract 9574, Caledonia County, Vermont","1","1","0"
"1000000US500059574001026","Block 1026, Block Group 1, Census Tract 9574, Caledonia County, Vermont","14","14","0"
"1000000US500059574001027","Block 1027, Block Group 1, Census Tract 9574, Caledonia County, Vermont","2","2","0"
"1000000US500059574001028","Block 1028, Block Group 1, Census Tract 9574, Caledonia County, Vermont","4","3","1"
"1000000US500059574001029","Block 1029, Block Group 1, Census Tract 9574, Caledonia County, Vermont","8","7","1"
"1000000US500059574001030","Block 1030, Block Group 1, Census Tract 9574, Caledonia County, Vermont","1","1","0"
"1000000US500059574001031","Block 1031, Block Group 1, Census Tract 9574, Caledonia County, Vermont","9","9","0"
"1000000US500059574001032","Block 1032, Block Group 1, Census Tract 9574, Caledonia County, Vermont","7","7","0"
"1000000US500059574001033","Block 1033, Block Group 1, Census Tract 9574, Caledonia County, Vermont","0","0","0"
"1000000US500059574001034","Block 1034, Block Group 1, Census Tract 9574, Caledonia County, Vermont","0","0","0"
"1000000US500059574001035","Block 1035, Block Group 1, Census Tract 9574, Caledonia County, Vermont","0","0","0"
"1000000US500059574001036","Block 1036, Block Group 1, Census Tract 9574, Caledonia County, Vermont","0","0","0"
"1000000US500059574001037","Block 1037, Block Group 1, Census Tract 9574, Caledonia County, Vermont","8","8","0"
"1000000US500059574001038","Block 1038, Block Group 1, Census Tract 9574, Caledonia County, Vermont","3","3","0"
"1000000US500059574001039","Block 1039, Block Group 1, Census Tract 9574, Caledonia County, Vermont","0","0","0"
"1000000US500059574001040","Block 1040, Block Group 1, Census Tract 9574, Caledonia County, Vermont","0","0","0"
"1000000US500059574001041","Block 1041, Block Group 1, Census Tract 9574, Caledonia County, Vermont","0","0","0"
"1000000US500059574001042","Block 1042, Block Group 1, Census Tract 9574, Caledonia County, Vermont","28","26","2"
"1000000US500059574001043","Block 1043, Block Group 1, Census Tract 9574, Caledonia County, Vermont","0","0","0"
"1000000US500059574001044","Block 1044, Block Group 1, Census Tract 9574, Caledonia County, Vermont","4","3","1"
"1000000US500059574001045","Block 1045, Block Group 1, Census Tract 9574, Caledonia County, Vermont","13","12","1"
"1000000US500059574001046","Block 1046, Block Group 1, Census Tract 9574, Caledonia County, Vermont","0","0","0"
"1000000US500059574001047","Block 1047, Block Group 1, Census Tract 9574, Caledonia County, Vermont","0","0","0"
"1000000US500059574001048","Block 1048, Block Group 1, Census Tract 9574, Caledonia County, Vermont","0","0","0"
"1000000US500059574001049","Block 1049, Block Group 1, Census Tract 9574, Caledonia County, Vermont","0","0","0"
"1000000US500059574001050","Block 1050, Block Group 1, Census Tract 9574, Caledonia County, Vermont","0","0","0"
"1000000US500059574001051","Block 1051, Block Group 1, Census Tract 9574, Caledonia County, Vermont","0","0","0"
"1000000US500059574001052","Block 1052, Block Group 1, Census Tract 9574, Caledonia County, Vermont","6","4","2"
"1000000US500059574001053","Block 1053, Block Group 1, Census Tract 9574, Caledonia County, Vermont","1","1","0"
"1000000US500059574001054","Block 1054, Block Group 1, Census Tract 9574, Caledonia County, Vermont","0","0","0"
"1000000US500059574001055","Block 1055, Block Group 1, Census Tract 9574, Caledonia County, Vermont","1","1","0"
"1000000US500059574001056","Block 1056, Block Group 1, Census Tract 9574, Caledonia County, Vermont","0","0","0"
"1000000US500059574001057","Block 1057, Block Group 1, Census Tract 9574, Caledonia County, Vermont","114","103","11"
"1000000US500059574001058","Block 1058, Block Group 1, Census Tract 9574, Caledonia County, Vermont","0","0","0"
"1000000US500059574001059","Block 1059, Block Group 1, Census Tract 9574, Caledonia County, Vermont","6","6","0"
"1000000US500059574001060","Block 1060, Block Group 1, Census Tract 9574, Caledonia County, Vermont","0","0","0"
"1000000US500059574001061","Block 1061, Block Group 1, Census Tract 9574, Caledonia County, Vermont","0","0","0"
"1000000US500059574001062","Block 1062, Block Group 1, Census Tract 9574, Caledonia County, Vermont","0","0","0"
"1000000US500059574001063","Block 1063, Block Group 1, Census Tract 9574, Caledonia County, Vermont","0","0","0"
"1000000US500059574001064","Block 1064, Block Group 1, Census Tract 9574, Caledonia County, Vermont","0","0","0"
"1000000US500059574001065","Block 1065, Block Group 1, Census Tract 9574, Caledonia County, Vermont","0","0","0"
"1000000US500059574001066","Block 1066, Block Group 1, Census Tract 9574, Caledonia County, Vermont","0","0","0"
"1000000US500059574001067","Block 1067, Block Group 1, Census Tract 9574, Caledonia County, Vermont","0","0","0"
"1000000US500059574001068","Block 1068, Block Group 1, Census Tract 9574, Caledonia County, Vermont","0","0","0"
"1000000US500059574001069","Block 1069, Block Group 1, Census Tract 9574, Caledonia County, Vermont","0","0","0"
"1000000US500059574001070","Block 1070, Block Group 1, Census Tract 9574, Caledonia County, Vermont","0","0","0"
"1000000US500059574001071","Block 1071, Block Group 1, Census Tract 9574, Caledonia County, Vermont","0","0","0"
"1000000US500059574001072","Block 1072, Block Group 1, Census Tract 9574, Caledonia County, Vermont","0","0","0"
"1000000US500059574001073","Block 1073, Block Group 1, Census Tract 9574, Caledonia County, Vermont","0","0","0"
"1000000US500059574001074","Block 1074, Block Group 1, Census Tract 9574, Caledonia County, Vermont","0","0","0"
"1000000US500059574001075","Block 1075, Block Group 1, Census Tract 9574, Caledonia County, Vermont","0","0","0"
"1000000US500059574001076","Block 1076, Block Group 1, Census Tract 9574, Caledonia County, Vermont","0","0","0"
"1000000US500059574001077","Block 1077, Block Group 1, Census Tract 9574, Caledonia County, Vermont","0","0","0"
"1000000US500059574001078","Block 1078, Block Group 1, Census Tract 9574, Caledonia County, Vermont","1","1","0"
"1000000US500059574001079","Block 1079, Block Group 1, Census Tract 9574, Caledonia County, Vermont","0","0","0"
"1000000US500059574001080","Block 1080, Block Group 1, Census Tract 9574, Caledonia County, Vermont","6","4","2"
"1000000US500059574001081","Block 1081, Block Group 1, Census Tract 9574, Caledonia County, Vermont","2","1","1"
"1000000US500059574001082","Block 1082, Block Group 1, Census Tract 9574, Caledonia County, Vermont","4","4","0"
"1000000US500059574001083","Block 1083, Block Group 1, Census Tract 9574, Caledonia County, Vermont","2","2","0"
"1000000US500059574001084","Block 1084, Block Group 1, Census Tract 9574, Caledonia County, Vermont","0","0","0"
"1000000US500059574001085","Block 1085, Block Group 1, Census Tract 9574, Caledonia County, Vermont","1","1","0"
"1000000US500059574001086","Block 1086, Block Group 1, Census Tract 9574, Caledonia County, Vermont","0","0","0"
"1000000US500059574001087","Block 1087, Block Group 1, Census Tract 9574, Caledonia County, Vermont","0","0","0"
"1000000US500059574001088","Block 1088, Block Group 1, Census Tract 9574, Caledonia County, Vermont","0","0","0"
"1000000US500059574001089","Block 1089, Block Group 1, Census Tract 9574, Caledonia County, Vermont","0","0","0"
"1000000US500059574001090","Block 1090, Block Group 1, Census Tract 9574, Caledonia County, Vermont","0","0","0"
"1000000US500059574001091","Block 1091, Block Group 1, Census Tract 9574, Caledonia County, Vermont","0","0","0"
"1000000US500059574001092","Block 1092, Block Group 1, Census Tract 9574, Caledonia County, Vermont","0","0","0"
"1000000US500059574001093","Block 1093, Block Group 1, Census Tract 9574, Caledonia County, Vermont","4","4","0"
"1000000US500059574001094","Block 1094, Block Group 1, Census Tract 9574, Caledonia County, Vermont","0","0","0"
"1000000US500059574001095","Block 1095, Block Group 1, Census Tract 9574, Caledonia County, Vermont","19","17","2"
"1000000US500059574001096","Block 1096, Block Group 1, Census Tract 9574, Caledonia County, Vermont","0","0","0"
"1000000US500059574001097","Block 1097, Block Group 1, Census Tract 9574, Caledonia County, Vermont","0","0","0"
"1000000US500059574001098","Block 1098, Block Group 1, Census Tract 9574, Caledonia County, Vermont","0","0","0"
"1000000US500059574001099","Block 1099, Block Group 1, Census Tract 9574, Caledonia County, Vermont","0","0","0"
"1000000US500059574001100","Block 1100, Block Group 1, Census Tract 9574, Caledonia County, Vermont","0","0","0"
"1000000US500059574001101","Block 1101, Block Group 1, Census Tract 9574, Caledonia County, Vermont","0","0","0"
"1000000US500059574001102","Block 1102, Block Group 1, Census Tract 9574, Caledonia County, Vermont","0","0","0"
"1000000US500059574001103","Block 1103, Block Group 1, Census Tract 9574, Caledonia County, Vermont","0","0","0"
"1000000US500059574001104","Block 1104, Block Group 1, Census Tract 9574, Caledonia County, Vermont","0","0","0"
"1000000US500059574001105","Block 1105, Block Group 1, Census Tract 9574, Caledonia County, Vermont","6","6","0"
"1000000US500059574001106","Block 1106, Block Group 1, Census Tract 9574, Caledonia County, Vermont","28","27","1"
"1000000US500059574001107","Block 1107, Block Group 1, Census Tract 9574, Caledonia County, Vermont","4","4","0"
"1000000US500059574001108","Block 1108, Block Group 1, Census Tract 9574, Caledonia County, Vermont","0","0","0"
"1000000US500059574001109","Block 1109, Block Group 1, Census Tract 9574, Caledonia County, Vermont","0","0","0"
"1000000US500059574001110","Block 1110, Block Group 1, Census Tract 9574, Caledonia County, Vermont","10","8","2"
"1000000US500059574001111","Block 1111, Block Group 1, Census Tract 9574, Caledonia County, Vermont","0","0","0"
"1000000US500059574001112","Block 1112, Block Group 1, Census Tract 9574, Caledonia County, Vermont","0","0","0"
"1000000US500059574001113","Block 1113, Block Group 1, Census Tract 9574, Caledonia County, Vermont","1","1","0"
"1000000US500059574001114","Block 1114, Block Group 1, Census Tract 9574, Caledonia County, Vermont","16","15","1"
"1000000US500059574001115","Block 1115, Block Group 1, Census Tract 9574, Caledonia County, Vermont","0","0","0"
"1000000US500059574001116","Block 1116, Block Group 1, Census Tract 9574, Caledonia County, Vermont","1","1","0"
"1000000US500059574001117","Block 1117, Block Group 1, Census Tract 9574, Caledonia County, Vermont","0","0","0"
"1000000US500059574001118","Block 1118, Block Group 1, Census Tract 9574, Caledonia County, Vermont","3","3","0"
"1000000US500059574001119","Block 1119, Block Group 1, Census Tract 9574, Caledonia County, Vermont","1","1","0"
"1000000US500059574001120","Block 1120, Block Group 1, Census Tract 9574, Caledonia County, Vermont","0","0","0"
"1000000US500059574001121","Block 1121, Block Group 1, Census Tract 9574, Caledonia County, Vermont","0","0","0"
"1000000US500059574001122","Block 1122, Block Group 1, Census Tract 9574, Caledonia County, Vermont","0","0","0"
"1000000US500059574001123","Block 1123, Block Group 1, Census Tract 9574, Caledonia County, Vermont","0","0","0"
"1000000US500059574001124","Block 1124, Block Group 1, Census Tract 9574, Caledonia County, Vermont","5","5","0"
"1000000US500059574001125","Block 1125, Block Group 1, Census Tract 9574, Caledonia County, Vermont","0","0","0"
"1000000US500059574001126","Block 1126, Block Group 1, Census Tract 9574, Caledonia County, Vermont","0","0","0"
"1000000US500059574001127","Block 1127, Block Group 1, Census Tract 9574, Caledonia County, Vermont","0","0","0"
"1000000US500059574001128","Block 1128, Block Group 1, Census Tract 9574, Caledonia County, Vermont","0","0","0"
"1000000US500059574001129","Block 1129, Block Group 1, Census Tract 9574, Caledonia County, Vermont","0","0","0"
"1000000US500059574001130","Block 1130, Block Group 1, Census Tract 9574, Caledonia County, Vermont","0","0","0"
"1000000US500059574001131","Block 1131, Block Group 1, Census Tract 9574, Caledonia County, Vermont","36","31","5"
"1000000US500059574001132","Block 1132, Block Group 1, Census Tract 9574, Caledonia County, Vermont","0","0","0"
"1000000US500059574001133","Block 1133, Block Group 1, Census Tract 9574, Caledonia County, Vermont","0","0","0"
"1000000US500059574001134","Block 1134, Block Group 1, Census Tract 9574, Caledonia County, Vermont","0","0","0"
"1000000US500059574001135","Block 1135, Block Group 1, Census Tract 9574, Caledonia County, Vermont","0","0","0"
"1000000US500059574001136","Block 1136, Block Group 1, Census Tract 9574, Caledonia County, Vermont","0","0","0"
"1000000US500059574001137","Block 1137, Block Group 1, Census Tract 9574, Caledonia County, Vermont","3","3","0"
"1000000US500059574001138","Block 1138, Block Group 1, Census Tract 9574, Caledonia County, Vermont","2","2","0"
"1000000US500059574001139","Block 1139, Block Group 1, Census Tract 9574, Caledonia County, Vermont","7","7","0"
"1000000US500059574001140","Block 1140, Block Group 1, Census Tract 9574, Caledonia County, Vermont","16","10","6"
"1000000US500059574001141","Block 1141, Block Group 1, Census Tract 9574, Caledonia County, Vermont","0","0","0"
"1000000US500059574001142","Block 1142, Block Group 1, Census Tract 9574, Caledonia County, Vermont","0","0","0"
"1000000US500059574001143","Block 1143, Block Group 1, Census Tract 9574, Caledonia County, Vermont","0","0","0"
"1000000US500059574001144","Block 1144, Block Group 1, Census Tract 9574, Caledonia County, Vermont","0","0","0"
"1000000US500059574001145","Block 1145, Block Group 1, Census Tract 9574, Caledonia County, Vermont","0","0","0"
"1000000US500059574001146","Block 1146, Block Group 1, Census Tract 9574, Caledonia County, Vermont","10","9","1"
"1000000US500059574001147","Block 1147, Block Group 1, Census Tract 9574, Caledonia County, Vermont","0","0","0"
"1000000US500059574001148","Block 1148, Block Group 1, Census Tract 9574, Caledonia County, Vermont","0","0","0"
"1000000US500059574001149","Block 1149, Block Group 1, Census Tract 9574, Caledonia County, Vermont","0","0","0"
"1000000US500059574001150","Block 1150, Block Group 1, Census Tract 9574, Caledonia County, Vermont","0","0","0"
"1000000US500059574001151","Block 1151, Block Group 1, Census Tract 9574, Caledonia County, Vermont","0","0","0"
"1000000US500059574001152","Block 1152, Block Group 1, Census Tract 9574, Caledonia County, Vermont","3","3","0"
"1000000US500059574001153","Block 1153, Block Group 1, Census Tract 9574, Caledonia County, Vermont","0","0","0"
"1000000US500059574002000","Block 2000, Block Group 2, Census Tract 9574, Caledonia County, Vermont","0","0","0"
"1000000US500059574002001","Block 2001, Block Group 2, Census Tract 9574, Caledonia County, Vermont","0","0","0"
"1000000US500059574002002","Block 2002, Block Group 2, Census Tract 9574, Caledonia County, Vermont","0","0","0"
"1000000US500059574002003","Block 2003, Block Group 2, Census Tract 9574, Caledonia County, Vermont","0","0","0"
"1000000US500059574002004","Block 2004, Block Group 2, Census Tract 9574, Caledonia County, Vermont","0","0","0"
"1000000US500059574002005","Block 2005, Block Group 2, Census Tract 9574, Caledonia County, Vermont","46","41","5"
"1000000US500059574002006","Block 2006, Block Group 2, Census Tract 9574, Caledonia County, Vermont","1","1","0"
"1000000US500059574002007","Block 2007, Block Group 2, Census Tract 9574, Caledonia County, Vermont","10","10","0"
"1000000US500059574002008","Block 2008, Block Group 2, Census Tract 9574, Caledonia County, Vermont","4","2","2"
"1000000US500059574002009","Block 2009, Block Group 2, Census Tract 9574, Caledonia County, Vermont","30","26","4"
"1000000US500059574002010","Block 2010, Block Group 2, Census Tract 9574, Caledonia County, Vermont","25","22","3"
"1000000US500059574002011","Block 2011, Block Group 2, Census Tract 9574, Caledonia County, Vermont","13","11","2"
"1000000US500059574002012","Block 2012, Block Group 2, Census Tract 9574, Caledonia County, Vermont","48","46","2"
"1000000US500059574002013","Block 2013, Block Group 2, Census Tract 9574, Caledonia County, Vermont","0","0","0"
"1000000US500059574002014","Block 2014, Block Group 2, Census Tract 9574, Caledonia County, Vermont","62","51","11"
"1000000US500059574002015","Block 2015, Block Group 2, Census Tract 9574, Caledonia County, Vermont","7","7","0"
"1000000US500059574002016","Block 2016, Block Group 2, Census Tract 9574, Caledonia County, Vermont","61","53","8"
"1000000US500059574002017","Block 2017, Block Group 2, Census Tract 9574, Caledonia County, Vermont","0","0","0"
"1000000US500059574002018","Block 2018, Block Group 2, Census Tract 9574, Caledonia County, Vermont","0","0","0"
"1000000US500059574002019","Block 2019, Block Group 2, Census Tract 9574, Caledonia County, Vermont","0","0","0"
"1000000US500059574002020","Block 2020, Block Group 2, Census Tract 9574, Caledonia County, Vermont","0","0","0"
"1000000US500059574002021","Block 2021, Block Group 2, Census Tract 9574, Caledonia County, Vermont","49","42","7"
"1000000US500059574002022","Block 2022, Block Group 2, Census Tract 9574, Caledonia County, Vermont","74","65","9"
"1000000US500059574002023","Block 2023, Block Group 2, Census Tract 9574, Caledonia County, Vermont","68","59","9"
"1000000US500059574002024","Block 2024, Block Group 2, Census Tract 9574, Caledonia County, Vermont","66","54","12"
"1000000US500059574002025","Block 2025, Block Group 2, Census Tract 9574, Caledonia County, Vermont","41","32","9"
"1000000US500059574002026","Block 2026, Block Group 2, Census Tract 9574, Caledonia County, Vermont","2","2","0"
"1000000US500059574002027","Block 2027, Block Group 2, Census Tract 9574, Caledonia County, Vermont","19","17","2"
"1000000US500059574002028","Block 2028, Block Group 2, Census Tract 9574, Caledonia County, Vermont","54","50","4"
"1000000US500059574002029","Block 2029, Block Group 2, Census Tract 9574, Caledonia County, Vermont","19","17","2"
"1000000US500059574002030","Block 2030, Block Group 2, Census Tract 9574, Caledonia County, Vermont","0","0","0"
"1000000US500059574002031","Block 2031, Block Group 2, Census Tract 9574, Caledonia County, Vermont","0","0","0"
"1000000US500059574002032","Block 2032, Block Group 2, Census Tract 9574, Caledonia County, Vermont","0","0","0"
"1000000US500059574002033","Block 2033, Block Group 2, Census Tract 9574, Caledonia County, Vermont","36","31","5"
"1000000US500059574002034","Block 2034, Block Group 2, Census Tract 9574, Caledonia County, Vermont","0","0","0"
"1000000US500059574002035","Block 2035, Block Group 2, Census Tract 9574, Caledonia County, Vermont","7","6","1"
"1000000US500059574002036","Block 2036, Block Group 2, Census Tract 9574, Caledonia County, Vermont","0","0","0"
"1000000US500059574003000","Block 3000, Block Group 3, Census Tract 9574, Caledonia County, Vermont","44","38","6"
"1000000US500059574003001","Block 3001, Block Group 3, Census Tract 9574, Caledonia County, Vermont","23","17","6"
"1000000US500059574003002","Block 3002, Block Group 3, Census Tract 9574, Caledonia County, Vermont","43","40","3"
"1000000US500059574003003","Block 3003, Block Group 3, Census Tract 9574, Caledonia County, Vermont","18","15","3"
"1000000US500059574003004","Block 3004, Block Group 3, Census Tract 9574, Caledonia County, Vermont","20","20","0"
"1000000US500059574003005","Block 3005, Block Group 3, Census Tract 9574, Caledonia County, Vermont","26","23","3"
"1000000US500059574003006","Block 3006, Block Group 3, Census Tract 9574, Caledonia County, Vermont","27","25","2"
"1000000US500059574003007","Block 3007, Block Group 3, Census Tract 9574, Caledonia County, Vermont","9","6","3"
"1000000US500059574003008","Block 3008, Block Group 3, Census Tract 9574, Caledonia County, Vermont","5","5","0"
"1000000US500059574003009","Block 3009, Block Group 3, Census Tract 9574, Caledonia County, Vermont","67","52","15"
"1000000US500059574003010","Block 3010, Block Group 3, Census Tract 9574, Caledonia County, Vermont","35","28","7"
"1000000US500059574003011","Block 3011, Block Group 3, Census Tract 9574, Caledonia County, Vermont","6","6","0"
"1000000US500059574003012","Block 3012, Block Group 3, Census Tract 9574, Caledonia County, Vermont","60","60","0"
"1000000US500059574003013","Block 3013, Block Group 3, Census Tract 9574, Caledonia County, Vermont","0","0","0"
"1000000US500059574003014","Block 3014, Block Group 3, Census Tract 9574, Caledonia County, Vermont","77","62","15"
"1000000US500059574003015","Block 3015, Block Group 3, Census Tract 9574, Caledonia County, Vermont","11","11","0"
"1000000US500059574003016","Block 3016, Block Group 3, Census Tract 9574, Caledonia County, Vermont","0","0","0"
"1000000US500059574003017","Block 3017, Block Group 3, Census Tract 9574, Caledonia County, Vermont","11","11","0"
"1000000US500059574003018","Block 3018, Block Group 3, Census Tract 9574, Caledonia County, Vermont","24","20","4"
"1000000US500059574003019","Block 3019, Block Group 3, Census Tract 9574, Caledonia County, Vermont","9","8","1"
"1000000US500059574003020","Block 3020, Block Group 3, Census Tract 9574, Caledonia County, Vermont","0","0","0"
"1000000US500059574003021","Block 3021, Block Group 3, Census Tract 9574, Caledonia County, Vermont","0","0","0"
"1000000US500059574003022","Block 3022, Block Group 3, Census Tract 9574, Caledonia County, Vermont","0","0","0"
"1000000US500059574003023","Block 3023, Block Group 3, Census Tract 9574, Caledonia County, Vermont","13","12","1"
"1000000US500059574003024","Block 3024, Block Group 3, Census Tract 9574, Caledonia County, Vermont","0","0","0"
"1000000US500059574003025","Block 3025, Block Group 3, Census Tract 9574, Caledonia County, Vermont","0","0","0"
"1000000US500059574003026","Block 3026, Block Group 3, Census Tract 9574, Caledonia County, Vermont","0","0","0"
"1000000US500059574003027","Block 3027, Block Group 3, Census Tract 9574, Caledonia County, Vermont","0","0","0"
"1000000US500059574003028","Block 3028, Block Group 3, Census Tract 9574, Caledonia County, Vermont","1","1","0"
"1000000US500059574003029","Block 3029, Block Group 3, Census Tract 9574, Caledonia County, Vermont","0","0","0"
"1000000US500059574003030","Block 3030, Block Group 3, Census Tract 9574, Caledonia County, Vermont","0","0","0"
"1000000US500059574003031","Block 3031, Block Group 3, Census Tract 9574, Caledonia County, Vermont","15","12","3"
"1000000US500059575001000","Block 1000, Block Group 1, Census Tract 9575, Caledonia County, Vermont","3","3","0"
"1000000US500059575001001","Block 1001, Block Group 1, Census Tract 9575, Caledonia County, Vermont","74","67","7"
"1000000US500059575001002","Block 1002, Block Group 1, Census Tract 9575, Caledonia County, Vermont","1","0","1"
"1000000US500059575001003","Block 1003, Block Group 1, Census Tract 9575, Caledonia County, Vermont","0","0","0"
"1000000US500059575001004","Block 1004, Block Group 1, Census Tract 9575, Caledonia County, Vermont","1","1","0"
"1000000US500059575001005","Block 1005, Block Group 1, Census Tract 9575, Caledonia County, Vermont","0","0","0"
"1000000US500059575001006","Block 1006, Block Group 1, Census Tract 9575, Caledonia County, Vermont","9","8","1"
"1000000US500059575001007","Block 1007, Block Group 1, Census Tract 9575, Caledonia County, Vermont","4","3","1"
"1000000US500059575001008","Block 1008, Block Group 1, Census Tract 9575, Caledonia County, Vermont","0","0","0"
"1000000US500059575001009","Block 1009, Block Group 1, Census Tract 9575, Caledonia County, Vermont","1","1","0"
"1000000US500059575001010","Block 1010, Block Group 1, Census Tract 9575, Caledonia County, Vermont","0","0","0"
"1000000US500059575001011","Block 1011, Block Group 1, Census Tract 9575, Caledonia County, Vermont","1","0","1"
"1000000US500059575001012","Block 1012, Block Group 1, Census Tract 9575, Caledonia County, Vermont","33","32","1"
"1000000US500059575001013","Block 1013, Block Group 1, Census Tract 9575, Caledonia County, Vermont","1","1","0"
"1000000US500059575001014","Block 1014, Block Group 1, Census Tract 9575, Caledonia County, Vermont","0","0","0"
"1000000US500059575001015","Block 1015, Block Group 1, Census Tract 9575, Caledonia County, Vermont","0","0","0"
"1000000US500059575001016","Block 1016, Block Group 1, Census Tract 9575, Caledonia County, Vermont","0","0","0"
"1000000US500059575001017","Block 1017, Block Group 1, Census Tract 9575, Caledonia County, Vermont","4","4","0"
"1000000US500059575001018","Block 1018, Block Group 1, Census Tract 9575, Caledonia County, Vermont","0","0","0"
"1000000US500059575001019","Block 1019, Block Group 1, Census Tract 9575, Caledonia County, Vermont","0","0","0"
"1000000US500059575001020","Block 1020, Block Group 1, Census Tract 9575, Caledonia County, Vermont","0","0","0"
"1000000US500059575001021","Block 1021, Block Group 1, Census Tract 9575, Caledonia County, Vermont","68","63","5"
"1000000US500059575001022","Block 1022, Block Group 1, Census Tract 9575, Caledonia County, Vermont","9","9","0"
"1000000US500059575001023","Block 1023, Block Group 1, Census Tract 9575, Caledonia County, Vermont","25","25","0"
"1000000US500059575001024","Block 1024, Block Group 1, Census Tract 9575, Caledonia County, Vermont","0","0","0"
"1000000US500059575001025","Block 1025, Block Group 1, Census Tract 9575, Caledonia County, Vermont","0","0","0"
"1000000US500059575001026","Block 1026, Block Group 1, Census Tract 9575, Caledonia County, Vermont","38","33","5"
"1000000US500059575001027","Block 1027, Block Group 1, Census Tract 9575, Caledonia County, Vermont","12","9","3"
"1000000US500059575001028","Block 1028, Block Group 1, Census Tract 9575, Caledonia County, Vermont","19","13","6"
"1000000US500059575001029","Block 1029, Block Group 1, Census Tract 9575, Caledonia County, Vermont","0","0","0"
"1000000US500059575001030","Block 1030, Block Group 1, Census Tract 9575, Caledonia County, Vermont","0","0","0"
"1000000US500059575001031","Block 1031, Block Group 1, Census Tract 9575, Caledonia County, Vermont","41","37","4"
"1000000US500059575001032","Block 1032, Block Group 1, Census Tract 9575, Caledonia County, Vermont","0","0","0"
"1000000US500059575001033","Block 1033, Block Group 1, Census Tract 9575, Caledonia County, Vermont","3","3","0"
"1000000US500059575001034","Block 1034, Block Group 1, Census Tract 9575, Caledonia County, Vermont","9","9","0"
"1000000US500059575001035","Block 1035, Block Group 1, Census Tract 9575, Caledonia County, Vermont","14","14","0"
"1000000US500059575001036","Block 1036, Block Group 1, Census Tract 9575, Caledonia County, Vermont","0","0","0"
"1000000US500059575001037","Block 1037, Block Group 1, Census Tract 9575, Caledonia County, Vermont","0","0","0"
"1000000US500059575001038","Block 1038, Block Group 1, Census Tract 9575, Caledonia County, Vermont","7","6","1"
"1000000US500059575001039","Block 1039, Block Group 1, Census Tract 9575, Caledonia County, Vermont","1","1","0"
"1000000US500059575001040","Block 1040, Block Group 1, Census Tract 9575, Caledonia County, Vermont","1","1","0"
"1000000US500059575001041","Block 1041, Block Group 1, Census Tract 9575, Caledonia County, Vermont","7","4","3"
"1000000US500059575001042","Block 1042, Block Group 1, Census Tract 9575, Caledonia County, Vermont","1","1","0"
"1000000US500059575001043","Block 1043, Block Group 1, Census Tract 9575, Caledonia County, Vermont","46","44","2"
"1000000US500059575001044","Block 1044, Block Group 1, Census Tract 9575, Caledonia County, Vermont","56","53","3"
"1000000US500059575001045","Block 1045, Block Group 1, Census Tract 9575, Caledonia County, Vermont","3","3","0"
"1000000US500059575001046","Block 1046, Block Group 1, Census Tract 9575, Caledonia County, Vermont","1","1","0"
"1000000US500059575001047","Block 1047, Block Group 1, Census Tract 9575, Caledonia County, Vermont","1","1","0"
"1000000US500059575001048","Block 1048, Block Group 1, Census Tract 9575, Caledonia County, Vermont","1","0","1"
"1000000US500059575001049","Block 1049, Block Group 1, Census Tract 9575, Caledonia County, Vermont","0","0","0"
"1000000US500059575001050","Block 1050, Block Group 1, Census Tract 9575, Caledonia County, Vermont","0","0","0"
"1000000US500059575001051","Block 1051, Block Group 1, Census Tract 9575, Caledonia County, Vermont","0","0","0"
"1000000US500059575001052","Block 1052, Block Group 1, Census Tract 9575, Caledonia County, Vermont","0","0","0"
"1000000US500059575001053","Block 1053, Block Group 1, Census Tract 9575, Caledonia County, Vermont","14","14","0"
"1000000US500059575001054","Block 1054, Block Group 1, Census Tract 9575, Caledonia County, Vermont","13","13","0"
"1000000US500059575001055","Block 1055, Block Group 1, Census Tract 9575, Caledonia County, Vermont","125","113","12"
"1000000US500059575001056","Block 1056, Block Group 1, Census Tract 9575, Caledonia County, Vermont","4","3","1"
"1000000US500059575001057","Block 1057, Block Group 1, Census Tract 9575, Caledonia County, Vermont","14","14","0"
"1000000US500059575001058","Block 1058, Block Group 1, Census Tract 9575, Caledonia County, Vermont","72","71","1"
"1000000US500059575001059","Block 1059, Block Group 1, Census Tract 9575, Caledonia County, Vermont","0","0","0"
"1000000US500059575001060","Block 1060, Block Group 1, Census Tract 9575, Caledonia County, Vermont","0","0","0"
"1000000US500059575001061","Block 1061, Block Group 1, Census Tract 9575, Caledonia County, Vermont","1","1","0"
"1000000US500059575001062","Block 1062, Block Group 1, Census Tract 9575, Caledonia County, Vermont","9","6","3"
"1000000US500059575001063","Block 1063, Block Group 1, Census Tract 9575, Caledonia County, Vermont","3","3","0"
"1000000US500059575001064","Block 1064, Block Group 1, Census Tract 9575, Caledonia County, Vermont","0","0","0"
"1000000US500059575001065","Block 1065, Block Group 1, Census Tract 9575, Caledonia County, Vermont","0","0","0"
"1000000US500059575001066","Block 1066, Block Group 1, Census Tract 9575, Caledonia County, Vermont","1","1","0"
"1000000US500059575001067","Block 1067, Block Group 1, Census Tract 9575, Caledonia County, Vermont","0","0","0"
"1000000US500059575001068","Block 1068, Block Group 1, Census Tract 9575, Caledonia County, Vermont","0","0","0"
"1000000US500059575001069","Block 1069, Block Group 1, Census Tract 9575, Caledonia County, Vermont","2","2","0"
"1000000US500059575001070","Block 1070, Block Group 1, Census Tract 9575, Caledonia County, Vermont","0","0","0"
"1000000US500059575001071","Block 1071, Block Group 1, Census Tract 9575, Caledonia County, Vermont","0","0","0"
"1000000US500059575001072","Block 1072, Block Group 1, Census Tract 9575, Caledonia County, Vermont","7","6","1"
"1000000US500059575001073","Block 1073, Block Group 1, Census Tract 9575, Caledonia County, Vermont","0","0","0"
"1000000US500059575001074","Block 1074, Block Group 1, Census Tract 9575, Caledonia County, Vermont","0","0","0"
"1000000US500059575001075","Block 1075, Block Group 1, Census Tract 9575, Caledonia County, Vermont","0","0","0"
"1000000US500059575001076","Block 1076, Block Group 1, Census Tract 9575, Caledonia County, Vermont","0","0","0"
"1000000US500059575001077","Block 1077, Block Group 1, Census Tract 9575, Caledonia County, Vermont","0","0","0"
"1000000US500059575001078","Block 1078, Block Group 1, Census Tract 9575, Caledonia County, Vermont","0","0","0"
"1000000US500059575001079","Block 1079, Block Group 1, Census Tract 9575, Caledonia County, Vermont","0","0","0"
"1000000US500059575001080","Block 1080, Block Group 1, Census Tract 9575, Caledonia County, Vermont","2","2","0"
"1000000US500059575001081","Block 1081, Block Group 1, Census Tract 9575, Caledonia County, Vermont","0","0","0"
"1000000US500059575001082","Block 1082, Block Group 1, Census Tract 9575, Caledonia County, Vermont","0","0","0"
"1000000US500059575001083","Block 1083, Block Group 1, Census Tract 9575, Caledonia County, Vermont","0","0","0"
"1000000US500059575001084","Block 1084, Block Group 1, Census Tract 9575, Caledonia County, Vermont","0","0","0"
"1000000US500059575001085","Block 1085, Block Group 1, Census Tract 9575, Caledonia County, Vermont","0","0","0"
"1000000US500059575002000","Block 2000, Block Group 2, Census Tract 9575, Caledonia County, Vermont","1","1","0"
"1000000US500059575002001","Block 2001, Block Group 2, Census Tract 9575, Caledonia County, Vermont","104","94","10"
"1000000US500059575002002","Block 2002, Block Group 2, Census Tract 9575, Caledonia County, Vermont","0","0","0"
"1000000US500059575002003","Block 2003, Block Group 2, Census Tract 9575, Caledonia County, Vermont","0","0","0"
"1000000US500059575002004","Block 2004, Block Group 2, Census Tract 9575, Caledonia County, Vermont","10","8","2"
"1000000US500059575002005","Block 2005, Block Group 2, Census Tract 9575, Caledonia County, Vermont","0","0","0"
"1000000US500059575002006","Block 2006, Block Group 2, Census Tract 9575, Caledonia County, Vermont","3","3","0"
"1000000US500059575002007","Block 2007, Block Group 2, Census Tract 9575, Caledonia County, Vermont","9","9","0"
"1000000US500059575002008","Block 2008, Block Group 2, Census Tract 9575, Caledonia County, Vermont","12","11","1"
"1000000US500059575002009","Block 2009, Block Group 2, Census Tract 9575, Caledonia County, Vermont","0","0","0"
"1000000US500059575002010","Block 2010, Block Group 2, Census Tract 9575, Caledonia County, Vermont","0","0","0"
"1000000US500059575002011","Block 2011, Block Group 2, Census Tract 9575, Caledonia County, Vermont","0","0","0"
"1000000US500059575002012","Block 2012, Block Group 2, Census Tract 9575, Caledonia County, Vermont","0","0","0"
"1000000US500059575002013","Block 2013, Block Group 2, Census Tract 9575, Caledonia County, Vermont","21","21","0"
"1000000US500059575002014","Block 2014, Block Group 2, Census Tract 9575, Caledonia County, Vermont","0","0","0"
"1000000US500059575002015","Block 2015, Block Group 2, Census Tract 9575, Caledonia County, Vermont","5","4","1"
"1000000US500059575002016","Block 2016, Block Group 2, Census Tract 9575, Caledonia County, Vermont","10","10","0"
"1000000US500059575002017","Block 2017, Block Group 2, Census Tract 9575, Caledonia County, Vermont","41","40","1"
"1000000US500059575002018","Block 2018, Block Group 2, Census Tract 9575, Caledonia County, Vermont","7","7","0"
"1000000US500059575002019","Block 2019, Block Group 2, Census Tract 9575, Caledonia County, Vermont","0","0","0"
"1000000US500059575002020","Block 2020, Block Group 2, Census Tract 9575, Caledonia County, Vermont","51","47","4"
"1000000US500059575002021","Block 2021, Block Group 2, Census Tract 9575, Caledonia County, Vermont","28","28","0"
"1000000US500059575002022","Block 2022, Block Group 2, Census Tract 9575, Caledonia County, Vermont","12","11","1"
"1000000US500059575002023","Block 2023, Block Group 2, Census Tract 9575, Caledonia County, Vermont","29","27","2"
"1000000US500059575002024","Block 2024, Block Group 2, Census Tract 9575, Caledonia County, Vermont","0","0","0"
"1000000US500059575002025","Block 2025, Block Group 2, Census Tract 9575, Caledonia County, Vermont","2","1","1"
"1000000US500059575002026","Block 2026, Block Group 2, Census Tract 9575, Caledonia County, Vermont","22","17","5"
"1000000US500059575002027","Block 2027, Block Group 2, Census Tract 9575, Caledonia County, Vermont","1","1","0"
"1000000US500059575003000","Block 3000, Block Group 3, Census Tract 9575, Caledonia County, Vermont","9","9","0"
"1000000US500059575003001","Block 3001, Block Group 3, Census Tract 9575, Caledonia County, Vermont","0","0","0"
"1000000US500059575003002","Block 3002, Block Group 3, Census Tract 9575, Caledonia County, Vermont","0","0","0"
"1000000US500059575003003","Block 3003, Block Group 3, Census Tract 9575, Caledonia County, Vermont","5","5","0"
"1000000US500059575003004","Block 3004, Block Group 3, Census Tract 9575, Caledonia County, Vermont","35","33","2"
"1000000US500059575003005","Block 3005, Block Group 3, Census Tract 9575, Caledonia County, Vermont","21","20","1"
"1000000US500059575003006","Block 3006, Block Group 3, Census Tract 9575, Caledonia County, Vermont","9","7","2"
"1000000US500059575003007","Block 3007, Block Group 3, Census Tract 9575, Caledonia County, Vermont","0","0","0"
"1000000US500059575003008","Block 3008, Block Group 3, Census Tract 9575, Caledonia County, Vermont","0","0","0"
"1000000US500059575003009","Block 3009, Block Group 3, Census Tract 9575, Caledonia County, Vermont","39","32","7"
"1000000US500059575003010","Block 3010, Block Group 3, Census Tract 9575, Caledonia County, Vermont","0","0","0"
"1000000US500059575003011","Block 3011, Block Group 3, Census Tract 9575, Caledonia County, Vermont","32","31","1"
"1000000US500059575003012","Block 3012, Block Group 3, Census Tract 9575, Caledonia County, Vermont","19","15","4"
"1000000US500059575003013","Block 3013, Block Group 3, Census Tract 9575, Caledonia County, Vermont","0","0","0"
"1000000US500059575003014","Block 3014, Block Group 3, Census Tract 9575, Caledonia County, Vermont","6","5","1"
"1000000US500059575003015","Block 3015, Block Group 3, Census Tract 9575, Caledonia County, Vermont","3","3","0"
"1000000US500059575003016","Block 3016, Block Group 3, Census Tract 9575, Caledonia County, Vermont","3","2","1"
"1000000US500059575003017","Block 3017, Block Group 3, Census Tract 9575, Caledonia County, Vermont","0","0","0"
"1000000US500059575003018","Block 3018, Block Group 3, Census Tract 9575, Caledonia County, Vermont","0","0","0"
"1000000US500059575003019","Block 3019, Block Group 3, Census Tract 9575, Caledonia County, Vermont","0","0","0"
"1000000US500059575003020","Block 3020, Block Group 3, Census Tract 9575, Caledonia County, Vermont","17","11","6"
"1000000US500059575003021","Block 3021, Block Group 3, Census Tract 9575, Caledonia County, Vermont","92","83","9"
"1000000US500059575003022","Block 3022, Block Group 3, Census Tract 9575, Caledonia County, Vermont","48","41","7"
"1000000US500059575003023","Block 3023, Block Group 3, Census Tract 9575, Caledonia County, Vermont","63","59","4"
"1000000US500059575003024","Block 3024, Block Group 3, Census Tract 9575, Caledonia County, Vermont","2","1","1"
"1000000US500059575003025","Block 3025, Block Group 3, Census Tract 9575, Caledonia County, Vermont","2","2","0"
"1000000US500059575003026","Block 3026, Block Group 3, Census Tract 9575, Caledonia County, Vermont","0","0","0"
"1000000US500059575003027","Block 3027, Block Group 3, Census Tract 9575, Caledonia County, Vermont","0","0","0"
"1000000US500059575003028","Block 3028, Block Group 3, Census Tract 9575, Caledonia County, Vermont","2","1","1"
"1000000US500059575003029","Block 3029, Block Group 3, Census Tract 9575, Caledonia County, Vermont","54","53","1"
"1000000US500059575003030","Block 3030, Block Group 3, Census Tract 9575, Caledonia County, Vermont","5","5","0"
"1000000US500059575003031","Block 3031, Block Group 3, Census Tract 9575, Caledonia County, Vermont","35","34","1"
"1000000US500059575003032","Block 3032, Block Group 3, Census Tract 9575, Caledonia County, Vermont","0","0","0"
"1000000US500059575003033","Block 3033, Block Group 3, Census Tract 9575, Caledonia County, Vermont","0","0","0"
"1000000US500059575003034","Block 3034, Block Group 3, Census Tract 9575, Caledonia County, Vermont","7","7","0"
"1000000US500059575003035","Block 3035, Block Group 3, Census Tract 9575, Caledonia County, Vermont","0","0","0"
"1000000US500059575003036","Block 3036, Block Group 3, Census Tract 9575, Caledonia County, Vermont","0","0","0"
"1000000US500059575003037","Block 3037, Block Group 3, Census Tract 9575, Caledonia County, Vermont","1","1","0"
"1000000US500059575003038","Block 3038, Block Group 3, Census Tract 9575, Caledonia County, Vermont","0","0","0"
"1000000US500059575003039","Block 3039, Block Group 3, Census Tract 9575, Caledonia County, Vermont","0","0","0"
"1000000US500059575003040","Block 3040, Block Group 3, Census Tract 9575, Caledonia County, Vermont","0","0","0"
"1000000US500059575003041","Block 3041, Block Group 3, Census Tract 9575, Caledonia County, Vermont","0","0","0"
"1000000US500059576001000","Block 1000, Block Group 1, Census Tract 9576, Caledonia County, Vermont","7","6","1"
"1000000US500059576001001","Block 1001, Block Group 1, Census Tract 9576, Caledonia County, Vermont","2","1","1"
"1000000US500059576001002","Block 1002, Block Group 1, Census Tract 9576, Caledonia County, Vermont","5","5","0"
"1000000US500059576001003","Block 1003, Block Group 1, Census Tract 9576, Caledonia County, Vermont","8","5","3"
"1000000US500059576001004","Block 1004, Block Group 1, Census Tract 9576, Caledonia County, Vermont","0","0","0"
"1000000US500059576001005","Block 1005, Block Group 1, Census Tract 9576, Caledonia County, Vermont","0","0","0"
"1000000US500059576001006","Block 1006, Block Group 1, Census Tract 9576, Caledonia County, Vermont","1","1","0"
"1000000US500059576001007","Block 1007, Block Group 1, Census Tract 9576, Caledonia County, Vermont","1","0","1"
"1000000US500059576001008","Block 1008, Block Group 1, Census Tract 9576, Caledonia County, Vermont","12","9","3"
"1000000US500059576001009","Block 1009, Block Group 1, Census Tract 9576, Caledonia County, Vermont","9","8","1"
"1000000US500059576001010","Block 1010, Block Group 1, Census Tract 9576, Caledonia County, Vermont","0","0","0"
"1000000US500059576001011","Block 1011, Block Group 1, Census Tract 9576, Caledonia County, Vermont","2","2","0"
"1000000US500059576001012","Block 1012, Block Group 1, Census Tract 9576, Caledonia County, Vermont","4","2","2"
"1000000US500059576001013","Block 1013, Block Group 1, Census Tract 9576, Caledonia County, Vermont","16","14","2"
"1000000US500059576001014","Block 1014, Block Group 1, Census Tract 9576, Caledonia County, Vermont","18","15","3"
"1000000US500059576001015","Block 1015, Block Group 1, Census Tract 9576, Caledonia County, Vermont","0","0","0"
"1000000US500059576001016","Block 1016, Block Group 1, Census Tract 9576, Caledonia County, Vermont","4","4","0"
"1000000US500059576001017","Block 1017, Block Group 1, Census Tract 9576, Caledonia County, Vermont","26","22","4"
"1000000US500059576001018","Block 1018, Block Group 1, Census Tract 9576, Caledonia County, Vermont","11","10","1"
"1000000US500059576001019","Block 1019, Block Group 1, Census Tract 9576, Caledonia County, Vermont","1","1","0"
"1000000US500059576001020","Block 1020, Block Group 1, Census Tract 9576, Caledonia County, Vermont","0","0","0"
"1000000US500059576001021","Block 1021, Block Group 1, Census Tract 9576, Caledonia County, Vermont","6","4","2"
"1000000US500059576001022","Block 1022, Block Group 1, Census Tract 9576, Caledonia County, Vermont","13","11","2"
"1000000US500059576001023","Block 1023, Block Group 1, Census Tract 9576, Caledonia County, Vermont","9","7","2"
"1000000US500059576001024","Block 1024, Block Group 1, Census Tract 9576, Caledonia County, Vermont","2","1","1"
"1000000US500059576001025","Block 1025, Block Group 1, Census Tract 9576, Caledonia County, Vermont","2","2","0"
"1000000US500059576001026","Block 1026, Block Group 1, Census Tract 9576, Caledonia County, Vermont","10","7","3"
"1000000US500059576001027","Block 1027, Block Group 1, Census Tract 9576, Caledonia County, Vermont","3","0","3"
"1000000US500059576001028","Block 1028, Block Group 1, Census Tract 9576, Caledonia County, Vermont","78","64","14"
"1000000US500059576001029","Block 1029, Block Group 1, Census Tract 9576, Caledonia County, Vermont","0","0","0"
"1000000US500059576001030","Block 1030, Block Group 1, Census Tract 9576, Caledonia County, Vermont","2","2","0"
"1000000US500059576001031","Block 1031, Block Group 1, Census Tract 9576, Caledonia County, Vermont","1","1","0"
"1000000US500059576001032","Block 1032, Block Group 1, Census Tract 9576, Caledonia County, Vermont","0","0","0"
"1000000US500059576001033","Block 1033, Block Group 1, Census Tract 9576, Caledonia County, Vermont","14","14","0"
"1000000US500059576001034","Block 1034, Block Group 1, Census Tract 9576, Caledonia County, Vermont","30","28","2"
"1000000US500059576001035","Block 1035, Block Group 1, Census Tract 9576, Caledonia County, Vermont","7","5","2"
"1000000US500059576001036","Block 1036, Block Group 1, Census Tract 9576, Caledonia County, Vermont","1","1","0"
"1000000US500059576001037","Block 1037, Block Group 1, Census Tract 9576, Caledonia County, Vermont","11","10","1"
"1000000US500059576001038","Block 1038, Block Group 1, Census Tract 9576, Caledonia County, Vermont","0","0","0"
"1000000US500059576001039","Block 1039, Block Group 1, Census Tract 9576, Caledonia County, Vermont","6","5","1"
"1000000US500059576001040","Block 1040, Block Group 1, Census Tract 9576, Caledonia County, Vermont","55","44","11"
"1000000US500059576001041","Block 1041, Block Group 1, Census Tract 9576, Caledonia County, Vermont","1","0","1"
"1000000US500059576001042","Block 1042, Block Group 1, Census Tract 9576, Caledonia County, Vermont","0","0","0"
"1000000US500059576001043","Block 1043, Block Group 1, Census Tract 9576, Caledonia County, Vermont","35","33","2"
"1000000US500059576001044","Block 1044, Block Group 1, Census Tract 9576, Caledonia County, Vermont","0","0","0"
"1000000US500059576001045","Block 1045, Block Group 1, Census Tract 9576, Caledonia County, Vermont","1","1","0"
"1000000US500059576001046","Block 1046, Block Group 1, Census Tract 9576, Caledonia County, Vermont","5","3","2"
"1000000US500059576001047","Block 1047, Block Group 1, Census Tract 9576, Caledonia County, Vermont","5","4","1"
"1000000US500059576001048","Block 1048, Block Group 1, Census Tract 9576, Caledonia County, Vermont","4","2","2"
"1000000US500059576001049","Block 1049, Block Group 1, Census Tract 9576, Caledonia County, Vermont","88","14","74"
"1000000US500059576001050","Block 1050, Block Group 1, Census Tract 9576, Caledonia County, Vermont","4","0","4"
"1000000US500059576001051","Block 1051, Block Group 1, Census Tract 9576, Caledonia County, Vermont","3","0","3"
"1000000US500059576001052","Block 1052, Block Group 1, Census Tract 9576, Caledonia County, Vermont","0","0","0"
"1000000US500059576001053","Block 1053, Block Group 1, Census Tract 9576, Caledonia County, Vermont","2","0","2"
"1000000US500059576001054","Block 1054, Block Group 1, Census Tract 9576, Caledonia County, Vermont","1","0","1"
"1000000US500059576001055","Block 1055, Block Group 1, Census Tract 9576, Caledonia County, Vermont","3","3","0"
"1000000US500059576001056","Block 1056, Block Group 1, Census Tract 9576, Caledonia County, Vermont","3","0","3"
"1000000US500059576001057","Block 1057, Block Group 1, Census Tract 9576, Caledonia County, Vermont","0","0","0"
"1000000US500059576001058","Block 1058, Block Group 1, Census Tract 9576, Caledonia County, Vermont","2","2","0"
"1000000US500059576001059","Block 1059, Block Group 1, Census Tract 9576, Caledonia County, Vermont","0","0","0"
"1000000US500059576001060","Block 1060, Block Group 1, Census Tract 9576, Caledonia County, Vermont","0","0","0"
"1000000US500059576001061","Block 1061, Block Group 1, Census Tract 9576, Caledonia County, Vermont","2","0","2"
"1000000US500059576001062","Block 1062, Block Group 1, Census Tract 9576, Caledonia County, Vermont","4","2","2"
"1000000US500059576001063","Block 1063, Block Group 1, Census Tract 9576, Caledonia County, Vermont","1","0","1"
"1000000US500059576001064","Block 1064, Block Group 1, Census Tract 9576, Caledonia County, Vermont","0","0","0"
"1000000US500059576001065","Block 1065, Block Group 1, Census Tract 9576, Caledonia County, Vermont","4","2","2"
"1000000US500059576001066","Block 1066, Block Group 1, Census Tract 9576, Caledonia County, Vermont","16","15","1"
"1000000US500059576001067","Block 1067, Block Group 1, Census Tract 9576, Caledonia County, Vermont","0","0","0"
"1000000US500059576001068","Block 1068, Block Group 1, Census Tract 9576, Caledonia County, Vermont","0","0","0"
"1000000US500059576001069","Block 1069, Block Group 1, Census Tract 9576, Caledonia County, Vermont","0","0","0"
"1000000US500059576001070","Block 1070, Block Group 1, Census Tract 9576, Caledonia County, Vermont","0","0","0"
"1000000US500059576001071","Block 1071, Block Group 1, Census Tract 9576, Caledonia County, Vermont","0","0","0"
"1000000US500059576001072","Block 1072, Block Group 1, Census Tract 9576, Caledonia County, Vermont","59","5","54"
"1000000US500059576001073","Block 1073, Block Group 1, Census Tract 9576, Caledonia County, Vermont","2","0","2"
"1000000US500059576001074","Block 1074, Block Group 1, Census Tract 9576, Caledonia County, Vermont","4","1","3"
"1000000US500059576001075","Block 1075, Block Group 1, Census Tract 9576, Caledonia County, Vermont","0","0","0"
"1000000US500059576001076","Block 1076, Block Group 1, Census Tract 9576, Caledonia County, Vermont","0","0","0"
"1000000US500059576001077","Block 1077, Block Group 1, Census Tract 9576, Caledonia County, Vermont","0","0","0"
"1000000US500059576001078","Block 1078, Block Group 1, Census Tract 9576, Caledonia County, Vermont","1","1","0"
"1000000US500059576001079","Block 1079, Block Group 1, Census Tract 9576, Caledonia County, Vermont","2","2","0"
"1000000US500059576001080","Block 1080, Block Group 1, Census Tract 9576, Caledonia County, Vermont","9","8","1"
"1000000US500059576001081","Block 1081, Block Group 1, Census Tract 9576, Caledonia County, Vermont","40","39","1"
"1000000US500059576001082","Block 1082, Block Group 1, Census Tract 9576, Caledonia County, Vermont","28","25","3"
"1000000US500059576001083","Block 1083, Block Group 1, Census Tract 9576, Caledonia County, Vermont","7","7","0"
"1000000US500059576001084","Block 1084, Block Group 1, Census Tract 9576, Caledonia County, Vermont","24","23","1"
"1000000US500059576001085","Block 1085, Block Group 1, Census Tract 9576, Caledonia County, Vermont","11","9","2"
"1000000US500059576001086","Block 1086, Block Group 1, Census Tract 9576, Caledonia County, Vermont","1","1","0"
"1000000US500059576001087","Block 1087, Block Group 1, Census Tract 9576, Caledonia County, Vermont","5","4","1"
"1000000US500059576001088","Block 1088, Block Group 1, Census Tract 9576, Caledonia County, Vermont","26","25","1"
"1000000US500059576001089","Block 1089, Block Group 1, Census Tract 9576, Caledonia County, Vermont","8","8","0"
"1000000US500059576001090","Block 1090, Block Group 1, Census Tract 9576, Caledonia County, Vermont","6","6","0"
"1000000US500059576001091","Block 1091, Block Group 1, Census Tract 9576, Caledonia County, Vermont","2","1","1"
"1000000US500059576001092","Block 1092, Block Group 1, Census Tract 9576, Caledonia County, Vermont","3","1","2"
"1000000US500059576001093","Block 1093, Block Group 1, Census Tract 9576, Caledonia County, Vermont","3","2","1"
"1000000US500059576001094","Block 1094, Block Group 1, Census Tract 9576, Caledonia County, Vermont","1","1","0"
"1000000US500059576001095","Block 1095, Block Group 1, Census Tract 9576, Caledonia County, Vermont","1","1","0"
"1000000US500059576001096","Block 1096, Block Group 1, Census Tract 9576, Caledonia County, Vermont","0","0","0"
"1000000US500059576001097","Block 1097, Block Group 1, Census Tract 9576, Caledonia County, Vermont","0","0","0"
"1000000US500059576002000","Block 2000, Block Group 2, Census Tract 9576, Caledonia County, Vermont","15","14","1"
"1000000US500059576002001","Block 2001, Block Group 2, Census Tract 9576, Caledonia County, Vermont","8","5","3"
"1000000US500059576002002","Block 2002, Block Group 2, Census Tract 9576, Caledonia County, Vermont","2","2","0"
"1000000US500059576002003","Block 2003, Block Group 2, Census Tract 9576, Caledonia County, Vermont","0","0","0"
"1000000US500059576002004","Block 2004, Block Group 2, Census Tract 9576, Caledonia County, Vermont","20","17","3"
"1000000US500059576002005","Block 2005, Block Group 2, Census Tract 9576, Caledonia County, Vermont","6","5","1"
"1000000US500059576002006","Block 2006, Block Group 2, Census Tract 9576, Caledonia County, Vermont","7","7","0"
"1000000US500059576002007","Block 2007, Block Group 2, Census Tract 9576, Caledonia County, Vermont","0","0","0"
"1000000US500059576002008","Block 2008, Block Group 2, Census Tract 9576, Caledonia County, Vermont","19","11","8"
"1000000US500059576002009","Block 2009, Block Group 2, Census Tract 9576, Caledonia County, Vermont","1","0","1"
"1000000US500059576002010","Block 2010, Block Group 2, Census Tract 9576, Caledonia County, Vermont","13","10","3"
"1000000US500059576002011","Block 2011, Block Group 2, Census Tract 9576, Caledonia County, Vermont","1","0","1"
"1000000US500059576002012","Block 2012, Block Group 2, Census Tract 9576, Caledonia County, Vermont","16","11","5"
"1000000US500059576002013","Block 2013, Block Group 2, Census Tract 9576, Caledonia County, Vermont","0","0","0"
"1000000US500059576002014","Block 2014, Block Group 2, Census Tract 9576, Caledonia County, Vermont","19","13","6"
"1000000US500059576002015","Block 2015, Block Group 2, Census Tract 9576, Caledonia County, Vermont","36","35","1"
"1000000US500059576002016","Block 2016, Block Group 2, Census Tract 9576, Caledonia County, Vermont","0","0","0"
"1000000US500059576002017","Block 2017, Block Group 2, Census Tract 9576, Caledonia County, Vermont","0","0","0"
"1000000US500059576002018","Block 2018, Block Group 2, Census Tract 9576, Caledonia County, Vermont","7","5","2"
"1000000US500059576002019","Block 2019, Block Group 2, Census Tract 9576, Caledonia County, Vermont","12","10","2"
"1000000US500059576002020","Block 2020, Block Group 2, Census Tract 9576, Caledonia County, Vermont","9","8","1"
"1000000US500059576002021","Block 2021, Block Group 2, Census Tract 9576, Caledonia County, Vermont","5","5","0"
"1000000US500059576002022","Block 2022, Block Group 2, Census Tract 9576, Caledonia County, Vermont","16","14","2"
"1000000US500059576002023","Block 2023, Block Group 2, Census Tract 9576, Caledonia County, Vermont","0","0","0"
"1000000US500059576002024","Block 2024, Block Group 2, Census Tract 9576, Caledonia County, Vermont","0","0","0"
"1000000US500059576002025","Block 2025, Block Group 2, Census Tract 9576, Caledonia County, Vermont","0","0","0"
"1000000US500059576002026","Block 2026, Block Group 2, Census Tract 9576, Caledonia County, Vermont","0","0","0"
"1000000US500059576002027","Block 2027, Block Group 2, Census Tract 9576, Caledonia County, Vermont","8","6","2"
"1000000US500059576002028","Block 2028, Block Group 2, Census Tract 9576, Caledonia County, Vermont","6","3","3"
"1000000US500059576002029","Block 2029, Block Group 2, Census Tract 9576, Caledonia County, Vermont","10","6","4"
"1000000US500059576002030","Block 2030, Block Group 2, Census Tract 9576, Caledonia County, Vermont","0","0","0"
"1000000US500059576002031","Block 2031, Block Group 2, Census Tract 9576, Caledonia County, Vermont","1","0","1"
"1000000US500059576002032","Block 2032, Block Group 2, Census Tract 9576, Caledonia County, Vermont","20","17","3"
"1000000US500059576002033","Block 2033, Block Group 2, Census Tract 9576, Caledonia County, Vermont","0","0","0"
"1000000US500059576002034","Block 2034, Block Group 2, Census Tract 9576, Caledonia County, Vermont","12","10","2"
"1000000US500059576002035","Block 2035, Block Group 2, Census Tract 9576, Caledonia County, Vermont","15","10","5"
"1000000US500059576002036","Block 2036, Block Group 2, Census Tract 9576, Caledonia County, Vermont","0","0","0"
"1000000US500059576002037","Block 2037, Block Group 2, Census Tract 9576, Caledonia County, Vermont","1","1","0"
"1000000US500059576002038","Block 2038, Block Group 2, Census Tract 9576, Caledonia County, Vermont","0","0","0"
"1000000US500059576002039","Block 2039, Block Group 2, Census Tract 9576, Caledonia County, Vermont","0","0","0"
"1000000US500059576002040","Block 2040, Block Group 2, Census Tract 9576, Caledonia County, Vermont","13","10","3"
"1000000US500059576002041","Block 2041, Block Group 2, Census Tract 9576, Caledonia County, Vermont","0","0","0"
"1000000US500059576002042","Block 2042, Block Group 2, Census Tract 9576, Caledonia County, Vermont","0","0","0"
"1000000US500059576002043","Block 2043, Block Group 2, Census Tract 9576, Caledonia County, Vermont","0","0","0"
"1000000US500059576002044","Block 2044, Block Group 2, Census Tract 9576, Caledonia County, Vermont","1","1","0"
"1000000US500059576002045","Block 2045, Block Group 2, Census Tract 9576, Caledonia County, Vermont","1","1","0"
"1000000US500059576002046","Block 2046, Block Group 2, Census Tract 9576, Caledonia County, Vermont","5","5","0"
"1000000US500059576002047","Block 2047, Block Group 2, Census Tract 9576, Caledonia County, Vermont","0","0","0"
"1000000US500059576002048","Block 2048, Block Group 2, Census Tract 9576, Caledonia County, Vermont","0","0","0"
"1000000US500059576002049","Block 2049, Block Group 2, Census Tract 9576, Caledonia County, Vermont","1","1","0"
"1000000US500059576002050","Block 2050, Block Group 2, Census Tract 9576, Caledonia County, Vermont","16","13","3"
"1000000US500059576002051","Block 2051, Block Group 2, Census Tract 9576, Caledonia County, Vermont","0","0","0"
"1000000US500059576002052","Block 2052, Block Group 2, Census Tract 9576, Caledonia County, Vermont","7","4","3"
"1000000US500059576002053","Block 2053, Block Group 2, Census Tract 9576, Caledonia County, Vermont","0","0","0"
"1000000US500059576002054","Block 2054, Block Group 2, Census Tract 9576, Caledonia County, Vermont","2","0","2"
"1000000US500059576002055","Block 2055, Block Group 2, Census Tract 9576, Caledonia County, Vermont","2","1","1"
"1000000US500059576002056","Block 2056, Block Group 2, Census Tract 9576, Caledonia County, Vermont","0","0","0"
"1000000US500059576002057","Block 2057, Block Group 2, Census Tract 9576, Caledonia County, Vermont","10","9","1"
"1000000US500059576002058","Block 2058, Block Group 2, Census Tract 9576, Caledonia County, Vermont","5","3","2"
"1000000US500059576002059","Block 2059, Block Group 2, Census Tract 9576, Caledonia County, Vermont","0","0","0"
"1000000US500059576002060","Block 2060, Block Group 2, Census Tract 9576, Caledonia County, Vermont","0","0","0"
"1000000US500059576002061","Block 2061, Block Group 2, Census Tract 9576, Caledonia County, Vermont","7","6","1"
"1000000US500059576002062","Block 2062, Block Group 2, Census Tract 9576, Caledonia County, Vermont","6","4","2"
"1000000US500059576002063","Block 2063, Block Group 2, Census Tract 9576, Caledonia County, Vermont","17","13","4"
"1000000US500059576002064","Block 2064, Block Group 2, Census Tract 9576, Caledonia County, Vermont","5","3","2"
"1000000US500059576002065","Block 2065, Block Group 2, Census Tract 9576, Caledonia County, Vermont","2","2","0"
"1000000US500059576002066","Block 2066, Block Group 2, Census Tract 9576, Caledonia County, Vermont","20","17","3"
"1000000US500059576002067","Block 2067, Block Group 2, Census Tract 9576, Caledonia County, Vermont","1","1","0"
"1000000US500059576002068","Block 2068, Block Group 2, Census Tract 9576, Caledonia County, Vermont","0","0","0"
"1000000US500059576002069","Block 2069, Block Group 2, Census Tract 9576, Caledonia County, Vermont","3","3","0"
"1000000US500059576002070","Block 2070, Block Group 2, Census Tract 9576, Caledonia County, Vermont","5","4","1"
"1000000US500059576002071","Block 2071, Block Group 2, Census Tract 9576, Caledonia County, Vermont","0","0","0"
"1000000US500059576002072","Block 2072, Block Group 2, Census Tract 9576, Caledonia County, Vermont","4","4","0"
"1000000US500059576002073","Block 2073, Block Group 2, Census Tract 9576, Caledonia County, Vermont","8","7","1"
"1000000US500059576002074","Block 2074, Block Group 2, Census Tract 9576, Caledonia County, Vermont","0","0","0"
"1000000US500059576002075","Block 2075, Block Group 2, Census Tract 9576, Caledonia County, Vermont","4","4","0"
"1000000US500059576002076","Block 2076, Block Group 2, Census Tract 9576, Caledonia County, Vermont","1","1","0"
"1000000US500059576002077","Block 2077, Block Group 2, Census Tract 9576, Caledonia County, Vermont","3","1","2"
"1000000US500059576002078","Block 2078, Block Group 2, Census Tract 9576, Caledonia County, Vermont","1","0","1"
"1000000US500059576002079","Block 2079, Block Group 2, Census Tract 9576, Caledonia County, Vermont","0","0","0"
"1000000US500059576002080","Block 2080, Block Group 2, Census Tract 9576, Caledonia County, Vermont","2","2","0"
"1000000US500059576002081","Block 2081, Block Group 2, Census Tract 9576, Caledonia County, Vermont","2","2","0"
"1000000US500059576002082","Block 2082, Block Group 2, Census Tract 9576, Caledonia County, Vermont","0","0","0"
"1000000US500059576002083","Block 2083, Block Group 2, Census Tract 9576, Caledonia County, Vermont","4","3","1"
"1000000US500059576002084","Block 2084, Block Group 2, Census Tract 9576, Caledonia County, Vermont","0","0","0"
"1000000US500059576002085","Block 2085, Block Group 2, Census Tract 9576, Caledonia County, Vermont","1","1","0"
"1000000US500059576002086","Block 2086, Block Group 2, Census Tract 9576, Caledonia County, Vermont","0","0","0"
"1000000US500059576002087","Block 2087, Block Group 2, Census Tract 9576, Caledonia County, Vermont","12","11","1"
"1000000US500059576002088","Block 2088, Block Group 2, Census Tract 9576, Caledonia County, Vermont","7","4","3"
"1000000US500059576002089","Block 2089, Block Group 2, Census Tract 9576, Caledonia County, Vermont","1","0","1"
"1000000US500059577001000","Block 1000, Block Group 1, Census Tract 9577, Caledonia County, Vermont","1","0","1"
"1000000US500059577001001","Block 1001, Block Group 1, Census Tract 9577, Caledonia County, Vermont","0","0","0"
"1000000US500059577001002","Block 1002, Block Group 1, Census Tract 9577, Caledonia County, Vermont","6","6","0"
"1000000US500059577001003","Block 1003, Block Group 1, Census Tract 9577, Caledonia County, Vermont","0","0","0"
"1000000US500059577001004","Block 1004, Block Group 1, Census Tract 9577, Caledonia County, Vermont","17","17","0"
"1000000US500059577001005","Block 1005, Block Group 1, Census Tract 9577, Caledonia County, Vermont","9","9","0"
"1000000US500059577001006","Block 1006, Block Group 1, Census Tract 9577, Caledonia County, Vermont","8","5","3"
"1000000US500059577001007","Block 1007, Block Group 1, Census Tract 9577, Caledonia County, Vermont","0","0","0"
"1000000US500059577001008","Block 1008, Block Group 1, Census Tract 9577, Caledonia County, Vermont","19","17","2"
"1000000US500059577001009","Block 1009, Block Group 1, Census Tract 9577, Caledonia County, Vermont","0","0","0"
"1000000US500059577001010","Block 1010, Block Group 1, Census Tract 9577, Caledonia County, Vermont","8","5","3"
"1000000US500059577001011","Block 1011, Block Group 1, Census Tract 9577, Caledonia County, Vermont","3","2","1"
"1000000US500059577001012","Block 1012, Block Group 1, Census Tract 9577, Caledonia County, Vermont","4","3","1"
"1000000US500059577001013","Block 1013, Block Group 1, Census Tract 9577, Caledonia County, Vermont","0","0","0"
"1000000US500059577001014","Block 1014, Block Group 1, Census Tract 9577, Caledonia County, Vermont","0","0","0"
"1000000US500059577001015","Block 1015, Block Group 1, Census Tract 9577, Caledonia County, Vermont","0","0","0"
"1000000US500059577001016","Block 1016, Block Group 1, Census Tract 9577, Caledonia County, Vermont","2","2","0"
"1000000US500059577001017","Block 1017, Block Group 1, Census Tract 9577, Caledonia County, Vermont","0","0","0"
"1000000US500059577001018","Block 1018, Block Group 1, Census Tract 9577, Caledonia County, Vermont","0","0","0"
"1000000US500059577001019","Block 1019, Block Group 1, Census Tract 9577, Caledonia County, Vermont","0","0","0"
"1000000US500059577001020","Block 1020, Block Group 1, Census Tract 9577, Caledonia County, Vermont","0","0","0"
"1000000US500059577001021","Block 1021, Block Group 1, Census Tract 9577, Caledonia County, Vermont","0","0","0"
"1000000US500059577001022","Block 1022, Block Group 1, Census Tract 9577, Caledonia County, Vermont","5","4","1"
"1000000US500059577001023","Block 1023, Block Group 1, Census Tract 9577, Caledonia County, Vermont","1","1","0"
"1000000US500059577001024","Block 1024, Block Group 1, Census Tract 9577, Caledonia County, Vermont","32","27","5"
"1000000US500059577001025","Block 1025, Block Group 1, Census Tract 9577, Caledonia County, Vermont","0","0","0"
"1000000US500059577001026","Block 1026, Block Group 1, Census Tract 9577, Caledonia County, Vermont","0","0","0"
"1000000US500059577001027","Block 1027, Block Group 1, Census Tract 9577, Caledonia County, Vermont","0","0","0"
"1000000US500059577001028","Block 1028, Block Group 1, Census Tract 9577, Caledonia County, Vermont","12","10","2"
"1000000US500059577001029","Block 1029, Block Group 1, Census Tract 9577, Caledonia County, Vermont","0","0","0"
"1000000US500059577001030","Block 1030, Block Group 1, Census Tract 9577, Caledonia County, Vermont","2","2","0"
"1000000US500059577001031","Block 1031, Block Group 1, Census Tract 9577, Caledonia County, Vermont","0","0","0"
"1000000US500059577001032","Block 1032, Block Group 1, Census Tract 9577, Caledonia County, Vermont","29","20","9"
"1000000US500059577001033","Block 1033, Block Group 1, Census Tract 9577, Caledonia County, Vermont","0","0","0"
"1000000US500059577001034","Block 1034, Block Group 1, Census Tract 9577, Caledonia County, Vermont","0","0","0"
"1000000US500059577001035","Block 1035, Block Group 1, Census Tract 9577, Caledonia County, Vermont","7","7","0"
"1000000US500059577001036","Block 1036, Block Group 1, Census Tract 9577, Caledonia County, Vermont","0","0","0"
"1000000US500059577001037","Block 1037, Block Group 1, Census Tract 9577, Caledonia County, Vermont","6","5","1"
"1000000US500059577001038","Block 1038, Block Group 1, Census Tract 9577, Caledonia County, Vermont","22","17","5"
"1000000US500059577001039","Block 1039, Block Group 1, Census Tract 9577, Caledonia County, Vermont","20","16","4"
"1000000US500059577001040","Block 1040, Block Group 1, Census Tract 9577, Caledonia County, Vermont","4","3","1"
"1000000US500059577001041","Block 1041, Block Group 1, Census Tract 9577, Caledonia County, Vermont","0","0","0"
"1000000US500059577001042","Block 1042, Block Group 1, Census Tract 9577, Caledonia County, Vermont","1","1","0"
"1000000US500059577001043","Block 1043, Block Group 1, Census Tract 9577, Caledonia County, Vermont","12","11","1"
"1000000US500059577001044","Block 1044, Block Group 1, Census Tract 9577, Caledonia County, Vermont","48","39","9"
"1000000US500059577001045","Block 1045, Block Group 1, Census Tract 9577, Caledonia County, Vermont","5","4","1"
"1000000US500059577001046","Block 1046, Block Group 1, Census Tract 9577, Caledonia County, Vermont","13","11","2"
"1000000US500059577001047","Block 1047, Block Group 1, Census Tract 9577, Caledonia County, Vermont","0","0","0"
"1000000US500059577001048","Block 1048, Block Group 1, Census Tract 9577, Caledonia County, Vermont","0","0","0"
"1000000US500059577001049","Block 1049, Block Group 1, Census Tract 9577, Caledonia County, Vermont","1","1","0"
"1000000US500059577001050","Block 1050, Block Group 1, Census Tract 9577, Caledonia County, Vermont","0","0","0"
"1000000US500059577001051","Block 1051, Block Group 1, Census Tract 9577, Caledonia County, Vermont","13","11","2"
"1000000US500059577001052","Block 1052, Block Group 1, Census Tract 9577, Caledonia County, Vermont","0","0","0"
"1000000US500059577001053","Block 1053, Block Group 1, Census Tract 9577, Caledonia County, Vermont","27","25","2"
"1000000US500059577001054","Block 1054, Block Group 1, Census Tract 9577, Caledonia County, Vermont","2","2","0"
"1000000US500059577001055","Block 1055, Block Group 1, Census Tract 9577, Caledonia County, Vermont","0","0","0"
"1000000US500059577001056","Block 1056, Block Group 1, Census Tract 9577, Caledonia County, Vermont","0","0","0"
"1000000US500059577001057","Block 1057, Block Group 1, Census Tract 9577, Caledonia County, Vermont","1","0","1"
"1000000US500059577001058","Block 1058, Block Group 1, Census Tract 9577, Caledonia County, Vermont","0","0","0"
"1000000US500059577001059","Block 1059, Block Group 1, Census Tract 9577, Caledonia County, Vermont","36","30","6"
"1000000US500059577001060","Block 1060, Block Group 1, Census Tract 9577, Caledonia County, Vermont","8","8","0"
"1000000US500059577001061","Block 1061, Block Group 1, Census Tract 9577, Caledonia County, Vermont","0","0","0"
"1000000US500059577001062","Block 1062, Block Group 1, Census Tract 9577, Caledonia County, Vermont","28","25","3"
"1000000US500059577001063","Block 1063, Block Group 1, Census Tract 9577, Caledonia County, Vermont","0","0","0"
"1000000US500059577001064","Block 1064, Block Group 1, Census Tract 9577, Caledonia County, Vermont","12","9","3"
"1000000US500059577001065","Block 1065, Block Group 1, Census Tract 9577, Caledonia County, Vermont","23","20","3"
"1000000US500059577001066","Block 1066, Block Group 1, Census Tract 9577, Caledonia County, Vermont","18","18","0"
"1000000US500059577001067","Block 1067, Block Group 1, Census Tract 9577, Caledonia County, Vermont","5","4","1"
"1000000US500059577001068","Block 1068, Block Group 1, Census Tract 9577, Caledonia County, Vermont","5","4","1"
"1000000US500059577001069","Block 1069, Block Group 1, Census Tract 9577, Caledonia County, Vermont","10","9","1"
"1000000US500059577001070","Block 1070, Block Group 1, Census Tract 9577, Caledonia County, Vermont","7","7","0"
"1000000US500059577001071","Block 1071, Block Group 1, Census Tract 9577, Caledonia County, Vermont","5","5","0"
"1000000US500059577001072","Block 1072, Block Group 1, Census Tract 9577, Caledonia County, Vermont","13","10","3"
"1000000US500059577001073","Block 1073, Block Group 1, Census Tract 9577, Caledonia County, Vermont","0","0","0"
"1000000US500059577001074","Block 1074, Block Group 1, Census Tract 9577, Caledonia County, Vermont","0","0","0"
"1000000US500059577001075","Block 1075, Block Group 1, Census Tract 9577, Caledonia County, Vermont","1","1","0"
"1000000US500059577001076","Block 1076, Block Group 1, Census Tract 9577, Caledonia County, Vermont","1","1","0"
"1000000US500059577001077","Block 1077, Block Group 1, Census Tract 9577, Caledonia County, Vermont","0","0","0"
"1000000US500059577001078","Block 1078, Block Group 1, Census Tract 9577, Caledonia County, Vermont","0","0","0"
"1000000US500059577001079","Block 1079, Block Group 1, Census Tract 9577, Caledonia County, Vermont","5","5","0"
"1000000US500059577001080","Block 1080, Block Group 1, Census Tract 9577, Caledonia County, Vermont","0","0","0"
"1000000US500059577001081","Block 1081, Block Group 1, Census Tract 9577, Caledonia County, Vermont","0","0","0"
"1000000US500059577001082","Block 1082, Block Group 1, Census Tract 9577, Caledonia County, Vermont","0","0","0"
"1000000US500059577001083","Block 1083, Block Group 1, Census Tract 9577, Caledonia County, Vermont","6","6","0"
"1000000US500059577001084","Block 1084, Block Group 1, Census Tract 9577, Caledonia County, Vermont","0","0","0"
"1000000US500059577001085","Block 1085, Block Group 1, Census Tract 9577, Caledonia County, Vermont","1","1","0"
"1000000US500059577001086","Block 1086, Block Group 1, Census Tract 9577, Caledonia County, Vermont","0","0","0"
"1000000US500059577001087","Block 1087, Block Group 1, Census Tract 9577, Caledonia County, Vermont","11","11","0"
"1000000US500059577001088","Block 1088, Block Group 1, Census Tract 9577, Caledonia County, Vermont","9","7","2"
"1000000US500059577001089","Block 1089, Block Group 1, Census Tract 9577, Caledonia County, Vermont","10","10","0"
"1000000US500059577001090","Block 1090, Block Group 1, Census Tract 9577, Caledonia County, Vermont","2","2","0"
"1000000US500059577001091","Block 1091, Block Group 1, Census Tract 9577, Caledonia County, Vermont","19","18","1"
"1000000US500059577001092","Block 1092, Block Group 1, Census Tract 9577, Caledonia County, Vermont","25","22","3"
"1000000US500059577001093","Block 1093, Block Group 1, Census Tract 9577, Caledonia County, Vermont","8","5","3"
"1000000US500059577001094","Block 1094, Block Group 1, Census Tract 9577, Caledonia County, Vermont","22","20","2"
"1000000US500059577001095","Block 1095, Block Group 1, Census Tract 9577, Caledonia County, Vermont","16","16","0"
"1000000US500059577001096","Block 1096, Block Group 1, Census Tract 9577, Caledonia County, Vermont","0","0","0"
"1000000US500059577001097","Block 1097, Block Group 1, Census Tract 9577, Caledonia County, Vermont","0","0","0"
"1000000US500059577001098","Block 1098, Block Group 1, Census Tract 9577, Caledonia County, Vermont","3","3","0"
"1000000US500059577001099","Block 1099, Block Group 1, Census Tract 9577, Caledonia County, Vermont","0","0","0"
"1000000US500059577001100","Block 1100, Block Group 1, Census Tract 9577, Caledonia County, Vermont","0","0","0"
"1000000US500059577001101","Block 1101, Block Group 1, Census Tract 9577, Caledonia County, Vermont","1","1","0"
"1000000US500059577001102","Block 1102, Block Group 1, Census Tract 9577, Caledonia County, Vermont","0","0","0"
"1000000US500059577001103","Block 1103, Block Group 1, Census Tract 9577, Caledonia County, Vermont","4","4","0"
"1000000US500059577001104","Block 1104, Block Group 1, Census Tract 9577, Caledonia County, Vermont","1","1","0"
"1000000US500059577001105","Block 1105, Block Group 1, Census Tract 9577, Caledonia County, Vermont","0","0","0"
"1000000US500059577001106","Block 1106, Block Group 1, Census Tract 9577, Caledonia County, Vermont","6","5","1"
"1000000US500059577001107","Block 1107, Block Group 1, Census Tract 9577, Caledonia County, Vermont","0","0","0"
"1000000US500059577001108","Block 1108, Block Group 1, Census Tract 9577, Caledonia County, Vermont","2","1","1"
"1000000US500059577001109","Block 1109, Block Group 1, Census Tract 9577, Caledonia County, Vermont","2","2","0"
"1000000US500059577001110","Block 1110, Block Group 1, Census Tract 9577, Caledonia County, Vermont","1","1","0"
"1000000US500059577001111","Block 1111, Block Group 1, Census Tract 9577, Caledonia County, Vermont","5","5","0"
"1000000US500059577001112","Block 1112, Block Group 1, Census Tract 9577, Caledonia County, Vermont","0","0","0"
"1000000US500059577001113","Block 1113, Block Group 1, Census Tract 9577, Caledonia County, Vermont","4","4","0"
"1000000US500059577001114","Block 1114, Block Group 1, Census Tract 9577, Caledonia County, Vermont","0","0","0"
"1000000US500059577001115","Block 1115, Block Group 1, Census Tract 9577, Caledonia County, Vermont","0","0","0"
"1000000US500059577001116","Block 1116, Block Group 1, Census Tract 9577, Caledonia County, Vermont","1","1","0"
"1000000US500059577001117","Block 1117, Block Group 1, Census Tract 9577, Caledonia County, Vermont","4","3","1"
"1000000US500059577001118","Block 1118, Block Group 1, Census Tract 9577, Caledonia County, Vermont","16","14","2"
"1000000US500059577001119","Block 1119, Block Group 1, Census Tract 9577, Caledonia County, Vermont","3","2","1"
"1000000US500059577001120","Block 1120, Block Group 1, Census Tract 9577, Caledonia County, Vermont","3","3","0"
"1000000US500059577001121","Block 1121, Block Group 1, Census Tract 9577, Caledonia County, Vermont","1","1","0"
"1000000US500059577001122","Block 1122, Block Group 1, Census Tract 9577, Caledonia County, Vermont","0","0","0"
"1000000US500059577001123","Block 1123, Block Group 1, Census Tract 9577, Caledonia County, Vermont","0","0","0"
"1000000US500059577001124","Block 1124, Block Group 1, Census Tract 9577, Caledonia County, Vermont","39","34","5"
"1000000US500059577001125","Block 1125, Block Group 1, Census Tract 9577, Caledonia County, Vermont","22","22","0"
"1000000US500059577001126","Block 1126, Block Group 1, Census Tract 9577, Caledonia County, Vermont","5","5","0"
"1000000US500059577001127","Block 1127, Block Group 1, Census Tract 9577, Caledonia County, Vermont","3","3","0"
"1000000US500059577001128","Block 1128, Block Group 1, Census Tract 9577, Caledonia County, Vermont","0","0","0"
"1000000US500059577002000","Block 2000, Block Group 2, Census Tract 9577, Caledonia County, Vermont","33","29","4"
"1000000US500059577002001","Block 2001, Block Group 2, Census Tract 9577, Caledonia County, Vermont","27","23","4"
"1000000US500059577002002","Block 2002, Block Group 2, Census Tract 9577, Caledonia County, Vermont","0","0","0"
"1000000US500059577002003","Block 2003, Block Group 2, Census Tract 9577, Caledonia County, Vermont","18","10","8"
"1000000US500059577002004","Block 2004, Block Group 2, Census Tract 9577, Caledonia County, Vermont","39","31","8"
"1000000US500059577002005","Block 2005, Block Group 2, Census Tract 9577, Caledonia County, Vermont","38","34","4"
"1000000US500059577002006","Block 2006, Block Group 2, Census Tract 9577, Caledonia County, Vermont","6","4","2"
"1000000US500059577002007","Block 2007, Block Group 2, Census Tract 9577, Caledonia County, Vermont","13","12","1"
"1000000US500059577002008","Block 2008, Block Group 2, Census Tract 9577, Caledonia County, Vermont","15","11","4"
"1000000US500059577002009","Block 2009, Block Group 2, Census Tract 9577, Caledonia County, Vermont","8","6","2"
"1000000US500059577002010","Block 2010, Block Group 2, Census Tract 9577, Caledonia County, Vermont","14","11","3"
"1000000US500059577002011","Block 2011, Block Group 2, Census Tract 9577, Caledonia County, Vermont","5","5","0"
"1000000US500059577002012","Block 2012, Block Group 2, Census Tract 9577, Caledonia County, Vermont","36","36","0"
"1000000US500059577002013","Block 2013, Block Group 2, Census Tract 9577, Caledonia County, Vermont","1","1","0"
"1000000US500059577002014","Block 2014, Block Group 2, Census Tract 9577, Caledonia County, Vermont","5","5","0"
"1000000US500059577002015","Block 2015, Block Group 2, Census Tract 9577, Caledonia County, Vermont","6","6","0"
"1000000US500059577002016","Block 2016, Block Group 2, Census Tract 9577, Caledonia County, Vermont","1","1","0"
"1000000US500059577002017","Block 2017, Block Group 2, Census Tract 9577, Caledonia County, Vermont","0","0","0"
"1000000US500059577002018","Block 2018, Block Group 2, Census Tract 9577, Caledonia County, Vermont","0","0","0"
"1000000US500059577002019","Block 2019, Block Group 2, Census Tract 9577, Caledonia County, Vermont","0","0","0"
"1000000US500059577002020","Block 2020, Block Group 2, Census Tract 9577, Caledonia County, Vermont","0","0","0"
"1000000US500059577002021","Block 2021, Block Group 2, Census Tract 9577, Caledonia County, Vermont","0","0","0"
"1000000US500059577002022","Block 2022, Block Group 2, Census Tract 9577, Caledonia County, Vermont","5","5","0"
"1000000US500059577002023","Block 2023, Block Group 2, Census Tract 9577, Caledonia County, Vermont","0","0","0"
"1000000US500059577002024","Block 2024, Block Group 2, Census Tract 9577, Caledonia County, Vermont","0","0","0"
"1000000US500059577002025","Block 2025, Block Group 2, Census Tract 9577, Caledonia County, Vermont","0","0","0"
"1000000US500059577002026","Block 2026, Block Group 2, Census Tract 9577, Caledonia County, Vermont","0","0","0"
"1000000US500059577002027","Block 2027, Block Group 2, Census Tract 9577, Caledonia County, Vermont","0","0","0"
"1000000US500059577002028","Block 2028, Block Group 2, Census Tract 9577, Caledonia County, Vermont","0","0","0"
"1000000US500059577002029","Block 2029, Block Group 2, Census Tract 9577, Caledonia County, Vermont","0","0","0"
"1000000US500059577002030","Block 2030, Block Group 2, Census Tract 9577, Caledonia County, Vermont","0","0","0"
"1000000US500059577002031","Block 2031, Block Group 2, Census Tract 9577, Caledonia County, Vermont","0","0","0"
"1000000US500059577002032","Block 2032, Block Group 2, Census Tract 9577, Caledonia County, Vermont","0","0","0"
"1000000US500059577002033","Block 2033, Block Group 2, Census Tract 9577, Caledonia County, Vermont","5","3","2"
"1000000US500059577002034","Block 2034, Block Group 2, Census Tract 9577, Caledonia County, Vermont","0","0","0"
"1000000US500059577002035","Block 2035, Block Group 2, Census Tract 9577, Caledonia County, Vermont","0","0","0"
"1000000US500059577002036","Block 2036, Block Group 2, Census Tract 9577, Caledonia County, Vermont","0","0","0"
"1000000US500059577002037","Block 2037, Block Group 2, Census Tract 9577, Caledonia County, Vermont","0","0","0"
"1000000US500059577002038","Block 2038, Block Group 2, Census Tract 9577, Caledonia County, Vermont","0","0","0"
"1000000US500059577002039","Block 2039, Block Group 2, Census Tract 9577, Caledonia County, Vermont","0","0","0"
"1000000US500059577002040","Block 2040, Block Group 2, Census Tract 9577, Caledonia County, Vermont","0","0","0"
"1000000US500059577002041","Block 2041, Block Group 2, Census Tract 9577, Caledonia County, Vermont","0","0","0"
"1000000US500059577002042","Block 2042, Block Group 2, Census Tract 9577, Caledonia County, Vermont","6","6","0"
"1000000US500059577002043","Block 2043, Block Group 2, Census Tract 9577, Caledonia County, Vermont","0","0","0"
"1000000US500059577002044","Block 2044, Block Group 2, Census Tract 9577, Caledonia County, Vermont","0","0","0"
"1000000US500059577002045","Block 2045, Block Group 2, Census Tract 9577, Caledonia County, Vermont","0","0","0"
"1000000US500059577002046","Block 2046, Block Group 2, Census Tract 9577, Caledonia County, Vermont","2","1","1"
"1000000US500059577002047","Block 2047, Block Group 2, Census Tract 9577, Caledonia County, Vermont","17","16","1"
"1000000US500059577002048","Block 2048, Block Group 2, Census Tract 9577, Caledonia County, Vermont","92","83","9"
"1000000US500059577002049","Block 2049, Block Group 2, Census Tract 9577, Caledonia County, Vermont","10","10","0"
"1000000US500059577002050","Block 2050, Block Group 2, Census Tract 9577, Caledonia County, Vermont","1","1","0"
"1000000US500059577002051","Block 2051, Block Group 2, Census Tract 9577, Caledonia County, Vermont","12","10","2"
"1000000US500059577002052","Block 2052, Block Group 2, Census Tract 9577, Caledonia County, Vermont","4","4","0"
"1000000US500059577002053","Block 2053, Block Group 2, Census Tract 9577, Caledonia County, Vermont","8","6","2"
"1000000US500059577002054","Block 2054, Block Group 2, Census Tract 9577, Caledonia County, Vermont","0","0","0"
"1000000US500059577002055","Block 2055, Block Group 2, Census Tract 9577, Caledonia County, Vermont","19","17","2"
"1000000US500059577002056","Block 2056, Block Group 2, Census Tract 9577, Caledonia County, Vermont","7","7","0"
"1000000US500059577002057","Block 2057, Block Group 2, Census Tract 9577, Caledonia County, Vermont","1","0","1"
"1000000US500059577002058","Block 2058, Block Group 2, Census Tract 9577, Caledonia County, Vermont","0","0","0"
"1000000US500059577002059","Block 2059, Block Group 2, Census Tract 9577, Caledonia County, Vermont","2","2","0"
"1000000US500059577002060","Block 2060, Block Group 2, Census Tract 9577, Caledonia County, Vermont","3","3","0"
"1000000US500059577002061","Block 2061, Block Group 2, Census Tract 9577, Caledonia County, Vermont","0","0","0"
"1000000US500059577002062","Block 2062, Block Group 2, Census Tract 9577, Caledonia County, Vermont","16","13","3"
"1000000US500059577002063","Block 2063, Block Group 2, Census Tract 9577, Caledonia County, Vermont","33","28","5"
"1000000US500059577002064","Block 2064, Block Group 2, Census Tract 9577, Caledonia County, Vermont","0","0","0"
"1000000US500059577002065","Block 2065, Block Group 2, Census Tract 9577, Caledonia County, Vermont","1","1","0"
"1000000US500059577002066","Block 2066, Block Group 2, Census Tract 9577, Caledonia County, Vermont","7","6","1"
"1000000US500059577002067","Block 2067, Block Group 2, Census Tract 9577, Caledonia County, Vermont","22","19","3"
"1000000US500059577002068","Block 2068, Block Group 2, Census Tract 9577, Caledonia County, Vermont","7","7","0"
"1000000US500059577002069","Block 2069, Block Group 2, Census Tract 9577, Caledonia County, Vermont","8","8","0"
"1000000US500059577002070","Block 2070, Block Group 2, Census Tract 9577, Caledonia County, Vermont","9","9","0"
"1000000US500059577002071","Block 2071, Block Group 2, Census Tract 9577, Caledonia County, Vermont","31","30","1"
"1000000US500059577002072","Block 2072, Block Group 2, Census Tract 9577, Caledonia County, Vermont","6","5","1"
"1000000US500059577002073","Block 2073, Block Group 2, Census Tract 9577, Caledonia County, Vermont","14","13","1"
"1000000US500059577002074","Block 2074, Block Group 2, Census Tract 9577, Caledonia County, Vermont","11","8","3"
"1000000US500059577002075","Block 2075, Block Group 2, Census Tract 9577, Caledonia County, Vermont","0","0","0"
"1000000US500059577002076","Block 2076, Block Group 2, Census Tract 9577, Caledonia County, Vermont","0","0","0"
"1000000US500059577002077","Block 2077, Block Group 2, Census Tract 9577, Caledonia County, Vermont","0","0","0"
"1000000US500059577002078","Block 2078, Block Group 2, Census Tract 9577, Caledonia County, Vermont","10","9","1"
"1000000US500059577002079","Block 2079, Block Group 2, Census Tract 9577, Caledonia County, Vermont","1","0","1"
"1000000US500059577002080","Block 2080, Block Group 2, Census Tract 9577, Caledonia County, Vermont","0","0","0"
"1000000US500059577002081","Block 2081, Block Group 2, Census Tract 9577, Caledonia County, Vermont","0","0","0"
"1000000US500059577002082","Block 2082, Block Group 2, Census Tract 9577, Caledonia County, Vermont","0","0","0"
"1000000US500059577002083","Block 2083, Block Group 2, Census Tract 9577, Caledonia County, Vermont","0","0","0"
"1000000US500059577002084","Block 2084, Block Group 2, Census Tract 9577, Caledonia County, Vermont","1","0","1"
"1000000US500059577002085","Block 2085, Block Group 2, Census Tract 9577, Caledonia County, Vermont","4","2","2"
"1000000US500059577002086","Block 2086, Block Group 2, Census Tract 9577, Caledonia County, Vermont","0","0","0"
"1000000US500059577002087","Block 2087, Block Group 2, Census Tract 9577, Caledonia County, Vermont","11","10","1"
"1000000US500059578001000","Block 1000, Block Group 1, Census Tract 9578, Caledonia County, Vermont","0","0","0"
"1000000US500059578001001","Block 1001, Block Group 1, Census Tract 9578, Caledonia County, Vermont","0","0","0"
"1000000US500059578001002","Block 1002, Block Group 1, Census Tract 9578, Caledonia County, Vermont","0","0","0"
"1000000US500059578001003","Block 1003, Block Group 1, Census Tract 9578, Caledonia County, Vermont","4","1","3"
"1000000US500059578001004","Block 1004, Block Group 1, Census Tract 9578, Caledonia County, Vermont","0","0","0"
"1000000US500059578001005","Block 1005, Block Group 1, Census Tract 9578, Caledonia County, Vermont","1","1","0"
"1000000US500059578001006","Block 1006, Block Group 1, Census Tract 9578, Caledonia County, Vermont","4","3","1"
"1000000US500059578001007","Block 1007, Block Group 1, Census Tract 9578, Caledonia County, Vermont","0","0","0"
"1000000US500059578001008","Block 1008, Block Group 1, Census Tract 9578, Caledonia County, Vermont","0","0","0"
"1000000US500059578001009","Block 1009, Block Group 1, Census Tract 9578, Caledonia County, Vermont","23","18","5"
"1000000US500059578001010","Block 1010, Block Group 1, Census Tract 9578, Caledonia County, Vermont","0","0","0"
"1000000US500059578001011","Block 1011, Block Group 1, Census Tract 9578, Caledonia County, Vermont","6","6","0"
"1000000US500059578001012","Block 1012, Block Group 1, Census Tract 9578, Caledonia County, Vermont","5","3","2"
"1000000US500059578001013","Block 1013, Block Group 1, Census Tract 9578, Caledonia County, Vermont","1","0","1"
"1000000US500059578001014","Block 1014, Block Group 1, Census Tract 9578, Caledonia County, Vermont","7","5","2"
"1000000US500059578001015","Block 1015, Block Group 1, Census Tract 9578, Caledonia County, Vermont","51","28","23"
"1000000US500059578001016","Block 1016, Block Group 1, Census Tract 9578, Caledonia County, Vermont","1","0","1"
"1000000US500059578001017","Block 1017, Block Group 1, Census Tract 9578, Caledonia County, Vermont","2","2","0"
"1000000US500059578001018","Block 1018, Block Group 1, Census Tract 9578, Caledonia County, Vermont","0","0","0"
"1000000US500059578001019","Block 1019, Block Group 1, Census Tract 9578, Caledonia County, Vermont","0","0","0"
"1000000US500059578001020","Block 1020, Block Group 1, Census Tract 9578, Caledonia County, Vermont","18","12","6"
"1000000US500059578001021","Block 1021, Block Group 1, Census Tract 9578, Caledonia County, Vermont","0","0","0"
"1000000US500059578001022","Block 1022, Block Group 1, Census Tract 9578, Caledonia County, Vermont","124","20","104"
"1000000US500059578001023","Block 1023, Block Group 1, Census Tract 9578, Caledonia County, Vermont","3","1","2"
"1000000US500059578001024","Block 1024, Block Group 1, Census Tract 9578, Caledonia County, Vermont","0","0","0"
"1000000US500059578001025","Block 1025, Block Group 1, Census Tract 9578, Caledonia County, Vermont","0","0","0"
"1000000US500059578001026","Block 1026, Block Group 1, Census Tract 9578, Caledonia County, Vermont","7","3","4"
"1000000US500059578001027","Block 1027, Block Group 1, Census Tract 9578, Caledonia County, Vermont","0","0","0"
"1000000US500059578001028","Block 1028, Block Group 1, Census Tract 9578, Caledonia County, Vermont","0","0","0"
"1000000US500059578001029","Block 1029, Block Group 1, Census Tract 9578, Caledonia County, Vermont","1","0","1"
"1000000US500059578001030","Block 1030, Block Group 1, Census Tract 9578, Caledonia County, Vermont","27","1","26"
"1000000US500059578001031","Block 1031, Block Group 1, Census Tract 9578, Caledonia County, Vermont","0","0","0"
"1000000US500059578001032","Block 1032, Block Group 1, Census Tract 9578, Caledonia County, Vermont","0","0","0"
"1000000US500059578001033","Block 1033, Block Group 1, Census Tract 9578, Caledonia County, Vermont","0","0","0"
"1000000US500059578001034","Block 1034, Block Group 1, Census Tract 9578, Caledonia County, Vermont","1","1","0"
"1000000US500059578001035","Block 1035, Block Group 1, Census Tract 9578, Caledonia County, Vermont","3","3","0"
"1000000US500059578001036","Block 1036, Block Group 1, Census Tract 9578, Caledonia County, Vermont","9","6","3"
"1000000US500059578001037","Block 1037, Block Group 1, Census Tract 9578, Caledonia County, Vermont","0","0","0"
"1000000US500059578001038","Block 1038, Block Group 1, Census Tract 9578, Caledonia County, Vermont","12","3","9"
"1000000US500059578001039","Block 1039, Block Group 1, Census Tract 9578, Caledonia County, Vermont","1","1","0"
"1000000US500059578001040","Block 1040, Block Group 1, Census Tract 9578, Caledonia County, Vermont","25","16","9"
"1000000US500059578001041","Block 1041, Block Group 1, Census Tract 9578, Caledonia County, Vermont","0","0","0"
"1000000US500059578001042","Block 1042, Block Group 1, Census Tract 9578, Caledonia County, Vermont","0","0","0"
"1000000US500059578001043","Block 1043, Block Group 1, Census Tract 9578, Caledonia County, Vermont","28","22","6"
"1000000US500059578001044","Block 1044, Block Group 1, Census Tract 9578, Caledonia County, Vermont","0","0","0"
"1000000US500059578001045","Block 1045, Block Group 1, Census Tract 9578, Caledonia County, Vermont","12","10","2"
"1000000US500059578001046","Block 1046, Block Group 1, Census Tract 9578, Caledonia County, Vermont","0","0","0"
"1000000US500059578001047","Block 1047, Block Group 1, Census Tract 9578, Caledonia County, Vermont","5","5","0"
"1000000US500059578001048","Block 1048, Block Group 1, Census Tract 9578, Caledonia County, Vermont","0","0","0"
"1000000US500059578001049","Block 1049, Block Group 1, Census Tract 9578, Caledonia County, Vermont","2","2","0"
"1000000US500059578001050","Block 1050, Block Group 1, Census Tract 9578, Caledonia County, Vermont","8","7","1"
"1000000US500059578001051","Block 1051, Block Group 1, Census Tract 9578, Caledonia County, Vermont","9","6","3"
"1000000US500059578001052","Block 1052, Block Group 1, Census Tract 9578, Caledonia County, Vermont","0","0","0"
"1000000US500059578001053","Block 1053, Block Group 1, Census Tract 9578, Caledonia County, Vermont","0","0","0"
"1000000US500059578001054","Block 1054, Block Group 1, Census Tract 9578, Caledonia County, Vermont","0","0","0"
"1000000US500059578001055","Block 1055, Block Group 1, Census Tract 9578, Caledonia County, Vermont","7","5","2"
"1000000US500059578001056","Block 1056, Block Group 1, Census Tract 9578, Caledonia County, Vermont","2","1","1"
"1000000US500059578001057","Block 1057, Block Group 1, Census Tract 9578, Caledonia County, Vermont","5","4","1"
"1000000US500059578001058","Block 1058, Block Group 1, Census Tract 9578, Caledonia County, Vermont","1","1","0"
"1000000US500059578001059","Block 1059, Block Group 1, Census Tract 9578, Caledonia County, Vermont","12","12","0"
"1000000US500059578001060","Block 1060, Block Group 1, Census Tract 9578, Caledonia County, Vermont","0","0","0"
"1000000US500059578001061","Block 1061, Block Group 1, Census Tract 9578, Caledonia County, Vermont","1","1","0"
"1000000US500059578001062","Block 1062, Block Group 1, Census Tract 9578, Caledonia County, Vermont","12","12","0"
"1000000US500059578001063","Block 1063, Block Group 1, Census Tract 9578, Caledonia County, Vermont","0","0","0"
"1000000US500059578001064","Block 1064, Block Group 1, Census Tract 9578, Caledonia County, Vermont","1","0","1"
"1000000US500059578001065","Block 1065, Block Group 1, Census Tract 9578, Caledonia County, Vermont","4","4","0"
"1000000US500059578001066","Block 1066, Block Group 1, Census Tract 9578, Caledonia County, Vermont","2","0","2"
"1000000US500059578001067","Block 1067, Block Group 1, Census Tract 9578, Caledonia County, Vermont","0","0","0"
"1000000US500059578001068","Block 1068, Block Group 1, Census Tract 9578, Caledonia County, Vermont","2","1","1"
"1000000US500059578001069","Block 1069, Block Group 1, Census Tract 9578, Caledonia County, Vermont","0","0","0"
"1000000US500059578001070","Block 1070, Block Group 1, Census Tract 9578, Caledonia County, Vermont","3","2","1"
"1000000US500059578001071","Block 1071, Block Group 1, Census Tract 9578, Caledonia County, Vermont","0","0","0"
"1000000US500059578001072","Block 1072, Block Group 1, Census Tract 9578, Caledonia County, Vermont","1","1","0"
"1000000US500059578001073","Block 1073, Block Group 1, Census Tract 9578, Caledonia County, Vermont","1","1","0"
"1000000US500059578001074","Block 1074, Block Group 1, Census Tract 9578, Caledonia County, Vermont","0","0","0"
"1000000US500059578001075","Block 1075, Block Group 1, Census Tract 9578, Caledonia County, Vermont","21","17","4"
"1000000US500059578001076","Block 1076, Block Group 1, Census Tract 9578, Caledonia County, Vermont","0","0","0"
"1000000US500059578001077","Block 1077, Block Group 1, Census Tract 9578, Caledonia County, Vermont","0","0","0"
"1000000US500059578001078","Block 1078, Block Group 1, Census Tract 9578, Caledonia County, Vermont","0","0","0"
"1000000US500059578001079","Block 1079, Block Group 1, Census Tract 9578, Caledonia County, Vermont","3","3","0"
"1000000US500059578001080","Block 1080, Block Group 1, Census Tract 9578, Caledonia County, Vermont","1","0","1"
"1000000US500059578001081","Block 1081, Block Group 1, Census Tract 9578, Caledonia County, Vermont","5","5","0"
"1000000US500059578001082","Block 1082, Block Group 1, Census Tract 9578, Caledonia County, Vermont","1","1","0"
"1000000US500059578001083","Block 1083, Block Group 1, Census Tract 9578, Caledonia County, Vermont","0","0","0"
"1000000US500059578001084","Block 1084, Block Group 1, Census Tract 9578, Caledonia County, Vermont","5","5","0"
"1000000US500059578001085","Block 1085, Block Group 1, Census Tract 9578, Caledonia County, Vermont","0","0","0"
"1000000US500059578001086","Block 1086, Block Group 1, Census Tract 9578, Caledonia County, Vermont","0","0","0"
"1000000US500059578001087","Block 1087, Block Group 1, Census Tract 9578, Caledonia County, Vermont","0","0","0"
"1000000US500059578001088","Block 1088, Block Group 1, Census Tract 9578, Caledonia County, Vermont","3","2","1"
"1000000US500059578001089","Block 1089, Block Group 1, Census Tract 9578, Caledonia County, Vermont","0","0","0"
"1000000US500059578001090","Block 1090, Block Group 1, Census Tract 9578, Caledonia County, Vermont","16","13","3"
"1000000US500059578001091","Block 1091, Block Group 1, Census Tract 9578, Caledonia County, Vermont","1","1","0"
"1000000US500059578001092","Block 1092, Block Group 1, Census Tract 9578, Caledonia County, Vermont","4","2","2"
"1000000US500059578001093","Block 1093, Block Group 1, Census Tract 9578, Caledonia County, Vermont","0","0","0"
"1000000US500059578001094","Block 1094, Block Group 1, Census Tract 9578, Caledonia County, Vermont","0","0","0"
"1000000US500059578001095","Block 1095, Block Group 1, Census Tract 9578, Caledonia County, Vermont","3","3","0"
"1000000US500059578001096","Block 1096, Block Group 1, Census Tract 9578, Caledonia County, Vermont","0","0","0"
"1000000US500059578001097","Block 1097, Block Group 1, Census Tract 9578, Caledonia County, Vermont","0","0","0"
"1000000US500059578001098","Block 1098, Block Group 1, Census Tract 9578, Caledonia County, Vermont","0","0","0"
"1000000US500059578001099","Block 1099, Block Group 1, Census Tract 9578, Caledonia County, Vermont","0","0","0"
"1000000US500059578001100","Block 1100, Block Group 1, Census Tract 9578, Caledonia County, Vermont","0","0","0"
"1000000US500059578001101","Block 1101, Block Group 1, Census Tract 9578, Caledonia County, Vermont","0","0","0"
"1000000US500059578001102","Block 1102, Block Group 1, Census Tract 9578, Caledonia County, Vermont","0","0","0"
"1000000US500059578001103","Block 1103, Block Group 1, Census Tract 9578, Caledonia County, Vermont","2","1","1"
"1000000US500059578001104","Block 1104, Block Group 1, Census Tract 9578, Caledonia County, Vermont","1","0","1"
"1000000US500059578001105","Block 1105, Block Group 1, Census Tract 9578, Caledonia County, Vermont","16","14","2"
"1000000US500059578001106","Block 1106, Block Group 1, Census Tract 9578, Caledonia County, Vermont","0","0","0"
"1000000US500059578001107","Block 1107, Block Group 1, Census Tract 9578, Caledonia County, Vermont","1","1","0"
"1000000US500059578001108","Block 1108, Block Group 1, Census Tract 9578, Caledonia County, Vermont","0","0","0"
"1000000US500059578001109","Block 1109, Block Group 1, Census Tract 9578, Caledonia County, Vermont","5","0","5"
"1000000US500059578001110","Block 1110, Block Group 1, Census Tract 9578, Caledonia County, Vermont","0","0","0"
"1000000US500059578001111","Block 1111, Block Group 1, Census Tract 9578, Caledonia County, Vermont","0","0","0"
"1000000US500059578001112","Block 1112, Block Group 1, Census Tract 9578, Caledonia County, Vermont","0","0","0"
"1000000US500059578001113","Block 1113, Block Group 1, Census Tract 9578, Caledonia County, Vermont","0","0","0"
"1000000US500059578002000","Block 2000, Block Group 2, Census Tract 9578, Caledonia County, Vermont","8","5","3"
"1000000US500059578002001","Block 2001, Block Group 2, Census Tract 9578, Caledonia County, Vermont","4","4","0"
"1000000US500059578002002","Block 2002, Block Group 2, Census Tract 9578, Caledonia County, Vermont","0","0","0"
"1000000US500059578002003","Block 2003, Block Group 2, Census Tract 9578, Caledonia County, Vermont","61","19","42"
"1000000US500059578002004","Block 2004, Block Group 2, Census Tract 9578, Caledonia County, Vermont","0","0","0"
"1000000US500059578002005","Block 2005, Block Group 2, Census Tract 9578, Caledonia County, Vermont","0","0","0"
"1000000US500059578002006","Block 2006, Block Group 2, Census Tract 9578, Caledonia County, Vermont","0","0","0"
"1000000US500059578002007","Block 2007, Block Group 2, Census Tract 9578, Caledonia County, Vermont","0","0","0"
"1000000US500059578002008","Block 2008, Block Group 2, Census Tract 9578, Caledonia County, Vermont","7","7","0"
"1000000US500059578002009","Block 2009, Block Group 2, Census Tract 9578, Caledonia County, Vermont","0","0","0"
"1000000US500059578002010","Block 2010, Block Group 2, Census Tract 9578, Caledonia County, Vermont","1","1","0"
"1000000US500059578002011","Block 2011, Block Group 2, Census Tract 9578, Caledonia County, Vermont","3","3","0"
"1000000US500059578002012","Block 2012, Block Group 2, Census Tract 9578, Caledonia County, Vermont","0","0","0"
"1000000US500059578002013","Block 2013, Block Group 2, Census Tract 9578, Caledonia County, Vermont","0","0","0"
"1000000US500059578002014","Block 2014, Block Group 2, Census Tract 9578, Caledonia County, Vermont","0","0","0"
"1000000US500059578002015","Block 2015, Block Group 2, Census Tract 9578, Caledonia County, Vermont","0","0","0"
"1000000US500059578002016","Block 2016, Block Group 2, Census Tract 9578, Caledonia County, Vermont","1","1","0"
"1000000US500059578002017","Block 2017, Block Group 2, Census Tract 9578, Caledonia County, Vermont","0","0","0"
"1000000US500059578002018","Block 2018, Block Group 2, Census Tract 9578, Caledonia County, Vermont","0","0","0"
"1000000US500059578002019","Block 2019, Block Group 2, Census Tract 9578, Caledonia County, Vermont","0","0","0"
"1000000US500059578002020","Block 2020, Block Group 2, Census Tract 9578, Caledonia County, Vermont","16","2","14"
"1000000US500059578002021","Block 2021, Block Group 2, Census Tract 9578, Caledonia County, Vermont","0","0","0"
"1000000US500059578002022","Block 2022, Block Group 2, Census Tract 9578, Caledonia County, Vermont","0","0","0"
"1000000US500059578002023","Block 2023, Block Group 2, Census Tract 9578, Caledonia County, Vermont","5","2","3"
"1000000US500059578002024","Block 2024, Block Group 2, Census Tract 9578, Caledonia County, Vermont","13","1","12"
"1000000US500059578002025","Block 2025, Block Group 2, Census Tract 9578, Caledonia County, Vermont","6","2","4"
"1000000US500059578002026","Block 2026, Block Group 2, Census Tract 9578, Caledonia County, Vermont","0","0","0"
"1000000US500059578002027","Block 2027, Block Group 2, Census Tract 9578, Caledonia County, Vermont","0","0","0"
"1000000US500059578002028","Block 2028, Block Group 2, Census Tract 9578, Caledonia County, Vermont","0","0","0"
"1000000US500059578002029","Block 2029, Block Group 2, Census Tract 9578, Caledonia County, Vermont","0","0","0"
"1000000US500059578002030","Block 2030, Block Group 2, Census Tract 9578, Caledonia County, Vermont","0","0","0"
"1000000US500059578002031","Block 2031, Block Group 2, Census Tract 9578, Caledonia County, Vermont","0","0","0"
"1000000US500059578002032","Block 2032, Block Group 2, Census Tract 9578, Caledonia County, Vermont","0","0","0"
"1000000US500059578002033","Block 2033, Block Group 2, Census Tract 9578, Caledonia County, Vermont","43","8","35"
"1000000US500059578002034","Block 2034, Block Group 2, Census Tract 9578, Caledonia County, Vermont","0","0","0"
"1000000US500059578002035","Block 2035, Block Group 2, Census Tract 9578, Caledonia County, Vermont","0","0","0"
"1000000US500059578002036","Block 2036, Block Group 2, Census Tract 9578, Caledonia County, Vermont","0","0","0"
"1000000US500059578002037","Block 2037, Block Group 2, Census Tract 9578, Caledonia County, Vermont","1","0","1"
"1000000US500059578002038","Block 2038, Block Group 2, Census Tract 9578, Caledonia County, Vermont","0","0","0"
"1000000US500059578002039","Block 2039, Block Group 2, Census Tract 9578, Caledonia County, Vermont","0","0","0"
"1000000US500059578002040","Block 2040, Block Group 2, Census Tract 9578, Caledonia County, Vermont","3","0","3"
"1000000US500059578002041","Block 2041, Block Group 2, Census Tract 9578, Caledonia County, Vermont","1","1","0"
"1000000US500059578002042","Block 2042, Block Group 2, Census Tract 9578, Caledonia County, Vermont","0","0","0"
"1000000US500059578002043","Block 2043, Block Group 2, Census Tract 9578, Caledonia County, Vermont","0","0","0"
"1000000US500059578002044","Block 2044, Block Group 2, Census Tract 9578, Caledonia County, Vermont","0","0","0"
"1000000US500059578002045","Block 2045, Block Group 2, Census Tract 9578, Caledonia County, Vermont","0","0","0"
"1000000US500059578002046","Block 2046, Block Group 2, Census Tract 9578, Caledonia County, Vermont","0","0","0"
"1000000US500059578002047","Block 2047, Block Group 2, Census Tract 9578, Caledonia County, Vermont","0","0","0"
"1000000US500059578002048","Block 2048, Block Group 2, Census Tract 9578, Caledonia County, Vermont","0","0","0"
"1000000US500059578002049","Block 2049, Block Group 2, Census Tract 9578, Caledonia County, Vermont","0","0","0"
"1000000US500059578002050","Block 2050, Block Group 2, Census Tract 9578, Caledonia County, Vermont","8","3","5"
"1000000US500059578002051","Block 2051, Block Group 2, Census Tract 9578, Caledonia County, Vermont","0","0","0"
"1000000US500059578002052","Block 2052, Block Group 2, Census Tract 9578, Caledonia County, Vermont","14","6","8"
"1000000US500059578002053","Block 2053, Block Group 2, Census Tract 9578, Caledonia County, Vermont","15","14","1"
"1000000US500059578002054","Block 2054, Block Group 2, Census Tract 9578, Caledonia County, Vermont","0","0","0"
"1000000US500059578002055","Block 2055, Block Group 2, Census Tract 9578, Caledonia County, Vermont","0","0","0"
"1000000US500059578002056","Block 2056, Block Group 2, Census Tract 9578, Caledonia County, Vermont","1","1","0"
"1000000US500059578002057","Block 2057, Block Group 2, Census Tract 9578, Caledonia County, Vermont","1","1","0"
"1000000US500059578002058","Block 2058, Block Group 2, Census Tract 9578, Caledonia County, Vermont","0","0","0"
"1000000US500059578002059","Block 2059, Block Group 2, Census Tract 9578, Caledonia County, Vermont","0","0","0"
"1000000US500059578002060","Block 2060, Block Group 2, Census Tract 9578, Caledonia County, Vermont","0","0","0"
"1000000US500059578002061","Block 2061, Block Group 2, Census Tract 9578, Caledonia County, Vermont","1","1","0"
"1000000US500059578002062","Block 2062, Block Group 2, Census Tract 9578, Caledonia County, Vermont","0","0","0"
"1000000US500059578002063","Block 2063, Block Group 2, Census Tract 9578, Caledonia County, Vermont","0","0","0"
"1000000US500059578002064","Block 2064, Block Group 2, Census Tract 9578, Caledonia County, Vermont","0","0","0"
"1000000US500059578002065","Block 2065, Block Group 2, Census Tract 9578, Caledonia County, Vermont","22","13","9"
"1000000US500059578002066","Block 2066, Block Group 2, Census Tract 9578, Caledonia County, Vermont","0","0","0"
"1000000US500059578002067","Block 2067, Block Group 2, Census Tract 9578, Caledonia County, Vermont","1","0","1"
"1000000US500059578002068","Block 2068, Block Group 2, Census Tract 9578, Caledonia County, Vermont","0","0","0"
"1000000US500059578002069","Block 2069, Block Group 2, Census Tract 9578, Caledonia County, Vermont","2","1","1"
"1000000US500059578002070","Block 2070, Block Group 2, Census Tract 9578, Caledonia County, Vermont","2","2","0"
"1000000US500059578002071","Block 2071, Block Group 2, Census Tract 9578, Caledonia County, Vermont","8","6","2"
"1000000US500059578002072","Block 2072, Block Group 2, Census Tract 9578, Caledonia County, Vermont","0","0","0"
"1000000US500059578002073","Block 2073, Block Group 2, Census Tract 9578, Caledonia County, Vermont","0","0","0"
"1000000US500059578002074","Block 2074, Block Group 2, Census Tract 9578, Caledonia County, Vermont","0","0","0"
"1000000US500059578002075","Block 2075, Block Group 2, Census Tract 9578, Caledonia County, Vermont","4","4","0"
"1000000US500059578002076","Block 2076, Block Group 2, Census Tract 9578, Caledonia County, Vermont","0","0","0"
"1000000US500059578002077","Block 2077, Block Group 2, Census Tract 9578, Caledonia County, Vermont","0","0","0"
"1000000US500059578002078","Block 2078, Block Group 2, Census Tract 9578, Caledonia County, Vermont","7","5","2"
"1000000US500059578002079","Block 2079, Block Group 2, Census Tract 9578, Caledonia County, Vermont","1","0","1"
"1000000US500059578002080","Block 2080, Block Group 2, Census Tract 9578, Caledonia County, Vermont","1","0","1"
"1000000US500059578002081","Block 2081, Block Group 2, Census Tract 9578, Caledonia County, Vermont","0","0","0"
"1000000US500059578002082","Block 2082, Block Group 2, Census Tract 9578, Caledonia County, Vermont","0","0","0"
"1000000US500059578002083","Block 2083, Block Group 2, Census Tract 9578, Caledonia County, Vermont","0","0","0"
"1000000US500059578002084","Block 2084, Block Group 2, Census Tract 9578, Caledonia County, Vermont","1","1","0"
"1000000US500059578002085","Block 2085, Block Group 2, Census Tract 9578, Caledonia County, Vermont","23","20","3"
"1000000US500059578002086","Block 2086, Block Group 2, Census Tract 9578, Caledonia County, Vermont","1","1","0"
"1000000US500059578002087","Block 2087, Block Group 2, Census Tract 9578, Caledonia County, Vermont","11","8","3"
"1000000US500059578002088","Block 2088, Block Group 2, Census Tract 9578, Caledonia County, Vermont","9","5","4"
"1000000US500059578002089","Block 2089, Block Group 2, Census Tract 9578, Caledonia County, Vermont","0","0","0"
"1000000US500059578002090","Block 2090, Block Group 2, Census Tract 9578, Caledonia County, Vermont","0","0","0"
"1000000US500059578002091","Block 2091, Block Group 2, Census Tract 9578, Caledonia County, Vermont","0","0","0"
"1000000US500059578002092","Block 2092, Block Group 2, Census Tract 9578, Caledonia County, Vermont","7","7","0"
"1000000US500059578002093","Block 2093, Block Group 2, Census Tract 9578, Caledonia County, Vermont","0","0","0"
"1000000US500059578002094","Block 2094, Block Group 2, Census Tract 9578, Caledonia County, Vermont","0","0","0"
"1000000US500059578002095","Block 2095, Block Group 2, Census Tract 9578, Caledonia County, Vermont","0","0","0"
"1000000US500059578002096","Block 2096, Block Group 2, Census Tract 9578, Caledonia County, Vermont","3","3","0"
"1000000US500059578002097","Block 2097, Block Group 2, Census Tract 9578, Caledonia County, Vermont","1","1","0"
"1000000US500059578002098","Block 2098, Block Group 2, Census Tract 9578, Caledonia County, Vermont","0","0","0"
"1000000US500059578002099","Block 2099, Block Group 2, Census Tract 9578, Caledonia County, Vermont","1","1","0"
"1000000US500059578002100","Block 2100, Block Group 2, Census Tract 9578, Caledonia County, Vermont","6","5","1"
"1000000US500059578002101","Block 2101, Block Group 2, Census Tract 9578, Caledonia County, Vermont","0","0","0"
"1000000US500059578002102","Block 2102, Block Group 2, Census Tract 9578, Caledonia County, Vermont","3","2","1"
"1000000US500059578002103","Block 2103, Block Group 2, Census Tract 9578, Caledonia County, Vermont","7","4","3"
"1000000US500059578002104","Block 2104, Block Group 2, Census Tract 9578, Caledonia County, Vermont","1","1","0"
"1000000US500059578002105","Block 2105, Block Group 2, Census Tract 9578, Caledonia County, Vermont","0","0","0"
"1000000US500059578002106","Block 2106, Block Group 2, Census Tract 9578, Caledonia County, Vermont","0","0","0"
"1000000US500059578002107","Block 2107, Block Group 2, Census Tract 9578, Caledonia County, Vermont","3","2","1"
"1000000US500059578002108","Block 2108, Block Group 2, Census Tract 9578, Caledonia County, Vermont","0","0","0"
"1000000US500059578002109","Block 2109, Block Group 2, Census Tract 9578, Caledonia County, Vermont","8","7","1"
"1000000US500059578002110","Block 2110, Block Group 2, Census Tract 9578, Caledonia County, Vermont","53","43","10"
"1000000US500059578002111","Block 2111, Block Group 2, Census Tract 9578, Caledonia County, Vermont","2","2","0"
"1000000US500059578002112","Block 2112, Block Group 2, Census Tract 9578, Caledonia County, Vermont","0","0","0"
"1000000US500059578002113","Block 2113, Block Group 2, Census Tract 9578, Caledonia County, Vermont","6","5","1"
"1000000US500059578002114","Block 2114, Block Group 2, Census Tract 9578, Caledonia County, Vermont","6","5","1"
"1000000US500059578002115","Block 2115, Block Group 2, Census Tract 9578, Caledonia County, Vermont","2","2","0"
"1000000US500059578002116","Block 2116, Block Group 2, Census Tract 9578, Caledonia County, Vermont","0","0","0"
"1000000US500059578002117","Block 2117, Block Group 2, Census Tract 9578, Caledonia County, Vermont","5","4","1"
"1000000US500059578002118","Block 2118, Block Group 2, Census Tract 9578, Caledonia County, Vermont","0","0","0"
"1000000US500059578002119","Block 2119, Block Group 2, Census Tract 9578, Caledonia County, Vermont","7","4","3"
"1000000US500059578002120","Block 2120, Block Group 2, Census Tract 9578, Caledonia County, Vermont","1","1","0"
"1000000US500059578002121","Block 2121, Block Group 2, Census Tract 9578, Caledonia County, Vermont","12","11","1"
"1000000US500059578002122","Block 2122, Block Group 2, Census Tract 9578, Caledonia County, Vermont","10","10","0"
"1000000US500059578002123","Block 2123, Block Group 2, Census Tract 9578, Caledonia County, Vermont","0","0","0"
"1000000US500059578002124","Block 2124, Block Group 2, Census Tract 9578, Caledonia County, Vermont","4","3","1"
"1000000US500059578002125","Block 2125, Block Group 2, Census Tract 9578, Caledonia County, Vermont","3","3","0"
"1000000US500059578002126","Block 2126, Block Group 2, Census Tract 9578, Caledonia County, Vermont","1","1","0"
"1000000US500059578002127","Block 2127, Block Group 2, Census Tract 9578, Caledonia County, Vermont","0","0","0"
"1000000US500059578002128","Block 2128, Block Group 2, Census Tract 9578, Caledonia County, Vermont","3","3","0"
"1000000US500059578002129","Block 2129, Block Group 2, Census Tract 9578, Caledonia County, Vermont","7","6","1"
"1000000US500059578002130","Block 2130, Block Group 2, Census Tract 9578, Caledonia County, Vermont","0","0","0"
"1000000US500059578002131","Block 2131, Block Group 2, Census Tract 9578, Caledonia County, Vermont","2","2","0"
"1000000US500059578002132","Block 2132, Block Group 2, Census Tract 9578, Caledonia County, Vermont","2","0","2"
"1000000US500059578002133","Block 2133, Block Group 2, Census Tract 9578, Caledonia County, Vermont","12","10","2"
"1000000US500059578002134","Block 2134, Block Group 2, Census Tract 9578, Caledonia County, Vermont","0","0","0"
"1000000US500059578002135","Block 2135, Block Group 2, Census Tract 9578, Caledonia County, Vermont","13","11","2"
"1000000US500059578002136","Block 2136, Block Group 2, Census Tract 9578, Caledonia County, Vermont","4","4","0"
"1000000US500059578002137","Block 2137, Block Group 2, Census Tract 9578, Caledonia County, Vermont","29","28","1"
"1000000US500059578002138","Block 2138, Block Group 2, Census Tract 9578, Caledonia County, Vermont","0","0","0"
"1000000US500059578002139","Block 2139, Block Group 2, Census Tract 9578, Caledonia County, Vermont","18","17","1"
"1000000US500059578002140","Block 2140, Block Group 2, Census Tract 9578, Caledonia County, Vermont","12","11","1"
"1000000US500059578002141","Block 2141, Block Group 2, Census Tract 9578, Caledonia County, Vermont","0","0","0"
"1000000US500059578002142","Block 2142, Block Group 2, Census Tract 9578, Caledonia County, Vermont","0","0","0"
"1000000US500059578002143","Block 2143, Block Group 2, Census Tract 9578, Caledonia County, Vermont","1","1","0"
"1000000US500059578002144","Block 2144, Block Group 2, Census Tract 9578, Caledonia County, Vermont","0","0","0"
"1000000US500059578002145","Block 2145, Block Group 2, Census Tract 9578, Caledonia County, Vermont","4","4","0"
"1000000US500059578002146","Block 2146, Block Group 2, Census Tract 9578, Caledonia County, Vermont","0","0","0"
"1000000US500059578002147","Block 2147, Block Group 2, Census Tract 9578, Caledonia County, Vermont","1","1","0"
"1000000US500059578002148","Block 2148, Block Group 2, Census Tract 9578, Caledonia County, Vermont","7","6","1"
"1000000US500059578002149","Block 2149, Block Group 2, Census Tract 9578, Caledonia County, Vermont","0","0","0"
"1000000US500059578002150","Block 2150, Block Group 2, Census Tract 9578, Caledonia County, Vermont","0","0","0"
"1000000US500059578002151","Block 2151, Block Group 2, Census Tract 9578, Caledonia County, Vermont","0","0","0"
"1000000US500059578002152","Block 2152, Block Group 2, Census Tract 9578, Caledonia County, Vermont","0","0","0"
"1000000US500059578002153","Block 2153, Block Group 2, Census Tract 9578, Caledonia County, Vermont","1","0","1"
"1000000US500059578002154","Block 2154, Block Group 2, Census Tract 9578, Caledonia County, Vermont","0","0","0"
"1000000US500059578002155","Block 2155, Block Group 2, Census Tract 9578, Caledonia County, Vermont","0","0","0"
"1000000US500059578002156","Block 2156, Block Group 2, Census Tract 9578, Caledonia County, Vermont","0","0","0"
"1000000US500059578002157","Block 2157, Block Group 2, Census Tract 9578, Caledonia County, Vermont","0","0","0"
"1000000US500059578002158","Block 2158, Block Group 2, Census Tract 9578, Caledonia County, Vermont","17","14","3"
"1000000US500059578002159","Block 2159, Block Group 2, Census Tract 9578, Caledonia County, Vermont","1","1","0"
"1000000US500059578002160","Block 2160, Block Group 2, Census Tract 9578, Caledonia County, Vermont","1","1","0"
"1000000US500059578002161","Block 2161, Block Group 2, Census Tract 9578, Caledonia County, Vermont","5","2","3"
"1000000US500059578002162","Block 2162, Block Group 2, Census Tract 9578, Caledonia County, Vermont","4","3","1"
"1000000US500059578002163","Block 2163, Block Group 2, Census Tract 9578, Caledonia County, Vermont","1","0","1"
"1000000US500059578002164","Block 2164, Block Group 2, Census Tract 9578, Caledonia County, Vermont","0","0","0"
"1000000US500059578002165","Block 2165, Block Group 2, Census Tract 9578, Caledonia County, Vermont","1","1","0"
"1000000US500059578002166","Block 2166, Block Group 2, Census Tract 9578, Caledonia County, Vermont","4","2","2"
"1000000US500059578002167","Block 2167, Block Group 2, Census Tract 9578, Caledonia County, Vermont","0","0","0"
"1000000US500059578002168","Block 2168, Block Group 2, Census Tract 9578, Caledonia County, Vermont","3","0","3"
"1000000US500059578002169","Block 2169, Block Group 2, Census Tract 9578, Caledonia County, Vermont","5","5","0"
"1000000US500059578002170","Block 2170, Block Group 2, Census Tract 9578, Caledonia County, Vermont","0","0","0"
"1000000US500059578002171","Block 2171, Block Group 2, Census Tract 9578, Caledonia County, Vermont","7","2","5"
"1000000US500059578002172","Block 2172, Block Group 2, Census Tract 9578, Caledonia County, Vermont","0","0","0"
"1000000US500059578002173","Block 2173, Block Group 2, Census Tract 9578, Caledonia County, Vermont","13","2","11"
"1000000US500059578002174","Block 2174, Block Group 2, Census Tract 9578, Caledonia County, Vermont","3","1","2"
"1000000US500059578002175","Block 2175, Block Group 2, Census Tract 9578, Caledonia County, Vermont","0","0","0"
"1000000US500059578002176","Block 2176, Block Group 2, Census Tract 9578, Caledonia County, Vermont","0","0","0"
"1000000US500059578002177","Block 2177, Block Group 2, Census Tract 9578, Caledonia County, Vermont","0","0","0"
"1000000US500059578003000","Block 3000, Block Group 3, Census Tract 9578, Caledonia County, Vermont","0","0","0"
"1000000US500059578003001","Block 3001, Block Group 3, Census Tract 9578, Caledonia County, Vermont","0","0","0"
"1000000US500059578003002","Block 3002, Block Group 3, Census Tract 9578, Caledonia County, Vermont","4","4","0"
"1000000US500059578003003","Block 3003, Block Group 3, Census Tract 9578, Caledonia County, Vermont","22","19","3"
"1000000US500059578003004","Block 3004, Block Group 3, Census Tract 9578, Caledonia County, Vermont","0","0","0"
"1000000US500059578003005","Block 3005, Block Group 3, Census Tract 9578, Caledonia County, Vermont","4","3","1"
"1000000US500059578003006","Block 3006, Block Group 3, Census Tract 9578, Caledonia County, Vermont","0","0","0"
"1000000US500059578003007","Block 3007, Block Group 3, Census Tract 9578, Caledonia County, Vermont","0","0","0"
"1000000US500059578003008","Block 3008, Block Group 3, Census Tract 9578, Caledonia County, Vermont","1","1","0"
"1000000US500059578003009","Block 3009, Block Group 3, Census Tract 9578, Caledonia County, Vermont","0","0","0"
"1000000US500059578003010","Block 3010, Block Group 3, Census Tract 9578, Caledonia County, Vermont","0","0","0"
"1000000US500059578003011","Block 3011, Block Group 3, Census Tract 9578, Caledonia County, Vermont","0","0","0"
"1000000US500059578003012","Block 3012, Block Group 3, Census Tract 9578, Caledonia County, Vermont","1","0","1"
"1000000US500059578003013","Block 3013, Block Group 3, Census Tract 9578, Caledonia County, Vermont","13","5","8"
"1000000US500059578003014","Block 3014, Block Group 3, Census Tract 9578, Caledonia County, Vermont","0","0","0"
"1000000US500059578003015","Block 3015, Block Group 3, Census Tract 9578, Caledonia County, Vermont","1","1","0"
"1000000US500059578003016","Block 3016, Block Group 3, Census Tract 9578, Caledonia County, Vermont","0","0","0"
"1000000US500059578003017","Block 3017, Block Group 3, Census Tract 9578, Caledonia County, Vermont","0","0","0"
"1000000US500059578003018","Block 3018, Block Group 3, Census Tract 9578, Caledonia County, Vermont","0","0","0"
"1000000US500059578003019","Block 3019, Block Group 3, Census Tract 9578, Caledonia County, Vermont","0","0","0"
"1000000US500059578003020","Block 3020, Block Group 3, Census Tract 9578, Caledonia County, Vermont","38","24","14"
"1000000US500059578003021","Block 3021, Block Group 3, Census Tract 9578, Caledonia County, Vermont","0","0","0"
"1000000US500059578003022","Block 3022, Block Group 3, Census Tract 9578, Caledonia County, Vermont","4","3","1"
"1000000US500059578003023","Block 3023, Block Group 3, Census Tract 9578, Caledonia County, Vermont","9","6","3"
"1000000US500059578003024","Block 3024, Block Group 3, Census Tract 9578, Caledonia County, Vermont","11","8","3"
"1000000US500059578003025","Block 3025, Block Group 3, Census Tract 9578, Caledonia County, Vermont","4","3","1"
"1000000US500059578003026","Block 3026, Block Group 3, Census Tract 9578, Caledonia County, Vermont","2","2","0"
"1000000US500059578003027","Block 3027, Block Group 3, Census Tract 9578, Caledonia County, Vermont","7","4","3"
"1000000US500059578003028","Block 3028, Block Group 3, Census Tract 9578, Caledonia County, Vermont","0","0","0"
"1000000US500059578003029","Block 3029, Block Group 3, Census Tract 9578, Caledonia County, Vermont","0","0","0"
"1000000US500059578003030","Block 3030, Block Group 3, Census Tract 9578, Caledonia County, Vermont","3","2","1"
"1000000US500059578003031","Block 3031, Block Group 3, Census Tract 9578, Caledonia County, Vermont","36","29","7"
"1000000US500059578003032","Block 3032, Block Group 3, Census Tract 9578, Caledonia County, Vermont","0","0","0"
"1000000US500059578003033","Block 3033, Block Group 3, Census Tract 9578, Caledonia County, Vermont","10","9","1"
"1000000US500059578003034","Block 3034, Block Group 3, Census Tract 9578, Caledonia County, Vermont","13","11","2"
"1000000US500059578003035","Block 3035, Block Group 3, Census Tract 9578, Caledonia County, Vermont","10","6","4"
"1000000US500059578003036","Block 3036, Block Group 3, Census Tract 9578, Caledonia County, Vermont","0","0","0"
"1000000US500059578003037","Block 3037, Block Group 3, Census Tract 9578, Caledonia County, Vermont","3","2","1"
"1000000US500059578003038","Block 3038, Block Group 3, Census Tract 9578, Caledonia County, Vermont","1","0","1"
"1000000US500059578003039","Block 3039, Block Group 3, Census Tract 9578, Caledonia County, Vermont","1","0","1"
"1000000US500059578003040","Block 3040, Block Group 3, Census Tract 9578, Caledonia County, Vermont","3","3","0"
"1000000US500059578003041","Block 3041, Block Group 3, Census Tract 9578, Caledonia County, Vermont","1","1","0"
"1000000US500059578003042","Block 3042, Block Group 3, Census Tract 9578, Caledonia County, Vermont","0","0","0"
"1000000US500059578003043","Block 3043, Block Group 3, Census Tract 9578, Caledonia County, Vermont","2","2","0"
"1000000US500059578003044","Block 3044, Block Group 3, Census Tract 9578, Caledonia County, Vermont","0","0","0"
"1000000US500059578003045","Block 3045, Block Group 3, Census Tract 9578, Caledonia County, Vermont","16","12","4"
"1000000US500059578003046","Block 3046, Block Group 3, Census Tract 9578, Caledonia County, Vermont","0","0","0"
"1000000US500059578003047","Block 3047, Block Group 3, Census Tract 9578, Caledonia County, Vermont","5","4","1"
"1000000US500059578003048","Block 3048, Block Group 3, Census Tract 9578, Caledonia County, Vermont","41","33","8"
"1000000US500059578003049","Block 3049, Block Group 3, Census Tract 9578, Caledonia County, Vermont","0","0","0"
"1000000US500059578003050","Block 3050, Block Group 3, Census Tract 9578, Caledonia County, Vermont","4","4","0"
"1000000US500059578003051","Block 3051, Block Group 3, Census Tract 9578, Caledonia County, Vermont","0","0","0"
"1000000US500059578003052","Block 3052, Block Group 3, Census Tract 9578, Caledonia County, Vermont","22","4","18"
"1000000US500059578003053","Block 3053, Block Group 3, Census Tract 9578, Caledonia County, Vermont","53","42","11"
"1000000US500059578003054","Block 3054, Block Group 3, Census Tract 9578, Caledonia County, Vermont","0","0","0"
"1000000US500059578003055","Block 3055, Block Group 3, Census Tract 9578, Caledonia County, Vermont","24","18","6"
"1000000US500059578003056","Block 3056, Block Group 3, Census Tract 9578, Caledonia County, Vermont","0","0","0"
"1000000US500059578003057","Block 3057, Block Group 3, Census Tract 9578, Caledonia County, Vermont","6","4","2"
"1000000US500059578003058","Block 3058, Block Group 3, Census Tract 9578, Caledonia County, Vermont","14","9","5"
"1000000US500059578003059","Block 3059, Block Group 3, Census Tract 9578, Caledonia County, Vermont","0","0","0"
"1000000US500059578003060","Block 3060, Block Group 3, Census Tract 9578, Caledonia County, Vermont","2","2","0"
"1000000US500059578003061","Block 3061, Block Group 3, Census Tract 9578, Caledonia County, Vermont","0","0","0"
"1000000US500059578003062","Block 3062, Block Group 3, Census Tract 9578, Caledonia County, Vermont","0","0","0"
"1000000US500059578003063","Block 3063, Block Group 3, Census Tract 9578, Caledonia County, Vermont","0","0","0"
"1000000US500059578003064","Block 3064, Block Group 3, Census Tract 9578, Caledonia County, Vermont","0","0","0"
"1000000US500059578003065","Block 3065, Block Group 3, Census Tract 9578, Caledonia County, Vermont","0","0","0"
"1000000US500059578003066","Block 3066, Block Group 3, Census Tract 9578, Caledonia County, Vermont","0","0","0"
"1000000US500059578003067","Block 3067, Block Group 3, Census Tract 9578, Caledonia County, Vermont","6","6","0"
"1000000US500059578003068","Block 3068, Block Group 3, Census Tract 9578, Caledonia County, Vermont","10","10","0"
"1000000US500059578003069","Block 3069, Block Group 3, Census Tract 9578, Caledonia County, Vermont","2","1","1"
"1000000US500059578003070","Block 3070, Block Group 3, Census Tract 9578, Caledonia County, Vermont","0","0","0"
"1000000US500059578003071","Block 3071, Block Group 3, Census Tract 9578, Caledonia County, Vermont","18","17","1"
"1000000US500059578003072","Block 3072, Block Group 3, Census Tract 9578, Caledonia County, Vermont","2","2","0"
"1000000US500059578003073","Block 3073, Block Group 3, Census Tract 9578, Caledonia County, Vermont","3","2","1"
"1000000US500059578003074","Block 3074, Block Group 3, Census Tract 9578, Caledonia County, Vermont","1","1","0"
"1000000US500059578003075","Block 3075, Block Group 3, Census Tract 9578, Caledonia County, Vermont","5","5","0"
"1000000US500059578003076","Block 3076, Block Group 3, Census Tract 9578, Caledonia County, Vermont","0","0","0"
"1000000US500059578003077","Block 3077, Block Group 3, Census Tract 9578, Caledonia County, Vermont","14","14","0"
"1000000US500059578003078","Block 3078, Block Group 3, Census Tract 9578, Caledonia County, Vermont","0","0","0"
"1000000US500059578003079","Block 3079, Block Group 3, Census Tract 9578, Caledonia County, Vermont","1","1","0"
"1000000US500059578003080","Block 3080, Block Group 3, Census Tract 9578, Caledonia County, Vermont","0","0","0"
"1000000US500059578003081","Block 3081, Block Group 3, Census Tract 9578, Caledonia County, Vermont","12","6","6"
"1000000US500059578003082","Block 3082, Block Group 3, Census Tract 9578, Caledonia County, Vermont","14","13","1"
"1000000US500059578003083","Block 3083, Block Group 3, Census Tract 9578, Caledonia County, Vermont","7","6","1"
"1000000US500059578003084","Block 3084, Block Group 3, Census Tract 9578, Caledonia County, Vermont","14","11","3"
"1000000US500059578003085","Block 3085, Block Group 3, Census Tract 9578, Caledonia County, Vermont","27","24","3"
"1000000US500059578003086","Block 3086, Block Group 3, Census Tract 9578, Caledonia County, Vermont","3","3","0"
"1000000US500059578003087","Block 3087, Block Group 3, Census Tract 9578, Caledonia County, Vermont","3","3","0"
"1000000US500059578003088","Block 3088, Block Group 3, Census Tract 9578, Caledonia County, Vermont","2","2","0"
"1000000US500059578003089","Block 3089, Block Group 3, Census Tract 9578, Caledonia County, Vermont","0","0","0"
"1000000US500059578003090","Block 3090, Block Group 3, Census Tract 9578, Caledonia County, Vermont","0","0","0"
"1000000US500059578003091","Block 3091, Block Group 3, Census Tract 9578, Caledonia County, Vermont","0","0","0"
"1000000US500059578003092","Block 3092, Block Group 3, Census Tract 9578, Caledonia County, Vermont","0","0","0"
"1000000US500059578003093","Block 3093, Block Group 3, Census Tract 9578, Caledonia County, Vermont","0","0","0"
"1000000US500059578003094","Block 3094, Block Group 3, Census Tract 9578, Caledonia County, Vermont","0","0","0"
"1000000US500059578003095","Block 3095, Block Group 3, Census Tract 9578, Caledonia County, Vermont","0","0","0"
"1000000US500059578003096","Block 3096, Block Group 3, Census Tract 9578, Caledonia County, Vermont","1","1","0"
"1000000US500059578003097","Block 3097, Block Group 3, Census Tract 9578, Caledonia County, Vermont","2","2","0"
"1000000US500059578003098","Block 3098, Block Group 3, Census Tract 9578, Caledonia County, Vermont","0","0","0"
"1000000US500059578003099","Block 3099, Block Group 3, Census Tract 9578, Caledonia County, Vermont","0","0","0"
"1000000US500059578003100","Block 3100, Block Group 3, Census Tract 9578, Caledonia County, Vermont","0","0","0"
"1000000US500059578003101","Block 3101, Block Group 3, Census Tract 9578, Caledonia County, Vermont","21","17","4"
"1000000US500059578003102","Block 3102, Block Group 3, Census Tract 9578, Caledonia County, Vermont","0","0","0"
"1000000US500059578003103","Block 3103, Block Group 3, Census Tract 9578, Caledonia County, Vermont","0","0","0"
"1000000US500059578003104","Block 3104, Block Group 3, Census Tract 9578, Caledonia County, Vermont","6","4","2"
"1000000US500059578003105","Block 3105, Block Group 3, Census Tract 9578, Caledonia County, Vermont","5","5","0"
"1000000US500059578003106","Block 3106, Block Group 3, Census Tract 9578, Caledonia County, Vermont","3","3","0"
"1000000US500059578003107","Block 3107, Block Group 3, Census Tract 9578, Caledonia County, Vermont","0","0","0"
"1000000US500059578003108","Block 3108, Block Group 3, Census Tract 9578, Caledonia County, Vermont","0","0","0"
"1000000US500059578003109","Block 3109, Block Group 3, Census Tract 9578, Caledonia County, Vermont","5","5","0"
"1000000US500059578003110","Block 3110, Block Group 3, Census Tract 9578, Caledonia County, Vermont","9","9","0"
"1000000US500059578003111","Block 3111, Block Group 3, Census Tract 9578, Caledonia County, Vermont","25","18","7"
"1000000US500059578003112","Block 3112, Block Group 3, Census Tract 9578, Caledonia County, Vermont","0","0","0"
"1000000US500059578003113","Block 3113, Block Group 3, Census Tract 9578, Caledonia County, Vermont","0","0","0"
"1000000US500059578003114","Block 3114, Block Group 3, Census Tract 9578, Caledonia County, Vermont","1","0","1"
"1000000US500059578003115","Block 3115, Block Group 3, Census Tract 9578, Caledonia County, Vermont","6","6","0"
"1000000US500059578003116","Block 3116, Block Group 3, Census Tract 9578, Caledonia County, Vermont","0","0","0"
"1000000US500059578003117","Block 3117, Block Group 3, Census Tract 9578, Caledonia County, Vermont","0","0","0"
"1000000US500059578003118","Block 3118, Block Group 3, Census Tract 9578, Caledonia County, Vermont","0","0","0"
"1000000US500059578003119","Block 3119, Block Group 3, Census Tract 9578, Caledonia County, Vermont","1","1","0"
"1000000US500059579001000","Block 1000, Block Group 1, Census Tract 9579, Caledonia County, Vermont","22","21","1"
"1000000US500059579001001","Block 1001, Block Group 1, Census Tract 9579, Caledonia County, Vermont","1","1","0"
"1000000US500059579001002","Block 1002, Block Group 1, Census Tract 9579, Caledonia County, Vermont","9","9","0"
"1000000US500059579001003","Block 1003, Block Group 1, Census Tract 9579, Caledonia County, Vermont","0","0","0"
"1000000US500059579001004","Block 1004, Block Group 1, Census Tract 9579, Caledonia County, Vermont","0","0","0"
"1000000US500059579001005","Block 1005, Block Group 1, Census Tract 9579, Caledonia County, Vermont","1","1","0"
"1000000US500059579001006","Block 1006, Block Group 1, Census Tract 9579, Caledonia County, Vermont","1","0","1"
"1000000US500059579001007","Block 1007, Block Group 1, Census Tract 9579, Caledonia County, Vermont","2","2","0"
"1000000US500059579001008","Block 1008, Block Group 1, Census Tract 9579, Caledonia County, Vermont","2","2","0"
"1000000US500059579001009","Block 1009, Block Group 1, Census Tract 9579, Caledonia County, Vermont","2","2","0"
"1000000US500059579001010","Block 1010, Block Group 1, Census Tract 9579, Caledonia County, Vermont","1","1","0"
"1000000US500059579001011","Block 1011, Block Group 1, Census Tract 9579, Caledonia County, Vermont","3","3","0"
"1000000US500059579001012","Block 1012, Block Group 1, Census Tract 9579, Caledonia County, Vermont","0","0","0"
"1000000US500059579001013","Block 1013, Block Group 1, Census Tract 9579, Caledonia County, Vermont","0","0","0"
"1000000US500059579001014","Block 1014, Block Group 1, Census Tract 9579, Caledonia County, Vermont","0","0","0"
"1000000US500059579001015","Block 1015, Block Group 1, Census Tract 9579, Caledonia County, Vermont","0","0","0"
"1000000US500059579001016","Block 1016, Block Group 1, Census Tract 9579, Caledonia County, Vermont","0","0","0"
"1000000US500059579001017","Block 1017, Block Group 1, Census Tract 9579, Caledonia County, Vermont","0","0","0"
"1000000US500059579001018","Block 1018, Block Group 1, Census Tract 9579, Caledonia County, Vermont","0","0","0"
"1000000US500059579001019","Block 1019, Block Group 1, Census Tract 9579, Caledonia County, Vermont","1","1","0"
"1000000US500059579001020","Block 1020, Block Group 1, Census Tract 9579, Caledonia County, Vermont","0","0","0"
"1000000US500059579001021","Block 1021, Block Group 1, Census Tract 9579, Caledonia County, Vermont","22","21","1"
"1000000US500059579001022","Block 1022, Block Group 1, Census Tract 9579, Caledonia County, Vermont","0","0","0"
"1000000US500059579001023","Block 1023, Block Group 1, Census Tract 9579, Caledonia County, Vermont","0","0","0"
"1000000US500059579001024","Block 1024, Block Group 1, Census Tract 9579, Caledonia County, Vermont","0","0","0"
"1000000US500059579001025","Block 1025, Block Group 1, Census Tract 9579, Caledonia County, Vermont","26","24","2"
"1000000US500059579001026","Block 1026, Block Group 1, Census Tract 9579, Caledonia County, Vermont","23","23","0"
"1000000US500059579001027","Block 1027, Block Group 1, Census Tract 9579, Caledonia County, Vermont","0","0","0"
"1000000US500059579001028","Block 1028, Block Group 1, Census Tract 9579, Caledonia County, Vermont","0","0","0"
"1000000US500059579001029","Block 1029, Block Group 1, Census Tract 9579, Caledonia County, Vermont","3","3","0"
"1000000US500059579001030","Block 1030, Block Group 1, Census Tract 9579, Caledonia County, Vermont","12","11","1"
"1000000US500059579001031","Block 1031, Block Group 1, Census Tract 9579, Caledonia County, Vermont","2","1","1"
"1000000US500059579001032","Block 1032, Block Group 1, Census Tract 9579, Caledonia County, Vermont","12","12","0"
"1000000US500059579001033","Block 1033, Block Group 1, Census Tract 9579, Caledonia County, Vermont","0","0","0"
"1000000US500059579001034","Block 1034, Block Group 1, Census Tract 9579, Caledonia County, Vermont","0","0","0"
"1000000US500059579001035","Block 1035, Block Group 1, Census Tract 9579, Caledonia County, Vermont","12","11","1"
"1000000US500059579001036","Block 1036, Block Group 1, Census Tract 9579, Caledonia County, Vermont","67","61","6"
"1000000US500059579001037","Block 1037, Block Group 1, Census Tract 9579, Caledonia County, Vermont","0","0","0"
"1000000US500059579001038","Block 1038, Block Group 1, Census Tract 9579, Caledonia County, Vermont","32","25","7"
"1000000US500059579001039","Block 1039, Block Group 1, Census Tract 9579, Caledonia County, Vermont","11","10","1"
"1000000US500059579001040","Block 1040, Block Group 1, Census Tract 9579, Caledonia County, Vermont","18","16","2"
"1000000US500059579001041","Block 1041, Block Group 1, Census Tract 9579, Caledonia County, Vermont","0","0","0"
"1000000US500059579001042","Block 1042, Block Group 1, Census Tract 9579, Caledonia County, Vermont","6","5","1"
"1000000US500059579001043","Block 1043, Block Group 1, Census Tract 9579, Caledonia County, Vermont","28","28","0"
"1000000US500059579001044","Block 1044, Block Group 1, Census Tract 9579, Caledonia County, Vermont","0","0","0"
"1000000US500059579001045","Block 1045, Block Group 1, Census Tract 9579, Caledonia County, Vermont","0","0","0"
"1000000US500059579001046","Block 1046, Block Group 1, Census Tract 9579, Caledonia County, Vermont","11","11","0"
"1000000US500059579001047","Block 1047, Block Group 1, Census Tract 9579, Caledonia County, Vermont","11","11","0"
"1000000US500059579001048","Block 1048, Block Group 1, Census Tract 9579, Caledonia County, Vermont","14","11","3"
"1000000US500059579001049","Block 1049, Block Group 1, Census Tract 9579, Caledonia County, Vermont","8","7","1"
"1000000US500059579001050","Block 1050, Block Group 1, Census Tract 9579, Caledonia County, Vermont","3","3","0"
"1000000US500059579001051","Block 1051, Block Group 1, Census Tract 9579, Caledonia County, Vermont","0","0","0"
"1000000US500059579001052","Block 1052, Block Group 1, Census Tract 9579, Caledonia County, Vermont","0","0","0"
"1000000US500059579001053","Block 1053, Block Group 1, Census Tract 9579, Caledonia County, Vermont","0","0","0"
"1000000US500059579001054","Block 1054, Block Group 1, Census Tract 9579, Caledonia County, Vermont","1","1","0"
"1000000US500059579001055","Block 1055, Block Group 1, Census Tract 9579, Caledonia County, Vermont","0","0","0"
"1000000US500059579001056","Block 1056, Block Group 1, Census Tract 9579, Caledonia County, Vermont","0","0","0"
"1000000US500059579001057","Block 1057, Block Group 1, Census Tract 9579, Caledonia County, Vermont","0","0","0"
"1000000US500059579001058","Block 1058, Block Group 1, Census Tract 9579, Caledonia County, Vermont","0","0","0"
"1000000US500059579001059","Block 1059, Block Group 1, Census Tract 9579, Caledonia County, Vermont","0","0","0"
"1000000US500059579001060","Block 1060, Block Group 1, Census Tract 9579, Caledonia County, Vermont","0","0","0"
"1000000US500059579001061","Block 1061, Block Group 1, Census Tract 9579, Caledonia County, Vermont","0","0","0"
"1000000US500059579001062","Block 1062, Block Group 1, Census Tract 9579, Caledonia County, Vermont","0","0","0"
"1000000US500059579001063","Block 1063, Block Group 1, Census Tract 9579, Caledonia County, Vermont","33","25","8"
"1000000US500059579001064","Block 1064, Block Group 1, Census Tract 9579, Caledonia County, Vermont","0","0","0"
"1000000US500059579001065","Block 1065, Block Group 1, Census Tract 9579, Caledonia County, Vermont","0","0","0"
"1000000US500059579001066","Block 1066, Block Group 1, Census Tract 9579, Caledonia County, Vermont","1","1","0"
"1000000US500059579001067","Block 1067, Block Group 1, Census Tract 9579, Caledonia County, Vermont","0","0","0"
"1000000US500059579001068","Block 1068, Block Group 1, Census Tract 9579, Caledonia County, Vermont","1","1","0"
"1000000US500059579001069","Block 1069, Block Group 1, Census Tract 9579, Caledonia County, Vermont","0","0","0"
"1000000US500059579001070","Block 1070, Block Group 1, Census Tract 9579, Caledonia County, Vermont","0","0","0"
"1000000US500059579001071","Block 1071, Block Group 1, Census Tract 9579, Caledonia County, Vermont","0","0","0"
"1000000US500059579001072","Block 1072, Block Group 1, Census Tract 9579, Caledonia County, Vermont","0","0","0"
"1000000US500059579001073","Block 1073, Block Group 1, Census Tract 9579, Caledonia County, Vermont","10","10","0"
"1000000US500059579001074","Block 1074, Block Group 1, Census Tract 9579, Caledonia County, Vermont","0","0","0"
"1000000US500059579001075","Block 1075, Block Group 1, Census Tract 9579, Caledonia County, Vermont","1","1","0"
"1000000US500059579001076","Block 1076, Block Group 1, Census Tract 9579, Caledonia County, Vermont","0","0","0"
"1000000US500059579001077","Block 1077, Block Group 1, Census Tract 9579, Caledonia County, Vermont","0","0","0"
"1000000US500059579001078","Block 1078, Block Group 1, Census Tract 9579, Caledonia County, Vermont","5","4","1"
"1000000US500059579001079","Block 1079, Block Group 1, Census Tract 9579, Caledonia County, Vermont","15","14","1"
"1000000US500059579001080","Block 1080, Block Group 1, Census Tract 9579, Caledonia County, Vermont","4","4","0"
"1000000US500059579001081","Block 1081, Block Group 1, Census Tract 9579, Caledonia County, Vermont","0","0","0"
"1000000US500059579001082","Block 1082, Block Group 1, Census Tract 9579, Caledonia County, Vermont","0","0","0"
"1000000US500059579001083","Block 1083, Block Group 1, Census Tract 9579, Caledonia County, Vermont","6","6","0"
"1000000US500059579001084","Block 1084, Block Group 1, Census Tract 9579, Caledonia County, Vermont","18","16","2"
"1000000US500059579001085","Block 1085, Block Group 1, Census Tract 9579, Caledonia County, Vermont","8","6","2"
"1000000US500059579001086","Block 1086, Block Group 1, Census Tract 9579, Caledonia County, Vermont","0","0","0"
"1000000US500059579001087","Block 1087, Block Group 1, Census Tract 9579, Caledonia County, Vermont","0","0","0"
"1000000US500059579001088","Block 1088, Block Group 1, Census Tract 9579, Caledonia County, Vermont","0","0","0"
"1000000US500059579001089","Block 1089, Block Group 1, Census Tract 9579, Caledonia County, Vermont","0","0","0"
"1000000US500059579001090","Block 1090, Block Group 1, Census Tract 9579, Caledonia County, Vermont","0","0","0"
"1000000US500059579001091","Block 1091, Block Group 1, Census Tract 9579, Caledonia County, Vermont","2","2","0"
"1000000US500059579001092","Block 1092, Block Group 1, Census Tract 9579, Caledonia County, Vermont","2","2","0"
"1000000US500059579001093","Block 1093, Block Group 1, Census Tract 9579, Caledonia County, Vermont","0","0","0"
"1000000US500059579001094","Block 1094, Block Group 1, Census Tract 9579, Caledonia County, Vermont","0","0","0"
"1000000US500059579001095","Block 1095, Block Group 1, Census Tract 9579, Caledonia County, Vermont","0","0","0"
"1000000US500059579001096","Block 1096, Block Group 1, Census Tract 9579, Caledonia County, Vermont","0","0","0"
"1000000US500059579001097","Block 1097, Block Group 1, Census Tract 9579, Caledonia County, Vermont","0","0","0"
"1000000US500059579001098","Block 1098, Block Group 1, Census Tract 9579, Caledonia County, Vermont","0","0","0"
"1000000US500059579001099","Block 1099, Block Group 1, Census Tract 9579, Caledonia County, Vermont","1","1","0"
"1000000US500059579001100","Block 1100, Block Group 1, Census Tract 9579, Caledonia County, Vermont","0","0","0"
"1000000US500059579001101","Block 1101, Block Group 1, Census Tract 9579, Caledonia County, Vermont","16","5","11"
"1000000US500059579001102","Block 1102, Block Group 1, Census Tract 9579, Caledonia County, Vermont","3","2","1"
"1000000US500059579001103","Block 1103, Block Group 1, Census Tract 9579, Caledonia County, Vermont","1","1","0"
"1000000US500059579001104","Block 1104, Block Group 1, Census Tract 9579, Caledonia County, Vermont","7","2","5"
"1000000US500059579001105","Block 1105, Block Group 1, Census Tract 9579, Caledonia County, Vermont","19","14","5"
"1000000US500059579001106","Block 1106, Block Group 1, Census Tract 9579, Caledonia County, Vermont","1","0","1"
"1000000US500059579001107","Block 1107, Block Group 1, Census Tract 9579, Caledonia County, Vermont","0","0","0"
"1000000US500059579001108","Block 1108, Block Group 1, Census Tract 9579, Caledonia County, Vermont","1","0","1"
"1000000US500059579001109","Block 1109, Block Group 1, Census Tract 9579, Caledonia County, Vermont","14","12","2"
"1000000US500059579001110","Block 1110, Block Group 1, Census Tract 9579, Caledonia County, Vermont","0","0","0"
"1000000US500059579001111","Block 1111, Block Group 1, Census Tract 9579, Caledonia County, Vermont","3","1","2"
"1000000US500059579001112","Block 1112, Block Group 1, Census Tract 9579, Caledonia County, Vermont","2","1","1"
"1000000US500059579001113","Block 1113, Block Group 1, Census Tract 9579, Caledonia County, Vermont","1","1","0"
"1000000US500059579001114","Block 1114, Block Group 1, Census Tract 9579, Caledonia County, Vermont","0","0","0"
"1000000US500059579001115","Block 1115, Block Group 1, Census Tract 9579, Caledonia County, Vermont","0","0","0"
"1000000US500059579001116","Block 1116, Block Group 1, Census Tract 9579, Caledonia County, Vermont","0","0","0"
"1000000US500059579001117","Block 1117, Block Group 1, Census Tract 9579, Caledonia County, Vermont","0","0","0"
"1000000US500059579001118","Block 1118, Block Group 1, Census Tract 9579, Caledonia County, Vermont","2","2","0"
"1000000US500059579001119","Block 1119, Block Group 1, Census Tract 9579, Caledonia County, Vermont","3","3","0"
"1000000US500059579001120","Block 1120, Block Group 1, Census Tract 9579, Caledonia County, Vermont","0","0","0"
"1000000US500059579001121","Block 1121, Block Group 1, Census Tract 9579, Caledonia County, Vermont","5","5","0"
"1000000US500059579001122","Block 1122, Block Group 1, Census Tract 9579, Caledonia County, Vermont","3","2","1"
"1000000US500059579001123","Block 1123, Block Group 1, Census Tract 9579, Caledonia County, Vermont","1","0","1"
"1000000US500059579001124","Block 1124, Block Group 1, Census Tract 9579, Caledonia County, Vermont","7","7","0"
"1000000US500059579001125","Block 1125, Block Group 1, Census Tract 9579, Caledonia County, Vermont","1","1","0"
"1000000US500059579001126","Block 1126, Block Group 1, Census Tract 9579, Caledonia County, Vermont","3","3","0"
"1000000US500059579001127","Block 1127, Block Group 1, Census Tract 9579, Caledonia County, Vermont","6","5","1"
"1000000US500059579001128","Block 1128, Block Group 1, Census Tract 9579, Caledonia County, Vermont","5","5","0"
"1000000US500059579001129","Block 1129, Block Group 1, Census Tract 9579, Caledonia County, Vermont","0","0","0"
"1000000US500059579001130","Block 1130, Block Group 1, Census Tract 9579, Caledonia County, Vermont","0","0","0"
"1000000US500059579001131","Block 1131, Block Group 1, Census Tract 9579, Caledonia County, Vermont","2","2","0"
"1000000US500059579001132","Block 1132, Block Group 1, Census Tract 9579, Caledonia County, Vermont","0","0","0"
"1000000US500059579001133","Block 1133, Block Group 1, Census Tract 9579, Caledonia County, Vermont","0","0","0"
"1000000US500059579001134","Block 1134, Block Group 1, Census Tract 9579, Caledonia County, Vermont","0","0","0"
"1000000US500059579001135","Block 1135, Block Group 1, Census Tract 9579, Caledonia County, Vermont","0","0","0"
"1000000US500059579002000","Block 2000, Block Group 2, Census Tract 9579, Caledonia County, Vermont","22","20","2"
"1000000US500059579002001","Block 2001, Block Group 2, Census Tract 9579, Caledonia County, Vermont","0","0","0"
"1000000US500059579002002","Block 2002, Block Group 2, Census Tract 9579, Caledonia County, Vermont","0","0","0"
"1000000US500059579002003","Block 2003, Block Group 2, Census Tract 9579, Caledonia County, Vermont","1","1","0"
"1000000US500059579002004","Block 2004, Block Group 2, Census Tract 9579, Caledonia County, Vermont","1","0","1"
"1000000US500059579002005","Block 2005, Block Group 2, Census Tract 9579, Caledonia County, Vermont","16","14","2"
"1000000US500059579002006","Block 2006, Block Group 2, Census Tract 9579, Caledonia County, Vermont","2","1","1"
"1000000US500059579002007","Block 2007, Block Group 2, Census Tract 9579, Caledonia County, Vermont","1","1","0"
"1000000US500059579002008","Block 2008, Block Group 2, Census Tract 9579, Caledonia County, Vermont","4","4","0"
"1000000US500059579002009","Block 2009, Block Group 2, Census Tract 9579, Caledonia County, Vermont","16","14","2"
"1000000US500059579002010","Block 2010, Block Group 2, Census Tract 9579, Caledonia County, Vermont","0","0","0"
"1000000US500059579002011","Block 2011, Block Group 2, Census Tract 9579, Caledonia County, Vermont","0","0","0"
"1000000US500059579002012","Block 2012, Block Group 2, Census Tract 9579, Caledonia County, Vermont","18","16","2"
"1000000US500059579002013","Block 2013, Block Group 2, Census Tract 9579, Caledonia County, Vermont","1","1","0"
"1000000US500059579002014","Block 2014, Block Group 2, Census Tract 9579, Caledonia County, Vermont","0","0","0"
"1000000US500059579002015","Block 2015, Block Group 2, Census Tract 9579, Caledonia County, Vermont","0","0","0"
"1000000US500059579002016","Block 2016, Block Group 2, Census Tract 9579, Caledonia County, Vermont","7","6","1"
"1000000US500059579002017","Block 2017, Block Group 2, Census Tract 9579, Caledonia County, Vermont","3","3","0"
"1000000US500059579002018","Block 2018, Block Group 2, Census Tract 9579, Caledonia County, Vermont","0","0","0"
"1000000US500059579002019","Block 2019, Block Group 2, Census Tract 9579, Caledonia County, Vermont","2","0","2"
"1000000US500059579002020","Block 2020, Block Group 2, Census Tract 9579, Caledonia County, Vermont","4","2","2"
"1000000US500059579002021","Block 2021, Block Group 2, Census Tract 9579, Caledonia County, Vermont","2","2","0"
"1000000US500059579002022","Block 2022, Block Group 2, Census Tract 9579, Caledonia County, Vermont","16","11","5"
"1000000US500059579002023","Block 2023, Block Group 2, Census Tract 9579, Caledonia County, Vermont","0","0","0"
"1000000US500059579002024","Block 2024, Block Group 2, Census Tract 9579, Caledonia County, Vermont","0","0","0"
"1000000US500059579002025","Block 2025, Block Group 2, Census Tract 9579, Caledonia County, Vermont","0","0","0"
"1000000US500059579002026","Block 2026, Block Group 2, Census Tract 9579, Caledonia County, Vermont","1","1","0"
"1000000US500059579002027","Block 2027, Block Group 2, Census Tract 9579, Caledonia County, Vermont","0","0","0"
"1000000US500059579002028","Block 2028, Block Group 2, Census Tract 9579, Caledonia County, Vermont","1","1","0"
"1000000US500059579002029","Block 2029, Block Group 2, Census Tract 9579, Caledonia County, Vermont","2","1","1"
"1000000US500059579002030","Block 2030, Block Group 2, Census Tract 9579, Caledonia County, Vermont","0","0","0"
"1000000US500059579002031","Block 2031, Block Group 2, Census Tract 9579, Caledonia County, Vermont","21","20","1"
"1000000US500059579002032","Block 2032, Block Group 2, Census Tract 9579, Caledonia County, Vermont","0","0","0"
"1000000US500059579002033","Block 2033, Block Group 2, Census Tract 9579, Caledonia County, Vermont","5","5","0"
"1000000US500059579002034","Block 2034, Block Group 2, Census Tract 9579, Caledonia County, Vermont","0","0","0"
"1000000US500059579002035","Block 2035, Block Group 2, Census Tract 9579, Caledonia County, Vermont","5","4","1"
"1000000US500059579002036","Block 2036, Block Group 2, Census Tract 9579, Caledonia County, Vermont","7","3","4"
"1000000US500059579002037","Block 2037, Block Group 2, Census Tract 9579, Caledonia County, Vermont","4","0","4"
"1000000US500059579002038","Block 2038, Block Group 2, Census Tract 9579, Caledonia County, Vermont","8","7","1"
"1000000US500059579002039","Block 2039, Block Group 2, Census Tract 9579, Caledonia County, Vermont","0","0","0"
"1000000US500059579002040","Block 2040, Block Group 2, Census Tract 9579, Caledonia County, Vermont","0","0","0"
"1000000US500059579002041","Block 2041, Block Group 2, Census Tract 9579, Caledonia County, Vermont","1","1","0"
"1000000US500059579002042","Block 2042, Block Group 2, Census Tract 9579, Caledonia County, Vermont","17","15","2"
"1000000US500059579002043","Block 2043, Block Group 2, Census Tract 9579, Caledonia County, Vermont","0","0","0"
"1000000US500059579002044","Block 2044, Block Group 2, Census Tract 9579, Caledonia County, Vermont","0","0","0"
"1000000US500059579002045","Block 2045, Block Group 2, Census Tract 9579, Caledonia County, Vermont","0","0","0"
"1000000US500059579002046","Block 2046, Block Group 2, Census Tract 9579, Caledonia County, Vermont","2","2","0"
"1000000US500059579002047","Block 2047, Block Group 2, Census Tract 9579, Caledonia County, Vermont","2","2","0"
"1000000US500059579002048","Block 2048, Block Group 2, Census Tract 9579, Caledonia County, Vermont","0","0","0"
"1000000US500059579002049","Block 2049, Block Group 2, Census Tract 9579, Caledonia County, Vermont","0","0","0"
"1000000US500059579002050","Block 2050, Block Group 2, Census Tract 9579, Caledonia County, Vermont","7","7","0"
"1000000US500059579002051","Block 2051, Block Group 2, Census Tract 9579, Caledonia County, Vermont","9","9","0"
"1000000US500059579002052","Block 2052, Block Group 2, Census Tract 9579, Caledonia County, Vermont","0","0","0"
"1000000US500059579002053","Block 2053, Block Group 2, Census Tract 9579, Caledonia County, Vermont","0","0","0"
"1000000US500059579002054","Block 2054, Block Group 2, Census Tract 9579, Caledonia County, Vermont","0","0","0"
"1000000US500059579002055","Block 2055, Block Group 2, Census Tract 9579, Caledonia County, Vermont","0","0","0"
"1000000US500059579002056","Block 2056, Block Group 2, Census Tract 9579, Caledonia County, Vermont","1","1","0"
"1000000US500059579002057","Block 2057, Block Group 2, Census Tract 9579, Caledonia County, Vermont","10","7","3"
"1000000US500059579002058","Block 2058, Block Group 2, Census Tract 9579, Caledonia County, Vermont","0","0","0"
"1000000US500059579002059","Block 2059, Block Group 2, Census Tract 9579, Caledonia County, Vermont","0","0","0"
"1000000US500059579002060","Block 2060, Block Group 2, Census Tract 9579, Caledonia County, Vermont","0","0","0"
"1000000US500059579002061","Block 2061, Block Group 2, Census Tract 9579, Caledonia County, Vermont","1","0","1"
"1000000US500059579002062","Block 2062, Block Group 2, Census Tract 9579, Caledonia County, Vermont","0","0","0"
"1000000US500059579002063","Block 2063, Block Group 2, Census Tract 9579, Caledonia County, Vermont","8","6","2"
"1000000US500059579002064","Block 2064, Block Group 2, Census Tract 9579, Caledonia County, Vermont","2","2","0"
"1000000US500059579002065","Block 2065, Block Group 2, Census Tract 9579, Caledonia County, Vermont","1","0","1"
"1000000US500059579002066","Block 2066, Block Group 2, Census Tract 9579, Caledonia County, Vermont","0","0","0"
"1000000US500059579002067","Block 2067, Block Group 2, Census Tract 9579, Caledonia County, Vermont","5","5","0"
"1000000US500059579002068","Block 2068, Block Group 2, Census Tract 9579, Caledonia County, Vermont","1","1","0"
"1000000US500059579002069","Block 2069, Block Group 2, Census Tract 9579, Caledonia County, Vermont","0","0","0"
"1000000US500059579002070","Block 2070, Block Group 2, Census Tract 9579, Caledonia County, Vermont","1","1","0"
"1000000US500059579002071","Block 2071, Block Group 2, Census Tract 9579, Caledonia County, Vermont","0","0","0"
"1000000US500059579002072","Block 2072, Block Group 2, Census Tract 9579, Caledonia County, Vermont","0","0","0"
"1000000US500059579002073","Block 2073, Block Group 2, Census Tract 9579, Caledonia County, Vermont","5","4","1"
"1000000US500059579002074","Block 2074, Block Group 2, Census Tract 9579, Caledonia County, Vermont","1","1","0"
"1000000US500059579002075","Block 2075, Block Group 2, Census Tract 9579, Caledonia County, Vermont","0","0","0"
"1000000US500059579002076","Block 2076, Block Group 2, Census Tract 9579, Caledonia County, Vermont","0","0","0"
"1000000US500059579002077","Block 2077, Block Group 2, Census Tract 9579, Caledonia County, Vermont","23","20","3"
"1000000US500059579002078","Block 2078, Block Group 2, Census Tract 9579, Caledonia County, Vermont","2","2","0"
"1000000US500059579002079","Block 2079, Block Group 2, Census Tract 9579, Caledonia County, Vermont","4","3","1"
"1000000US500059579002080","Block 2080, Block Group 2, Census Tract 9579, Caledonia County, Vermont","0","0","0"
"1000000US500059579002081","Block 2081, Block Group 2, Census Tract 9579, Caledonia County, Vermont","11","10","1"
"1000000US500059579002082","Block 2082, Block Group 2, Census Tract 9579, Caledonia County, Vermont","0","0","0"
"1000000US500059579002083","Block 2083, Block Group 2, Census Tract 9579, Caledonia County, Vermont","0","0","0"
"1000000US500059579002084","Block 2084, Block Group 2, Census Tract 9579, Caledonia County, Vermont","0","0","0"
"1000000US500059579002085","Block 2085, Block Group 2, Census Tract 9579, Caledonia County, Vermont","0","0","0"
"1000000US500059579002086","Block 2086, Block Group 2, Census Tract 9579, Caledonia County, Vermont","0","0","0"
"1000000US500059579002087","Block 2087, Block Group 2, Census Tract 9579, Caledonia County, Vermont","1","1","0"
"1000000US500059579002088","Block 2088, Block Group 2, Census Tract 9579, Caledonia County, Vermont","0","0","0"
"1000000US500059579002089","Block 2089, Block Group 2, Census Tract 9579, Caledonia County, Vermont","0","0","0"
"1000000US500059579002090","Block 2090, Block Group 2, Census Tract 9579, Caledonia County, Vermont","7","4","3"
"1000000US500059579002091","Block 2091, Block Group 2, Census Tract 9579, Caledonia County, Vermont","0","0","0"
"1000000US500059579002092","Block 2092, Block Group 2, Census Tract 9579, Caledonia County, Vermont","0","0","0"
"1000000US500059579002093","Block 2093, Block Group 2, Census Tract 9579, Caledonia County, Vermont","0","0","0"
"1000000US500059579002094","Block 2094, Block Group 2, Census Tract 9579, Caledonia County, Vermont","0","0","0"
"1000000US500059579002095","Block 2095, Block Group 2, Census Tract 9579, Caledonia County, Vermont","4","4","0"
"1000000US500059579002096","Block 2096, Block Group 2, Census Tract 9579, Caledonia County, Vermont","1","0","1"
"1000000US500059579002097","Block 2097, Block Group 2, Census Tract 9579, Caledonia County, Vermont","0","0","0"
"1000000US500059579002098","Block 2098, Block Group 2, Census Tract 9579, Caledonia County, Vermont","0","0","0"
"1000000US500059579002099","Block 2099, Block Group 2, Census Tract 9579, Caledonia County, Vermont","0","0","0"
"1000000US500059579002100","Block 2100, Block Group 2, Census Tract 9579, Caledonia County, Vermont","0","0","0"
"1000000US500059579002101","Block 2101, Block Group 2, Census Tract 9579, Caledonia County, Vermont","0","0","0"
"1000000US500059579002102","Block 2102, Block Group 2, Census Tract 9579, Caledonia County, Vermont","0","0","0"
"1000000US500059579002103","Block 2103, Block Group 2, Census Tract 9579, Caledonia County, Vermont","0","0","0"
"1000000US500059579002104","Block 2104, Block Group 2, Census Tract 9579, Caledonia County, Vermont","0","0","0"
"1000000US500059579002105","Block 2105, Block Group 2, Census Tract 9579, Caledonia County, Vermont","0","0","0"
"1000000US500059579002106","Block 2106, Block Group 2, Census Tract 9579, Caledonia County, Vermont","0","0","0"
"1000000US500059579002107","Block 2107, Block Group 2, Census Tract 9579, Caledonia County, Vermont","4","4","0"
"1000000US500059579002108","Block 2108, Block Group 2, Census Tract 9579, Caledonia County, Vermont","0","0","0"
"1000000US500059579002109","Block 2109, Block Group 2, Census Tract 9579, Caledonia County, Vermont","0","0","0"
"1000000US500059579002110","Block 2110, Block Group 2, Census Tract 9579, Caledonia County, Vermont","0","0","0"
"1000000US500059579002111","Block 2111, Block Group 2, Census Tract 9579, Caledonia County, Vermont","9","8","1"
"1000000US500059579002112","Block 2112, Block Group 2, Census Tract 9579, Caledonia County, Vermont","0","0","0"
"1000000US500059579002113","Block 2113, Block Group 2, Census Tract 9579, Caledonia County, Vermont","0","0","0"
"1000000US500059579002114","Block 2114, Block Group 2, Census Tract 9579, Caledonia County, Vermont","0","0","0"
"1000000US500059579002115","Block 2115, Block Group 2, Census Tract 9579, Caledonia County, Vermont","7","7","0"
"1000000US500059579002116","Block 2116, Block Group 2, Census Tract 9579, Caledonia County, Vermont","0","0","0"
"1000000US500059579002117","Block 2117, Block Group 2, Census Tract 9579, Caledonia County, Vermont","0","0","0"
"1000000US500059579002118","Block 2118, Block Group 2, Census Tract 9579, Caledonia County, Vermont","7","6","1"
"1000000US500059579002119","Block 2119, Block Group 2, Census Tract 9579, Caledonia County, Vermont","0","0","0"
"1000000US500059579002120","Block 2120, Block Group 2, Census Tract 9579, Caledonia County, Vermont","4","4","0"
"1000000US500059579002121","Block 2121, Block Group 2, Census Tract 9579, Caledonia County, Vermont","0","0","0"
"1000000US500059579002122","Block 2122, Block Group 2, Census Tract 9579, Caledonia County, Vermont","2","2","0"
"1000000US500059579002123","Block 2123, Block Group 2, Census Tract 9579, Caledonia County, Vermont","0","0","0"
"1000000US500059579002124","Block 2124, Block Group 2, Census Tract 9579, Caledonia County, Vermont","0","0","0"
"1000000US500059579002125","Block 2125, Block Group 2, Census Tract 9579, Caledonia County, Vermont","4","4","0"
"1000000US500059579002126","Block 2126, Block Group 2, Census Tract 9579, Caledonia County, Vermont","0","0","0"
"1000000US500059579002127","Block 2127, Block Group 2, Census Tract 9579, Caledonia County, Vermont","0","0","0"
"1000000US500059579002128","Block 2128, Block Group 2, Census Tract 9579, Caledonia County, Vermont","0","0","0"
"1000000US500059579002129","Block 2129, Block Group 2, Census Tract 9579, Caledonia County, Vermont","0","0","0"
"1000000US500059579002130","Block 2130, Block Group 2, Census Tract 9579, Caledonia County, Vermont","0","0","0"
"1000000US500059579002131","Block 2131, Block Group 2, Census Tract 9579, Caledonia County, Vermont","1","1","0"
"1000000US500059579002132","Block 2132, Block Group 2, Census Tract 9579, Caledonia County, Vermont","0","0","0"
"1000000US500059579002133","Block 2133, Block Group 2, Census Tract 9579, Caledonia County, Vermont","0","0","0"
"1000000US500059579002134","Block 2134, Block Group 2, Census Tract 9579, Caledonia County, Vermont","0","0","0"
"1000000US500059579002135","Block 2135, Block Group 2, Census Tract 9579, Caledonia County, Vermont","0","0","0"
"1000000US500059579002136","Block 2136, Block Group 2, Census Tract 9579, Caledonia County, Vermont","0","0","0"
"1000000US500059579002137","Block 2137, Block Group 2, Census Tract 9579, Caledonia County, Vermont","0","0","0"
"1000000US500059579002138","Block 2138, Block Group 2, Census Tract 9579, Caledonia County, Vermont","5","4","1"
"1000000US500059579002139","Block 2139, Block Group 2, Census Tract 9579, Caledonia County, Vermont","9","7","2"
"1000000US500059579002140","Block 2140, Block Group 2, Census Tract 9579, Caledonia County, Vermont","0","0","0"
"1000000US500059579002141","Block 2141, Block Group 2, Census Tract 9579, Caledonia County, Vermont","11","8","3"
"1000000US500059579002142","Block 2142, Block Group 2, Census Tract 9579, Caledonia County, Vermont","11","10","1"
"1000000US500059579002143","Block 2143, Block Group 2, Census Tract 9579, Caledonia County, Vermont","5","4","1"
"1000000US500059579002144","Block 2144, Block Group 2, Census Tract 9579, Caledonia County, Vermont","0","0","0"
"1000000US500059579002145","Block 2145, Block Group 2, Census Tract 9579, Caledonia County, Vermont","7","6","1"
"1000000US500059579002146","Block 2146, Block Group 2, Census Tract 9579, Caledonia County, Vermont","0","0","0"
"1000000US500059579002147","Block 2147, Block Group 2, Census Tract 9579, Caledonia County, Vermont","0","0","0"
"1000000US500059579002148","Block 2148, Block Group 2, Census Tract 9579, Caledonia County, Vermont","7","6","1"
"1000000US500059579002149","Block 2149, Block Group 2, Census Tract 9579, Caledonia County, Vermont","12","8","4"
"1000000US500059579002150","Block 2150, Block Group 2, Census Tract 9579, Caledonia County, Vermont","0","0","0"
"1000000US500059579002151","Block 2151, Block Group 2, Census Tract 9579, Caledonia County, Vermont","6","4","2"
"1000000US500059579002152","Block 2152, Block Group 2, Census Tract 9579, Caledonia County, Vermont","0","0","0"
"1000000US500059579002153","Block 2153, Block Group 2, Census Tract 9579, Caledonia County, Vermont","3","2","1"
"1000000US500059579002154","Block 2154, Block Group 2, Census Tract 9579, Caledonia County, Vermont","19","15","4"
"1000000US500059579002155","Block 2155, Block Group 2, Census Tract 9579, Caledonia County, Vermont","0","0","0"
"1000000US500059579002156","Block 2156, Block Group 2, Census Tract 9579, Caledonia County, Vermont","0","0","0"
"1000000US500059579002157","Block 2157, Block Group 2, Census Tract 9579, Caledonia County, Vermont","8","7","1"
"1000000US500059579002158","Block 2158, Block Group 2, Census Tract 9579, Caledonia County, Vermont","0","0","0"
"1000000US500059579002159","Block 2159, Block Group 2, Census Tract 9579, Caledonia County, Vermont","0","0","0"
"1000000US500059579002160","Block 2160, Block Group 2, Census Tract 9579, Caledonia County, Vermont","0","0","0"
"1000000US500059579002161","Block 2161, Block Group 2, Census Tract 9579, Caledonia County, Vermont","2","2","0"
"1000000US500059579002162","Block 2162, Block Group 2, Census Tract 9579, Caledonia County, Vermont","0","0","0"
"1000000US500059579002163","Block 2163, Block Group 2, Census Tract 9579, Caledonia County, Vermont","16","13","3"
"1000000US500059579002164","Block 2164, Block Group 2, Census Tract 9579, Caledonia County, Vermont","2","2","0"
"1000000US500059579002165","Block 2165, Block Group 2, Census Tract 9579, Caledonia County, Vermont","0","0","0"
"1000000US500059579002166","Block 2166, Block Group 2, Census Tract 9579, Caledonia County, Vermont","0","0","0"
"1000000US500059579002167","Block 2167, Block Group 2, Census Tract 9579, Caledonia County, Vermont","0","0","0"
"1000000US500059579003000","Block 3000, Block Group 3, Census Tract 9579, Caledonia County, Vermont","0","0","0"
"1000000US500059579003001","Block 3001, Block Group 3, Census Tract 9579, Caledonia County, Vermont","0","0","0"
"1000000US500059579003002","Block 3002, Block Group 3, Census Tract 9579, Caledonia County, Vermont","0","0","0"
"1000000US500059579003003","Block 3003, Block Group 3, Census Tract 9579, Caledonia County, Vermont","0","0","0"
"1000000US500059579003004","Block 3004, Block Group 3, Census Tract 9579, Caledonia County, Vermont","0","0","0"
"1000000US500059579003005","Block 3005, Block Group 3, Census Tract 9579, Caledonia County, Vermont","0","0","0"
"1000000US500059579003006","Block 3006, Block Group 3, Census Tract 9579, Caledonia County, Vermont","1","1","0"
"1000000US500059579003007","Block 3007, Block Group 3, Census Tract 9579, Caledonia County, Vermont","1","1","0"
"1000000US500059579003008","Block 3008, Block Group 3, Census Tract 9579, Caledonia County, Vermont","0","0","0"
"1000000US500059579003009","Block 3009, Block Group 3, Census Tract 9579, Caledonia County, Vermont","0","0","0"
"1000000US500059579003010","Block 3010, Block Group 3, Census Tract 9579, Caledonia County, Vermont","3","3","0"
"1000000US500059579003011","Block 3011, Block Group 3, Census Tract 9579, Caledonia County, Vermont","5","3","2"
"1000000US500059579003012","Block 3012, Block Group 3, Census Tract 9579, Caledonia County, Vermont","4","2","2"
"1000000US500059579003013","Block 3013, Block Group 3, Census Tract 9579, Caledonia County, Vermont","12","10","2"
"1000000US500059579003014","Block 3014, Block Group 3, Census Tract 9579, Caledonia County, Vermont","2","2","0"
"1000000US500059579003015","Block 3015, Block Group 3, Census Tract 9579, Caledonia County, Vermont","4","4","0"
"1000000US500059579003016","Block 3016, Block Group 3, Census Tract 9579, Caledonia County, Vermont","1","1","0"
"1000000US500059579003017","Block 3017, Block Group 3, Census Tract 9579, Caledonia County, Vermont","1","1","0"
"1000000US500059579003018","Block 3018, Block Group 3, Census Tract 9579, Caledonia County, Vermont","0","0","0"
"1000000US500059579003019","Block 3019, Block Group 3, Census Tract 9579, Caledonia County, Vermont","13","12","1"
"1000000US500059579003020","Block 3020, Block Group 3, Census Tract 9579, Caledonia County, Vermont","2","2","0"
"1000000US500059579003021","Block 3021, Block Group 3, Census Tract 9579, Caledonia County, Vermont","0","0","0"
"1000000US500059579003022","Block 3022, Block Group 3, Census Tract 9579, Caledonia County, Vermont","15","12","3"
"1000000US500059579003023","Block 3023, Block Group 3, Census Tract 9579, Caledonia County, Vermont","0","0","0"
"1000000US500059579003024","Block 3024, Block Group 3, Census Tract 9579, Caledonia County, Vermont","7","3","4"
"1000000US500059579003025","Block 3025, Block Group 3, Census Tract 9579, Caledonia County, Vermont","1","1","0"
"1000000US500059579003026","Block 3026, Block Group 3, Census Tract 9579, Caledonia County, Vermont","8","2","6"
"1000000US500059579003027","Block 3027, Block Group 3, Census Tract 9579, Caledonia County, Vermont","104","25","79"
"1000000US500059579003028","Block 3028, Block Group 3, Census Tract 9579, Caledonia County, Vermont","0","0","0"
"1000000US500059579003029","Block 3029, Block Group 3, Census Tract 9579, Caledonia County, Vermont","3","0","3"
"1000000US500059579003030","Block 3030, Block Group 3, Census Tract 9579, Caledonia County, Vermont","0","0","0"
"1000000US500059579003031","Block 3031, Block Group 3, Census Tract 9579, Caledonia County, Vermont","0","0","0"
"1000000US500059579003032","Block 3032, Block Group 3, Census Tract 9579, Caledonia County, Vermont","22","15","7"
"1000000US500059579003033","Block 3033, Block Group 3, Census Tract 9579, Caledonia County, Vermont","1","0","1"
"1000000US500059579003034","Block 3034, Block Group 3, Census Tract 9579, Caledonia County, Vermont","1","1","0"
"1000000US500059579003035","Block 3035, Block Group 3, Census Tract 9579, Caledonia County, Vermont","29","22","7"
"1000000US500059579003036","Block 3036, Block Group 3, Census Tract 9579, Caledonia County, Vermont","1","1","0"
"1000000US500059579003037","Block 3037, Block Group 3, Census Tract 9579, Caledonia County, Vermont","0","0","0"
"1000000US500059579003038","Block 3038, Block Group 3, Census Tract 9579, Caledonia County, Vermont","0","0","0"
"1000000US500059579003039","Block 3039, Block Group 3, Census Tract 9579, Caledonia County, Vermont","4","3","1"
"1000000US500059579003040","Block 3040, Block Group 3, Census Tract 9579, Caledonia County, Vermont","8","7","1"
"1000000US500059579003041","Block 3041, Block Group 3, Census Tract 9579, Caledonia County, Vermont","16","4","12"
"1000000US500059579003042","Block 3042, Block Group 3, Census Tract 9579, Caledonia County, Vermont","61","12","49"
"1000000US500059579003043","Block 3043, Block Group 3, Census Tract 9579, Caledonia County, Vermont","1","0","1"
"1000000US500059579003044","Block 3044, Block Group 3, Census Tract 9579, Caledonia County, Vermont","0","0","0"
"1000000US500059579003045","Block 3045, Block Group 3, Census Tract 9579, Caledonia County, Vermont","0","0","0"
"1000000US500059579003046","Block 3046, Block Group 3, Census Tract 9579, Caledonia County, Vermont","6","4","2"
"1000000US500059579003047","Block 3047, Block Group 3, Census Tract 9579, Caledonia County, Vermont","0","0","0"
"1000000US500059579003048","Block 3048, Block Group 3, Census Tract 9579, Caledonia County, Vermont","0","0","0"
"1000000US500059579003049","Block 3049, Block Group 3, Census Tract 9579, Caledonia County, Vermont","5","4","1"
"1000000US500059579003050","Block 3050, Block Group 3, Census Tract 9579, Caledonia County, Vermont","3","3","0"
"1000000US500059579003051","Block 3051, Block Group 3, Census Tract 9579, Caledonia County, Vermont","2","2","0"
"1000000US500059579003052","Block 3052, Block Group 3, Census Tract 9579, Caledonia County, Vermont","0","0","0"
"1000000US500059579003053","Block 3053, Block Group 3, Census Tract 9579, Caledonia County, Vermont","0","0","0"
"1000000US500059579003054","Block 3054, Block Group 3, Census Tract 9579, Caledonia County, Vermont","0","0","0"
"1000000US500059579003055","Block 3055, Block Group 3, Census Tract 9579, Caledonia County, Vermont","5","5","0"
"1000000US500059579003056","Block 3056, Block Group 3, Census Tract 9579, Caledonia County, Vermont","0","0","0"
"1000000US500059579003057","Block 3057, Block Group 3, Census Tract 9579, Caledonia County, Vermont","0","0","0"
"1000000US500059579003058","Block 3058, Block Group 3, Census Tract 9579, Caledonia County, Vermont","0","0","0"
"1000000US500059579003059","Block 3059, Block Group 3, Census Tract 9579, Caledonia County, Vermont","0","0","0"
"1000000US500059579003060","Block 3060, Block Group 3, Census Tract 9579, Caledonia County, Vermont","0","0","0"
"1000000US500059579003061","Block 3061, Block Group 3, Census Tract 9579, Caledonia County, Vermont","2","2","0"
"1000000US500059579003062","Block 3062, Block Group 3, Census Tract 9579, Caledonia County, Vermont","14","14","0"
"1000000US500059579003063","Block 3063, Block Group 3, Census Tract 9579, Caledonia County, Vermont","1","1","0"
"1000000US500059579003064","Block 3064, Block Group 3, Census Tract 9579, Caledonia County, Vermont","2","2","0"
"1000000US500059579003065","Block 3065, Block Group 3, Census Tract 9579, Caledonia County, Vermont","0","0","0"
"1000000US500059579003066","Block 3066, Block Group 3, Census Tract 9579, Caledonia County, Vermont","10","10","0"
"1000000US500059579003067","Block 3067, Block Group 3, Census Tract 9579, Caledonia County, Vermont","5","5","0"
"1000000US500059579003068","Block 3068, Block Group 3, Census Tract 9579, Caledonia County, Vermont","4","4","0"
"1000000US500059579003069","Block 3069, Block Group 3, Census Tract 9579, Caledonia County, Vermont","0","0","0"
"1000000US500059579003070","Block 3070, Block Group 3, Census Tract 9579, Caledonia County, Vermont","2","2","0"
"1000000US500059579003071","Block 3071, Block Group 3, Census Tract 9579, Caledonia County, Vermont","9","9","0"
"1000000US500059579003072","Block 3072, Block Group 3, Census Tract 9579, Caledonia County, Vermont","12","9","3"
"1000000US500059579003073","Block 3073, Block Group 3, Census Tract 9579, Caledonia County, Vermont","22","18","4"
"1000000US500059579003074","Block 3074, Block Group 3, Census Tract 9579, Caledonia County, Vermont","0","0","0"
"1000000US500059579003075","Block 3075, Block Group 3, Census Tract 9579, Caledonia County, Vermont","10","9","1"
"1000000US500059579003076","Block 3076, Block Group 3, Census Tract 9579, Caledonia County, Vermont","0","0","0"
"1000000US500059579003077","Block 3077, Block Group 3, Census Tract 9579, Caledonia County, Vermont","2","1","1"
"1000000US500059579003078","Block 3078, Block Group 3, Census Tract 9579, Caledonia County, Vermont","2","2","0"
"1000000US500059579003079","Block 3079, Block Group 3, Census Tract 9579, Caledonia County, Vermont","8","7","1"
"1000000US500059579003080","Block 3080, Block Group 3, Census Tract 9579, Caledonia County, Vermont","4","2","2"
"1000000US500059579003081","Block 3081, Block Group 3, Census Tract 9579, Caledonia County, Vermont","3","2","1"
"1000000US500059579003082","Block 3082, Block Group 3, Census Tract 9579, Caledonia County, Vermont","0","0","0"
"1000000US500059579003083","Block 3083, Block Group 3, Census Tract 9579, Caledonia County, Vermont","2","1","1"
"1000000US500059579003084","Block 3084, Block Group 3, Census Tract 9579, Caledonia County, Vermont","12","11","1"
"1000000US500059579003085","Block 3085, Block Group 3, Census Tract 9579, Caledonia County, Vermont","0","0","0"
"1000000US500059579003086","Block 3086, Block Group 3, Census Tract 9579, Caledonia County, Vermont","2","2","0"
"1000000US500059579003087","Block 3087, Block Group 3, Census Tract 9579, Caledonia County, Vermont","0","0","0"
"1000000US500059579003088","Block 3088, Block Group 3, Census Tract 9579, Caledonia County, Vermont","10","3","7"
"1000000US500059579003089","Block 3089, Block Group 3, Census Tract 9579, Caledonia County, Vermont","2","2","0"
"1000000US500070001001000","Block 1000, Block Group 1, Census Tract 1, Chittenden County, Vermont","0","0","0"
"1000000US500070001001001","Block 1001, Block Group 1, Census Tract 1, Chittenden County, Vermont","29","28","1"
"1000000US500070001001002","Block 1002, Block Group 1, Census Tract 1, Chittenden County, Vermont","2","2","0"
"1000000US500070001001003","Block 1003, Block Group 1, Census Tract 1, Chittenden County, Vermont","0","0","0"
"1000000US500070001001004","Block 1004, Block Group 1, Census Tract 1, Chittenden County, Vermont","16","14","2"
"1000000US500070001001005","Block 1005, Block Group 1, Census Tract 1, Chittenden County, Vermont","12","12","0"
"1000000US500070001001006","Block 1006, Block Group 1, Census Tract 1, Chittenden County, Vermont","0","0","0"
"1000000US500070001001007","Block 1007, Block Group 1, Census Tract 1, Chittenden County, Vermont","0","0","0"
"1000000US500070001001008","Block 1008, Block Group 1, Census Tract 1, Chittenden County, Vermont","298","290","8"
"1000000US500070001001009","Block 1009, Block Group 1, Census Tract 1, Chittenden County, Vermont","1","1","0"
"1000000US500070001001010","Block 1010, Block Group 1, Census Tract 1, Chittenden County, Vermont","14","13","1"
"1000000US500070001001011","Block 1011, Block Group 1, Census Tract 1, Chittenden County, Vermont","28","28","0"
"1000000US500070001001012","Block 1012, Block Group 1, Census Tract 1, Chittenden County, Vermont","26","25","1"
"1000000US500070001001013","Block 1013, Block Group 1, Census Tract 1, Chittenden County, Vermont","6","6","0"
"1000000US500070001001014","Block 1014, Block Group 1, Census Tract 1, Chittenden County, Vermont","61","61","0"
"1000000US500070001001015","Block 1015, Block Group 1, Census Tract 1, Chittenden County, Vermont","27","27","0"
"1000000US500070001001016","Block 1016, Block Group 1, Census Tract 1, Chittenden County, Vermont","138","133","5"
"1000000US500070001001017","Block 1017, Block Group 1, Census Tract 1, Chittenden County, Vermont","28","28","0"
"1000000US500070001001018","Block 1018, Block Group 1, Census Tract 1, Chittenden County, Vermont","8","8","0"
"1000000US500070001001019","Block 1019, Block Group 1, Census Tract 1, Chittenden County, Vermont","16","16","0"
"1000000US500070001001020","Block 1020, Block Group 1, Census Tract 1, Chittenden County, Vermont","30","30","0"
"1000000US500070001001021","Block 1021, Block Group 1, Census Tract 1, Chittenden County, Vermont","9","9","0"
"1000000US500070001001022","Block 1022, Block Group 1, Census Tract 1, Chittenden County, Vermont","1","1","0"
"1000000US500070001001023","Block 1023, Block Group 1, Census Tract 1, Chittenden County, Vermont","22","22","0"
"1000000US500070001001024","Block 1024, Block Group 1, Census Tract 1, Chittenden County, Vermont","26","26","0"
"1000000US500070001001025","Block 1025, Block Group 1, Census Tract 1, Chittenden County, Vermont","39","38","1"
"1000000US500070001001026","Block 1026, Block Group 1, Census Tract 1, Chittenden County, Vermont","14","14","0"
"1000000US500070001001027","Block 1027, Block Group 1, Census Tract 1, Chittenden County, Vermont","33","33","0"
"1000000US500070001001028","Block 1028, Block Group 1, Census Tract 1, Chittenden County, Vermont","110","106","4"
"1000000US500070001001029","Block 1029, Block Group 1, Census Tract 1, Chittenden County, Vermont","28","25","3"
"1000000US500070001001030","Block 1030, Block Group 1, Census Tract 1, Chittenden County, Vermont","19","19","0"
"1000000US500070001001031","Block 1031, Block Group 1, Census Tract 1, Chittenden County, Vermont","18","18","0"
"1000000US500070001001032","Block 1032, Block Group 1, Census Tract 1, Chittenden County, Vermont","20","20","0"
"1000000US500070001001033","Block 1033, Block Group 1, Census Tract 1, Chittenden County, Vermont","9","9","0"
"1000000US500070001001034","Block 1034, Block Group 1, Census Tract 1, Chittenden County, Vermont","26","26","0"
"1000000US500070001002000","Block 2000, Block Group 2, Census Tract 1, Chittenden County, Vermont","185","182","3"
"1000000US500070001002001","Block 2001, Block Group 2, Census Tract 1, Chittenden County, Vermont","12","12","0"
"1000000US500070001002002","Block 2002, Block Group 2, Census Tract 1, Chittenden County, Vermont","10","10","0"
"1000000US500070001002003","Block 2003, Block Group 2, Census Tract 1, Chittenden County, Vermont","25","24","1"
"1000000US500070001002004","Block 2004, Block Group 2, Census Tract 1, Chittenden County, Vermont","21","21","0"
"1000000US500070001002005","Block 2005, Block Group 2, Census Tract 1, Chittenden County, Vermont","0","0","0"
"1000000US500070001002006","Block 2006, Block Group 2, Census Tract 1, Chittenden County, Vermont","31","30","1"
"1000000US500070001002007","Block 2007, Block Group 2, Census Tract 1, Chittenden County, Vermont","119","114","5"
"1000000US500070001002008","Block 2008, Block Group 2, Census Tract 1, Chittenden County, Vermont","20","19","1"
"1000000US500070001002009","Block 2009, Block Group 2, Census Tract 1, Chittenden County, Vermont","13","13","0"
"1000000US500070001002010","Block 2010, Block Group 2, Census Tract 1, Chittenden County, Vermont","142","140","2"
"1000000US500070001002011","Block 2011, Block Group 2, Census Tract 1, Chittenden County, Vermont","38","38","0"
"1000000US500070001002012","Block 2012, Block Group 2, Census Tract 1, Chittenden County, Vermont","13","13","0"
"1000000US500070001002013","Block 2013, Block Group 2, Census Tract 1, Chittenden County, Vermont","9","8","1"
"1000000US500070001002014","Block 2014, Block Group 2, Census Tract 1, Chittenden County, Vermont","0","0","0"
"1000000US500070001002015","Block 2015, Block Group 2, Census Tract 1, Chittenden County, Vermont","0","0","0"
"1000000US500070001002016","Block 2016, Block Group 2, Census Tract 1, Chittenden County, Vermont","0","0","0"
"1000000US500070001002017","Block 2017, Block Group 2, Census Tract 1, Chittenden County, Vermont","1","1","0"
"1000000US500070001002018","Block 2018, Block Group 2, Census Tract 1, Chittenden County, Vermont","12","12","0"
"1000000US500070001002019","Block 2019, Block Group 2, Census Tract 1, Chittenden County, Vermont","18","16","2"
"1000000US500070001002020","Block 2020, Block Group 2, Census Tract 1, Chittenden County, Vermont","111","107","4"
"1000000US500070001002021","Block 2021, Block Group 2, Census Tract 1, Chittenden County, Vermont","23","23","0"
"1000000US500070001002022","Block 2022, Block Group 2, Census Tract 1, Chittenden County, Vermont","0","0","0"
"1000000US500070001002023","Block 2023, Block Group 2, Census Tract 1, Chittenden County, Vermont","0","0","0"
"1000000US500070001002024","Block 2024, Block Group 2, Census Tract 1, Chittenden County, Vermont","0","0","0"
"1000000US500070001002025","Block 2025, Block Group 2, Census Tract 1, Chittenden County, Vermont","0","0","0"
"1000000US500070001002026","Block 2026, Block Group 2, Census Tract 1, Chittenden County, Vermont","0","0","0"
"1000000US500070002001000","Block 1000, Block Group 1, Census Tract 2, Chittenden County, Vermont","95","90","5"
"1000000US500070002001001","Block 1001, Block Group 1, Census Tract 2, Chittenden County, Vermont","0","0","0"
"1000000US500070002001002","Block 1002, Block Group 1, Census Tract 2, Chittenden County, Vermont","567","498","69"
"1000000US500070002001003","Block 1003, Block Group 1, Census Tract 2, Chittenden County, Vermont","0","0","0"
"1000000US500070002001004","Block 1004, Block Group 1, Census Tract 2, Chittenden County, Vermont","0","0","0"
"1000000US500070002001005","Block 1005, Block Group 1, Census Tract 2, Chittenden County, Vermont","5","5","0"
"1000000US500070002001006","Block 1006, Block Group 1, Census Tract 2, Chittenden County, Vermont","8","8","0"
"1000000US500070002001007","Block 1007, Block Group 1, Census Tract 2, Chittenden County, Vermont","12","12","0"
"1000000US500070002001008","Block 1008, Block Group 1, Census Tract 2, Chittenden County, Vermont","0","0","0"
"1000000US500070002001009","Block 1009, Block Group 1, Census Tract 2, Chittenden County, Vermont","0","0","0"
"1000000US500070002001010","Block 1010, Block Group 1, Census Tract 2, Chittenden County, Vermont","0","0","0"
"1000000US500070002001011","Block 1011, Block Group 1, Census Tract 2, Chittenden County, Vermont","1","1","0"
"1000000US500070002001012","Block 1012, Block Group 1, Census Tract 2, Chittenden County, Vermont","17","16","1"
"1000000US500070002001013","Block 1013, Block Group 1, Census Tract 2, Chittenden County, Vermont","37","36","1"
"1000000US500070002001014","Block 1014, Block Group 1, Census Tract 2, Chittenden County, Vermont","0","0","0"
"1000000US500070002002000","Block 2000, Block Group 2, Census Tract 2, Chittenden County, Vermont","78","76","2"
"1000000US500070002002001","Block 2001, Block Group 2, Census Tract 2, Chittenden County, Vermont","72","67","5"
"1000000US500070002002002","Block 2002, Block Group 2, Census Tract 2, Chittenden County, Vermont","57","56","1"
"1000000US500070002002003","Block 2003, Block Group 2, Census Tract 2, Chittenden County, Vermont","193","189","4"
"1000000US500070002002004","Block 2004, Block Group 2, Census Tract 2, Chittenden County, Vermont","32","32","0"
"1000000US500070002002005","Block 2005, Block Group 2, Census Tract 2, Chittenden County, Vermont","24","24","0"
"1000000US500070002002006","Block 2006, Block Group 2, Census Tract 2, Chittenden County, Vermont","12","12","0"
"1000000US500070002002007","Block 2007, Block Group 2, Census Tract 2, Chittenden County, Vermont","79","78","1"
"1000000US500070002002008","Block 2008, Block Group 2, Census Tract 2, Chittenden County, Vermont","82","81","1"
"1000000US500070002003000","Block 3000, Block Group 3, Census Tract 2, Chittenden County, Vermont","210","193","17"
"1000000US500070002003001","Block 3001, Block Group 3, Census Tract 2, Chittenden County, Vermont","15","15","0"
"1000000US500070002003002","Block 3002, Block Group 3, Census Tract 2, Chittenden County, Vermont","21","21","0"
"1000000US500070002003003","Block 3003, Block Group 3, Census Tract 2, Chittenden County, Vermont","66","60","6"
"1000000US500070002003004","Block 3004, Block Group 3, Census Tract 2, Chittenden County, Vermont","29","28","1"
"1000000US500070002003005","Block 3005, Block Group 3, Census Tract 2, Chittenden County, Vermont","17","17","0"
"1000000US500070002003006","Block 3006, Block Group 3, Census Tract 2, Chittenden County, Vermont","10","10","0"
"1000000US500070002003007","Block 3007, Block Group 3, Census Tract 2, Chittenden County, Vermont","8","8","0"
"1000000US500070002003008","Block 3008, Block Group 3, Census Tract 2, Chittenden County, Vermont","16","13","3"
"1000000US500070002003009","Block 3009, Block Group 3, Census Tract 2, Chittenden County, Vermont","0","0","0"
"1000000US500070002003010","Block 3010, Block Group 3, Census Tract 2, Chittenden County, Vermont","0","0","0"
"1000000US500070002003011","Block 3011, Block Group 3, Census Tract 2, Chittenden County, Vermont","0","0","0"
"1000000US500070002003012","Block 3012, Block Group 3, Census Tract 2, Chittenden County, Vermont","0","0","0"
"1000000US500070002003013","Block 3013, Block Group 3, Census Tract 2, Chittenden County, Vermont","0","0","0"
"1000000US500070002003014","Block 3014, Block Group 3, Census Tract 2, Chittenden County, Vermont","10","7","3"
"1000000US500070002003015","Block 3015, Block Group 3, Census Tract 2, Chittenden County, Vermont","2","2","0"
"1000000US500070002003016","Block 3016, Block Group 3, Census Tract 2, Chittenden County, Vermont","0","0","0"
"1000000US500070002003017","Block 3017, Block Group 3, Census Tract 2, Chittenden County, Vermont","0","0","0"
"1000000US500070002003018","Block 3018, Block Group 3, Census Tract 2, Chittenden County, Vermont","0","0","0"
"1000000US500070002003019","Block 3019, Block Group 3, Census Tract 2, Chittenden County, Vermont","0","0","0"
"1000000US500070002003020","Block 3020, Block Group 3, Census Tract 2, Chittenden County, Vermont","0","0","0"
"1000000US500070002003021","Block 3021, Block Group 3, Census Tract 2, Chittenden County, Vermont","0","0","0"
"1000000US500070002003022","Block 3022, Block Group 3, Census Tract 2, Chittenden County, Vermont","0","0","0"
"1000000US500070002003023","Block 3023, Block Group 3, Census Tract 2, Chittenden County, Vermont","0","0","0"
"1000000US500070002003024","Block 3024, Block Group 3, Census Tract 2, Chittenden County, Vermont","0","0","0"
"1000000US500070002003025","Block 3025, Block Group 3, Census Tract 2, Chittenden County, Vermont","0","0","0"
"1000000US500070002003026","Block 3026, Block Group 3, Census Tract 2, Chittenden County, Vermont","0","0","0"
"1000000US500070002003027","Block 3027, Block Group 3, Census Tract 2, Chittenden County, Vermont","0","0","0"
"1000000US500070002003028","Block 3028, Block Group 3, Census Tract 2, Chittenden County, Vermont","0","0","0"
"1000000US500070002004000","Block 4000, Block Group 4, Census Tract 2, Chittenden County, Vermont","78","76","2"
"1000000US500070002004001","Block 4001, Block Group 4, Census Tract 2, Chittenden County, Vermont","7","6","1"
"1000000US500070002004002","Block 4002, Block Group 4, Census Tract 2, Chittenden County, Vermont","66","61","5"
"1000000US500070002004003","Block 4003, Block Group 4, Census Tract 2, Chittenden County, Vermont","14","14","0"
"1000000US500070002004004","Block 4004, Block Group 4, Census Tract 2, Chittenden County, Vermont","8","8","0"
"1000000US500070002004005","Block 4005, Block Group 4, Census Tract 2, Chittenden County, Vermont","18","18","0"
"1000000US500070002004006","Block 4006, Block Group 4, Census Tract 2, Chittenden County, Vermont","17","16","1"
"1000000US500070002004007","Block 4007, Block Group 4, Census Tract 2, Chittenden County, Vermont","9","9","0"
"1000000US500070002004008","Block 4008, Block Group 4, Census Tract 2, Chittenden County, Vermont","23","21","2"
"1000000US500070002004009","Block 4009, Block Group 4, Census Tract 2, Chittenden County, Vermont","11","11","0"
"1000000US500070002004010","Block 4010, Block Group 4, Census Tract 2, Chittenden County, Vermont","16","16","0"
"1000000US500070002004011","Block 4011, Block Group 4, Census Tract 2, Chittenden County, Vermont","58","55","3"
"1000000US500070002004012","Block 4012, Block Group 4, Census Tract 2, Chittenden County, Vermont","0","0","0"
"1000000US500070002004013","Block 4013, Block Group 4, Census Tract 2, Chittenden County, Vermont","0","0","0"
"1000000US500070002004014","Block 4014, Block Group 4, Census Tract 2, Chittenden County, Vermont","12","12","0"
"1000000US500070002004015","Block 4015, Block Group 4, Census Tract 2, Chittenden County, Vermont","26","25","1"
"1000000US500070002004016","Block 4016, Block Group 4, Census Tract 2, Chittenden County, Vermont","12","11","1"
"1000000US500070002004017","Block 4017, Block Group 4, Census Tract 2, Chittenden County, Vermont","0","0","0"
"1000000US500070002004018","Block 4018, Block Group 4, Census Tract 2, Chittenden County, Vermont","180","176","4"
"1000000US500070002004019","Block 4019, Block Group 4, Census Tract 2, Chittenden County, Vermont","0","0","0"
"1000000US500070002004020","Block 4020, Block Group 4, Census Tract 2, Chittenden County, Vermont","60","58","2"
"1000000US500070002004021","Block 4021, Block Group 4, Census Tract 2, Chittenden County, Vermont","37","34","3"
"1000000US500070002004022","Block 4022, Block Group 4, Census Tract 2, Chittenden County, Vermont","0","0","0"
"1000000US500070002004023","Block 4023, Block Group 4, Census Tract 2, Chittenden County, Vermont","0","0","0"
"1000000US500070002004024","Block 4024, Block Group 4, Census Tract 2, Chittenden County, Vermont","0","0","0"
"1000000US500070002004025","Block 4025, Block Group 4, Census Tract 2, Chittenden County, Vermont","0","0","0"
"1000000US500070002004026","Block 4026, Block Group 4, Census Tract 2, Chittenden County, Vermont","0","0","0"
"1000000US500070002004027","Block 4027, Block Group 4, Census Tract 2, Chittenden County, Vermont","0","0","0"
"1000000US500070002004028","Block 4028, Block Group 4, Census Tract 2, Chittenden County, Vermont","0","0","0"
"1000000US500070002004029","Block 4029, Block Group 4, Census Tract 2, Chittenden County, Vermont","0","0","0"
"1000000US500070002004030","Block 4030, Block Group 4, Census Tract 2, Chittenden County, Vermont","0","0","0"
"1000000US500070002004031","Block 4031, Block Group 4, Census Tract 2, Chittenden County, Vermont","0","0","0"
"1000000US500070002004032","Block 4032, Block Group 4, Census Tract 2, Chittenden County, Vermont","0","0","0"
"1000000US500070003001000","Block 1000, Block Group 1, Census Tract 3, Chittenden County, Vermont","0","0","0"
"1000000US500070003001001","Block 1001, Block Group 1, Census Tract 3, Chittenden County, Vermont","0","0","0"
"1000000US500070003001002","Block 1002, Block Group 1, Census Tract 3, Chittenden County, Vermont","1","1","0"
"1000000US500070003001003","Block 1003, Block Group 1, Census Tract 3, Chittenden County, Vermont","0","0","0"
"1000000US500070003001004","Block 1004, Block Group 1, Census Tract 3, Chittenden County, Vermont","0","0","0"
"1000000US500070003001005","Block 1005, Block Group 1, Census Tract 3, Chittenden County, Vermont","0","0","0"
"1000000US500070003001006","Block 1006, Block Group 1, Census Tract 3, Chittenden County, Vermont","0","0","0"
"1000000US500070003001007","Block 1007, Block Group 1, Census Tract 3, Chittenden County, Vermont","0","0","0"
"1000000US500070003001008","Block 1008, Block Group 1, Census Tract 3, Chittenden County, Vermont","0","0","0"
"1000000US500070003001009","Block 1009, Block Group 1, Census Tract 3, Chittenden County, Vermont","5","5","0"
"1000000US500070003001010","Block 1010, Block Group 1, Census Tract 3, Chittenden County, Vermont","54","54","0"
"1000000US500070003001011","Block 1011, Block Group 1, Census Tract 3, Chittenden County, Vermont","10","9","1"
"1000000US500070003001012","Block 1012, Block Group 1, Census Tract 3, Chittenden County, Vermont","18","15","3"
"1000000US500070003001013","Block 1013, Block Group 1, Census Tract 3, Chittenden County, Vermont","41","35","6"
"1000000US500070003001014","Block 1014, Block Group 1, Census Tract 3, Chittenden County, Vermont","18","17","1"
"1000000US500070003001015","Block 1015, Block Group 1, Census Tract 3, Chittenden County, Vermont","13","12","1"
"1000000US500070003001016","Block 1016, Block Group 1, Census Tract 3, Chittenden County, Vermont","0","0","0"
"1000000US500070003001017","Block 1017, Block Group 1, Census Tract 3, Chittenden County, Vermont","56","51","5"
"1000000US500070003001018","Block 1018, Block Group 1, Census Tract 3, Chittenden County, Vermont","78","72","6"
"1000000US500070003001019","Block 1019, Block Group 1, Census Tract 3, Chittenden County, Vermont","18","17","1"
"1000000US500070003001020","Block 1020, Block Group 1, Census Tract 3, Chittenden County, Vermont","0","0","0"
"1000000US500070003001021","Block 1021, Block Group 1, Census Tract 3, Chittenden County, Vermont","44","42","2"
"1000000US500070003001022","Block 1022, Block Group 1, Census Tract 3, Chittenden County, Vermont","15","13","2"
"1000000US500070003001023","Block 1023, Block Group 1, Census Tract 3, Chittenden County, Vermont","0","0","0"
"1000000US500070003001024","Block 1024, Block Group 1, Census Tract 3, Chittenden County, Vermont","29","28","1"
"1000000US500070003001025","Block 1025, Block Group 1, Census Tract 3, Chittenden County, Vermont","49","46","3"
"1000000US500070003001026","Block 1026, Block Group 1, Census Tract 3, Chittenden County, Vermont","0","0","0"
"1000000US500070003001027","Block 1027, Block Group 1, Census Tract 3, Chittenden County, Vermont","16","14","2"
"1000000US500070003001028","Block 1028, Block Group 1, Census Tract 3, Chittenden County, Vermont","96","89","7"
"1000000US500070003001029","Block 1029, Block Group 1, Census Tract 3, Chittenden County, Vermont","76","74","2"
"1000000US500070003001030","Block 1030, Block Group 1, Census Tract 3, Chittenden County, Vermont","56","55","1"
"1000000US500070003001031","Block 1031, Block Group 1, Census Tract 3, Chittenden County, Vermont","49","46","3"
"1000000US500070003001032","Block 1032, Block Group 1, Census Tract 3, Chittenden County, Vermont","58","55","3"
"1000000US500070003001033","Block 1033, Block Group 1, Census Tract 3, Chittenden County, Vermont","62","58","4"
"1000000US500070003002000","Block 2000, Block Group 2, Census Tract 3, Chittenden County, Vermont","18","18","0"
"1000000US500070003002001","Block 2001, Block Group 2, Census Tract 3, Chittenden County, Vermont","18","18","0"
"1000000US500070003002002","Block 2002, Block Group 2, Census Tract 3, Chittenden County, Vermont","104","101","3"
"1000000US500070003002003","Block 2003, Block Group 2, Census Tract 3, Chittenden County, Vermont","17","17","0"
"1000000US500070003002004","Block 2004, Block Group 2, Census Tract 3, Chittenden County, Vermont","80","77","3"
"1000000US500070003002005","Block 2005, Block Group 2, Census Tract 3, Chittenden County, Vermont","26","25","1"
"1000000US500070003002006","Block 2006, Block Group 2, Census Tract 3, Chittenden County, Vermont","59","58","1"
"1000000US500070003002007","Block 2007, Block Group 2, Census Tract 3, Chittenden County, Vermont","25","25","0"
"1000000US500070003002008","Block 2008, Block Group 2, Census Tract 3, Chittenden County, Vermont","22","21","1"
"1000000US500070003002009","Block 2009, Block Group 2, Census Tract 3, Chittenden County, Vermont","24","22","2"
"1000000US500070003002010","Block 2010, Block Group 2, Census Tract 3, Chittenden County, Vermont","30","28","2"
"1000000US500070003002011","Block 2011, Block Group 2, Census Tract 3, Chittenden County, Vermont","41","41","0"
"1000000US500070003002012","Block 2012, Block Group 2, Census Tract 3, Chittenden County, Vermont","24","23","1"
"1000000US500070003002013","Block 2013, Block Group 2, Census Tract 3, Chittenden County, Vermont","69","65","4"
"1000000US500070003002014","Block 2014, Block Group 2, Census Tract 3, Chittenden County, Vermont","50","47","3"
"1000000US500070003002015","Block 2015, Block Group 2, Census Tract 3, Chittenden County, Vermont","3","3","0"
"1000000US500070003002016","Block 2016, Block Group 2, Census Tract 3, Chittenden County, Vermont","2","2","0"
"1000000US500070003002017","Block 2017, Block Group 2, Census Tract 3, Chittenden County, Vermont","20","20","0"
"1000000US500070003002018","Block 2018, Block Group 2, Census Tract 3, Chittenden County, Vermont","0","0","0"
"1000000US500070003002019","Block 2019, Block Group 2, Census Tract 3, Chittenden County, Vermont","0","0","0"
"1000000US500070004001000","Block 1000, Block Group 1, Census Tract 4, Chittenden County, Vermont","2","2","0"
"1000000US500070004001001","Block 1001, Block Group 1, Census Tract 4, Chittenden County, Vermont","79","73","6"
"1000000US500070004001002","Block 1002, Block Group 1, Census Tract 4, Chittenden County, Vermont","51","51","0"
"1000000US500070004001003","Block 1003, Block Group 1, Census Tract 4, Chittenden County, Vermont","0","0","0"
"1000000US500070004001004","Block 1004, Block Group 1, Census Tract 4, Chittenden County, Vermont","58","56","2"
"1000000US500070004001005","Block 1005, Block Group 1, Census Tract 4, Chittenden County, Vermont","118","112","6"
"1000000US500070004001006","Block 1006, Block Group 1, Census Tract 4, Chittenden County, Vermont","64","59","5"
"1000000US500070004001007","Block 1007, Block Group 1, Census Tract 4, Chittenden County, Vermont","110","102","8"
"1000000US500070004001008","Block 1008, Block Group 1, Census Tract 4, Chittenden County, Vermont","37","36","1"
"1000000US500070004001009","Block 1009, Block Group 1, Census Tract 4, Chittenden County, Vermont","101","97","4"
"1000000US500070004002000","Block 2000, Block Group 2, Census Tract 4, Chittenden County, Vermont","66","64","2"
"1000000US500070004002001","Block 2001, Block Group 2, Census Tract 4, Chittenden County, Vermont","68","66","2"
"1000000US500070004002002","Block 2002, Block Group 2, Census Tract 4, Chittenden County, Vermont","50","48","2"
"1000000US500070004002003","Block 2003, Block Group 2, Census Tract 4, Chittenden County, Vermont","39","39","0"
"1000000US500070004002004","Block 2004, Block Group 2, Census Tract 4, Chittenden County, Vermont","78","76","2"
"1000000US500070004002005","Block 2005, Block Group 2, Census Tract 4, Chittenden County, Vermont","136","133","3"
"1000000US500070004002006","Block 2006, Block Group 2, Census Tract 4, Chittenden County, Vermont","125","117","8"
"1000000US500070004003000","Block 3000, Block Group 3, Census Tract 4, Chittenden County, Vermont","120","113","7"
"1000000US500070004003001","Block 3001, Block Group 3, Census Tract 4, Chittenden County, Vermont","36","35","1"
"1000000US500070004003002","Block 3002, Block Group 3, Census Tract 4, Chittenden County, Vermont","133","127","6"
"1000000US500070004003003","Block 3003, Block Group 3, Census Tract 4, Chittenden County, Vermont","36","35","1"
"1000000US500070004003004","Block 3004, Block Group 3, Census Tract 4, Chittenden County, Vermont","75","72","3"
"1000000US500070005001000","Block 1000, Block Group 1, Census Tract 5, Chittenden County, Vermont","22","22","0"
"1000000US500070005001001","Block 1001, Block Group 1, Census Tract 5, Chittenden County, Vermont","2","2","0"
"1000000US500070005001002","Block 1002, Block Group 1, Census Tract 5, Chittenden County, Vermont","109","105","4"
"1000000US500070005001003","Block 1003, Block Group 1, Census Tract 5, Chittenden County, Vermont","0","0","0"
"1000000US500070005001004","Block 1004, Block Group 1, Census Tract 5, Chittenden County, Vermont","32","32","0"
"1000000US500070005001005","Block 1005, Block Group 1, Census Tract 5, Chittenden County, Vermont","86","81","5"
"1000000US500070005001006","Block 1006, Block Group 1, Census Tract 5, Chittenden County, Vermont","34","33","1"
"1000000US500070005001007","Block 1007, Block Group 1, Census Tract 5, Chittenden County, Vermont","48","42","6"
"1000000US500070005002000","Block 2000, Block Group 2, Census Tract 5, Chittenden County, Vermont","37","37","0"
"1000000US500070005002001","Block 2001, Block Group 2, Census Tract 5, Chittenden County, Vermont","39","39","0"
"1000000US500070005002002","Block 2002, Block Group 2, Census Tract 5, Chittenden County, Vermont","92","91","1"
"1000000US500070005002003","Block 2003, Block Group 2, Census Tract 5, Chittenden County, Vermont","152","150","2"
"1000000US500070005002004","Block 2004, Block Group 2, Census Tract 5, Chittenden County, Vermont","115","112","3"
"1000000US500070005002005","Block 2005, Block Group 2, Census Tract 5, Chittenden County, Vermont","43","43","0"
"1000000US500070005002006","Block 2006, Block Group 2, Census Tract 5, Chittenden County, Vermont","145","143","2"
"1000000US500070005002007","Block 2007, Block Group 2, Census Tract 5, Chittenden County, Vermont","199","193","6"
"1000000US500070005002008","Block 2008, Block Group 2, Census Tract 5, Chittenden County, Vermont","52","49","3"
"1000000US500070005003000","Block 3000, Block Group 3, Census Tract 5, Chittenden County, Vermont","90","90","0"
"1000000US500070005003001","Block 3001, Block Group 3, Census Tract 5, Chittenden County, Vermont","64","60","4"
"1000000US500070005003002","Block 3002, Block Group 3, Census Tract 5, Chittenden County, Vermont","40","39","1"
"1000000US500070005003003","Block 3003, Block Group 3, Census Tract 5, Chittenden County, Vermont","15","15","0"
"1000000US500070005003004","Block 3004, Block Group 3, Census Tract 5, Chittenden County, Vermont","81","72","9"
"1000000US500070005003005","Block 3005, Block Group 3, Census Tract 5, Chittenden County, Vermont","86","80","6"
"1000000US500070005003006","Block 3006, Block Group 3, Census Tract 5, Chittenden County, Vermont","44","44","0"
"1000000US500070005003007","Block 3007, Block Group 3, Census Tract 5, Chittenden County, Vermont","71","66","5"
"1000000US500070005003008","Block 3008, Block Group 3, Census Tract 5, Chittenden County, Vermont","27","26","1"
"1000000US500070005003009","Block 3009, Block Group 3, Census Tract 5, Chittenden County, Vermont","103","101","2"
"1000000US500070005003010","Block 3010, Block Group 3, Census Tract 5, Chittenden County, Vermont","3","3","0"
"1000000US500070006001000","Block 1000, Block Group 1, Census Tract 6, Chittenden County, Vermont","0","0","0"
"1000000US500070006001001","Block 1001, Block Group 1, Census Tract 6, Chittenden County, Vermont","0","0","0"
"1000000US500070006001002","Block 1002, Block Group 1, Census Tract 6, Chittenden County, Vermont","10","10","0"
"1000000US500070006001003","Block 1003, Block Group 1, Census Tract 6, Chittenden County, Vermont","0","0","0"
"1000000US500070006001004","Block 1004, Block Group 1, Census Tract 6, Chittenden County, Vermont","14","14","0"
"1000000US500070006001005","Block 1005, Block Group 1, Census Tract 6, Chittenden County, Vermont","0","0","0"
"1000000US500070006001006","Block 1006, Block Group 1, Census Tract 6, Chittenden County, Vermont","456","418","38"
"1000000US500070006001007","Block 1007, Block Group 1, Census Tract 6, Chittenden County, Vermont","72","72","0"
"1000000US500070006001008","Block 1008, Block Group 1, Census Tract 6, Chittenden County, Vermont","18","15","3"
"1000000US500070006001009","Block 1009, Block Group 1, Census Tract 6, Chittenden County, Vermont","0","0","0"
"1000000US500070006001010","Block 1010, Block Group 1, Census Tract 6, Chittenden County, Vermont","81","76","5"
"1000000US500070006001011","Block 1011, Block Group 1, Census Tract 6, Chittenden County, Vermont","55","54","1"
"1000000US500070006001012","Block 1012, Block Group 1, Census Tract 6, Chittenden County, Vermont","28","26","2"
"1000000US500070006001013","Block 1013, Block Group 1, Census Tract 6, Chittenden County, Vermont","6","6","0"
"1000000US500070006001014","Block 1014, Block Group 1, Census Tract 6, Chittenden County, Vermont","62","60","2"
"1000000US500070006001015","Block 1015, Block Group 1, Census Tract 6, Chittenden County, Vermont","45","45","0"
"1000000US500070006001016","Block 1016, Block Group 1, Census Tract 6, Chittenden County, Vermont","61","59","2"
"1000000US500070006001017","Block 1017, Block Group 1, Census Tract 6, Chittenden County, Vermont","261","259","2"
"1000000US500070006001018","Block 1018, Block Group 1, Census Tract 6, Chittenden County, Vermont","2","2","0"
"1000000US500070006001019","Block 1019, Block Group 1, Census Tract 6, Chittenden County, Vermont","11","11","0"
"1000000US500070006001020","Block 1020, Block Group 1, Census Tract 6, Chittenden County, Vermont","64","62","2"
"1000000US500070006001021","Block 1021, Block Group 1, Census Tract 6, Chittenden County, Vermont","0","0","0"
"1000000US500070006001022","Block 1022, Block Group 1, Census Tract 6, Chittenden County, Vermont","4","4","0"
"1000000US500070006001023","Block 1023, Block Group 1, Census Tract 6, Chittenden County, Vermont","0","0","0"
"1000000US500070006002000","Block 2000, Block Group 2, Census Tract 6, Chittenden County, Vermont","22","22","0"
"1000000US500070006002001","Block 2001, Block Group 2, Census Tract 6, Chittenden County, Vermont","60","59","1"
"1000000US500070006002002","Block 2002, Block Group 2, Census Tract 6, Chittenden County, Vermont","22","20","2"
"1000000US500070006002003","Block 2003, Block Group 2, Census Tract 6, Chittenden County, Vermont","53","49","4"
"1000000US500070006002004","Block 2004, Block Group 2, Census Tract 6, Chittenden County, Vermont","39","37","2"
"1000000US500070006002005","Block 2005, Block Group 2, Census Tract 6, Chittenden County, Vermont","115","111","4"
"1000000US500070006002006","Block 2006, Block Group 2, Census Tract 6, Chittenden County, Vermont","49","49","0"
"1000000US500070006002007","Block 2007, Block Group 2, Census Tract 6, Chittenden County, Vermont","76","73","3"
"1000000US500070006002008","Block 2008, Block Group 2, Census Tract 6, Chittenden County, Vermont","55","54","1"
"1000000US500070006002009","Block 2009, Block Group 2, Census Tract 6, Chittenden County, Vermont","255","247","8"
"1000000US500070006002010","Block 2010, Block Group 2, Census Tract 6, Chittenden County, Vermont","49","40","9"
"1000000US500070008001000","Block 1000, Block Group 1, Census Tract 8, Chittenden County, Vermont","22","21","1"
"1000000US500070008001001","Block 1001, Block Group 1, Census Tract 8, Chittenden County, Vermont","82","80","2"
"1000000US500070008001002","Block 1002, Block Group 1, Census Tract 8, Chittenden County, Vermont","38","35","3"
"1000000US500070008001003","Block 1003, Block Group 1, Census Tract 8, Chittenden County, Vermont","133","126","7"
"1000000US500070008001004","Block 1004, Block Group 1, Census Tract 8, Chittenden County, Vermont","41","40","1"
"1000000US500070008001005","Block 1005, Block Group 1, Census Tract 8, Chittenden County, Vermont","30","30","0"
"1000000US500070008001006","Block 1006, Block Group 1, Census Tract 8, Chittenden County, Vermont","57","53","4"
"1000000US500070008001007","Block 1007, Block Group 1, Census Tract 8, Chittenden County, Vermont","55","52","3"
"1000000US500070008001008","Block 1008, Block Group 1, Census Tract 8, Chittenden County, Vermont","54","52","2"
"1000000US500070008001009","Block 1009, Block Group 1, Census Tract 8, Chittenden County, Vermont","118","116","2"
"1000000US500070008001010","Block 1010, Block Group 1, Census Tract 8, Chittenden County, Vermont","81","77","4"
"1000000US500070008001011","Block 1011, Block Group 1, Census Tract 8, Chittenden County, Vermont","20","19","1"
"1000000US500070008001012","Block 1012, Block Group 1, Census Tract 8, Chittenden County, Vermont","21","21","0"
"1000000US500070008001013","Block 1013, Block Group 1, Census Tract 8, Chittenden County, Vermont","24","24","0"
"1000000US500070008001014","Block 1014, Block Group 1, Census Tract 8, Chittenden County, Vermont","18","17","1"
"1000000US500070008001015","Block 1015, Block Group 1, Census Tract 8, Chittenden County, Vermont","29","28","1"
"1000000US500070008002000","Block 2000, Block Group 2, Census Tract 8, Chittenden County, Vermont","0","0","0"
"1000000US500070008002001","Block 2001, Block Group 2, Census Tract 8, Chittenden County, Vermont","10","7","3"
"1000000US500070008002002","Block 2002, Block Group 2, Census Tract 8, Chittenden County, Vermont","164","158","6"
"1000000US500070008002003","Block 2003, Block Group 2, Census Tract 8, Chittenden County, Vermont","14","14","0"
"1000000US500070008002004","Block 2004, Block Group 2, Census Tract 8, Chittenden County, Vermont","39","37","2"
"1000000US500070008002005","Block 2005, Block Group 2, Census Tract 8, Chittenden County, Vermont","12","11","1"
"1000000US500070008002006","Block 2006, Block Group 2, Census Tract 8, Chittenden County, Vermont","10","10","0"
"1000000US500070008002007","Block 2007, Block Group 2, Census Tract 8, Chittenden County, Vermont","18","17","1"
"1000000US500070008002008","Block 2008, Block Group 2, Census Tract 8, Chittenden County, Vermont","12","11","1"
"1000000US500070008002009","Block 2009, Block Group 2, Census Tract 8, Chittenden County, Vermont","27","27","0"
"1000000US500070009001000","Block 1000, Block Group 1, Census Tract 9, Chittenden County, Vermont","36","36","0"
"1000000US500070009001001","Block 1001, Block Group 1, Census Tract 9, Chittenden County, Vermont","55","54","1"
"1000000US500070009001002","Block 1002, Block Group 1, Census Tract 9, Chittenden County, Vermont","24","24","0"
"1000000US500070009001003","Block 1003, Block Group 1, Census Tract 9, Chittenden County, Vermont","22","22","0"
"1000000US500070009001004","Block 1004, Block Group 1, Census Tract 9, Chittenden County, Vermont","38","35","3"
"1000000US500070009001005","Block 1005, Block Group 1, Census Tract 9, Chittenden County, Vermont","36","35","1"
"1000000US500070009001006","Block 1006, Block Group 1, Census Tract 9, Chittenden County, Vermont","39","37","2"
"1000000US500070009001007","Block 1007, Block Group 1, Census Tract 9, Chittenden County, Vermont","40","39","1"
"1000000US500070009002000","Block 2000, Block Group 2, Census Tract 9, Chittenden County, Vermont","50","50","0"
"1000000US500070009002001","Block 2001, Block Group 2, Census Tract 9, Chittenden County, Vermont","80","77","3"
"1000000US500070009002002","Block 2002, Block Group 2, Census Tract 9, Chittenden County, Vermont","53","52","1"
"1000000US500070009002003","Block 2003, Block Group 2, Census Tract 9, Chittenden County, Vermont","88","83","5"
"1000000US500070009002004","Block 2004, Block Group 2, Census Tract 9, Chittenden County, Vermont","93","87","6"
"1000000US500070009002005","Block 2005, Block Group 2, Census Tract 9, Chittenden County, Vermont","49","48","1"
"1000000US500070009003000","Block 3000, Block Group 3, Census Tract 9, Chittenden County, Vermont","46","46","0"
"1000000US500070009003001","Block 3001, Block Group 3, Census Tract 9, Chittenden County, Vermont","40","40","0"
"1000000US500070009003002","Block 3002, Block Group 3, Census Tract 9, Chittenden County, Vermont","210","205","5"
"1000000US500070009003003","Block 3003, Block Group 3, Census Tract 9, Chittenden County, Vermont","116","112","4"
"1000000US500070009003004","Block 3004, Block Group 3, Census Tract 9, Chittenden County, Vermont","73","72","1"
"1000000US500070009003005","Block 3005, Block Group 3, Census Tract 9, Chittenden County, Vermont","64","60","4"
"1000000US500070010001000","Block 1000, Block Group 1, Census Tract 10, Chittenden County, Vermont","13","13","0"
"1000000US500070010001001","Block 1001, Block Group 1, Census Tract 10, Chittenden County, Vermont","9","9","0"
"1000000US500070010001002","Block 1002, Block Group 1, Census Tract 10, Chittenden County, Vermont","124","122","2"
"1000000US500070010001003","Block 1003, Block Group 1, Census Tract 10, Chittenden County, Vermont","56","48","8"
"1000000US500070010001004","Block 1004, Block Group 1, Census Tract 10, Chittenden County, Vermont","0","0","0"
"1000000US500070010001005","Block 1005, Block Group 1, Census Tract 10, Chittenden County, Vermont","41","40","1"
"1000000US500070010001006","Block 1006, Block Group 1, Census Tract 10, Chittenden County, Vermont","0","0","0"
"1000000US500070010001007","Block 1007, Block Group 1, Census Tract 10, Chittenden County, Vermont","0","0","0"
"1000000US500070010001008","Block 1008, Block Group 1, Census Tract 10, Chittenden County, Vermont","0","0","0"
"1000000US500070010001009","Block 1009, Block Group 1, Census Tract 10, Chittenden County, Vermont","0","0","0"
"1000000US500070010001010","Block 1010, Block Group 1, Census Tract 10, Chittenden County, Vermont","0","0","0"
"1000000US500070010001011","Block 1011, Block Group 1, Census Tract 10, Chittenden County, Vermont","0","0","0"
"1000000US500070010001012","Block 1012, Block Group 1, Census Tract 10, Chittenden County, Vermont","0","0","0"
"1000000US500070010001013","Block 1013, Block Group 1, Census Tract 10, Chittenden County, Vermont","0","0","0"
"1000000US500070010001014","Block 1014, Block Group 1, Census Tract 10, Chittenden County, Vermont","110","68","42"
"1000000US500070010001015","Block 1015, Block Group 1, Census Tract 10, Chittenden County, Vermont","6","6","0"
"1000000US500070010001016","Block 1016, Block Group 1, Census Tract 10, Chittenden County, Vermont","7","7","0"
"1000000US500070010001017","Block 1017, Block Group 1, Census Tract 10, Chittenden County, Vermont","0","0","0"
"1000000US500070010001018","Block 1018, Block Group 1, Census Tract 10, Chittenden County, Vermont","0","0","0"
"1000000US500070010001019","Block 1019, Block Group 1, Census Tract 10, Chittenden County, Vermont","14","13","1"
"1000000US500070010001020","Block 1020, Block Group 1, Census Tract 10, Chittenden County, Vermont","4","2","2"
"1000000US500070010001021","Block 1021, Block Group 1, Census Tract 10, Chittenden County, Vermont","29","25","4"
"1000000US500070010001022","Block 1022, Block Group 1, Census Tract 10, Chittenden County, Vermont","0","0","0"
"1000000US500070010001023","Block 1023, Block Group 1, Census Tract 10, Chittenden County, Vermont","34","33","1"
"1000000US500070010001024","Block 1024, Block Group 1, Census Tract 10, Chittenden County, Vermont","2","1","1"
"1000000US500070010001025","Block 1025, Block Group 1, Census Tract 10, Chittenden County, Vermont","44","43","1"
"1000000US500070010001026","Block 1026, Block Group 1, Census Tract 10, Chittenden County, Vermont","78","76","2"
"1000000US500070010001027","Block 1027, Block Group 1, Census Tract 10, Chittenden County, Vermont","41","38","3"
"1000000US500070010001028","Block 1028, Block Group 1, Census Tract 10, Chittenden County, Vermont","42","40","2"
"1000000US500070010001029","Block 1029, Block Group 1, Census Tract 10, Chittenden County, Vermont","96","81","15"
"1000000US500070010001030","Block 1030, Block Group 1, Census Tract 10, Chittenden County, Vermont","29","29","0"
"1000000US500070010001031","Block 1031, Block Group 1, Census Tract 10, Chittenden County, Vermont","0","0","0"
"1000000US500070010001032","Block 1032, Block Group 1, Census Tract 10, Chittenden County, Vermont","8","8","0"
"1000000US500070010001033","Block 1033, Block Group 1, Census Tract 10, Chittenden County, Vermont","16","8","8"
"1000000US500070010001034","Block 1034, Block Group 1, Census Tract 10, Chittenden County, Vermont","0","0","0"
"1000000US500070010001035","Block 1035, Block Group 1, Census Tract 10, Chittenden County, Vermont","0","0","0"
"1000000US500070010002000","Block 2000, Block Group 2, Census Tract 10, Chittenden County, Vermont","56","55","1"
"1000000US500070010002001","Block 2001, Block Group 2, Census Tract 10, Chittenden County, Vermont","72","71","1"
"1000000US500070010002002","Block 2002, Block Group 2, Census Tract 10, Chittenden County, Vermont","14","14","0"
"1000000US500070010002003","Block 2003, Block Group 2, Census Tract 10, Chittenden County, Vermont","115","114","1"
"1000000US500070010002004","Block 2004, Block Group 2, Census Tract 10, Chittenden County, Vermont","85","82","3"
"1000000US500070010002005","Block 2005, Block Group 2, Census Tract 10, Chittenden County, Vermont","1","1","0"
"1000000US500070010002006","Block 2006, Block Group 2, Census Tract 10, Chittenden County, Vermont","0","0","0"
"1000000US500070010002007","Block 2007, Block Group 2, Census Tract 10, Chittenden County, Vermont","103","101","2"
"1000000US500070010002008","Block 2008, Block Group 2, Census Tract 10, Chittenden County, Vermont","137","121","16"
"1000000US500070010002009","Block 2009, Block Group 2, Census Tract 10, Chittenden County, Vermont","38","36","2"
"1000000US500070010002010","Block 2010, Block Group 2, Census Tract 10, Chittenden County, Vermont","16","16","0"
"1000000US500070011001000","Block 1000, Block Group 1, Census Tract 11, Chittenden County, Vermont","30","30","0"
"1000000US500070011001001","Block 1001, Block Group 1, Census Tract 11, Chittenden County, Vermont","21","20","1"
"1000000US500070011001002","Block 1002, Block Group 1, Census Tract 11, Chittenden County, Vermont","27","27","0"
"1000000US500070011001003","Block 1003, Block Group 1, Census Tract 11, Chittenden County, Vermont","8","7","1"
"1000000US500070011001004","Block 1004, Block Group 1, Census Tract 11, Chittenden County, Vermont","14","14","0"
"1000000US500070011001005","Block 1005, Block Group 1, Census Tract 11, Chittenden County, Vermont","2","2","0"
"1000000US500070011001006","Block 1006, Block Group 1, Census Tract 11, Chittenden County, Vermont","12","12","0"
"1000000US500070011001007","Block 1007, Block Group 1, Census Tract 11, Chittenden County, Vermont","21","20","1"
"1000000US500070011001008","Block 1008, Block Group 1, Census Tract 11, Chittenden County, Vermont","15","15","0"
"1000000US500070011001009","Block 1009, Block Group 1, Census Tract 11, Chittenden County, Vermont","18","18","0"
"1000000US500070011001010","Block 1010, Block Group 1, Census Tract 11, Chittenden County, Vermont","41","40","1"
"1000000US500070011001011","Block 1011, Block Group 1, Census Tract 11, Chittenden County, Vermont","33","33","0"
"1000000US500070011001012","Block 1012, Block Group 1, Census Tract 11, Chittenden County, Vermont","18","17","1"
"1000000US500070011001013","Block 1013, Block Group 1, Census Tract 11, Chittenden County, Vermont","17","15","2"
"1000000US500070011001014","Block 1014, Block Group 1, Census Tract 11, Chittenden County, Vermont","19","18","1"
"1000000US500070011001015","Block 1015, Block Group 1, Census Tract 11, Chittenden County, Vermont","13","12","1"
"1000000US500070011001016","Block 1016, Block Group 1, Census Tract 11, Chittenden County, Vermont","27","27","0"
"1000000US500070011001017","Block 1017, Block Group 1, Census Tract 11, Chittenden County, Vermont","23","21","2"
"1000000US500070011001018","Block 1018, Block Group 1, Census Tract 11, Chittenden County, Vermont","16","15","1"
"1000000US500070011001019","Block 1019, Block Group 1, Census Tract 11, Chittenden County, Vermont","15","15","0"
"1000000US500070011001020","Block 1020, Block Group 1, Census Tract 11, Chittenden County, Vermont","114","114","0"
"1000000US500070011001021","Block 1021, Block Group 1, Census Tract 11, Chittenden County, Vermont","24","24","0"
"1000000US500070011001022","Block 1022, Block Group 1, Census Tract 11, Chittenden County, Vermont","22","22","0"
"1000000US500070011001023","Block 1023, Block Group 1, Census Tract 11, Chittenden County, Vermont","38","38","0"
"1000000US500070011001024","Block 1024, Block Group 1, Census Tract 11, Chittenden County, Vermont","39","39","0"
"1000000US500070011001025","Block 1025, Block Group 1, Census Tract 11, Chittenden County, Vermont","1","1","0"
"1000000US500070011001026","Block 1026, Block Group 1, Census Tract 11, Chittenden County, Vermont","18","18","0"
"1000000US500070011001027","Block 1027, Block Group 1, Census Tract 11, Chittenden County, Vermont","3","3","0"
"1000000US500070011001028","Block 1028, Block Group 1, Census Tract 11, Chittenden County, Vermont","0","0","0"
"1000000US500070011001029","Block 1029, Block Group 1, Census Tract 11, Chittenden County, Vermont","0","0","0"
"1000000US500070011002000","Block 2000, Block Group 2, Census Tract 11, Chittenden County, Vermont","58","54","4"
"1000000US500070011002001","Block 2001, Block Group 2, Census Tract 11, Chittenden County, Vermont","0","0","0"
"1000000US500070011002002","Block 2002, Block Group 2, Census Tract 11, Chittenden County, Vermont","15","13","2"
"1000000US500070011002003","Block 2003, Block Group 2, Census Tract 11, Chittenden County, Vermont","300","278","22"
"1000000US500070011002004","Block 2004, Block Group 2, Census Tract 11, Chittenden County, Vermont","23","21","2"
"1000000US500070011002005","Block 2005, Block Group 2, Census Tract 11, Chittenden County, Vermont","44","41","3"
"1000000US500070011002006","Block 2006, Block Group 2, Census Tract 11, Chittenden County, Vermont","38","33","5"
"1000000US500070011002007","Block 2007, Block Group 2, Census Tract 11, Chittenden County, Vermont","0","0","0"
"1000000US500070011002008","Block 2008, Block Group 2, Census Tract 11, Chittenden County, Vermont","0","0","0"
"1000000US500070021011000","Block 1000, Block Group 1, Census Tract 21.01, Chittenden County, Vermont","0","0","0"
"1000000US500070021011001","Block 1001, Block Group 1, Census Tract 21.01, Chittenden County, Vermont","0","0","0"
"1000000US500070021011002","Block 1002, Block Group 1, Census Tract 21.01, Chittenden County, Vermont","37","37","0"
"1000000US500070021011003","Block 1003, Block Group 1, Census Tract 21.01, Chittenden County, Vermont","11","10","1"
"1000000US500070021011004","Block 1004, Block Group 1, Census Tract 21.01, Chittenden County, Vermont","24","23","1"
"1000000US500070021011005","Block 1005, Block Group 1, Census Tract 21.01, Chittenden County, Vermont","0","0","0"
"1000000US500070021011006","Block 1006, Block Group 1, Census Tract 21.01, Chittenden County, Vermont","4","4","0"
"1000000US500070021011007","Block 1007, Block Group 1, Census Tract 21.01, Chittenden County, Vermont","18","17","1"
"1000000US500070021011008","Block 1008, Block Group 1, Census Tract 21.01, Chittenden County, Vermont","20","4","16"
"1000000US500070021011009","Block 1009, Block Group 1, Census Tract 21.01, Chittenden County, Vermont","2","2","0"
"1000000US500070021011010","Block 1010, Block Group 1, Census Tract 21.01, Chittenden County, Vermont","52","50","2"
"1000000US500070021011011","Block 1011, Block Group 1, Census Tract 21.01, Chittenden County, Vermont","9","8","1"
"1000000US500070021011012","Block 1012, Block Group 1, Census Tract 21.01, Chittenden County, Vermont","68","27","41"
"1000000US500070021011013","Block 1013, Block Group 1, Census Tract 21.01, Chittenden County, Vermont","0","0","0"
"1000000US500070021011014","Block 1014, Block Group 1, Census Tract 21.01, Chittenden County, Vermont","1","1","0"
"1000000US500070021011015","Block 1015, Block Group 1, Census Tract 21.01, Chittenden County, Vermont","8","0","8"
"1000000US500070021011016","Block 1016, Block Group 1, Census Tract 21.01, Chittenden County, Vermont","0","0","0"
"1000000US500070021011017","Block 1017, Block Group 1, Census Tract 21.01, Chittenden County, Vermont","0","0","0"
"1000000US500070021011018","Block 1018, Block Group 1, Census Tract 21.01, Chittenden County, Vermont","17","4","13"
"1000000US500070021011019","Block 1019, Block Group 1, Census Tract 21.01, Chittenden County, Vermont","0","0","0"
"1000000US500070021011020","Block 1020, Block Group 1, Census Tract 21.01, Chittenden County, Vermont","0","0","0"
"1000000US500070021011021","Block 1021, Block Group 1, Census Tract 21.01, Chittenden County, Vermont","1","0","1"
"1000000US500070021011022","Block 1022, Block Group 1, Census Tract 21.01, Chittenden County, Vermont","63","29","34"
"1000000US500070021011023","Block 1023, Block Group 1, Census Tract 21.01, Chittenden County, Vermont","8","5","3"
"1000000US500070021011024","Block 1024, Block Group 1, Census Tract 21.01, Chittenden County, Vermont","22","12","10"
"1000000US500070021011025","Block 1025, Block Group 1, Census Tract 21.01, Chittenden County, Vermont","0","0","0"
"1000000US500070021011026","Block 1026, Block Group 1, Census Tract 21.01, Chittenden County, Vermont","75","71","4"
"1000000US500070021011027","Block 1027, Block Group 1, Census Tract 21.01, Chittenden County, Vermont","8","7","1"
"1000000US500070021011028","Block 1028, Block Group 1, Census Tract 21.01, Chittenden County, Vermont","41","40","1"
"1000000US500070021011029","Block 1029, Block Group 1, Census Tract 21.01, Chittenden County, Vermont","0","0","0"
"1000000US500070021011030","Block 1030, Block Group 1, Census Tract 21.01, Chittenden County, Vermont","14","13","1"
"1000000US500070021011031","Block 1031, Block Group 1, Census Tract 21.01, Chittenden County, Vermont","39","38","1"
"1000000US500070021011032","Block 1032, Block Group 1, Census Tract 21.01, Chittenden County, Vermont","0","0","0"
"1000000US500070021011033","Block 1033, Block Group 1, Census Tract 21.01, Chittenden County, Vermont","0","0","0"
"1000000US500070021011034","Block 1034, Block Group 1, Census Tract 21.01, Chittenden County, Vermont","4","4","0"
"1000000US500070021011035","Block 1035, Block Group 1, Census Tract 21.01, Chittenden County, Vermont","12","11","1"
"1000000US500070021011036","Block 1036, Block Group 1, Census Tract 21.01, Chittenden County, Vermont","1","1","0"
"1000000US500070021011037","Block 1037, Block Group 1, Census Tract 21.01, Chittenden County, Vermont","0","0","0"
"1000000US500070021011038","Block 1038, Block Group 1, Census Tract 21.01, Chittenden County, Vermont","40","36","4"
"1000000US500070021011039","Block 1039, Block Group 1, Census Tract 21.01, Chittenden County, Vermont","0","0","0"
"1000000US500070021011040","Block 1040, Block Group 1, Census Tract 21.01, Chittenden County, Vermont","20","19","1"
"1000000US500070021011041","Block 1041, Block Group 1, Census Tract 21.01, Chittenden County, Vermont","0","0","0"
"1000000US500070021011042","Block 1042, Block Group 1, Census Tract 21.01, Chittenden County, Vermont","0","0","0"
"1000000US500070021011043","Block 1043, Block Group 1, Census Tract 21.01, Chittenden County, Vermont","0","0","0"
"1000000US500070021011044","Block 1044, Block Group 1, Census Tract 21.01, Chittenden County, Vermont","0","0","0"
"1000000US500070021011045","Block 1045, Block Group 1, Census Tract 21.01, Chittenden County, Vermont","0","0","0"
"1000000US500070021011046","Block 1046, Block Group 1, Census Tract 21.01, Chittenden County, Vermont","0","0","0"
"1000000US500070021011047","Block 1047, Block Group 1, Census Tract 21.01, Chittenden County, Vermont","0","0","0"
"1000000US500070021011048","Block 1048, Block Group 1, Census Tract 21.01, Chittenden County, Vermont","0","0","0"
"1000000US500070021011049","Block 1049, Block Group 1, Census Tract 21.01, Chittenden County, Vermont","0","0","0"
"1000000US500070021011050","Block 1050, Block Group 1, Census Tract 21.01, Chittenden County, Vermont","0","0","0"
"1000000US500070021011051","Block 1051, Block Group 1, Census Tract 21.01, Chittenden County, Vermont","0","0","0"
"1000000US500070021011052","Block 1052, Block Group 1, Census Tract 21.01, Chittenden County, Vermont","0","0","0"
"1000000US500070021011053","Block 1053, Block Group 1, Census Tract 21.01, Chittenden County, Vermont","0","0","0"
"1000000US500070021011054","Block 1054, Block Group 1, Census Tract 21.01, Chittenden County, Vermont","0","0","0"
"1000000US500070021011055","Block 1055, Block Group 1, Census Tract 21.01, Chittenden County, Vermont","0","0","0"
"1000000US500070021011056","Block 1056, Block Group 1, Census Tract 21.01, Chittenden County, Vermont","1","0","1"
"1000000US500070021011057","Block 1057, Block Group 1, Census Tract 21.01, Chittenden County, Vermont","0","0","0"
"1000000US500070021011058","Block 1058, Block Group 1, Census Tract 21.01, Chittenden County, Vermont","21","18","3"
"1000000US500070021011059","Block 1059, Block Group 1, Census Tract 21.01, Chittenden County, Vermont","0","0","0"
"1000000US500070021011060","Block 1060, Block Group 1, Census Tract 21.01, Chittenden County, Vermont","0","0","0"
"1000000US500070021011061","Block 1061, Block Group 1, Census Tract 21.01, Chittenden County, Vermont","0","0","0"
"1000000US500070021011062","Block 1062, Block Group 1, Census Tract 21.01, Chittenden County, Vermont","0","0","0"
"1000000US500070021011063","Block 1063, Block Group 1, Census Tract 21.01, Chittenden County, Vermont","0","0","0"
"1000000US500070021011064","Block 1064, Block Group 1, Census Tract 21.01, Chittenden County, Vermont","1","1","0"
"1000000US500070021011065","Block 1065, Block Group 1, Census Tract 21.01, Chittenden County, Vermont","7","4","3"
"1000000US500070021011066","Block 1066, Block Group 1, Census Tract 21.01, Chittenden County, Vermont","0","0","0"
"1000000US500070021012000","Block 2000, Block Group 2, Census Tract 21.01, Chittenden County, Vermont","0","0","0"
"1000000US500070021012001","Block 2001, Block Group 2, Census Tract 21.01, Chittenden County, Vermont","22","20","2"
"1000000US500070021012002","Block 2002, Block Group 2, Census Tract 21.01, Chittenden County, Vermont","61","61","0"
"1000000US500070021012003","Block 2003, Block Group 2, Census Tract 21.01, Chittenden County, Vermont","16","15","1"
"1000000US500070021012004","Block 2004, Block Group 2, Census Tract 21.01, Chittenden County, Vermont","2","2","0"
"1000000US500070021012005","Block 2005, Block Group 2, Census Tract 21.01, Chittenden County, Vermont","18","18","0"
"1000000US500070021012006","Block 2006, Block Group 2, Census Tract 21.01, Chittenden County, Vermont","23","22","1"
"1000000US500070021012007","Block 2007, Block Group 2, Census Tract 21.01, Chittenden County, Vermont","0","0","0"
"1000000US500070021012008","Block 2008, Block Group 2, Census Tract 21.01, Chittenden County, Vermont","12","11","1"
"1000000US500070021012009","Block 2009, Block Group 2, Census Tract 21.01, Chittenden County, Vermont","0","0","0"
"1000000US500070021012010","Block 2010, Block Group 2, Census Tract 21.01, Chittenden County, Vermont","67","65","2"
"1000000US500070021012011","Block 2011, Block Group 2, Census Tract 21.01, Chittenden County, Vermont","99","95","4"
"1000000US500070021012012","Block 2012, Block Group 2, Census Tract 21.01, Chittenden County, Vermont","5","5","0"
"1000000US500070021012013","Block 2013, Block Group 2, Census Tract 21.01, Chittenden County, Vermont","0","0","0"
"1000000US500070021012014","Block 2014, Block Group 2, Census Tract 21.01, Chittenden County, Vermont","8","8","0"
"1000000US500070021012015","Block 2015, Block Group 2, Census Tract 21.01, Chittenden County, Vermont","3","3","0"
"1000000US500070021012016","Block 2016, Block Group 2, Census Tract 21.01, Chittenden County, Vermont","0","0","0"
"1000000US500070021012017","Block 2017, Block Group 2, Census Tract 21.01, Chittenden County, Vermont","0","0","0"
"1000000US500070021012018","Block 2018, Block Group 2, Census Tract 21.01, Chittenden County, Vermont","43","42","1"
"1000000US500070021012019","Block 2019, Block Group 2, Census Tract 21.01, Chittenden County, Vermont","17","17","0"
"1000000US500070021012020","Block 2020, Block Group 2, Census Tract 21.01, Chittenden County, Vermont","52","52","0"
"1000000US500070021012021","Block 2021, Block Group 2, Census Tract 21.01, Chittenden County, Vermont","43","43","0"
"1000000US500070021012022","Block 2022, Block Group 2, Census Tract 21.01, Chittenden County, Vermont","7","7","0"
"1000000US500070021012023","Block 2023, Block Group 2, Census Tract 21.01, Chittenden County, Vermont","15","15","0"
"1000000US500070021012024","Block 2024, Block Group 2, Census Tract 21.01, Chittenden County, Vermont","0","0","0"
"1000000US500070021012025","Block 2025, Block Group 2, Census Tract 21.01, Chittenden County, Vermont","0","0","0"
"1000000US500070021012026","Block 2026, Block Group 2, Census Tract 21.01, Chittenden County, Vermont","16","16","0"
"1000000US500070021012027","Block 2027, Block Group 2, Census Tract 21.01, Chittenden County, Vermont","12","12","0"
"1000000US500070021012028","Block 2028, Block Group 2, Census Tract 21.01, Chittenden County, Vermont","5","5","0"
"1000000US500070021012029","Block 2029, Block Group 2, Census Tract 21.01, Chittenden County, Vermont","0","0","0"
"1000000US500070021021000","Block 1000, Block Group 1, Census Tract 21.02, Chittenden County, Vermont","62","57","5"
"1000000US500070021021001","Block 1001, Block Group 1, Census Tract 21.02, Chittenden County, Vermont","0","0","0"
"1000000US500070021021002","Block 1002, Block Group 1, Census Tract 21.02, Chittenden County, Vermont","0","0","0"
"1000000US500070021021003","Block 1003, Block Group 1, Census Tract 21.02, Chittenden County, Vermont","27","24","3"
"1000000US500070021021004","Block 1004, Block Group 1, Census Tract 21.02, Chittenden County, Vermont","6","6","0"
"1000000US500070021021005","Block 1005, Block Group 1, Census Tract 21.02, Chittenden County, Vermont","1","1","0"
"1000000US500070021021006","Block 1006, Block Group 1, Census Tract 21.02, Chittenden County, Vermont","9","9","0"
"1000000US500070021021007","Block 1007, Block Group 1, Census Tract 21.02, Chittenden County, Vermont","2","2","0"
"1000000US500070021021008","Block 1008, Block Group 1, Census Tract 21.02, Chittenden County, Vermont","13","13","0"
"1000000US500070021021009","Block 1009, Block Group 1, Census Tract 21.02, Chittenden County, Vermont","48","46","2"
"1000000US500070021021010","Block 1010, Block Group 1, Census Tract 21.02, Chittenden County, Vermont","0","0","0"
"1000000US500070021021011","Block 1011, Block Group 1, Census Tract 21.02, Chittenden County, Vermont","0","0","0"
"1000000US500070021021012","Block 1012, Block Group 1, Census Tract 21.02, Chittenden County, Vermont","0","0","0"
"1000000US500070021021013","Block 1013, Block Group 1, Census Tract 21.02, Chittenden County, Vermont","0","0","0"
"1000000US500070021021014","Block 1014, Block Group 1, Census Tract 21.02, Chittenden County, Vermont","8","8","0"
"1000000US500070021021015","Block 1015, Block Group 1, Census Tract 21.02, Chittenden County, Vermont","1","1","0"
"1000000US500070021021016","Block 1016, Block Group 1, Census Tract 21.02, Chittenden County, Vermont","8","8","0"
"1000000US500070021021017","Block 1017, Block Group 1, Census Tract 21.02, Chittenden County, Vermont","39","39","0"
"1000000US500070021021018","Block 1018, Block Group 1, Census Tract 21.02, Chittenden County, Vermont","68","66","2"
"1000000US500070021021019","Block 1019, Block Group 1, Census Tract 21.02, Chittenden County, Vermont","65","60","5"
"1000000US500070021021020","Block 1020, Block Group 1, Census Tract 21.02, Chittenden County, Vermont","0","0","0"
"1000000US500070021021021","Block 1021, Block Group 1, Census Tract 21.02, Chittenden County, Vermont","38","37","1"
"1000000US500070021021022","Block 1022, Block Group 1, Census Tract 21.02, Chittenden County, Vermont","0","0","0"
"1000000US500070021021023","Block 1023, Block Group 1, Census Tract 21.02, Chittenden County, Vermont","1","1","0"
"1000000US500070021021024","Block 1024, Block Group 1, Census Tract 21.02, Chittenden County, Vermont","26","25","1"
"1000000US500070021021025","Block 1025, Block Group 1, Census Tract 21.02, Chittenden County, Vermont","31","31","0"
"1000000US500070021021026","Block 1026, Block Group 1, Census Tract 21.02, Chittenden County, Vermont","7","7","0"
"1000000US500070021021027","Block 1027, Block Group 1, Census Tract 21.02, Chittenden County, Vermont","3","3","0"
"1000000US500070021021028","Block 1028, Block Group 1, Census Tract 21.02, Chittenden County, Vermont","2","2","0"
"1000000US500070021021029","Block 1029, Block Group 1, Census Tract 21.02, Chittenden County, Vermont","0","0","0"
"1000000US500070021021030","Block 1030, Block Group 1, Census Tract 21.02, Chittenden County, Vermont","1","1","0"
"1000000US500070021021031","Block 1031, Block Group 1, Census Tract 21.02, Chittenden County, Vermont","1","0","1"
"1000000US500070021021032","Block 1032, Block Group 1, Census Tract 21.02, Chittenden County, Vermont","0","0","0"
"1000000US500070021021033","Block 1033, Block Group 1, Census Tract 21.02, Chittenden County, Vermont","66","65","1"
"1000000US500070021021034","Block 1034, Block Group 1, Census Tract 21.02, Chittenden County, Vermont","15","15","0"
"1000000US500070021021035","Block 1035, Block Group 1, Census Tract 21.02, Chittenden County, Vermont","0","0","0"
"1000000US500070021021036","Block 1036, Block Group 1, Census Tract 21.02, Chittenden County, Vermont","9","9","0"
"1000000US500070021021037","Block 1037, Block Group 1, Census Tract 21.02, Chittenden County, Vermont","0","0","0"
"1000000US500070021021038","Block 1038, Block Group 1, Census Tract 21.02, Chittenden County, Vermont","2","2","0"
"1000000US500070021022000","Block 2000, Block Group 2, Census Tract 21.02, Chittenden County, Vermont","0","0","0"
"1000000US500070021022001","Block 2001, Block Group 2, Census Tract 21.02, Chittenden County, Vermont","0","0","0"
"1000000US500070021022002","Block 2002, Block Group 2, Census Tract 21.02, Chittenden County, Vermont","0","0","0"
"1000000US500070021022003","Block 2003, Block Group 2, Census Tract 21.02, Chittenden County, Vermont","0","0","0"
"1000000US500070021022004","Block 2004, Block Group 2, Census Tract 21.02, Chittenden County, Vermont","0","0","0"
"1000000US500070021022005","Block 2005, Block Group 2, Census Tract 21.02, Chittenden County, Vermont","7","7","0"
"1000000US500070021022006","Block 2006, Block Group 2, Census Tract 21.02, Chittenden County, Vermont","0","0","0"
"1000000US500070021022007","Block 2007, Block Group 2, Census Tract 21.02, Chittenden County, Vermont","0","0","0"
"1000000US500070021022008","Block 2008, Block Group 2, Census Tract 21.02, Chittenden County, Vermont","0","0","0"
"1000000US500070021022009","Block 2009, Block Group 2, Census Tract 21.02, Chittenden County, Vermont","0","0","0"
"1000000US500070021022010","Block 2010, Block Group 2, Census Tract 21.02, Chittenden County, Vermont","254","251","3"
"1000000US500070021022011","Block 2011, Block Group 2, Census Tract 21.02, Chittenden County, Vermont","18","17","1"
"1000000US500070021022012","Block 2012, Block Group 2, Census Tract 21.02, Chittenden County, Vermont","4","4","0"
"1000000US500070021022013","Block 2013, Block Group 2, Census Tract 21.02, Chittenden County, Vermont","1","1","0"
"1000000US500070021022014","Block 2014, Block Group 2, Census Tract 21.02, Chittenden County, Vermont","9","9","0"
"1000000US500070021022015","Block 2015, Block Group 2, Census Tract 21.02, Chittenden County, Vermont","41","41","0"
"1000000US500070021022016","Block 2016, Block Group 2, Census Tract 21.02, Chittenden County, Vermont","0","0","0"
"1000000US500070021022017","Block 2017, Block Group 2, Census Tract 21.02, Chittenden County, Vermont","32","29","3"
"1000000US500070021022018","Block 2018, Block Group 2, Census Tract 21.02, Chittenden County, Vermont","84","79","5"
"1000000US500070021022019","Block 2019, Block Group 2, Census Tract 21.02, Chittenden County, Vermont","6","6","0"
"1000000US500070021022020","Block 2020, Block Group 2, Census Tract 21.02, Chittenden County, Vermont","6","6","0"
"1000000US500070021022021","Block 2021, Block Group 2, Census Tract 21.02, Chittenden County, Vermont","0","0","0"
"1000000US500070021022022","Block 2022, Block Group 2, Census Tract 21.02, Chittenden County, Vermont","0","0","0"
"1000000US500070021022023","Block 2023, Block Group 2, Census Tract 21.02, Chittenden County, Vermont","31","30","1"
"1000000US500070021022024","Block 2024, Block Group 2, Census Tract 21.02, Chittenden County, Vermont","3","3","0"
"1000000US500070021022025","Block 2025, Block Group 2, Census Tract 21.02, Chittenden County, Vermont","3","3","0"
"1000000US500070021022026","Block 2026, Block Group 2, Census Tract 21.02, Chittenden County, Vermont","0","0","0"
"1000000US500070021022027","Block 2027, Block Group 2, Census Tract 21.02, Chittenden County, Vermont","0","0","0"
"1000000US500070021022028","Block 2028, Block Group 2, Census Tract 21.02, Chittenden County, Vermont","7","6","1"
"1000000US500070021022029","Block 2029, Block Group 2, Census Tract 21.02, Chittenden County, Vermont","0","0","0"
"1000000US500070021022030","Block 2030, Block Group 2, Census Tract 21.02, Chittenden County, Vermont","0","0","0"
"1000000US500070021022031","Block 2031, Block Group 2, Census Tract 21.02, Chittenden County, Vermont","16","15","1"
"1000000US500070021022032","Block 2032, Block Group 2, Census Tract 21.02, Chittenden County, Vermont","26","23","3"
"1000000US500070021022033","Block 2033, Block Group 2, Census Tract 21.02, Chittenden County, Vermont","2","2","0"
"1000000US500070021023000","Block 3000, Block Group 3, Census Tract 21.02, Chittenden County, Vermont","99","96","3"
"1000000US500070021023001","Block 3001, Block Group 3, Census Tract 21.02, Chittenden County, Vermont","1","1","0"
"1000000US500070021023002","Block 3002, Block Group 3, Census Tract 21.02, Chittenden County, Vermont","2","2","0"
"1000000US500070021023003","Block 3003, Block Group 3, Census Tract 21.02, Chittenden County, Vermont","1","1","0"
"1000000US500070021023004","Block 3004, Block Group 3, Census Tract 21.02, Chittenden County, Vermont","1","1","0"
"1000000US500070021023005","Block 3005, Block Group 3, Census Tract 21.02, Chittenden County, Vermont","1","1","0"
"1000000US500070021023006","Block 3006, Block Group 3, Census Tract 21.02, Chittenden County, Vermont","11","11","0"
"1000000US500070021023007","Block 3007, Block Group 3, Census Tract 21.02, Chittenden County, Vermont","52","51","1"
"1000000US500070021023008","Block 3008, Block Group 3, Census Tract 21.02, Chittenden County, Vermont","0","0","0"
"1000000US500070021023009","Block 3009, Block Group 3, Census Tract 21.02, Chittenden County, Vermont","0","0","0"
"1000000US500070021023010","Block 3010, Block Group 3, Census Tract 21.02, Chittenden County, Vermont","2","2","0"
"1000000US500070021023011","Block 3011, Block Group 3, Census Tract 21.02, Chittenden County, Vermont","0","0","0"
"1000000US500070021023012","Block 3012, Block Group 3, Census Tract 21.02, Chittenden County, Vermont","0","0","0"
"1000000US500070021023013","Block 3013, Block Group 3, Census Tract 21.02, Chittenden County, Vermont","0","0","0"
"1000000US500070021023014","Block 3014, Block Group 3, Census Tract 21.02, Chittenden County, Vermont","0","0","0"
"1000000US500070021023015","Block 3015, Block Group 3, Census Tract 21.02, Chittenden County, Vermont","2","2","0"
"1000000US500070021023016","Block 3016, Block Group 3, Census Tract 21.02, Chittenden County, Vermont","7","7","0"
"1000000US500070021023017","Block 3017, Block Group 3, Census Tract 21.02, Chittenden County, Vermont","62","60","2"
"1000000US500070021023018","Block 3018, Block Group 3, Census Tract 21.02, Chittenden County, Vermont","0","0","0"
"1000000US500070021023019","Block 3019, Block Group 3, Census Tract 21.02, Chittenden County, Vermont","0","0","0"
"1000000US500070021023020","Block 3020, Block Group 3, Census Tract 21.02, Chittenden County, Vermont","0","0","0"
"1000000US500070021023021","Block 3021, Block Group 3, Census Tract 21.02, Chittenden County, Vermont","0","0","0"
"1000000US500070021023022","Block 3022, Block Group 3, Census Tract 21.02, Chittenden County, Vermont","0","0","0"
"1000000US500070021023023","Block 3023, Block Group 3, Census Tract 21.02, Chittenden County, Vermont","0","0","0"
"1000000US500070021023024","Block 3024, Block Group 3, Census Tract 21.02, Chittenden County, Vermont","0","0","0"
"1000000US500070021023025","Block 3025, Block Group 3, Census Tract 21.02, Chittenden County, Vermont","29","28","1"
"1000000US500070021023026","Block 3026, Block Group 3, Census Tract 21.02, Chittenden County, Vermont","5","5","0"
"1000000US500070021023027","Block 3027, Block Group 3, Census Tract 21.02, Chittenden County, Vermont","24","24","0"
"1000000US500070021023028","Block 3028, Block Group 3, Census Tract 21.02, Chittenden County, Vermont","4","4","0"
"1000000US500070021023029","Block 3029, Block Group 3, Census Tract 21.02, Chittenden County, Vermont","17","15","2"
"1000000US500070021023030","Block 3030, Block Group 3, Census Tract 21.02, Chittenden County, Vermont","3","3","0"
"1000000US500070021023031","Block 3031, Block Group 3, Census Tract 21.02, Chittenden County, Vermont","6","6","0"
"1000000US500070021023032","Block 3032, Block Group 3, Census Tract 21.02, Chittenden County, Vermont","1","1","0"
"1000000US500070021023033","Block 3033, Block Group 3, Census Tract 21.02, Chittenden County, Vermont","0","0","0"
"1000000US500070021023034","Block 3034, Block Group 3, Census Tract 21.02, Chittenden County, Vermont","26","24","2"
"1000000US500070021023035","Block 3035, Block Group 3, Census Tract 21.02, Chittenden County, Vermont","5","4","1"
"1000000US500070021023036","Block 3036, Block Group 3, Census Tract 21.02, Chittenden County, Vermont","57","55","2"
"1000000US500070021023037","Block 3037, Block Group 3, Census Tract 21.02, Chittenden County, Vermont","1","1","0"
"1000000US500070021023038","Block 3038, Block Group 3, Census Tract 21.02, Chittenden County, Vermont","9","9","0"
"1000000US500070021023039","Block 3039, Block Group 3, Census Tract 21.02, Chittenden County, Vermont","19","19","0"
"1000000US500070021023040","Block 3040, Block Group 3, Census Tract 21.02, Chittenden County, Vermont","3","3","0"
"1000000US500070021023041","Block 3041, Block Group 3, Census Tract 21.02, Chittenden County, Vermont","129","127","2"
"1000000US500070021023042","Block 3042, Block Group 3, Census Tract 21.02, Chittenden County, Vermont","7","7","0"
"1000000US500070021023043","Block 3043, Block Group 3, Census Tract 21.02, Chittenden County, Vermont","14","14","0"
"1000000US500070021023044","Block 3044, Block Group 3, Census Tract 21.02, Chittenden County, Vermont","11","10","1"
"1000000US500070021023045","Block 3045, Block Group 3, Census Tract 21.02, Chittenden County, Vermont","22","22","0"
"1000000US500070021023046","Block 3046, Block Group 3, Census Tract 21.02, Chittenden County, Vermont","179","179","0"
"1000000US500070021023047","Block 3047, Block Group 3, Census Tract 21.02, Chittenden County, Vermont","18","18","0"
"1000000US500070021023048","Block 3048, Block Group 3, Census Tract 21.02, Chittenden County, Vermont","25","25","0"
"1000000US500070021023049","Block 3049, Block Group 3, Census Tract 21.02, Chittenden County, Vermont","23","23","0"
"1000000US500070021023050","Block 3050, Block Group 3, Census Tract 21.02, Chittenden County, Vermont","8","8","0"
"1000000US500070021023051","Block 3051, Block Group 3, Census Tract 21.02, Chittenden County, Vermont","23","23","0"
"1000000US500070021023052","Block 3052, Block Group 3, Census Tract 21.02, Chittenden County, Vermont","36","35","1"
"1000000US500070021023053","Block 3053, Block Group 3, Census Tract 21.02, Chittenden County, Vermont","0","0","0"
"1000000US500070021023054","Block 3054, Block Group 3, Census Tract 21.02, Chittenden County, Vermont","1","1","0"
"1000000US500070021023055","Block 3055, Block Group 3, Census Tract 21.02, Chittenden County, Vermont","1","1","0"
"1000000US500070021023056","Block 3056, Block Group 3, Census Tract 21.02, Chittenden County, Vermont","8","7","1"
"1000000US500070021023057","Block 3057, Block Group 3, Census Tract 21.02, Chittenden County, Vermont","0","0","0"
"1000000US500070021023058","Block 3058, Block Group 3, Census Tract 21.02, Chittenden County, Vermont","0","0","0"
"1000000US500070021023059","Block 3059, Block Group 3, Census Tract 21.02, Chittenden County, Vermont","12","11","1"
"1000000US500070021023060","Block 3060, Block Group 3, Census Tract 21.02, Chittenden County, Vermont","55","54","1"
"1000000US500070021023061","Block 3061, Block Group 3, Census Tract 21.02, Chittenden County, Vermont","18","18","0"
"1000000US500070021024000","Block 4000, Block Group 4, Census Tract 21.02, Chittenden County, Vermont","0","0","0"
"1000000US500070021024001","Block 4001, Block Group 4, Census Tract 21.02, Chittenden County, Vermont","15","12","3"
"1000000US500070021024002","Block 4002, Block Group 4, Census Tract 21.02, Chittenden County, Vermont","0","0","0"
"1000000US500070021024003","Block 4003, Block Group 4, Census Tract 21.02, Chittenden County, Vermont","0","0","0"
"1000000US500070021024004","Block 4004, Block Group 4, Census Tract 21.02, Chittenden County, Vermont","0","0","0"
"1000000US500070021024005","Block 4005, Block Group 4, Census Tract 21.02, Chittenden County, Vermont","2","2","0"
"1000000US500070021024006","Block 4006, Block Group 4, Census Tract 21.02, Chittenden County, Vermont","0","0","0"
"1000000US500070021024007","Block 4007, Block Group 4, Census Tract 21.02, Chittenden County, Vermont","80","73","7"
"1000000US500070021024008","Block 4008, Block Group 4, Census Tract 21.02, Chittenden County, Vermont","1","0","1"
"1000000US500070021024009","Block 4009, Block Group 4, Census Tract 21.02, Chittenden County, Vermont","0","0","0"
"1000000US500070021024010","Block 4010, Block Group 4, Census Tract 21.02, Chittenden County, Vermont","0","0","0"
"1000000US500070021024011","Block 4011, Block Group 4, Census Tract 21.02, Chittenden County, Vermont","51","50","1"
"1000000US500070021024012","Block 4012, Block Group 4, Census Tract 21.02, Chittenden County, Vermont","0","0","0"
"1000000US500070021024013","Block 4013, Block Group 4, Census Tract 21.02, Chittenden County, Vermont","16","16","0"
"1000000US500070021024014","Block 4014, Block Group 4, Census Tract 21.02, Chittenden County, Vermont","0","0","0"
"1000000US500070021024015","Block 4015, Block Group 4, Census Tract 21.02, Chittenden County, Vermont","21","20","1"
"1000000US500070021024016","Block 4016, Block Group 4, Census Tract 21.02, Chittenden County, Vermont","0","0","0"
"1000000US500070021024017","Block 4017, Block Group 4, Census Tract 21.02, Chittenden County, Vermont","22","22","0"
"1000000US500070021024018","Block 4018, Block Group 4, Census Tract 21.02, Chittenden County, Vermont","1","1","0"
"1000000US500070021024019","Block 4019, Block Group 4, Census Tract 21.02, Chittenden County, Vermont","50","47","3"
"1000000US500070021024020","Block 4020, Block Group 4, Census Tract 21.02, Chittenden County, Vermont","0","0","0"
"1000000US500070021024021","Block 4021, Block Group 4, Census Tract 21.02, Chittenden County, Vermont","15","15","0"
"1000000US500070021024022","Block 4022, Block Group 4, Census Tract 21.02, Chittenden County, Vermont","76","72","4"
"1000000US500070021024023","Block 4023, Block Group 4, Census Tract 21.02, Chittenden County, Vermont","30","29","1"
"1000000US500070021024024","Block 4024, Block Group 4, Census Tract 21.02, Chittenden County, Vermont","18","18","0"
"1000000US500070021024025","Block 4025, Block Group 4, Census Tract 21.02, Chittenden County, Vermont","0","0","0"
"1000000US500070021024026","Block 4026, Block Group 4, Census Tract 21.02, Chittenden County, Vermont","0","0","0"
"1000000US500070021024027","Block 4027, Block Group 4, Census Tract 21.02, Chittenden County, Vermont","16","16","0"
"1000000US500070021024028","Block 4028, Block Group 4, Census Tract 21.02, Chittenden County, Vermont","2","2","0"
"1000000US500070021024029","Block 4029, Block Group 4, Census Tract 21.02, Chittenden County, Vermont","0","0","0"
"1000000US500070021024030","Block 4030, Block Group 4, Census Tract 21.02, Chittenden County, Vermont","0","0","0"
"1000000US500070021024031","Block 4031, Block Group 4, Census Tract 21.02, Chittenden County, Vermont","0","0","0"
"1000000US500070021024032","Block 4032, Block Group 4, Census Tract 21.02, Chittenden County, Vermont","0","0","0"
"1000000US500070021024033","Block 4033, Block Group 4, Census Tract 21.02, Chittenden County, Vermont","5","5","0"
"1000000US500070021024034","Block 4034, Block Group 4, Census Tract 21.02, Chittenden County, Vermont","1","1","0"
"1000000US500070021024035","Block 4035, Block Group 4, Census Tract 21.02, Chittenden County, Vermont","44","38","6"
"1000000US500070021024036","Block 4036, Block Group 4, Census Tract 21.02, Chittenden County, Vermont","78","74","4"
"1000000US500070021024037","Block 4037, Block Group 4, Census Tract 21.02, Chittenden County, Vermont","17","17","0"
"1000000US500070021024038","Block 4038, Block Group 4, Census Tract 21.02, Chittenden County, Vermont","8","8","0"
"1000000US500070021024039","Block 4039, Block Group 4, Census Tract 21.02, Chittenden County, Vermont","30","30","0"
"1000000US500070021024040","Block 4040, Block Group 4, Census Tract 21.02, Chittenden County, Vermont","112","110","2"
"1000000US500070021024041","Block 4041, Block Group 4, Census Tract 21.02, Chittenden County, Vermont","1","1","0"
"1000000US500070021024042","Block 4042, Block Group 4, Census Tract 21.02, Chittenden County, Vermont","11","11","0"
"1000000US500070021024043","Block 4043, Block Group 4, Census Tract 21.02, Chittenden County, Vermont","9","9","0"
"1000000US500070021024044","Block 4044, Block Group 4, Census Tract 21.02, Chittenden County, Vermont","13","13","0"
"1000000US500070021024045","Block 4045, Block Group 4, Census Tract 21.02, Chittenden County, Vermont","22","22","0"
"1000000US500070021024046","Block 4046, Block Group 4, Census Tract 21.02, Chittenden County, Vermont","7","7","0"
"1000000US500070021024047","Block 4047, Block Group 4, Census Tract 21.02, Chittenden County, Vermont","0","0","0"
"1000000US500070021024048","Block 4048, Block Group 4, Census Tract 21.02, Chittenden County, Vermont","1","1","0"
"1000000US500070021024049","Block 4049, Block Group 4, Census Tract 21.02, Chittenden County, Vermont","11","11","0"
"1000000US500070021024050","Block 4050, Block Group 4, Census Tract 21.02, Chittenden County, Vermont","17","17","0"
"1000000US500070022001000","Block 1000, Block Group 1, Census Tract 22, Chittenden County, Vermont","1","1","0"
"1000000US500070022001001","Block 1001, Block Group 1, Census Tract 22, Chittenden County, Vermont","19","19","0"
"1000000US500070022001002","Block 1002, Block Group 1, Census Tract 22, Chittenden County, Vermont","0","0","0"
"1000000US500070022001003","Block 1003, Block Group 1, Census Tract 22, Chittenden County, Vermont","0","0","0"
"1000000US500070022001004","Block 1004, Block Group 1, Census Tract 22, Chittenden County, Vermont","1","1","0"
"1000000US500070022001005","Block 1005, Block Group 1, Census Tract 22, Chittenden County, Vermont","0","0","0"
"1000000US500070022001006","Block 1006, Block Group 1, Census Tract 22, Chittenden County, Vermont","3","3","0"
"1000000US500070022001007","Block 1007, Block Group 1, Census Tract 22, Chittenden County, Vermont","0","0","0"
"1000000US500070022001008","Block 1008, Block Group 1, Census Tract 22, Chittenden County, Vermont","1","1","0"
"1000000US500070022001009","Block 1009, Block Group 1, Census Tract 22, Chittenden County, Vermont","1","1","0"
"1000000US500070022001010","Block 1010, Block Group 1, Census Tract 22, Chittenden County, Vermont","8","6","2"
"1000000US500070022001011","Block 1011, Block Group 1, Census Tract 22, Chittenden County, Vermont","21","20","1"
"1000000US500070022001012","Block 1012, Block Group 1, Census Tract 22, Chittenden County, Vermont","3","3","0"
"1000000US500070022001013","Block 1013, Block Group 1, Census Tract 22, Chittenden County, Vermont","3","3","0"
"1000000US500070022001014","Block 1014, Block Group 1, Census Tract 22, Chittenden County, Vermont","20","20","0"
"1000000US500070022001015","Block 1015, Block Group 1, Census Tract 22, Chittenden County, Vermont","7","7","0"
"1000000US500070022001016","Block 1016, Block Group 1, Census Tract 22, Chittenden County, Vermont","6","6","0"
"1000000US500070022001017","Block 1017, Block Group 1, Census Tract 22, Chittenden County, Vermont","58","57","1"
"1000000US500070022001018","Block 1018, Block Group 1, Census Tract 22, Chittenden County, Vermont","3","3","0"
"1000000US500070022001019","Block 1019, Block Group 1, Census Tract 22, Chittenden County, Vermont","0","0","0"
"1000000US500070022001020","Block 1020, Block Group 1, Census Tract 22, Chittenden County, Vermont","0","0","0"
"1000000US500070022001021","Block 1021, Block Group 1, Census Tract 22, Chittenden County, Vermont","0","0","0"
"1000000US500070022001022","Block 1022, Block Group 1, Census Tract 22, Chittenden County, Vermont","2","2","0"
"1000000US500070022001023","Block 1023, Block Group 1, Census Tract 22, Chittenden County, Vermont","0","0","0"
"1000000US500070022001024","Block 1024, Block Group 1, Census Tract 22, Chittenden County, Vermont","3","3","0"
"1000000US500070022001025","Block 1025, Block Group 1, Census Tract 22, Chittenden County, Vermont","12","12","0"
"1000000US500070022001026","Block 1026, Block Group 1, Census Tract 22, Chittenden County, Vermont","28","28","0"
"1000000US500070022001027","Block 1027, Block Group 1, Census Tract 22, Chittenden County, Vermont","0","0","0"
"1000000US500070022001028","Block 1028, Block Group 1, Census Tract 22, Chittenden County, Vermont","0","0","0"
"1000000US500070022001029","Block 1029, Block Group 1, Census Tract 22, Chittenden County, Vermont","0","0","0"
"1000000US500070022001030","Block 1030, Block Group 1, Census Tract 22, Chittenden County, Vermont","0","0","0"
"1000000US500070022001031","Block 1031, Block Group 1, Census Tract 22, Chittenden County, Vermont","0","0","0"
"1000000US500070022001032","Block 1032, Block Group 1, Census Tract 22, Chittenden County, Vermont","0","0","0"
"1000000US500070022001033","Block 1033, Block Group 1, Census Tract 22, Chittenden County, Vermont","12","12","0"
"1000000US500070022001034","Block 1034, Block Group 1, Census Tract 22, Chittenden County, Vermont","0","0","0"
"1000000US500070022001035","Block 1035, Block Group 1, Census Tract 22, Chittenden County, Vermont","33","32","1"
"1000000US500070022001036","Block 1036, Block Group 1, Census Tract 22, Chittenden County, Vermont","19","19","0"
"1000000US500070022001037","Block 1037, Block Group 1, Census Tract 22, Chittenden County, Vermont","6","6","0"
"1000000US500070022001038","Block 1038, Block Group 1, Census Tract 22, Chittenden County, Vermont","17","16","1"
"1000000US500070022001039","Block 1039, Block Group 1, Census Tract 22, Chittenden County, Vermont","0","0","0"
"1000000US500070022001040","Block 1040, Block Group 1, Census Tract 22, Chittenden County, Vermont","0","0","0"
"1000000US500070022001041","Block 1041, Block Group 1, Census Tract 22, Chittenden County, Vermont","0","0","0"
"1000000US500070022001042","Block 1042, Block Group 1, Census Tract 22, Chittenden County, Vermont","1","1","0"
"1000000US500070022001043","Block 1043, Block Group 1, Census Tract 22, Chittenden County, Vermont","65","64","1"
"1000000US500070022001044","Block 1044, Block Group 1, Census Tract 22, Chittenden County, Vermont","109","104","5"
"1000000US500070022001045","Block 1045, Block Group 1, Census Tract 22, Chittenden County, Vermont","26","26","0"
"1000000US500070022001046","Block 1046, Block Group 1, Census Tract 22, Chittenden County, Vermont","16","15","1"
"1000000US500070022001047","Block 1047, Block Group 1, Census Tract 22, Chittenden County, Vermont","20","20","0"
"1000000US500070022001048","Block 1048, Block Group 1, Census Tract 22, Chittenden County, Vermont","21","21","0"
"1000000US500070022001049","Block 1049, Block Group 1, Census Tract 22, Chittenden County, Vermont","4","4","0"
"1000000US500070022001050","Block 1050, Block Group 1, Census Tract 22, Chittenden County, Vermont","16","16","0"
"1000000US500070022001051","Block 1051, Block Group 1, Census Tract 22, Chittenden County, Vermont","20","18","2"
"1000000US500070022001052","Block 1052, Block Group 1, Census Tract 22, Chittenden County, Vermont","2","1","1"
"1000000US500070022001053","Block 1053, Block Group 1, Census Tract 22, Chittenden County, Vermont","2","2","0"
"1000000US500070022001054","Block 1054, Block Group 1, Census Tract 22, Chittenden County, Vermont","0","0","0"
"1000000US500070022001055","Block 1055, Block Group 1, Census Tract 22, Chittenden County, Vermont","1","1","0"
"1000000US500070022001056","Block 1056, Block Group 1, Census Tract 22, Chittenden County, Vermont","8","8","0"
"1000000US500070022001057","Block 1057, Block Group 1, Census Tract 22, Chittenden County, Vermont","132","127","5"
"1000000US500070022001058","Block 1058, Block Group 1, Census Tract 22, Chittenden County, Vermont","16","16","0"
"1000000US500070022001059","Block 1059, Block Group 1, Census Tract 22, Chittenden County, Vermont","8","8","0"
"1000000US500070022001060","Block 1060, Block Group 1, Census Tract 22, Chittenden County, Vermont","20","19","1"
"1000000US500070022001061","Block 1061, Block Group 1, Census Tract 22, Chittenden County, Vermont","72","67","5"
"1000000US500070022001062","Block 1062, Block Group 1, Census Tract 22, Chittenden County, Vermont","0","0","0"
"1000000US500070022001063","Block 1063, Block Group 1, Census Tract 22, Chittenden County, Vermont","0","0","0"
"1000000US500070022001064","Block 1064, Block Group 1, Census Tract 22, Chittenden County, Vermont","12","12","0"
"1000000US500070022001065","Block 1065, Block Group 1, Census Tract 22, Chittenden County, Vermont","1","1","0"
"1000000US500070022001066","Block 1066, Block Group 1, Census Tract 22, Chittenden County, Vermont","62","61","1"
"1000000US500070022001067","Block 1067, Block Group 1, Census Tract 22, Chittenden County, Vermont","0","0","0"
"1000000US500070022001068","Block 1068, Block Group 1, Census Tract 22, Chittenden County, Vermont","27","26","1"
"1000000US500070022001069","Block 1069, Block Group 1, Census Tract 22, Chittenden County, Vermont","10","9","1"
"1000000US500070022001070","Block 1070, Block Group 1, Census Tract 22, Chittenden County, Vermont","0","0","0"
"1000000US500070022001071","Block 1071, Block Group 1, Census Tract 22, Chittenden County, Vermont","0","0","0"
"1000000US500070022002000","Block 2000, Block Group 2, Census Tract 22, Chittenden County, Vermont","268","257","11"
"1000000US500070022002001","Block 2001, Block Group 2, Census Tract 22, Chittenden County, Vermont","9","9","0"
"1000000US500070022002002","Block 2002, Block Group 2, Census Tract 22, Chittenden County, Vermont","6","6","0"
"1000000US500070022002003","Block 2003, Block Group 2, Census Tract 22, Chittenden County, Vermont","5","5","0"
"1000000US500070022002004","Block 2004, Block Group 2, Census Tract 22, Chittenden County, Vermont","0","0","0"
"1000000US500070022002005","Block 2005, Block Group 2, Census Tract 22, Chittenden County, Vermont","6","6","0"
"1000000US500070022002006","Block 2006, Block Group 2, Census Tract 22, Chittenden County, Vermont","13","13","0"
"1000000US500070022002007","Block 2007, Block Group 2, Census Tract 22, Chittenden County, Vermont","0","0","0"
"1000000US500070022002008","Block 2008, Block Group 2, Census Tract 22, Chittenden County, Vermont","7","7","0"
"1000000US500070022002009","Block 2009, Block Group 2, Census Tract 22, Chittenden County, Vermont","0","0","0"
"1000000US500070022002010","Block 2010, Block Group 2, Census Tract 22, Chittenden County, Vermont","7","6","1"
"1000000US500070022002011","Block 2011, Block Group 2, Census Tract 22, Chittenden County, Vermont","13","13","0"
"1000000US500070022002012","Block 2012, Block Group 2, Census Tract 22, Chittenden County, Vermont","10","10","0"
"1000000US500070022002013","Block 2013, Block Group 2, Census Tract 22, Chittenden County, Vermont","0","0","0"
"1000000US500070022002014","Block 2014, Block Group 2, Census Tract 22, Chittenden County, Vermont","7","7","0"
"1000000US500070022002015","Block 2015, Block Group 2, Census Tract 22, Chittenden County, Vermont","21","20","1"
"1000000US500070022002016","Block 2016, Block Group 2, Census Tract 22, Chittenden County, Vermont","12","12","0"
"1000000US500070022002017","Block 2017, Block Group 2, Census Tract 22, Chittenden County, Vermont","15","13","2"
"1000000US500070022002018","Block 2018, Block Group 2, Census Tract 22, Chittenden County, Vermont","7","7","0"
"1000000US500070022002019","Block 2019, Block Group 2, Census Tract 22, Chittenden County, Vermont","10","10","0"
"1000000US500070022002020","Block 2020, Block Group 2, Census Tract 22, Chittenden County, Vermont","0","0","0"
"1000000US500070022002021","Block 2021, Block Group 2, Census Tract 22, Chittenden County, Vermont","7","7","0"
"1000000US500070022002022","Block 2022, Block Group 2, Census Tract 22, Chittenden County, Vermont","9","8","1"
"1000000US500070022002023","Block 2023, Block Group 2, Census Tract 22, Chittenden County, Vermont","24","24","0"
"1000000US500070022002024","Block 2024, Block Group 2, Census Tract 22, Chittenden County, Vermont","0","0","0"
"1000000US500070022002025","Block 2025, Block Group 2, Census Tract 22, Chittenden County, Vermont","0","0","0"
"1000000US500070022002026","Block 2026, Block Group 2, Census Tract 22, Chittenden County, Vermont","0","0","0"
"1000000US500070022003000","Block 3000, Block Group 3, Census Tract 22, Chittenden County, Vermont","121","48","73"
"1000000US500070022003001","Block 3001, Block Group 3, Census Tract 22, Chittenden County, Vermont","19","19","0"
"1000000US500070022003002","Block 3002, Block Group 3, Census Tract 22, Chittenden County, Vermont","0","0","0"
"1000000US500070022003003","Block 3003, Block Group 3, Census Tract 22, Chittenden County, Vermont","0","0","0"
"1000000US500070022003004","Block 3004, Block Group 3, Census Tract 22, Chittenden County, Vermont","89","86","3"
"1000000US500070022003005","Block 3005, Block Group 3, Census Tract 22, Chittenden County, Vermont","5","4","1"
"1000000US500070022003006","Block 3006, Block Group 3, Census Tract 22, Chittenden County, Vermont","0","0","0"
"1000000US500070022003007","Block 3007, Block Group 3, Census Tract 22, Chittenden County, Vermont","25","25","0"
"1000000US500070022003008","Block 3008, Block Group 3, Census Tract 22, Chittenden County, Vermont","13","13","0"
"1000000US500070022003009","Block 3009, Block Group 3, Census Tract 22, Chittenden County, Vermont","0","0","0"
"1000000US500070022003010","Block 3010, Block Group 3, Census Tract 22, Chittenden County, Vermont","0","0","0"
"1000000US500070022003011","Block 3011, Block Group 3, Census Tract 22, Chittenden County, Vermont","0","0","0"
"1000000US500070022003012","Block 3012, Block Group 3, Census Tract 22, Chittenden County, Vermont","0","0","0"
"1000000US500070022003013","Block 3013, Block Group 3, Census Tract 22, Chittenden County, Vermont","0","0","0"
"1000000US500070022003014","Block 3014, Block Group 3, Census Tract 22, Chittenden County, Vermont","0","0","0"
"1000000US500070022003015","Block 3015, Block Group 3, Census Tract 22, Chittenden County, Vermont","0","0","0"
"1000000US500070022003016","Block 3016, Block Group 3, Census Tract 22, Chittenden County, Vermont","0","0","0"
"1000000US500070022003017","Block 3017, Block Group 3, Census Tract 22, Chittenden County, Vermont","0","0","0"
"1000000US500070022003018","Block 3018, Block Group 3, Census Tract 22, Chittenden County, Vermont","0","0","0"
"1000000US500070022003019","Block 3019, Block Group 3, Census Tract 22, Chittenden County, Vermont","0","0","0"
"1000000US500070022003020","Block 3020, Block Group 3, Census Tract 22, Chittenden County, Vermont","0","0","0"
"1000000US500070022003021","Block 3021, Block Group 3, Census Tract 22, Chittenden County, Vermont","0","0","0"
"1000000US500070022003022","Block 3022, Block Group 3, Census Tract 22, Chittenden County, Vermont","0","0","0"
"1000000US500070022003023","Block 3023, Block Group 3, Census Tract 22, Chittenden County, Vermont","0","0","0"
"1000000US500070022003024","Block 3024, Block Group 3, Census Tract 22, Chittenden County, Vermont","0","0","0"
"1000000US500070022003025","Block 3025, Block Group 3, Census Tract 22, Chittenden County, Vermont","0","0","0"
"1000000US500070022003026","Block 3026, Block Group 3, Census Tract 22, Chittenden County, Vermont","0","0","0"
"1000000US500070022003027","Block 3027, Block Group 3, Census Tract 22, Chittenden County, Vermont","0","0","0"
"1000000US500070022003028","Block 3028, Block Group 3, Census Tract 22, Chittenden County, Vermont","0","0","0"
"1000000US500070022003029","Block 3029, Block Group 3, Census Tract 22, Chittenden County, Vermont","0","0","0"
"1000000US500070022003030","Block 3030, Block Group 3, Census Tract 22, Chittenden County, Vermont","0","0","0"
"1000000US500070022003031","Block 3031, Block Group 3, Census Tract 22, Chittenden County, Vermont","0","0","0"
"1000000US500070022003032","Block 3032, Block Group 3, Census Tract 22, Chittenden County, Vermont","0","0","0"
"1000000US500070022003033","Block 3033, Block Group 3, Census Tract 22, Chittenden County, Vermont","0","0","0"
"1000000US500070022003034","Block 3034, Block Group 3, Census Tract 22, Chittenden County, Vermont","0","0","0"
"1000000US500070022003035","Block 3035, Block Group 3, Census Tract 22, Chittenden County, Vermont","0","0","0"
"1000000US500070022003036","Block 3036, Block Group 3, Census Tract 22, Chittenden County, Vermont","0","0","0"
"1000000US500070022003037","Block 3037, Block Group 3, Census Tract 22, Chittenden County, Vermont","0","0","0"
"1000000US500070022003038","Block 3038, Block Group 3, Census Tract 22, Chittenden County, Vermont","0","0","0"
"1000000US500070022003039","Block 3039, Block Group 3, Census Tract 22, Chittenden County, Vermont","0","0","0"
"1000000US500070022003040","Block 3040, Block Group 3, Census Tract 22, Chittenden County, Vermont","0","0","0"
"1000000US500070022003041","Block 3041, Block Group 3, Census Tract 22, Chittenden County, Vermont","0","0","0"
"1000000US500070022003042","Block 3042, Block Group 3, Census Tract 22, Chittenden County, Vermont","2","2","0"
"1000000US500070022003043","Block 3043, Block Group 3, Census Tract 22, Chittenden County, Vermont","0","0","0"
"1000000US500070022003044","Block 3044, Block Group 3, Census Tract 22, Chittenden County, Vermont","0","0","0"
"1000000US500070022003045","Block 3045, Block Group 3, Census Tract 22, Chittenden County, Vermont","0","0","0"
"1000000US500070022003046","Block 3046, Block Group 3, Census Tract 22, Chittenden County, Vermont","1","0","1"
"1000000US500070022003047","Block 3047, Block Group 3, Census Tract 22, Chittenden County, Vermont","0","0","0"
"1000000US500070022003048","Block 3048, Block Group 3, Census Tract 22, Chittenden County, Vermont","0","0","0"
"1000000US500070022003049","Block 3049, Block Group 3, Census Tract 22, Chittenden County, Vermont","0","0","0"
"1000000US500070022003050","Block 3050, Block Group 3, Census Tract 22, Chittenden County, Vermont","0","0","0"
"1000000US500070022003051","Block 3051, Block Group 3, Census Tract 22, Chittenden County, Vermont","0","0","0"
"1000000US500070022003052","Block 3052, Block Group 3, Census Tract 22, Chittenden County, Vermont","0","0","0"
"1000000US500070022003053","Block 3053, Block Group 3, Census Tract 22, Chittenden County, Vermont","0","0","0"
"1000000US500070022003054","Block 3054, Block Group 3, Census Tract 22, Chittenden County, Vermont","0","0","0"
"1000000US500070022003055","Block 3055, Block Group 3, Census Tract 22, Chittenden County, Vermont","0","0","0"
"1000000US500070022003056","Block 3056, Block Group 3, Census Tract 22, Chittenden County, Vermont","0","0","0"
"1000000US500070022003057","Block 3057, Block Group 3, Census Tract 22, Chittenden County, Vermont","0","0","0"
"1000000US500070022003058","Block 3058, Block Group 3, Census Tract 22, Chittenden County, Vermont","0","0","0"
"1000000US500070022003059","Block 3059, Block Group 3, Census Tract 22, Chittenden County, Vermont","0","0","0"
"1000000US500070022003060","Block 3060, Block Group 3, Census Tract 22, Chittenden County, Vermont","0","0","0"
"1000000US500070022003061","Block 3061, Block Group 3, Census Tract 22, Chittenden County, Vermont","0","0","0"
"1000000US500070022003062","Block 3062, Block Group 3, Census Tract 22, Chittenden County, Vermont","0","0","0"
"1000000US500070022003063","Block 3063, Block Group 3, Census Tract 22, Chittenden County, Vermont","0","0","0"
"1000000US500070022003064","Block 3064, Block Group 3, Census Tract 22, Chittenden County, Vermont","0","0","0"
"1000000US500070022003065","Block 3065, Block Group 3, Census Tract 22, Chittenden County, Vermont","0","0","0"
"1000000US500070022003066","Block 3066, Block Group 3, Census Tract 22, Chittenden County, Vermont","0","0","0"
"1000000US500070022003067","Block 3067, Block Group 3, Census Tract 22, Chittenden County, Vermont","0","0","0"
"1000000US500070022003068","Block 3068, Block Group 3, Census Tract 22, Chittenden County, Vermont","0","0","0"
"1000000US500070022003069","Block 3069, Block Group 3, Census Tract 22, Chittenden County, Vermont","0","0","0"
"1000000US500070022003070","Block 3070, Block Group 3, Census Tract 22, Chittenden County, Vermont","0","0","0"
"1000000US500070022003071","Block 3071, Block Group 3, Census Tract 22, Chittenden County, Vermont","79","73","6"
"1000000US500070022003072","Block 3072, Block Group 3, Census Tract 22, Chittenden County, Vermont","25","23","2"
"1000000US500070022003073","Block 3073, Block Group 3, Census Tract 22, Chittenden County, Vermont","0","0","0"
"1000000US500070022003074","Block 3074, Block Group 3, Census Tract 22, Chittenden County, Vermont","0","0","0"
"1000000US500070022003075","Block 3075, Block Group 3, Census Tract 22, Chittenden County, Vermont","0","0","0"
"1000000US500070022003076","Block 3076, Block Group 3, Census Tract 22, Chittenden County, Vermont","27","25","2"
"1000000US500070022003077","Block 3077, Block Group 3, Census Tract 22, Chittenden County, Vermont","0","0","0"
"1000000US500070022003078","Block 3078, Block Group 3, Census Tract 22, Chittenden County, Vermont","37","33","4"
"1000000US500070022003079","Block 3079, Block Group 3, Census Tract 22, Chittenden County, Vermont","37","36","1"
"1000000US500070022003080","Block 3080, Block Group 3, Census Tract 22, Chittenden County, Vermont","64","60","4"
"1000000US500070022003081","Block 3081, Block Group 3, Census Tract 22, Chittenden County, Vermont","1","1","0"
"1000000US500070022003082","Block 3082, Block Group 3, Census Tract 22, Chittenden County, Vermont","0","0","0"
"1000000US500070022003083","Block 3083, Block Group 3, Census Tract 22, Chittenden County, Vermont","0","0","0"
"1000000US500070022003084","Block 3084, Block Group 3, Census Tract 22, Chittenden County, Vermont","0","0","0"
"1000000US500070022003085","Block 3085, Block Group 3, Census Tract 22, Chittenden County, Vermont","0","0","0"
"1000000US500070022003086","Block 3086, Block Group 3, Census Tract 22, Chittenden County, Vermont","0","0","0"
"1000000US500070022003087","Block 3087, Block Group 3, Census Tract 22, Chittenden County, Vermont","0","0","0"
"1000000US500070022003088","Block 3088, Block Group 3, Census Tract 22, Chittenden County, Vermont","0","0","0"
"1000000US500070022003089","Block 3089, Block Group 3, Census Tract 22, Chittenden County, Vermont","22","22","0"
"1000000US500070022003090","Block 3090, Block Group 3, Census Tract 22, Chittenden County, Vermont","8","8","0"
"1000000US500070022003091","Block 3091, Block Group 3, Census Tract 22, Chittenden County, Vermont","0","0","0"
"1000000US500070022003092","Block 3092, Block Group 3, Census Tract 22, Chittenden County, Vermont","0","0","0"
"1000000US500070022003093","Block 3093, Block Group 3, Census Tract 22, Chittenden County, Vermont","0","0","0"
"1000000US500070022003094","Block 3094, Block Group 3, Census Tract 22, Chittenden County, Vermont","39","39","0"
"1000000US500070022003095","Block 3095, Block Group 3, Census Tract 22, Chittenden County, Vermont","0","0","0"
"1000000US500070022003096","Block 3096, Block Group 3, Census Tract 22, Chittenden County, Vermont","0","0","0"
"1000000US500070022003097","Block 3097, Block Group 3, Census Tract 22, Chittenden County, Vermont","0","0","0"
"1000000US500070022003098","Block 3098, Block Group 3, Census Tract 22, Chittenden County, Vermont","0","0","0"
"1000000US500070022003099","Block 3099, Block Group 3, Census Tract 22, Chittenden County, Vermont","0","0","0"
"1000000US500070022003100","Block 3100, Block Group 3, Census Tract 22, Chittenden County, Vermont","0","0","0"
"1000000US500070022003101","Block 3101, Block Group 3, Census Tract 22, Chittenden County, Vermont","0","0","0"
"1000000US500070022003102","Block 3102, Block Group 3, Census Tract 22, Chittenden County, Vermont","0","0","0"
"1000000US500070022003103","Block 3103, Block Group 3, Census Tract 22, Chittenden County, Vermont","25","21","4"
"1000000US500070022003104","Block 3104, Block Group 3, Census Tract 22, Chittenden County, Vermont","0","0","0"
"1000000US500070022003105","Block 3105, Block Group 3, Census Tract 22, Chittenden County, Vermont","1","1","0"
"1000000US500070022003106","Block 3106, Block Group 3, Census Tract 22, Chittenden County, Vermont","0","0","0"
"1000000US500070022003107","Block 3107, Block Group 3, Census Tract 22, Chittenden County, Vermont","0","0","0"
"1000000US500070022003108","Block 3108, Block Group 3, Census Tract 22, Chittenden County, Vermont","0","0","0"
"1000000US500070022003109","Block 3109, Block Group 3, Census Tract 22, Chittenden County, Vermont","0","0","0"
"1000000US500070022003110","Block 3110, Block Group 3, Census Tract 22, Chittenden County, Vermont","0","0","0"
"1000000US500070022003111","Block 3111, Block Group 3, Census Tract 22, Chittenden County, Vermont","0","0","0"
"1000000US500070022003112","Block 3112, Block Group 3, Census Tract 22, Chittenden County, Vermont","0","0","0"
"1000000US500070022003113","Block 3113, Block Group 3, Census Tract 22, Chittenden County, Vermont","0","0","0"
"1000000US500070022003114","Block 3114, Block Group 3, Census Tract 22, Chittenden County, Vermont","0","0","0"
"1000000US500070022004000","Block 4000, Block Group 4, Census Tract 22, Chittenden County, Vermont","64","62","2"
"1000000US500070022004001","Block 4001, Block Group 4, Census Tract 22, Chittenden County, Vermont","19","19","0"
"1000000US500070022004002","Block 4002, Block Group 4, Census Tract 22, Chittenden County, Vermont","131","128","3"
"1000000US500070022004003","Block 4003, Block Group 4, Census Tract 22, Chittenden County, Vermont","12","12","0"
"1000000US500070022004004","Block 4004, Block Group 4, Census Tract 22, Chittenden County, Vermont","1","1","0"
"1000000US500070022004005","Block 4005, Block Group 4, Census Tract 22, Chittenden County, Vermont","27","26","1"
"1000000US500070022004006","Block 4006, Block Group 4, Census Tract 22, Chittenden County, Vermont","0","0","0"
"1000000US500070022004007","Block 4007, Block Group 4, Census Tract 22, Chittenden County, Vermont","6","6","0"
"1000000US500070022004008","Block 4008, Block Group 4, Census Tract 22, Chittenden County, Vermont","62","58","4"
"1000000US500070022004009","Block 4009, Block Group 4, Census Tract 22, Chittenden County, Vermont","16","16","0"
"1000000US500070022004010","Block 4010, Block Group 4, Census Tract 22, Chittenden County, Vermont","14","14","0"
"1000000US500070022004011","Block 4011, Block Group 4, Census Tract 22, Chittenden County, Vermont","0","0","0"
"1000000US500070022004012","Block 4012, Block Group 4, Census Tract 22, Chittenden County, Vermont","0","0","0"
"1000000US500070022004013","Block 4013, Block Group 4, Census Tract 22, Chittenden County, Vermont","157","151","6"
"1000000US500070022004014","Block 4014, Block Group 4, Census Tract 22, Chittenden County, Vermont","1","0","1"
"1000000US500070022004015","Block 4015, Block Group 4, Census Tract 22, Chittenden County, Vermont","0","0","0"
"1000000US500070022004016","Block 4016, Block Group 4, Census Tract 22, Chittenden County, Vermont","9","9","0"
"1000000US500070022004017","Block 4017, Block Group 4, Census Tract 22, Chittenden County, Vermont","15","14","1"
"1000000US500070022004018","Block 4018, Block Group 4, Census Tract 22, Chittenden County, Vermont","0","0","0"
"1000000US500070022004019","Block 4019, Block Group 4, Census Tract 22, Chittenden County, Vermont","81","81","0"
"1000000US500070022004020","Block 4020, Block Group 4, Census Tract 22, Chittenden County, Vermont","48","48","0"
"1000000US500070022004021","Block 4021, Block Group 4, Census Tract 22, Chittenden County, Vermont","0","0","0"
"1000000US500070022004022","Block 4022, Block Group 4, Census Tract 22, Chittenden County, Vermont","3","3","0"
"1000000US500070022005000","Block 5000, Block Group 5, Census Tract 22, Chittenden County, Vermont","11","10","1"
"1000000US500070022005001","Block 5001, Block Group 5, Census Tract 22, Chittenden County, Vermont","0","0","0"
"1000000US500070022005002","Block 5002, Block Group 5, Census Tract 22, Chittenden County, Vermont","0","0","0"
"1000000US500070022005003","Block 5003, Block Group 5, Census Tract 22, Chittenden County, Vermont","0","0","0"
"1000000US500070022005004","Block 5004, Block Group 5, Census Tract 22, Chittenden County, Vermont","0","0","0"
"1000000US500070022005005","Block 5005, Block Group 5, Census Tract 22, Chittenden County, Vermont","6","6","0"
"1000000US500070022005006","Block 5006, Block Group 5, Census Tract 22, Chittenden County, Vermont","0","0","0"
"1000000US500070022005007","Block 5007, Block Group 5, Census Tract 22, Chittenden County, Vermont","0","0","0"
"1000000US500070022005008","Block 5008, Block Group 5, Census Tract 22, Chittenden County, Vermont","0","0","0"
"1000000US500070022005009","Block 5009, Block Group 5, Census Tract 22, Chittenden County, Vermont","0","0","0"
"1000000US500070022005010","Block 5010, Block Group 5, Census Tract 22, Chittenden County, Vermont","0","0","0"
"1000000US500070022005011","Block 5011, Block Group 5, Census Tract 22, Chittenden County, Vermont","0","0","0"
"1000000US500070022005012","Block 5012, Block Group 5, Census Tract 22, Chittenden County, Vermont","0","0","0"
"1000000US500070022005013","Block 5013, Block Group 5, Census Tract 22, Chittenden County, Vermont","0","0","0"
"1000000US500070022005014","Block 5014, Block Group 5, Census Tract 22, Chittenden County, Vermont","113","106","7"
"1000000US500070022005015","Block 5015, Block Group 5, Census Tract 22, Chittenden County, Vermont","0","0","0"
"1000000US500070022005016","Block 5016, Block Group 5, Census Tract 22, Chittenden County, Vermont","0","0","0"
"1000000US500070022005017","Block 5017, Block Group 5, Census Tract 22, Chittenden County, Vermont","0","0","0"
"1000000US500070022005018","Block 5018, Block Group 5, Census Tract 22, Chittenden County, Vermont","0","0","0"
"1000000US500070022005019","Block 5019, Block Group 5, Census Tract 22, Chittenden County, Vermont","0","0","0"
"1000000US500070022005020","Block 5020, Block Group 5, Census Tract 22, Chittenden County, Vermont","0","0","0"
"1000000US500070022005021","Block 5021, Block Group 5, Census Tract 22, Chittenden County, Vermont","1","1","0"
"1000000US500070022005022","Block 5022, Block Group 5, Census Tract 22, Chittenden County, Vermont","1","1","0"
"1000000US500070022005023","Block 5023, Block Group 5, Census Tract 22, Chittenden County, Vermont","0","0","0"
"1000000US500070022005024","Block 5024, Block Group 5, Census Tract 22, Chittenden County, Vermont","0","0","0"
"1000000US500070022005025","Block 5025, Block Group 5, Census Tract 22, Chittenden County, Vermont","25","25","0"
"1000000US500070022005026","Block 5026, Block Group 5, Census Tract 22, Chittenden County, Vermont","11","9","2"
"1000000US500070022005027","Block 5027, Block Group 5, Census Tract 22, Chittenden County, Vermont","0","0","0"
"1000000US500070022005028","Block 5028, Block Group 5, Census Tract 22, Chittenden County, Vermont","30","30","0"
"1000000US500070022005029","Block 5029, Block Group 5, Census Tract 22, Chittenden County, Vermont","0","0","0"
"1000000US500070022005030","Block 5030, Block Group 5, Census Tract 22, Chittenden County, Vermont","0","0","0"
"1000000US500070022005031","Block 5031, Block Group 5, Census Tract 22, Chittenden County, Vermont","0","0","0"
"1000000US500070022005032","Block 5032, Block Group 5, Census Tract 22, Chittenden County, Vermont","0","0","0"
"1000000US500070022005033","Block 5033, Block Group 5, Census Tract 22, Chittenden County, Vermont","0","0","0"
"1000000US500070022005034","Block 5034, Block Group 5, Census Tract 22, Chittenden County, Vermont","73","68","5"
"1000000US500070023011000","Block 1000, Block Group 1, Census Tract 23.01, Chittenden County, Vermont","0","0","0"
"1000000US500070023011001","Block 1001, Block Group 1, Census Tract 23.01, Chittenden County, Vermont","7","3","4"
"1000000US500070023011002","Block 1002, Block Group 1, Census Tract 23.01, Chittenden County, Vermont","0","0","0"
"1000000US500070023011003","Block 1003, Block Group 1, Census Tract 23.01, Chittenden County, Vermont","7","5","2"
"1000000US500070023011004","Block 1004, Block Group 1, Census Tract 23.01, Chittenden County, Vermont","0","0","0"
"1000000US500070023011005","Block 1005, Block Group 1, Census Tract 23.01, Chittenden County, Vermont","0","0","0"
"1000000US500070023011006","Block 1006, Block Group 1, Census Tract 23.01, Chittenden County, Vermont","49","21","28"
"1000000US500070023011007","Block 1007, Block Group 1, Census Tract 23.01, Chittenden County, Vermont","0","0","0"
"1000000US500070023011008","Block 1008, Block Group 1, Census Tract 23.01, Chittenden County, Vermont","0","0","0"
"1000000US500070023011009","Block 1009, Block Group 1, Census Tract 23.01, Chittenden County, Vermont","0","0","0"
"1000000US500070023011010","Block 1010, Block Group 1, Census Tract 23.01, Chittenden County, Vermont","0","0","0"
"1000000US500070023011011","Block 1011, Block Group 1, Census Tract 23.01, Chittenden County, Vermont","0","0","0"
"1000000US500070023011012","Block 1012, Block Group 1, Census Tract 23.01, Chittenden County, Vermont","0","0","0"
"1000000US500070023011013","Block 1013, Block Group 1, Census Tract 23.01, Chittenden County, Vermont","0","0","0"
"1000000US500070023011014","Block 1014, Block Group 1, Census Tract 23.01, Chittenden County, Vermont","0","0","0"
"1000000US500070023011015","Block 1015, Block Group 1, Census Tract 23.01, Chittenden County, Vermont","192","177","15"
"1000000US500070023011016","Block 1016, Block Group 1, Census Tract 23.01, Chittenden County, Vermont","1","1","0"
"1000000US500070023011017","Block 1017, Block Group 1, Census Tract 23.01, Chittenden County, Vermont","8","8","0"
"1000000US500070023011018","Block 1018, Block Group 1, Census Tract 23.01, Chittenden County, Vermont","10","9","1"
"1000000US500070023011019","Block 1019, Block Group 1, Census Tract 23.01, Chittenden County, Vermont","13","6","7"
"1000000US500070023011020","Block 1020, Block Group 1, Census Tract 23.01, Chittenden County, Vermont","0","0","0"
"1000000US500070023011021","Block 1021, Block Group 1, Census Tract 23.01, Chittenden County, Vermont","47","16","31"
"1000000US500070023011022","Block 1022, Block Group 1, Census Tract 23.01, Chittenden County, Vermont","9","9","0"
"1000000US500070023011023","Block 1023, Block Group 1, Census Tract 23.01, Chittenden County, Vermont","277","262","15"
"1000000US500070023011024","Block 1024, Block Group 1, Census Tract 23.01, Chittenden County, Vermont","0","0","0"
"1000000US500070023011025","Block 1025, Block Group 1, Census Tract 23.01, Chittenden County, Vermont","0","0","0"
"1000000US500070023011026","Block 1026, Block Group 1, Census Tract 23.01, Chittenden County, Vermont","16","16","0"
"1000000US500070023011027","Block 1027, Block Group 1, Census Tract 23.01, Chittenden County, Vermont","0","0","0"
"1000000US500070023011028","Block 1028, Block Group 1, Census Tract 23.01, Chittenden County, Vermont","1","1","0"
"1000000US500070023011029","Block 1029, Block Group 1, Census Tract 23.01, Chittenden County, Vermont","0","0","0"
"1000000US500070023011030","Block 1030, Block Group 1, Census Tract 23.01, Chittenden County, Vermont","16","15","1"
"1000000US500070023011031","Block 1031, Block Group 1, Census Tract 23.01, Chittenden County, Vermont","8","8","0"
"1000000US500070023011032","Block 1032, Block Group 1, Census Tract 23.01, Chittenden County, Vermont","0","0","0"
"1000000US500070023011033","Block 1033, Block Group 1, Census Tract 23.01, Chittenden County, Vermont","0","0","0"
"1000000US500070023012000","Block 2000, Block Group 2, Census Tract 23.01, Chittenden County, Vermont","33","31","2"
"1000000US500070023012001","Block 2001, Block Group 2, Census Tract 23.01, Chittenden County, Vermont","14","14","0"
"1000000US500070023012002","Block 2002, Block Group 2, Census Tract 23.01, Chittenden County, Vermont","11","11","0"
"1000000US500070023012003","Block 2003, Block Group 2, Census Tract 23.01, Chittenden County, Vermont","0","0","0"
"1000000US500070023012004","Block 2004, Block Group 2, Census Tract 23.01, Chittenden County, Vermont","0","0","0"
"1000000US500070023012005","Block 2005, Block Group 2, Census Tract 23.01, Chittenden County, Vermont","0","0","0"
"1000000US500070023012006","Block 2006, Block Group 2, Census Tract 23.01, Chittenden County, Vermont","71","60","11"
"1000000US500070023012007","Block 2007, Block Group 2, Census Tract 23.01, Chittenden County, Vermont","1","1","0"
"1000000US500070023012008","Block 2008, Block Group 2, Census Tract 23.01, Chittenden County, Vermont","0","0","0"
"1000000US500070023012009","Block 2009, Block Group 2, Census Tract 23.01, Chittenden County, Vermont","45","36","9"
"1000000US500070023012010","Block 2010, Block Group 2, Census Tract 23.01, Chittenden County, Vermont","76","56","20"
"1000000US500070023012011","Block 2011, Block Group 2, Census Tract 23.01, Chittenden County, Vermont","0","0","0"
"1000000US500070023012012","Block 2012, Block Group 2, Census Tract 23.01, Chittenden County, Vermont","0","0","0"
"1000000US500070023012013","Block 2013, Block Group 2, Census Tract 23.01, Chittenden County, Vermont","0","0","0"
"1000000US500070023012014","Block 2014, Block Group 2, Census Tract 23.01, Chittenden County, Vermont","0","0","0"
"1000000US500070023012015","Block 2015, Block Group 2, Census Tract 23.01, Chittenden County, Vermont","22","20","2"
"1000000US500070023012016","Block 2016, Block Group 2, Census Tract 23.01, Chittenden County, Vermont","58","53","5"
"1000000US500070023012017","Block 2017, Block Group 2, Census Tract 23.01, Chittenden County, Vermont","0","0","0"
"1000000US500070023012018","Block 2018, Block Group 2, Census Tract 23.01, Chittenden County, Vermont","0","0","0"
"1000000US500070023012019","Block 2019, Block Group 2, Census Tract 23.01, Chittenden County, Vermont","7","7","0"
"1000000US500070023012020","Block 2020, Block Group 2, Census Tract 23.01, Chittenden County, Vermont","8","2","6"
"1000000US500070023012021","Block 2021, Block Group 2, Census Tract 23.01, Chittenden County, Vermont","0","0","0"
"1000000US500070023012022","Block 2022, Block Group 2, Census Tract 23.01, Chittenden County, Vermont","0","0","0"
"1000000US500070023012023","Block 2023, Block Group 2, Census Tract 23.01, Chittenden County, Vermont","0","0","0"
"1000000US500070023012024","Block 2024, Block Group 2, Census Tract 23.01, Chittenden County, Vermont","2","1","1"
"1000000US500070023012025","Block 2025, Block Group 2, Census Tract 23.01, Chittenden County, Vermont","0","0","0"
"1000000US500070023012026","Block 2026, Block Group 2, Census Tract 23.01, Chittenden County, Vermont","3","3","0"
"1000000US500070023012027","Block 2027, Block Group 2, Census Tract 23.01, Chittenden County, Vermont","0","0","0"
"1000000US500070023012028","Block 2028, Block Group 2, Census Tract 23.01, Chittenden County, Vermont","0","0","0"
"1000000US500070023012029","Block 2029, Block Group 2, Census Tract 23.01, Chittenden County, Vermont","0","0","0"
"1000000US500070023012030","Block 2030, Block Group 2, Census Tract 23.01, Chittenden County, Vermont","5","5","0"
"1000000US500070023012031","Block 2031, Block Group 2, Census Tract 23.01, Chittenden County, Vermont","1","1","0"
"1000000US500070023012032","Block 2032, Block Group 2, Census Tract 23.01, Chittenden County, Vermont","0","0","0"
"1000000US500070023012033","Block 2033, Block Group 2, Census Tract 23.01, Chittenden County, Vermont","22","21","1"
"1000000US500070023012034","Block 2034, Block Group 2, Census Tract 23.01, Chittenden County, Vermont","0","0","0"
"1000000US500070023012035","Block 2035, Block Group 2, Census Tract 23.01, Chittenden County, Vermont","0","0","0"
"1000000US500070023012036","Block 2036, Block Group 2, Census Tract 23.01, Chittenden County, Vermont","0","0","0"
"1000000US500070023012037","Block 2037, Block Group 2, Census Tract 23.01, Chittenden County, Vermont","0","0","0"
"1000000US500070023012038","Block 2038, Block Group 2, Census Tract 23.01, Chittenden County, Vermont","0","0","0"
"1000000US500070023012039","Block 2039, Block Group 2, Census Tract 23.01, Chittenden County, Vermont","0","0","0"
"1000000US500070023012040","Block 2040, Block Group 2, Census Tract 23.01, Chittenden County, Vermont","33","21","12"
"1000000US500070023012041","Block 2041, Block Group 2, Census Tract 23.01, Chittenden County, Vermont","0","0","0"
"1000000US500070023021000","Block 1000, Block Group 1, Census Tract 23.02, Chittenden County, Vermont","0","0","0"
"1000000US500070023021001","Block 1001, Block Group 1, Census Tract 23.02, Chittenden County, Vermont","0","0","0"
"1000000US500070023021002","Block 1002, Block Group 1, Census Tract 23.02, Chittenden County, Vermont","0","0","0"
"1000000US500070023021003","Block 1003, Block Group 1, Census Tract 23.02, Chittenden County, Vermont","0","0","0"
"1000000US500070023021004","Block 1004, Block Group 1, Census Tract 23.02, Chittenden County, Vermont","0","0","0"
"1000000US500070023021005","Block 1005, Block Group 1, Census Tract 23.02, Chittenden County, Vermont","0","0","0"
"1000000US500070023021006","Block 1006, Block Group 1, Census Tract 23.02, Chittenden County, Vermont","31","6","25"
"1000000US500070023021007","Block 1007, Block Group 1, Census Tract 23.02, Chittenden County, Vermont","154","92","62"
"1000000US500070023021008","Block 1008, Block Group 1, Census Tract 23.02, Chittenden County, Vermont","20","16","4"
"1000000US500070023021009","Block 1009, Block Group 1, Census Tract 23.02, Chittenden County, Vermont","16","10","6"
"1000000US500070023021010","Block 1010, Block Group 1, Census Tract 23.02, Chittenden County, Vermont","10","10","0"
"1000000US500070023021011","Block 1011, Block Group 1, Census Tract 23.02, Chittenden County, Vermont","0","0","0"
"1000000US500070023021012","Block 1012, Block Group 1, Census Tract 23.02, Chittenden County, Vermont","0","0","0"
"1000000US500070023021013","Block 1013, Block Group 1, Census Tract 23.02, Chittenden County, Vermont","485","310","175"
"1000000US500070023021014","Block 1014, Block Group 1, Census Tract 23.02, Chittenden County, Vermont","0","0","0"
"1000000US500070023021015","Block 1015, Block Group 1, Census Tract 23.02, Chittenden County, Vermont","0","0","0"
"1000000US500070023021016","Block 1016, Block Group 1, Census Tract 23.02, Chittenden County, Vermont","0","0","0"
"1000000US500070023021017","Block 1017, Block Group 1, Census Tract 23.02, Chittenden County, Vermont","4","2","2"
"1000000US500070023021018","Block 1018, Block Group 1, Census Tract 23.02, Chittenden County, Vermont","0","0","0"
"1000000US500070023021019","Block 1019, Block Group 1, Census Tract 23.02, Chittenden County, Vermont","6","5","1"
"1000000US500070023021020","Block 1020, Block Group 1, Census Tract 23.02, Chittenden County, Vermont","5","3","2"
"1000000US500070023021021","Block 1021, Block Group 1, Census Tract 23.02, Chittenden County, Vermont","0","0","0"
"1000000US500070023021022","Block 1022, Block Group 1, Census Tract 23.02, Chittenden County, Vermont","1","1","0"
"1000000US500070023021023","Block 1023, Block Group 1, Census Tract 23.02, Chittenden County, Vermont","18","16","2"
"1000000US500070023021024","Block 1024, Block Group 1, Census Tract 23.02, Chittenden County, Vermont","2","2","0"
"1000000US500070023021025","Block 1025, Block Group 1, Census Tract 23.02, Chittenden County, Vermont","9","9","0"
"1000000US500070023021026","Block 1026, Block Group 1, Census Tract 23.02, Chittenden County, Vermont","0","0","0"
"1000000US500070023021027","Block 1027, Block Group 1, Census Tract 23.02, Chittenden County, Vermont","0","0","0"
"1000000US500070023022000","Block 2000, Block Group 2, Census Tract 23.02, Chittenden County, Vermont","42","42","0"
"1000000US500070023022001","Block 2001, Block Group 2, Census Tract 23.02, Chittenden County, Vermont","1","1","0"
"1000000US500070023022002","Block 2002, Block Group 2, Census Tract 23.02, Chittenden County, Vermont","47","44","3"
"1000000US500070023022003","Block 2003, Block Group 2, Census Tract 23.02, Chittenden County, Vermont","10","10","0"
"1000000US500070023022004","Block 2004, Block Group 2, Census Tract 23.02, Chittenden County, Vermont","8","8","0"
"1000000US500070023022005","Block 2005, Block Group 2, Census Tract 23.02, Chittenden County, Vermont","11","10","1"
"1000000US500070023022006","Block 2006, Block Group 2, Census Tract 23.02, Chittenden County, Vermont","0","0","0"
"1000000US500070023022007","Block 2007, Block Group 2, Census Tract 23.02, Chittenden County, Vermont","2","2","0"
"1000000US500070023022008","Block 2008, Block Group 2, Census Tract 23.02, Chittenden County, Vermont","96","94","2"
"1000000US500070023022009","Block 2009, Block Group 2, Census Tract 23.02, Chittenden County, Vermont","0","0","0"
"1000000US500070023022010","Block 2010, Block Group 2, Census Tract 23.02, Chittenden County, Vermont","36","32","4"
"1000000US500070023022011","Block 2011, Block Group 2, Census Tract 23.02, Chittenden County, Vermont","12","12","0"
"1000000US500070023022012","Block 2012, Block Group 2, Census Tract 23.02, Chittenden County, Vermont","67","66","1"
"1000000US500070023022013","Block 2013, Block Group 2, Census Tract 23.02, Chittenden County, Vermont","0","0","0"
"1000000US500070023022014","Block 2014, Block Group 2, Census Tract 23.02, Chittenden County, Vermont","0","0","0"
"1000000US500070023022015","Block 2015, Block Group 2, Census Tract 23.02, Chittenden County, Vermont","0","0","0"
"1000000US500070023022016","Block 2016, Block Group 2, Census Tract 23.02, Chittenden County, Vermont","0","0","0"
"1000000US500070023022017","Block 2017, Block Group 2, Census Tract 23.02, Chittenden County, Vermont","0","0","0"
"1000000US500070023022018","Block 2018, Block Group 2, Census Tract 23.02, Chittenden County, Vermont","0","0","0"
"1000000US500070023022019","Block 2019, Block Group 2, Census Tract 23.02, Chittenden County, Vermont","0","0","0"
"1000000US500070023022020","Block 2020, Block Group 2, Census Tract 23.02, Chittenden County, Vermont","42","40","2"
"1000000US500070023022021","Block 2021, Block Group 2, Census Tract 23.02, Chittenden County, Vermont","0","0","0"
"1000000US500070023022022","Block 2022, Block Group 2, Census Tract 23.02, Chittenden County, Vermont","0","0","0"
"1000000US500070023023000","Block 3000, Block Group 3, Census Tract 23.02, Chittenden County, Vermont","127","123","4"
"1000000US500070023023001","Block 3001, Block Group 3, Census Tract 23.02, Chittenden County, Vermont","353","259","94"
"1000000US500070023023002","Block 3002, Block Group 3, Census Tract 23.02, Chittenden County, Vermont","55","54","1"
"1000000US500070023023003","Block 3003, Block Group 3, Census Tract 23.02, Chittenden County, Vermont","60","59","1"
"1000000US500070023023004","Block 3004, Block Group 3, Census Tract 23.02, Chittenden County, Vermont","10","10","0"
"1000000US500070023023005","Block 3005, Block Group 3, Census Tract 23.02, Chittenden County, Vermont","29","28","1"
"1000000US500070023023006","Block 3006, Block Group 3, Census Tract 23.02, Chittenden County, Vermont","9","6","3"
"1000000US500070023023007","Block 3007, Block Group 3, Census Tract 23.02, Chittenden County, Vermont","2","1","1"
"1000000US500070023023008","Block 3008, Block Group 3, Census Tract 23.02, Chittenden County, Vermont","27","26","1"
"1000000US500070023023009","Block 3009, Block Group 3, Census Tract 23.02, Chittenden County, Vermont","0","0","0"
"1000000US500070023023010","Block 3010, Block Group 3, Census Tract 23.02, Chittenden County, Vermont","0","0","0"
"1000000US500070023023011","Block 3011, Block Group 3, Census Tract 23.02, Chittenden County, Vermont","0","0","0"
"1000000US500070023023012","Block 3012, Block Group 3, Census Tract 23.02, Chittenden County, Vermont","0","0","0"
"1000000US500070023023013","Block 3013, Block Group 3, Census Tract 23.02, Chittenden County, Vermont","15","14","1"
"1000000US500070023023014","Block 3014, Block Group 3, Census Tract 23.02, Chittenden County, Vermont","13","13","0"
"1000000US500070023023015","Block 3015, Block Group 3, Census Tract 23.02, Chittenden County, Vermont","1","1","0"
"1000000US500070023023016","Block 3016, Block Group 3, Census Tract 23.02, Chittenden County, Vermont","0","0","0"
"1000000US500070023023017","Block 3017, Block Group 3, Census Tract 23.02, Chittenden County, Vermont","17","16","1"
"1000000US500070023023018","Block 3018, Block Group 3, Census Tract 23.02, Chittenden County, Vermont","9","8","1"
"1000000US500070023024000","Block 4000, Block Group 4, Census Tract 23.02, Chittenden County, Vermont","158","150","8"
"1000000US500070023024001","Block 4001, Block Group 4, Census Tract 23.02, Chittenden County, Vermont","0","0","0"
"1000000US500070023024002","Block 4002, Block Group 4, Census Tract 23.02, Chittenden County, Vermont","19","18","1"
"1000000US500070023024003","Block 4003, Block Group 4, Census Tract 23.02, Chittenden County, Vermont","11","11","0"
"1000000US500070023024004","Block 4004, Block Group 4, Census Tract 23.02, Chittenden County, Vermont","8","8","0"
"1000000US500070023024005","Block 4005, Block Group 4, Census Tract 23.02, Chittenden County, Vermont","0","0","0"
"1000000US500070023024006","Block 4006, Block Group 4, Census Tract 23.02, Chittenden County, Vermont","16","16","0"
"1000000US500070023024007","Block 4007, Block Group 4, Census Tract 23.02, Chittenden County, Vermont","46","44","2"
"1000000US500070023024008","Block 4008, Block Group 4, Census Tract 23.02, Chittenden County, Vermont","373","367","6"
"1000000US500070023024009","Block 4009, Block Group 4, Census Tract 23.02, Chittenden County, Vermont","13","13","0"
"1000000US500070023024010","Block 4010, Block Group 4, Census Tract 23.02, Chittenden County, Vermont","14","14","0"
"1000000US500070023024011","Block 4011, Block Group 4, Census Tract 23.02, Chittenden County, Vermont","21","21","0"
"1000000US500070023024012","Block 4012, Block Group 4, Census Tract 23.02, Chittenden County, Vermont","16","16","0"
"1000000US500070023024013","Block 4013, Block Group 4, Census Tract 23.02, Chittenden County, Vermont","11","11","0"
"1000000US500070023024014","Block 4014, Block Group 4, Census Tract 23.02, Chittenden County, Vermont","11","11","0"
"1000000US500070023024015","Block 4015, Block Group 4, Census Tract 23.02, Chittenden County, Vermont","14","14","0"
"1000000US500070023024016","Block 4016, Block Group 4, Census Tract 23.02, Chittenden County, Vermont","0","0","0"
"1000000US500070023025000","Block 5000, Block Group 5, Census Tract 23.02, Chittenden County, Vermont","189","177","12"
"1000000US500070023025001","Block 5001, Block Group 5, Census Tract 23.02, Chittenden County, Vermont","0","0","0"
"1000000US500070023025002","Block 5002, Block Group 5, Census Tract 23.02, Chittenden County, Vermont","0","0","0"
"1000000US500070023025003","Block 5003, Block Group 5, Census Tract 23.02, Chittenden County, Vermont","0","0","0"
"1000000US500070023025004","Block 5004, Block Group 5, Census Tract 23.02, Chittenden County, Vermont","0","0","0"
"1000000US500070023025005","Block 5005, Block Group 5, Census Tract 23.02, Chittenden County, Vermont","0","0","0"
"1000000US500070023025006","Block 5006, Block Group 5, Census Tract 23.02, Chittenden County, Vermont","0","0","0"
"1000000US500070023025007","Block 5007, Block Group 5, Census Tract 23.02, Chittenden County, Vermont","0","0","0"
"1000000US500070023025008","Block 5008, Block Group 5, Census Tract 23.02, Chittenden County, Vermont","0","0","0"
"1000000US500070023025009","Block 5009, Block Group 5, Census Tract 23.02, Chittenden County, Vermont","0","0","0"
"1000000US500070023025010","Block 5010, Block Group 5, Census Tract 23.02, Chittenden County, Vermont","0","0","0"
"1000000US500070023025011","Block 5011, Block Group 5, Census Tract 23.02, Chittenden County, Vermont","8","8","0"
"1000000US500070023025012","Block 5012, Block Group 5, Census Tract 23.02, Chittenden County, Vermont","34","34","0"
"1000000US500070023025013","Block 5013, Block Group 5, Census Tract 23.02, Chittenden County, Vermont","114","111","3"
"1000000US500070023025014","Block 5014, Block Group 5, Census Tract 23.02, Chittenden County, Vermont","11","11","0"
"1000000US500070023025015","Block 5015, Block Group 5, Census Tract 23.02, Chittenden County, Vermont","12","11","1"
"1000000US500070023025016","Block 5016, Block Group 5, Census Tract 23.02, Chittenden County, Vermont","2","2","0"
"1000000US500070023025017","Block 5017, Block Group 5, Census Tract 23.02, Chittenden County, Vermont","69","66","3"
"1000000US500070023025018","Block 5018, Block Group 5, Census Tract 23.02, Chittenden County, Vermont","8","8","0"
"1000000US500070023025019","Block 5019, Block Group 5, Census Tract 23.02, Chittenden County, Vermont","0","0","0"
"1000000US500070023025020","Block 5020, Block Group 5, Census Tract 23.02, Chittenden County, Vermont","0","0","0"
"1000000US500070023025021","Block 5021, Block Group 5, Census Tract 23.02, Chittenden County, Vermont","0","0","0"
"1000000US500070023025022","Block 5022, Block Group 5, Census Tract 23.02, Chittenden County, Vermont","0","0","0"
"1000000US500070023025023","Block 5023, Block Group 5, Census Tract 23.02, Chittenden County, Vermont","0","0","0"
"1000000US500070023025024","Block 5024, Block Group 5, Census Tract 23.02, Chittenden County, Vermont","0","0","0"
"1000000US500070023025025","Block 5025, Block Group 5, Census Tract 23.02, Chittenden County, Vermont","0","0","0"
"1000000US500070024001000","Block 1000, Block Group 1, Census Tract 24, Chittenden County, Vermont","26","23","3"
"1000000US500070024001001","Block 1001, Block Group 1, Census Tract 24, Chittenden County, Vermont","32","31","1"
"1000000US500070024001002","Block 1002, Block Group 1, Census Tract 24, Chittenden County, Vermont","30","30","0"
"1000000US500070024001003","Block 1003, Block Group 1, Census Tract 24, Chittenden County, Vermont","112","102","10"
"1000000US500070024001004","Block 1004, Block Group 1, Census Tract 24, Chittenden County, Vermont","72","71","1"
"1000000US500070024001005","Block 1005, Block Group 1, Census Tract 24, Chittenden County, Vermont","111","107","4"
"1000000US500070024001006","Block 1006, Block Group 1, Census Tract 24, Chittenden County, Vermont","63","60","3"
"1000000US500070024001007","Block 1007, Block Group 1, Census Tract 24, Chittenden County, Vermont","83","80","3"
"1000000US500070024001008","Block 1008, Block Group 1, Census Tract 24, Chittenden County, Vermont","0","0","0"
"1000000US500070024002000","Block 2000, Block Group 2, Census Tract 24, Chittenden County, Vermont","77","75","2"
"1000000US500070024002001","Block 2001, Block Group 2, Census Tract 24, Chittenden County, Vermont","98","94","4"
"1000000US500070024002002","Block 2002, Block Group 2, Census Tract 24, Chittenden County, Vermont","25","23","2"
"1000000US500070024002003","Block 2003, Block Group 2, Census Tract 24, Chittenden County, Vermont","45","43","2"
"1000000US500070024002004","Block 2004, Block Group 2, Census Tract 24, Chittenden County, Vermont","47","43","4"
"1000000US500070024002005","Block 2005, Block Group 2, Census Tract 24, Chittenden County, Vermont","59","58","1"
"1000000US500070024002006","Block 2006, Block Group 2, Census Tract 24, Chittenden County, Vermont","22","18","4"
"1000000US500070024002007","Block 2007, Block Group 2, Census Tract 24, Chittenden County, Vermont","8","8","0"
"1000000US500070024003000","Block 3000, Block Group 3, Census Tract 24, Chittenden County, Vermont","98","96","2"
"1000000US500070024003001","Block 3001, Block Group 3, Census Tract 24, Chittenden County, Vermont","22","18","4"
"1000000US500070024003002","Block 3002, Block Group 3, Census Tract 24, Chittenden County, Vermont","26","26","0"
"1000000US500070024003003","Block 3003, Block Group 3, Census Tract 24, Chittenden County, Vermont","40","39","1"
"1000000US500070024003004","Block 3004, Block Group 3, Census Tract 24, Chittenden County, Vermont","43","39","4"
"1000000US500070024003005","Block 3005, Block Group 3, Census Tract 24, Chittenden County, Vermont","36","34","2"
"1000000US500070024003006","Block 3006, Block Group 3, Census Tract 24, Chittenden County, Vermont","23","23","0"
"1000000US500070024003007","Block 3007, Block Group 3, Census Tract 24, Chittenden County, Vermont","53","48","5"
"1000000US500070024003008","Block 3008, Block Group 3, Census Tract 24, Chittenden County, Vermont","64","60","4"
"1000000US500070024003009","Block 3009, Block Group 3, Census Tract 24, Chittenden County, Vermont","54","51","3"
"1000000US500070024003010","Block 3010, Block Group 3, Census Tract 24, Chittenden County, Vermont","25","23","2"
"1000000US500070024003011","Block 3011, Block Group 3, Census Tract 24, Chittenden County, Vermont","1","1","0"
"1000000US500070025001000","Block 1000, Block Group 1, Census Tract 25, Chittenden County, Vermont","34","31","3"
"1000000US500070025001001","Block 1001, Block Group 1, Census Tract 25, Chittenden County, Vermont","40","39","1"
"1000000US500070025001002","Block 1002, Block Group 1, Census Tract 25, Chittenden County, Vermont","0","0","0"
"1000000US500070025001003","Block 1003, Block Group 1, Census Tract 25, Chittenden County, Vermont","12","12","0"
"1000000US500070025001004","Block 1004, Block Group 1, Census Tract 25, Chittenden County, Vermont","0","0","0"
"1000000US500070025001005","Block 1005, Block Group 1, Census Tract 25, Chittenden County, Vermont","17","17","0"
"1000000US500070025001006","Block 1006, Block Group 1, Census Tract 25, Chittenden County, Vermont","12","12","0"
"1000000US500070025001007","Block 1007, Block Group 1, Census Tract 25, Chittenden County, Vermont","7","7","0"
"1000000US500070025001008","Block 1008, Block Group 1, Census Tract 25, Chittenden County, Vermont","89","85","4"
"1000000US500070025001009","Block 1009, Block Group 1, Census Tract 25, Chittenden County, Vermont","10","10","0"
"1000000US500070025001010","Block 1010, Block Group 1, Census Tract 25, Chittenden County, Vermont","63","62","1"
"1000000US500070025001011","Block 1011, Block Group 1, Census Tract 25, Chittenden County, Vermont","29","28","1"
"1000000US500070025001012","Block 1012, Block Group 1, Census Tract 25, Chittenden County, Vermont","50","48","2"
"1000000US500070025001013","Block 1013, Block Group 1, Census Tract 25, Chittenden County, Vermont","0","0","0"
"1000000US500070025001014","Block 1014, Block Group 1, Census Tract 25, Chittenden County, Vermont","12","12","0"
"1000000US500070025001015","Block 1015, Block Group 1, Census Tract 25, Chittenden County, Vermont","11","11","0"
"1000000US500070025001016","Block 1016, Block Group 1, Census Tract 25, Chittenden County, Vermont","10","10","0"
"1000000US500070025001017","Block 1017, Block Group 1, Census Tract 25, Chittenden County, Vermont","18","18","0"
"1000000US500070025001018","Block 1018, Block Group 1, Census Tract 25, Chittenden County, Vermont","11","11","0"
"1000000US500070025001019","Block 1019, Block Group 1, Census Tract 25, Chittenden County, Vermont","27","27","0"
"1000000US500070025001020","Block 1020, Block Group 1, Census Tract 25, Chittenden County, Vermont","0","0","0"
"1000000US500070025001021","Block 1021, Block Group 1, Census Tract 25, Chittenden County, Vermont","8","8","0"
"1000000US500070025001022","Block 1022, Block Group 1, Census Tract 25, Chittenden County, Vermont","6","6","0"
"1000000US500070025001023","Block 1023, Block Group 1, Census Tract 25, Chittenden County, Vermont","28","24","4"
"1000000US500070025001024","Block 1024, Block Group 1, Census Tract 25, Chittenden County, Vermont","0","0","0"
"1000000US500070025001025","Block 1025, Block Group 1, Census Tract 25, Chittenden County, Vermont","0","0","0"
"1000000US500070025001026","Block 1026, Block Group 1, Census Tract 25, Chittenden County, Vermont","36","36","0"
"1000000US500070025001027","Block 1027, Block Group 1, Census Tract 25, Chittenden County, Vermont","12","10","2"
"1000000US500070025001028","Block 1028, Block Group 1, Census Tract 25, Chittenden County, Vermont","15","15","0"
"1000000US500070025001029","Block 1029, Block Group 1, Census Tract 25, Chittenden County, Vermont","17","16","1"
"1000000US500070025002000","Block 2000, Block Group 2, Census Tract 25, Chittenden County, Vermont","44","43","1"
"1000000US500070025002001","Block 2001, Block Group 2, Census Tract 25, Chittenden County, Vermont","43","39","4"
"1000000US500070025002002","Block 2002, Block Group 2, Census Tract 25, Chittenden County, Vermont","77","77","0"
"1000000US500070025002003","Block 2003, Block Group 2, Census Tract 25, Chittenden County, Vermont","102","96","6"
"1000000US500070025002004","Block 2004, Block Group 2, Census Tract 25, Chittenden County, Vermont","43","41","2"
"1000000US500070025002005","Block 2005, Block Group 2, Census Tract 25, Chittenden County, Vermont","162","162","0"
"1000000US500070025002006","Block 2006, Block Group 2, Census Tract 25, Chittenden County, Vermont","35","35","0"
"1000000US500070025002007","Block 2007, Block Group 2, Census Tract 25, Chittenden County, Vermont","18","18","0"
"1000000US500070025003000","Block 3000, Block Group 3, Census Tract 25, Chittenden County, Vermont","10","10","0"
"1000000US500070025003001","Block 3001, Block Group 3, Census Tract 25, Chittenden County, Vermont","0","0","0"
"1000000US500070025003002","Block 3002, Block Group 3, Census Tract 25, Chittenden County, Vermont","0","0","0"
"1000000US500070025003003","Block 3003, Block Group 3, Census Tract 25, Chittenden County, Vermont","0","0","0"
"1000000US500070025003004","Block 3004, Block Group 3, Census Tract 25, Chittenden County, Vermont","0","0","0"
"1000000US500070025003005","Block 3005, Block Group 3, Census Tract 25, Chittenden County, Vermont","0","0","0"
"1000000US500070025003006","Block 3006, Block Group 3, Census Tract 25, Chittenden County, Vermont","0","0","0"
"1000000US500070025003007","Block 3007, Block Group 3, Census Tract 25, Chittenden County, Vermont","10","7","3"
"1000000US500070025003008","Block 3008, Block Group 3, Census Tract 25, Chittenden County, Vermont","0","0","0"
"1000000US500070025003009","Block 3009, Block Group 3, Census Tract 25, Chittenden County, Vermont","0","0","0"
"1000000US500070025003010","Block 3010, Block Group 3, Census Tract 25, Chittenden County, Vermont","0","0","0"
"1000000US500070025003011","Block 3011, Block Group 3, Census Tract 25, Chittenden County, Vermont","22","21","1"
"1000000US500070025003012","Block 3012, Block Group 3, Census Tract 25, Chittenden County, Vermont","0","0","0"
"1000000US500070025003013","Block 3013, Block Group 3, Census Tract 25, Chittenden County, Vermont","0","0","0"
"1000000US500070025003014","Block 3014, Block Group 3, Census Tract 25, Chittenden County, Vermont","80","34","46"
"1000000US500070025003015","Block 3015, Block Group 3, Census Tract 25, Chittenden County, Vermont","237","220","17"
"1000000US500070025003016","Block 3016, Block Group 3, Census Tract 25, Chittenden County, Vermont","0","0","0"
"1000000US500070025003017","Block 3017, Block Group 3, Census Tract 25, Chittenden County, Vermont","99","95","4"
"1000000US500070025003018","Block 3018, Block Group 3, Census Tract 25, Chittenden County, Vermont","27","26","1"
"1000000US500070025003019","Block 3019, Block Group 3, Census Tract 25, Chittenden County, Vermont","0","0","0"
"1000000US500070025003020","Block 3020, Block Group 3, Census Tract 25, Chittenden County, Vermont","43","40","3"
"1000000US500070025003021","Block 3021, Block Group 3, Census Tract 25, Chittenden County, Vermont","22","22","0"
"1000000US500070025003022","Block 3022, Block Group 3, Census Tract 25, Chittenden County, Vermont","47","45","2"
"1000000US500070025003023","Block 3023, Block Group 3, Census Tract 25, Chittenden County, Vermont","0","0","0"
"1000000US500070025003024","Block 3024, Block Group 3, Census Tract 25, Chittenden County, Vermont","8","8","0"
"1000000US500070025003025","Block 3025, Block Group 3, Census Tract 25, Chittenden County, Vermont","11","10","1"
"1000000US500070025003026","Block 3026, Block Group 3, Census Tract 25, Chittenden County, Vermont","2","0","2"
"1000000US500070025003027","Block 3027, Block Group 3, Census Tract 25, Chittenden County, Vermont","27","25","2"
"1000000US500070025003028","Block 3028, Block Group 3, Census Tract 25, Chittenden County, Vermont","0","0","0"
"1000000US500070025003029","Block 3029, Block Group 3, Census Tract 25, Chittenden County, Vermont","230","219","11"
"1000000US500070025003030","Block 3030, Block Group 3, Census Tract 25, Chittenden County, Vermont","0","0","0"
"1000000US500070025003031","Block 3031, Block Group 3, Census Tract 25, Chittenden County, Vermont","0","0","0"
"1000000US500070025003032","Block 3032, Block Group 3, Census Tract 25, Chittenden County, Vermont","0","0","0"
"1000000US500070025003033","Block 3033, Block Group 3, Census Tract 25, Chittenden County, Vermont","0","0","0"
"1000000US500070025003034","Block 3034, Block Group 3, Census Tract 25, Chittenden County, Vermont","0","0","0"
"1000000US500070025003035","Block 3035, Block Group 3, Census Tract 25, Chittenden County, Vermont","0","0","0"
"1000000US500070025003036","Block 3036, Block Group 3, Census Tract 25, Chittenden County, Vermont","0","0","0"
"1000000US500070025003037","Block 3037, Block Group 3, Census Tract 25, Chittenden County, Vermont","0","0","0"
"1000000US500070025003038","Block 3038, Block Group 3, Census Tract 25, Chittenden County, Vermont","0","0","0"
"1000000US500070025003039","Block 3039, Block Group 3, Census Tract 25, Chittenden County, Vermont","0","0","0"
"1000000US500070025003040","Block 3040, Block Group 3, Census Tract 25, Chittenden County, Vermont","25","25","0"
"1000000US500070026011000","Block 1000, Block Group 1, Census Tract 26.01, Chittenden County, Vermont","0","0","0"
"1000000US500070026011001","Block 1001, Block Group 1, Census Tract 26.01, Chittenden County, Vermont","0","0","0"
"1000000US500070026011002","Block 1002, Block Group 1, Census Tract 26.01, Chittenden County, Vermont","29","29","0"
"1000000US500070026011003","Block 1003, Block Group 1, Census Tract 26.01, Chittenden County, Vermont","5","5","0"
"1000000US500070026011004","Block 1004, Block Group 1, Census Tract 26.01, Chittenden County, Vermont","0","0","0"
"1000000US500070026011005","Block 1005, Block Group 1, Census Tract 26.01, Chittenden County, Vermont","137","133","4"
"1000000US500070026011006","Block 1006, Block Group 1, Census Tract 26.01, Chittenden County, Vermont","0","0","0"
"1000000US500070026011007","Block 1007, Block Group 1, Census Tract 26.01, Chittenden County, Vermont","0","0","0"
"1000000US500070026011008","Block 1008, Block Group 1, Census Tract 26.01, Chittenden County, Vermont","27","20","7"
"1000000US500070026011009","Block 1009, Block Group 1, Census Tract 26.01, Chittenden County, Vermont","23","23","0"
"1000000US500070026011010","Block 1010, Block Group 1, Census Tract 26.01, Chittenden County, Vermont","20","20","0"
"1000000US500070026011011","Block 1011, Block Group 1, Census Tract 26.01, Chittenden County, Vermont","20","20","0"
"1000000US500070026011012","Block 1012, Block Group 1, Census Tract 26.01, Chittenden County, Vermont","41","41","0"
"1000000US500070026011013","Block 1013, Block Group 1, Census Tract 26.01, Chittenden County, Vermont","21","20","1"
"1000000US500070026011014","Block 1014, Block Group 1, Census Tract 26.01, Chittenden County, Vermont","15","14","1"
"1000000US500070026011015","Block 1015, Block Group 1, Census Tract 26.01, Chittenden County, Vermont","11","11","0"
"1000000US500070026011016","Block 1016, Block Group 1, Census Tract 26.01, Chittenden County, Vermont","20","20","0"
"1000000US500070026011017","Block 1017, Block Group 1, Census Tract 26.01, Chittenden County, Vermont","40","39","1"
"1000000US500070026011018","Block 1018, Block Group 1, Census Tract 26.01, Chittenden County, Vermont","2","2","0"
"1000000US500070026011019","Block 1019, Block Group 1, Census Tract 26.01, Chittenden County, Vermont","0","0","0"
"1000000US500070026011020","Block 1020, Block Group 1, Census Tract 26.01, Chittenden County, Vermont","5","5","0"
"1000000US500070026011021","Block 1021, Block Group 1, Census Tract 26.01, Chittenden County, Vermont","10","10","0"
"1000000US500070026011022","Block 1022, Block Group 1, Census Tract 26.01, Chittenden County, Vermont","0","0","0"
"1000000US500070026011023","Block 1023, Block Group 1, Census Tract 26.01, Chittenden County, Vermont","131","112","19"
"1000000US500070026012000","Block 2000, Block Group 2, Census Tract 26.01, Chittenden County, Vermont","2","2","0"
"1000000US500070026012001","Block 2001, Block Group 2, Census Tract 26.01, Chittenden County, Vermont","267","256","11"
"1000000US500070026012002","Block 2002, Block Group 2, Census Tract 26.01, Chittenden County, Vermont","0","0","0"
"1000000US500070026012003","Block 2003, Block Group 2, Census Tract 26.01, Chittenden County, Vermont","23","23","0"
"1000000US500070026012004","Block 2004, Block Group 2, Census Tract 26.01, Chittenden County, Vermont","1","1","0"
"1000000US500070026012005","Block 2005, Block Group 2, Census Tract 26.01, Chittenden County, Vermont","1","1","0"
"1000000US500070026012006","Block 2006, Block Group 2, Census Tract 26.01, Chittenden County, Vermont","16","14","2"
"1000000US500070026012007","Block 2007, Block Group 2, Census Tract 26.01, Chittenden County, Vermont","0","0","0"
"1000000US500070026012008","Block 2008, Block Group 2, Census Tract 26.01, Chittenden County, Vermont","0","0","0"
"1000000US500070026012009","Block 2009, Block Group 2, Census Tract 26.01, Chittenden County, Vermont","37","35","2"
"1000000US500070026012010","Block 2010, Block Group 2, Census Tract 26.01, Chittenden County, Vermont","31","30","1"
"1000000US500070026012011","Block 2011, Block Group 2, Census Tract 26.01, Chittenden County, Vermont","26","25","1"
"1000000US500070026012012","Block 2012, Block Group 2, Census Tract 26.01, Chittenden County, Vermont","2","2","0"
"1000000US500070026012013","Block 2013, Block Group 2, Census Tract 26.01, Chittenden County, Vermont","1","1","0"
"1000000US500070026012014","Block 2014, Block Group 2, Census Tract 26.01, Chittenden County, Vermont","17","17","0"
"1000000US500070026012015","Block 2015, Block Group 2, Census Tract 26.01, Chittenden County, Vermont","22","21","1"
"1000000US500070026012016","Block 2016, Block Group 2, Census Tract 26.01, Chittenden County, Vermont","18","18","0"
"1000000US500070026012017","Block 2017, Block Group 2, Census Tract 26.01, Chittenden County, Vermont","0","0","0"
"1000000US500070026013000","Block 3000, Block Group 3, Census Tract 26.01, Chittenden County, Vermont","0","0","0"
"1000000US500070026013001","Block 3001, Block Group 3, Census Tract 26.01, Chittenden County, Vermont","0","0","0"
"1000000US500070026013002","Block 3002, Block Group 3, Census Tract 26.01, Chittenden County, Vermont","245","238","7"
"1000000US500070026013003","Block 3003, Block Group 3, Census Tract 26.01, Chittenden County, Vermont","34","33","1"
"1000000US500070026013004","Block 3004, Block Group 3, Census Tract 26.01, Chittenden County, Vermont","11","11","0"
"1000000US500070026013005","Block 3005, Block Group 3, Census Tract 26.01, Chittenden County, Vermont","153","150","3"
"1000000US500070026013006","Block 3006, Block Group 3, Census Tract 26.01, Chittenden County, Vermont","26","26","0"
"1000000US500070026013007","Block 3007, Block Group 3, Census Tract 26.01, Chittenden County, Vermont","2","2","0"
"1000000US500070026013008","Block 3008, Block Group 3, Census Tract 26.01, Chittenden County, Vermont","0","0","0"
"1000000US500070026013009","Block 3009, Block Group 3, Census Tract 26.01, Chittenden County, Vermont","0","0","0"
"1000000US500070026013010","Block 3010, Block Group 3, Census Tract 26.01, Chittenden County, Vermont","56","56","0"
"1000000US500070026013011","Block 3011, Block Group 3, Census Tract 26.01, Chittenden County, Vermont","15","15","0"
"1000000US500070026013012","Block 3012, Block Group 3, Census Tract 26.01, Chittenden County, Vermont","0","0","0"
"1000000US500070026013013","Block 3013, Block Group 3, Census Tract 26.01, Chittenden County, Vermont","0","0","0"
"1000000US500070026013014","Block 3014, Block Group 3, Census Tract 26.01, Chittenden County, Vermont","0","0","0"
"1000000US500070026013015","Block 3015, Block Group 3, Census Tract 26.01, Chittenden County, Vermont","0","0","0"
"1000000US500070026013016","Block 3016, Block Group 3, Census Tract 26.01, Chittenden County, Vermont","48","46","2"
"1000000US500070026013017","Block 3017, Block Group 3, Census Tract 26.01, Chittenden County, Vermont","26","25","1"
"1000000US500070026013018","Block 3018, Block Group 3, Census Tract 26.01, Chittenden County, Vermont","13","13","0"
"1000000US500070026013019","Block 3019, Block Group 3, Census Tract 26.01, Chittenden County, Vermont","79","78","1"
"1000000US500070026013020","Block 3020, Block Group 3, Census Tract 26.01, Chittenden County, Vermont","17","17","0"
"1000000US500070026013021","Block 3021, Block Group 3, Census Tract 26.01, Chittenden County, Vermont","18","18","0"
"1000000US500070026013022","Block 3022, Block Group 3, Census Tract 26.01, Chittenden County, Vermont","28","27","1"
"1000000US500070026014000","Block 4000, Block Group 4, Census Tract 26.01, Chittenden County, Vermont","0","0","0"
"1000000US500070026014001","Block 4001, Block Group 4, Census Tract 26.01, Chittenden County, Vermont","35","31","4"
"1000000US500070026014002","Block 4002, Block Group 4, Census Tract 26.01, Chittenden County, Vermont","151","144","7"
"1000000US500070026014003","Block 4003, Block Group 4, Census Tract 26.01, Chittenden County, Vermont","19","18","1"
"1000000US500070026014004","Block 4004, Block Group 4, Census Tract 26.01, Chittenden County, Vermont","16","15","1"
"1000000US500070026014005","Block 4005, Block Group 4, Census Tract 26.01, Chittenden County, Vermont","17","17","0"
"1000000US500070026014006","Block 4006, Block Group 4, Census Tract 26.01, Chittenden County, Vermont","34","33","1"
"1000000US500070026014007","Block 4007, Block Group 4, Census Tract 26.01, Chittenden County, Vermont","8","8","0"
"1000000US500070026014008","Block 4008, Block Group 4, Census Tract 26.01, Chittenden County, Vermont","74","74","0"
"1000000US500070026014009","Block 4009, Block Group 4, Census Tract 26.01, Chittenden County, Vermont","24","23","1"
"1000000US500070026014010","Block 4010, Block Group 4, Census Tract 26.01, Chittenden County, Vermont","18","18","0"
"1000000US500070026014011","Block 4011, Block Group 4, Census Tract 26.01, Chittenden County, Vermont","0","0","0"
"1000000US500070026014012","Block 4012, Block Group 4, Census Tract 26.01, Chittenden County, Vermont","34","34","0"
"1000000US500070026014013","Block 4013, Block Group 4, Census Tract 26.01, Chittenden County, Vermont","10","10","0"
"1000000US500070026014014","Block 4014, Block Group 4, Census Tract 26.01, Chittenden County, Vermont","15","14","1"
"1000000US500070026014015","Block 4015, Block Group 4, Census Tract 26.01, Chittenden County, Vermont","53","52","1"
"1000000US500070026021000","Block 1000, Block Group 1, Census Tract 26.02, Chittenden County, Vermont","83","82","1"
"1000000US500070026021001","Block 1001, Block Group 1, Census Tract 26.02, Chittenden County, Vermont","4","3","1"
"1000000US500070026021002","Block 1002, Block Group 1, Census Tract 26.02, Chittenden County, Vermont","20","19","1"
"1000000US500070026021003","Block 1003, Block Group 1, Census Tract 26.02, Chittenden County, Vermont","49","46","3"
"1000000US500070026021004","Block 1004, Block Group 1, Census Tract 26.02, Chittenden County, Vermont","14","14","0"
"1000000US500070026021005","Block 1005, Block Group 1, Census Tract 26.02, Chittenden County, Vermont","22","20","2"
"1000000US500070026021006","Block 1006, Block Group 1, Census Tract 26.02, Chittenden County, Vermont","0","0","0"
"1000000US500070026021007","Block 1007, Block Group 1, Census Tract 26.02, Chittenden County, Vermont","28","21","7"
"1000000US500070026021008","Block 1008, Block Group 1, Census Tract 26.02, Chittenden County, Vermont","34","32","2"
"1000000US500070026021009","Block 1009, Block Group 1, Census Tract 26.02, Chittenden County, Vermont","78","74","4"
"1000000US500070026021010","Block 1010, Block Group 1, Census Tract 26.02, Chittenden County, Vermont","11","9","2"
"1000000US500070026021011","Block 1011, Block Group 1, Census Tract 26.02, Chittenden County, Vermont","15","14","1"
"1000000US500070026021012","Block 1012, Block Group 1, Census Tract 26.02, Chittenden County, Vermont","4","4","0"
"1000000US500070026021013","Block 1013, Block Group 1, Census Tract 26.02, Chittenden County, Vermont","25","25","0"
"1000000US500070026021014","Block 1014, Block Group 1, Census Tract 26.02, Chittenden County, Vermont","0","0","0"
"1000000US500070026021015","Block 1015, Block Group 1, Census Tract 26.02, Chittenden County, Vermont","0","0","0"
"1000000US500070026021016","Block 1016, Block Group 1, Census Tract 26.02, Chittenden County, Vermont","0","0","0"
"1000000US500070026021017","Block 1017, Block Group 1, Census Tract 26.02, Chittenden County, Vermont","0","0","0"
"1000000US500070026022000","Block 2000, Block Group 2, Census Tract 26.02, Chittenden County, Vermont","41","41","0"
"1000000US500070026022001","Block 2001, Block Group 2, Census Tract 26.02, Chittenden County, Vermont","92","91","1"
"1000000US500070026022002","Block 2002, Block Group 2, Census Tract 26.02, Chittenden County, Vermont","21","21","0"
"1000000US500070026022003","Block 2003, Block Group 2, Census Tract 26.02, Chittenden County, Vermont","10","10","0"
"1000000US500070026022004","Block 2004, Block Group 2, Census Tract 26.02, Chittenden County, Vermont","137","136","1"
"1000000US500070026022005","Block 2005, Block Group 2, Census Tract 26.02, Chittenden County, Vermont","25","25","0"
"1000000US500070026022006","Block 2006, Block Group 2, Census Tract 26.02, Chittenden County, Vermont","6","6","0"
"1000000US500070026022007","Block 2007, Block Group 2, Census Tract 26.02, Chittenden County, Vermont","2","2","0"
"1000000US500070026022008","Block 2008, Block Group 2, Census Tract 26.02, Chittenden County, Vermont","39","38","1"
"1000000US500070026022009","Block 2009, Block Group 2, Census Tract 26.02, Chittenden County, Vermont","113","109","4"
"1000000US500070026022010","Block 2010, Block Group 2, Census Tract 26.02, Chittenden County, Vermont","44","42","2"
"1000000US500070026022011","Block 2011, Block Group 2, Census Tract 26.02, Chittenden County, Vermont","0","0","0"
"1000000US500070026023000","Block 3000, Block Group 3, Census Tract 26.02, Chittenden County, Vermont","0","0","0"
"1000000US500070026023001","Block 3001, Block Group 3, Census Tract 26.02, Chittenden County, Vermont","133","128","5"
"1000000US500070026023002","Block 3002, Block Group 3, Census Tract 26.02, Chittenden County, Vermont","38","38","0"
"1000000US500070026023003","Block 3003, Block Group 3, Census Tract 26.02, Chittenden County, Vermont","10","9","1"
"1000000US500070026023004","Block 3004, Block Group 3, Census Tract 26.02, Chittenden County, Vermont","35","35","0"
"1000000US500070026023005","Block 3005, Block Group 3, Census Tract 26.02, Chittenden County, Vermont","2","2","0"
"1000000US500070026023006","Block 3006, Block Group 3, Census Tract 26.02, Chittenden County, Vermont","6","6","0"
"1000000US500070026023007","Block 3007, Block Group 3, Census Tract 26.02, Chittenden County, Vermont","37","37","0"
"1000000US500070026023008","Block 3008, Block Group 3, Census Tract 26.02, Chittenden County, Vermont","0","0","0"
"1000000US500070026023009","Block 3009, Block Group 3, Census Tract 26.02, Chittenden County, Vermont","40","40","0"
"1000000US500070026023010","Block 3010, Block Group 3, Census Tract 26.02, Chittenden County, Vermont","32","32","0"
"1000000US500070026023011","Block 3011, Block Group 3, Census Tract 26.02, Chittenden County, Vermont","0","0","0"
"1000000US500070026023012","Block 3012, Block Group 3, Census Tract 26.02, Chittenden County, Vermont","40","40","0"
"1000000US500070026023013","Block 3013, Block Group 3, Census Tract 26.02, Chittenden County, Vermont","0","0","0"
"1000000US500070026023014","Block 3014, Block Group 3, Census Tract 26.02, Chittenden County, Vermont","14","14","0"
"1000000US500070026023015","Block 3015, Block Group 3, Census Tract 26.02, Chittenden County, Vermont","10","10","0"
"1000000US500070026023016","Block 3016, Block Group 3, Census Tract 26.02, Chittenden County, Vermont","13","13","0"
"1000000US500070026023017","Block 3017, Block Group 3, Census Tract 26.02, Chittenden County, Vermont","97","93","4"
"1000000US500070026023018","Block 3018, Block Group 3, Census Tract 26.02, Chittenden County, Vermont","0","0","0"
"1000000US500070026023019","Block 3019, Block Group 3, Census Tract 26.02, Chittenden County, Vermont","30","29","1"
"1000000US500070026023020","Block 3020, Block Group 3, Census Tract 26.02, Chittenden County, Vermont","0","0","0"
"1000000US500070026023021","Block 3021, Block Group 3, Census Tract 26.02, Chittenden County, Vermont","18","18","0"
"1000000US500070026023022","Block 3022, Block Group 3, Census Tract 26.02, Chittenden County, Vermont","0","0","0"
"1000000US500070026023023","Block 3023, Block Group 3, Census Tract 26.02, Chittenden County, Vermont","148","142","6"
"1000000US500070026023024","Block 3024, Block Group 3, Census Tract 26.02, Chittenden County, Vermont","4","4","0"
"1000000US500070026023025","Block 3025, Block Group 3, Census Tract 26.02, Chittenden County, Vermont","0","0","0"
"1000000US500070026023026","Block 3026, Block Group 3, Census Tract 26.02, Chittenden County, Vermont","3","3","0"
"1000000US500070026023027","Block 3027, Block Group 3, Census Tract 26.02, Chittenden County, Vermont","3","3","0"
"1000000US500070026023028","Block 3028, Block Group 3, Census Tract 26.02, Chittenden County, Vermont","63","63","0"
"1000000US500070026023029","Block 3029, Block Group 3, Census Tract 26.02, Chittenden County, Vermont","8","8","0"
"1000000US500070026023030","Block 3030, Block Group 3, Census Tract 26.02, Chittenden County, Vermont","0","0","0"
"1000000US500070026023031","Block 3031, Block Group 3, Census Tract 26.02, Chittenden County, Vermont","10","10","0"
"1000000US500070026023032","Block 3032, Block Group 3, Census Tract 26.02, Chittenden County, Vermont","0","0","0"
"1000000US500070026023033","Block 3033, Block Group 3, Census Tract 26.02, Chittenden County, Vermont","0","0","0"
"1000000US500070026023034","Block 3034, Block Group 3, Census Tract 26.02, Chittenden County, Vermont","0","0","0"
"1000000US500070027011000","Block 1000, Block Group 1, Census Tract 27.01, Chittenden County, Vermont","26","25","1"
"1000000US500070027011001","Block 1001, Block Group 1, Census Tract 27.01, Chittenden County, Vermont","0","0","0"
"1000000US500070027011002","Block 1002, Block Group 1, Census Tract 27.01, Chittenden County, Vermont","4","4","0"
"1000000US500070027011003","Block 1003, Block Group 1, Census Tract 27.01, Chittenden County, Vermont","0","0","0"
"1000000US500070027011004","Block 1004, Block Group 1, Census Tract 27.01, Chittenden County, Vermont","62","59","3"
"1000000US500070027011005","Block 1005, Block Group 1, Census Tract 27.01, Chittenden County, Vermont","0","0","0"
"1000000US500070027011006","Block 1006, Block Group 1, Census Tract 27.01, Chittenden County, Vermont","120","119","1"
"1000000US500070027011007","Block 1007, Block Group 1, Census Tract 27.01, Chittenden County, Vermont","0","0","0"
"1000000US500070027011008","Block 1008, Block Group 1, Census Tract 27.01, Chittenden County, Vermont","0","0","0"
"1000000US500070027011009","Block 1009, Block Group 1, Census Tract 27.01, Chittenden County, Vermont","0","0","0"
"1000000US500070027011010","Block 1010, Block Group 1, Census Tract 27.01, Chittenden County, Vermont","10","9","1"
"1000000US500070027011011","Block 1011, Block Group 1, Census Tract 27.01, Chittenden County, Vermont","11","11","0"
"1000000US500070027011012","Block 1012, Block Group 1, Census Tract 27.01, Chittenden County, Vermont","26","26","0"
"1000000US500070027011013","Block 1013, Block Group 1, Census Tract 27.01, Chittenden County, Vermont","15","15","0"
"1000000US500070027011014","Block 1014, Block Group 1, Census Tract 27.01, Chittenden County, Vermont","27","27","0"
"1000000US500070027011015","Block 1015, Block Group 1, Census Tract 27.01, Chittenden County, Vermont","20","20","0"
"1000000US500070027011016","Block 1016, Block Group 1, Census Tract 27.01, Chittenden County, Vermont","2","2","0"
"1000000US500070027011017","Block 1017, Block Group 1, Census Tract 27.01, Chittenden County, Vermont","0","0","0"
"1000000US500070027011018","Block 1018, Block Group 1, Census Tract 27.01, Chittenden County, Vermont","21","20","1"
"1000000US500070027011019","Block 1019, Block Group 1, Census Tract 27.01, Chittenden County, Vermont","0","0","0"
"1000000US500070027011020","Block 1020, Block Group 1, Census Tract 27.01, Chittenden County, Vermont","9","6","3"
"1000000US500070027011021","Block 1021, Block Group 1, Census Tract 27.01, Chittenden County, Vermont","23","23","0"
"1000000US500070027011022","Block 1022, Block Group 1, Census Tract 27.01, Chittenden County, Vermont","0","0","0"
"1000000US500070027011023","Block 1023, Block Group 1, Census Tract 27.01, Chittenden County, Vermont","9","7","2"
"1000000US500070027011024","Block 1024, Block Group 1, Census Tract 27.01, Chittenden County, Vermont","0","0","0"
"1000000US500070027011025","Block 1025, Block Group 1, Census Tract 27.01, Chittenden County, Vermont","2","2","0"
"1000000US500070027011026","Block 1026, Block Group 1, Census Tract 27.01, Chittenden County, Vermont","1","1","0"
"1000000US500070027011027","Block 1027, Block Group 1, Census Tract 27.01, Chittenden County, Vermont","1","1","0"
"1000000US500070027011028","Block 1028, Block Group 1, Census Tract 27.01, Chittenden County, Vermont","0","0","0"
"1000000US500070027011029","Block 1029, Block Group 1, Census Tract 27.01, Chittenden County, Vermont","2","2","0"
"1000000US500070027011030","Block 1030, Block Group 1, Census Tract 27.01, Chittenden County, Vermont","0","0","0"
"1000000US500070027011031","Block 1031, Block Group 1, Census Tract 27.01, Chittenden County, Vermont","0","0","0"
"1000000US500070027011032","Block 1032, Block Group 1, Census Tract 27.01, Chittenden County, Vermont","0","0","0"
"1000000US500070027011033","Block 1033, Block Group 1, Census Tract 27.01, Chittenden County, Vermont","0","0","0"
"1000000US500070027011034","Block 1034, Block Group 1, Census Tract 27.01, Chittenden County, Vermont","0","0","0"
"1000000US500070027012000","Block 2000, Block Group 2, Census Tract 27.01, Chittenden County, Vermont","28","24","4"
"1000000US500070027012001","Block 2001, Block Group 2, Census Tract 27.01, Chittenden County, Vermont","3","3","0"
"1000000US500070027012002","Block 2002, Block Group 2, Census Tract 27.01, Chittenden County, Vermont","0","0","0"
"1000000US500070027012003","Block 2003, Block Group 2, Census Tract 27.01, Chittenden County, Vermont","4","4","0"
"1000000US500070027012004","Block 2004, Block Group 2, Census Tract 27.01, Chittenden County, Vermont","66","64","2"
"1000000US500070027012005","Block 2005, Block Group 2, Census Tract 27.01, Chittenden County, Vermont","0","0","0"
"1000000US500070027012006","Block 2006, Block Group 2, Census Tract 27.01, Chittenden County, Vermont","159","150","9"
"1000000US500070027012007","Block 2007, Block Group 2, Census Tract 27.01, Chittenden County, Vermont","12","12","0"
"1000000US500070027012008","Block 2008, Block Group 2, Census Tract 27.01, Chittenden County, Vermont","20","20","0"
"1000000US500070027012009","Block 2009, Block Group 2, Census Tract 27.01, Chittenden County, Vermont","19","19","0"
"1000000US500070027012010","Block 2010, Block Group 2, Census Tract 27.01, Chittenden County, Vermont","8","8","0"
"1000000US500070027012011","Block 2011, Block Group 2, Census Tract 27.01, Chittenden County, Vermont","18","18","0"
"1000000US500070027012012","Block 2012, Block Group 2, Census Tract 27.01, Chittenden County, Vermont","52","51","1"
"1000000US500070027012013","Block 2013, Block Group 2, Census Tract 27.01, Chittenden County, Vermont","61","58","3"
"1000000US500070027012014","Block 2014, Block Group 2, Census Tract 27.01, Chittenden County, Vermont","0","0","0"
"1000000US500070027012015","Block 2015, Block Group 2, Census Tract 27.01, Chittenden County, Vermont","1","1","0"
"1000000US500070027012016","Block 2016, Block Group 2, Census Tract 27.01, Chittenden County, Vermont","0","0","0"
"1000000US500070027012017","Block 2017, Block Group 2, Census Tract 27.01, Chittenden County, Vermont","16","16","0"
"1000000US500070027012018","Block 2018, Block Group 2, Census Tract 27.01, Chittenden County, Vermont","4","4","0"
"1000000US500070027012019","Block 2019, Block Group 2, Census Tract 27.01, Chittenden County, Vermont","14","14","0"
"1000000US500070027012020","Block 2020, Block Group 2, Census Tract 27.01, Chittenden County, Vermont","17","16","1"
"1000000US500070027012021","Block 2021, Block Group 2, Census Tract 27.01, Chittenden County, Vermont","86","83","3"
"1000000US500070027012022","Block 2022, Block Group 2, Census Tract 27.01, Chittenden County, Vermont","12","11","1"
"1000000US500070027012023","Block 2023, Block Group 2, Census Tract 27.01, Chittenden County, Vermont","0","0","0"
"1000000US500070027012024","Block 2024, Block Group 2, Census Tract 27.01, Chittenden County, Vermont","0","0","0"
"1000000US500070027012025","Block 2025, Block Group 2, Census Tract 27.01, Chittenden County, Vermont","0","0","0"
"1000000US500070027012026","Block 2026, Block Group 2, Census Tract 27.01, Chittenden County, Vermont","0","0","0"
"1000000US500070027012027","Block 2027, Block Group 2, Census Tract 27.01, Chittenden County, Vermont","0","0","0"
"1000000US500070027012028","Block 2028, Block Group 2, Census Tract 27.01, Chittenden County, Vermont","0","0","0"
"1000000US500070027012029","Block 2029, Block Group 2, Census Tract 27.01, Chittenden County, Vermont","18","18","0"
"1000000US500070027012030","Block 2030, Block Group 2, Census Tract 27.01, Chittenden County, Vermont","0","0","0"
"1000000US500070027012031","Block 2031, Block Group 2, Census Tract 27.01, Chittenden County, Vermont","48","48","0"
"1000000US500070027012032","Block 2032, Block Group 2, Census Tract 27.01, Chittenden County, Vermont","0","0","0"
"1000000US500070027012033","Block 2033, Block Group 2, Census Tract 27.01, Chittenden County, Vermont","0","0","0"
"1000000US500070027012034","Block 2034, Block Group 2, Census Tract 27.01, Chittenden County, Vermont","0","0","0"
"1000000US500070027012035","Block 2035, Block Group 2, Census Tract 27.01, Chittenden County, Vermont","0","0","0"
"1000000US500070027012036","Block 2036, Block Group 2, Census Tract 27.01, Chittenden County, Vermont","0","0","0"
"1000000US500070027012037","Block 2037, Block Group 2, Census Tract 27.01, Chittenden County, Vermont","13","12","1"
"1000000US500070027012038","Block 2038, Block Group 2, Census Tract 27.01, Chittenden County, Vermont","8","8","0"
"1000000US500070027012039","Block 2039, Block Group 2, Census Tract 27.01, Chittenden County, Vermont","0","0","0"
"1000000US500070027012040","Block 2040, Block Group 2, Census Tract 27.01, Chittenden County, Vermont","0","0","0"
"1000000US500070027012041","Block 2041, Block Group 2, Census Tract 27.01, Chittenden County, Vermont","0","0","0"
"1000000US500070027012042","Block 2042, Block Group 2, Census Tract 27.01, Chittenden County, Vermont","0","0","0"
"1000000US500070027012043","Block 2043, Block Group 2, Census Tract 27.01, Chittenden County, Vermont","0","0","0"
"1000000US500070027013000","Block 3000, Block Group 3, Census Tract 27.01, Chittenden County, Vermont","165","161","4"
"1000000US500070027013001","Block 3001, Block Group 3, Census Tract 27.01, Chittenden County, Vermont","13","13","0"
"1000000US500070027013002","Block 3002, Block Group 3, Census Tract 27.01, Chittenden County, Vermont","0","0","0"
"1000000US500070027013003","Block 3003, Block Group 3, Census Tract 27.01, Chittenden County, Vermont","14","14","0"
"1000000US500070027013004","Block 3004, Block Group 3, Census Tract 27.01, Chittenden County, Vermont","13","12","1"
"1000000US500070027013005","Block 3005, Block Group 3, Census Tract 27.01, Chittenden County, Vermont","8","6","2"
"1000000US500070027013006","Block 3006, Block Group 3, Census Tract 27.01, Chittenden County, Vermont","0","0","0"
"1000000US500070027013007","Block 3007, Block Group 3, Census Tract 27.01, Chittenden County, Vermont","19","18","1"
"1000000US500070027013008","Block 3008, Block Group 3, Census Tract 27.01, Chittenden County, Vermont","42","42","0"
"1000000US500070027013009","Block 3009, Block Group 3, Census Tract 27.01, Chittenden County, Vermont","186","182","4"
"1000000US500070027013010","Block 3010, Block Group 3, Census Tract 27.01, Chittenden County, Vermont","12","11","1"
"1000000US500070027013011","Block 3011, Block Group 3, Census Tract 27.01, Chittenden County, Vermont","0","0","0"
"1000000US500070027013012","Block 3012, Block Group 3, Census Tract 27.01, Chittenden County, Vermont","0","0","0"
"1000000US500070027013013","Block 3013, Block Group 3, Census Tract 27.01, Chittenden County, Vermont","0","0","0"
"1000000US500070027013014","Block 3014, Block Group 3, Census Tract 27.01, Chittenden County, Vermont","0","0","0"
"1000000US500070027013015","Block 3015, Block Group 3, Census Tract 27.01, Chittenden County, Vermont","179","173","6"
"1000000US500070027013016","Block 3016, Block Group 3, Census Tract 27.01, Chittenden County, Vermont","20","19","1"
"1000000US500070027013017","Block 3017, Block Group 3, Census Tract 27.01, Chittenden County, Vermont","0","0","0"
"1000000US500070027013018","Block 3018, Block Group 3, Census Tract 27.01, Chittenden County, Vermont","43","42","1"
"1000000US500070027013019","Block 3019, Block Group 3, Census Tract 27.01, Chittenden County, Vermont","26","26","0"
"1000000US500070027013020","Block 3020, Block Group 3, Census Tract 27.01, Chittenden County, Vermont","10","10","0"
"1000000US500070027013021","Block 3021, Block Group 3, Census Tract 27.01, Chittenden County, Vermont","28","28","0"
"1000000US500070027013022","Block 3022, Block Group 3, Census Tract 27.01, Chittenden County, Vermont","0","0","0"
"1000000US500070027013023","Block 3023, Block Group 3, Census Tract 27.01, Chittenden County, Vermont","13","13","0"
"1000000US500070027013024","Block 3024, Block Group 3, Census Tract 27.01, Chittenden County, Vermont","12","12","0"
"1000000US500070027013025","Block 3025, Block Group 3, Census Tract 27.01, Chittenden County, Vermont","1","1","0"
"1000000US500070027013026","Block 3026, Block Group 3, Census Tract 27.01, Chittenden County, Vermont","20","20","0"
"1000000US500070027013027","Block 3027, Block Group 3, Census Tract 27.01, Chittenden County, Vermont","0","0","0"
"1000000US500070027013028","Block 3028, Block Group 3, Census Tract 27.01, Chittenden County, Vermont","61","56","5"
"1000000US500070027013029","Block 3029, Block Group 3, Census Tract 27.01, Chittenden County, Vermont","14","13","1"
"1000000US500070027013030","Block 3030, Block Group 3, Census Tract 27.01, Chittenden County, Vermont","48","46","2"
"1000000US500070027013031","Block 3031, Block Group 3, Census Tract 27.01, Chittenden County, Vermont","18","18","0"
"1000000US500070027013032","Block 3032, Block Group 3, Census Tract 27.01, Chittenden County, Vermont","10","10","0"
"1000000US500070027013033","Block 3033, Block Group 3, Census Tract 27.01, Chittenden County, Vermont","8","8","0"
"1000000US500070027013034","Block 3034, Block Group 3, Census Tract 27.01, Chittenden County, Vermont","13","13","0"
"1000000US500070027013035","Block 3035, Block Group 3, Census Tract 27.01, Chittenden County, Vermont","33","33","0"
"1000000US500070027013036","Block 3036, Block Group 3, Census Tract 27.01, Chittenden County, Vermont","0","0","0"
"1000000US500070027013037","Block 3037, Block Group 3, Census Tract 27.01, Chittenden County, Vermont","10","10","0"
"1000000US500070027013038","Block 3038, Block Group 3, Census Tract 27.01, Chittenden County, Vermont","0","0","0"
"1000000US500070027013039","Block 3039, Block Group 3, Census Tract 27.01, Chittenden County, Vermont","0","0","0"
"1000000US500070027013040","Block 3040, Block Group 3, Census Tract 27.01, Chittenden County, Vermont","98","92","6"
"1000000US500070027013041","Block 3041, Block Group 3, Census Tract 27.01, Chittenden County, Vermont","0","0","0"
"1000000US500070027013042","Block 3042, Block Group 3, Census Tract 27.01, Chittenden County, Vermont","0","0","0"
"1000000US500070027013043","Block 3043, Block Group 3, Census Tract 27.01, Chittenden County, Vermont","0","0","0"
"1000000US500070027013044","Block 3044, Block Group 3, Census Tract 27.01, Chittenden County, Vermont","0","0","0"
"1000000US500070027013045","Block 3045, Block Group 3, Census Tract 27.01, Chittenden County, Vermont","0","0","0"
"1000000US500070027013046","Block 3046, Block Group 3, Census Tract 27.01, Chittenden County, Vermont","0","0","0"
"1000000US500070027013047","Block 3047, Block Group 3, Census Tract 27.01, Chittenden County, Vermont","0","0","0"
"1000000US500070027013048","Block 3048, Block Group 3, Census Tract 27.01, Chittenden County, Vermont","4","4","0"
"1000000US500070027013049","Block 3049, Block Group 3, Census Tract 27.01, Chittenden County, Vermont","0","0","0"
"1000000US500070027013050","Block 3050, Block Group 3, Census Tract 27.01, Chittenden County, Vermont","8","8","0"
"1000000US500070027013051","Block 3051, Block Group 3, Census Tract 27.01, Chittenden County, Vermont","0","0","0"
"1000000US500070027013052","Block 3052, Block Group 3, Census Tract 27.01, Chittenden County, Vermont","0","0","0"
"1000000US500070027013053","Block 3053, Block Group 3, Census Tract 27.01, Chittenden County, Vermont","0","0","0"
"1000000US500070027013054","Block 3054, Block Group 3, Census Tract 27.01, Chittenden County, Vermont","0","0","0"
"1000000US500070027013055","Block 3055, Block Group 3, Census Tract 27.01, Chittenden County, Vermont","0","0","0"
"1000000US500070027013056","Block 3056, Block Group 3, Census Tract 27.01, Chittenden County, Vermont","0","0","0"
"1000000US500070027013057","Block 3057, Block Group 3, Census Tract 27.01, Chittenden County, Vermont","6","6","0"
"1000000US500070027013058","Block 3058, Block Group 3, Census Tract 27.01, Chittenden County, Vermont","0","0","0"
"1000000US500070027013059","Block 3059, Block Group 3, Census Tract 27.01, Chittenden County, Vermont","8","7","1"
"1000000US500070027021000","Block 1000, Block Group 1, Census Tract 27.02, Chittenden County, Vermont","0","0","0"
"1000000US500070027021001","Block 1001, Block Group 1, Census Tract 27.02, Chittenden County, Vermont","118","115","3"
"1000000US500070027021002","Block 1002, Block Group 1, Census Tract 27.02, Chittenden County, Vermont","0","0","0"
"1000000US500070027021003","Block 1003, Block Group 1, Census Tract 27.02, Chittenden County, Vermont","1","1","0"
"1000000US500070027021004","Block 1004, Block Group 1, Census Tract 27.02, Chittenden County, Vermont","0","0","0"
"1000000US500070027021005","Block 1005, Block Group 1, Census Tract 27.02, Chittenden County, Vermont","7","7","0"
"1000000US500070027021006","Block 1006, Block Group 1, Census Tract 27.02, Chittenden County, Vermont","56","54","2"
"1000000US500070027021007","Block 1007, Block Group 1, Census Tract 27.02, Chittenden County, Vermont","0","0","0"
"1000000US500070027021008","Block 1008, Block Group 1, Census Tract 27.02, Chittenden County, Vermont","2","2","0"
"1000000US500070027021009","Block 1009, Block Group 1, Census Tract 27.02, Chittenden County, Vermont","0","0","0"
"1000000US500070027021010","Block 1010, Block Group 1, Census Tract 27.02, Chittenden County, Vermont","0","0","0"
"1000000US500070027021011","Block 1011, Block Group 1, Census Tract 27.02, Chittenden County, Vermont","8","7","1"
"1000000US500070027021012","Block 1012, Block Group 1, Census Tract 27.02, Chittenden County, Vermont","3","3","0"
"1000000US500070027021013","Block 1013, Block Group 1, Census Tract 27.02, Chittenden County, Vermont","4","4","0"
"1000000US500070027021014","Block 1014, Block Group 1, Census Tract 27.02, Chittenden County, Vermont","207","202","5"
"1000000US500070027021015","Block 1015, Block Group 1, Census Tract 27.02, Chittenden County, Vermont","9","8","1"
"1000000US500070027021016","Block 1016, Block Group 1, Census Tract 27.02, Chittenden County, Vermont","16","16","0"
"1000000US500070027021017","Block 1017, Block Group 1, Census Tract 27.02, Chittenden County, Vermont","17","17","0"
"1000000US500070027021018","Block 1018, Block Group 1, Census Tract 27.02, Chittenden County, Vermont","18","18","0"
"1000000US500070027021019","Block 1019, Block Group 1, Census Tract 27.02, Chittenden County, Vermont","12","11","1"
"1000000US500070027021020","Block 1020, Block Group 1, Census Tract 27.02, Chittenden County, Vermont","9","9","0"
"1000000US500070027021021","Block 1021, Block Group 1, Census Tract 27.02, Chittenden County, Vermont","10","10","0"
"1000000US500070027021022","Block 1022, Block Group 1, Census Tract 27.02, Chittenden County, Vermont","31","31","0"
"1000000US500070027021023","Block 1023, Block Group 1, Census Tract 27.02, Chittenden County, Vermont","0","0","0"
"1000000US500070027021024","Block 1024, Block Group 1, Census Tract 27.02, Chittenden County, Vermont","0","0","0"
"1000000US500070027021025","Block 1025, Block Group 1, Census Tract 27.02, Chittenden County, Vermont","23","23","0"
"1000000US500070027021026","Block 1026, Block Group 1, Census Tract 27.02, Chittenden County, Vermont","19","19","0"
"1000000US500070027021027","Block 1027, Block Group 1, Census Tract 27.02, Chittenden County, Vermont","114","111","3"
"1000000US500070027021028","Block 1028, Block Group 1, Census Tract 27.02, Chittenden County, Vermont","6","6","0"
"1000000US500070027021029","Block 1029, Block Group 1, Census Tract 27.02, Chittenden County, Vermont","0","0","0"
"1000000US500070027021030","Block 1030, Block Group 1, Census Tract 27.02, Chittenden County, Vermont","71","67","4"
"1000000US500070027021031","Block 1031, Block Group 1, Census Tract 27.02, Chittenden County, Vermont","0","0","0"
"1000000US500070027021032","Block 1032, Block Group 1, Census Tract 27.02, Chittenden County, Vermont","4","4","0"
"1000000US500070027021033","Block 1033, Block Group 1, Census Tract 27.02, Chittenden County, Vermont","27","24","3"
"1000000US500070027021034","Block 1034, Block Group 1, Census Tract 27.02, Chittenden County, Vermont","10","9","1"
"1000000US500070027021035","Block 1035, Block Group 1, Census Tract 27.02, Chittenden County, Vermont","1","1","0"
"1000000US500070027021036","Block 1036, Block Group 1, Census Tract 27.02, Chittenden County, Vermont","35","34","1"
"1000000US500070027021037","Block 1037, Block Group 1, Census Tract 27.02, Chittenden County, Vermont","5","5","0"
"1000000US500070027021038","Block 1038, Block Group 1, Census Tract 27.02, Chittenden County, Vermont","68","64","4"
"1000000US500070027021039","Block 1039, Block Group 1, Census Tract 27.02, Chittenden County, Vermont","0","0","0"
"1000000US500070027021040","Block 1040, Block Group 1, Census Tract 27.02, Chittenden County, Vermont","15","15","0"
"1000000US500070027021041","Block 1041, Block Group 1, Census Tract 27.02, Chittenden County, Vermont","67","66","1"
"1000000US500070027021042","Block 1042, Block Group 1, Census Tract 27.02, Chittenden County, Vermont","0","0","0"
"1000000US500070027021043","Block 1043, Block Group 1, Census Tract 27.02, Chittenden County, Vermont","3","3","0"
"1000000US500070027021044","Block 1044, Block Group 1, Census Tract 27.02, Chittenden County, Vermont","3","2","1"
"1000000US500070027022000","Block 2000, Block Group 2, Census Tract 27.02, Chittenden County, Vermont","34","33","1"
"1000000US500070027022001","Block 2001, Block Group 2, Census Tract 27.02, Chittenden County, Vermont","14","14","0"
"1000000US500070027022002","Block 2002, Block Group 2, Census Tract 27.02, Chittenden County, Vermont","436","427","9"
"1000000US500070027022003","Block 2003, Block Group 2, Census Tract 27.02, Chittenden County, Vermont","23","21","2"
"1000000US500070027022004","Block 2004, Block Group 2, Census Tract 27.02, Chittenden County, Vermont","0","0","0"
"1000000US500070027022005","Block 2005, Block Group 2, Census Tract 27.02, Chittenden County, Vermont","28","28","0"
"1000000US500070027022006","Block 2006, Block Group 2, Census Tract 27.02, Chittenden County, Vermont","47","47","0"
"1000000US500070027022007","Block 2007, Block Group 2, Census Tract 27.02, Chittenden County, Vermont","0","0","0"
"1000000US500070027022008","Block 2008, Block Group 2, Census Tract 27.02, Chittenden County, Vermont","70","69","1"
"1000000US500070027022009","Block 2009, Block Group 2, Census Tract 27.02, Chittenden County, Vermont","3","3","0"
"1000000US500070027022010","Block 2010, Block Group 2, Census Tract 27.02, Chittenden County, Vermont","0","0","0"
"1000000US500070027022011","Block 2011, Block Group 2, Census Tract 27.02, Chittenden County, Vermont","6","6","0"
"1000000US500070027022012","Block 2012, Block Group 2, Census Tract 27.02, Chittenden County, Vermont","83","80","3"
"1000000US500070027022013","Block 2013, Block Group 2, Census Tract 27.02, Chittenden County, Vermont","5","5","0"
"1000000US500070027022014","Block 2014, Block Group 2, Census Tract 27.02, Chittenden County, Vermont","37","32","5"
"1000000US500070027022015","Block 2015, Block Group 2, Census Tract 27.02, Chittenden County, Vermont","64","64","0"
"1000000US500070027022016","Block 2016, Block Group 2, Census Tract 27.02, Chittenden County, Vermont","27","27","0"
"1000000US500070027022017","Block 2017, Block Group 2, Census Tract 27.02, Chittenden County, Vermont","0","0","0"
"1000000US500070027022018","Block 2018, Block Group 2, Census Tract 27.02, Chittenden County, Vermont","0","0","0"
"1000000US500070027022019","Block 2019, Block Group 2, Census Tract 27.02, Chittenden County, Vermont","0","0","0"
"1000000US500070027022020","Block 2020, Block Group 2, Census Tract 27.02, Chittenden County, Vermont","0","0","0"
"1000000US500070027022021","Block 2021, Block Group 2, Census Tract 27.02, Chittenden County, Vermont","0","0","0"
"1000000US500070027022022","Block 2022, Block Group 2, Census Tract 27.02, Chittenden County, Vermont","0","0","0"
"1000000US500070027022023","Block 2023, Block Group 2, Census Tract 27.02, Chittenden County, Vermont","18","18","0"
"1000000US500070028001000","Block 1000, Block Group 1, Census Tract 28, Chittenden County, Vermont","0","0","0"
"1000000US500070028001001","Block 1001, Block Group 1, Census Tract 28, Chittenden County, Vermont","42","41","1"
"1000000US500070028001002","Block 1002, Block Group 1, Census Tract 28, Chittenden County, Vermont","14","12","2"
"1000000US500070028001003","Block 1003, Block Group 1, Census Tract 28, Chittenden County, Vermont","136","133","3"
"1000000US500070028001004","Block 1004, Block Group 1, Census Tract 28, Chittenden County, Vermont","10","10","0"
"1000000US500070028001005","Block 1005, Block Group 1, Census Tract 28, Chittenden County, Vermont","7","7","0"
"1000000US500070028001006","Block 1006, Block Group 1, Census Tract 28, Chittenden County, Vermont","10","10","0"
"1000000US500070028001007","Block 1007, Block Group 1, Census Tract 28, Chittenden County, Vermont","176","170","6"
"1000000US500070028001008","Block 1008, Block Group 1, Census Tract 28, Chittenden County, Vermont","7","6","1"
"1000000US500070028001009","Block 1009, Block Group 1, Census Tract 28, Chittenden County, Vermont","13","13","0"
"1000000US500070028001010","Block 1010, Block Group 1, Census Tract 28, Chittenden County, Vermont","13","13","0"
"1000000US500070028001011","Block 1011, Block Group 1, Census Tract 28, Chittenden County, Vermont","8","7","1"
"1000000US500070028001012","Block 1012, Block Group 1, Census Tract 28, Chittenden County, Vermont","23","22","1"
"1000000US500070028001013","Block 1013, Block Group 1, Census Tract 28, Chittenden County, Vermont","7","7","0"
"1000000US500070028001014","Block 1014, Block Group 1, Census Tract 28, Chittenden County, Vermont","0","0","0"
"1000000US500070028001015","Block 1015, Block Group 1, Census Tract 28, Chittenden County, Vermont","29","29","0"
"1000000US500070028001016","Block 1016, Block Group 1, Census Tract 28, Chittenden County, Vermont","10","9","1"
"1000000US500070028001017","Block 1017, Block Group 1, Census Tract 28, Chittenden County, Vermont","0","0","0"
"1000000US500070028001018","Block 1018, Block Group 1, Census Tract 28, Chittenden County, Vermont","19","18","1"
"1000000US500070028001019","Block 1019, Block Group 1, Census Tract 28, Chittenden County, Vermont","2","2","0"
"1000000US500070028001020","Block 1020, Block Group 1, Census Tract 28, Chittenden County, Vermont","5","4","1"
"1000000US500070028001021","Block 1021, Block Group 1, Census Tract 28, Chittenden County, Vermont","0","0","0"
"1000000US500070028001022","Block 1022, Block Group 1, Census Tract 28, Chittenden County, Vermont","1","1","0"
"1000000US500070028002000","Block 2000, Block Group 2, Census Tract 28, Chittenden County, Vermont","13","13","0"
"1000000US500070028002001","Block 2001, Block Group 2, Census Tract 28, Chittenden County, Vermont","5","5","0"
"1000000US500070028002002","Block 2002, Block Group 2, Census Tract 28, Chittenden County, Vermont","27","25","2"
"1000000US500070028002003","Block 2003, Block Group 2, Census Tract 28, Chittenden County, Vermont","3","3","0"
"1000000US500070028002004","Block 2004, Block Group 2, Census Tract 28, Chittenden County, Vermont","1","1","0"
"1000000US500070028002005","Block 2005, Block Group 2, Census Tract 28, Chittenden County, Vermont","25","24","1"
"1000000US500070028002006","Block 2006, Block Group 2, Census Tract 28, Chittenden County, Vermont","9","9","0"
"1000000US500070028002007","Block 2007, Block Group 2, Census Tract 28, Chittenden County, Vermont","0","0","0"
"1000000US500070028002008","Block 2008, Block Group 2, Census Tract 28, Chittenden County, Vermont","11","9","2"
"1000000US500070028002009","Block 2009, Block Group 2, Census Tract 28, Chittenden County, Vermont","0","0","0"
"1000000US500070028002010","Block 2010, Block Group 2, Census Tract 28, Chittenden County, Vermont","1","1","0"
"1000000US500070028002011","Block 2011, Block Group 2, Census Tract 28, Chittenden County, Vermont","89","89","0"
"1000000US500070028002012","Block 2012, Block Group 2, Census Tract 28, Chittenden County, Vermont","1","1","0"
"1000000US500070028002013","Block 2013, Block Group 2, Census Tract 28, Chittenden County, Vermont","6","6","0"
"1000000US500070028002014","Block 2014, Block Group 2, Census Tract 28, Chittenden County, Vermont","6","6","0"
"1000000US500070028002015","Block 2015, Block Group 2, Census Tract 28, Chittenden County, Vermont","13","13","0"
"1000000US500070028002016","Block 2016, Block Group 2, Census Tract 28, Chittenden County, Vermont","16","16","0"
"1000000US500070028002017","Block 2017, Block Group 2, Census Tract 28, Chittenden County, Vermont","0","0","0"
"1000000US500070028002018","Block 2018, Block Group 2, Census Tract 28, Chittenden County, Vermont","9","8","1"
"1000000US500070028002019","Block 2019, Block Group 2, Census Tract 28, Chittenden County, Vermont","2","2","0"
"1000000US500070028002020","Block 2020, Block Group 2, Census Tract 28, Chittenden County, Vermont","14","14","0"
"1000000US500070028002021","Block 2021, Block Group 2, Census Tract 28, Chittenden County, Vermont","43","43","0"
"1000000US500070028002022","Block 2022, Block Group 2, Census Tract 28, Chittenden County, Vermont","10","10","0"
"1000000US500070028002023","Block 2023, Block Group 2, Census Tract 28, Chittenden County, Vermont","14","12","2"
"1000000US500070028002024","Block 2024, Block Group 2, Census Tract 28, Chittenden County, Vermont","0","0","0"
"1000000US500070028002025","Block 2025, Block Group 2, Census Tract 28, Chittenden County, Vermont","16","16","0"
"1000000US500070028002026","Block 2026, Block Group 2, Census Tract 28, Chittenden County, Vermont","10","10","0"
"1000000US500070028002027","Block 2027, Block Group 2, Census Tract 28, Chittenden County, Vermont","1","1","0"
"1000000US500070028002028","Block 2028, Block Group 2, Census Tract 28, Chittenden County, Vermont","7","5","2"
"1000000US500070028002029","Block 2029, Block Group 2, Census Tract 28, Chittenden County, Vermont","18","17","1"
"1000000US500070028002030","Block 2030, Block Group 2, Census Tract 28, Chittenden County, Vermont","8","8","0"
"1000000US500070028002031","Block 2031, Block Group 2, Census Tract 28, Chittenden County, Vermont","1","1","0"
"1000000US500070028002032","Block 2032, Block Group 2, Census Tract 28, Chittenden County, Vermont","21","20","1"
"1000000US500070028002033","Block 2033, Block Group 2, Census Tract 28, Chittenden County, Vermont","0","0","0"
"1000000US500070028002034","Block 2034, Block Group 2, Census Tract 28, Chittenden County, Vermont","7","7","0"
"1000000US500070028002035","Block 2035, Block Group 2, Census Tract 28, Chittenden County, Vermont","0","0","0"
"1000000US500070028002036","Block 2036, Block Group 2, Census Tract 28, Chittenden County, Vermont","0","0","0"
"1000000US500070028002037","Block 2037, Block Group 2, Census Tract 28, Chittenden County, Vermont","0","0","0"
"1000000US500070028002038","Block 2038, Block Group 2, Census Tract 28, Chittenden County, Vermont","18","17","1"
"1000000US500070028002039","Block 2039, Block Group 2, Census Tract 28, Chittenden County, Vermont","1","1","0"
"1000000US500070028002040","Block 2040, Block Group 2, Census Tract 28, Chittenden County, Vermont","0","0","0"
"1000000US500070028002041","Block 2041, Block Group 2, Census Tract 28, Chittenden County, Vermont","30","29","1"
"1000000US500070028002042","Block 2042, Block Group 2, Census Tract 28, Chittenden County, Vermont","16","16","0"
"1000000US500070028002043","Block 2043, Block Group 2, Census Tract 28, Chittenden County, Vermont","71","70","1"
"1000000US500070028002044","Block 2044, Block Group 2, Census Tract 28, Chittenden County, Vermont","31","27","4"
"1000000US500070028002045","Block 2045, Block Group 2, Census Tract 28, Chittenden County, Vermont","0","0","0"
"1000000US500070028002046","Block 2046, Block Group 2, Census Tract 28, Chittenden County, Vermont","13","13","0"
"1000000US500070028002047","Block 2047, Block Group 2, Census Tract 28, Chittenden County, Vermont","80","77","3"
"1000000US500070028002048","Block 2048, Block Group 2, Census Tract 28, Chittenden County, Vermont","5","5","0"
"1000000US500070028002049","Block 2049, Block Group 2, Census Tract 28, Chittenden County, Vermont","0","0","0"
"1000000US500070028002050","Block 2050, Block Group 2, Census Tract 28, Chittenden County, Vermont","1","1","0"
"1000000US500070028002051","Block 2051, Block Group 2, Census Tract 28, Chittenden County, Vermont","17","17","0"
"1000000US500070028002052","Block 2052, Block Group 2, Census Tract 28, Chittenden County, Vermont","0","0","0"
"1000000US500070028002053","Block 2053, Block Group 2, Census Tract 28, Chittenden County, Vermont","0","0","0"
"1000000US500070028002054","Block 2054, Block Group 2, Census Tract 28, Chittenden County, Vermont","0","0","0"
"1000000US500070028002055","Block 2055, Block Group 2, Census Tract 28, Chittenden County, Vermont","2","2","0"
"1000000US500070028002056","Block 2056, Block Group 2, Census Tract 28, Chittenden County, Vermont","2","1","1"
"1000000US500070028002057","Block 2057, Block Group 2, Census Tract 28, Chittenden County, Vermont","2","2","0"
"1000000US500070028002058","Block 2058, Block Group 2, Census Tract 28, Chittenden County, Vermont","0","0","0"
"1000000US500070028002059","Block 2059, Block Group 2, Census Tract 28, Chittenden County, Vermont","0","0","0"
"1000000US500070028002060","Block 2060, Block Group 2, Census Tract 28, Chittenden County, Vermont","0","0","0"
"1000000US500070028002061","Block 2061, Block Group 2, Census Tract 28, Chittenden County, Vermont","0","0","0"
"1000000US500070028002062","Block 2062, Block Group 2, Census Tract 28, Chittenden County, Vermont","0","0","0"
"1000000US500070028002063","Block 2063, Block Group 2, Census Tract 28, Chittenden County, Vermont","0","0","0"
"1000000US500070028002064","Block 2064, Block Group 2, Census Tract 28, Chittenden County, Vermont","0","0","0"
"1000000US500070028002065","Block 2065, Block Group 2, Census Tract 28, Chittenden County, Vermont","0","0","0"
"1000000US500070028002066","Block 2066, Block Group 2, Census Tract 28, Chittenden County, Vermont","0","0","0"
"1000000US500070028002067","Block 2067, Block Group 2, Census Tract 28, Chittenden County, Vermont","0","0","0"
"1000000US500070028002068","Block 2068, Block Group 2, Census Tract 28, Chittenden County, Vermont","0","0","0"
"1000000US500070028002069","Block 2069, Block Group 2, Census Tract 28, Chittenden County, Vermont","0","0","0"
"1000000US500070028002070","Block 2070, Block Group 2, Census Tract 28, Chittenden County, Vermont","0","0","0"
"1000000US500070028002071","Block 2071, Block Group 2, Census Tract 28, Chittenden County, Vermont","0","0","0"
"1000000US500070028002072","Block 2072, Block Group 2, Census Tract 28, Chittenden County, Vermont","0","0","0"
"1000000US500070028002073","Block 2073, Block Group 2, Census Tract 28, Chittenden County, Vermont","0","0","0"
"1000000US500070028002074","Block 2074, Block Group 2, Census Tract 28, Chittenden County, Vermont","0","0","0"
"1000000US500070028002075","Block 2075, Block Group 2, Census Tract 28, Chittenden County, Vermont","0","0","0"
"1000000US500070028002076","Block 2076, Block Group 2, Census Tract 28, Chittenden County, Vermont","0","0","0"
"1000000US500070028002077","Block 2077, Block Group 2, Census Tract 28, Chittenden County, Vermont","0","0","0"
"1000000US500070028002078","Block 2078, Block Group 2, Census Tract 28, Chittenden County, Vermont","0","0","0"
"1000000US500070028002079","Block 2079, Block Group 2, Census Tract 28, Chittenden County, Vermont","0","0","0"
"1000000US500070028002080","Block 2080, Block Group 2, Census Tract 28, Chittenden County, Vermont","0","0","0"
"1000000US500070028002081","Block 2081, Block Group 2, Census Tract 28, Chittenden County, Vermont","0","0","0"
"1000000US500070028002082","Block 2082, Block Group 2, Census Tract 28, Chittenden County, Vermont","0","0","0"
"1000000US500070028002083","Block 2083, Block Group 2, Census Tract 28, Chittenden County, Vermont","0","0","0"
"1000000US500070028002084","Block 2084, Block Group 2, Census Tract 28, Chittenden County, Vermont","0","0","0"
"1000000US500070028002085","Block 2085, Block Group 2, Census Tract 28, Chittenden County, Vermont","0","0","0"
"1000000US500070028002086","Block 2086, Block Group 2, Census Tract 28, Chittenden County, Vermont","0","0","0"
"1000000US500070028002087","Block 2087, Block Group 2, Census Tract 28, Chittenden County, Vermont","0","0","0"
"1000000US500070028002088","Block 2088, Block Group 2, Census Tract 28, Chittenden County, Vermont","0","0","0"
"1000000US500070028002089","Block 2089, Block Group 2, Census Tract 28, Chittenden County, Vermont","0","0","0"
"1000000US500070028002090","Block 2090, Block Group 2, Census Tract 28, Chittenden County, Vermont","0","0","0"
"1000000US500070028002091","Block 2091, Block Group 2, Census Tract 28, Chittenden County, Vermont","0","0","0"
"1000000US500070028002092","Block 2092, Block Group 2, Census Tract 28, Chittenden County, Vermont","0","0","0"
"1000000US500070028002093","Block 2093, Block Group 2, Census Tract 28, Chittenden County, Vermont","0","0","0"
"1000000US500070028002094","Block 2094, Block Group 2, Census Tract 28, Chittenden County, Vermont","0","0","0"
"1000000US500070028002095","Block 2095, Block Group 2, Census Tract 28, Chittenden County, Vermont","0","0","0"
"1000000US500070028002096","Block 2096, Block Group 2, Census Tract 28, Chittenden County, Vermont","0","0","0"
"1000000US500070028002097","Block 2097, Block Group 2, Census Tract 28, Chittenden County, Vermont","0","0","0"
"1000000US500070028002098","Block 2098, Block Group 2, Census Tract 28, Chittenden County, Vermont","0","0","0"
"1000000US500070028002099","Block 2099, Block Group 2, Census Tract 28, Chittenden County, Vermont","0","0","0"
"1000000US500070028002100","Block 2100, Block Group 2, Census Tract 28, Chittenden County, Vermont","0","0","0"
"1000000US500070028002101","Block 2101, Block Group 2, Census Tract 28, Chittenden County, Vermont","0","0","0"
"1000000US500070028002102","Block 2102, Block Group 2, Census Tract 28, Chittenden County, Vermont","0","0","0"
"1000000US500070028002103","Block 2103, Block Group 2, Census Tract 28, Chittenden County, Vermont","0","0","0"
"1000000US500070028002104","Block 2104, Block Group 2, Census Tract 28, Chittenden County, Vermont","0","0","0"
"1000000US500070028002105","Block 2105, Block Group 2, Census Tract 28, Chittenden County, Vermont","0","0","0"
"1000000US500070028002106","Block 2106, Block Group 2, Census Tract 28, Chittenden County, Vermont","0","0","0"
"1000000US500070028002107","Block 2107, Block Group 2, Census Tract 28, Chittenden County, Vermont","0","0","0"
"1000000US500070028002108","Block 2108, Block Group 2, Census Tract 28, Chittenden County, Vermont","0","0","0"
"1000000US500070028002109","Block 2109, Block Group 2, Census Tract 28, Chittenden County, Vermont","0","0","0"
"1000000US500070028002110","Block 2110, Block Group 2, Census Tract 28, Chittenden County, Vermont","0","0","0"
"1000000US500070028002111","Block 2111, Block Group 2, Census Tract 28, Chittenden County, Vermont","0","0","0"
"1000000US500070028002112","Block 2112, Block Group 2, Census Tract 28, Chittenden County, Vermont","0","0","0"
"1000000US500070028002113","Block 2113, Block Group 2, Census Tract 28, Chittenden County, Vermont","0","0","0"
"1000000US500070028002114","Block 2114, Block Group 2, Census Tract 28, Chittenden County, Vermont","0","0","0"
"1000000US500070028002115","Block 2115, Block Group 2, Census Tract 28, Chittenden County, Vermont","0","0","0"
"1000000US500070028002116","Block 2116, Block Group 2, Census Tract 28, Chittenden County, Vermont","77","74","3"
"1000000US500070028002117","Block 2117, Block Group 2, Census Tract 28, Chittenden County, Vermont","1","1","0"
"1000000US500070028002118","Block 2118, Block Group 2, Census Tract 28, Chittenden County, Vermont","0","0","0"
"1000000US500070028002119","Block 2119, Block Group 2, Census Tract 28, Chittenden County, Vermont","1","1","0"
"1000000US500070028002120","Block 2120, Block Group 2, Census Tract 28, Chittenden County, Vermont","0","0","0"
"1000000US500070028002121","Block 2121, Block Group 2, Census Tract 28, Chittenden County, Vermont","0","0","0"
"1000000US500070028002122","Block 2122, Block Group 2, Census Tract 28, Chittenden County, Vermont","3","3","0"
"1000000US500070028002123","Block 2123, Block Group 2, Census Tract 28, Chittenden County, Vermont","12","12","0"
"1000000US500070028002124","Block 2124, Block Group 2, Census Tract 28, Chittenden County, Vermont","49","49","0"
"1000000US500070028002125","Block 2125, Block Group 2, Census Tract 28, Chittenden County, Vermont","0","0","0"
"1000000US500070028002126","Block 2126, Block Group 2, Census Tract 28, Chittenden County, Vermont","0","0","0"
"1000000US500070028002127","Block 2127, Block Group 2, Census Tract 28, Chittenden County, Vermont","0","0","0"
"1000000US500070028003000","Block 3000, Block Group 3, Census Tract 28, Chittenden County, Vermont","26","24","2"
"1000000US500070028003001","Block 3001, Block Group 3, Census Tract 28, Chittenden County, Vermont","28","28","0"
"1000000US500070028003002","Block 3002, Block Group 3, Census Tract 28, Chittenden County, Vermont","106","99","7"
"1000000US500070028003003","Block 3003, Block Group 3, Census Tract 28, Chittenden County, Vermont","43","42","1"
"1000000US500070028003004","Block 3004, Block Group 3, Census Tract 28, Chittenden County, Vermont","3","3","0"
"1000000US500070028003005","Block 3005, Block Group 3, Census Tract 28, Chittenden County, Vermont","0","0","0"
"1000000US500070028003006","Block 3006, Block Group 3, Census Tract 28, Chittenden County, Vermont","31","30","1"
"1000000US500070028003007","Block 3007, Block Group 3, Census Tract 28, Chittenden County, Vermont","64","60","4"
"1000000US500070028003008","Block 3008, Block Group 3, Census Tract 28, Chittenden County, Vermont","55","53","2"
"1000000US500070028003009","Block 3009, Block Group 3, Census Tract 28, Chittenden County, Vermont","0","0","0"
"1000000US500070028003010","Block 3010, Block Group 3, Census Tract 28, Chittenden County, Vermont","0","0","0"
"1000000US500070028003011","Block 3011, Block Group 3, Census Tract 28, Chittenden County, Vermont","100","97","3"
"1000000US500070028003012","Block 3012, Block Group 3, Census Tract 28, Chittenden County, Vermont","0","0","0"
"1000000US500070028003013","Block 3013, Block Group 3, Census Tract 28, Chittenden County, Vermont","7","7","0"
"1000000US500070028003014","Block 3014, Block Group 3, Census Tract 28, Chittenden County, Vermont","0","0","0"
"1000000US500070028003015","Block 3015, Block Group 3, Census Tract 28, Chittenden County, Vermont","7","7","0"
"1000000US500070028003016","Block 3016, Block Group 3, Census Tract 28, Chittenden County, Vermont","14","13","1"
"1000000US500070028003017","Block 3017, Block Group 3, Census Tract 28, Chittenden County, Vermont","21","21","0"
"1000000US500070028003018","Block 3018, Block Group 3, Census Tract 28, Chittenden County, Vermont","0","0","0"
"1000000US500070028003019","Block 3019, Block Group 3, Census Tract 28, Chittenden County, Vermont","13","12","1"
"1000000US500070028003020","Block 3020, Block Group 3, Census Tract 28, Chittenden County, Vermont","1","1","0"
"1000000US500070028003021","Block 3021, Block Group 3, Census Tract 28, Chittenden County, Vermont","26","26","0"
"1000000US500070028003022","Block 3022, Block Group 3, Census Tract 28, Chittenden County, Vermont","1","1","0"
"1000000US500070028003023","Block 3023, Block Group 3, Census Tract 28, Chittenden County, Vermont","2","1","1"
"1000000US500070028003024","Block 3024, Block Group 3, Census Tract 28, Chittenden County, Vermont","5","5","0"
"1000000US500070028003025","Block 3025, Block Group 3, Census Tract 28, Chittenden County, Vermont","3","3","0"
"1000000US500070028003026","Block 3026, Block Group 3, Census Tract 28, Chittenden County, Vermont","9","9","0"
"1000000US500070028003027","Block 3027, Block Group 3, Census Tract 28, Chittenden County, Vermont","5","5","0"
"1000000US500070028003028","Block 3028, Block Group 3, Census Tract 28, Chittenden County, Vermont","4","4","0"
"1000000US500070028003029","Block 3029, Block Group 3, Census Tract 28, Chittenden County, Vermont","1","1","0"
"1000000US500070028003030","Block 3030, Block Group 3, Census Tract 28, Chittenden County, Vermont","0","0","0"
"1000000US500070028003031","Block 3031, Block Group 3, Census Tract 28, Chittenden County, Vermont","0","0","0"
"1000000US500070028003032","Block 3032, Block Group 3, Census Tract 28, Chittenden County, Vermont","0","0","0"
"1000000US500070028003033","Block 3033, Block Group 3, Census Tract 28, Chittenden County, Vermont","0","0","0"
"1000000US500070028003034","Block 3034, Block Group 3, Census Tract 28, Chittenden County, Vermont","2","2","0"
"1000000US500070028003035","Block 3035, Block Group 3, Census Tract 28, Chittenden County, Vermont","0","0","0"
"1000000US500070028003036","Block 3036, Block Group 3, Census Tract 28, Chittenden County, Vermont","0","0","0"
"1000000US500070028003037","Block 3037, Block Group 3, Census Tract 28, Chittenden County, Vermont","0","0","0"
"1000000US500070029001000","Block 1000, Block Group 1, Census Tract 29, Chittenden County, Vermont","1","1","0"
"1000000US500070029001001","Block 1001, Block Group 1, Census Tract 29, Chittenden County, Vermont","5","5","0"
"1000000US500070029001002","Block 1002, Block Group 1, Census Tract 29, Chittenden County, Vermont","12","12","0"
"1000000US500070029001003","Block 1003, Block Group 1, Census Tract 29, Chittenden County, Vermont","32","31","1"
"1000000US500070029001004","Block 1004, Block Group 1, Census Tract 29, Chittenden County, Vermont","69","67","2"
"1000000US500070029001005","Block 1005, Block Group 1, Census Tract 29, Chittenden County, Vermont","1","1","0"
"1000000US500070029001006","Block 1006, Block Group 1, Census Tract 29, Chittenden County, Vermont","62","59","3"
"1000000US500070029001007","Block 1007, Block Group 1, Census Tract 29, Chittenden County, Vermont","0","0","0"
"1000000US500070029001008","Block 1008, Block Group 1, Census Tract 29, Chittenden County, Vermont","19","19","0"
"1000000US500070029001009","Block 1009, Block Group 1, Census Tract 29, Chittenden County, Vermont","0","0","0"
"1000000US500070029001010","Block 1010, Block Group 1, Census Tract 29, Chittenden County, Vermont","0","0","0"
"1000000US500070029001011","Block 1011, Block Group 1, Census Tract 29, Chittenden County, Vermont","0","0","0"
"1000000US500070029001012","Block 1012, Block Group 1, Census Tract 29, Chittenden County, Vermont","6","5","1"
"1000000US500070029001013","Block 1013, Block Group 1, Census Tract 29, Chittenden County, Vermont","1","1","0"
"1000000US500070029001014","Block 1014, Block Group 1, Census Tract 29, Chittenden County, Vermont","12","12","0"
"1000000US500070029001015","Block 1015, Block Group 1, Census Tract 29, Chittenden County, Vermont","14","13","1"
"1000000US500070029001016","Block 1016, Block Group 1, Census Tract 29, Chittenden County, Vermont","1","1","0"
"1000000US500070029001017","Block 1017, Block Group 1, Census Tract 29, Chittenden County, Vermont","5","5","0"
"1000000US500070029001018","Block 1018, Block Group 1, Census Tract 29, Chittenden County, Vermont","66","60","6"
"1000000US500070029001019","Block 1019, Block Group 1, Census Tract 29, Chittenden County, Vermont","0","0","0"
"1000000US500070029001020","Block 1020, Block Group 1, Census Tract 29, Chittenden County, Vermont","3","2","1"
"1000000US500070029001021","Block 1021, Block Group 1, Census Tract 29, Chittenden County, Vermont","11","10","1"
"1000000US500070029001022","Block 1022, Block Group 1, Census Tract 29, Chittenden County, Vermont","6","6","0"
"1000000US500070029001023","Block 1023, Block Group 1, Census Tract 29, Chittenden County, Vermont","14","14","0"
"1000000US500070029001024","Block 1024, Block Group 1, Census Tract 29, Chittenden County, Vermont","0","0","0"
"1000000US500070029001025","Block 1025, Block Group 1, Census Tract 29, Chittenden County, Vermont","1","1","0"
"1000000US500070029001026","Block 1026, Block Group 1, Census Tract 29, Chittenden County, Vermont","0","0","0"
"1000000US500070029001027","Block 1027, Block Group 1, Census Tract 29, Chittenden County, Vermont","5","5","0"
"1000000US500070029001028","Block 1028, Block Group 1, Census Tract 29, Chittenden County, Vermont","9","9","0"
"1000000US500070029001029","Block 1029, Block Group 1, Census Tract 29, Chittenden County, Vermont","3","3","0"
"1000000US500070029001030","Block 1030, Block Group 1, Census Tract 29, Chittenden County, Vermont","7","7","0"
"1000000US500070029001031","Block 1031, Block Group 1, Census Tract 29, Chittenden County, Vermont","0","0","0"
"1000000US500070029001032","Block 1032, Block Group 1, Census Tract 29, Chittenden County, Vermont","0","0","0"
"1000000US500070029001033","Block 1033, Block Group 1, Census Tract 29, Chittenden County, Vermont","13","13","0"
"1000000US500070029001034","Block 1034, Block Group 1, Census Tract 29, Chittenden County, Vermont","13","13","0"
"1000000US500070029001035","Block 1035, Block Group 1, Census Tract 29, Chittenden County, Vermont","2","2","0"
"1000000US500070029001036","Block 1036, Block Group 1, Census Tract 29, Chittenden County, Vermont","1","1","0"
"1000000US500070029001037","Block 1037, Block Group 1, Census Tract 29, Chittenden County, Vermont","5","5","0"
"1000000US500070029001038","Block 1038, Block Group 1, Census Tract 29, Chittenden County, Vermont","13","13","0"
"1000000US500070029001039","Block 1039, Block Group 1, Census Tract 29, Chittenden County, Vermont","0","0","0"
"1000000US500070029001040","Block 1040, Block Group 1, Census Tract 29, Chittenden County, Vermont","0","0","0"
"1000000US500070029001041","Block 1041, Block Group 1, Census Tract 29, Chittenden County, Vermont","1","1","0"
"1000000US500070029001042","Block 1042, Block Group 1, Census Tract 29, Chittenden County, Vermont","5","5","0"
"1000000US500070029001043","Block 1043, Block Group 1, Census Tract 29, Chittenden County, Vermont","11","11","0"
"1000000US500070029001044","Block 1044, Block Group 1, Census Tract 29, Chittenden County, Vermont","0","0","0"
"1000000US500070029001045","Block 1045, Block Group 1, Census Tract 29, Chittenden County, Vermont","5","5","0"
"1000000US500070029001046","Block 1046, Block Group 1, Census Tract 29, Chittenden County, Vermont","11","9","2"
"1000000US500070029001047","Block 1047, Block Group 1, Census Tract 29, Chittenden County, Vermont","0","0","0"
"1000000US500070029001048","Block 1048, Block Group 1, Census Tract 29, Chittenden County, Vermont","0","0","0"
"1000000US500070029001049","Block 1049, Block Group 1, Census Tract 29, Chittenden County, Vermont","33","32","1"
"1000000US500070029001050","Block 1050, Block Group 1, Census Tract 29, Chittenden County, Vermont","3","3","0"
"1000000US500070029001051","Block 1051, Block Group 1, Census Tract 29, Chittenden County, Vermont","0","0","0"
"1000000US500070029001052","Block 1052, Block Group 1, Census Tract 29, Chittenden County, Vermont","0","0","0"
"1000000US500070029001053","Block 1053, Block Group 1, Census Tract 29, Chittenden County, Vermont","1","1","0"
"1000000US500070029001054","Block 1054, Block Group 1, Census Tract 29, Chittenden County, Vermont","9","8","1"
"1000000US500070029001055","Block 1055, Block Group 1, Census Tract 29, Chittenden County, Vermont","32","30","2"
"1000000US500070029001056","Block 1056, Block Group 1, Census Tract 29, Chittenden County, Vermont","0","0","0"
"1000000US500070029001057","Block 1057, Block Group 1, Census Tract 29, Chittenden County, Vermont","98","97","1"
"1000000US500070029001058","Block 1058, Block Group 1, Census Tract 29, Chittenden County, Vermont","0","0","0"
"1000000US500070029001059","Block 1059, Block Group 1, Census Tract 29, Chittenden County, Vermont","2","2","0"
"1000000US500070029001060","Block 1060, Block Group 1, Census Tract 29, Chittenden County, Vermont","0","0","0"
"1000000US500070029001061","Block 1061, Block Group 1, Census Tract 29, Chittenden County, Vermont","8","8","0"
"1000000US500070029001062","Block 1062, Block Group 1, Census Tract 29, Chittenden County, Vermont","27","26","1"
"1000000US500070029001063","Block 1063, Block Group 1, Census Tract 29, Chittenden County, Vermont","0","0","0"
"1000000US500070029001064","Block 1064, Block Group 1, Census Tract 29, Chittenden County, Vermont","34","34","0"
"1000000US500070029001065","Block 1065, Block Group 1, Census Tract 29, Chittenden County, Vermont","1","1","0"
"1000000US500070029001066","Block 1066, Block Group 1, Census Tract 29, Chittenden County, Vermont","3","1","2"
"1000000US500070029001067","Block 1067, Block Group 1, Census Tract 29, Chittenden County, Vermont","0","0","0"
"1000000US500070029001068","Block 1068, Block Group 1, Census Tract 29, Chittenden County, Vermont","3","3","0"
"1000000US500070029001069","Block 1069, Block Group 1, Census Tract 29, Chittenden County, Vermont","13","12","1"
"1000000US500070029001070","Block 1070, Block Group 1, Census Tract 29, Chittenden County, Vermont","0","0","0"
"1000000US500070029001071","Block 1071, Block Group 1, Census Tract 29, Chittenden County, Vermont","4","4","0"
"1000000US500070029001072","Block 1072, Block Group 1, Census Tract 29, Chittenden County, Vermont","0","0","0"
"1000000US500070029001073","Block 1073, Block Group 1, Census Tract 29, Chittenden County, Vermont","0","0","0"
"1000000US500070029001074","Block 1074, Block Group 1, Census Tract 29, Chittenden County, Vermont","7","7","0"
"1000000US500070029001075","Block 1075, Block Group 1, Census Tract 29, Chittenden County, Vermont","5","4","1"
"1000000US500070029001076","Block 1076, Block Group 1, Census Tract 29, Chittenden County, Vermont","0","0","0"
"1000000US500070029001077","Block 1077, Block Group 1, Census Tract 29, Chittenden County, Vermont","23","21","2"
"1000000US500070029001078","Block 1078, Block Group 1, Census Tract 29, Chittenden County, Vermont","7","7","0"
"1000000US500070029001079","Block 1079, Block Group 1, Census Tract 29, Chittenden County, Vermont","0","0","0"
"1000000US500070029001080","Block 1080, Block Group 1, Census Tract 29, Chittenden County, Vermont","21","21","0"
"1000000US500070029001081","Block 1081, Block Group 1, Census Tract 29, Chittenden County, Vermont","0","0","0"
"1000000US500070029001082","Block 1082, Block Group 1, Census Tract 29, Chittenden County, Vermont","8","8","0"
"1000000US500070029002000","Block 2000, Block Group 2, Census Tract 29, Chittenden County, Vermont","8","8","0"
"1000000US500070029002001","Block 2001, Block Group 2, Census Tract 29, Chittenden County, Vermont","4","4","0"
"1000000US500070029002002","Block 2002, Block Group 2, Census Tract 29, Chittenden County, Vermont","224","217","7"
"1000000US500070029002003","Block 2003, Block Group 2, Census Tract 29, Chittenden County, Vermont","32","32","0"
"1000000US500070029002004","Block 2004, Block Group 2, Census Tract 29, Chittenden County, Vermont","49","47","2"
"1000000US500070029002005","Block 2005, Block Group 2, Census Tract 29, Chittenden County, Vermont","10","10","0"
"1000000US500070029002006","Block 2006, Block Group 2, Census Tract 29, Chittenden County, Vermont","1","1","0"
"1000000US500070029002007","Block 2007, Block Group 2, Census Tract 29, Chittenden County, Vermont","1","1","0"
"1000000US500070029002008","Block 2008, Block Group 2, Census Tract 29, Chittenden County, Vermont","8","8","0"
"1000000US500070029002009","Block 2009, Block Group 2, Census Tract 29, Chittenden County, Vermont","61","57","4"
"1000000US500070029002010","Block 2010, Block Group 2, Census Tract 29, Chittenden County, Vermont","0","0","0"
"1000000US500070029002011","Block 2011, Block Group 2, Census Tract 29, Chittenden County, Vermont","13","13","0"
"1000000US500070029002012","Block 2012, Block Group 2, Census Tract 29, Chittenden County, Vermont","0","0","0"
"1000000US500070029002013","Block 2013, Block Group 2, Census Tract 29, Chittenden County, Vermont","42","41","1"
"1000000US500070029002014","Block 2014, Block Group 2, Census Tract 29, Chittenden County, Vermont","0","0","0"
"1000000US500070029002015","Block 2015, Block Group 2, Census Tract 29, Chittenden County, Vermont","0","0","0"
"1000000US500070029002016","Block 2016, Block Group 2, Census Tract 29, Chittenden County, Vermont","1","1","0"
"1000000US500070029002017","Block 2017, Block Group 2, Census Tract 29, Chittenden County, Vermont","2","2","0"
"1000000US500070029002018","Block 2018, Block Group 2, Census Tract 29, Chittenden County, Vermont","27","25","2"
"1000000US500070029002019","Block 2019, Block Group 2, Census Tract 29, Chittenden County, Vermont","0","0","0"
"1000000US500070029002020","Block 2020, Block Group 2, Census Tract 29, Chittenden County, Vermont","0","0","0"
"1000000US500070029002021","Block 2021, Block Group 2, Census Tract 29, Chittenden County, Vermont","51","50","1"
"1000000US500070029002022","Block 2022, Block Group 2, Census Tract 29, Chittenden County, Vermont","0","0","0"
"1000000US500070029002023","Block 2023, Block Group 2, Census Tract 29, Chittenden County, Vermont","8","8","0"
"1000000US500070029002024","Block 2024, Block Group 2, Census Tract 29, Chittenden County, Vermont","0","0","0"
"1000000US500070029002025","Block 2025, Block Group 2, Census Tract 29, Chittenden County, Vermont","18","18","0"
"1000000US500070029002026","Block 2026, Block Group 2, Census Tract 29, Chittenden County, Vermont","0","0","0"
"1000000US500070029002027","Block 2027, Block Group 2, Census Tract 29, Chittenden County, Vermont","0","0","0"
"1000000US500070029002028","Block 2028, Block Group 2, Census Tract 29, Chittenden County, Vermont","3","3","0"
"1000000US500070029002029","Block 2029, Block Group 2, Census Tract 29, Chittenden County, Vermont","2","2","0"
"1000000US500070029002030","Block 2030, Block Group 2, Census Tract 29, Chittenden County, Vermont","11","11","0"
"1000000US500070029002031","Block 2031, Block Group 2, Census Tract 29, Chittenden County, Vermont","1","0","1"
"1000000US500070029002032","Block 2032, Block Group 2, Census Tract 29, Chittenden County, Vermont","1","1","0"
"1000000US500070029002033","Block 2033, Block Group 2, Census Tract 29, Chittenden County, Vermont","10","10","0"
"1000000US500070029002034","Block 2034, Block Group 2, Census Tract 29, Chittenden County, Vermont","101","97","4"
"1000000US500070029002035","Block 2035, Block Group 2, Census Tract 29, Chittenden County, Vermont","10","10","0"
"1000000US500070029002036","Block 2036, Block Group 2, Census Tract 29, Chittenden County, Vermont","0","0","0"
"1000000US500070029002037","Block 2037, Block Group 2, Census Tract 29, Chittenden County, Vermont","0","0","0"
"1000000US500070029002038","Block 2038, Block Group 2, Census Tract 29, Chittenden County, Vermont","7","7","0"
"1000000US500070029002039","Block 2039, Block Group 2, Census Tract 29, Chittenden County, Vermont","4","4","0"
"1000000US500070029002040","Block 2040, Block Group 2, Census Tract 29, Chittenden County, Vermont","23","22","1"
"1000000US500070029002041","Block 2041, Block Group 2, Census Tract 29, Chittenden County, Vermont","0","0","0"
"1000000US500070029002042","Block 2042, Block Group 2, Census Tract 29, Chittenden County, Vermont","0","0","0"
"1000000US500070029002043","Block 2043, Block Group 2, Census Tract 29, Chittenden County, Vermont","4","4","0"
"1000000US500070029002044","Block 2044, Block Group 2, Census Tract 29, Chittenden County, Vermont","2","2","0"
"1000000US500070029002045","Block 2045, Block Group 2, Census Tract 29, Chittenden County, Vermont","3","3","0"
"1000000US500070029002046","Block 2046, Block Group 2, Census Tract 29, Chittenden County, Vermont","1","1","0"
"1000000US500070029002047","Block 2047, Block Group 2, Census Tract 29, Chittenden County, Vermont","0","0","0"
"1000000US500070029002048","Block 2048, Block Group 2, Census Tract 29, Chittenden County, Vermont","0","0","0"
"1000000US500070029003000","Block 3000, Block Group 3, Census Tract 29, Chittenden County, Vermont","58","54","4"
"1000000US500070029003001","Block 3001, Block Group 3, Census Tract 29, Chittenden County, Vermont","8","7","1"
"1000000US500070029003002","Block 3002, Block Group 3, Census Tract 29, Chittenden County, Vermont","0","0","0"
"1000000US500070029003003","Block 3003, Block Group 3, Census Tract 29, Chittenden County, Vermont","2","2","0"
"1000000US500070029003004","Block 3004, Block Group 3, Census Tract 29, Chittenden County, Vermont","0","0","0"
"1000000US500070029003005","Block 3005, Block Group 3, Census Tract 29, Chittenden County, Vermont","3","3","0"
"1000000US500070029003006","Block 3006, Block Group 3, Census Tract 29, Chittenden County, Vermont","2","2","0"
"1000000US500070029003007","Block 3007, Block Group 3, Census Tract 29, Chittenden County, Vermont","0","0","0"
"1000000US500070029003008","Block 3008, Block Group 3, Census Tract 29, Chittenden County, Vermont","3","3","0"
"1000000US500070029003009","Block 3009, Block Group 3, Census Tract 29, Chittenden County, Vermont","104","83","21"
"1000000US500070029003010","Block 3010, Block Group 3, Census Tract 29, Chittenden County, Vermont","2","1","1"
"1000000US500070029003011","Block 3011, Block Group 3, Census Tract 29, Chittenden County, Vermont","0","0","0"
"1000000US500070029003012","Block 3012, Block Group 3, Census Tract 29, Chittenden County, Vermont","3","3","0"
"1000000US500070029003013","Block 3013, Block Group 3, Census Tract 29, Chittenden County, Vermont","7","7","0"
"1000000US500070029003014","Block 3014, Block Group 3, Census Tract 29, Chittenden County, Vermont","0","0","0"
"1000000US500070029003015","Block 3015, Block Group 3, Census Tract 29, Chittenden County, Vermont","5","4","1"
"1000000US500070029003016","Block 3016, Block Group 3, Census Tract 29, Chittenden County, Vermont","0","0","0"
"1000000US500070029003017","Block 3017, Block Group 3, Census Tract 29, Chittenden County, Vermont","2","2","0"
"1000000US500070029003018","Block 3018, Block Group 3, Census Tract 29, Chittenden County, Vermont","0","0","0"
"1000000US500070029003019","Block 3019, Block Group 3, Census Tract 29, Chittenden County, Vermont","2","2","0"
"1000000US500070029003020","Block 3020, Block Group 3, Census Tract 29, Chittenden County, Vermont","2","2","0"
"1000000US500070029003021","Block 3021, Block Group 3, Census Tract 29, Chittenden County, Vermont","3","3","0"
"1000000US500070029003022","Block 3022, Block Group 3, Census Tract 29, Chittenden County, Vermont","20","18","2"
"1000000US500070029003023","Block 3023, Block Group 3, Census Tract 29, Chittenden County, Vermont","0","0","0"
"1000000US500070029003024","Block 3024, Block Group 3, Census Tract 29, Chittenden County, Vermont","6","5","1"
"1000000US500070029003025","Block 3025, Block Group 3, Census Tract 29, Chittenden County, Vermont","5","4","1"
"1000000US500070029003026","Block 3026, Block Group 3, Census Tract 29, Chittenden County, Vermont","37","37","0"
"1000000US500070029003027","Block 3027, Block Group 3, Census Tract 29, Chittenden County, Vermont","0","0","0"
"1000000US500070029003028","Block 3028, Block Group 3, Census Tract 29, Chittenden County, Vermont","52","49","3"
"1000000US500070029003029","Block 3029, Block Group 3, Census Tract 29, Chittenden County, Vermont","0","0","0"
"1000000US500070029003030","Block 3030, Block Group 3, Census Tract 29, Chittenden County, Vermont","3","2","1"
"1000000US500070029003031","Block 3031, Block Group 3, Census Tract 29, Chittenden County, Vermont","16","14","2"
"1000000US500070029003032","Block 3032, Block Group 3, Census Tract 29, Chittenden County, Vermont","5","5","0"
"1000000US500070029003033","Block 3033, Block Group 3, Census Tract 29, Chittenden County, Vermont","7","7","0"
"1000000US500070029003034","Block 3034, Block Group 3, Census Tract 29, Chittenden County, Vermont","2","2","0"
"1000000US500070029003035","Block 3035, Block Group 3, Census Tract 29, Chittenden County, Vermont","1","1","0"
"1000000US500070029003036","Block 3036, Block Group 3, Census Tract 29, Chittenden County, Vermont","5","5","0"
"1000000US500070029003037","Block 3037, Block Group 3, Census Tract 29, Chittenden County, Vermont","10","10","0"
"1000000US500070029003038","Block 3038, Block Group 3, Census Tract 29, Chittenden County, Vermont","21","20","1"
"1000000US500070029003039","Block 3039, Block Group 3, Census Tract 29, Chittenden County, Vermont","1","1","0"
"1000000US500070029003040","Block 3040, Block Group 3, Census Tract 29, Chittenden County, Vermont","0","0","0"
"1000000US500070029003041","Block 3041, Block Group 3, Census Tract 29, Chittenden County, Vermont","2","1","1"
"1000000US500070029003042","Block 3042, Block Group 3, Census Tract 29, Chittenden County, Vermont","0","0","0"
"1000000US500070029003043","Block 3043, Block Group 3, Census Tract 29, Chittenden County, Vermont","0","0","0"
"1000000US500070029003044","Block 3044, Block Group 3, Census Tract 29, Chittenden County, Vermont","0","0","0"
"1000000US500070029003045","Block 3045, Block Group 3, Census Tract 29, Chittenden County, Vermont","0","0","0"
"1000000US500070029003046","Block 3046, Block Group 3, Census Tract 29, Chittenden County, Vermont","0","0","0"
"1000000US500070029003047","Block 3047, Block Group 3, Census Tract 29, Chittenden County, Vermont","0","0","0"
"1000000US500070029003048","Block 3048, Block Group 3, Census Tract 29, Chittenden County, Vermont","0","0","0"
"1000000US500070029003049","Block 3049, Block Group 3, Census Tract 29, Chittenden County, Vermont","0","0","0"
"1000000US500070029003050","Block 3050, Block Group 3, Census Tract 29, Chittenden County, Vermont","21","21","0"
"1000000US500070029003051","Block 3051, Block Group 3, Census Tract 29, Chittenden County, Vermont","0","0","0"
"1000000US500070029003052","Block 3052, Block Group 3, Census Tract 29, Chittenden County, Vermont","0","0","0"
"1000000US500070029003053","Block 3053, Block Group 3, Census Tract 29, Chittenden County, Vermont","5","4","1"
"1000000US500070029003054","Block 3054, Block Group 3, Census Tract 29, Chittenden County, Vermont","24","23","1"
"1000000US500070029003055","Block 3055, Block Group 3, Census Tract 29, Chittenden County, Vermont","0","0","0"
"1000000US500070029003056","Block 3056, Block Group 3, Census Tract 29, Chittenden County, Vermont","0","0","0"
"1000000US500070029003057","Block 3057, Block Group 3, Census Tract 29, Chittenden County, Vermont","0","0","0"
"1000000US500070029003058","Block 3058, Block Group 3, Census Tract 29, Chittenden County, Vermont","0","0","0"
"1000000US500070029003059","Block 3059, Block Group 3, Census Tract 29, Chittenden County, Vermont","0","0","0"
"1000000US500070029003060","Block 3060, Block Group 3, Census Tract 29, Chittenden County, Vermont","0","0","0"
"1000000US500070029003061","Block 3061, Block Group 3, Census Tract 29, Chittenden County, Vermont","0","0","0"
"1000000US500070029003062","Block 3062, Block Group 3, Census Tract 29, Chittenden County, Vermont","0","0","0"
"1000000US500070029003063","Block 3063, Block Group 3, Census Tract 29, Chittenden County, Vermont","7","6","1"
"1000000US500070029003064","Block 3064, Block Group 3, Census Tract 29, Chittenden County, Vermont","0","0","0"
"1000000US500070029003065","Block 3065, Block Group 3, Census Tract 29, Chittenden County, Vermont","0","0","0"
"1000000US500070029004000","Block 4000, Block Group 4, Census Tract 29, Chittenden County, Vermont","177","117","60"
"1000000US500070029004001","Block 4001, Block Group 4, Census Tract 29, Chittenden County, Vermont","2","2","0"
"1000000US500070029004002","Block 4002, Block Group 4, Census Tract 29, Chittenden County, Vermont","1","1","0"
"1000000US500070029004003","Block 4003, Block Group 4, Census Tract 29, Chittenden County, Vermont","0","0","0"
"1000000US500070029004004","Block 4004, Block Group 4, Census Tract 29, Chittenden County, Vermont","1","1","0"
"1000000US500070029004005","Block 4005, Block Group 4, Census Tract 29, Chittenden County, Vermont","0","0","0"
"1000000US500070029004006","Block 4006, Block Group 4, Census Tract 29, Chittenden County, Vermont","0","0","0"
"1000000US500070029004007","Block 4007, Block Group 4, Census Tract 29, Chittenden County, Vermont","30","10","20"
"1000000US500070029004008","Block 4008, Block Group 4, Census Tract 29, Chittenden County, Vermont","0","0","0"
"1000000US500070029004009","Block 4009, Block Group 4, Census Tract 29, Chittenden County, Vermont","0","0","0"
"1000000US500070029004010","Block 4010, Block Group 4, Census Tract 29, Chittenden County, Vermont","8","8","0"
"1000000US500070029004011","Block 4011, Block Group 4, Census Tract 29, Chittenden County, Vermont","41","41","0"
"1000000US500070029004012","Block 4012, Block Group 4, Census Tract 29, Chittenden County, Vermont","0","0","0"
"1000000US500070029004013","Block 4013, Block Group 4, Census Tract 29, Chittenden County, Vermont","15","15","0"
"1000000US500070029004014","Block 4014, Block Group 4, Census Tract 29, Chittenden County, Vermont","0","0","0"
"1000000US500070029004015","Block 4015, Block Group 4, Census Tract 29, Chittenden County, Vermont","4","3","1"
"1000000US500070029004016","Block 4016, Block Group 4, Census Tract 29, Chittenden County, Vermont","5","5","0"
"1000000US500070029004017","Block 4017, Block Group 4, Census Tract 29, Chittenden County, Vermont","52","50","2"
"1000000US500070029004018","Block 4018, Block Group 4, Census Tract 29, Chittenden County, Vermont","0","0","0"
"1000000US500070029004019","Block 4019, Block Group 4, Census Tract 29, Chittenden County, Vermont","7","7","0"
"1000000US500070029004020","Block 4020, Block Group 4, Census Tract 29, Chittenden County, Vermont","0","0","0"
"1000000US500070029004021","Block 4021, Block Group 4, Census Tract 29, Chittenden County, Vermont","4","4","0"
"1000000US500070029004022","Block 4022, Block Group 4, Census Tract 29, Chittenden County, Vermont","2","2","0"
"1000000US500070029004023","Block 4023, Block Group 4, Census Tract 29, Chittenden County, Vermont","6","6","0"
"1000000US500070029004024","Block 4024, Block Group 4, Census Tract 29, Chittenden County, Vermont","11","11","0"
"1000000US500070029004025","Block 4025, Block Group 4, Census Tract 29, Chittenden County, Vermont","0","0","0"
"1000000US500070029004026","Block 4026, Block Group 4, Census Tract 29, Chittenden County, Vermont","0","0","0"
"1000000US500070029004027","Block 4027, Block Group 4, Census Tract 29, Chittenden County, Vermont","0","0","0"
"1000000US500070029004028","Block 4028, Block Group 4, Census Tract 29, Chittenden County, Vermont","0","0","0"
"1000000US500070029004029","Block 4029, Block Group 4, Census Tract 29, Chittenden County, Vermont","0","0","0"
"1000000US500070029004030","Block 4030, Block Group 4, Census Tract 29, Chittenden County, Vermont","2","2","0"
"1000000US500070029004031","Block 4031, Block Group 4, Census Tract 29, Chittenden County, Vermont","6","6","0"
"1000000US500070029004032","Block 4032, Block Group 4, Census Tract 29, Chittenden County, Vermont","4","3","1"
"1000000US500070029004033","Block 4033, Block Group 4, Census Tract 29, Chittenden County, Vermont","18","16","2"
"1000000US500070029004034","Block 4034, Block Group 4, Census Tract 29, Chittenden County, Vermont","0","0","0"
"1000000US500070029004035","Block 4035, Block Group 4, Census Tract 29, Chittenden County, Vermont","0","0","0"
"1000000US500070029004036","Block 4036, Block Group 4, Census Tract 29, Chittenden County, Vermont","53","49","4"
"1000000US500070029004037","Block 4037, Block Group 4, Census Tract 29, Chittenden County, Vermont","4","4","0"
"1000000US500070029004038","Block 4038, Block Group 4, Census Tract 29, Chittenden County, Vermont","7","5","2"
"1000000US500070029004039","Block 4039, Block Group 4, Census Tract 29, Chittenden County, Vermont","6","3","3"
"1000000US500070029004040","Block 4040, Block Group 4, Census Tract 29, Chittenden County, Vermont","2","0","2"
"1000000US500070029004041","Block 4041, Block Group 4, Census Tract 29, Chittenden County, Vermont","0","0","0"
"1000000US500070029004042","Block 4042, Block Group 4, Census Tract 29, Chittenden County, Vermont","2","2","0"
"1000000US500070029004043","Block 4043, Block Group 4, Census Tract 29, Chittenden County, Vermont","7","6","1"
"1000000US500070029004044","Block 4044, Block Group 4, Census Tract 29, Chittenden County, Vermont","0","0","0"
"1000000US500070029004045","Block 4045, Block Group 4, Census Tract 29, Chittenden County, Vermont","1","1","0"
"1000000US500070029004046","Block 4046, Block Group 4, Census Tract 29, Chittenden County, Vermont","13","10","3"
"1000000US500070029004047","Block 4047, Block Group 4, Census Tract 29, Chittenden County, Vermont","0","0","0"
"1000000US500070029004048","Block 4048, Block Group 4, Census Tract 29, Chittenden County, Vermont","0","0","0"
"1000000US500070029004049","Block 4049, Block Group 4, Census Tract 29, Chittenden County, Vermont","7","7","0"
"1000000US500070029004050","Block 4050, Block Group 4, Census Tract 29, Chittenden County, Vermont","0","0","0"
"1000000US500070029004051","Block 4051, Block Group 4, Census Tract 29, Chittenden County, Vermont","5","3","2"
"1000000US500070029004052","Block 4052, Block Group 4, Census Tract 29, Chittenden County, Vermont","0","0","0"
"1000000US500070029004053","Block 4053, Block Group 4, Census Tract 29, Chittenden County, Vermont","2","2","0"
"1000000US500070029004054","Block 4054, Block Group 4, Census Tract 29, Chittenden County, Vermont","0","0","0"
"1000000US500070029004055","Block 4055, Block Group 4, Census Tract 29, Chittenden County, Vermont","0","0","0"
"1000000US500070029004056","Block 4056, Block Group 4, Census Tract 29, Chittenden County, Vermont","0","0","0"
"1000000US500070029004057","Block 4057, Block Group 4, Census Tract 29, Chittenden County, Vermont","1","1","0"
"1000000US500070029004058","Block 4058, Block Group 4, Census Tract 29, Chittenden County, Vermont","0","0","0"
"1000000US500070029004059","Block 4059, Block Group 4, Census Tract 29, Chittenden County, Vermont","0","0","0"
"1000000US500070029004060","Block 4060, Block Group 4, Census Tract 29, Chittenden County, Vermont","2","2","0"
"1000000US500070029004061","Block 4061, Block Group 4, Census Tract 29, Chittenden County, Vermont","0","0","0"
"1000000US500070029004062","Block 4062, Block Group 4, Census Tract 29, Chittenden County, Vermont","5","5","0"
"1000000US500070029004063","Block 4063, Block Group 4, Census Tract 29, Chittenden County, Vermont","7","6","1"
"1000000US500070029004064","Block 4064, Block Group 4, Census Tract 29, Chittenden County, Vermont","6","5","1"
"1000000US500070029004065","Block 4065, Block Group 4, Census Tract 29, Chittenden County, Vermont","0","0","0"
"1000000US500070029004066","Block 4066, Block Group 4, Census Tract 29, Chittenden County, Vermont","0","0","0"
"1000000US500070029004067","Block 4067, Block Group 4, Census Tract 29, Chittenden County, Vermont","3","2","1"
"1000000US500070029004068","Block 4068, Block Group 4, Census Tract 29, Chittenden County, Vermont","5","5","0"
"1000000US500070029004069","Block 4069, Block Group 4, Census Tract 29, Chittenden County, Vermont","0","0","0"
"1000000US500070029004070","Block 4070, Block Group 4, Census Tract 29, Chittenden County, Vermont","2","0","2"
"1000000US500070029004071","Block 4071, Block Group 4, Census Tract 29, Chittenden County, Vermont","0","0","0"
"1000000US500070029004072","Block 4072, Block Group 4, Census Tract 29, Chittenden County, Vermont","1","1","0"
"1000000US500070029004073","Block 4073, Block Group 4, Census Tract 29, Chittenden County, Vermont","3","3","0"
"1000000US500070029004074","Block 4074, Block Group 4, Census Tract 29, Chittenden County, Vermont","0","0","0"
"1000000US500070029004075","Block 4075, Block Group 4, Census Tract 29, Chittenden County, Vermont","0","0","0"
"1000000US500070029004076","Block 4076, Block Group 4, Census Tract 29, Chittenden County, Vermont","0","0","0"
"1000000US500070029004077","Block 4077, Block Group 4, Census Tract 29, Chittenden County, Vermont","0","0","0"
"1000000US500070029004078","Block 4078, Block Group 4, Census Tract 29, Chittenden County, Vermont","0","0","0"
"1000000US500070029004079","Block 4079, Block Group 4, Census Tract 29, Chittenden County, Vermont","1","0","1"
"1000000US500070029004080","Block 4080, Block Group 4, Census Tract 29, Chittenden County, Vermont","0","0","0"
"1000000US500070029004081","Block 4081, Block Group 4, Census Tract 29, Chittenden County, Vermont","1","1","0"
"1000000US500070029004082","Block 4082, Block Group 4, Census Tract 29, Chittenden County, Vermont","23","20","3"
"1000000US500070029004083","Block 4083, Block Group 4, Census Tract 29, Chittenden County, Vermont","0","0","0"
"1000000US500070029004084","Block 4084, Block Group 4, Census Tract 29, Chittenden County, Vermont","0","0","0"
"1000000US500070029004085","Block 4085, Block Group 4, Census Tract 29, Chittenden County, Vermont","0","0","0"
"1000000US500070029004086","Block 4086, Block Group 4, Census Tract 29, Chittenden County, Vermont","10","9","1"
"1000000US500070029004087","Block 4087, Block Group 4, Census Tract 29, Chittenden County, Vermont","27","25","2"
"1000000US500070030001000","Block 1000, Block Group 1, Census Tract 30, Chittenden County, Vermont","0","0","0"
"1000000US500070030001001","Block 1001, Block Group 1, Census Tract 30, Chittenden County, Vermont","5","5","0"
"1000000US500070030001002","Block 1002, Block Group 1, Census Tract 30, Chittenden County, Vermont","0","0","0"
"1000000US500070030001003","Block 1003, Block Group 1, Census Tract 30, Chittenden County, Vermont","0","0","0"
"1000000US500070030001004","Block 1004, Block Group 1, Census Tract 30, Chittenden County, Vermont","0","0","0"
"1000000US500070030001005","Block 1005, Block Group 1, Census Tract 30, Chittenden County, Vermont","3","3","0"
"1000000US500070030001006","Block 1006, Block Group 1, Census Tract 30, Chittenden County, Vermont","0","0","0"
"1000000US500070030001007","Block 1007, Block Group 1, Census Tract 30, Chittenden County, Vermont","38","38","0"
"1000000US500070030001008","Block 1008, Block Group 1, Census Tract 30, Chittenden County, Vermont","43","43","0"
"1000000US500070030001009","Block 1009, Block Group 1, Census Tract 30, Chittenden County, Vermont","0","0","0"
"1000000US500070030001010","Block 1010, Block Group 1, Census Tract 30, Chittenden County, Vermont","0","0","0"
"1000000US500070030001011","Block 1011, Block Group 1, Census Tract 30, Chittenden County, Vermont","0","0","0"
"1000000US500070030001012","Block 1012, Block Group 1, Census Tract 30, Chittenden County, Vermont","0","0","0"
"1000000US500070030001013","Block 1013, Block Group 1, Census Tract 30, Chittenden County, Vermont","0","0","0"
"1000000US500070030001014","Block 1014, Block Group 1, Census Tract 30, Chittenden County, Vermont","0","0","0"
"1000000US500070030001015","Block 1015, Block Group 1, Census Tract 30, Chittenden County, Vermont","26","24","2"
"1000000US500070030001016","Block 1016, Block Group 1, Census Tract 30, Chittenden County, Vermont","12","11","1"
"1000000US500070030001017","Block 1017, Block Group 1, Census Tract 30, Chittenden County, Vermont","0","0","0"
"1000000US500070030001018","Block 1018, Block Group 1, Census Tract 30, Chittenden County, Vermont","5","5","0"
"1000000US500070030001019","Block 1019, Block Group 1, Census Tract 30, Chittenden County, Vermont","16","16","0"
"1000000US500070030001020","Block 1020, Block Group 1, Census Tract 30, Chittenden County, Vermont","102","100","2"
"1000000US500070030001021","Block 1021, Block Group 1, Census Tract 30, Chittenden County, Vermont","8","8","0"
"1000000US500070030001022","Block 1022, Block Group 1, Census Tract 30, Chittenden County, Vermont","0","0","0"
"1000000US500070030001023","Block 1023, Block Group 1, Census Tract 30, Chittenden County, Vermont","7","7","0"
"1000000US500070030001024","Block 1024, Block Group 1, Census Tract 30, Chittenden County, Vermont","49","44","5"
"1000000US500070030001025","Block 1025, Block Group 1, Census Tract 30, Chittenden County, Vermont","4","4","0"
"1000000US500070030001026","Block 1026, Block Group 1, Census Tract 30, Chittenden County, Vermont","0","0","0"
"1000000US500070030001027","Block 1027, Block Group 1, Census Tract 30, Chittenden County, Vermont","36","36","0"
"1000000US500070030001028","Block 1028, Block Group 1, Census Tract 30, Chittenden County, Vermont","1","1","0"
"1000000US500070030001029","Block 1029, Block Group 1, Census Tract 30, Chittenden County, Vermont","182","179","3"
"1000000US500070030001030","Block 1030, Block Group 1, Census Tract 30, Chittenden County, Vermont","4","4","0"
"1000000US500070030001031","Block 1031, Block Group 1, Census Tract 30, Chittenden County, Vermont","0","0","0"
"1000000US500070030001032","Block 1032, Block Group 1, Census Tract 30, Chittenden County, Vermont","0","0","0"
"1000000US500070030001033","Block 1033, Block Group 1, Census Tract 30, Chittenden County, Vermont","0","0","0"
"1000000US500070030001034","Block 1034, Block Group 1, Census Tract 30, Chittenden County, Vermont","0","0","0"
"1000000US500070030001035","Block 1035, Block Group 1, Census Tract 30, Chittenden County, Vermont","0","0","0"
"1000000US500070030001036","Block 1036, Block Group 1, Census Tract 30, Chittenden County, Vermont","0","0","0"
"1000000US500070030001037","Block 1037, Block Group 1, Census Tract 30, Chittenden County, Vermont","1","1","0"
"1000000US500070030001038","Block 1038, Block Group 1, Census Tract 30, Chittenden County, Vermont","0","0","0"
"1000000US500070030001039","Block 1039, Block Group 1, Census Tract 30, Chittenden County, Vermont","0","0","0"
"1000000US500070030001040","Block 1040, Block Group 1, Census Tract 30, Chittenden County, Vermont","48","48","0"
"1000000US500070030001041","Block 1041, Block Group 1, Census Tract 30, Chittenden County, Vermont","2","2","0"
"1000000US500070030001042","Block 1042, Block Group 1, Census Tract 30, Chittenden County, Vermont","3","2","1"
"1000000US500070030001043","Block 1043, Block Group 1, Census Tract 30, Chittenden County, Vermont","72","70","2"
"1000000US500070030001044","Block 1044, Block Group 1, Census Tract 30, Chittenden County, Vermont","6","6","0"
"1000000US500070030001045","Block 1045, Block Group 1, Census Tract 30, Chittenden County, Vermont","3","3","0"
"1000000US500070030001046","Block 1046, Block Group 1, Census Tract 30, Chittenden County, Vermont","1","1","0"
"1000000US500070030001047","Block 1047, Block Group 1, Census Tract 30, Chittenden County, Vermont","44","43","1"
"1000000US500070030001048","Block 1048, Block Group 1, Census Tract 30, Chittenden County, Vermont","0","0","0"
"1000000US500070030001049","Block 1049, Block Group 1, Census Tract 30, Chittenden County, Vermont","36","34","2"
"1000000US500070030001050","Block 1050, Block Group 1, Census Tract 30, Chittenden County, Vermont","0","0","0"
"1000000US500070030001051","Block 1051, Block Group 1, Census Tract 30, Chittenden County, Vermont","0","0","0"
"1000000US500070030001052","Block 1052, Block Group 1, Census Tract 30, Chittenden County, Vermont","2","2","0"
"1000000US500070030001053","Block 1053, Block Group 1, Census Tract 30, Chittenden County, Vermont","8","6","2"
"1000000US500070030001054","Block 1054, Block Group 1, Census Tract 30, Chittenden County, Vermont","0","0","0"
"1000000US500070030001055","Block 1055, Block Group 1, Census Tract 30, Chittenden County, Vermont","0","0","0"
"1000000US500070030001056","Block 1056, Block Group 1, Census Tract 30, Chittenden County, Vermont","0","0","0"
"1000000US500070030001057","Block 1057, Block Group 1, Census Tract 30, Chittenden County, Vermont","0","0","0"
"1000000US500070030001058","Block 1058, Block Group 1, Census Tract 30, Chittenden County, Vermont","5","5","0"
"1000000US500070030001059","Block 1059, Block Group 1, Census Tract 30, Chittenden County, Vermont","0","0","0"
"1000000US500070030001060","Block 1060, Block Group 1, Census Tract 30, Chittenden County, Vermont","13","12","1"
"1000000US500070030002000","Block 2000, Block Group 2, Census Tract 30, Chittenden County, Vermont","49","47","2"
"1000000US500070030002001","Block 2001, Block Group 2, Census Tract 30, Chittenden County, Vermont","0","0","0"
"1000000US500070030002002","Block 2002, Block Group 2, Census Tract 30, Chittenden County, Vermont","7","7","0"
"1000000US500070030002003","Block 2003, Block Group 2, Census Tract 30, Chittenden County, Vermont","44","44","0"
"1000000US500070030002004","Block 2004, Block Group 2, Census Tract 30, Chittenden County, Vermont","0","0","0"
"1000000US500070030002005","Block 2005, Block Group 2, Census Tract 30, Chittenden County, Vermont","0","0","0"
"1000000US500070030002006","Block 2006, Block Group 2, Census Tract 30, Chittenden County, Vermont","1","1","0"
"1000000US500070030002007","Block 2007, Block Group 2, Census Tract 30, Chittenden County, Vermont","8","8","0"
"1000000US500070030002008","Block 2008, Block Group 2, Census Tract 30, Chittenden County, Vermont","10","10","0"
"1000000US500070030002009","Block 2009, Block Group 2, Census Tract 30, Chittenden County, Vermont","65","65","0"
"1000000US500070030002010","Block 2010, Block Group 2, Census Tract 30, Chittenden County, Vermont","15","15","0"
"1000000US500070030002011","Block 2011, Block Group 2, Census Tract 30, Chittenden County, Vermont","57","56","1"
"1000000US500070030002012","Block 2012, Block Group 2, Census Tract 30, Chittenden County, Vermont","6","6","0"
"1000000US500070030002013","Block 2013, Block Group 2, Census Tract 30, Chittenden County, Vermont","19","19","0"
"1000000US500070030002014","Block 2014, Block Group 2, Census Tract 30, Chittenden County, Vermont","0","0","0"
"1000000US500070030002015","Block 2015, Block Group 2, Census Tract 30, Chittenden County, Vermont","0","0","0"
"1000000US500070030002016","Block 2016, Block Group 2, Census Tract 30, Chittenden County, Vermont","0","0","0"
"1000000US500070030002017","Block 2017, Block Group 2, Census Tract 30, Chittenden County, Vermont","0","0","0"
"1000000US500070030002018","Block 2018, Block Group 2, Census Tract 30, Chittenden County, Vermont","15","7","8"
"1000000US500070030002019","Block 2019, Block Group 2, Census Tract 30, Chittenden County, Vermont","0","0","0"
"1000000US500070030002020","Block 2020, Block Group 2, Census Tract 30, Chittenden County, Vermont","0","0","0"
"1000000US500070030002021","Block 2021, Block Group 2, Census Tract 30, Chittenden County, Vermont","0","0","0"
"1000000US500070030002022","Block 2022, Block Group 2, Census Tract 30, Chittenden County, Vermont","0","0","0"
"1000000US500070030002023","Block 2023, Block Group 2, Census Tract 30, Chittenden County, Vermont","0","0","0"
"1000000US500070030002024","Block 2024, Block Group 2, Census Tract 30, Chittenden County, Vermont","0","0","0"
"1000000US500070030002025","Block 2025, Block Group 2, Census Tract 30, Chittenden County, Vermont","0","0","0"
"1000000US500070030002026","Block 2026, Block Group 2, Census Tract 30, Chittenden County, Vermont","12","12","0"
"1000000US500070030002027","Block 2027, Block Group 2, Census Tract 30, Chittenden County, Vermont","29","28","1"
"1000000US500070030002028","Block 2028, Block Group 2, Census Tract 30, Chittenden County, Vermont","18","16","2"
"1000000US500070030002029","Block 2029, Block Group 2, Census Tract 30, Chittenden County, Vermont","8","8","0"
"1000000US500070030002030","Block 2030, Block Group 2, Census Tract 30, Chittenden County, Vermont","13","13","0"
"1000000US500070030002031","Block 2031, Block Group 2, Census Tract 30, Chittenden County, Vermont","3","3","0"
"1000000US500070030002032","Block 2032, Block Group 2, Census Tract 30, Chittenden County, Vermont","1","1","0"
"1000000US500070030002033","Block 2033, Block Group 2, Census Tract 30, Chittenden County, Vermont","0","0","0"
"1000000US500070030002034","Block 2034, Block Group 2, Census Tract 30, Chittenden County, Vermont","70","68","2"
"1000000US500070030002035","Block 2035, Block Group 2, Census Tract 30, Chittenden County, Vermont","3","3","0"
"1000000US500070030002036","Block 2036, Block Group 2, Census Tract 30, Chittenden County, Vermont","0","0","0"
"1000000US500070030002037","Block 2037, Block Group 2, Census Tract 30, Chittenden County, Vermont","0","0","0"
"1000000US500070030002038","Block 2038, Block Group 2, Census Tract 30, Chittenden County, Vermont","0","0","0"
"1000000US500070030002039","Block 2039, Block Group 2, Census Tract 30, Chittenden County, Vermont","75","73","2"
"1000000US500070030002040","Block 2040, Block Group 2, Census Tract 30, Chittenden County, Vermont","53","44","9"
"1000000US500070030002041","Block 2041, Block Group 2, Census Tract 30, Chittenden County, Vermont","0","0","0"
"1000000US500070030002042","Block 2042, Block Group 2, Census Tract 30, Chittenden County, Vermont","2","0","2"
"1000000US500070030002043","Block 2043, Block Group 2, Census Tract 30, Chittenden County, Vermont","0","0","0"
"1000000US500070030002044","Block 2044, Block Group 2, Census Tract 30, Chittenden County, Vermont","0","0","0"
"1000000US500070030002045","Block 2045, Block Group 2, Census Tract 30, Chittenden County, Vermont","0","0","0"
"1000000US500070030002046","Block 2046, Block Group 2, Census Tract 30, Chittenden County, Vermont","35","34","1"
"1000000US500070030002047","Block 2047, Block Group 2, Census Tract 30, Chittenden County, Vermont","39","35","4"
"1000000US500070030002048","Block 2048, Block Group 2, Census Tract 30, Chittenden County, Vermont","0","0","0"
"1000000US500070030002049","Block 2049, Block Group 2, Census Tract 30, Chittenden County, Vermont","0","0","0"
"1000000US500070030002050","Block 2050, Block Group 2, Census Tract 30, Chittenden County, Vermont","0","0","0"
"1000000US500070030002051","Block 2051, Block Group 2, Census Tract 30, Chittenden County, Vermont","3","3","0"
"1000000US500070030002052","Block 2052, Block Group 2, Census Tract 30, Chittenden County, Vermont","0","0","0"
"1000000US500070030002053","Block 2053, Block Group 2, Census Tract 30, Chittenden County, Vermont","13","12","1"
"1000000US500070030002054","Block 2054, Block Group 2, Census Tract 30, Chittenden County, Vermont","0","0","0"
"1000000US500070030002055","Block 2055, Block Group 2, Census Tract 30, Chittenden County, Vermont","1","1","0"
"1000000US500070030002056","Block 2056, Block Group 2, Census Tract 30, Chittenden County, Vermont","0","0","0"
"1000000US500070030002057","Block 2057, Block Group 2, Census Tract 30, Chittenden County, Vermont","4","4","0"
"1000000US500070030002058","Block 2058, Block Group 2, Census Tract 30, Chittenden County, Vermont","0","0","0"
"1000000US500070030002059","Block 2059, Block Group 2, Census Tract 30, Chittenden County, Vermont","0","0","0"
"1000000US500070030002060","Block 2060, Block Group 2, Census Tract 30, Chittenden County, Vermont","3","3","0"
"1000000US500070030002061","Block 2061, Block Group 2, Census Tract 30, Chittenden County, Vermont","57","55","2"
"1000000US500070030002062","Block 2062, Block Group 2, Census Tract 30, Chittenden County, Vermont","0","0","0"
"1000000US500070030002063","Block 2063, Block Group 2, Census Tract 30, Chittenden County, Vermont","8","8","0"
"1000000US500070030002064","Block 2064, Block Group 2, Census Tract 30, Chittenden County, Vermont","0","0","0"
"1000000US500070030002065","Block 2065, Block Group 2, Census Tract 30, Chittenden County, Vermont","0","0","0"
"1000000US500070030002066","Block 2066, Block Group 2, Census Tract 30, Chittenden County, Vermont","0","0","0"
"1000000US500070030002067","Block 2067, Block Group 2, Census Tract 30, Chittenden County, Vermont","0","0","0"
"1000000US500070030002068","Block 2068, Block Group 2, Census Tract 30, Chittenden County, Vermont","0","0","0"
"1000000US500070030002069","Block 2069, Block Group 2, Census Tract 30, Chittenden County, Vermont","11","11","0"
"1000000US500070030002070","Block 2070, Block Group 2, Census Tract 30, Chittenden County, Vermont","0","0","0"
"1000000US500070030002071","Block 2071, Block Group 2, Census Tract 30, Chittenden County, Vermont","0","0","0"
"1000000US500070030002072","Block 2072, Block Group 2, Census Tract 30, Chittenden County, Vermont","0","0","0"
"1000000US500070030002073","Block 2073, Block Group 2, Census Tract 30, Chittenden County, Vermont","0","0","0"
"1000000US500070030002074","Block 2074, Block Group 2, Census Tract 30, Chittenden County, Vermont","0","0","0"
"1000000US500070030002075","Block 2075, Block Group 2, Census Tract 30, Chittenden County, Vermont","0","0","0"
"1000000US500070030002076","Block 2076, Block Group 2, Census Tract 30, Chittenden County, Vermont","3","3","0"
"1000000US500070030002077","Block 2077, Block Group 2, Census Tract 30, Chittenden County, Vermont","19","15","4"
"1000000US500070030002078","Block 2078, Block Group 2, Census Tract 30, Chittenden County, Vermont","0","0","0"
"1000000US500070030002079","Block 2079, Block Group 2, Census Tract 30, Chittenden County, Vermont","35","33","2"
"1000000US500070030002080","Block 2080, Block Group 2, Census Tract 30, Chittenden County, Vermont","9","9","0"
"1000000US500070030002081","Block 2081, Block Group 2, Census Tract 30, Chittenden County, Vermont","0","0","0"
"1000000US500070030002082","Block 2082, Block Group 2, Census Tract 30, Chittenden County, Vermont","2","2","0"
"1000000US500070030002083","Block 2083, Block Group 2, Census Tract 30, Chittenden County, Vermont","0","0","0"
"1000000US500070030002084","Block 2084, Block Group 2, Census Tract 30, Chittenden County, Vermont","2","2","0"
"1000000US500070030002085","Block 2085, Block Group 2, Census Tract 30, Chittenden County, Vermont","1","0","1"
"1000000US500070030002086","Block 2086, Block Group 2, Census Tract 30, Chittenden County, Vermont","4","4","0"
"1000000US500070030002087","Block 2087, Block Group 2, Census Tract 30, Chittenden County, Vermont","0","0","0"
"1000000US500070030002088","Block 2088, Block Group 2, Census Tract 30, Chittenden County, Vermont","0","0","0"
"1000000US500070030002089","Block 2089, Block Group 2, Census Tract 30, Chittenden County, Vermont","15","15","0"
"1000000US500070030002090","Block 2090, Block Group 2, Census Tract 30, Chittenden County, Vermont","21","20","1"
"1000000US500070030002091","Block 2091, Block Group 2, Census Tract 30, Chittenden County, Vermont","0","0","0"
"1000000US500070031001000","Block 1000, Block Group 1, Census Tract 31, Chittenden County, Vermont","0","0","0"
"1000000US500070031001001","Block 1001, Block Group 1, Census Tract 31, Chittenden County, Vermont","0","0","0"
"1000000US500070031001002","Block 1002, Block Group 1, Census Tract 31, Chittenden County, Vermont","0","0","0"
"1000000US500070031001003","Block 1003, Block Group 1, Census Tract 31, Chittenden County, Vermont","0","0","0"
"1000000US500070031001004","Block 1004, Block Group 1, Census Tract 31, Chittenden County, Vermont","0","0","0"
"1000000US500070031001005","Block 1005, Block Group 1, Census Tract 31, Chittenden County, Vermont","41","40","1"
"1000000US500070031001006","Block 1006, Block Group 1, Census Tract 31, Chittenden County, Vermont","0","0","0"
"1000000US500070031001007","Block 1007, Block Group 1, Census Tract 31, Chittenden County, Vermont","0","0","0"
"1000000US500070031001008","Block 1008, Block Group 1, Census Tract 31, Chittenden County, Vermont","32","31","1"
"1000000US500070031001009","Block 1009, Block Group 1, Census Tract 31, Chittenden County, Vermont","96","94","2"
"1000000US500070031001010","Block 1010, Block Group 1, Census Tract 31, Chittenden County, Vermont","12","12","0"
"1000000US500070031001011","Block 1011, Block Group 1, Census Tract 31, Chittenden County, Vermont","8","8","0"
"1000000US500070031001012","Block 1012, Block Group 1, Census Tract 31, Chittenden County, Vermont","6","6","0"
"1000000US500070031001013","Block 1013, Block Group 1, Census Tract 31, Chittenden County, Vermont","5","5","0"
"1000000US500070031001014","Block 1014, Block Group 1, Census Tract 31, Chittenden County, Vermont","1","1","0"
"1000000US500070031001015","Block 1015, Block Group 1, Census Tract 31, Chittenden County, Vermont","1","1","0"
"1000000US500070031001016","Block 1016, Block Group 1, Census Tract 31, Chittenden County, Vermont","0","0","0"
"1000000US500070031001017","Block 1017, Block Group 1, Census Tract 31, Chittenden County, Vermont","0","0","0"
"1000000US500070031001018","Block 1018, Block Group 1, Census Tract 31, Chittenden County, Vermont","0","0","0"
"1000000US500070031001019","Block 1019, Block Group 1, Census Tract 31, Chittenden County, Vermont","31","30","1"
"1000000US500070031001020","Block 1020, Block Group 1, Census Tract 31, Chittenden County, Vermont","5","5","0"
"1000000US500070031001021","Block 1021, Block Group 1, Census Tract 31, Chittenden County, Vermont","199","196","3"
"1000000US500070031001022","Block 1022, Block Group 1, Census Tract 31, Chittenden County, Vermont","0","0","0"
"1000000US500070031001023","Block 1023, Block Group 1, Census Tract 31, Chittenden County, Vermont","63","62","1"
"1000000US500070031001024","Block 1024, Block Group 1, Census Tract 31, Chittenden County, Vermont","25","25","0"
"1000000US500070031001025","Block 1025, Block Group 1, Census Tract 31, Chittenden County, Vermont","27","24","3"
"1000000US500070031001026","Block 1026, Block Group 1, Census Tract 31, Chittenden County, Vermont","34","34","0"
"1000000US500070031001027","Block 1027, Block Group 1, Census Tract 31, Chittenden County, Vermont","7","7","0"
"1000000US500070031001028","Block 1028, Block Group 1, Census Tract 31, Chittenden County, Vermont","12","12","0"
"1000000US500070031001029","Block 1029, Block Group 1, Census Tract 31, Chittenden County, Vermont","14","14","0"
"1000000US500070031001030","Block 1030, Block Group 1, Census Tract 31, Chittenden County, Vermont","0","0","0"
"1000000US500070031001031","Block 1031, Block Group 1, Census Tract 31, Chittenden County, Vermont","0","0","0"
"1000000US500070031001032","Block 1032, Block Group 1, Census Tract 31, Chittenden County, Vermont","0","0","0"
"1000000US500070031001033","Block 1033, Block Group 1, Census Tract 31, Chittenden County, Vermont","0","0","0"
"1000000US500070031001034","Block 1034, Block Group 1, Census Tract 31, Chittenden County, Vermont","1","1","0"
"1000000US500070031001035","Block 1035, Block Group 1, Census Tract 31, Chittenden County, Vermont","42","40","2"
"1000000US500070031001036","Block 1036, Block Group 1, Census Tract 31, Chittenden County, Vermont","14","14","0"
"1000000US500070031001037","Block 1037, Block Group 1, Census Tract 31, Chittenden County, Vermont","3","3","0"
"1000000US500070031001038","Block 1038, Block Group 1, Census Tract 31, Chittenden County, Vermont","0","0","0"
"1000000US500070031001039","Block 1039, Block Group 1, Census Tract 31, Chittenden County, Vermont","5","4","1"
"1000000US500070031001040","Block 1040, Block Group 1, Census Tract 31, Chittenden County, Vermont","4","4","0"
"1000000US500070031001041","Block 1041, Block Group 1, Census Tract 31, Chittenden County, Vermont","1","1","0"
"1000000US500070031001042","Block 1042, Block Group 1, Census Tract 31, Chittenden County, Vermont","0","0","0"
"1000000US500070031001043","Block 1043, Block Group 1, Census Tract 31, Chittenden County, Vermont","0","0","0"
"1000000US500070031001044","Block 1044, Block Group 1, Census Tract 31, Chittenden County, Vermont","0","0","0"
"1000000US500070031001045","Block 1045, Block Group 1, Census Tract 31, Chittenden County, Vermont","1","1","0"
"1000000US500070031001046","Block 1046, Block Group 1, Census Tract 31, Chittenden County, Vermont","0","0","0"
"1000000US500070031001047","Block 1047, Block Group 1, Census Tract 31, Chittenden County, Vermont","0","0","0"
"1000000US500070031001048","Block 1048, Block Group 1, Census Tract 31, Chittenden County, Vermont","0","0","0"
"1000000US500070031001049","Block 1049, Block Group 1, Census Tract 31, Chittenden County, Vermont","0","0","0"
"1000000US500070031001050","Block 1050, Block Group 1, Census Tract 31, Chittenden County, Vermont","0","0","0"
"1000000US500070031001051","Block 1051, Block Group 1, Census Tract 31, Chittenden County, Vermont","0","0","0"
"1000000US500070031001052","Block 1052, Block Group 1, Census Tract 31, Chittenden County, Vermont","0","0","0"
"1000000US500070031001053","Block 1053, Block Group 1, Census Tract 31, Chittenden County, Vermont","0","0","0"
"1000000US500070031002000","Block 2000, Block Group 2, Census Tract 31, Chittenden County, Vermont","0","0","0"
"1000000US500070031002001","Block 2001, Block Group 2, Census Tract 31, Chittenden County, Vermont","0","0","0"
"1000000US500070031002002","Block 2002, Block Group 2, Census Tract 31, Chittenden County, Vermont","0","0","0"
"1000000US500070031002003","Block 2003, Block Group 2, Census Tract 31, Chittenden County, Vermont","0","0","0"
"1000000US500070031002004","Block 2004, Block Group 2, Census Tract 31, Chittenden County, Vermont","0","0","0"
"1000000US500070031002005","Block 2005, Block Group 2, Census Tract 31, Chittenden County, Vermont","0","0","0"
"1000000US500070031002006","Block 2006, Block Group 2, Census Tract 31, Chittenden County, Vermont","195","192","3"
"1000000US500070031002007","Block 2007, Block Group 2, Census Tract 31, Chittenden County, Vermont","36","34","2"
"1000000US500070031002008","Block 2008, Block Group 2, Census Tract 31, Chittenden County, Vermont","4","4","0"
"1000000US500070031002009","Block 2009, Block Group 2, Census Tract 31, Chittenden County, Vermont","0","0","0"
"1000000US500070031002010","Block 2010, Block Group 2, Census Tract 31, Chittenden County, Vermont","0","0","0"
"1000000US500070031002011","Block 2011, Block Group 2, Census Tract 31, Chittenden County, Vermont","0","0","0"
"1000000US500070031002012","Block 2012, Block Group 2, Census Tract 31, Chittenden County, Vermont","0","0","0"
"1000000US500070031002013","Block 2013, Block Group 2, Census Tract 31, Chittenden County, Vermont","0","0","0"
"1000000US500070031002014","Block 2014, Block Group 2, Census Tract 31, Chittenden County, Vermont","0","0","0"
"1000000US500070031002015","Block 2015, Block Group 2, Census Tract 31, Chittenden County, Vermont","0","0","0"
"1000000US500070031002016","Block 2016, Block Group 2, Census Tract 31, Chittenden County, Vermont","0","0","0"
"1000000US500070031002017","Block 2017, Block Group 2, Census Tract 31, Chittenden County, Vermont","5","5","0"
"1000000US500070031002018","Block 2018, Block Group 2, Census Tract 31, Chittenden County, Vermont","12","11","1"
"1000000US500070031002019","Block 2019, Block Group 2, Census Tract 31, Chittenden County, Vermont","0","0","0"
"1000000US500070031002020","Block 2020, Block Group 2, Census Tract 31, Chittenden County, Vermont","0","0","0"
"1000000US500070031002021","Block 2021, Block Group 2, Census Tract 31, Chittenden County, Vermont","17","16","1"
"1000000US500070031002022","Block 2022, Block Group 2, Census Tract 31, Chittenden County, Vermont","13","13","0"
"1000000US500070031002023","Block 2023, Block Group 2, Census Tract 31, Chittenden County, Vermont","101","98","3"
"1000000US500070031002024","Block 2024, Block Group 2, Census Tract 31, Chittenden County, Vermont","3","3","0"
"1000000US500070031002025","Block 2025, Block Group 2, Census Tract 31, Chittenden County, Vermont","60","58","2"
"1000000US500070031002026","Block 2026, Block Group 2, Census Tract 31, Chittenden County, Vermont","20","20","0"
"1000000US500070031002027","Block 2027, Block Group 2, Census Tract 31, Chittenden County, Vermont","8","8","0"
"1000000US500070031002028","Block 2028, Block Group 2, Census Tract 31, Chittenden County, Vermont","27","25","2"
"1000000US500070031002029","Block 2029, Block Group 2, Census Tract 31, Chittenden County, Vermont","20","19","1"
"1000000US500070031002030","Block 2030, Block Group 2, Census Tract 31, Chittenden County, Vermont","0","0","0"
"1000000US500070031002031","Block 2031, Block Group 2, Census Tract 31, Chittenden County, Vermont","16","16","0"
"1000000US500070031002032","Block 2032, Block Group 2, Census Tract 31, Chittenden County, Vermont","32","29","3"
"1000000US500070031002033","Block 2033, Block Group 2, Census Tract 31, Chittenden County, Vermont","14","14","0"
"1000000US500070031002034","Block 2034, Block Group 2, Census Tract 31, Chittenden County, Vermont","1","1","0"
"1000000US500070031002035","Block 2035, Block Group 2, Census Tract 31, Chittenden County, Vermont","17","17","0"
"1000000US500070031002036","Block 2036, Block Group 2, Census Tract 31, Chittenden County, Vermont","23","22","1"
"1000000US500070031002037","Block 2037, Block Group 2, Census Tract 31, Chittenden County, Vermont","0","0","0"
"1000000US500070031002038","Block 2038, Block Group 2, Census Tract 31, Chittenden County, Vermont","36","36","0"
"1000000US500070031002039","Block 2039, Block Group 2, Census Tract 31, Chittenden County, Vermont","101","85","16"
"1000000US500070031002040","Block 2040, Block Group 2, Census Tract 31, Chittenden County, Vermont","3","3","0"
"1000000US500070031002041","Block 2041, Block Group 2, Census Tract 31, Chittenden County, Vermont","2","2","0"
"1000000US500070031002042","Block 2042, Block Group 2, Census Tract 31, Chittenden County, Vermont","0","0","0"
"1000000US500070031002043","Block 2043, Block Group 2, Census Tract 31, Chittenden County, Vermont","7","7","0"
"1000000US500070031002044","Block 2044, Block Group 2, Census Tract 31, Chittenden County, Vermont","3","3","0"
"1000000US500070031002045","Block 2045, Block Group 2, Census Tract 31, Chittenden County, Vermont","0","0","0"
"1000000US500070031002046","Block 2046, Block Group 2, Census Tract 31, Chittenden County, Vermont","0","0","0"
"1000000US500070031002047","Block 2047, Block Group 2, Census Tract 31, Chittenden County, Vermont","0","0","0"
"1000000US500070031003000","Block 3000, Block Group 3, Census Tract 31, Chittenden County, Vermont","1","1","0"
"1000000US500070031003001","Block 3001, Block Group 3, Census Tract 31, Chittenden County, Vermont","0","0","0"
"1000000US500070031003002","Block 3002, Block Group 3, Census Tract 31, Chittenden County, Vermont","0","0","0"
"1000000US500070031003003","Block 3003, Block Group 3, Census Tract 31, Chittenden County, Vermont","1","1","0"
"1000000US500070031003004","Block 3004, Block Group 3, Census Tract 31, Chittenden County, Vermont","3","3","0"
"1000000US500070031003005","Block 3005, Block Group 3, Census Tract 31, Chittenden County, Vermont","0","0","0"
"1000000US500070031003006","Block 3006, Block Group 3, Census Tract 31, Chittenden County, Vermont","0","0","0"
"1000000US500070031003007","Block 3007, Block Group 3, Census Tract 31, Chittenden County, Vermont","212","195","17"
"1000000US500070031003008","Block 3008, Block Group 3, Census Tract 31, Chittenden County, Vermont","1","1","0"
"1000000US500070031003009","Block 3009, Block Group 3, Census Tract 31, Chittenden County, Vermont","22","20","2"
"1000000US500070031003010","Block 3010, Block Group 3, Census Tract 31, Chittenden County, Vermont","13","13","0"
"1000000US500070031003011","Block 3011, Block Group 3, Census Tract 31, Chittenden County, Vermont","0","0","0"
"1000000US500070031003012","Block 3012, Block Group 3, Census Tract 31, Chittenden County, Vermont","16","16","0"
"1000000US500070031003013","Block 3013, Block Group 3, Census Tract 31, Chittenden County, Vermont","0","0","0"
"1000000US500070031003014","Block 3014, Block Group 3, Census Tract 31, Chittenden County, Vermont","0","0","0"
"1000000US500070031003015","Block 3015, Block Group 3, Census Tract 31, Chittenden County, Vermont","60","60","0"
"1000000US500070031003016","Block 3016, Block Group 3, Census Tract 31, Chittenden County, Vermont","13","13","0"
"1000000US500070031003017","Block 3017, Block Group 3, Census Tract 31, Chittenden County, Vermont","69","68","1"
"1000000US500070031003018","Block 3018, Block Group 3, Census Tract 31, Chittenden County, Vermont","10","10","0"
"1000000US500070031003019","Block 3019, Block Group 3, Census Tract 31, Chittenden County, Vermont","125","122","3"
"1000000US500070031003020","Block 3020, Block Group 3, Census Tract 31, Chittenden County, Vermont","31","29","2"
"1000000US500070031003021","Block 3021, Block Group 3, Census Tract 31, Chittenden County, Vermont","16","16","0"
"1000000US500070031003022","Block 3022, Block Group 3, Census Tract 31, Chittenden County, Vermont","25","25","0"
"1000000US500070031003023","Block 3023, Block Group 3, Census Tract 31, Chittenden County, Vermont","0","0","0"
"1000000US500070031003024","Block 3024, Block Group 3, Census Tract 31, Chittenden County, Vermont","95","91","4"
"1000000US500070031003025","Block 3025, Block Group 3, Census Tract 31, Chittenden County, Vermont","0","0","0"
"1000000US500070031003026","Block 3026, Block Group 3, Census Tract 31, Chittenden County, Vermont","0","0","0"
"1000000US500070031003027","Block 3027, Block Group 3, Census Tract 31, Chittenden County, Vermont","18","18","0"
"1000000US500070031003028","Block 3028, Block Group 3, Census Tract 31, Chittenden County, Vermont","0","0","0"
"1000000US500070031003029","Block 3029, Block Group 3, Census Tract 31, Chittenden County, Vermont","60","58","2"
"1000000US500070031003030","Block 3030, Block Group 3, Census Tract 31, Chittenden County, Vermont","0","0","0"
"1000000US500070031003031","Block 3031, Block Group 3, Census Tract 31, Chittenden County, Vermont","0","0","0"
"1000000US500070031003032","Block 3032, Block Group 3, Census Tract 31, Chittenden County, Vermont","0","0","0"
"1000000US500070031003033","Block 3033, Block Group 3, Census Tract 31, Chittenden County, Vermont","0","0","0"
"1000000US500070031003034","Block 3034, Block Group 3, Census Tract 31, Chittenden County, Vermont","43","40","3"
"1000000US500070031003035","Block 3035, Block Group 3, Census Tract 31, Chittenden County, Vermont","0","0","0"
"1000000US500070031003036","Block 3036, Block Group 3, Census Tract 31, Chittenden County, Vermont","1","1","0"
"1000000US500070031003037","Block 3037, Block Group 3, Census Tract 31, Chittenden County, Vermont","64","61","3"
"1000000US500070031003038","Block 3038, Block Group 3, Census Tract 31, Chittenden County, Vermont","0","0","0"
"1000000US500070031003039","Block 3039, Block Group 3, Census Tract 31, Chittenden County, Vermont","0","0","0"
"1000000US500070031003040","Block 3040, Block Group 3, Census Tract 31, Chittenden County, Vermont","86","84","2"
"1000000US500070031003041","Block 3041, Block Group 3, Census Tract 31, Chittenden County, Vermont","0","0","0"
"1000000US500070031003042","Block 3042, Block Group 3, Census Tract 31, Chittenden County, Vermont","1","1","0"
"1000000US500070031003043","Block 3043, Block Group 3, Census Tract 31, Chittenden County, Vermont","3","3","0"
"1000000US500070031004000","Block 4000, Block Group 4, Census Tract 31, Chittenden County, Vermont","0","0","0"
"1000000US500070031004001","Block 4001, Block Group 4, Census Tract 31, Chittenden County, Vermont","0","0","0"
"1000000US500070031004002","Block 4002, Block Group 4, Census Tract 31, Chittenden County, Vermont","0","0","0"
"1000000US500070031004003","Block 4003, Block Group 4, Census Tract 31, Chittenden County, Vermont","3","3","0"
"1000000US500070031004004","Block 4004, Block Group 4, Census Tract 31, Chittenden County, Vermont","0","0","0"
"1000000US500070031004005","Block 4005, Block Group 4, Census Tract 31, Chittenden County, Vermont","15","15","0"
"1000000US500070031004006","Block 4006, Block Group 4, Census Tract 31, Chittenden County, Vermont","0","0","0"
"1000000US500070031004007","Block 4007, Block Group 4, Census Tract 31, Chittenden County, Vermont","160","150","10"
"1000000US500070031004008","Block 4008, Block Group 4, Census Tract 31, Chittenden County, Vermont","20","18","2"
"1000000US500070031004009","Block 4009, Block Group 4, Census Tract 31, Chittenden County, Vermont","10","8","2"
"1000000US500070031004010","Block 4010, Block Group 4, Census Tract 31, Chittenden County, Vermont","12","12","0"
"1000000US500070031004011","Block 4011, Block Group 4, Census Tract 31, Chittenden County, Vermont","8","8","0"
"1000000US500070031004012","Block 4012, Block Group 4, Census Tract 31, Chittenden County, Vermont","9","8","1"
"1000000US500070031004013","Block 4013, Block Group 4, Census Tract 31, Chittenden County, Vermont","13","12","1"
"1000000US500070031004014","Block 4014, Block Group 4, Census Tract 31, Chittenden County, Vermont","9","9","0"
"1000000US500070031004015","Block 4015, Block Group 4, Census Tract 31, Chittenden County, Vermont","4","4","0"
"1000000US500070031004016","Block 4016, Block Group 4, Census Tract 31, Chittenden County, Vermont","23","22","1"
"1000000US500070031004017","Block 4017, Block Group 4, Census Tract 31, Chittenden County, Vermont","13","13","0"
"1000000US500070031004018","Block 4018, Block Group 4, Census Tract 31, Chittenden County, Vermont","146","134","12"
"1000000US500070031004019","Block 4019, Block Group 4, Census Tract 31, Chittenden County, Vermont","18","18","0"
"1000000US500070031004020","Block 4020, Block Group 4, Census Tract 31, Chittenden County, Vermont","16","16","0"
"1000000US500070031004021","Block 4021, Block Group 4, Census Tract 31, Chittenden County, Vermont","92","90","2"
"1000000US500070031004022","Block 4022, Block Group 4, Census Tract 31, Chittenden County, Vermont","11","10","1"
"1000000US500070031004023","Block 4023, Block Group 4, Census Tract 31, Chittenden County, Vermont","23","23","0"
"1000000US500070031004024","Block 4024, Block Group 4, Census Tract 31, Chittenden County, Vermont","13","13","0"
"1000000US500070031004025","Block 4025, Block Group 4, Census Tract 31, Chittenden County, Vermont","14","13","1"
"1000000US500070031004026","Block 4026, Block Group 4, Census Tract 31, Chittenden County, Vermont","5","5","0"
"1000000US500070031004027","Block 4027, Block Group 4, Census Tract 31, Chittenden County, Vermont","11","11","0"
"1000000US500070031004028","Block 4028, Block Group 4, Census Tract 31, Chittenden County, Vermont","17","17","0"
"1000000US500070031004029","Block 4029, Block Group 4, Census Tract 31, Chittenden County, Vermont","28","28","0"
"1000000US500070031004030","Block 4030, Block Group 4, Census Tract 31, Chittenden County, Vermont","8","8","0"
"1000000US500070031004031","Block 4031, Block Group 4, Census Tract 31, Chittenden County, Vermont","4","4","0"
"1000000US500070031004032","Block 4032, Block Group 4, Census Tract 31, Chittenden County, Vermont","199","192","7"
"1000000US500070031004033","Block 4033, Block Group 4, Census Tract 31, Chittenden County, Vermont","3","3","0"
"1000000US500070031004034","Block 4034, Block Group 4, Census Tract 31, Chittenden County, Vermont","0","0","0"
"1000000US500070031004035","Block 4035, Block Group 4, Census Tract 31, Chittenden County, Vermont","13","13","0"
"1000000US500070031004036","Block 4036, Block Group 4, Census Tract 31, Chittenden County, Vermont","0","0","0"
"1000000US500070031004037","Block 4037, Block Group 4, Census Tract 31, Chittenden County, Vermont","3","3","0"
"1000000US500070031004038","Block 4038, Block Group 4, Census Tract 31, Chittenden County, Vermont","0","0","0"
"1000000US500070031004039","Block 4039, Block Group 4, Census Tract 31, Chittenden County, Vermont","0","0","0"
"1000000US500070031004040","Block 4040, Block Group 4, Census Tract 31, Chittenden County, Vermont","10","10","0"
"1000000US500070031004041","Block 4041, Block Group 4, Census Tract 31, Chittenden County, Vermont","0","0","0"
"1000000US500070031004042","Block 4042, Block Group 4, Census Tract 31, Chittenden County, Vermont","0","0","0"
"1000000US500070031004043","Block 4043, Block Group 4, Census Tract 31, Chittenden County, Vermont","9","5","4"
"1000000US500070031004044","Block 4044, Block Group 4, Census Tract 31, Chittenden County, Vermont","45","45","0"
"1000000US500070031004045","Block 4045, Block Group 4, Census Tract 31, Chittenden County, Vermont","152","147","5"
"1000000US500070031004046","Block 4046, Block Group 4, Census Tract 31, Chittenden County, Vermont","28","28","0"
"1000000US500070031004047","Block 4047, Block Group 4, Census Tract 31, Chittenden County, Vermont","0","0","0"
"1000000US500070031004048","Block 4048, Block Group 4, Census Tract 31, Chittenden County, Vermont","0","0","0"
"1000000US500070031004049","Block 4049, Block Group 4, Census Tract 31, Chittenden County, Vermont","23","23","0"
"1000000US500070031004050","Block 4050, Block Group 4, Census Tract 31, Chittenden County, Vermont","7","7","0"
"1000000US500070031004051","Block 4051, Block Group 4, Census Tract 31, Chittenden County, Vermont","0","0","0"
"1000000US500070031004052","Block 4052, Block Group 4, Census Tract 31, Chittenden County, Vermont","0","0","0"
"1000000US500070033011000","Block 1000, Block Group 1, Census Tract 33.01, Chittenden County, Vermont","60","58","2"
"1000000US500070033011001","Block 1001, Block Group 1, Census Tract 33.01, Chittenden County, Vermont","15","15","0"
"1000000US500070033011002","Block 1002, Block Group 1, Census Tract 33.01, Chittenden County, Vermont","0","0","0"
"1000000US500070033011003","Block 1003, Block Group 1, Census Tract 33.01, Chittenden County, Vermont","10","10","0"
"1000000US500070033011004","Block 1004, Block Group 1, Census Tract 33.01, Chittenden County, Vermont","4","4","0"
"1000000US500070033011005","Block 1005, Block Group 1, Census Tract 33.01, Chittenden County, Vermont","4","4","0"
"1000000US500070033011006","Block 1006, Block Group 1, Census Tract 33.01, Chittenden County, Vermont","278","256","22"
"1000000US500070033011007","Block 1007, Block Group 1, Census Tract 33.01, Chittenden County, Vermont","10","10","0"
"1000000US500070033011008","Block 1008, Block Group 1, Census Tract 33.01, Chittenden County, Vermont","6","6","0"
"1000000US500070033011009","Block 1009, Block Group 1, Census Tract 33.01, Chittenden County, Vermont","28","27","1"
"1000000US500070033011010","Block 1010, Block Group 1, Census Tract 33.01, Chittenden County, Vermont","15","15","0"
"1000000US500070033011011","Block 1011, Block Group 1, Census Tract 33.01, Chittenden County, Vermont","13","13","0"
"1000000US500070033011012","Block 1012, Block Group 1, Census Tract 33.01, Chittenden County, Vermont","22","22","0"
"1000000US500070033011013","Block 1013, Block Group 1, Census Tract 33.01, Chittenden County, Vermont","5","4","1"
"1000000US500070033011014","Block 1014, Block Group 1, Census Tract 33.01, Chittenden County, Vermont","9","9","0"
"1000000US500070033011015","Block 1015, Block Group 1, Census Tract 33.01, Chittenden County, Vermont","13","13","0"
"1000000US500070033011016","Block 1016, Block Group 1, Census Tract 33.01, Chittenden County, Vermont","28","28","0"
"1000000US500070033011017","Block 1017, Block Group 1, Census Tract 33.01, Chittenden County, Vermont","21","21","0"
"1000000US500070033011018","Block 1018, Block Group 1, Census Tract 33.01, Chittenden County, Vermont","18","17","1"
"1000000US500070033011019","Block 1019, Block Group 1, Census Tract 33.01, Chittenden County, Vermont","75","65","10"
"1000000US500070033011020","Block 1020, Block Group 1, Census Tract 33.01, Chittenden County, Vermont","8","8","0"
"1000000US500070033011021","Block 1021, Block Group 1, Census Tract 33.01, Chittenden County, Vermont","1","1","0"
"1000000US500070033011022","Block 1022, Block Group 1, Census Tract 33.01, Chittenden County, Vermont","10","10","0"
"1000000US500070033011023","Block 1023, Block Group 1, Census Tract 33.01, Chittenden County, Vermont","60","57","3"
"1000000US500070033011024","Block 1024, Block Group 1, Census Tract 33.01, Chittenden County, Vermont","37","36","1"
"1000000US500070033011025","Block 1025, Block Group 1, Census Tract 33.01, Chittenden County, Vermont","9","9","0"
"1000000US500070033011026","Block 1026, Block Group 1, Census Tract 33.01, Chittenden County, Vermont","52","47","5"
"1000000US500070033011027","Block 1027, Block Group 1, Census Tract 33.01, Chittenden County, Vermont","1","1","0"
"1000000US500070033011028","Block 1028, Block Group 1, Census Tract 33.01, Chittenden County, Vermont","0","0","0"
"1000000US500070033011029","Block 1029, Block Group 1, Census Tract 33.01, Chittenden County, Vermont","143","132","11"
"1000000US500070033011030","Block 1030, Block Group 1, Census Tract 33.01, Chittenden County, Vermont","22","22","0"
"1000000US500070033011031","Block 1031, Block Group 1, Census Tract 33.01, Chittenden County, Vermont","21","20","1"
"1000000US500070033011032","Block 1032, Block Group 1, Census Tract 33.01, Chittenden County, Vermont","12","12","0"
"1000000US500070033011033","Block 1033, Block Group 1, Census Tract 33.01, Chittenden County, Vermont","76","73","3"
"1000000US500070033011034","Block 1034, Block Group 1, Census Tract 33.01, Chittenden County, Vermont","2","1","1"
"1000000US500070033011035","Block 1035, Block Group 1, Census Tract 33.01, Chittenden County, Vermont","43","42","1"
"1000000US500070033011036","Block 1036, Block Group 1, Census Tract 33.01, Chittenden County, Vermont","4","2","2"
"1000000US500070033011037","Block 1037, Block Group 1, Census Tract 33.01, Chittenden County, Vermont","0","0","0"
"1000000US500070033011038","Block 1038, Block Group 1, Census Tract 33.01, Chittenden County, Vermont","30","30","0"
"1000000US500070033011039","Block 1039, Block Group 1, Census Tract 33.01, Chittenden County, Vermont","0","0","0"
"1000000US500070033011040","Block 1040, Block Group 1, Census Tract 33.01, Chittenden County, Vermont","13","12","1"
"1000000US500070033011041","Block 1041, Block Group 1, Census Tract 33.01, Chittenden County, Vermont","37","37","0"
"1000000US500070033011042","Block 1042, Block Group 1, Census Tract 33.01, Chittenden County, Vermont","47","46","1"
"1000000US500070033011043","Block 1043, Block Group 1, Census Tract 33.01, Chittenden County, Vermont","0","0","0"
"1000000US500070033011044","Block 1044, Block Group 1, Census Tract 33.01, Chittenden County, Vermont","35","29","6"
"1000000US500070033011045","Block 1045, Block Group 1, Census Tract 33.01, Chittenden County, Vermont","0","0","0"
"1000000US500070033011046","Block 1046, Block Group 1, Census Tract 33.01, Chittenden County, Vermont","2","2","0"
"1000000US500070033011047","Block 1047, Block Group 1, Census Tract 33.01, Chittenden County, Vermont","0","0","0"
"1000000US500070033011048","Block 1048, Block Group 1, Census Tract 33.01, Chittenden County, Vermont","17","17","0"
"1000000US500070033011049","Block 1049, Block Group 1, Census Tract 33.01, Chittenden County, Vermont","20","19","1"
"1000000US500070033041000","Block 1000, Block Group 1, Census Tract 33.04, Chittenden County, Vermont","0","0","0"
"1000000US500070033041001","Block 1001, Block Group 1, Census Tract 33.04, Chittenden County, Vermont","0","0","0"
"1000000US500070033041002","Block 1002, Block Group 1, Census Tract 33.04, Chittenden County, Vermont","163","147","16"
"1000000US500070033041003","Block 1003, Block Group 1, Census Tract 33.04, Chittenden County, Vermont","0","0","0"
"1000000US500070033041004","Block 1004, Block Group 1, Census Tract 33.04, Chittenden County, Vermont","0","0","0"
"1000000US500070033041005","Block 1005, Block Group 1, Census Tract 33.04, Chittenden County, Vermont","0","0","0"
"1000000US500070033041006","Block 1006, Block Group 1, Census Tract 33.04, Chittenden County, Vermont","35","34","1"
"1000000US500070033041007","Block 1007, Block Group 1, Census Tract 33.04, Chittenden County, Vermont","0","0","0"
"1000000US500070033041008","Block 1008, Block Group 1, Census Tract 33.04, Chittenden County, Vermont","0","0","0"
"1000000US500070033041009","Block 1009, Block Group 1, Census Tract 33.04, Chittenden County, Vermont","4","4","0"
"1000000US500070033041010","Block 1010, Block Group 1, Census Tract 33.04, Chittenden County, Vermont","0","0","0"
"1000000US500070033041011","Block 1011, Block Group 1, Census Tract 33.04, Chittenden County, Vermont","8","8","0"
"1000000US500070033041012","Block 1012, Block Group 1, Census Tract 33.04, Chittenden County, Vermont","0","0","0"
"1000000US500070033041013","Block 1013, Block Group 1, Census Tract 33.04, Chittenden County, Vermont","0","0","0"
"1000000US500070033041014","Block 1014, Block Group 1, Census Tract 33.04, Chittenden County, Vermont","218","210","8"
"1000000US500070033041015","Block 1015, Block Group 1, Census Tract 33.04, Chittenden County, Vermont","257","245","12"
"1000000US500070033041016","Block 1016, Block Group 1, Census Tract 33.04, Chittenden County, Vermont","113","109","4"
"1000000US500070033041017","Block 1017, Block Group 1, Census Tract 33.04, Chittenden County, Vermont","30","29","1"
"1000000US500070033041018","Block 1018, Block Group 1, Census Tract 33.04, Chittenden County, Vermont","30","28","2"
"1000000US500070033041019","Block 1019, Block Group 1, Census Tract 33.04, Chittenden County, Vermont","0","0","0"
"1000000US500070033041020","Block 1020, Block Group 1, Census Tract 33.04, Chittenden County, Vermont","0","0","0"
"1000000US500070033041021","Block 1021, Block Group 1, Census Tract 33.04, Chittenden County, Vermont","51","47","4"
"1000000US500070033042000","Block 2000, Block Group 2, Census Tract 33.04, Chittenden County, Vermont","0","0","0"
"1000000US500070033042001","Block 2001, Block Group 2, Census Tract 33.04, Chittenden County, Vermont","0","0","0"
"1000000US500070033042002","Block 2002, Block Group 2, Census Tract 33.04, Chittenden County, Vermont","1","0","1"
"1000000US500070033042003","Block 2003, Block Group 2, Census Tract 33.04, Chittenden County, Vermont","0","0","0"
"1000000US500070033042004","Block 2004, Block Group 2, Census Tract 33.04, Chittenden County, Vermont","0","0","0"
"1000000US500070033042005","Block 2005, Block Group 2, Census Tract 33.04, Chittenden County, Vermont","81","77","4"
"1000000US500070033042006","Block 2006, Block Group 2, Census Tract 33.04, Chittenden County, Vermont","4","3","1"
"1000000US500070033042007","Block 2007, Block Group 2, Census Tract 33.04, Chittenden County, Vermont","0","0","0"
"1000000US500070033042008","Block 2008, Block Group 2, Census Tract 33.04, Chittenden County, Vermont","1","1","0"
"1000000US500070033042009","Block 2009, Block Group 2, Census Tract 33.04, Chittenden County, Vermont","0","0","0"
"1000000US500070033042010","Block 2010, Block Group 2, Census Tract 33.04, Chittenden County, Vermont","0","0","0"
"1000000US500070033042011","Block 2011, Block Group 2, Census Tract 33.04, Chittenden County, Vermont","0","0","0"
"1000000US500070033042012","Block 2012, Block Group 2, Census Tract 33.04, Chittenden County, Vermont","44","38","6"
"1000000US500070033042013","Block 2013, Block Group 2, Census Tract 33.04, Chittenden County, Vermont","239","226","13"
"1000000US500070033042014","Block 2014, Block Group 2, Census Tract 33.04, Chittenden County, Vermont","30","28","2"
"1000000US500070033042015","Block 2015, Block Group 2, Census Tract 33.04, Chittenden County, Vermont","0","0","0"
"1000000US500070033042016","Block 2016, Block Group 2, Census Tract 33.04, Chittenden County, Vermont","106","86","20"
"1000000US500070033042017","Block 2017, Block Group 2, Census Tract 33.04, Chittenden County, Vermont","0","0","0"
"1000000US500070033042018","Block 2018, Block Group 2, Census Tract 33.04, Chittenden County, Vermont","0","0","0"
"1000000US500070033042019","Block 2019, Block Group 2, Census Tract 33.04, Chittenden County, Vermont","0","0","0"
"1000000US500070033042020","Block 2020, Block Group 2, Census Tract 33.04, Chittenden County, Vermont","0","0","0"
"1000000US500070033042021","Block 2021, Block Group 2, Census Tract 33.04, Chittenden County, Vermont","0","0","0"
"1000000US500070033042022","Block 2022, Block Group 2, Census Tract 33.04, Chittenden County, Vermont","0","0","0"
"1000000US500070033042023","Block 2023, Block Group 2, Census Tract 33.04, Chittenden County, Vermont","0","0","0"
"1000000US500070033042024","Block 2024, Block Group 2, Census Tract 33.04, Chittenden County, Vermont","0","0","0"
"1000000US500070033042025","Block 2025, Block Group 2, Census Tract 33.04, Chittenden County, Vermont","0","0","0"
"1000000US500070033042026","Block 2026, Block Group 2, Census Tract 33.04, Chittenden County, Vermont","0","0","0"
"1000000US500070033043000","Block 3000, Block Group 3, Census Tract 33.04, Chittenden County, Vermont","404","386","18"
"1000000US500070033043001","Block 3001, Block Group 3, Census Tract 33.04, Chittenden County, Vermont","6","5","1"
"1000000US500070033043002","Block 3002, Block Group 3, Census Tract 33.04, Chittenden County, Vermont","10","10","0"
"1000000US500070033043003","Block 3003, Block Group 3, Census Tract 33.04, Chittenden County, Vermont","2","2","0"
"1000000US500070033043004","Block 3004, Block Group 3, Census Tract 33.04, Chittenden County, Vermont","25","22","3"
"1000000US500070033043005","Block 3005, Block Group 3, Census Tract 33.04, Chittenden County, Vermont","16","16","0"
"1000000US500070033043006","Block 3006, Block Group 3, Census Tract 33.04, Chittenden County, Vermont","14","14","0"
"1000000US500070033043007","Block 3007, Block Group 3, Census Tract 33.04, Chittenden County, Vermont","99","96","3"
"1000000US500070033043008","Block 3008, Block Group 3, Census Tract 33.04, Chittenden County, Vermont","0","0","0"
"1000000US500070033043009","Block 3009, Block Group 3, Census Tract 33.04, Chittenden County, Vermont","9","9","0"
"1000000US500070033043010","Block 3010, Block Group 3, Census Tract 33.04, Chittenden County, Vermont","0","0","0"
"1000000US500070033043011","Block 3011, Block Group 3, Census Tract 33.04, Chittenden County, Vermont","15","15","0"
"1000000US500070033043012","Block 3012, Block Group 3, Census Tract 33.04, Chittenden County, Vermont","8","8","0"
"1000000US500070033043013","Block 3013, Block Group 3, Census Tract 33.04, Chittenden County, Vermont","8","7","1"
"1000000US500070033043014","Block 3014, Block Group 3, Census Tract 33.04, Chittenden County, Vermont","35","32","3"
"1000000US500070033043015","Block 3015, Block Group 3, Census Tract 33.04, Chittenden County, Vermont","0","0","0"
"1000000US500070033043016","Block 3016, Block Group 3, Census Tract 33.04, Chittenden County, Vermont","35","35","0"
"1000000US500070033043017","Block 3017, Block Group 3, Census Tract 33.04, Chittenden County, Vermont","14","14","0"
"1000000US500070033043018","Block 3018, Block Group 3, Census Tract 33.04, Chittenden County, Vermont","15","14","1"
"1000000US500070033043019","Block 3019, Block Group 3, Census Tract 33.04, Chittenden County, Vermont","8","8","0"
"1000000US500070033043020","Block 3020, Block Group 3, Census Tract 33.04, Chittenden County, Vermont","9","9","0"
"1000000US500070033043021","Block 3021, Block Group 3, Census Tract 33.04, Chittenden County, Vermont","7","6","1"
"1000000US500070033043022","Block 3022, Block Group 3, Census Tract 33.04, Chittenden County, Vermont","18","18","0"
"1000000US500070033043023","Block 3023, Block Group 3, Census Tract 33.04, Chittenden County, Vermont","0","0","0"
"1000000US500070033043024","Block 3024, Block Group 3, Census Tract 33.04, Chittenden County, Vermont","33","33","0"
"1000000US500070033043025","Block 3025, Block Group 3, Census Tract 33.04, Chittenden County, Vermont","12","12","0"
"1000000US500070033043026","Block 3026, Block Group 3, Census Tract 33.04, Chittenden County, Vermont","115","107","8"
"1000000US500070033043027","Block 3027, Block Group 3, Census Tract 33.04, Chittenden County, Vermont","0","0","0"
"1000000US500070033043028","Block 3028, Block Group 3, Census Tract 33.04, Chittenden County, Vermont","265","242","23"
"1000000US500070033043029","Block 3029, Block Group 3, Census Tract 33.04, Chittenden County, Vermont","0","0","0"
"1000000US500070033043030","Block 3030, Block Group 3, Census Tract 33.04, Chittenden County, Vermont","0","0","0"
"1000000US500070033043031","Block 3031, Block Group 3, Census Tract 33.04, Chittenden County, Vermont","25","25","0"
"1000000US500070033043032","Block 3032, Block Group 3, Census Tract 33.04, Chittenden County, Vermont","1","1","0"
"1000000US500070033043033","Block 3033, Block Group 3, Census Tract 33.04, Chittenden County, Vermont","34","29","5"
"1000000US500070033043034","Block 3034, Block Group 3, Census Tract 33.04, Chittenden County, Vermont","13","13","0"
"1000000US500070033043035","Block 3035, Block Group 3, Census Tract 33.04, Chittenden County, Vermont","0","0","0"
"1000000US500070033043036","Block 3036, Block Group 3, Census Tract 33.04, Chittenden County, Vermont","0","0","0"
"1000000US500070033043037","Block 3037, Block Group 3, Census Tract 33.04, Chittenden County, Vermont","18","18","0"
"1000000US500070033043038","Block 3038, Block Group 3, Census Tract 33.04, Chittenden County, Vermont","19","17","2"
"1000000US500070033043039","Block 3039, Block Group 3, Census Tract 33.04, Chittenden County, Vermont","16","16","0"
"1000000US500070033043040","Block 3040, Block Group 3, Census Tract 33.04, Chittenden County, Vermont","6","6","0"
"1000000US500070033043041","Block 3041, Block Group 3, Census Tract 33.04, Chittenden County, Vermont","18","17","1"
"1000000US500070033043042","Block 3042, Block Group 3, Census Tract 33.04, Chittenden County, Vermont","19","17","2"
"1000000US500070034001000","Block 1000, Block Group 1, Census Tract 34, Chittenden County, Vermont","0","0","0"
"1000000US500070034001001","Block 1001, Block Group 1, Census Tract 34, Chittenden County, Vermont","0","0","0"
"1000000US500070034001002","Block 1002, Block Group 1, Census Tract 34, Chittenden County, Vermont","66","55","11"
"1000000US500070034001003","Block 1003, Block Group 1, Census Tract 34, Chittenden County, Vermont","3","3","0"
"1000000US500070034001004","Block 1004, Block Group 1, Census Tract 34, Chittenden County, Vermont","0","0","0"
"1000000US500070034001005","Block 1005, Block Group 1, Census Tract 34, Chittenden County, Vermont","0","0","0"
"1000000US500070034001006","Block 1006, Block Group 1, Census Tract 34, Chittenden County, Vermont","0","0","0"
"1000000US500070034001007","Block 1007, Block Group 1, Census Tract 34, Chittenden County, Vermont","10","4","6"
"1000000US500070034001008","Block 1008, Block Group 1, Census Tract 34, Chittenden County, Vermont","18","18","0"
"1000000US500070034001009","Block 1009, Block Group 1, Census Tract 34, Chittenden County, Vermont","0","0","0"
"1000000US500070034001010","Block 1010, Block Group 1, Census Tract 34, Chittenden County, Vermont","0","0","0"
"1000000US500070034001011","Block 1011, Block Group 1, Census Tract 34, Chittenden County, Vermont","1","1","0"
"1000000US500070034001012","Block 1012, Block Group 1, Census Tract 34, Chittenden County, Vermont","29","28","1"
"1000000US500070034001013","Block 1013, Block Group 1, Census Tract 34, Chittenden County, Vermont","17","17","0"
"1000000US500070034001014","Block 1014, Block Group 1, Census Tract 34, Chittenden County, Vermont","156","148","8"
"1000000US500070034001015","Block 1015, Block Group 1, Census Tract 34, Chittenden County, Vermont","26","24","2"
"1000000US500070034001016","Block 1016, Block Group 1, Census Tract 34, Chittenden County, Vermont","3","3","0"
"1000000US500070034001017","Block 1017, Block Group 1, Census Tract 34, Chittenden County, Vermont","20","20","0"
"1000000US500070034001018","Block 1018, Block Group 1, Census Tract 34, Chittenden County, Vermont","3","3","0"
"1000000US500070034001019","Block 1019, Block Group 1, Census Tract 34, Chittenden County, Vermont","2","2","0"
"1000000US500070034001020","Block 1020, Block Group 1, Census Tract 34, Chittenden County, Vermont","8","8","0"
"1000000US500070034001021","Block 1021, Block Group 1, Census Tract 34, Chittenden County, Vermont","17","15","2"
"1000000US500070034001022","Block 1022, Block Group 1, Census Tract 34, Chittenden County, Vermont","37","35","2"
"1000000US500070034001023","Block 1023, Block Group 1, Census Tract 34, Chittenden County, Vermont","1","1","0"
"1000000US500070034001024","Block 1024, Block Group 1, Census Tract 34, Chittenden County, Vermont","16","15","1"
"1000000US500070034001025","Block 1025, Block Group 1, Census Tract 34, Chittenden County, Vermont","27","26","1"
"1000000US500070034001026","Block 1026, Block Group 1, Census Tract 34, Chittenden County, Vermont","0","0","0"
"1000000US500070034001027","Block 1027, Block Group 1, Census Tract 34, Chittenden County, Vermont","10","9","1"
"1000000US500070034001028","Block 1028, Block Group 1, Census Tract 34, Chittenden County, Vermont","1","1","0"
"1000000US500070034002000","Block 2000, Block Group 2, Census Tract 34, Chittenden County, Vermont","0","0","0"
"1000000US500070034002001","Block 2001, Block Group 2, Census Tract 34, Chittenden County, Vermont","0","0","0"
"1000000US500070034002002","Block 2002, Block Group 2, Census Tract 34, Chittenden County, Vermont","0","0","0"
"1000000US500070034002003","Block 2003, Block Group 2, Census Tract 34, Chittenden County, Vermont","0","0","0"
"1000000US500070034002004","Block 2004, Block Group 2, Census Tract 34, Chittenden County, Vermont","0","0","0"
"1000000US500070034002005","Block 2005, Block Group 2, Census Tract 34, Chittenden County, Vermont","1","0","1"
"1000000US500070034002006","Block 2006, Block Group 2, Census Tract 34, Chittenden County, Vermont","0","0","0"
"1000000US500070034002007","Block 2007, Block Group 2, Census Tract 34, Chittenden County, Vermont","138","93","45"
"1000000US500070034002008","Block 2008, Block Group 2, Census Tract 34, Chittenden County, Vermont","0","0","0"
"1000000US500070034002009","Block 2009, Block Group 2, Census Tract 34, Chittenden County, Vermont","0","0","0"
"1000000US500070034002010","Block 2010, Block Group 2, Census Tract 34, Chittenden County, Vermont","0","0","0"
"1000000US500070034002011","Block 2011, Block Group 2, Census Tract 34, Chittenden County, Vermont","0","0","0"
"1000000US500070034002012","Block 2012, Block Group 2, Census Tract 34, Chittenden County, Vermont","0","0","0"
"1000000US500070034002013","Block 2013, Block Group 2, Census Tract 34, Chittenden County, Vermont","0","0","0"
"1000000US500070034002014","Block 2014, Block Group 2, Census Tract 34, Chittenden County, Vermont","0","0","0"
"1000000US500070034002015","Block 2015, Block Group 2, Census Tract 34, Chittenden County, Vermont","0","0","0"
"1000000US500070034002016","Block 2016, Block Group 2, Census Tract 34, Chittenden County, Vermont","0","0","0"
"1000000US500070034002017","Block 2017, Block Group 2, Census Tract 34, Chittenden County, Vermont","0","0","0"
"1000000US500070034002018","Block 2018, Block Group 2, Census Tract 34, Chittenden County, Vermont","0","0","0"
"1000000US500070034002019","Block 2019, Block Group 2, Census Tract 34, Chittenden County, Vermont","5","4","1"
"1000000US500070034002020","Block 2020, Block Group 2, Census Tract 34, Chittenden County, Vermont","2","1","1"
"1000000US500070034002021","Block 2021, Block Group 2, Census Tract 34, Chittenden County, Vermont","0","0","0"
"1000000US500070034002022","Block 2022, Block Group 2, Census Tract 34, Chittenden County, Vermont","0","0","0"
"1000000US500070034002023","Block 2023, Block Group 2, Census Tract 34, Chittenden County, Vermont","2","1","1"
"1000000US500070034002024","Block 2024, Block Group 2, Census Tract 34, Chittenden County, Vermont","6","6","0"
"1000000US500070034002025","Block 2025, Block Group 2, Census Tract 34, Chittenden County, Vermont","1","0","1"
"1000000US500070034002026","Block 2026, Block Group 2, Census Tract 34, Chittenden County, Vermont","6","6","0"
"1000000US500070034002027","Block 2027, Block Group 2, Census Tract 34, Chittenden County, Vermont","0","0","0"
"1000000US500070034002028","Block 2028, Block Group 2, Census Tract 34, Chittenden County, Vermont","11","11","0"
"1000000US500070034002029","Block 2029, Block Group 2, Census Tract 34, Chittenden County, Vermont","0","0","0"
"1000000US500070034002030","Block 2030, Block Group 2, Census Tract 34, Chittenden County, Vermont","2","2","0"
"1000000US500070034002031","Block 2031, Block Group 2, Census Tract 34, Chittenden County, Vermont","0","0","0"
"1000000US500070034002032","Block 2032, Block Group 2, Census Tract 34, Chittenden County, Vermont","0","0","0"
"1000000US500070034002033","Block 2033, Block Group 2, Census Tract 34, Chittenden County, Vermont","0","0","0"
"1000000US500070034002034","Block 2034, Block Group 2, Census Tract 34, Chittenden County, Vermont","5","4","1"
"1000000US500070034002035","Block 2035, Block Group 2, Census Tract 34, Chittenden County, Vermont","1","1","0"
"1000000US500070034002036","Block 2036, Block Group 2, Census Tract 34, Chittenden County, Vermont","0","0","0"
"1000000US500070034002037","Block 2037, Block Group 2, Census Tract 34, Chittenden County, Vermont","4","3","1"
"1000000US500070034002038","Block 2038, Block Group 2, Census Tract 34, Chittenden County, Vermont","0","0","0"
"1000000US500070034002039","Block 2039, Block Group 2, Census Tract 34, Chittenden County, Vermont","0","0","0"
"1000000US500070034002040","Block 2040, Block Group 2, Census Tract 34, Chittenden County, Vermont","26","25","1"
"1000000US500070034002041","Block 2041, Block Group 2, Census Tract 34, Chittenden County, Vermont","1","1","0"
"1000000US500070034002042","Block 2042, Block Group 2, Census Tract 34, Chittenden County, Vermont","0","0","0"
"1000000US500070034002043","Block 2043, Block Group 2, Census Tract 34, Chittenden County, Vermont","18","16","2"
"1000000US500070034002044","Block 2044, Block Group 2, Census Tract 34, Chittenden County, Vermont","18","15","3"
"1000000US500070034002045","Block 2045, Block Group 2, Census Tract 34, Chittenden County, Vermont","0","0","0"
"1000000US500070034002046","Block 2046, Block Group 2, Census Tract 34, Chittenden County, Vermont","0","0","0"
"1000000US500070034002047","Block 2047, Block Group 2, Census Tract 34, Chittenden County, Vermont","117","115","2"
"1000000US500070034002048","Block 2048, Block Group 2, Census Tract 34, Chittenden County, Vermont","0","0","0"
"1000000US500070034002049","Block 2049, Block Group 2, Census Tract 34, Chittenden County, Vermont","18","18","0"
"1000000US500070034002050","Block 2050, Block Group 2, Census Tract 34, Chittenden County, Vermont","15","15","0"
"1000000US500070034002051","Block 2051, Block Group 2, Census Tract 34, Chittenden County, Vermont","0","0","0"
"1000000US500070034002052","Block 2052, Block Group 2, Census Tract 34, Chittenden County, Vermont","0","0","0"
"1000000US500070034002053","Block 2053, Block Group 2, Census Tract 34, Chittenden County, Vermont","0","0","0"
"1000000US500070034002054","Block 2054, Block Group 2, Census Tract 34, Chittenden County, Vermont","6","6","0"
"1000000US500070034002055","Block 2055, Block Group 2, Census Tract 34, Chittenden County, Vermont","0","0","0"
"1000000US500070034002056","Block 2056, Block Group 2, Census Tract 34, Chittenden County, Vermont","0","0","0"
"1000000US500070034002057","Block 2057, Block Group 2, Census Tract 34, Chittenden County, Vermont","0","0","0"
"1000000US500070034002058","Block 2058, Block Group 2, Census Tract 34, Chittenden County, Vermont","233","206","27"
"1000000US500070034002059","Block 2059, Block Group 2, Census Tract 34, Chittenden County, Vermont","5","4","1"
"1000000US500070034002060","Block 2060, Block Group 2, Census Tract 34, Chittenden County, Vermont","0","0","0"
"1000000US500070034002061","Block 2061, Block Group 2, Census Tract 34, Chittenden County, Vermont","5","4","1"
"1000000US500070034002062","Block 2062, Block Group 2, Census Tract 34, Chittenden County, Vermont","0","0","0"
"1000000US500070034002063","Block 2063, Block Group 2, Census Tract 34, Chittenden County, Vermont","0","0","0"
"1000000US500070034002064","Block 2064, Block Group 2, Census Tract 34, Chittenden County, Vermont","0","0","0"
"1000000US500070034002065","Block 2065, Block Group 2, Census Tract 34, Chittenden County, Vermont","0","0","0"
"1000000US500070034002066","Block 2066, Block Group 2, Census Tract 34, Chittenden County, Vermont","0","0","0"
"1000000US500070034002067","Block 2067, Block Group 2, Census Tract 34, Chittenden County, Vermont","0","0","0"
"1000000US500070034002068","Block 2068, Block Group 2, Census Tract 34, Chittenden County, Vermont","0","0","0"
"1000000US500070034002069","Block 2069, Block Group 2, Census Tract 34, Chittenden County, Vermont","0","0","0"
"1000000US500070034003000","Block 3000, Block Group 3, Census Tract 34, Chittenden County, Vermont","3","2","1"
"1000000US500070034003001","Block 3001, Block Group 3, Census Tract 34, Chittenden County, Vermont","14","13","1"
"1000000US500070034003002","Block 3002, Block Group 3, Census Tract 34, Chittenden County, Vermont","0","0","0"
"1000000US500070034003003","Block 3003, Block Group 3, Census Tract 34, Chittenden County, Vermont","0","0","0"
"1000000US500070034003004","Block 3004, Block Group 3, Census Tract 34, Chittenden County, Vermont","0","0","0"
"1000000US500070034003005","Block 3005, Block Group 3, Census Tract 34, Chittenden County, Vermont","4","4","0"
"1000000US500070034003006","Block 3006, Block Group 3, Census Tract 34, Chittenden County, Vermont","1","1","0"
"1000000US500070034003007","Block 3007, Block Group 3, Census Tract 34, Chittenden County, Vermont","42","40","2"
"1000000US500070034003008","Block 3008, Block Group 3, Census Tract 34, Chittenden County, Vermont","0","0","0"
"1000000US500070034003009","Block 3009, Block Group 3, Census Tract 34, Chittenden County, Vermont","0","0","0"
"1000000US500070034003010","Block 3010, Block Group 3, Census Tract 34, Chittenden County, Vermont","0","0","0"
"1000000US500070034003011","Block 3011, Block Group 3, Census Tract 34, Chittenden County, Vermont","0","0","0"
"1000000US500070034003012","Block 3012, Block Group 3, Census Tract 34, Chittenden County, Vermont","0","0","0"
"1000000US500070034003013","Block 3013, Block Group 3, Census Tract 34, Chittenden County, Vermont","0","0","0"
"1000000US500070034003014","Block 3014, Block Group 3, Census Tract 34, Chittenden County, Vermont","3","3","0"
"1000000US500070034003015","Block 3015, Block Group 3, Census Tract 34, Chittenden County, Vermont","67","64","3"
"1000000US500070034003016","Block 3016, Block Group 3, Census Tract 34, Chittenden County, Vermont","1","1","0"
"1000000US500070034003017","Block 3017, Block Group 3, Census Tract 34, Chittenden County, Vermont","163","156","7"
"1000000US500070034003018","Block 3018, Block Group 3, Census Tract 34, Chittenden County, Vermont","0","0","0"
"1000000US500070034003019","Block 3019, Block Group 3, Census Tract 34, Chittenden County, Vermont","0","0","0"
"1000000US500070034003020","Block 3020, Block Group 3, Census Tract 34, Chittenden County, Vermont","6","6","0"
"1000000US500070034003021","Block 3021, Block Group 3, Census Tract 34, Chittenden County, Vermont","0","0","0"
"1000000US500070034003022","Block 3022, Block Group 3, Census Tract 34, Chittenden County, Vermont","7","5","2"
"1000000US500070034003023","Block 3023, Block Group 3, Census Tract 34, Chittenden County, Vermont","7","7","0"
"1000000US500070034003024","Block 3024, Block Group 3, Census Tract 34, Chittenden County, Vermont","0","0","0"
"1000000US500070034003025","Block 3025, Block Group 3, Census Tract 34, Chittenden County, Vermont","34","33","1"
"1000000US500070034003026","Block 3026, Block Group 3, Census Tract 34, Chittenden County, Vermont","43","43","0"
"1000000US500070034003027","Block 3027, Block Group 3, Census Tract 34, Chittenden County, Vermont","31","31","0"
"1000000US500070034003028","Block 3028, Block Group 3, Census Tract 34, Chittenden County, Vermont","8","8","0"
"1000000US500070034003029","Block 3029, Block Group 3, Census Tract 34, Chittenden County, Vermont","0","0","0"
"1000000US500070034003030","Block 3030, Block Group 3, Census Tract 34, Chittenden County, Vermont","0","0","0"
"1000000US500070034003031","Block 3031, Block Group 3, Census Tract 34, Chittenden County, Vermont","0","0","0"
"1000000US500070034003032","Block 3032, Block Group 3, Census Tract 34, Chittenden County, Vermont","0","0","0"
"1000000US500070034003033","Block 3033, Block Group 3, Census Tract 34, Chittenden County, Vermont","4","4","0"
"1000000US500070034004000","Block 4000, Block Group 4, Census Tract 34, Chittenden County, Vermont","20","18","2"
"1000000US500070034004001","Block 4001, Block Group 4, Census Tract 34, Chittenden County, Vermont","374","367","7"
"1000000US500070034004002","Block 4002, Block Group 4, Census Tract 34, Chittenden County, Vermont","0","0","0"
"1000000US500070034004003","Block 4003, Block Group 4, Census Tract 34, Chittenden County, Vermont","21","20","1"
"1000000US500070034004004","Block 4004, Block Group 4, Census Tract 34, Chittenden County, Vermont","21","19","2"
"1000000US500070034004005","Block 4005, Block Group 4, Census Tract 34, Chittenden County, Vermont","0","0","0"
"1000000US500070034004006","Block 4006, Block Group 4, Census Tract 34, Chittenden County, Vermont","0","0","0"
"1000000US500070034004007","Block 4007, Block Group 4, Census Tract 34, Chittenden County, Vermont","20","20","0"
"1000000US500070034004008","Block 4008, Block Group 4, Census Tract 34, Chittenden County, Vermont","12","11","1"
"1000000US500070034004009","Block 4009, Block Group 4, Census Tract 34, Chittenden County, Vermont","27","25","2"
"1000000US500070034004010","Block 4010, Block Group 4, Census Tract 34, Chittenden County, Vermont","51","50","1"
"1000000US500070034004011","Block 4011, Block Group 4, Census Tract 34, Chittenden County, Vermont","37","37","0"
"1000000US500070034004012","Block 4012, Block Group 4, Census Tract 34, Chittenden County, Vermont","9","9","0"
"1000000US500070034004013","Block 4013, Block Group 4, Census Tract 34, Chittenden County, Vermont","7","7","0"
"1000000US500070034004014","Block 4014, Block Group 4, Census Tract 34, Chittenden County, Vermont","80","78","2"
"1000000US500070034004015","Block 4015, Block Group 4, Census Tract 34, Chittenden County, Vermont","6","6","0"
"1000000US500070034004016","Block 4016, Block Group 4, Census Tract 34, Chittenden County, Vermont","30","28","2"
"1000000US500070034004017","Block 4017, Block Group 4, Census Tract 34, Chittenden County, Vermont","66","63","3"
"1000000US500070034004018","Block 4018, Block Group 4, Census Tract 34, Chittenden County, Vermont","5","5","0"
"1000000US500070034004019","Block 4019, Block Group 4, Census Tract 34, Chittenden County, Vermont","7","7","0"
"1000000US500070034004020","Block 4020, Block Group 4, Census Tract 34, Chittenden County, Vermont","11","10","1"
"1000000US500070034004021","Block 4021, Block Group 4, Census Tract 34, Chittenden County, Vermont","11","11","0"
"1000000US500070034004022","Block 4022, Block Group 4, Census Tract 34, Chittenden County, Vermont","10","9","1"
"1000000US500070034004023","Block 4023, Block Group 4, Census Tract 34, Chittenden County, Vermont","13","12","1"
"1000000US500070034004024","Block 4024, Block Group 4, Census Tract 34, Chittenden County, Vermont","0","0","0"
"1000000US500070034004025","Block 4025, Block Group 4, Census Tract 34, Chittenden County, Vermont","0","0","0"
"1000000US500070034004026","Block 4026, Block Group 4, Census Tract 34, Chittenden County, Vermont","0","0","0"
"1000000US500070034004027","Block 4027, Block Group 4, Census Tract 34, Chittenden County, Vermont","0","0","0"
"1000000US500070034004028","Block 4028, Block Group 4, Census Tract 34, Chittenden County, Vermont","0","0","0"
"1000000US500070034004029","Block 4029, Block Group 4, Census Tract 34, Chittenden County, Vermont","34","33","1"
"1000000US500070034004030","Block 4030, Block Group 4, Census Tract 34, Chittenden County, Vermont","10","10","0"
"1000000US500070034004031","Block 4031, Block Group 4, Census Tract 34, Chittenden County, Vermont","0","0","0"
"1000000US500070034004032","Block 4032, Block Group 4, Census Tract 34, Chittenden County, Vermont","0","0","0"
"1000000US500070034004033","Block 4033, Block Group 4, Census Tract 34, Chittenden County, Vermont","1","1","0"
"1000000US500070034004034","Block 4034, Block Group 4, Census Tract 34, Chittenden County, Vermont","13","12","1"
"1000000US500070034004035","Block 4035, Block Group 4, Census Tract 34, Chittenden County, Vermont","11","11","0"
"1000000US500070034005000","Block 5000, Block Group 5, Census Tract 34, Chittenden County, Vermont","0","0","0"
"1000000US500070034005001","Block 5001, Block Group 5, Census Tract 34, Chittenden County, Vermont","105","95","10"
"1000000US500070034005002","Block 5002, Block Group 5, Census Tract 34, Chittenden County, Vermont","0","0","0"
"1000000US500070034005003","Block 5003, Block Group 5, Census Tract 34, Chittenden County, Vermont","0","0","0"
"1000000US500070034005004","Block 5004, Block Group 5, Census Tract 34, Chittenden County, Vermont","7","7","0"
"1000000US500070034005005","Block 5005, Block Group 5, Census Tract 34, Chittenden County, Vermont","0","0","0"
"1000000US500070034005006","Block 5006, Block Group 5, Census Tract 34, Chittenden County, Vermont","5","4","1"
"1000000US500070034005007","Block 5007, Block Group 5, Census Tract 34, Chittenden County, Vermont","78","78","0"
"1000000US500070034005008","Block 5008, Block Group 5, Census Tract 34, Chittenden County, Vermont","8","8","0"
"1000000US500070034005009","Block 5009, Block Group 5, Census Tract 34, Chittenden County, Vermont","13","12","1"
"1000000US500070034005010","Block 5010, Block Group 5, Census Tract 34, Chittenden County, Vermont","25","23","2"
"1000000US500070034005011","Block 5011, Block Group 5, Census Tract 34, Chittenden County, Vermont","32","32","0"
"1000000US500070034005012","Block 5012, Block Group 5, Census Tract 34, Chittenden County, Vermont","182","166","16"
"1000000US500070034005013","Block 5013, Block Group 5, Census Tract 34, Chittenden County, Vermont","6","6","0"
"1000000US500070034005014","Block 5014, Block Group 5, Census Tract 34, Chittenden County, Vermont","0","0","0"
"1000000US500070034005015","Block 5015, Block Group 5, Census Tract 34, Chittenden County, Vermont","32","32","0"
"1000000US500070034005016","Block 5016, Block Group 5, Census Tract 34, Chittenden County, Vermont","0","0","0"
"1000000US500070034005017","Block 5017, Block Group 5, Census Tract 34, Chittenden County, Vermont","0","0","0"
"1000000US500070034005018","Block 5018, Block Group 5, Census Tract 34, Chittenden County, Vermont","0","0","0"
"1000000US500070034005019","Block 5019, Block Group 5, Census Tract 34, Chittenden County, Vermont","11","11","0"
"1000000US500070034005020","Block 5020, Block Group 5, Census Tract 34, Chittenden County, Vermont","65","61","4"
"1000000US500070034005021","Block 5021, Block Group 5, Census Tract 34, Chittenden County, Vermont","25","25","0"
"1000000US500070034005022","Block 5022, Block Group 5, Census Tract 34, Chittenden County, Vermont","29","27","2"
"1000000US500070035011000","Block 1000, Block Group 1, Census Tract 35.01, Chittenden County, Vermont","23","23","0"
"1000000US500070035011001","Block 1001, Block Group 1, Census Tract 35.01, Chittenden County, Vermont","34","31","3"
"1000000US500070035011002","Block 1002, Block Group 1, Census Tract 35.01, Chittenden County, Vermont","46","42","4"
"1000000US500070035011003","Block 1003, Block Group 1, Census Tract 35.01, Chittenden County, Vermont","31","31","0"
"1000000US500070035011004","Block 1004, Block Group 1, Census Tract 35.01, Chittenden County, Vermont","6","6","0"
"1000000US500070035011005","Block 1005, Block Group 1, Census Tract 35.01, Chittenden County, Vermont","59","56","3"
"1000000US500070035011006","Block 1006, Block Group 1, Census Tract 35.01, Chittenden County, Vermont","0","0","0"
"1000000US500070035011007","Block 1007, Block Group 1, Census Tract 35.01, Chittenden County, Vermont","106","100","6"
"1000000US500070035011008","Block 1008, Block Group 1, Census Tract 35.01, Chittenden County, Vermont","0","0","0"
"1000000US500070035011009","Block 1009, Block Group 1, Census Tract 35.01, Chittenden County, Vermont","63","55","8"
"1000000US500070035011010","Block 1010, Block Group 1, Census Tract 35.01, Chittenden County, Vermont","19","19","0"
"1000000US500070035011011","Block 1011, Block Group 1, Census Tract 35.01, Chittenden County, Vermont","1","1","0"
"1000000US500070035011012","Block 1012, Block Group 1, Census Tract 35.01, Chittenden County, Vermont","86","80","6"
"1000000US500070035011013","Block 1013, Block Group 1, Census Tract 35.01, Chittenden County, Vermont","0","0","0"
"1000000US500070035011014","Block 1014, Block Group 1, Census Tract 35.01, Chittenden County, Vermont","0","0","0"
"1000000US500070035011015","Block 1015, Block Group 1, Census Tract 35.01, Chittenden County, Vermont","0","0","0"
"1000000US500070035011016","Block 1016, Block Group 1, Census Tract 35.01, Chittenden County, Vermont","3","3","0"
"1000000US500070035011017","Block 1017, Block Group 1, Census Tract 35.01, Chittenden County, Vermont","3","3","0"
"1000000US500070035011018","Block 1018, Block Group 1, Census Tract 35.01, Chittenden County, Vermont","0","0","0"
"1000000US500070035011019","Block 1019, Block Group 1, Census Tract 35.01, Chittenden County, Vermont","45","45","0"
"1000000US500070035011020","Block 1020, Block Group 1, Census Tract 35.01, Chittenden County, Vermont","6","5","1"
"1000000US500070035011021","Block 1021, Block Group 1, Census Tract 35.01, Chittenden County, Vermont","4","4","0"
"1000000US500070035011022","Block 1022, Block Group 1, Census Tract 35.01, Chittenden County, Vermont","30","27","3"
"1000000US500070035011023","Block 1023, Block Group 1, Census Tract 35.01, Chittenden County, Vermont","0","0","0"
"1000000US500070035011024","Block 1024, Block Group 1, Census Tract 35.01, Chittenden County, Vermont","7","6","1"
"1000000US500070035011025","Block 1025, Block Group 1, Census Tract 35.01, Chittenden County, Vermont","0","0","0"
"1000000US500070035011026","Block 1026, Block Group 1, Census Tract 35.01, Chittenden County, Vermont","2","2","0"
"1000000US500070035011027","Block 1027, Block Group 1, Census Tract 35.01, Chittenden County, Vermont","40","39","1"
"1000000US500070035011028","Block 1028, Block Group 1, Census Tract 35.01, Chittenden County, Vermont","0","0","0"
"1000000US500070035011029","Block 1029, Block Group 1, Census Tract 35.01, Chittenden County, Vermont","31","28","3"
"1000000US500070035011030","Block 1030, Block Group 1, Census Tract 35.01, Chittenden County, Vermont","0","0","0"
"1000000US500070035011031","Block 1031, Block Group 1, Census Tract 35.01, Chittenden County, Vermont","0","0","0"
"1000000US500070035011032","Block 1032, Block Group 1, Census Tract 35.01, Chittenden County, Vermont","0","0","0"
"1000000US500070035011033","Block 1033, Block Group 1, Census Tract 35.01, Chittenden County, Vermont","0","0","0"
"1000000US500070035011034","Block 1034, Block Group 1, Census Tract 35.01, Chittenden County, Vermont","15","12","3"
"1000000US500070035011035","Block 1035, Block Group 1, Census Tract 35.01, Chittenden County, Vermont","17","15","2"
"1000000US500070035011036","Block 1036, Block Group 1, Census Tract 35.01, Chittenden County, Vermont","1","1","0"
"1000000US500070035011037","Block 1037, Block Group 1, Census Tract 35.01, Chittenden County, Vermont","13","13","0"
"1000000US500070035011038","Block 1038, Block Group 1, Census Tract 35.01, Chittenden County, Vermont","13","13","0"
"1000000US500070035011039","Block 1039, Block Group 1, Census Tract 35.01, Chittenden County, Vermont","9","9","0"
"1000000US500070035011040","Block 1040, Block Group 1, Census Tract 35.01, Chittenden County, Vermont","0","0","0"
"1000000US500070035012000","Block 2000, Block Group 2, Census Tract 35.01, Chittenden County, Vermont","26","26","0"
"1000000US500070035012001","Block 2001, Block Group 2, Census Tract 35.01, Chittenden County, Vermont","21","21","0"
"1000000US500070035012002","Block 2002, Block Group 2, Census Tract 35.01, Chittenden County, Vermont","1","1","0"
"1000000US500070035012003","Block 2003, Block Group 2, Census Tract 35.01, Chittenden County, Vermont","5","4","1"
"1000000US500070035012004","Block 2004, Block Group 2, Census Tract 35.01, Chittenden County, Vermont","15","14","1"
"1000000US500070035012005","Block 2005, Block Group 2, Census Tract 35.01, Chittenden County, Vermont","1","1","0"
"1000000US500070035012006","Block 2006, Block Group 2, Census Tract 35.01, Chittenden County, Vermont","10","10","0"
"1000000US500070035012007","Block 2007, Block Group 2, Census Tract 35.01, Chittenden County, Vermont","0","0","0"
"1000000US500070035012008","Block 2008, Block Group 2, Census Tract 35.01, Chittenden County, Vermont","36","34","2"
"1000000US500070035012009","Block 2009, Block Group 2, Census Tract 35.01, Chittenden County, Vermont","6","6","0"
"1000000US500070035012010","Block 2010, Block Group 2, Census Tract 35.01, Chittenden County, Vermont","56","55","1"
"1000000US500070035012011","Block 2011, Block Group 2, Census Tract 35.01, Chittenden County, Vermont","1","1","0"
"1000000US500070035012012","Block 2012, Block Group 2, Census Tract 35.01, Chittenden County, Vermont","9","9","0"
"1000000US500070035012013","Block 2013, Block Group 2, Census Tract 35.01, Chittenden County, Vermont","1","1","0"
"1000000US500070035012014","Block 2014, Block Group 2, Census Tract 35.01, Chittenden County, Vermont","66","62","4"
"1000000US500070035012015","Block 2015, Block Group 2, Census Tract 35.01, Chittenden County, Vermont","0","0","0"
"1000000US500070035012016","Block 2016, Block Group 2, Census Tract 35.01, Chittenden County, Vermont","3","3","0"
"1000000US500070035012017","Block 2017, Block Group 2, Census Tract 35.01, Chittenden County, Vermont","18","17","1"
"1000000US500070035012018","Block 2018, Block Group 2, Census Tract 35.01, Chittenden County, Vermont","35","34","1"
"1000000US500070035012019","Block 2019, Block Group 2, Census Tract 35.01, Chittenden County, Vermont","8","6","2"
"1000000US500070035012020","Block 2020, Block Group 2, Census Tract 35.01, Chittenden County, Vermont","6","6","0"
"1000000US500070035012021","Block 2021, Block Group 2, Census Tract 35.01, Chittenden County, Vermont","20","19","1"
"1000000US500070035012022","Block 2022, Block Group 2, Census Tract 35.01, Chittenden County, Vermont","1","1","0"
"1000000US500070035012023","Block 2023, Block Group 2, Census Tract 35.01, Chittenden County, Vermont","38","36","2"
"1000000US500070035012024","Block 2024, Block Group 2, Census Tract 35.01, Chittenden County, Vermont","30","29","1"
"1000000US500070035012025","Block 2025, Block Group 2, Census Tract 35.01, Chittenden County, Vermont","0","0","0"
"1000000US500070035013000","Block 3000, Block Group 3, Census Tract 35.01, Chittenden County, Vermont","19","19","0"
"1000000US500070035013001","Block 3001, Block Group 3, Census Tract 35.01, Chittenden County, Vermont","20","20","0"
"1000000US500070035013002","Block 3002, Block Group 3, Census Tract 35.01, Chittenden County, Vermont","0","0","0"
"1000000US500070035013003","Block 3003, Block Group 3, Census Tract 35.01, Chittenden County, Vermont","0","0","0"
"1000000US500070035013004","Block 3004, Block Group 3, Census Tract 35.01, Chittenden County, Vermont","49","43","6"
"1000000US500070035013005","Block 3005, Block Group 3, Census Tract 35.01, Chittenden County, Vermont","0","0","0"
"1000000US500070035013006","Block 3006, Block Group 3, Census Tract 35.01, Chittenden County, Vermont","0","0","0"
"1000000US500070035013007","Block 3007, Block Group 3, Census Tract 35.01, Chittenden County, Vermont","0","0","0"
"1000000US500070035013008","Block 3008, Block Group 3, Census Tract 35.01, Chittenden County, Vermont","0","0","0"
"1000000US500070035013009","Block 3009, Block Group 3, Census Tract 35.01, Chittenden County, Vermont","24","22","2"
"1000000US500070035013010","Block 3010, Block Group 3, Census Tract 35.01, Chittenden County, Vermont","1","1","0"
"1000000US500070035013011","Block 3011, Block Group 3, Census Tract 35.01, Chittenden County, Vermont","37","34","3"
"1000000US500070035013012","Block 3012, Block Group 3, Census Tract 35.01, Chittenden County, Vermont","41","39","2"
"1000000US500070035013013","Block 3013, Block Group 3, Census Tract 35.01, Chittenden County, Vermont","17","17","0"
"1000000US500070035013014","Block 3014, Block Group 3, Census Tract 35.01, Chittenden County, Vermont","21","20","1"
"1000000US500070035013015","Block 3015, Block Group 3, Census Tract 35.01, Chittenden County, Vermont","49","39","10"
"1000000US500070035013016","Block 3016, Block Group 3, Census Tract 35.01, Chittenden County, Vermont","0","0","0"
"1000000US500070035013017","Block 3017, Block Group 3, Census Tract 35.01, Chittenden County, Vermont","0","0","0"
"1000000US500070035013018","Block 3018, Block Group 3, Census Tract 35.01, Chittenden County, Vermont","9","0","9"
"1000000US500070035013019","Block 3019, Block Group 3, Census Tract 35.01, Chittenden County, Vermont","4","0","4"
"1000000US500070035013020","Block 3020, Block Group 3, Census Tract 35.01, Chittenden County, Vermont","254","73","181"
"1000000US500070035013021","Block 3021, Block Group 3, Census Tract 35.01, Chittenden County, Vermont","0","0","0"
"1000000US500070035013022","Block 3022, Block Group 3, Census Tract 35.01, Chittenden County, Vermont","0","0","0"
"1000000US500070035013023","Block 3023, Block Group 3, Census Tract 35.01, Chittenden County, Vermont","1","0","1"
"1000000US500070035013024","Block 3024, Block Group 3, Census Tract 35.01, Chittenden County, Vermont","0","0","0"
"1000000US500070035013025","Block 3025, Block Group 3, Census Tract 35.01, Chittenden County, Vermont","6","3","3"
"1000000US500070035013026","Block 3026, Block Group 3, Census Tract 35.01, Chittenden County, Vermont","0","0","0"
"1000000US500070035013027","Block 3027, Block Group 3, Census Tract 35.01, Chittenden County, Vermont","0","0","0"
"1000000US500070035013028","Block 3028, Block Group 3, Census Tract 35.01, Chittenden County, Vermont","1","0","1"
"1000000US500070035013029","Block 3029, Block Group 3, Census Tract 35.01, Chittenden County, Vermont","0","0","0"
"1000000US500070035013030","Block 3030, Block Group 3, Census Tract 35.01, Chittenden County, Vermont","0","0","0"
"1000000US500070035013031","Block 3031, Block Group 3, Census Tract 35.01, Chittenden County, Vermont","4","3","1"
"1000000US500070035013032","Block 3032, Block Group 3, Census Tract 35.01, Chittenden County, Vermont","23","21","2"
"1000000US500070035013033","Block 3033, Block Group 3, Census Tract 35.01, Chittenden County, Vermont","0","0","0"
"1000000US500070035013034","Block 3034, Block Group 3, Census Tract 35.01, Chittenden County, Vermont","0","0","0"
"1000000US500070035013035","Block 3035, Block Group 3, Census Tract 35.01, Chittenden County, Vermont","0","0","0"
"1000000US500070035021000","Block 1000, Block Group 1, Census Tract 35.02, Chittenden County, Vermont","37","34","3"
"1000000US500070035021001","Block 1001, Block Group 1, Census Tract 35.02, Chittenden County, Vermont","4","4","0"
"1000000US500070035021002","Block 1002, Block Group 1, Census Tract 35.02, Chittenden County, Vermont","25","23","2"
"1000000US500070035021003","Block 1003, Block Group 1, Census Tract 35.02, Chittenden County, Vermont","0","0","0"
"1000000US500070035021004","Block 1004, Block Group 1, Census Tract 35.02, Chittenden County, Vermont","11","11","0"
"1000000US500070035021005","Block 1005, Block Group 1, Census Tract 35.02, Chittenden County, Vermont","0","0","0"
"1000000US500070035021006","Block 1006, Block Group 1, Census Tract 35.02, Chittenden County, Vermont","11","10","1"
"1000000US500070035021007","Block 1007, Block Group 1, Census Tract 35.02, Chittenden County, Vermont","9","9","0"
"1000000US500070035021008","Block 1008, Block Group 1, Census Tract 35.02, Chittenden County, Vermont","20","17","3"
"1000000US500070035021009","Block 1009, Block Group 1, Census Tract 35.02, Chittenden County, Vermont","17","17","0"
"1000000US500070035021010","Block 1010, Block Group 1, Census Tract 35.02, Chittenden County, Vermont","5","5","0"
"1000000US500070035021011","Block 1011, Block Group 1, Census Tract 35.02, Chittenden County, Vermont","5","4","1"
"1000000US500070035021012","Block 1012, Block Group 1, Census Tract 35.02, Chittenden County, Vermont","34","34","0"
"1000000US500070035021013","Block 1013, Block Group 1, Census Tract 35.02, Chittenden County, Vermont","0","0","0"
"1000000US500070035021014","Block 1014, Block Group 1, Census Tract 35.02, Chittenden County, Vermont","62","59","3"
"1000000US500070035021015","Block 1015, Block Group 1, Census Tract 35.02, Chittenden County, Vermont","69","68","1"
"1000000US500070035021016","Block 1016, Block Group 1, Census Tract 35.02, Chittenden County, Vermont","0","0","0"
"1000000US500070035021017","Block 1017, Block Group 1, Census Tract 35.02, Chittenden County, Vermont","0","0","0"
"1000000US500070035021018","Block 1018, Block Group 1, Census Tract 35.02, Chittenden County, Vermont","2","2","0"
"1000000US500070035021019","Block 1019, Block Group 1, Census Tract 35.02, Chittenden County, Vermont","13","13","0"
"1000000US500070035021020","Block 1020, Block Group 1, Census Tract 35.02, Chittenden County, Vermont","0","0","0"
"1000000US500070035021021","Block 1021, Block Group 1, Census Tract 35.02, Chittenden County, Vermont","0","0","0"
"1000000US500070035021022","Block 1022, Block Group 1, Census Tract 35.02, Chittenden County, Vermont","23","23","0"
"1000000US500070035021023","Block 1023, Block Group 1, Census Tract 35.02, Chittenden County, Vermont","1","1","0"
"1000000US500070035021024","Block 1024, Block Group 1, Census Tract 35.02, Chittenden County, Vermont","0","0","0"
"1000000US500070035021025","Block 1025, Block Group 1, Census Tract 35.02, Chittenden County, Vermont","4","4","0"
"1000000US500070035021026","Block 1026, Block Group 1, Census Tract 35.02, Chittenden County, Vermont","19","19","0"
"1000000US500070035021027","Block 1027, Block Group 1, Census Tract 35.02, Chittenden County, Vermont","4","4","0"
"1000000US500070035021028","Block 1028, Block Group 1, Census Tract 35.02, Chittenden County, Vermont","0","0","0"
"1000000US500070035021029","Block 1029, Block Group 1, Census Tract 35.02, Chittenden County, Vermont","0","0","0"
"1000000US500070035021030","Block 1030, Block Group 1, Census Tract 35.02, Chittenden County, Vermont","7","7","0"
"1000000US500070035021031","Block 1031, Block Group 1, Census Tract 35.02, Chittenden County, Vermont","0","0","0"
"1000000US500070035021032","Block 1032, Block Group 1, Census Tract 35.02, Chittenden County, Vermont","4","4","0"
"1000000US500070035021033","Block 1033, Block Group 1, Census Tract 35.02, Chittenden County, Vermont","6","6","0"
"1000000US500070035021034","Block 1034, Block Group 1, Census Tract 35.02, Chittenden County, Vermont","3","3","0"
"1000000US500070035021035","Block 1035, Block Group 1, Census Tract 35.02, Chittenden County, Vermont","0","0","0"
"1000000US500070035021036","Block 1036, Block Group 1, Census Tract 35.02, Chittenden County, Vermont","11","11","0"
"1000000US500070035021037","Block 1037, Block Group 1, Census Tract 35.02, Chittenden County, Vermont","10","9","1"
"1000000US500070035021038","Block 1038, Block Group 1, Census Tract 35.02, Chittenden County, Vermont","0","0","0"
"1000000US500070035021039","Block 1039, Block Group 1, Census Tract 35.02, Chittenden County, Vermont","4","4","0"
"1000000US500070035021040","Block 1040, Block Group 1, Census Tract 35.02, Chittenden County, Vermont","14","14","0"
"1000000US500070035021041","Block 1041, Block Group 1, Census Tract 35.02, Chittenden County, Vermont","30","30","0"
"1000000US500070035021042","Block 1042, Block Group 1, Census Tract 35.02, Chittenden County, Vermont","4","4","0"
"1000000US500070035021043","Block 1043, Block Group 1, Census Tract 35.02, Chittenden County, Vermont","4","4","0"
"1000000US500070035021044","Block 1044, Block Group 1, Census Tract 35.02, Chittenden County, Vermont","0","0","0"
"1000000US500070035022000","Block 2000, Block Group 2, Census Tract 35.02, Chittenden County, Vermont","21","19","2"
"1000000US500070035022001","Block 2001, Block Group 2, Census Tract 35.02, Chittenden County, Vermont","40","35","5"
"1000000US500070035022002","Block 2002, Block Group 2, Census Tract 35.02, Chittenden County, Vermont","0","0","0"
"1000000US500070035022003","Block 2003, Block Group 2, Census Tract 35.02, Chittenden County, Vermont","0","0","0"
"1000000US500070035022004","Block 2004, Block Group 2, Census Tract 35.02, Chittenden County, Vermont","0","0","0"
"1000000US500070035022005","Block 2005, Block Group 2, Census Tract 35.02, Chittenden County, Vermont","2","2","0"
"1000000US500070035022006","Block 2006, Block Group 2, Census Tract 35.02, Chittenden County, Vermont","22","19","3"
"1000000US500070035022007","Block 2007, Block Group 2, Census Tract 35.02, Chittenden County, Vermont","127","123","4"
"1000000US500070035022008","Block 2008, Block Group 2, Census Tract 35.02, Chittenden County, Vermont","4","4","0"
"1000000US500070035022009","Block 2009, Block Group 2, Census Tract 35.02, Chittenden County, Vermont","12","12","0"
"1000000US500070035022010","Block 2010, Block Group 2, Census Tract 35.02, Chittenden County, Vermont","0","0","0"
"1000000US500070035022011","Block 2011, Block Group 2, Census Tract 35.02, Chittenden County, Vermont","7","7","0"
"1000000US500070035022012","Block 2012, Block Group 2, Census Tract 35.02, Chittenden County, Vermont","32","32","0"
"1000000US500070035022013","Block 2013, Block Group 2, Census Tract 35.02, Chittenden County, Vermont","0","0","0"
"1000000US500070035022014","Block 2014, Block Group 2, Census Tract 35.02, Chittenden County, Vermont","16","14","2"
"1000000US500070035022015","Block 2015, Block Group 2, Census Tract 35.02, Chittenden County, Vermont","6","6","0"
"1000000US500070035022016","Block 2016, Block Group 2, Census Tract 35.02, Chittenden County, Vermont","3","2","1"
"1000000US500070035023000","Block 3000, Block Group 3, Census Tract 35.02, Chittenden County, Vermont","15","15","0"
"1000000US500070035023001","Block 3001, Block Group 3, Census Tract 35.02, Chittenden County, Vermont","5","5","0"
"1000000US500070035023002","Block 3002, Block Group 3, Census Tract 35.02, Chittenden County, Vermont","3","3","0"
"1000000US500070035023003","Block 3003, Block Group 3, Census Tract 35.02, Chittenden County, Vermont","1","1","0"
"1000000US500070035023004","Block 3004, Block Group 3, Census Tract 35.02, Chittenden County, Vermont","11","11","0"
"1000000US500070035023005","Block 3005, Block Group 3, Census Tract 35.02, Chittenden County, Vermont","74","70","4"
"1000000US500070035023006","Block 3006, Block Group 3, Census Tract 35.02, Chittenden County, Vermont","3","3","0"
"1000000US500070035023007","Block 3007, Block Group 3, Census Tract 35.02, Chittenden County, Vermont","1","1","0"
"1000000US500070035023008","Block 3008, Block Group 3, Census Tract 35.02, Chittenden County, Vermont","0","0","0"
"1000000US500070035023009","Block 3009, Block Group 3, Census Tract 35.02, Chittenden County, Vermont","0","0","0"
"1000000US500070035023010","Block 3010, Block Group 3, Census Tract 35.02, Chittenden County, Vermont","0","0","0"
"1000000US500070035023011","Block 3011, Block Group 3, Census Tract 35.02, Chittenden County, Vermont","6","6","0"
"1000000US500070035023012","Block 3012, Block Group 3, Census Tract 35.02, Chittenden County, Vermont","142","135","7"
"1000000US500070035023013","Block 3013, Block Group 3, Census Tract 35.02, Chittenden County, Vermont","0","0","0"
"1000000US500070035023014","Block 3014, Block Group 3, Census Tract 35.02, Chittenden County, Vermont","0","0","0"
"1000000US500070035023015","Block 3015, Block Group 3, Census Tract 35.02, Chittenden County, Vermont","65","60","5"
"1000000US500070035023016","Block 3016, Block Group 3, Census Tract 35.02, Chittenden County, Vermont","0","0","0"
"1000000US500070035023017","Block 3017, Block Group 3, Census Tract 35.02, Chittenden County, Vermont","0","0","0"
"1000000US500070035023018","Block 3018, Block Group 3, Census Tract 35.02, Chittenden County, Vermont","1","1","0"
"1000000US500070035023019","Block 3019, Block Group 3, Census Tract 35.02, Chittenden County, Vermont","0","0","0"
"1000000US500070035023020","Block 3020, Block Group 3, Census Tract 35.02, Chittenden County, Vermont","0","0","0"
"1000000US500070035023021","Block 3021, Block Group 3, Census Tract 35.02, Chittenden County, Vermont","4","4","0"
"1000000US500070035023022","Block 3022, Block Group 3, Census Tract 35.02, Chittenden County, Vermont","6","6","0"
"1000000US500070035023023","Block 3023, Block Group 3, Census Tract 35.02, Chittenden County, Vermont","0","0","0"
"1000000US500070035024000","Block 4000, Block Group 4, Census Tract 35.02, Chittenden County, Vermont","7","2","5"
"1000000US500070035024001","Block 4001, Block Group 4, Census Tract 35.02, Chittenden County, Vermont","0","0","0"
"1000000US500070035024002","Block 4002, Block Group 4, Census Tract 35.02, Chittenden County, Vermont","0","0","0"
"1000000US500070035024003","Block 4003, Block Group 4, Census Tract 35.02, Chittenden County, Vermont","0","0","0"
"1000000US500070035024004","Block 4004, Block Group 4, Census Tract 35.02, Chittenden County, Vermont","0","0","0"
"1000000US500070035024005","Block 4005, Block Group 4, Census Tract 35.02, Chittenden County, Vermont","70","48","22"
"1000000US500070035024006","Block 4006, Block Group 4, Census Tract 35.02, Chittenden County, Vermont","0","0","0"
"1000000US500070035024007","Block 4007, Block Group 4, Census Tract 35.02, Chittenden County, Vermont","89","88","1"
"1000000US500070035024008","Block 4008, Block Group 4, Census Tract 35.02, Chittenden County, Vermont","8","8","0"
"1000000US500070035024009","Block 4009, Block Group 4, Census Tract 35.02, Chittenden County, Vermont","83","80","3"
"1000000US500070035024010","Block 4010, Block Group 4, Census Tract 35.02, Chittenden County, Vermont","0","0","0"
"1000000US500070035024011","Block 4011, Block Group 4, Census Tract 35.02, Chittenden County, Vermont","142","138","4"
"1000000US500070035024012","Block 4012, Block Group 4, Census Tract 35.02, Chittenden County, Vermont","6","6","0"
"1000000US500070035024013","Block 4013, Block Group 4, Census Tract 35.02, Chittenden County, Vermont","0","0","0"
"1000000US500070035024014","Block 4014, Block Group 4, Census Tract 35.02, Chittenden County, Vermont","0","0","0"
"1000000US500070035024015","Block 4015, Block Group 4, Census Tract 35.02, Chittenden County, Vermont","0","0","0"
"1000000US500070035024016","Block 4016, Block Group 4, Census Tract 35.02, Chittenden County, Vermont","0","0","0"
"1000000US500070035024017","Block 4017, Block Group 4, Census Tract 35.02, Chittenden County, Vermont","47","17","30"
"1000000US500070035024018","Block 4018, Block Group 4, Census Tract 35.02, Chittenden County, Vermont","5","3","2"
"1000000US500070035024019","Block 4019, Block Group 4, Census Tract 35.02, Chittenden County, Vermont","182","181","1"
"1000000US500070035024020","Block 4020, Block Group 4, Census Tract 35.02, Chittenden County, Vermont","19","18","1"
"1000000US500070035024021","Block 4021, Block Group 4, Census Tract 35.02, Chittenden County, Vermont","16","15","1"
"1000000US500070035024022","Block 4022, Block Group 4, Census Tract 35.02, Chittenden County, Vermont","23","21","2"
"1000000US500070035024023","Block 4023, Block Group 4, Census Tract 35.02, Chittenden County, Vermont","9","9","0"
"1000000US500070035024024","Block 4024, Block Group 4, Census Tract 35.02, Chittenden County, Vermont","1","1","0"
"1000000US500070035024025","Block 4025, Block Group 4, Census Tract 35.02, Chittenden County, Vermont","17","16","1"
"1000000US500070035024026","Block 4026, Block Group 4, Census Tract 35.02, Chittenden County, Vermont","12","11","1"
"1000000US500070035024027","Block 4027, Block Group 4, Census Tract 35.02, Chittenden County, Vermont","26","26","0"
"1000000US500070035024028","Block 4028, Block Group 4, Census Tract 35.02, Chittenden County, Vermont","21","21","0"
"1000000US500070035024029","Block 4029, Block Group 4, Census Tract 35.02, Chittenden County, Vermont","0","0","0"
"1000000US500070035024030","Block 4030, Block Group 4, Census Tract 35.02, Chittenden County, Vermont","215","210","5"
"1000000US500070035024031","Block 4031, Block Group 4, Census Tract 35.02, Chittenden County, Vermont","0","0","0"
"1000000US500070035024032","Block 4032, Block Group 4, Census Tract 35.02, Chittenden County, Vermont","23","23","0"
"1000000US500070035024033","Block 4033, Block Group 4, Census Tract 35.02, Chittenden County, Vermont","3","3","0"
"1000000US500070035024034","Block 4034, Block Group 4, Census Tract 35.02, Chittenden County, Vermont","1","1","0"
"1000000US500070035024035","Block 4035, Block Group 4, Census Tract 35.02, Chittenden County, Vermont","13","13","0"
"1000000US500070035031000","Block 1000, Block Group 1, Census Tract 35.03, Chittenden County, Vermont","262","240","22"
"1000000US500070035031001","Block 1001, Block Group 1, Census Tract 35.03, Chittenden County, Vermont","0","0","0"
"1000000US500070035031002","Block 1002, Block Group 1, Census Tract 35.03, Chittenden County, Vermont","7","7","0"
"1000000US500070035031003","Block 1003, Block Group 1, Census Tract 35.03, Chittenden County, Vermont","17","16","1"
"1000000US500070035031004","Block 1004, Block Group 1, Census Tract 35.03, Chittenden County, Vermont","21","14","7"
"1000000US500070035031005","Block 1005, Block Group 1, Census Tract 35.03, Chittenden County, Vermont","3","2","1"
"1000000US500070035031006","Block 1006, Block Group 1, Census Tract 35.03, Chittenden County, Vermont","1","0","1"
"1000000US500070035031007","Block 1007, Block Group 1, Census Tract 35.03, Chittenden County, Vermont","6","6","0"
"1000000US500070035031008","Block 1008, Block Group 1, Census Tract 35.03, Chittenden County, Vermont","2","2","0"
"1000000US500070035031009","Block 1009, Block Group 1, Census Tract 35.03, Chittenden County, Vermont","0","0","0"
"1000000US500070035031010","Block 1010, Block Group 1, Census Tract 35.03, Chittenden County, Vermont","3","2","1"
"1000000US500070035031011","Block 1011, Block Group 1, Census Tract 35.03, Chittenden County, Vermont","12","8","4"
"1000000US500070035031012","Block 1012, Block Group 1, Census Tract 35.03, Chittenden County, Vermont","4","3","1"
"1000000US500070035031013","Block 1013, Block Group 1, Census Tract 35.03, Chittenden County, Vermont","0","0","0"
"1000000US500070035031014","Block 1014, Block Group 1, Census Tract 35.03, Chittenden County, Vermont","1","1","0"
"1000000US500070035031015","Block 1015, Block Group 1, Census Tract 35.03, Chittenden County, Vermont","10","10","0"
"1000000US500070035031016","Block 1016, Block Group 1, Census Tract 35.03, Chittenden County, Vermont","17","17","0"
"1000000US500070035031017","Block 1017, Block Group 1, Census Tract 35.03, Chittenden County, Vermont","0","0","0"
"1000000US500070035031018","Block 1018, Block Group 1, Census Tract 35.03, Chittenden County, Vermont","0","0","0"
"1000000US500070035031019","Block 1019, Block Group 1, Census Tract 35.03, Chittenden County, Vermont","13","12","1"
"1000000US500070035031020","Block 1020, Block Group 1, Census Tract 35.03, Chittenden County, Vermont","49","42","7"
"1000000US500070035031021","Block 1021, Block Group 1, Census Tract 35.03, Chittenden County, Vermont","0","0","0"
"1000000US500070035031022","Block 1022, Block Group 1, Census Tract 35.03, Chittenden County, Vermont","8","8","0"
"1000000US500070035031023","Block 1023, Block Group 1, Census Tract 35.03, Chittenden County, Vermont","5","5","0"
"1000000US500070035031024","Block 1024, Block Group 1, Census Tract 35.03, Chittenden County, Vermont","0","0","0"
"1000000US500070035031025","Block 1025, Block Group 1, Census Tract 35.03, Chittenden County, Vermont","12","12","0"
"1000000US500070035031026","Block 1026, Block Group 1, Census Tract 35.03, Chittenden County, Vermont","17","16","1"
"1000000US500070035031027","Block 1027, Block Group 1, Census Tract 35.03, Chittenden County, Vermont","3","3","0"
"1000000US500070035031028","Block 1028, Block Group 1, Census Tract 35.03, Chittenden County, Vermont","0","0","0"
"1000000US500070035031029","Block 1029, Block Group 1, Census Tract 35.03, Chittenden County, Vermont","17","15","2"
"1000000US500070035031030","Block 1030, Block Group 1, Census Tract 35.03, Chittenden County, Vermont","0","0","0"
"1000000US500070035031031","Block 1031, Block Group 1, Census Tract 35.03, Chittenden County, Vermont","0","0","0"
"1000000US500070035031032","Block 1032, Block Group 1, Census Tract 35.03, Chittenden County, Vermont","15","14","1"
"1000000US500070035031033","Block 1033, Block Group 1, Census Tract 35.03, Chittenden County, Vermont","129","122","7"
"1000000US500070035031034","Block 1034, Block Group 1, Census Tract 35.03, Chittenden County, Vermont","3","3","0"
"1000000US500070035031035","Block 1035, Block Group 1, Census Tract 35.03, Chittenden County, Vermont","1","1","0"
"1000000US500070035031036","Block 1036, Block Group 1, Census Tract 35.03, Chittenden County, Vermont","6","5","1"
"1000000US500070035031037","Block 1037, Block Group 1, Census Tract 35.03, Chittenden County, Vermont","0","0","0"
"1000000US500070035031038","Block 1038, Block Group 1, Census Tract 35.03, Chittenden County, Vermont","40","37","3"
"1000000US500070035031039","Block 1039, Block Group 1, Census Tract 35.03, Chittenden County, Vermont","3","3","0"
"1000000US500070035031040","Block 1040, Block Group 1, Census Tract 35.03, Chittenden County, Vermont","0","0","0"
"1000000US500070035031041","Block 1041, Block Group 1, Census Tract 35.03, Chittenden County, Vermont","45","45","0"
"1000000US500070035031042","Block 1042, Block Group 1, Census Tract 35.03, Chittenden County, Vermont","2","2","0"
"1000000US500070035031043","Block 1043, Block Group 1, Census Tract 35.03, Chittenden County, Vermont","4","4","0"
"1000000US500070035031044","Block 1044, Block Group 1, Census Tract 35.03, Chittenden County, Vermont","1","1","0"
"1000000US500070035031045","Block 1045, Block Group 1, Census Tract 35.03, Chittenden County, Vermont","8","7","1"
"1000000US500070035031046","Block 1046, Block Group 1, Census Tract 35.03, Chittenden County, Vermont","0","0","0"
"1000000US500070035031047","Block 1047, Block Group 1, Census Tract 35.03, Chittenden County, Vermont","0","0","0"
"1000000US500070035031048","Block 1048, Block Group 1, Census Tract 35.03, Chittenden County, Vermont","3","3","0"
"1000000US500070035031049","Block 1049, Block Group 1, Census Tract 35.03, Chittenden County, Vermont","6","6","0"
"1000000US500070035031050","Block 1050, Block Group 1, Census Tract 35.03, Chittenden County, Vermont","24","23","1"
"1000000US500070035031051","Block 1051, Block Group 1, Census Tract 35.03, Chittenden County, Vermont","1","1","0"
"1000000US500070035031052","Block 1052, Block Group 1, Census Tract 35.03, Chittenden County, Vermont","2","1","1"
"1000000US500070035031053","Block 1053, Block Group 1, Census Tract 35.03, Chittenden County, Vermont","9","8","1"
"1000000US500070035031054","Block 1054, Block Group 1, Census Tract 35.03, Chittenden County, Vermont","6","4","2"
"1000000US500070035031055","Block 1055, Block Group 1, Census Tract 35.03, Chittenden County, Vermont","1","0","1"
"1000000US500070035031056","Block 1056, Block Group 1, Census Tract 35.03, Chittenden County, Vermont","8","8","0"
"1000000US500070035031057","Block 1057, Block Group 1, Census Tract 35.03, Chittenden County, Vermont","9","9","0"
"1000000US500070035031058","Block 1058, Block Group 1, Census Tract 35.03, Chittenden County, Vermont","2","2","0"
"1000000US500070035031059","Block 1059, Block Group 1, Census Tract 35.03, Chittenden County, Vermont","0","0","0"
"1000000US500070035031060","Block 1060, Block Group 1, Census Tract 35.03, Chittenden County, Vermont","9","8","1"
"1000000US500070035031061","Block 1061, Block Group 1, Census Tract 35.03, Chittenden County, Vermont","2","2","0"
"1000000US500070035031062","Block 1062, Block Group 1, Census Tract 35.03, Chittenden County, Vermont","6","5","1"
"1000000US500070035031063","Block 1063, Block Group 1, Census Tract 35.03, Chittenden County, Vermont","0","0","0"
"1000000US500070035031064","Block 1064, Block Group 1, Census Tract 35.03, Chittenden County, Vermont","0","0","0"
"1000000US500070036001000","Block 1000, Block Group 1, Census Tract 36, Chittenden County, Vermont","0","0","0"
"1000000US500070036001001","Block 1001, Block Group 1, Census Tract 36, Chittenden County, Vermont","0","0","0"
"1000000US500070036001002","Block 1002, Block Group 1, Census Tract 36, Chittenden County, Vermont","28","27","1"
"1000000US500070036001003","Block 1003, Block Group 1, Census Tract 36, Chittenden County, Vermont","11","10","1"
"1000000US500070036001004","Block 1004, Block Group 1, Census Tract 36, Chittenden County, Vermont","0","0","0"
"1000000US500070036001005","Block 1005, Block Group 1, Census Tract 36, Chittenden County, Vermont","0","0","0"
"1000000US500070036001006","Block 1006, Block Group 1, Census Tract 36, Chittenden County, Vermont","0","0","0"
"1000000US500070036001007","Block 1007, Block Group 1, Census Tract 36, Chittenden County, Vermont","0","0","0"
"1000000US500070036001008","Block 1008, Block Group 1, Census Tract 36, Chittenden County, Vermont","0","0","0"
"1000000US500070036001009","Block 1009, Block Group 1, Census Tract 36, Chittenden County, Vermont","0","0","0"
"1000000US500070036001010","Block 1010, Block Group 1, Census Tract 36, Chittenden County, Vermont","0","0","0"
"1000000US500070036001011","Block 1011, Block Group 1, Census Tract 36, Chittenden County, Vermont","0","0","0"
"1000000US500070036001012","Block 1012, Block Group 1, Census Tract 36, Chittenden County, Vermont","0","0","0"
"1000000US500070036001013","Block 1013, Block Group 1, Census Tract 36, Chittenden County, Vermont","0","0","0"
"1000000US500070036001014","Block 1014, Block Group 1, Census Tract 36, Chittenden County, Vermont","0","0","0"
"1000000US500070036001015","Block 1015, Block Group 1, Census Tract 36, Chittenden County, Vermont","193","184","9"
"1000000US500070036001016","Block 1016, Block Group 1, Census Tract 36, Chittenden County, Vermont","1","1","0"
"1000000US500070036001017","Block 1017, Block Group 1, Census Tract 36, Chittenden County, Vermont","0","0","0"
"1000000US500070036001018","Block 1018, Block Group 1, Census Tract 36, Chittenden County, Vermont","0","0","0"
"1000000US500070036001019","Block 1019, Block Group 1, Census Tract 36, Chittenden County, Vermont","0","0","0"
"1000000US500070036001020","Block 1020, Block Group 1, Census Tract 36, Chittenden County, Vermont","0","0","0"
"1000000US500070036001021","Block 1021, Block Group 1, Census Tract 36, Chittenden County, Vermont","0","0","0"
"1000000US500070036001022","Block 1022, Block Group 1, Census Tract 36, Chittenden County, Vermont","0","0","0"
"1000000US500070036001023","Block 1023, Block Group 1, Census Tract 36, Chittenden County, Vermont","0","0","0"
"1000000US500070036001024","Block 1024, Block Group 1, Census Tract 36, Chittenden County, Vermont","0","0","0"
"1000000US500070036001025","Block 1025, Block Group 1, Census Tract 36, Chittenden County, Vermont","0","0","0"
"1000000US500070036001026","Block 1026, Block Group 1, Census Tract 36, Chittenden County, Vermont","0","0","0"
"1000000US500070036001027","Block 1027, Block Group 1, Census Tract 36, Chittenden County, Vermont","0","0","0"
"1000000US500070036001028","Block 1028, Block Group 1, Census Tract 36, Chittenden County, Vermont","97","94","3"
"1000000US500070036001029","Block 1029, Block Group 1, Census Tract 36, Chittenden County, Vermont","2","2","0"
"1000000US500070036001030","Block 1030, Block Group 1, Census Tract 36, Chittenden County, Vermont","0","0","0"
"1000000US500070036001031","Block 1031, Block Group 1, Census Tract 36, Chittenden County, Vermont","0","0","0"
"1000000US500070036001032","Block 1032, Block Group 1, Census Tract 36, Chittenden County, Vermont","0","0","0"
"1000000US500070036001033","Block 1033, Block Group 1, Census Tract 36, Chittenden County, Vermont","0","0","0"
"1000000US500070036001034","Block 1034, Block Group 1, Census Tract 36, Chittenden County, Vermont","0","0","0"
"1000000US500070036001035","Block 1035, Block Group 1, Census Tract 36, Chittenden County, Vermont","0","0","0"
"1000000US500070036002000","Block 2000, Block Group 2, Census Tract 36, Chittenden County, Vermont","168","158","10"
"1000000US500070036002001","Block 2001, Block Group 2, Census Tract 36, Chittenden County, Vermont","0","0","0"
"1000000US500070036002002","Block 2002, Block Group 2, Census Tract 36, Chittenden County, Vermont","7","7","0"
"1000000US500070036002003","Block 2003, Block Group 2, Census Tract 36, Chittenden County, Vermont","0","0","0"
"1000000US500070036002004","Block 2004, Block Group 2, Census Tract 36, Chittenden County, Vermont","0","0","0"
"1000000US500070036002005","Block 2005, Block Group 2, Census Tract 36, Chittenden County, Vermont","0","0","0"
"1000000US500070036002006","Block 2006, Block Group 2, Census Tract 36, Chittenden County, Vermont","0","0","0"
"1000000US500070036002007","Block 2007, Block Group 2, Census Tract 36, Chittenden County, Vermont","0","0","0"
"1000000US500070036002008","Block 2008, Block Group 2, Census Tract 36, Chittenden County, Vermont","0","0","0"
"1000000US500070036002009","Block 2009, Block Group 2, Census Tract 36, Chittenden County, Vermont","280","274","6"
"1000000US500070036002010","Block 2010, Block Group 2, Census Tract 36, Chittenden County, Vermont","0","0","0"
"1000000US500070036002011","Block 2011, Block Group 2, Census Tract 36, Chittenden County, Vermont","44","44","0"
"1000000US500070036002012","Block 2012, Block Group 2, Census Tract 36, Chittenden County, Vermont","60","59","1"
"1000000US500070036002013","Block 2013, Block Group 2, Census Tract 36, Chittenden County, Vermont","0","0","0"
"1000000US500070036002014","Block 2014, Block Group 2, Census Tract 36, Chittenden County, Vermont","0","0","0"
"1000000US500070036002015","Block 2015, Block Group 2, Census Tract 36, Chittenden County, Vermont","0","0","0"
"1000000US500070036002016","Block 2016, Block Group 2, Census Tract 36, Chittenden County, Vermont","0","0","0"
"1000000US500070036002017","Block 2017, Block Group 2, Census Tract 36, Chittenden County, Vermont","0","0","0"
"1000000US500070036002018","Block 2018, Block Group 2, Census Tract 36, Chittenden County, Vermont","34","34","0"
"1000000US500070036002019","Block 2019, Block Group 2, Census Tract 36, Chittenden County, Vermont","0","0","0"
"1000000US500070036002020","Block 2020, Block Group 2, Census Tract 36, Chittenden County, Vermont","0","0","0"
"1000000US500070036002021","Block 2021, Block Group 2, Census Tract 36, Chittenden County, Vermont","0","0","0"
"1000000US500070036002022","Block 2022, Block Group 2, Census Tract 36, Chittenden County, Vermont","41","41","0"
"1000000US500070036002023","Block 2023, Block Group 2, Census Tract 36, Chittenden County, Vermont","0","0","0"
"1000000US500070036002024","Block 2024, Block Group 2, Census Tract 36, Chittenden County, Vermont","0","0","0"
"1000000US500070036002025","Block 2025, Block Group 2, Census Tract 36, Chittenden County, Vermont","51","51","0"
"1000000US500070036002026","Block 2026, Block Group 2, Census Tract 36, Chittenden County, Vermont","1","1","0"
"1000000US500070036002027","Block 2027, Block Group 2, Census Tract 36, Chittenden County, Vermont","0","0","0"
"1000000US500070036002028","Block 2028, Block Group 2, Census Tract 36, Chittenden County, Vermont","8","8","0"
"1000000US500070036002029","Block 2029, Block Group 2, Census Tract 36, Chittenden County, Vermont","144","140","4"
"1000000US500070036002030","Block 2030, Block Group 2, Census Tract 36, Chittenden County, Vermont","6","4","2"
"1000000US500070036002031","Block 2031, Block Group 2, Census Tract 36, Chittenden County, Vermont","10","10","0"
"1000000US500070036002032","Block 2032, Block Group 2, Census Tract 36, Chittenden County, Vermont","16","16","0"
"1000000US500070036002033","Block 2033, Block Group 2, Census Tract 36, Chittenden County, Vermont","7","7","0"
"1000000US500070036002034","Block 2034, Block Group 2, Census Tract 36, Chittenden County, Vermont","21","21","0"
"1000000US500070036002035","Block 2035, Block Group 2, Census Tract 36, Chittenden County, Vermont","10","10","0"
"1000000US500070036002036","Block 2036, Block Group 2, Census Tract 36, Chittenden County, Vermont","19","19","0"
"1000000US500070036002037","Block 2037, Block Group 2, Census Tract 36, Chittenden County, Vermont","30","25","5"
"1000000US500070036002038","Block 2038, Block Group 2, Census Tract 36, Chittenden County, Vermont","0","0","0"
"1000000US500070036002039","Block 2039, Block Group 2, Census Tract 36, Chittenden County, Vermont","0","0","0"
"1000000US500070036002040","Block 2040, Block Group 2, Census Tract 36, Chittenden County, Vermont","76","71","5"
"1000000US500070036002041","Block 2041, Block Group 2, Census Tract 36, Chittenden County, Vermont","0","0","0"
"1000000US500070036002042","Block 2042, Block Group 2, Census Tract 36, Chittenden County, Vermont","0","0","0"
"1000000US500070036002043","Block 2043, Block Group 2, Census Tract 36, Chittenden County, Vermont","2","2","0"
"1000000US500070036003000","Block 3000, Block Group 3, Census Tract 36, Chittenden County, Vermont","0","0","0"
"1000000US500070036003001","Block 3001, Block Group 3, Census Tract 36, Chittenden County, Vermont","171","159","12"
"1000000US500070036003002","Block 3002, Block Group 3, Census Tract 36, Chittenden County, Vermont","1","1","0"
"1000000US500070036003003","Block 3003, Block Group 3, Census Tract 36, Chittenden County, Vermont","8","8","0"
"1000000US500070036003004","Block 3004, Block Group 3, Census Tract 36, Chittenden County, Vermont","124","116","8"
"1000000US500070036003005","Block 3005, Block Group 3, Census Tract 36, Chittenden County, Vermont","36","33","3"
"1000000US500070036003006","Block 3006, Block Group 3, Census Tract 36, Chittenden County, Vermont","88","86","2"
"1000000US500070036003007","Block 3007, Block Group 3, Census Tract 36, Chittenden County, Vermont","0","0","0"
"1000000US500070036003008","Block 3008, Block Group 3, Census Tract 36, Chittenden County, Vermont","22","22","0"
"1000000US500070036003009","Block 3009, Block Group 3, Census Tract 36, Chittenden County, Vermont","0","0","0"
"1000000US500070036003010","Block 3010, Block Group 3, Census Tract 36, Chittenden County, Vermont","0","0","0"
"1000000US500070036003011","Block 3011, Block Group 3, Census Tract 36, Chittenden County, Vermont","2","2","0"
"1000000US500070036003012","Block 3012, Block Group 3, Census Tract 36, Chittenden County, Vermont","252","240","12"
"1000000US500070036003013","Block 3013, Block Group 3, Census Tract 36, Chittenden County, Vermont","3","3","0"
"1000000US500070036003014","Block 3014, Block Group 3, Census Tract 36, Chittenden County, Vermont","8","8","0"
"1000000US500070036003015","Block 3015, Block Group 3, Census Tract 36, Chittenden County, Vermont","4","3","1"
"1000000US500070036003016","Block 3016, Block Group 3, Census Tract 36, Chittenden County, Vermont","0","0","0"
"1000000US500070036003017","Block 3017, Block Group 3, Census Tract 36, Chittenden County, Vermont","12","12","0"
"1000000US500070036003018","Block 3018, Block Group 3, Census Tract 36, Chittenden County, Vermont","11","11","0"
"1000000US500070036003019","Block 3019, Block Group 3, Census Tract 36, Chittenden County, Vermont","0","0","0"
"1000000US500070039001000","Block 1000, Block Group 1, Census Tract 39, Chittenden County, Vermont","29","28","1"
"1000000US500070039001001","Block 1001, Block Group 1, Census Tract 39, Chittenden County, Vermont","9","9","0"
"1000000US500070039001002","Block 1002, Block Group 1, Census Tract 39, Chittenden County, Vermont","9","9","0"
"1000000US500070039001003","Block 1003, Block Group 1, Census Tract 39, Chittenden County, Vermont","32","29","3"
"1000000US500070039001004","Block 1004, Block Group 1, Census Tract 39, Chittenden County, Vermont","4","3","1"
"1000000US500070039001005","Block 1005, Block Group 1, Census Tract 39, Chittenden County, Vermont","74","72","2"
"1000000US500070039001006","Block 1006, Block Group 1, Census Tract 39, Chittenden County, Vermont","38","36","2"
"1000000US500070039001007","Block 1007, Block Group 1, Census Tract 39, Chittenden County, Vermont","18","17","1"
"1000000US500070039001008","Block 1008, Block Group 1, Census Tract 39, Chittenden County, Vermont","126","113","13"
"1000000US500070039001009","Block 1009, Block Group 1, Census Tract 39, Chittenden County, Vermont","64","64","0"
"1000000US500070039001010","Block 1010, Block Group 1, Census Tract 39, Chittenden County, Vermont","13","13","0"
"1000000US500070039002000","Block 2000, Block Group 2, Census Tract 39, Chittenden County, Vermont","0","0","0"
"1000000US500070039002001","Block 2001, Block Group 2, Census Tract 39, Chittenden County, Vermont","6","6","0"
"1000000US500070039002002","Block 2002, Block Group 2, Census Tract 39, Chittenden County, Vermont","0","0","0"
"1000000US500070039002003","Block 2003, Block Group 2, Census Tract 39, Chittenden County, Vermont","58","56","2"
"1000000US500070039002004","Block 2004, Block Group 2, Census Tract 39, Chittenden County, Vermont","30","27","3"
"1000000US500070039002005","Block 2005, Block Group 2, Census Tract 39, Chittenden County, Vermont","29","28","1"
"1000000US500070039002006","Block 2006, Block Group 2, Census Tract 39, Chittenden County, Vermont","0","0","0"
"1000000US500070039002007","Block 2007, Block Group 2, Census Tract 39, Chittenden County, Vermont","2","2","0"
"1000000US500070039002008","Block 2008, Block Group 2, Census Tract 39, Chittenden County, Vermont","0","0","0"
"1000000US500070039002009","Block 2009, Block Group 2, Census Tract 39, Chittenden County, Vermont","73","70","3"
"1000000US500070039002010","Block 2010, Block Group 2, Census Tract 39, Chittenden County, Vermont","0","0","0"
"1000000US500070039002011","Block 2011, Block Group 2, Census Tract 39, Chittenden County, Vermont","0","0","0"
"1000000US500070039002012","Block 2012, Block Group 2, Census Tract 39, Chittenden County, Vermont","17","16","1"
"1000000US500070039002013","Block 2013, Block Group 2, Census Tract 39, Chittenden County, Vermont","0","0","0"
"1000000US500070039002014","Block 2014, Block Group 2, Census Tract 39, Chittenden County, Vermont","0","0","0"
"1000000US500070039002015","Block 2015, Block Group 2, Census Tract 39, Chittenden County, Vermont","7","7","0"
"1000000US500070039002016","Block 2016, Block Group 2, Census Tract 39, Chittenden County, Vermont","2","2","0"
"1000000US500070039003000","Block 3000, Block Group 3, Census Tract 39, Chittenden County, Vermont","12","7","5"
"1000000US500070039003001","Block 3001, Block Group 3, Census Tract 39, Chittenden County, Vermont","0","0","0"
"1000000US500070039003002","Block 3002, Block Group 3, Census Tract 39, Chittenden County, Vermont","0","0","0"
"1000000US500070039003003","Block 3003, Block Group 3, Census Tract 39, Chittenden County, Vermont","1","1","0"
"1000000US500070039003004","Block 3004, Block Group 3, Census Tract 39, Chittenden County, Vermont","0","0","0"
"1000000US500070039003005","Block 3005, Block Group 3, Census Tract 39, Chittenden County, Vermont","0","0","0"
"1000000US500070039003006","Block 3006, Block Group 3, Census Tract 39, Chittenden County, Vermont","0","0","0"
"1000000US500070039003007","Block 3007, Block Group 3, Census Tract 39, Chittenden County, Vermont","0","0","0"
"1000000US500070039003008","Block 3008, Block Group 3, Census Tract 39, Chittenden County, Vermont","0","0","0"
"1000000US500070039003009","Block 3009, Block Group 3, Census Tract 39, Chittenden County, Vermont","0","0","0"
"1000000US500070039003010","Block 3010, Block Group 3, Census Tract 39, Chittenden County, Vermont","0","0","0"
"1000000US500070039003011","Block 3011, Block Group 3, Census Tract 39, Chittenden County, Vermont","0","0","0"
"1000000US500070039003012","Block 3012, Block Group 3, Census Tract 39, Chittenden County, Vermont","0","0","0"
"1000000US500070039003013","Block 3013, Block Group 3, Census Tract 39, Chittenden County, Vermont","0","0","0"
"1000000US500070039003014","Block 3014, Block Group 3, Census Tract 39, Chittenden County, Vermont","0","0","0"
"1000000US500070039003015","Block 3015, Block Group 3, Census Tract 39, Chittenden County, Vermont","0","0","0"
"1000000US500070040021000","Block 1000, Block Group 1, Census Tract 40.02, Chittenden County, Vermont","0","0","0"
"1000000US500070040021001","Block 1001, Block Group 1, Census Tract 40.02, Chittenden County, Vermont","212","206","6"
"1000000US500070040021002","Block 1002, Block Group 1, Census Tract 40.02, Chittenden County, Vermont","0","0","0"
"1000000US500070040021003","Block 1003, Block Group 1, Census Tract 40.02, Chittenden County, Vermont","0","0","0"
"1000000US500070040021004","Block 1004, Block Group 1, Census Tract 40.02, Chittenden County, Vermont","0","0","0"
"1000000US500070040021005","Block 1005, Block Group 1, Census Tract 40.02, Chittenden County, Vermont","7","7","0"
"1000000US500070040021006","Block 1006, Block Group 1, Census Tract 40.02, Chittenden County, Vermont","0","0","0"
"1000000US500070040021007","Block 1007, Block Group 1, Census Tract 40.02, Chittenden County, Vermont","0","0","0"
"1000000US500070040021008","Block 1008, Block Group 1, Census Tract 40.02, Chittenden County, Vermont","0","0","0"
"1000000US500070040021009","Block 1009, Block Group 1, Census Tract 40.02, Chittenden County, Vermont","0","0","0"
"1000000US500070040021010","Block 1010, Block Group 1, Census Tract 40.02, Chittenden County, Vermont","8","8","0"
"1000000US500070040021011","Block 1011, Block Group 1, Census Tract 40.02, Chittenden County, Vermont","7","7","0"
"1000000US500070040021012","Block 1012, Block Group 1, Census Tract 40.02, Chittenden County, Vermont","0","0","0"
"1000000US500070040021013","Block 1013, Block Group 1, Census Tract 40.02, Chittenden County, Vermont","6","6","0"
"1000000US500070040021014","Block 1014, Block Group 1, Census Tract 40.02, Chittenden County, Vermont","59","57","2"
"1000000US500070040021015","Block 1015, Block Group 1, Census Tract 40.02, Chittenden County, Vermont","0","0","0"
"1000000US500070040021016","Block 1016, Block Group 1, Census Tract 40.02, Chittenden County, Vermont","0","0","0"
"1000000US500070040021017","Block 1017, Block Group 1, Census Tract 40.02, Chittenden County, Vermont","0","0","0"
"1000000US500070040021018","Block 1018, Block Group 1, Census Tract 40.02, Chittenden County, Vermont","0","0","0"
"1000000US500070040021019","Block 1019, Block Group 1, Census Tract 40.02, Chittenden County, Vermont","0","0","0"
"1000000US500070040021020","Block 1020, Block Group 1, Census Tract 40.02, Chittenden County, Vermont","3","3","0"
"1000000US500070040021021","Block 1021, Block Group 1, Census Tract 40.02, Chittenden County, Vermont","0","0","0"
"1000000US500070040021022","Block 1022, Block Group 1, Census Tract 40.02, Chittenden County, Vermont","0","0","0"
"1000000US500070040021023","Block 1023, Block Group 1, Census Tract 40.02, Chittenden County, Vermont","26","26","0"
"1000000US500070040021024","Block 1024, Block Group 1, Census Tract 40.02, Chittenden County, Vermont","0","0","0"
"1000000US500070040021025","Block 1025, Block Group 1, Census Tract 40.02, Chittenden County, Vermont","39","33","6"
"1000000US500070040021026","Block 1026, Block Group 1, Census Tract 40.02, Chittenden County, Vermont","15","15","0"
"1000000US500070040021027","Block 1027, Block Group 1, Census Tract 40.02, Chittenden County, Vermont","0","0","0"
"1000000US500070040021028","Block 1028, Block Group 1, Census Tract 40.02, Chittenden County, Vermont","0","0","0"
"1000000US500070040021029","Block 1029, Block Group 1, Census Tract 40.02, Chittenden County, Vermont","0","0","0"
"1000000US500070040021030","Block 1030, Block Group 1, Census Tract 40.02, Chittenden County, Vermont","18","17","1"
"1000000US500070040021031","Block 1031, Block Group 1, Census Tract 40.02, Chittenden County, Vermont","2","1","1"
"1000000US500070040021032","Block 1032, Block Group 1, Census Tract 40.02, Chittenden County, Vermont","191","184","7"
"1000000US500070040021033","Block 1033, Block Group 1, Census Tract 40.02, Chittenden County, Vermont","12","12","0"
"1000000US500070040021034","Block 1034, Block Group 1, Census Tract 40.02, Chittenden County, Vermont","12","11","1"
"1000000US500070040021035","Block 1035, Block Group 1, Census Tract 40.02, Chittenden County, Vermont","0","0","0"
"1000000US500070040021036","Block 1036, Block Group 1, Census Tract 40.02, Chittenden County, Vermont","3","2","1"
"1000000US500070040021037","Block 1037, Block Group 1, Census Tract 40.02, Chittenden County, Vermont","23","23","0"
"1000000US500070040021038","Block 1038, Block Group 1, Census Tract 40.02, Chittenden County, Vermont","17","17","0"
"1000000US500070040021039","Block 1039, Block Group 1, Census Tract 40.02, Chittenden County, Vermont","31","30","1"
"1000000US500070040021040","Block 1040, Block Group 1, Census Tract 40.02, Chittenden County, Vermont","6","6","0"
"1000000US500070040021041","Block 1041, Block Group 1, Census Tract 40.02, Chittenden County, Vermont","0","0","0"
"1000000US500070040021042","Block 1042, Block Group 1, Census Tract 40.02, Chittenden County, Vermont","266","256","10"
"1000000US500070040021043","Block 1043, Block Group 1, Census Tract 40.02, Chittenden County, Vermont","0","0","0"
"1000000US500070040021044","Block 1044, Block Group 1, Census Tract 40.02, Chittenden County, Vermont","0","0","0"
"1000000US500070040021045","Block 1045, Block Group 1, Census Tract 40.02, Chittenden County, Vermont","0","0","0"
"1000000US500070040021046","Block 1046, Block Group 1, Census Tract 40.02, Chittenden County, Vermont","0","0","0"
"1000000US500070040021047","Block 1047, Block Group 1, Census Tract 40.02, Chittenden County, Vermont","6","6","0"
"1000000US500070040021048","Block 1048, Block Group 1, Census Tract 40.02, Chittenden County, Vermont","165","153","12"
"1000000US500070040021049","Block 1049, Block Group 1, Census Tract 40.02, Chittenden County, Vermont","1","1","0"
"1000000US500070040021050","Block 1050, Block Group 1, Census Tract 40.02, Chittenden County, Vermont","1","1","0"
"1000000US500070040021051","Block 1051, Block Group 1, Census Tract 40.02, Chittenden County, Vermont","40","39","1"
"1000000US500070040021052","Block 1052, Block Group 1, Census Tract 40.02, Chittenden County, Vermont","0","0","0"
"1000000US500070040021053","Block 1053, Block Group 1, Census Tract 40.02, Chittenden County, Vermont","0","0","0"
"1000000US500070040021054","Block 1054, Block Group 1, Census Tract 40.02, Chittenden County, Vermont","48","43","5"
"1000000US500070040021055","Block 1055, Block Group 1, Census Tract 40.02, Chittenden County, Vermont","0","0","0"
"1000000US500070040021056","Block 1056, Block Group 1, Census Tract 40.02, Chittenden County, Vermont","0","0","0"
"1000000US500070040022000","Block 2000, Block Group 2, Census Tract 40.02, Chittenden County, Vermont","33","31","2"
"1000000US500070040022001","Block 2001, Block Group 2, Census Tract 40.02, Chittenden County, Vermont","0","0","0"
"1000000US500070040022002","Block 2002, Block Group 2, Census Tract 40.02, Chittenden County, Vermont","39","25","14"
"1000000US500070040022003","Block 2003, Block Group 2, Census Tract 40.02, Chittenden County, Vermont","112","108","4"
"1000000US500070040022004","Block 2004, Block Group 2, Census Tract 40.02, Chittenden County, Vermont","13","12","1"
"1000000US500070040022005","Block 2005, Block Group 2, Census Tract 40.02, Chittenden County, Vermont","29","29","0"
"1000000US500070040022006","Block 2006, Block Group 2, Census Tract 40.02, Chittenden County, Vermont","6","4","2"
"1000000US500070040022007","Block 2007, Block Group 2, Census Tract 40.02, Chittenden County, Vermont","0","0","0"
"1000000US500070040022008","Block 2008, Block Group 2, Census Tract 40.02, Chittenden County, Vermont","19","13","6"
"1000000US500070040022009","Block 2009, Block Group 2, Census Tract 40.02, Chittenden County, Vermont","55","52","3"
"1000000US500070040022010","Block 2010, Block Group 2, Census Tract 40.02, Chittenden County, Vermont","50","47","3"
"1000000US500070040022011","Block 2011, Block Group 2, Census Tract 40.02, Chittenden County, Vermont","72","71","1"
"1000000US500070040022012","Block 2012, Block Group 2, Census Tract 40.02, Chittenden County, Vermont","24","24","0"
"1000000US500070040022013","Block 2013, Block Group 2, Census Tract 40.02, Chittenden County, Vermont","22","21","1"
"1000000US500070040022014","Block 2014, Block Group 2, Census Tract 40.02, Chittenden County, Vermont","25","24","1"
"1000000US500070040022015","Block 2015, Block Group 2, Census Tract 40.02, Chittenden County, Vermont","33","31","2"
"1000000US500070040022016","Block 2016, Block Group 2, Census Tract 40.02, Chittenden County, Vermont","48","45","3"
"1000000US500070040022017","Block 2017, Block Group 2, Census Tract 40.02, Chittenden County, Vermont","25","25","0"
"1000000US500070040022018","Block 2018, Block Group 2, Census Tract 40.02, Chittenden County, Vermont","68","67","1"
"1000000US500070040022019","Block 2019, Block Group 2, Census Tract 40.02, Chittenden County, Vermont","11","11","0"
"1000000US500070040022020","Block 2020, Block Group 2, Census Tract 40.02, Chittenden County, Vermont","23","22","1"
"1000000US500070040022021","Block 2021, Block Group 2, Census Tract 40.02, Chittenden County, Vermont","109","103","6"
"1000000US500070040022022","Block 2022, Block Group 2, Census Tract 40.02, Chittenden County, Vermont","17","17","0"
"1000000US500070040022023","Block 2023, Block Group 2, Census Tract 40.02, Chittenden County, Vermont","0","0","0"
"1000000US500070040022024","Block 2024, Block Group 2, Census Tract 40.02, Chittenden County, Vermont","0","0","0"
"1000000US500070040022025","Block 2025, Block Group 2, Census Tract 40.02, Chittenden County, Vermont","0","0","0"
"1000000US500070040022026","Block 2026, Block Group 2, Census Tract 40.02, Chittenden County, Vermont","103","95","8"
"1000000US500070040022027","Block 2027, Block Group 2, Census Tract 40.02, Chittenden County, Vermont","0","0","0"
"1000000US500070040022028","Block 2028, Block Group 2, Census Tract 40.02, Chittenden County, Vermont","0","0","0"
"1000000US500070040022029","Block 2029, Block Group 2, Census Tract 40.02, Chittenden County, Vermont","27","25","2"
"1000000US500070040022030","Block 2030, Block Group 2, Census Tract 40.02, Chittenden County, Vermont","0","0","0"
"1000000US500070040022031","Block 2031, Block Group 2, Census Tract 40.02, Chittenden County, Vermont","31","30","1"
"1000000US500079800001000","Block 1000, Block Group 1, Census Tract 9800, Chittenden County, Vermont","0","0","0"
"1000000US500099501001000","Block 1000, Block Group 1, Census Tract 9501, Essex County, Vermont","5","2","3"
"1000000US500099501001001","Block 1001, Block Group 1, Census Tract 9501, Essex County, Vermont","0","0","0"
"1000000US500099501001002","Block 1002, Block Group 1, Census Tract 9501, Essex County, Vermont","0","0","0"
"1000000US500099501001003","Block 1003, Block Group 1, Census Tract 9501, Essex County, Vermont","8","2","6"
"1000000US500099501001004","Block 1004, Block Group 1, Census Tract 9501, Essex County, Vermont","13","11","2"
"1000000US500099501001005","Block 1005, Block Group 1, Census Tract 9501, Essex County, Vermont","0","0","0"
"1000000US500099501001006","Block 1006, Block Group 1, Census Tract 9501, Essex County, Vermont","0","0","0"
"1000000US500099501001007","Block 1007, Block Group 1, Census Tract 9501, Essex County, Vermont","0","0","0"
"1000000US500099501001008","Block 1008, Block Group 1, Census Tract 9501, Essex County, Vermont","0","0","0"
"1000000US500099501001009","Block 1009, Block Group 1, Census Tract 9501, Essex County, Vermont","2","2","0"
"1000000US500099501001010","Block 1010, Block Group 1, Census Tract 9501, Essex County, Vermont","3","2","1"
"1000000US500099501001011","Block 1011, Block Group 1, Census Tract 9501, Essex County, Vermont","0","0","0"
"1000000US500099501001012","Block 1012, Block Group 1, Census Tract 9501, Essex County, Vermont","0","0","0"
"1000000US500099501001013","Block 1013, Block Group 1, Census Tract 9501, Essex County, Vermont","0","0","0"
"1000000US500099501001014","Block 1014, Block Group 1, Census Tract 9501, Essex County, Vermont","0","0","0"
"1000000US500099501001015","Block 1015, Block Group 1, Census Tract 9501, Essex County, Vermont","46","33","13"
"1000000US500099501001016","Block 1016, Block Group 1, Census Tract 9501, Essex County, Vermont","2","2","0"
"1000000US500099501001017","Block 1017, Block Group 1, Census Tract 9501, Essex County, Vermont","4","3","1"
"1000000US500099501001018","Block 1018, Block Group 1, Census Tract 9501, Essex County, Vermont","0","0","0"
"1000000US500099501001019","Block 1019, Block Group 1, Census Tract 9501, Essex County, Vermont","0","0","0"
"1000000US500099501001020","Block 1020, Block Group 1, Census Tract 9501, Essex County, Vermont","0","0","0"
"1000000US500099501001021","Block 1021, Block Group 1, Census Tract 9501, Essex County, Vermont","0","0","0"
"1000000US500099501001022","Block 1022, Block Group 1, Census Tract 9501, Essex County, Vermont","0","0","0"
"1000000US500099501001023","Block 1023, Block Group 1, Census Tract 9501, Essex County, Vermont","1","0","1"
"1000000US500099501001024","Block 1024, Block Group 1, Census Tract 9501, Essex County, Vermont","0","0","0"
"1000000US500099501001025","Block 1025, Block Group 1, Census Tract 9501, Essex County, Vermont","5","4","1"
"1000000US500099501001026","Block 1026, Block Group 1, Census Tract 9501, Essex County, Vermont","0","0","0"
"1000000US500099501001027","Block 1027, Block Group 1, Census Tract 9501, Essex County, Vermont","0","0","0"
"1000000US500099501001028","Block 1028, Block Group 1, Census Tract 9501, Essex County, Vermont","0","0","0"
"1000000US500099501001029","Block 1029, Block Group 1, Census Tract 9501, Essex County, Vermont","0","0","0"
"1000000US500099501001030","Block 1030, Block Group 1, Census Tract 9501, Essex County, Vermont","0","0","0"
"1000000US500099501001031","Block 1031, Block Group 1, Census Tract 9501, Essex County, Vermont","0","0","0"
"1000000US500099501001032","Block 1032, Block Group 1, Census Tract 9501, Essex County, Vermont","0","0","0"
"1000000US500099501001033","Block 1033, Block Group 1, Census Tract 9501, Essex County, Vermont","0","0","0"
"1000000US500099501001034","Block 1034, Block Group 1, Census Tract 9501, Essex County, Vermont","0","0","0"
"1000000US500099501001035","Block 1035, Block Group 1, Census Tract 9501, Essex County, Vermont","0","0","0"
"1000000US500099501001036","Block 1036, Block Group 1, Census Tract 9501, Essex County, Vermont","0","0","0"
"1000000US500099501001037","Block 1037, Block Group 1, Census Tract 9501, Essex County, Vermont","1","0","1"
"1000000US500099501001038","Block 1038, Block Group 1, Census Tract 9501, Essex County, Vermont","0","0","0"
"1000000US500099501001039","Block 1039, Block Group 1, Census Tract 9501, Essex County, Vermont","0","0","0"
"1000000US500099501001040","Block 1040, Block Group 1, Census Tract 9501, Essex County, Vermont","0","0","0"
"1000000US500099501001041","Block 1041, Block Group 1, Census Tract 9501, Essex County, Vermont","0","0","0"
"1000000US500099501001042","Block 1042, Block Group 1, Census Tract 9501, Essex County, Vermont","0","0","0"
"1000000US500099501001043","Block 1043, Block Group 1, Census Tract 9501, Essex County, Vermont","0","0","0"
"1000000US500099501001044","Block 1044, Block Group 1, Census Tract 9501, Essex County, Vermont","0","0","0"
"1000000US500099501001045","Block 1045, Block Group 1, Census Tract 9501, Essex County, Vermont","0","0","0"
"1000000US500099501001046","Block 1046, Block Group 1, Census Tract 9501, Essex County, Vermont","0","0","0"
"1000000US500099501001047","Block 1047, Block Group 1, Census Tract 9501, Essex County, Vermont","0","0","0"
"1000000US500099501001048","Block 1048, Block Group 1, Census Tract 9501, Essex County, Vermont","0","0","0"
"1000000US500099501001049","Block 1049, Block Group 1, Census Tract 9501, Essex County, Vermont","0","0","0"
"1000000US500099501001050","Block 1050, Block Group 1, Census Tract 9501, Essex County, Vermont","0","0","0"
"1000000US500099501001051","Block 1051, Block Group 1, Census Tract 9501, Essex County, Vermont","1","0","1"
"1000000US500099501001052","Block 1052, Block Group 1, Census Tract 9501, Essex County, Vermont","0","0","0"
"1000000US500099501001053","Block 1053, Block Group 1, Census Tract 9501, Essex County, Vermont","0","0","0"
"1000000US500099501001054","Block 1054, Block Group 1, Census Tract 9501, Essex County, Vermont","0","0","0"
"1000000US500099501001055","Block 1055, Block Group 1, Census Tract 9501, Essex County, Vermont","1","0","1"
"1000000US500099501001056","Block 1056, Block Group 1, Census Tract 9501, Essex County, Vermont","1","0","1"
"1000000US500099501001057","Block 1057, Block Group 1, Census Tract 9501, Essex County, Vermont","0","0","0"
"1000000US500099501001058","Block 1058, Block Group 1, Census Tract 9501, Essex County, Vermont","2","2","0"
"1000000US500099501001059","Block 1059, Block Group 1, Census Tract 9501, Essex County, Vermont","1","0","1"
"1000000US500099501001060","Block 1060, Block Group 1, Census Tract 9501, Essex County, Vermont","0","0","0"
"1000000US500099501001061","Block 1061, Block Group 1, Census Tract 9501, Essex County, Vermont","1","0","1"
"1000000US500099501001062","Block 1062, Block Group 1, Census Tract 9501, Essex County, Vermont","0","0","0"
"1000000US500099501001063","Block 1063, Block Group 1, Census Tract 9501, Essex County, Vermont","0","0","0"
"1000000US500099501001064","Block 1064, Block Group 1, Census Tract 9501, Essex County, Vermont","0","0","0"
"1000000US500099501001065","Block 1065, Block Group 1, Census Tract 9501, Essex County, Vermont","15","8","7"
"1000000US500099501001066","Block 1066, Block Group 1, Census Tract 9501, Essex County, Vermont","0","0","0"
"1000000US500099501001067","Block 1067, Block Group 1, Census Tract 9501, Essex County, Vermont","1","1","0"
"1000000US500099501001068","Block 1068, Block Group 1, Census Tract 9501, Essex County, Vermont","0","0","0"
"1000000US500099501001069","Block 1069, Block Group 1, Census Tract 9501, Essex County, Vermont","0","0","0"
"1000000US500099501001070","Block 1070, Block Group 1, Census Tract 9501, Essex County, Vermont","17","5","12"
"1000000US500099501001071","Block 1071, Block Group 1, Census Tract 9501, Essex County, Vermont","0","0","0"
"1000000US500099501001072","Block 1072, Block Group 1, Census Tract 9501, Essex County, Vermont","0","0","0"
"1000000US500099501001073","Block 1073, Block Group 1, Census Tract 9501, Essex County, Vermont","1","0","1"
"1000000US500099501001074","Block 1074, Block Group 1, Census Tract 9501, Essex County, Vermont","0","0","0"
"1000000US500099501001075","Block 1075, Block Group 1, Census Tract 9501, Essex County, Vermont","2","1","1"
"1000000US500099501001076","Block 1076, Block Group 1, Census Tract 9501, Essex County, Vermont","5","0","5"
"1000000US500099501001077","Block 1077, Block Group 1, Census Tract 9501, Essex County, Vermont","4","1","3"
"1000000US500099501001078","Block 1078, Block Group 1, Census Tract 9501, Essex County, Vermont","0","0","0"
"1000000US500099501001079","Block 1079, Block Group 1, Census Tract 9501, Essex County, Vermont","6","1","5"
"1000000US500099501001080","Block 1080, Block Group 1, Census Tract 9501, Essex County, Vermont","0","0","0"
"1000000US500099501001081","Block 1081, Block Group 1, Census Tract 9501, Essex County, Vermont","0","0","0"
"1000000US500099501001082","Block 1082, Block Group 1, Census Tract 9501, Essex County, Vermont","9","0","9"
"1000000US500099501001083","Block 1083, Block Group 1, Census Tract 9501, Essex County, Vermont","0","0","0"
"1000000US500099501001084","Block 1084, Block Group 1, Census Tract 9501, Essex County, Vermont","0","0","0"
"1000000US500099501001085","Block 1085, Block Group 1, Census Tract 9501, Essex County, Vermont","0","0","0"
"1000000US500099501001086","Block 1086, Block Group 1, Census Tract 9501, Essex County, Vermont","0","0","0"
"1000000US500099501001087","Block 1087, Block Group 1, Census Tract 9501, Essex County, Vermont","0","0","0"
"1000000US500099501001088","Block 1088, Block Group 1, Census Tract 9501, Essex County, Vermont","5","0","5"
"1000000US500099501001089","Block 1089, Block Group 1, Census Tract 9501, Essex County, Vermont","14","0","14"
"1000000US500099501001090","Block 1090, Block Group 1, Census Tract 9501, Essex County, Vermont","0","0","0"
"1000000US500099501001091","Block 1091, Block Group 1, Census Tract 9501, Essex County, Vermont","0","0","0"
"1000000US500099501001092","Block 1092, Block Group 1, Census Tract 9501, Essex County, Vermont","0","0","0"
"1000000US500099501001093","Block 1093, Block Group 1, Census Tract 9501, Essex County, Vermont","0","0","0"
"1000000US500099501001094","Block 1094, Block Group 1, Census Tract 9501, Essex County, Vermont","0","0","0"
"1000000US500099501001095","Block 1095, Block Group 1, Census Tract 9501, Essex County, Vermont","0","0","0"
"1000000US500099501001096","Block 1096, Block Group 1, Census Tract 9501, Essex County, Vermont","0","0","0"
"1000000US500099501001097","Block 1097, Block Group 1, Census Tract 9501, Essex County, Vermont","8","1","7"
"1000000US500099501001098","Block 1098, Block Group 1, Census Tract 9501, Essex County, Vermont","0","0","0"
"1000000US500099501001099","Block 1099, Block Group 1, Census Tract 9501, Essex County, Vermont","0","0","0"
"1000000US500099501001100","Block 1100, Block Group 1, Census Tract 9501, Essex County, Vermont","2","0","2"
"1000000US500099501001101","Block 1101, Block Group 1, Census Tract 9501, Essex County, Vermont","0","0","0"
"1000000US500099501001102","Block 1102, Block Group 1, Census Tract 9501, Essex County, Vermont","0","0","0"
"1000000US500099501001103","Block 1103, Block Group 1, Census Tract 9501, Essex County, Vermont","0","0","0"
"1000000US500099501001104","Block 1104, Block Group 1, Census Tract 9501, Essex County, Vermont","0","0","0"
"1000000US500099501001105","Block 1105, Block Group 1, Census Tract 9501, Essex County, Vermont","21","2","19"
"1000000US500099501001106","Block 1106, Block Group 1, Census Tract 9501, Essex County, Vermont","0","0","0"
"1000000US500099501001107","Block 1107, Block Group 1, Census Tract 9501, Essex County, Vermont","0","0","0"
"1000000US500099501001108","Block 1108, Block Group 1, Census Tract 9501, Essex County, Vermont","0","0","0"
"1000000US500099501001109","Block 1109, Block Group 1, Census Tract 9501, Essex County, Vermont","0","0","0"
"1000000US500099501001110","Block 1110, Block Group 1, Census Tract 9501, Essex County, Vermont","0","0","0"
"1000000US500099501001111","Block 1111, Block Group 1, Census Tract 9501, Essex County, Vermont","7","1","6"
"1000000US500099501001112","Block 1112, Block Group 1, Census Tract 9501, Essex County, Vermont","0","0","0"
"1000000US500099501001113","Block 1113, Block Group 1, Census Tract 9501, Essex County, Vermont","1","0","1"
"1000000US500099501001114","Block 1114, Block Group 1, Census Tract 9501, Essex County, Vermont","7","0","7"
"1000000US500099501001115","Block 1115, Block Group 1, Census Tract 9501, Essex County, Vermont","1","0","1"
"1000000US500099501001116","Block 1116, Block Group 1, Census Tract 9501, Essex County, Vermont","0","0","0"
"1000000US500099501001117","Block 1117, Block Group 1, Census Tract 9501, Essex County, Vermont","0","0","0"
"1000000US500099501001118","Block 1118, Block Group 1, Census Tract 9501, Essex County, Vermont","1","0","1"
"1000000US500099501001119","Block 1119, Block Group 1, Census Tract 9501, Essex County, Vermont","0","0","0"
"1000000US500099501001120","Block 1120, Block Group 1, Census Tract 9501, Essex County, Vermont","0","0","0"
"1000000US500099501001121","Block 1121, Block Group 1, Census Tract 9501, Essex County, Vermont","0","0","0"
"1000000US500099501001122","Block 1122, Block Group 1, Census Tract 9501, Essex County, Vermont","0","0","0"
"1000000US500099501001123","Block 1123, Block Group 1, Census Tract 9501, Essex County, Vermont","7","0","7"
"1000000US500099501001124","Block 1124, Block Group 1, Census Tract 9501, Essex County, Vermont","0","0","0"
"1000000US500099501001125","Block 1125, Block Group 1, Census Tract 9501, Essex County, Vermont","0","0","0"
"1000000US500099501001126","Block 1126, Block Group 1, Census Tract 9501, Essex County, Vermont","12","4","8"
"1000000US500099501001127","Block 1127, Block Group 1, Census Tract 9501, Essex County, Vermont","4","0","4"
"1000000US500099501001128","Block 1128, Block Group 1, Census Tract 9501, Essex County, Vermont","0","0","0"
"1000000US500099501001129","Block 1129, Block Group 1, Census Tract 9501, Essex County, Vermont","5","0","5"
"1000000US500099501001130","Block 1130, Block Group 1, Census Tract 9501, Essex County, Vermont","12","1","11"
"1000000US500099501001131","Block 1131, Block Group 1, Census Tract 9501, Essex County, Vermont","4","0","4"
"1000000US500099501001132","Block 1132, Block Group 1, Census Tract 9501, Essex County, Vermont","1","0","1"
"1000000US500099501001133","Block 1133, Block Group 1, Census Tract 9501, Essex County, Vermont","0","0","0"
"1000000US500099501001134","Block 1134, Block Group 1, Census Tract 9501, Essex County, Vermont","3","0","3"
"1000000US500099501001135","Block 1135, Block Group 1, Census Tract 9501, Essex County, Vermont","1","0","1"
"1000000US500099501001136","Block 1136, Block Group 1, Census Tract 9501, Essex County, Vermont","1","0","1"
"1000000US500099501001137","Block 1137, Block Group 1, Census Tract 9501, Essex County, Vermont","0","0","0"
"1000000US500099501001138","Block 1138, Block Group 1, Census Tract 9501, Essex County, Vermont","2","0","2"
"1000000US500099501001139","Block 1139, Block Group 1, Census Tract 9501, Essex County, Vermont","1","0","1"
"1000000US500099501001140","Block 1140, Block Group 1, Census Tract 9501, Essex County, Vermont","0","0","0"
"1000000US500099501001141","Block 1141, Block Group 1, Census Tract 9501, Essex County, Vermont","0","0","0"
"1000000US500099501001142","Block 1142, Block Group 1, Census Tract 9501, Essex County, Vermont","35","1","34"
"1000000US500099501001143","Block 1143, Block Group 1, Census Tract 9501, Essex County, Vermont","27","1","26"
"1000000US500099501001144","Block 1144, Block Group 1, Census Tract 9501, Essex County, Vermont","0","0","0"
"1000000US500099501001145","Block 1145, Block Group 1, Census Tract 9501, Essex County, Vermont","0","0","0"
"1000000US500099501001146","Block 1146, Block Group 1, Census Tract 9501, Essex County, Vermont","0","0","0"
"1000000US500099501001147","Block 1147, Block Group 1, Census Tract 9501, Essex County, Vermont","0","0","0"
"1000000US500099501001148","Block 1148, Block Group 1, Census Tract 9501, Essex County, Vermont","3","1","2"
"1000000US500099501001149","Block 1149, Block Group 1, Census Tract 9501, Essex County, Vermont","0","0","0"
"1000000US500099501001150","Block 1150, Block Group 1, Census Tract 9501, Essex County, Vermont","0","0","0"
"1000000US500099501001151","Block 1151, Block Group 1, Census Tract 9501, Essex County, Vermont","0","0","0"
"1000000US500099501001152","Block 1152, Block Group 1, Census Tract 9501, Essex County, Vermont","1","0","1"
"1000000US500099501001153","Block 1153, Block Group 1, Census Tract 9501, Essex County, Vermont","1","0","1"
"1000000US500099501001154","Block 1154, Block Group 1, Census Tract 9501, Essex County, Vermont","11","3","8"
"1000000US500099501001155","Block 1155, Block Group 1, Census Tract 9501, Essex County, Vermont","1","0","1"
"1000000US500099501001156","Block 1156, Block Group 1, Census Tract 9501, Essex County, Vermont","0","0","0"
"1000000US500099501001157","Block 1157, Block Group 1, Census Tract 9501, Essex County, Vermont","0","0","0"
"1000000US500099501001158","Block 1158, Block Group 1, Census Tract 9501, Essex County, Vermont","7","0","7"
"1000000US500099501001159","Block 1159, Block Group 1, Census Tract 9501, Essex County, Vermont","6","1","5"
"1000000US500099501001160","Block 1160, Block Group 1, Census Tract 9501, Essex County, Vermont","0","0","0"
"1000000US500099501001161","Block 1161, Block Group 1, Census Tract 9501, Essex County, Vermont","20","0","20"
"1000000US500099501001162","Block 1162, Block Group 1, Census Tract 9501, Essex County, Vermont","0","0","0"
"1000000US500099501001163","Block 1163, Block Group 1, Census Tract 9501, Essex County, Vermont","0","0","0"
"1000000US500099501001164","Block 1164, Block Group 1, Census Tract 9501, Essex County, Vermont","0","0","0"
"1000000US500099501001165","Block 1165, Block Group 1, Census Tract 9501, Essex County, Vermont","1","0","1"
"1000000US500099501001166","Block 1166, Block Group 1, Census Tract 9501, Essex County, Vermont","1","0","1"
"1000000US500099501001167","Block 1167, Block Group 1, Census Tract 9501, Essex County, Vermont","0","0","0"
"1000000US500099501001168","Block 1168, Block Group 1, Census Tract 9501, Essex County, Vermont","1","0","1"
"1000000US500099501001169","Block 1169, Block Group 1, Census Tract 9501, Essex County, Vermont","0","0","0"
"1000000US500099501001170","Block 1170, Block Group 1, Census Tract 9501, Essex County, Vermont","11","0","11"
"1000000US500099501001171","Block 1171, Block Group 1, Census Tract 9501, Essex County, Vermont","38","4","34"
"1000000US500099501001172","Block 1172, Block Group 1, Census Tract 9501, Essex County, Vermont","0","0","0"
"1000000US500099501001173","Block 1173, Block Group 1, Census Tract 9501, Essex County, Vermont","0","0","0"
"1000000US500099501001174","Block 1174, Block Group 1, Census Tract 9501, Essex County, Vermont","0","0","0"
"1000000US500099501001175","Block 1175, Block Group 1, Census Tract 9501, Essex County, Vermont","4","0","4"
"1000000US500099501001176","Block 1176, Block Group 1, Census Tract 9501, Essex County, Vermont","39","3","36"
"1000000US500099501001177","Block 1177, Block Group 1, Census Tract 9501, Essex County, Vermont","0","0","0"
"1000000US500099501001178","Block 1178, Block Group 1, Census Tract 9501, Essex County, Vermont","0","0","0"
"1000000US500099501001179","Block 1179, Block Group 1, Census Tract 9501, Essex County, Vermont","0","0","0"
"1000000US500099501001180","Block 1180, Block Group 1, Census Tract 9501, Essex County, Vermont","0","0","0"
"1000000US500099501001181","Block 1181, Block Group 1, Census Tract 9501, Essex County, Vermont","9","3","6"
"1000000US500099501001182","Block 1182, Block Group 1, Census Tract 9501, Essex County, Vermont","5","2","3"
"1000000US500099501001183","Block 1183, Block Group 1, Census Tract 9501, Essex County, Vermont","0","0","0"
"1000000US500099501001184","Block 1184, Block Group 1, Census Tract 9501, Essex County, Vermont","0","0","0"
"1000000US500099501001185","Block 1185, Block Group 1, Census Tract 9501, Essex County, Vermont","0","0","0"
"1000000US500099501001186","Block 1186, Block Group 1, Census Tract 9501, Essex County, Vermont","0","0","0"
"1000000US500099501001187","Block 1187, Block Group 1, Census Tract 9501, Essex County, Vermont","0","0","0"
"1000000US500099501001188","Block 1188, Block Group 1, Census Tract 9501, Essex County, Vermont","0","0","0"
"1000000US500099501001189","Block 1189, Block Group 1, Census Tract 9501, Essex County, Vermont","26","23","3"
"1000000US500099501001190","Block 1190, Block Group 1, Census Tract 9501, Essex County, Vermont","2","1","1"
"1000000US500099501001191","Block 1191, Block Group 1, Census Tract 9501, Essex County, Vermont","1","1","0"
"1000000US500099501001192","Block 1192, Block Group 1, Census Tract 9501, Essex County, Vermont","0","0","0"
"1000000US500099501001193","Block 1193, Block Group 1, Census Tract 9501, Essex County, Vermont","0","0","0"
"1000000US500099501001194","Block 1194, Block Group 1, Census Tract 9501, Essex County, Vermont","2","1","1"
"1000000US500099501001195","Block 1195, Block Group 1, Census Tract 9501, Essex County, Vermont","0","0","0"
"1000000US500099501001196","Block 1196, Block Group 1, Census Tract 9501, Essex County, Vermont","0","0","0"
"1000000US500099501001197","Block 1197, Block Group 1, Census Tract 9501, Essex County, Vermont","26","10","16"
"1000000US500099501001198","Block 1198, Block Group 1, Census Tract 9501, Essex County, Vermont","0","0","0"
"1000000US500099501001199","Block 1199, Block Group 1, Census Tract 9501, Essex County, Vermont","0","0","0"
"1000000US500099501001200","Block 1200, Block Group 1, Census Tract 9501, Essex County, Vermont","0","0","0"
"1000000US500099501001201","Block 1201, Block Group 1, Census Tract 9501, Essex County, Vermont","0","0","0"
"1000000US500099501001202","Block 1202, Block Group 1, Census Tract 9501, Essex County, Vermont","0","0","0"
"1000000US500099501001203","Block 1203, Block Group 1, Census Tract 9501, Essex County, Vermont","0","0","0"
"1000000US500099501001204","Block 1204, Block Group 1, Census Tract 9501, Essex County, Vermont","2","1","1"
"1000000US500099501001205","Block 1205, Block Group 1, Census Tract 9501, Essex County, Vermont","0","0","0"
"1000000US500099501001206","Block 1206, Block Group 1, Census Tract 9501, Essex County, Vermont","0","0","0"
"1000000US500099501001207","Block 1207, Block Group 1, Census Tract 9501, Essex County, Vermont","0","0","0"
"1000000US500099501001208","Block 1208, Block Group 1, Census Tract 9501, Essex County, Vermont","0","0","0"
"1000000US500099501001209","Block 1209, Block Group 1, Census Tract 9501, Essex County, Vermont","127","74","53"
"1000000US500099501001210","Block 1210, Block Group 1, Census Tract 9501, Essex County, Vermont","1","0","1"
"1000000US500099501001211","Block 1211, Block Group 1, Census Tract 9501, Essex County, Vermont","1","1","0"
"1000000US500099501001212","Block 1212, Block Group 1, Census Tract 9501, Essex County, Vermont","0","0","0"
"1000000US500099501001213","Block 1213, Block Group 1, Census Tract 9501, Essex County, Vermont","3","2","1"
"1000000US500099501001214","Block 1214, Block Group 1, Census Tract 9501, Essex County, Vermont","0","0","0"
"1000000US500099501001215","Block 1215, Block Group 1, Census Tract 9501, Essex County, Vermont","8","0","8"
"1000000US500099501001216","Block 1216, Block Group 1, Census Tract 9501, Essex County, Vermont","0","0","0"
"1000000US500099501001217","Block 1217, Block Group 1, Census Tract 9501, Essex County, Vermont","1","0","1"
"1000000US500099501001218","Block 1218, Block Group 1, Census Tract 9501, Essex County, Vermont","13","1","12"
"1000000US500099501001219","Block 1219, Block Group 1, Census Tract 9501, Essex County, Vermont","0","0","0"
"1000000US500099501001220","Block 1220, Block Group 1, Census Tract 9501, Essex County, Vermont","0","0","0"
"1000000US500099501001221","Block 1221, Block Group 1, Census Tract 9501, Essex County, Vermont","0","0","0"
"1000000US500099501001222","Block 1222, Block Group 1, Census Tract 9501, Essex County, Vermont","3","1","2"
"1000000US500099501001223","Block 1223, Block Group 1, Census Tract 9501, Essex County, Vermont","0","0","0"
"1000000US500099501001224","Block 1224, Block Group 1, Census Tract 9501, Essex County, Vermont","0","0","0"
"1000000US500099501001225","Block 1225, Block Group 1, Census Tract 9501, Essex County, Vermont","0","0","0"
"1000000US500099501001226","Block 1226, Block Group 1, Census Tract 9501, Essex County, Vermont","0","0","0"
"1000000US500099501001227","Block 1227, Block Group 1, Census Tract 9501, Essex County, Vermont","6","6","0"
"1000000US500099501001228","Block 1228, Block Group 1, Census Tract 9501, Essex County, Vermont","1","1","0"
"1000000US500099501001229","Block 1229, Block Group 1, Census Tract 9501, Essex County, Vermont","0","0","0"
"1000000US500099501001230","Block 1230, Block Group 1, Census Tract 9501, Essex County, Vermont","2","2","0"
"1000000US500099501001231","Block 1231, Block Group 1, Census Tract 9501, Essex County, Vermont","3","2","1"
"1000000US500099501001232","Block 1232, Block Group 1, Census Tract 9501, Essex County, Vermont","5","3","2"
"1000000US500099501001233","Block 1233, Block Group 1, Census Tract 9501, Essex County, Vermont","0","0","0"
"1000000US500099501001234","Block 1234, Block Group 1, Census Tract 9501, Essex County, Vermont","0","0","0"
"1000000US500099501001235","Block 1235, Block Group 1, Census Tract 9501, Essex County, Vermont","0","0","0"
"1000000US500099501001236","Block 1236, Block Group 1, Census Tract 9501, Essex County, Vermont","0","0","0"
"1000000US500099501001237","Block 1237, Block Group 1, Census Tract 9501, Essex County, Vermont","11","7","4"
"1000000US500099501001238","Block 1238, Block Group 1, Census Tract 9501, Essex County, Vermont","1","0","1"
"1000000US500099501001239","Block 1239, Block Group 1, Census Tract 9501, Essex County, Vermont","0","0","0"
"1000000US500099501001240","Block 1240, Block Group 1, Census Tract 9501, Essex County, Vermont","0","0","0"
"1000000US500099501001241","Block 1241, Block Group 1, Census Tract 9501, Essex County, Vermont","0","0","0"
"1000000US500099501001242","Block 1242, Block Group 1, Census Tract 9501, Essex County, Vermont","0","0","0"
"1000000US500099501001243","Block 1243, Block Group 1, Census Tract 9501, Essex County, Vermont","0","0","0"
"1000000US500099501001244","Block 1244, Block Group 1, Census Tract 9501, Essex County, Vermont","4","0","4"
"1000000US500099501001245","Block 1245, Block Group 1, Census Tract 9501, Essex County, Vermont","0","0","0"
"1000000US500099501001246","Block 1246, Block Group 1, Census Tract 9501, Essex County, Vermont","1","0","1"
"1000000US500099501001247","Block 1247, Block Group 1, Census Tract 9501, Essex County, Vermont","0","0","0"
"1000000US500099501001248","Block 1248, Block Group 1, Census Tract 9501, Essex County, Vermont","0","0","0"
"1000000US500099501001249","Block 1249, Block Group 1, Census Tract 9501, Essex County, Vermont","3","0","3"
"1000000US500099501001250","Block 1250, Block Group 1, Census Tract 9501, Essex County, Vermont","1","0","1"
"1000000US500099501001251","Block 1251, Block Group 1, Census Tract 9501, Essex County, Vermont","1","0","1"
"1000000US500099501001252","Block 1252, Block Group 1, Census Tract 9501, Essex County, Vermont","0","0","0"
"1000000US500099501001253","Block 1253, Block Group 1, Census Tract 9501, Essex County, Vermont","0","0","0"
"1000000US500099501001254","Block 1254, Block Group 1, Census Tract 9501, Essex County, Vermont","3","0","3"
"1000000US500099501001255","Block 1255, Block Group 1, Census Tract 9501, Essex County, Vermont","1","0","1"
"1000000US500099501001256","Block 1256, Block Group 1, Census Tract 9501, Essex County, Vermont","0","0","0"
"1000000US500099501001257","Block 1257, Block Group 1, Census Tract 9501, Essex County, Vermont","1","0","1"
"1000000US500099501001258","Block 1258, Block Group 1, Census Tract 9501, Essex County, Vermont","0","0","0"
"1000000US500099501001259","Block 1259, Block Group 1, Census Tract 9501, Essex County, Vermont","0","0","0"
"1000000US500099501001260","Block 1260, Block Group 1, Census Tract 9501, Essex County, Vermont","0","0","0"
"1000000US500099501001261","Block 1261, Block Group 1, Census Tract 9501, Essex County, Vermont","0","0","0"
"1000000US500099501001262","Block 1262, Block Group 1, Census Tract 9501, Essex County, Vermont","0","0","0"
"1000000US500099501001263","Block 1263, Block Group 1, Census Tract 9501, Essex County, Vermont","2","0","2"
"1000000US500099501001264","Block 1264, Block Group 1, Census Tract 9501, Essex County, Vermont","2","0","2"
"1000000US500099501001265","Block 1265, Block Group 1, Census Tract 9501, Essex County, Vermont","0","0","0"
"1000000US500099501001266","Block 1266, Block Group 1, Census Tract 9501, Essex County, Vermont","0","0","0"
"1000000US500099501001267","Block 1267, Block Group 1, Census Tract 9501, Essex County, Vermont","0","0","0"
"1000000US500099501001268","Block 1268, Block Group 1, Census Tract 9501, Essex County, Vermont","2","0","2"
"1000000US500099501001269","Block 1269, Block Group 1, Census Tract 9501, Essex County, Vermont","13","6","7"
"1000000US500099501001270","Block 1270, Block Group 1, Census Tract 9501, Essex County, Vermont","3","1","2"
"1000000US500099501001271","Block 1271, Block Group 1, Census Tract 9501, Essex County, Vermont","1","1","0"
"1000000US500099501001272","Block 1272, Block Group 1, Census Tract 9501, Essex County, Vermont","5","3","2"
"1000000US500099501001273","Block 1273, Block Group 1, Census Tract 9501, Essex County, Vermont","0","0","0"
"1000000US500099501001274","Block 1274, Block Group 1, Census Tract 9501, Essex County, Vermont","1","1","0"
"1000000US500099501001275","Block 1275, Block Group 1, Census Tract 9501, Essex County, Vermont","10","0","10"
"1000000US500099501001276","Block 1276, Block Group 1, Census Tract 9501, Essex County, Vermont","0","0","0"
"1000000US500099501001277","Block 1277, Block Group 1, Census Tract 9501, Essex County, Vermont","0","0","0"
"1000000US500099501001278","Block 1278, Block Group 1, Census Tract 9501, Essex County, Vermont","0","0","0"
"1000000US500099501001279","Block 1279, Block Group 1, Census Tract 9501, Essex County, Vermont","2","2","0"
"1000000US500099501001280","Block 1280, Block Group 1, Census Tract 9501, Essex County, Vermont","0","0","0"
"1000000US500099501001281","Block 1281, Block Group 1, Census Tract 9501, Essex County, Vermont","8","0","8"
"1000000US500099501001282","Block 1282, Block Group 1, Census Tract 9501, Essex County, Vermont","0","0","0"
"1000000US500099501001283","Block 1283, Block Group 1, Census Tract 9501, Essex County, Vermont","0","0","0"
"1000000US500099501001284","Block 1284, Block Group 1, Census Tract 9501, Essex County, Vermont","1","0","1"
"1000000US500099501001285","Block 1285, Block Group 1, Census Tract 9501, Essex County, Vermont","1","0","1"
"1000000US500099501001286","Block 1286, Block Group 1, Census Tract 9501, Essex County, Vermont","0","0","0"
"1000000US500099501001287","Block 1287, Block Group 1, Census Tract 9501, Essex County, Vermont","1","0","1"
"1000000US500099501001288","Block 1288, Block Group 1, Census Tract 9501, Essex County, Vermont","1","0","1"
"1000000US500099501001289","Block 1289, Block Group 1, Census Tract 9501, Essex County, Vermont","0","0","0"
"1000000US500099501001290","Block 1290, Block Group 1, Census Tract 9501, Essex County, Vermont","0","0","0"
"1000000US500099501001291","Block 1291, Block Group 1, Census Tract 9501, Essex County, Vermont","0","0","0"
"1000000US500099501001292","Block 1292, Block Group 1, Census Tract 9501, Essex County, Vermont","10","0","10"
"1000000US500099501001293","Block 1293, Block Group 1, Census Tract 9501, Essex County, Vermont","0","0","0"
"1000000US500099501001294","Block 1294, Block Group 1, Census Tract 9501, Essex County, Vermont","1","0","1"
"1000000US500099501001295","Block 1295, Block Group 1, Census Tract 9501, Essex County, Vermont","0","0","0"
"1000000US500099501001296","Block 1296, Block Group 1, Census Tract 9501, Essex County, Vermont","0","0","0"
"1000000US500099501001297","Block 1297, Block Group 1, Census Tract 9501, Essex County, Vermont","0","0","0"
"1000000US500099501001298","Block 1298, Block Group 1, Census Tract 9501, Essex County, Vermont","1","0","1"
"1000000US500099501001299","Block 1299, Block Group 1, Census Tract 9501, Essex County, Vermont","0","0","0"
"1000000US500099501001300","Block 1300, Block Group 1, Census Tract 9501, Essex County, Vermont","0","0","0"
"1000000US500099501001301","Block 1301, Block Group 1, Census Tract 9501, Essex County, Vermont","0","0","0"
"1000000US500099501001302","Block 1302, Block Group 1, Census Tract 9501, Essex County, Vermont","0","0","0"
"1000000US500099501001303","Block 1303, Block Group 1, Census Tract 9501, Essex County, Vermont","1","0","1"
"1000000US500099501001304","Block 1304, Block Group 1, Census Tract 9501, Essex County, Vermont","12","0","12"
"1000000US500099501001305","Block 1305, Block Group 1, Census Tract 9501, Essex County, Vermont","0","0","0"
"1000000US500099501001306","Block 1306, Block Group 1, Census Tract 9501, Essex County, Vermont","0","0","0"
"1000000US500099501001307","Block 1307, Block Group 1, Census Tract 9501, Essex County, Vermont","0","0","0"
"1000000US500099501001308","Block 1308, Block Group 1, Census Tract 9501, Essex County, Vermont","0","0","0"
"1000000US500099501001309","Block 1309, Block Group 1, Census Tract 9501, Essex County, Vermont","0","0","0"
"1000000US500099501001310","Block 1310, Block Group 1, Census Tract 9501, Essex County, Vermont","1","0","1"
"1000000US500099501001311","Block 1311, Block Group 1, Census Tract 9501, Essex County, Vermont","20","11","9"
"1000000US500099501001312","Block 1312, Block Group 1, Census Tract 9501, Essex County, Vermont","3","0","3"
"1000000US500099501001313","Block 1313, Block Group 1, Census Tract 9501, Essex County, Vermont","2","2","0"
"1000000US500099501001314","Block 1314, Block Group 1, Census Tract 9501, Essex County, Vermont","1","1","0"
"1000000US500099501001315","Block 1315, Block Group 1, Census Tract 9501, Essex County, Vermont","0","0","0"
"1000000US500099501001316","Block 1316, Block Group 1, Census Tract 9501, Essex County, Vermont","4","4","0"
"1000000US500099501001317","Block 1317, Block Group 1, Census Tract 9501, Essex County, Vermont","1","1","0"
"1000000US500099501001318","Block 1318, Block Group 1, Census Tract 9501, Essex County, Vermont","3","2","1"
"1000000US500099501001319","Block 1319, Block Group 1, Census Tract 9501, Essex County, Vermont","0","0","0"
"1000000US500099501001320","Block 1320, Block Group 1, Census Tract 9501, Essex County, Vermont","0","0","0"
"1000000US500099501001321","Block 1321, Block Group 1, Census Tract 9501, Essex County, Vermont","4","4","0"
"1000000US500099501001322","Block 1322, Block Group 1, Census Tract 9501, Essex County, Vermont","9","4","5"
"1000000US500099501001323","Block 1323, Block Group 1, Census Tract 9501, Essex County, Vermont","3","0","3"
"1000000US500099501001324","Block 1324, Block Group 1, Census Tract 9501, Essex County, Vermont","1","1","0"
"1000000US500099501001325","Block 1325, Block Group 1, Census Tract 9501, Essex County, Vermont","1","1","0"
"1000000US500099501001326","Block 1326, Block Group 1, Census Tract 9501, Essex County, Vermont","0","0","0"
"1000000US500099501001327","Block 1327, Block Group 1, Census Tract 9501, Essex County, Vermont","16","10","6"
"1000000US500099501001328","Block 1328, Block Group 1, Census Tract 9501, Essex County, Vermont","0","0","0"
"1000000US500099501001329","Block 1329, Block Group 1, Census Tract 9501, Essex County, Vermont","2","0","2"
"1000000US500099501001330","Block 1330, Block Group 1, Census Tract 9501, Essex County, Vermont","0","0","0"
"1000000US500099501001331","Block 1331, Block Group 1, Census Tract 9501, Essex County, Vermont","0","0","0"
"1000000US500099501001332","Block 1332, Block Group 1, Census Tract 9501, Essex County, Vermont","0","0","0"
"1000000US500099501001333","Block 1333, Block Group 1, Census Tract 9501, Essex County, Vermont","1","0","1"
"1000000US500099501001334","Block 1334, Block Group 1, Census Tract 9501, Essex County, Vermont","0","0","0"
"1000000US500099501001335","Block 1335, Block Group 1, Census Tract 9501, Essex County, Vermont","1","0","1"
"1000000US500099501001336","Block 1336, Block Group 1, Census Tract 9501, Essex County, Vermont","7","7","0"
"1000000US500099501001337","Block 1337, Block Group 1, Census Tract 9501, Essex County, Vermont","0","0","0"
"1000000US500099501001338","Block 1338, Block Group 1, Census Tract 9501, Essex County, Vermont","0","0","0"
"1000000US500099501001339","Block 1339, Block Group 1, Census Tract 9501, Essex County, Vermont","0","0","0"
"1000000US500099501001340","Block 1340, Block Group 1, Census Tract 9501, Essex County, Vermont","0","0","0"
"1000000US500099501001341","Block 1341, Block Group 1, Census Tract 9501, Essex County, Vermont","0","0","0"
"1000000US500099501001342","Block 1342, Block Group 1, Census Tract 9501, Essex County, Vermont","1","1","0"
"1000000US500099501001343","Block 1343, Block Group 1, Census Tract 9501, Essex County, Vermont","4","4","0"
"1000000US500099501001344","Block 1344, Block Group 1, Census Tract 9501, Essex County, Vermont","0","0","0"
"1000000US500099501001345","Block 1345, Block Group 1, Census Tract 9501, Essex County, Vermont","0","0","0"
"1000000US500099501001346","Block 1346, Block Group 1, Census Tract 9501, Essex County, Vermont","3","3","0"
"1000000US500099501001347","Block 1347, Block Group 1, Census Tract 9501, Essex County, Vermont","0","0","0"
"1000000US500099501001348","Block 1348, Block Group 1, Census Tract 9501, Essex County, Vermont","0","0","0"
"1000000US500099501001349","Block 1349, Block Group 1, Census Tract 9501, Essex County, Vermont","0","0","0"
"1000000US500099501001350","Block 1350, Block Group 1, Census Tract 9501, Essex County, Vermont","0","0","0"
"1000000US500099501001351","Block 1351, Block Group 1, Census Tract 9501, Essex County, Vermont","0","0","0"
"1000000US500099501001352","Block 1352, Block Group 1, Census Tract 9501, Essex County, Vermont","0","0","0"
"1000000US500099501001353","Block 1353, Block Group 1, Census Tract 9501, Essex County, Vermont","0","0","0"
"1000000US500099501001354","Block 1354, Block Group 1, Census Tract 9501, Essex County, Vermont","1","0","1"
"1000000US500099501001355","Block 1355, Block Group 1, Census Tract 9501, Essex County, Vermont","2","0","2"
"1000000US500099501001356","Block 1356, Block Group 1, Census Tract 9501, Essex County, Vermont","0","0","0"
"1000000US500099501001357","Block 1357, Block Group 1, Census Tract 9501, Essex County, Vermont","2","0","2"
"1000000US500099501001358","Block 1358, Block Group 1, Census Tract 9501, Essex County, Vermont","0","0","0"
"1000000US500099501001359","Block 1359, Block Group 1, Census Tract 9501, Essex County, Vermont","0","0","0"
"1000000US500099501001360","Block 1360, Block Group 1, Census Tract 9501, Essex County, Vermont","1","0","1"
"1000000US500099501001361","Block 1361, Block Group 1, Census Tract 9501, Essex County, Vermont","0","0","0"
"1000000US500099501001362","Block 1362, Block Group 1, Census Tract 9501, Essex County, Vermont","0","0","0"
"1000000US500099501001363","Block 1363, Block Group 1, Census Tract 9501, Essex County, Vermont","0","0","0"
"1000000US500099501001364","Block 1364, Block Group 1, Census Tract 9501, Essex County, Vermont","1","0","1"
"1000000US500099501001365","Block 1365, Block Group 1, Census Tract 9501, Essex County, Vermont","0","0","0"
"1000000US500099501001366","Block 1366, Block Group 1, Census Tract 9501, Essex County, Vermont","125","23","102"
"1000000US500099501001367","Block 1367, Block Group 1, Census Tract 9501, Essex County, Vermont","0","0","0"
"1000000US500099501001368","Block 1368, Block Group 1, Census Tract 9501, Essex County, Vermont","0","0","0"
"1000000US500099501001369","Block 1369, Block Group 1, Census Tract 9501, Essex County, Vermont","35","2","33"
"1000000US500099501001370","Block 1370, Block Group 1, Census Tract 9501, Essex County, Vermont","0","0","0"
"1000000US500099501001371","Block 1371, Block Group 1, Census Tract 9501, Essex County, Vermont","34","8","26"
"1000000US500099501001372","Block 1372, Block Group 1, Census Tract 9501, Essex County, Vermont","0","0","0"
"1000000US500099501001373","Block 1373, Block Group 1, Census Tract 9501, Essex County, Vermont","0","0","0"
"1000000US500099501001374","Block 1374, Block Group 1, Census Tract 9501, Essex County, Vermont","0","0","0"
"1000000US500099501001375","Block 1375, Block Group 1, Census Tract 9501, Essex County, Vermont","0","0","0"
"1000000US500099501001376","Block 1376, Block Group 1, Census Tract 9501, Essex County, Vermont","27","3","24"
"1000000US500099501001377","Block 1377, Block Group 1, Census Tract 9501, Essex County, Vermont","0","0","0"
"1000000US500099501001378","Block 1378, Block Group 1, Census Tract 9501, Essex County, Vermont","0","0","0"
"1000000US500099501001379","Block 1379, Block Group 1, Census Tract 9501, Essex County, Vermont","1","0","1"
"1000000US500099501001380","Block 1380, Block Group 1, Census Tract 9501, Essex County, Vermont","0","0","0"
"1000000US500099501001381","Block 1381, Block Group 1, Census Tract 9501, Essex County, Vermont","10","0","10"
"1000000US500099501001382","Block 1382, Block Group 1, Census Tract 9501, Essex County, Vermont","0","0","0"
"1000000US500099501001383","Block 1383, Block Group 1, Census Tract 9501, Essex County, Vermont","0","0","0"
"1000000US500099501001384","Block 1384, Block Group 1, Census Tract 9501, Essex County, Vermont","0","0","0"
"1000000US500099501001385","Block 1385, Block Group 1, Census Tract 9501, Essex County, Vermont","0","0","0"
"1000000US500099501001386","Block 1386, Block Group 1, Census Tract 9501, Essex County, Vermont","0","0","0"
"1000000US500099501001387","Block 1387, Block Group 1, Census Tract 9501, Essex County, Vermont","0","0","0"
"1000000US500099501001388","Block 1388, Block Group 1, Census Tract 9501, Essex County, Vermont","0","0","0"
"1000000US500099501001389","Block 1389, Block Group 1, Census Tract 9501, Essex County, Vermont","0","0","0"
"1000000US500099501001390","Block 1390, Block Group 1, Census Tract 9501, Essex County, Vermont","0","0","0"
"1000000US500099501001391","Block 1391, Block Group 1, Census Tract 9501, Essex County, Vermont","0","0","0"
"1000000US500099501001392","Block 1392, Block Group 1, Census Tract 9501, Essex County, Vermont","5","0","5"
"1000000US500099501001393","Block 1393, Block Group 1, Census Tract 9501, Essex County, Vermont","0","0","0"
"1000000US500099501001394","Block 1394, Block Group 1, Census Tract 9501, Essex County, Vermont","2","0","2"
"1000000US500099501001395","Block 1395, Block Group 1, Census Tract 9501, Essex County, Vermont","0","0","0"
"1000000US500099501001396","Block 1396, Block Group 1, Census Tract 9501, Essex County, Vermont","0","0","0"
"1000000US500099501001397","Block 1397, Block Group 1, Census Tract 9501, Essex County, Vermont","0","0","0"
"1000000US500099501001398","Block 1398, Block Group 1, Census Tract 9501, Essex County, Vermont","0","0","0"
"1000000US500099501001399","Block 1399, Block Group 1, Census Tract 9501, Essex County, Vermont","1","0","1"
"1000000US500099501001400","Block 1400, Block Group 1, Census Tract 9501, Essex County, Vermont","2","0","2"
"1000000US500099501001401","Block 1401, Block Group 1, Census Tract 9501, Essex County, Vermont","2","0","2"
"1000000US500099501001402","Block 1402, Block Group 1, Census Tract 9501, Essex County, Vermont","0","0","0"
"1000000US500099501001403","Block 1403, Block Group 1, Census Tract 9501, Essex County, Vermont","43","30","13"
"1000000US500099501001404","Block 1404, Block Group 1, Census Tract 9501, Essex County, Vermont","10","5","5"
"1000000US500099501001405","Block 1405, Block Group 1, Census Tract 9501, Essex County, Vermont","1","1","0"
"1000000US500099501001406","Block 1406, Block Group 1, Census Tract 9501, Essex County, Vermont","1","1","0"
"1000000US500099501001407","Block 1407, Block Group 1, Census Tract 9501, Essex County, Vermont","0","0","0"
"1000000US500099501001408","Block 1408, Block Group 1, Census Tract 9501, Essex County, Vermont","0","0","0"
"1000000US500099501001409","Block 1409, Block Group 1, Census Tract 9501, Essex County, Vermont","0","0","0"
"1000000US500099501001410","Block 1410, Block Group 1, Census Tract 9501, Essex County, Vermont","0","0","0"
"1000000US500099501001411","Block 1411, Block Group 1, Census Tract 9501, Essex County, Vermont","0","0","0"
"1000000US500099501001412","Block 1412, Block Group 1, Census Tract 9501, Essex County, Vermont","0","0","0"
"1000000US500099501001413","Block 1413, Block Group 1, Census Tract 9501, Essex County, Vermont","0","0","0"
"1000000US500099501001414","Block 1414, Block Group 1, Census Tract 9501, Essex County, Vermont","0","0","0"
"1000000US500099501001415","Block 1415, Block Group 1, Census Tract 9501, Essex County, Vermont","14","12","2"
"1000000US500099501001416","Block 1416, Block Group 1, Census Tract 9501, Essex County, Vermont","0","0","0"
"1000000US500099501001417","Block 1417, Block Group 1, Census Tract 9501, Essex County, Vermont","0","0","0"
"1000000US500099501001418","Block 1418, Block Group 1, Census Tract 9501, Essex County, Vermont","0","0","0"
"1000000US500099501001419","Block 1419, Block Group 1, Census Tract 9501, Essex County, Vermont","0","0","0"
"1000000US500099501001420","Block 1420, Block Group 1, Census Tract 9501, Essex County, Vermont","0","0","0"
"1000000US500099501001421","Block 1421, Block Group 1, Census Tract 9501, Essex County, Vermont","0","0","0"
"1000000US500099501001422","Block 1422, Block Group 1, Census Tract 9501, Essex County, Vermont","1","1","0"
"1000000US500099501001423","Block 1423, Block Group 1, Census Tract 9501, Essex County, Vermont","11","7","4"
"1000000US500099501001424","Block 1424, Block Group 1, Census Tract 9501, Essex County, Vermont","1","0","1"
"1000000US500099501001425","Block 1425, Block Group 1, Census Tract 9501, Essex County, Vermont","0","0","0"
"1000000US500099501001426","Block 1426, Block Group 1, Census Tract 9501, Essex County, Vermont","0","0","0"
"1000000US500099501001427","Block 1427, Block Group 1, Census Tract 9501, Essex County, Vermont","0","0","0"
"1000000US500099501001428","Block 1428, Block Group 1, Census Tract 9501, Essex County, Vermont","0","0","0"
"1000000US500099501001429","Block 1429, Block Group 1, Census Tract 9501, Essex County, Vermont","0","0","0"
"1000000US500099501001430","Block 1430, Block Group 1, Census Tract 9501, Essex County, Vermont","0","0","0"
"1000000US500099501001431","Block 1431, Block Group 1, Census Tract 9501, Essex County, Vermont","0","0","0"
"1000000US500099501001432","Block 1432, Block Group 1, Census Tract 9501, Essex County, Vermont","0","0","0"
"1000000US500099501001433","Block 1433, Block Group 1, Census Tract 9501, Essex County, Vermont","0","0","0"
"1000000US500099501001434","Block 1434, Block Group 1, Census Tract 9501, Essex County, Vermont","0","0","0"
"1000000US500099501001435","Block 1435, Block Group 1, Census Tract 9501, Essex County, Vermont","4","0","4"
"1000000US500099501001436","Block 1436, Block Group 1, Census Tract 9501, Essex County, Vermont","0","0","0"
"1000000US500099501001437","Block 1437, Block Group 1, Census Tract 9501, Essex County, Vermont","0","0","0"
"1000000US500099501001438","Block 1438, Block Group 1, Census Tract 9501, Essex County, Vermont","0","0","0"
"1000000US500099501001439","Block 1439, Block Group 1, Census Tract 9501, Essex County, Vermont","3","0","3"
"1000000US500099501001440","Block 1440, Block Group 1, Census Tract 9501, Essex County, Vermont","1","0","1"
"1000000US500099501001441","Block 1441, Block Group 1, Census Tract 9501, Essex County, Vermont","0","0","0"
"1000000US500099501001442","Block 1442, Block Group 1, Census Tract 9501, Essex County, Vermont","0","0","0"
"1000000US500099501001443","Block 1443, Block Group 1, Census Tract 9501, Essex County, Vermont","0","0","0"
"1000000US500099501001444","Block 1444, Block Group 1, Census Tract 9501, Essex County, Vermont","0","0","0"
"1000000US500099501001445","Block 1445, Block Group 1, Census Tract 9501, Essex County, Vermont","0","0","0"
"1000000US500099501001446","Block 1446, Block Group 1, Census Tract 9501, Essex County, Vermont","0","0","0"
"1000000US500099501001447","Block 1447, Block Group 1, Census Tract 9501, Essex County, Vermont","0","0","0"
"1000000US500099501001448","Block 1448, Block Group 1, Census Tract 9501, Essex County, Vermont","0","0","0"
"1000000US500099501001449","Block 1449, Block Group 1, Census Tract 9501, Essex County, Vermont","0","0","0"
"1000000US500099501001450","Block 1450, Block Group 1, Census Tract 9501, Essex County, Vermont","0","0","0"
"1000000US500099501001451","Block 1451, Block Group 1, Census Tract 9501, Essex County, Vermont","4","0","4"
"1000000US500099501001452","Block 1452, Block Group 1, Census Tract 9501, Essex County, Vermont","0","0","0"
"1000000US500099501001453","Block 1453, Block Group 1, Census Tract 9501, Essex County, Vermont","0","0","0"
"1000000US500099501001454","Block 1454, Block Group 1, Census Tract 9501, Essex County, Vermont","0","0","0"
"1000000US500099501001455","Block 1455, Block Group 1, Census Tract 9501, Essex County, Vermont","0","0","0"
"1000000US500099501001456","Block 1456, Block Group 1, Census Tract 9501, Essex County, Vermont","0","0","0"
"1000000US500099501001457","Block 1457, Block Group 1, Census Tract 9501, Essex County, Vermont","0","0","0"
"1000000US500099501001458","Block 1458, Block Group 1, Census Tract 9501, Essex County, Vermont","0","0","0"
"1000000US500099501001459","Block 1459, Block Group 1, Census Tract 9501, Essex County, Vermont","0","0","0"
"1000000US500099501001460","Block 1460, Block Group 1, Census Tract 9501, Essex County, Vermont","0","0","0"
"1000000US500099501001461","Block 1461, Block Group 1, Census Tract 9501, Essex County, Vermont","0","0","0"
"1000000US500099501001462","Block 1462, Block Group 1, Census Tract 9501, Essex County, Vermont","0","0","0"
"1000000US500099501001463","Block 1463, Block Group 1, Census Tract 9501, Essex County, Vermont","0","0","0"
"1000000US500099501001464","Block 1464, Block Group 1, Census Tract 9501, Essex County, Vermont","0","0","0"
"1000000US500099501001465","Block 1465, Block Group 1, Census Tract 9501, Essex County, Vermont","0","0","0"
"1000000US500099501001466","Block 1466, Block Group 1, Census Tract 9501, Essex County, Vermont","0","0","0"
"1000000US500099501001467","Block 1467, Block Group 1, Census Tract 9501, Essex County, Vermont","0","0","0"
"1000000US500099501001468","Block 1468, Block Group 1, Census Tract 9501, Essex County, Vermont","1","0","1"
"1000000US500099501001469","Block 1469, Block Group 1, Census Tract 9501, Essex County, Vermont","0","0","0"
"1000000US500099501001470","Block 1470, Block Group 1, Census Tract 9501, Essex County, Vermont","0","0","0"
"1000000US500099501001471","Block 1471, Block Group 1, Census Tract 9501, Essex County, Vermont","0","0","0"
"1000000US500099501001472","Block 1472, Block Group 1, Census Tract 9501, Essex County, Vermont","0","0","0"
"1000000US500099501001473","Block 1473, Block Group 1, Census Tract 9501, Essex County, Vermont","0","0","0"
"1000000US500099501002000","Block 2000, Block Group 2, Census Tract 9501, Essex County, Vermont","0","0","0"
"1000000US500099501002001","Block 2001, Block Group 2, Census Tract 9501, Essex County, Vermont","4","4","0"
"1000000US500099501002002","Block 2002, Block Group 2, Census Tract 9501, Essex County, Vermont","11","10","1"
"1000000US500099501002003","Block 2003, Block Group 2, Census Tract 9501, Essex County, Vermont","0","0","0"
"1000000US500099501002004","Block 2004, Block Group 2, Census Tract 9501, Essex County, Vermont","0","0","0"
"1000000US500099501002005","Block 2005, Block Group 2, Census Tract 9501, Essex County, Vermont","15","12","3"
"1000000US500099501002006","Block 2006, Block Group 2, Census Tract 9501, Essex County, Vermont","26","21","5"
"1000000US500099501002007","Block 2007, Block Group 2, Census Tract 9501, Essex County, Vermont","0","0","0"
"1000000US500099501002008","Block 2008, Block Group 2, Census Tract 9501, Essex County, Vermont","0","0","0"
"1000000US500099501002009","Block 2009, Block Group 2, Census Tract 9501, Essex County, Vermont","0","0","0"
"1000000US500099501002010","Block 2010, Block Group 2, Census Tract 9501, Essex County, Vermont","0","0","0"
"1000000US500099501002011","Block 2011, Block Group 2, Census Tract 9501, Essex County, Vermont","15","10","5"
"1000000US500099501002012","Block 2012, Block Group 2, Census Tract 9501, Essex County, Vermont","0","0","0"
"1000000US500099501002013","Block 2013, Block Group 2, Census Tract 9501, Essex County, Vermont","0","0","0"
"1000000US500099501002014","Block 2014, Block Group 2, Census Tract 9501, Essex County, Vermont","0","0","0"
"1000000US500099501002015","Block 2015, Block Group 2, Census Tract 9501, Essex County, Vermont","0","0","0"
"1000000US500099501002016","Block 2016, Block Group 2, Census Tract 9501, Essex County, Vermont","2","2","0"
"1000000US500099501002017","Block 2017, Block Group 2, Census Tract 9501, Essex County, Vermont","7","5","2"
"1000000US500099501002018","Block 2018, Block Group 2, Census Tract 9501, Essex County, Vermont","6","6","0"
"1000000US500099501002019","Block 2019, Block Group 2, Census Tract 9501, Essex County, Vermont","11","9","2"
"1000000US500099501002020","Block 2020, Block Group 2, Census Tract 9501, Essex County, Vermont","0","0","0"
"1000000US500099501002021","Block 2021, Block Group 2, Census Tract 9501, Essex County, Vermont","34","30","4"
"1000000US500099501002022","Block 2022, Block Group 2, Census Tract 9501, Essex County, Vermont","46","33","13"
"1000000US500099501002023","Block 2023, Block Group 2, Census Tract 9501, Essex County, Vermont","0","0","0"
"1000000US500099501002024","Block 2024, Block Group 2, Census Tract 9501, Essex County, Vermont","15","14","1"
"1000000US500099501002025","Block 2025, Block Group 2, Census Tract 9501, Essex County, Vermont","0","0","0"
"1000000US500099501002026","Block 2026, Block Group 2, Census Tract 9501, Essex County, Vermont","0","0","0"
"1000000US500099501002027","Block 2027, Block Group 2, Census Tract 9501, Essex County, Vermont","0","0","0"
"1000000US500099501002028","Block 2028, Block Group 2, Census Tract 9501, Essex County, Vermont","2","2","0"
"1000000US500099501002029","Block 2029, Block Group 2, Census Tract 9501, Essex County, Vermont","0","0","0"
"1000000US500099501002030","Block 2030, Block Group 2, Census Tract 9501, Essex County, Vermont","8","4","4"
"1000000US500099501002031","Block 2031, Block Group 2, Census Tract 9501, Essex County, Vermont","0","0","0"
"1000000US500099501002032","Block 2032, Block Group 2, Census Tract 9501, Essex County, Vermont","1","1","0"
"1000000US500099501002033","Block 2033, Block Group 2, Census Tract 9501, Essex County, Vermont","2","2","0"
"1000000US500099501002034","Block 2034, Block Group 2, Census Tract 9501, Essex County, Vermont","0","0","0"
"1000000US500099501002035","Block 2035, Block Group 2, Census Tract 9501, Essex County, Vermont","0","0","0"
"1000000US500099501002036","Block 2036, Block Group 2, Census Tract 9501, Essex County, Vermont","1","1","0"
"1000000US500099501002037","Block 2037, Block Group 2, Census Tract 9501, Essex County, Vermont","8","5","3"
"1000000US500099501002038","Block 2038, Block Group 2, Census Tract 9501, Essex County, Vermont","0","0","0"
"1000000US500099501002039","Block 2039, Block Group 2, Census Tract 9501, Essex County, Vermont","0","0","0"
"1000000US500099501002040","Block 2040, Block Group 2, Census Tract 9501, Essex County, Vermont","1","1","0"
"1000000US500099501002041","Block 2041, Block Group 2, Census Tract 9501, Essex County, Vermont","0","0","0"
"1000000US500099501002042","Block 2042, Block Group 2, Census Tract 9501, Essex County, Vermont","0","0","0"
"1000000US500099501002043","Block 2043, Block Group 2, Census Tract 9501, Essex County, Vermont","1","0","1"
"1000000US500099501002044","Block 2044, Block Group 2, Census Tract 9501, Essex County, Vermont","6","3","3"
"1000000US500099501002045","Block 2045, Block Group 2, Census Tract 9501, Essex County, Vermont","8","7","1"
"1000000US500099501002046","Block 2046, Block Group 2, Census Tract 9501, Essex County, Vermont","1","0","1"
"1000000US500099501002047","Block 2047, Block Group 2, Census Tract 9501, Essex County, Vermont","1","0","1"
"1000000US500099501002048","Block 2048, Block Group 2, Census Tract 9501, Essex County, Vermont","9","6","3"
"1000000US500099501002049","Block 2049, Block Group 2, Census Tract 9501, Essex County, Vermont","7","0","7"
"1000000US500099501002050","Block 2050, Block Group 2, Census Tract 9501, Essex County, Vermont","20","2","18"
"1000000US500099501002051","Block 2051, Block Group 2, Census Tract 9501, Essex County, Vermont","51","21","30"
"1000000US500099501002052","Block 2052, Block Group 2, Census Tract 9501, Essex County, Vermont","2","2","0"
"1000000US500099501002053","Block 2053, Block Group 2, Census Tract 9501, Essex County, Vermont","0","0","0"
"1000000US500099501002054","Block 2054, Block Group 2, Census Tract 9501, Essex County, Vermont","0","0","0"
"1000000US500099501002055","Block 2055, Block Group 2, Census Tract 9501, Essex County, Vermont","5","1","4"
"1000000US500099501002056","Block 2056, Block Group 2, Census Tract 9501, Essex County, Vermont","0","0","0"
"1000000US500099501002057","Block 2057, Block Group 2, Census Tract 9501, Essex County, Vermont","2","2","0"
"1000000US500099501002058","Block 2058, Block Group 2, Census Tract 9501, Essex County, Vermont","1","0","1"
"1000000US500099501002059","Block 2059, Block Group 2, Census Tract 9501, Essex County, Vermont","2","0","2"
"1000000US500099501002060","Block 2060, Block Group 2, Census Tract 9501, Essex County, Vermont","0","0","0"
"1000000US500099501002061","Block 2061, Block Group 2, Census Tract 9501, Essex County, Vermont","40","31","9"
"1000000US500099501002062","Block 2062, Block Group 2, Census Tract 9501, Essex County, Vermont","1","1","0"
"1000000US500099501002063","Block 2063, Block Group 2, Census Tract 9501, Essex County, Vermont","0","0","0"
"1000000US500099501002064","Block 2064, Block Group 2, Census Tract 9501, Essex County, Vermont","0","0","0"
"1000000US500099501002065","Block 2065, Block Group 2, Census Tract 9501, Essex County, Vermont","2","0","2"
"1000000US500099501002066","Block 2066, Block Group 2, Census Tract 9501, Essex County, Vermont","2","2","0"
"1000000US500099501002067","Block 2067, Block Group 2, Census Tract 9501, Essex County, Vermont","20","17","3"
"1000000US500099501002068","Block 2068, Block Group 2, Census Tract 9501, Essex County, Vermont","0","0","0"
"1000000US500099501002069","Block 2069, Block Group 2, Census Tract 9501, Essex County, Vermont","0","0","0"
"1000000US500099501002070","Block 2070, Block Group 2, Census Tract 9501, Essex County, Vermont","8","7","1"
"1000000US500099501002071","Block 2071, Block Group 2, Census Tract 9501, Essex County, Vermont","7","7","0"
"1000000US500099501002072","Block 2072, Block Group 2, Census Tract 9501, Essex County, Vermont","4","4","0"
"1000000US500099501002073","Block 2073, Block Group 2, Census Tract 9501, Essex County, Vermont","1","0","1"
"1000000US500099501002074","Block 2074, Block Group 2, Census Tract 9501, Essex County, Vermont","15","9","6"
"1000000US500099501002075","Block 2075, Block Group 2, Census Tract 9501, Essex County, Vermont","0","0","0"
"1000000US500099501002076","Block 2076, Block Group 2, Census Tract 9501, Essex County, Vermont","3","1","2"
"1000000US500099501002077","Block 2077, Block Group 2, Census Tract 9501, Essex County, Vermont","0","0","0"
"1000000US500099501002078","Block 2078, Block Group 2, Census Tract 9501, Essex County, Vermont","4","2","2"
"1000000US500099501002079","Block 2079, Block Group 2, Census Tract 9501, Essex County, Vermont","0","0","0"
"1000000US500099501002080","Block 2080, Block Group 2, Census Tract 9501, Essex County, Vermont","4","3","1"
"1000000US500099501002081","Block 2081, Block Group 2, Census Tract 9501, Essex County, Vermont","12","7","5"
"1000000US500099501002082","Block 2082, Block Group 2, Census Tract 9501, Essex County, Vermont","1","0","1"
"1000000US500099501002083","Block 2083, Block Group 2, Census Tract 9501, Essex County, Vermont","0","0","0"
"1000000US500099501002084","Block 2084, Block Group 2, Census Tract 9501, Essex County, Vermont","0","0","0"
"1000000US500099501002085","Block 2085, Block Group 2, Census Tract 9501, Essex County, Vermont","0","0","0"
"1000000US500099501002086","Block 2086, Block Group 2, Census Tract 9501, Essex County, Vermont","0","0","0"
"1000000US500099501002087","Block 2087, Block Group 2, Census Tract 9501, Essex County, Vermont","0","0","0"
"1000000US500099501002088","Block 2088, Block Group 2, Census Tract 9501, Essex County, Vermont","0","0","0"
"1000000US500099501002089","Block 2089, Block Group 2, Census Tract 9501, Essex County, Vermont","0","0","0"
"1000000US500099501002090","Block 2090, Block Group 2, Census Tract 9501, Essex County, Vermont","0","0","0"
"1000000US500099501002091","Block 2091, Block Group 2, Census Tract 9501, Essex County, Vermont","0","0","0"
"1000000US500099501002092","Block 2092, Block Group 2, Census Tract 9501, Essex County, Vermont","8","1","7"
"1000000US500099501002093","Block 2093, Block Group 2, Census Tract 9501, Essex County, Vermont","0","0","0"
"1000000US500099501002094","Block 2094, Block Group 2, Census Tract 9501, Essex County, Vermont","0","0","0"
"1000000US500099501002095","Block 2095, Block Group 2, Census Tract 9501, Essex County, Vermont","1","1","0"
"1000000US500099501002096","Block 2096, Block Group 2, Census Tract 9501, Essex County, Vermont","0","0","0"
"1000000US500099501002097","Block 2097, Block Group 2, Census Tract 9501, Essex County, Vermont","0","0","0"
"1000000US500099501002098","Block 2098, Block Group 2, Census Tract 9501, Essex County, Vermont","0","0","0"
"1000000US500099501002099","Block 2099, Block Group 2, Census Tract 9501, Essex County, Vermont","0","0","0"
"1000000US500099501002100","Block 2100, Block Group 2, Census Tract 9501, Essex County, Vermont","0","0","0"
"1000000US500099501002101","Block 2101, Block Group 2, Census Tract 9501, Essex County, Vermont","1","1","0"
"1000000US500099501002102","Block 2102, Block Group 2, Census Tract 9501, Essex County, Vermont","0","0","0"
"1000000US500099501002103","Block 2103, Block Group 2, Census Tract 9501, Essex County, Vermont","0","0","0"
"1000000US500099501002104","Block 2104, Block Group 2, Census Tract 9501, Essex County, Vermont","0","0","0"
"1000000US500099501002105","Block 2105, Block Group 2, Census Tract 9501, Essex County, Vermont","24","17","7"
"1000000US500099501002106","Block 2106, Block Group 2, Census Tract 9501, Essex County, Vermont","0","0","0"
"1000000US500099501002107","Block 2107, Block Group 2, Census Tract 9501, Essex County, Vermont","5","3","2"
"1000000US500099501002108","Block 2108, Block Group 2, Census Tract 9501, Essex County, Vermont","0","0","0"
"1000000US500099501002109","Block 2109, Block Group 2, Census Tract 9501, Essex County, Vermont","14","11","3"
"1000000US500099501002110","Block 2110, Block Group 2, Census Tract 9501, Essex County, Vermont","0","0","0"
"1000000US500099501002111","Block 2111, Block Group 2, Census Tract 9501, Essex County, Vermont","0","0","0"
"1000000US500099501002112","Block 2112, Block Group 2, Census Tract 9501, Essex County, Vermont","0","0","0"
"1000000US500099501002113","Block 2113, Block Group 2, Census Tract 9501, Essex County, Vermont","5","3","2"
"1000000US500099501002114","Block 2114, Block Group 2, Census Tract 9501, Essex County, Vermont","6","6","0"
"1000000US500099501002115","Block 2115, Block Group 2, Census Tract 9501, Essex County, Vermont","3","2","1"
"1000000US500099501002116","Block 2116, Block Group 2, Census Tract 9501, Essex County, Vermont","0","0","0"
"1000000US500099501002117","Block 2117, Block Group 2, Census Tract 9501, Essex County, Vermont","0","0","0"
"1000000US500099501002118","Block 2118, Block Group 2, Census Tract 9501, Essex County, Vermont","44","36","8"
"1000000US500099501002119","Block 2119, Block Group 2, Census Tract 9501, Essex County, Vermont","3","2","1"
"1000000US500099501002120","Block 2120, Block Group 2, Census Tract 9501, Essex County, Vermont","4","2","2"
"1000000US500099501002121","Block 2121, Block Group 2, Census Tract 9501, Essex County, Vermont","15","10","5"
"1000000US500099501002122","Block 2122, Block Group 2, Census Tract 9501, Essex County, Vermont","0","0","0"
"1000000US500099501002123","Block 2123, Block Group 2, Census Tract 9501, Essex County, Vermont","0","0","0"
"1000000US500099501002124","Block 2124, Block Group 2, Census Tract 9501, Essex County, Vermont","9","9","0"
"1000000US500099501002125","Block 2125, Block Group 2, Census Tract 9501, Essex County, Vermont","2","2","0"
"1000000US500099501002126","Block 2126, Block Group 2, Census Tract 9501, Essex County, Vermont","1","0","1"
"1000000US500099501002127","Block 2127, Block Group 2, Census Tract 9501, Essex County, Vermont","25","21","4"
"1000000US500099501002128","Block 2128, Block Group 2, Census Tract 9501, Essex County, Vermont","7","5","2"
"1000000US500099501002129","Block 2129, Block Group 2, Census Tract 9501, Essex County, Vermont","0","0","0"
"1000000US500099501002130","Block 2130, Block Group 2, Census Tract 9501, Essex County, Vermont","0","0","0"
"1000000US500099501002131","Block 2131, Block Group 2, Census Tract 9501, Essex County, Vermont","0","0","0"
"1000000US500099502001000","Block 1000, Block Group 1, Census Tract 9502, Essex County, Vermont","6","2","4"
"1000000US500099502001001","Block 1001, Block Group 1, Census Tract 9502, Essex County, Vermont","0","0","0"
"1000000US500099502001002","Block 1002, Block Group 1, Census Tract 9502, Essex County, Vermont","2","1","1"
"1000000US500099502001003","Block 1003, Block Group 1, Census Tract 9502, Essex County, Vermont","1","0","1"
"1000000US500099502001004","Block 1004, Block Group 1, Census Tract 9502, Essex County, Vermont","1","0","1"
"1000000US500099502001005","Block 1005, Block Group 1, Census Tract 9502, Essex County, Vermont","2","1","1"
"1000000US500099502001006","Block 1006, Block Group 1, Census Tract 9502, Essex County, Vermont","0","0","0"
"1000000US500099502001007","Block 1007, Block Group 1, Census Tract 9502, Essex County, Vermont","1","0","1"
"1000000US500099502001008","Block 1008, Block Group 1, Census Tract 9502, Essex County, Vermont","21","7","14"
"1000000US500099502001009","Block 1009, Block Group 1, Census Tract 9502, Essex County, Vermont","0","0","0"
"1000000US500099502001010","Block 1010, Block Group 1, Census Tract 9502, Essex County, Vermont","0","0","0"
"1000000US500099502001011","Block 1011, Block Group 1, Census Tract 9502, Essex County, Vermont","4","4","0"
"1000000US500099502001012","Block 1012, Block Group 1, Census Tract 9502, Essex County, Vermont","0","0","0"
"1000000US500099502001013","Block 1013, Block Group 1, Census Tract 9502, Essex County, Vermont","5","0","5"
"1000000US500099502001014","Block 1014, Block Group 1, Census Tract 9502, Essex County, Vermont","0","0","0"
"1000000US500099502001015","Block 1015, Block Group 1, Census Tract 9502, Essex County, Vermont","0","0","0"
"1000000US500099502001016","Block 1016, Block Group 1, Census Tract 9502, Essex County, Vermont","0","0","0"
"1000000US500099502001017","Block 1017, Block Group 1, Census Tract 9502, Essex County, Vermont","0","0","0"
"1000000US500099502001018","Block 1018, Block Group 1, Census Tract 9502, Essex County, Vermont","0","0","0"
"1000000US500099502001019","Block 1019, Block Group 1, Census Tract 9502, Essex County, Vermont","1","0","1"
"1000000US500099502001020","Block 1020, Block Group 1, Census Tract 9502, Essex County, Vermont","0","0","0"
"1000000US500099502001021","Block 1021, Block Group 1, Census Tract 9502, Essex County, Vermont","0","0","0"
"1000000US500099502001022","Block 1022, Block Group 1, Census Tract 9502, Essex County, Vermont","0","0","0"
"1000000US500099502001023","Block 1023, Block Group 1, Census Tract 9502, Essex County, Vermont","15","1","14"
"1000000US500099502001024","Block 1024, Block Group 1, Census Tract 9502, Essex County, Vermont","1","0","1"
"1000000US500099502001025","Block 1025, Block Group 1, Census Tract 9502, Essex County, Vermont","0","0","0"
"1000000US500099502001026","Block 1026, Block Group 1, Census Tract 9502, Essex County, Vermont","0","0","0"
"1000000US500099502001027","Block 1027, Block Group 1, Census Tract 9502, Essex County, Vermont","0","0","0"
"1000000US500099502001028","Block 1028, Block Group 1, Census Tract 9502, Essex County, Vermont","0","0","0"
"1000000US500099502001029","Block 1029, Block Group 1, Census Tract 9502, Essex County, Vermont","2","2","0"
"1000000US500099502001030","Block 1030, Block Group 1, Census Tract 9502, Essex County, Vermont","16","7","9"
"1000000US500099502001031","Block 1031, Block Group 1, Census Tract 9502, Essex County, Vermont","0","0","0"
"1000000US500099502001032","Block 1032, Block Group 1, Census Tract 9502, Essex County, Vermont","13","2","11"
"1000000US500099502001033","Block 1033, Block Group 1, Census Tract 9502, Essex County, Vermont","0","0","0"
"1000000US500099502001034","Block 1034, Block Group 1, Census Tract 9502, Essex County, Vermont","21","4","17"
"1000000US500099502001035","Block 1035, Block Group 1, Census Tract 9502, Essex County, Vermont","0","0","0"
"1000000US500099502001036","Block 1036, Block Group 1, Census Tract 9502, Essex County, Vermont","7","2","5"
"1000000US500099502001037","Block 1037, Block Group 1, Census Tract 9502, Essex County, Vermont","0","0","0"
"1000000US500099502001038","Block 1038, Block Group 1, Census Tract 9502, Essex County, Vermont","0","0","0"
"1000000US500099502001039","Block 1039, Block Group 1, Census Tract 9502, Essex County, Vermont","2","1","1"
"1000000US500099502001040","Block 1040, Block Group 1, Census Tract 9502, Essex County, Vermont","4","2","2"
"1000000US500099502001041","Block 1041, Block Group 1, Census Tract 9502, Essex County, Vermont","2","0","2"
"1000000US500099502001042","Block 1042, Block Group 1, Census Tract 9502, Essex County, Vermont","0","0","0"
"1000000US500099502001043","Block 1043, Block Group 1, Census Tract 9502, Essex County, Vermont","0","0","0"
"1000000US500099502001044","Block 1044, Block Group 1, Census Tract 9502, Essex County, Vermont","35","32","3"
"1000000US500099502001045","Block 1045, Block Group 1, Census Tract 9502, Essex County, Vermont","0","0","0"
"1000000US500099502001046","Block 1046, Block Group 1, Census Tract 9502, Essex County, Vermont","8","4","4"
"1000000US500099502001047","Block 1047, Block Group 1, Census Tract 9502, Essex County, Vermont","34","25","9"
"1000000US500099502001048","Block 1048, Block Group 1, Census Tract 9502, Essex County, Vermont","7","7","0"
"1000000US500099502001049","Block 1049, Block Group 1, Census Tract 9502, Essex County, Vermont","1","1","0"
"1000000US500099502001050","Block 1050, Block Group 1, Census Tract 9502, Essex County, Vermont","5","5","0"
"1000000US500099502001051","Block 1051, Block Group 1, Census Tract 9502, Essex County, Vermont","32","11","21"
"1000000US500099502001052","Block 1052, Block Group 1, Census Tract 9502, Essex County, Vermont","0","0","0"
"1000000US500099502001053","Block 1053, Block Group 1, Census Tract 9502, Essex County, Vermont","0","0","0"
"1000000US500099502001054","Block 1054, Block Group 1, Census Tract 9502, Essex County, Vermont","0","0","0"
"1000000US500099502001055","Block 1055, Block Group 1, Census Tract 9502, Essex County, Vermont","0","0","0"
"1000000US500099502001056","Block 1056, Block Group 1, Census Tract 9502, Essex County, Vermont","0","0","0"
"1000000US500099502001057","Block 1057, Block Group 1, Census Tract 9502, Essex County, Vermont","26","24","2"
"1000000US500099502001058","Block 1058, Block Group 1, Census Tract 9502, Essex County, Vermont","3","0","3"
"1000000US500099502001059","Block 1059, Block Group 1, Census Tract 9502, Essex County, Vermont","0","0","0"
"1000000US500099502001060","Block 1060, Block Group 1, Census Tract 9502, Essex County, Vermont","0","0","0"
"1000000US500099502001061","Block 1061, Block Group 1, Census Tract 9502, Essex County, Vermont","0","0","0"
"1000000US500099502001062","Block 1062, Block Group 1, Census Tract 9502, Essex County, Vermont","0","0","0"
"1000000US500099502001063","Block 1063, Block Group 1, Census Tract 9502, Essex County, Vermont","18","15","3"
"1000000US500099502001064","Block 1064, Block Group 1, Census Tract 9502, Essex County, Vermont","12","5","7"
"1000000US500099502001065","Block 1065, Block Group 1, Census Tract 9502, Essex County, Vermont","0","0","0"
"1000000US500099502001066","Block 1066, Block Group 1, Census Tract 9502, Essex County, Vermont","0","0","0"
"1000000US500099502001067","Block 1067, Block Group 1, Census Tract 9502, Essex County, Vermont","1","1","0"
"1000000US500099502001068","Block 1068, Block Group 1, Census Tract 9502, Essex County, Vermont","5","5","0"
"1000000US500099502001069","Block 1069, Block Group 1, Census Tract 9502, Essex County, Vermont","6","6","0"
"1000000US500099502001070","Block 1070, Block Group 1, Census Tract 9502, Essex County, Vermont","40","27","13"
"1000000US500099502001071","Block 1071, Block Group 1, Census Tract 9502, Essex County, Vermont","6","5","1"
"1000000US500099502001072","Block 1072, Block Group 1, Census Tract 9502, Essex County, Vermont","1","1","0"
"1000000US500099502001073","Block 1073, Block Group 1, Census Tract 9502, Essex County, Vermont","0","0","0"
"1000000US500099502001074","Block 1074, Block Group 1, Census Tract 9502, Essex County, Vermont","13","8","5"
"1000000US500099502001075","Block 1075, Block Group 1, Census Tract 9502, Essex County, Vermont","0","0","0"
"1000000US500099502001076","Block 1076, Block Group 1, Census Tract 9502, Essex County, Vermont","0","0","0"
"1000000US500099502001077","Block 1077, Block Group 1, Census Tract 9502, Essex County, Vermont","0","0","0"
"1000000US500099502001078","Block 1078, Block Group 1, Census Tract 9502, Essex County, Vermont","1","1","0"
"1000000US500099502001079","Block 1079, Block Group 1, Census Tract 9502, Essex County, Vermont","0","0","0"
"1000000US500099502001080","Block 1080, Block Group 1, Census Tract 9502, Essex County, Vermont","3","3","0"
"1000000US500099502001081","Block 1081, Block Group 1, Census Tract 9502, Essex County, Vermont","20","12","8"
"1000000US500099502001082","Block 1082, Block Group 1, Census Tract 9502, Essex County, Vermont","12","8","4"
"1000000US500099502001083","Block 1083, Block Group 1, Census Tract 9502, Essex County, Vermont","5","5","0"
"1000000US500099502001084","Block 1084, Block Group 1, Census Tract 9502, Essex County, Vermont","14","12","2"
"1000000US500099502001085","Block 1085, Block Group 1, Census Tract 9502, Essex County, Vermont","6","5","1"
"1000000US500099502001086","Block 1086, Block Group 1, Census Tract 9502, Essex County, Vermont","8","6","2"
"1000000US500099502001087","Block 1087, Block Group 1, Census Tract 9502, Essex County, Vermont","1","0","1"
"1000000US500099502001088","Block 1088, Block Group 1, Census Tract 9502, Essex County, Vermont","5","4","1"
"1000000US500099502001089","Block 1089, Block Group 1, Census Tract 9502, Essex County, Vermont","0","0","0"
"1000000US500099502001090","Block 1090, Block Group 1, Census Tract 9502, Essex County, Vermont","1","1","0"
"1000000US500099502001091","Block 1091, Block Group 1, Census Tract 9502, Essex County, Vermont","5","3","2"
"1000000US500099502001092","Block 1092, Block Group 1, Census Tract 9502, Essex County, Vermont","0","0","0"
"1000000US500099502001093","Block 1093, Block Group 1, Census Tract 9502, Essex County, Vermont","5","5","0"
"1000000US500099502001094","Block 1094, Block Group 1, Census Tract 9502, Essex County, Vermont","7","5","2"
"1000000US500099502001095","Block 1095, Block Group 1, Census Tract 9502, Essex County, Vermont","1","1","0"
"1000000US500099502001096","Block 1096, Block Group 1, Census Tract 9502, Essex County, Vermont","0","0","0"
"1000000US500099502001097","Block 1097, Block Group 1, Census Tract 9502, Essex County, Vermont","0","0","0"
"1000000US500099502001098","Block 1098, Block Group 1, Census Tract 9502, Essex County, Vermont","38","28","10"
"1000000US500099502001099","Block 1099, Block Group 1, Census Tract 9502, Essex County, Vermont","4","3","1"
"1000000US500099502001100","Block 1100, Block Group 1, Census Tract 9502, Essex County, Vermont","33","29","4"
"1000000US500099502001101","Block 1101, Block Group 1, Census Tract 9502, Essex County, Vermont","23","16","7"
"1000000US500099502001102","Block 1102, Block Group 1, Census Tract 9502, Essex County, Vermont","11","8","3"
"1000000US500099502001103","Block 1103, Block Group 1, Census Tract 9502, Essex County, Vermont","49","27","22"
"1000000US500099502001104","Block 1104, Block Group 1, Census Tract 9502, Essex County, Vermont","11","9","2"
"1000000US500099502001105","Block 1105, Block Group 1, Census Tract 9502, Essex County, Vermont","103","55","48"
"1000000US500099502001106","Block 1106, Block Group 1, Census Tract 9502, Essex County, Vermont","0","0","0"
"1000000US500099502001107","Block 1107, Block Group 1, Census Tract 9502, Essex County, Vermont","0","0","0"
"1000000US500099502001108","Block 1108, Block Group 1, Census Tract 9502, Essex County, Vermont","7","2","5"
"1000000US500099502001109","Block 1109, Block Group 1, Census Tract 9502, Essex County, Vermont","0","0","0"
"1000000US500099502001110","Block 1110, Block Group 1, Census Tract 9502, Essex County, Vermont","0","0","0"
"1000000US500099502001111","Block 1111, Block Group 1, Census Tract 9502, Essex County, Vermont","0","0","0"
"1000000US500099502001112","Block 1112, Block Group 1, Census Tract 9502, Essex County, Vermont","0","0","0"
"1000000US500099502001113","Block 1113, Block Group 1, Census Tract 9502, Essex County, Vermont","3","2","1"
"1000000US500099502001114","Block 1114, Block Group 1, Census Tract 9502, Essex County, Vermont","2","0","2"
"1000000US500099502001115","Block 1115, Block Group 1, Census Tract 9502, Essex County, Vermont","9","6","3"
"1000000US500099502001116","Block 1116, Block Group 1, Census Tract 9502, Essex County, Vermont","51","17","34"
"1000000US500099502001117","Block 1117, Block Group 1, Census Tract 9502, Essex County, Vermont","5","1","4"
"1000000US500099502001118","Block 1118, Block Group 1, Census Tract 9502, Essex County, Vermont","1","0","1"
"1000000US500099502001119","Block 1119, Block Group 1, Census Tract 9502, Essex County, Vermont","1","0","1"
"1000000US500099502001120","Block 1120, Block Group 1, Census Tract 9502, Essex County, Vermont","1","0","1"
"1000000US500099502001121","Block 1121, Block Group 1, Census Tract 9502, Essex County, Vermont","14","7","7"
"1000000US500099502001122","Block 1122, Block Group 1, Census Tract 9502, Essex County, Vermont","9","4","5"
"1000000US500099502001123","Block 1123, Block Group 1, Census Tract 9502, Essex County, Vermont","0","0","0"
"1000000US500099502001124","Block 1124, Block Group 1, Census Tract 9502, Essex County, Vermont","0","0","0"
"1000000US500099502001125","Block 1125, Block Group 1, Census Tract 9502, Essex County, Vermont","2","0","2"
"1000000US500099502001126","Block 1126, Block Group 1, Census Tract 9502, Essex County, Vermont","4","2","2"
"1000000US500099502001127","Block 1127, Block Group 1, Census Tract 9502, Essex County, Vermont","0","0","0"
"1000000US500099502001128","Block 1128, Block Group 1, Census Tract 9502, Essex County, Vermont","0","0","0"
"1000000US500099502001129","Block 1129, Block Group 1, Census Tract 9502, Essex County, Vermont","1","0","1"
"1000000US500099502001130","Block 1130, Block Group 1, Census Tract 9502, Essex County, Vermont","0","0","0"
"1000000US500099502001131","Block 1131, Block Group 1, Census Tract 9502, Essex County, Vermont","0","0","0"
"1000000US500099502001132","Block 1132, Block Group 1, Census Tract 9502, Essex County, Vermont","2","2","0"
"1000000US500099502001133","Block 1133, Block Group 1, Census Tract 9502, Essex County, Vermont","9","6","3"
"1000000US500099502001134","Block 1134, Block Group 1, Census Tract 9502, Essex County, Vermont","28","16","12"
"1000000US500099502001135","Block 1135, Block Group 1, Census Tract 9502, Essex County, Vermont","0","0","0"
"1000000US500099502001136","Block 1136, Block Group 1, Census Tract 9502, Essex County, Vermont","1","1","0"
"1000000US500099502001137","Block 1137, Block Group 1, Census Tract 9502, Essex County, Vermont","0","0","0"
"1000000US500099502001138","Block 1138, Block Group 1, Census Tract 9502, Essex County, Vermont","0","0","0"
"1000000US500099502001139","Block 1139, Block Group 1, Census Tract 9502, Essex County, Vermont","0","0","0"
"1000000US500099502001140","Block 1140, Block Group 1, Census Tract 9502, Essex County, Vermont","0","0","0"
"1000000US500099502001141","Block 1141, Block Group 1, Census Tract 9502, Essex County, Vermont","0","0","0"
"1000000US500099502001142","Block 1142, Block Group 1, Census Tract 9502, Essex County, Vermont","0","0","0"
"1000000US500099502001143","Block 1143, Block Group 1, Census Tract 9502, Essex County, Vermont","1","1","0"
"1000000US500099502001144","Block 1144, Block Group 1, Census Tract 9502, Essex County, Vermont","0","0","0"
"1000000US500099502001145","Block 1145, Block Group 1, Census Tract 9502, Essex County, Vermont","0","0","0"
"1000000US500099502001146","Block 1146, Block Group 1, Census Tract 9502, Essex County, Vermont","0","0","0"
"1000000US500099502001147","Block 1147, Block Group 1, Census Tract 9502, Essex County, Vermont","13","5","8"
"1000000US500099502001148","Block 1148, Block Group 1, Census Tract 9502, Essex County, Vermont","25","10","15"
"1000000US500099502001149","Block 1149, Block Group 1, Census Tract 9502, Essex County, Vermont","1","0","1"
"1000000US500099502001150","Block 1150, Block Group 1, Census Tract 9502, Essex County, Vermont","0","0","0"
"1000000US500099502001151","Block 1151, Block Group 1, Census Tract 9502, Essex County, Vermont","8","8","0"
"1000000US500099502001152","Block 1152, Block Group 1, Census Tract 9502, Essex County, Vermont","0","0","0"
"1000000US500099502001153","Block 1153, Block Group 1, Census Tract 9502, Essex County, Vermont","0","0","0"
"1000000US500099502001154","Block 1154, Block Group 1, Census Tract 9502, Essex County, Vermont","3","0","3"
"1000000US500099505001000","Block 1000, Block Group 1, Census Tract 9505, Essex County, Vermont","59","32","27"
"1000000US500099505001001","Block 1001, Block Group 1, Census Tract 9505, Essex County, Vermont","0","0","0"
"1000000US500099505001002","Block 1002, Block Group 1, Census Tract 9505, Essex County, Vermont","0","0","0"
"1000000US500099505001003","Block 1003, Block Group 1, Census Tract 9505, Essex County, Vermont","0","0","0"
"1000000US500099505001004","Block 1004, Block Group 1, Census Tract 9505, Essex County, Vermont","0","0","0"
"1000000US500099505001005","Block 1005, Block Group 1, Census Tract 9505, Essex County, Vermont","5","4","1"
"1000000US500099505001006","Block 1006, Block Group 1, Census Tract 9505, Essex County, Vermont","0","0","0"
"1000000US500099505001007","Block 1007, Block Group 1, Census Tract 9505, Essex County, Vermont","0","0","0"
"1000000US500099505001008","Block 1008, Block Group 1, Census Tract 9505, Essex County, Vermont","2","1","1"
"1000000US500099505001009","Block 1009, Block Group 1, Census Tract 9505, Essex County, Vermont","0","0","0"
"1000000US500099505001010","Block 1010, Block Group 1, Census Tract 9505, Essex County, Vermont","0","0","0"
"1000000US500099505001011","Block 1011, Block Group 1, Census Tract 9505, Essex County, Vermont","0","0","0"
"1000000US500099505001012","Block 1012, Block Group 1, Census Tract 9505, Essex County, Vermont","5","2","3"
"1000000US500099505001013","Block 1013, Block Group 1, Census Tract 9505, Essex County, Vermont","0","0","0"
"1000000US500099505001014","Block 1014, Block Group 1, Census Tract 9505, Essex County, Vermont","9","4","5"
"1000000US500099505001015","Block 1015, Block Group 1, Census Tract 9505, Essex County, Vermont","0","0","0"
"1000000US500099505001016","Block 1016, Block Group 1, Census Tract 9505, Essex County, Vermont","4","2","2"
"1000000US500099505001017","Block 1017, Block Group 1, Census Tract 9505, Essex County, Vermont","1","0","1"
"1000000US500099505001018","Block 1018, Block Group 1, Census Tract 9505, Essex County, Vermont","0","0","0"
"1000000US500099505001019","Block 1019, Block Group 1, Census Tract 9505, Essex County, Vermont","0","0","0"
"1000000US500099505001020","Block 1020, Block Group 1, Census Tract 9505, Essex County, Vermont","0","0","0"
"1000000US500099505001021","Block 1021, Block Group 1, Census Tract 9505, Essex County, Vermont","2","0","2"
"1000000US500099505001022","Block 1022, Block Group 1, Census Tract 9505, Essex County, Vermont","0","0","0"
"1000000US500099505001023","Block 1023, Block Group 1, Census Tract 9505, Essex County, Vermont","0","0","0"
"1000000US500099505001024","Block 1024, Block Group 1, Census Tract 9505, Essex County, Vermont","0","0","0"
"1000000US500099505001025","Block 1025, Block Group 1, Census Tract 9505, Essex County, Vermont","0","0","0"
"1000000US500099505001026","Block 1026, Block Group 1, Census Tract 9505, Essex County, Vermont","5","0","5"
"1000000US500099505001027","Block 1027, Block Group 1, Census Tract 9505, Essex County, Vermont","0","0","0"
"1000000US500099505001028","Block 1028, Block Group 1, Census Tract 9505, Essex County, Vermont","0","0","0"
"1000000US500099505001029","Block 1029, Block Group 1, Census Tract 9505, Essex County, Vermont","47","18","29"
"1000000US500099505001030","Block 1030, Block Group 1, Census Tract 9505, Essex County, Vermont","0","0","0"
"1000000US500099505001031","Block 1031, Block Group 1, Census Tract 9505, Essex County, Vermont","0","0","0"
"1000000US500099505001032","Block 1032, Block Group 1, Census Tract 9505, Essex County, Vermont","12","5","7"
"1000000US500099505001033","Block 1033, Block Group 1, Census Tract 9505, Essex County, Vermont","0","0","0"
"1000000US500099505001034","Block 1034, Block Group 1, Census Tract 9505, Essex County, Vermont","0","0","0"
"1000000US500099505001035","Block 1035, Block Group 1, Census Tract 9505, Essex County, Vermont","0","0","0"
"1000000US500099505001036","Block 1036, Block Group 1, Census Tract 9505, Essex County, Vermont","0","0","0"
"1000000US500099505001037","Block 1037, Block Group 1, Census Tract 9505, Essex County, Vermont","0","0","0"
"1000000US500099505001038","Block 1038, Block Group 1, Census Tract 9505, Essex County, Vermont","0","0","0"
"1000000US500099505001039","Block 1039, Block Group 1, Census Tract 9505, Essex County, Vermont","0","0","0"
"1000000US500099505001040","Block 1040, Block Group 1, Census Tract 9505, Essex County, Vermont","37","22","15"
"1000000US500099505001041","Block 1041, Block Group 1, Census Tract 9505, Essex County, Vermont","0","0","0"
"1000000US500099505001042","Block 1042, Block Group 1, Census Tract 9505, Essex County, Vermont","0","0","0"
"1000000US500099505001043","Block 1043, Block Group 1, Census Tract 9505, Essex County, Vermont","10","10","0"
"1000000US500099505001044","Block 1044, Block Group 1, Census Tract 9505, Essex County, Vermont","1","1","0"
"1000000US500099505001045","Block 1045, Block Group 1, Census Tract 9505, Essex County, Vermont","0","0","0"
"1000000US500099505001046","Block 1046, Block Group 1, Census Tract 9505, Essex County, Vermont","0","0","0"
"1000000US500099505001047","Block 1047, Block Group 1, Census Tract 9505, Essex County, Vermont","0","0","0"
"1000000US500099505001048","Block 1048, Block Group 1, Census Tract 9505, Essex County, Vermont","3","3","0"
"1000000US500099505001049","Block 1049, Block Group 1, Census Tract 9505, Essex County, Vermont","3","2","1"
"1000000US500099505001050","Block 1050, Block Group 1, Census Tract 9505, Essex County, Vermont","1","1","0"
"1000000US500099505001051","Block 1051, Block Group 1, Census Tract 9505, Essex County, Vermont","0","0","0"
"1000000US500099505001052","Block 1052, Block Group 1, Census Tract 9505, Essex County, Vermont","0","0","0"
"1000000US500099505001053","Block 1053, Block Group 1, Census Tract 9505, Essex County, Vermont","0","0","0"
"1000000US500099505001054","Block 1054, Block Group 1, Census Tract 9505, Essex County, Vermont","0","0","0"
"1000000US500099505001055","Block 1055, Block Group 1, Census Tract 9505, Essex County, Vermont","0","0","0"
"1000000US500099505001056","Block 1056, Block Group 1, Census Tract 9505, Essex County, Vermont","1","1","0"
"1000000US500099505001057","Block 1057, Block Group 1, Census Tract 9505, Essex County, Vermont","5","2","3"
"1000000US500099505001058","Block 1058, Block Group 1, Census Tract 9505, Essex County, Vermont","24","17","7"
"1000000US500099505001059","Block 1059, Block Group 1, Census Tract 9505, Essex County, Vermont","1","1","0"
"1000000US500099505001060","Block 1060, Block Group 1, Census Tract 9505, Essex County, Vermont","7","0","7"
"1000000US500099505001061","Block 1061, Block Group 1, Census Tract 9505, Essex County, Vermont","9","3","6"
"1000000US500099505001062","Block 1062, Block Group 1, Census Tract 9505, Essex County, Vermont","1","0","1"
"1000000US500099505001063","Block 1063, Block Group 1, Census Tract 9505, Essex County, Vermont","7","5","2"
"1000000US500099505001064","Block 1064, Block Group 1, Census Tract 9505, Essex County, Vermont","0","0","0"
"1000000US500099505001065","Block 1065, Block Group 1, Census Tract 9505, Essex County, Vermont","1","1","0"
"1000000US500099505001066","Block 1066, Block Group 1, Census Tract 9505, Essex County, Vermont","8","2","6"
"1000000US500099505001067","Block 1067, Block Group 1, Census Tract 9505, Essex County, Vermont","10","4","6"
"1000000US500099505001068","Block 1068, Block Group 1, Census Tract 9505, Essex County, Vermont","4","4","0"
"1000000US500099505001069","Block 1069, Block Group 1, Census Tract 9505, Essex County, Vermont","8","6","2"
"1000000US500099505001070","Block 1070, Block Group 1, Census Tract 9505, Essex County, Vermont","1","1","0"
"1000000US500099505001071","Block 1071, Block Group 1, Census Tract 9505, Essex County, Vermont","13","5","8"
"1000000US500099505001072","Block 1072, Block Group 1, Census Tract 9505, Essex County, Vermont","0","0","0"
"1000000US500099505001073","Block 1073, Block Group 1, Census Tract 9505, Essex County, Vermont","1","1","0"
"1000000US500099505001074","Block 1074, Block Group 1, Census Tract 9505, Essex County, Vermont","4","3","1"
"1000000US500099505001075","Block 1075, Block Group 1, Census Tract 9505, Essex County, Vermont","6","5","1"
"1000000US500099505001076","Block 1076, Block Group 1, Census Tract 9505, Essex County, Vermont","0","0","0"
"1000000US500099505001077","Block 1077, Block Group 1, Census Tract 9505, Essex County, Vermont","15","10","5"
"1000000US500099505001078","Block 1078, Block Group 1, Census Tract 9505, Essex County, Vermont","0","0","0"
"1000000US500099505001079","Block 1079, Block Group 1, Census Tract 9505, Essex County, Vermont","2","2","0"
"1000000US500099505001080","Block 1080, Block Group 1, Census Tract 9505, Essex County, Vermont","0","0","0"
"1000000US500099505001081","Block 1081, Block Group 1, Census Tract 9505, Essex County, Vermont","0","0","0"
"1000000US500099505001082","Block 1082, Block Group 1, Census Tract 9505, Essex County, Vermont","0","0","0"
"1000000US500099505001083","Block 1083, Block Group 1, Census Tract 9505, Essex County, Vermont","0","0","0"
"1000000US500099505001084","Block 1084, Block Group 1, Census Tract 9505, Essex County, Vermont","0","0","0"
"1000000US500099505001085","Block 1085, Block Group 1, Census Tract 9505, Essex County, Vermont","0","0","0"
"1000000US500099505001086","Block 1086, Block Group 1, Census Tract 9505, Essex County, Vermont","0","0","0"
"1000000US500099505001087","Block 1087, Block Group 1, Census Tract 9505, Essex County, Vermont","4","3","1"
"1000000US500099505001088","Block 1088, Block Group 1, Census Tract 9505, Essex County, Vermont","0","0","0"
"1000000US500099505001089","Block 1089, Block Group 1, Census Tract 9505, Essex County, Vermont","0","0","0"
"1000000US500099505001090","Block 1090, Block Group 1, Census Tract 9505, Essex County, Vermont","0","0","0"
"1000000US500099505001091","Block 1091, Block Group 1, Census Tract 9505, Essex County, Vermont","0","0","0"
"1000000US500099505001092","Block 1092, Block Group 1, Census Tract 9505, Essex County, Vermont","0","0","0"
"1000000US500099505001093","Block 1093, Block Group 1, Census Tract 9505, Essex County, Vermont","0","0","0"
"1000000US500099505001094","Block 1094, Block Group 1, Census Tract 9505, Essex County, Vermont","5","4","1"
"1000000US500099505001095","Block 1095, Block Group 1, Census Tract 9505, Essex County, Vermont","3","1","2"
"1000000US500099505001096","Block 1096, Block Group 1, Census Tract 9505, Essex County, Vermont","1","1","0"
"1000000US500099505001097","Block 1097, Block Group 1, Census Tract 9505, Essex County, Vermont","36","26","10"
"1000000US500099505001098","Block 1098, Block Group 1, Census Tract 9505, Essex County, Vermont","13","12","1"
"1000000US500099505001099","Block 1099, Block Group 1, Census Tract 9505, Essex County, Vermont","56","31","25"
"1000000US500099505001100","Block 1100, Block Group 1, Census Tract 9505, Essex County, Vermont","15","14","1"
"1000000US500099505001101","Block 1101, Block Group 1, Census Tract 9505, Essex County, Vermont","1","0","1"
"1000000US500099505001102","Block 1102, Block Group 1, Census Tract 9505, Essex County, Vermont","0","0","0"
"1000000US500099505001103","Block 1103, Block Group 1, Census Tract 9505, Essex County, Vermont","5","5","0"
"1000000US500099505001104","Block 1104, Block Group 1, Census Tract 9505, Essex County, Vermont","0","0","0"
"1000000US500099505001105","Block 1105, Block Group 1, Census Tract 9505, Essex County, Vermont","0","0","0"
"1000000US500099505001106","Block 1106, Block Group 1, Census Tract 9505, Essex County, Vermont","0","0","0"
"1000000US500099505001107","Block 1107, Block Group 1, Census Tract 9505, Essex County, Vermont","0","0","0"
"1000000US500099505001108","Block 1108, Block Group 1, Census Tract 9505, Essex County, Vermont","15","13","2"
"1000000US500099505001109","Block 1109, Block Group 1, Census Tract 9505, Essex County, Vermont","1","1","0"
"1000000US500099505001110","Block 1110, Block Group 1, Census Tract 9505, Essex County, Vermont","8","5","3"
"1000000US500099505001111","Block 1111, Block Group 1, Census Tract 9505, Essex County, Vermont","0","0","0"
"1000000US500099505001112","Block 1112, Block Group 1, Census Tract 9505, Essex County, Vermont","0","0","0"
"1000000US500099505001113","Block 1113, Block Group 1, Census Tract 9505, Essex County, Vermont","2","2","0"
"1000000US500099505001114","Block 1114, Block Group 1, Census Tract 9505, Essex County, Vermont","0","0","0"
"1000000US500099505001115","Block 1115, Block Group 1, Census Tract 9505, Essex County, Vermont","0","0","0"
"1000000US500099505001116","Block 1116, Block Group 1, Census Tract 9505, Essex County, Vermont","13","9","4"
"1000000US500099505001117","Block 1117, Block Group 1, Census Tract 9505, Essex County, Vermont","0","0","0"
"1000000US500099505001118","Block 1118, Block Group 1, Census Tract 9505, Essex County, Vermont","0","0","0"
"1000000US500099505001119","Block 1119, Block Group 1, Census Tract 9505, Essex County, Vermont","1","1","0"
"1000000US500099505001120","Block 1120, Block Group 1, Census Tract 9505, Essex County, Vermont","6","4","2"
"1000000US500099505001121","Block 1121, Block Group 1, Census Tract 9505, Essex County, Vermont","0","0","0"
"1000000US500099505001122","Block 1122, Block Group 1, Census Tract 9505, Essex County, Vermont","0","0","0"
"1000000US500099505001123","Block 1123, Block Group 1, Census Tract 9505, Essex County, Vermont","1","0","1"
"1000000US500099505001124","Block 1124, Block Group 1, Census Tract 9505, Essex County, Vermont","5","4","1"
"1000000US500099505001125","Block 1125, Block Group 1, Census Tract 9505, Essex County, Vermont","0","0","0"
"1000000US500099505001126","Block 1126, Block Group 1, Census Tract 9505, Essex County, Vermont","0","0","0"
"1000000US500099505001127","Block 1127, Block Group 1, Census Tract 9505, Essex County, Vermont","0","0","0"
"1000000US500099505001128","Block 1128, Block Group 1, Census Tract 9505, Essex County, Vermont","0","0","0"
"1000000US500099505001129","Block 1129, Block Group 1, Census Tract 9505, Essex County, Vermont","0","0","0"
"1000000US500099505001130","Block 1130, Block Group 1, Census Tract 9505, Essex County, Vermont","12","5","7"
"1000000US500099505001131","Block 1131, Block Group 1, Census Tract 9505, Essex County, Vermont","15","11","4"
"1000000US500099505001132","Block 1132, Block Group 1, Census Tract 9505, Essex County, Vermont","3","2","1"
"1000000US500099505001133","Block 1133, Block Group 1, Census Tract 9505, Essex County, Vermont","17","13","4"
"1000000US500099505001134","Block 1134, Block Group 1, Census Tract 9505, Essex County, Vermont","1","1","0"
"1000000US500099505001135","Block 1135, Block Group 1, Census Tract 9505, Essex County, Vermont","0","0","0"
"1000000US500099505001136","Block 1136, Block Group 1, Census Tract 9505, Essex County, Vermont","0","0","0"
"1000000US500099505001137","Block 1137, Block Group 1, Census Tract 9505, Essex County, Vermont","0","0","0"
"1000000US500099505001138","Block 1138, Block Group 1, Census Tract 9505, Essex County, Vermont","0","0","0"
"1000000US500099505001139","Block 1139, Block Group 1, Census Tract 9505, Essex County, Vermont","0","0","0"
"1000000US500099505001140","Block 1140, Block Group 1, Census Tract 9505, Essex County, Vermont","0","0","0"
"1000000US500099505001141","Block 1141, Block Group 1, Census Tract 9505, Essex County, Vermont","0","0","0"
"1000000US500099505001142","Block 1142, Block Group 1, Census Tract 9505, Essex County, Vermont","0","0","0"
"1000000US500099505001143","Block 1143, Block Group 1, Census Tract 9505, Essex County, Vermont","1","1","0"
"1000000US500099505001144","Block 1144, Block Group 1, Census Tract 9505, Essex County, Vermont","0","0","0"
"1000000US500099505001145","Block 1145, Block Group 1, Census Tract 9505, Essex County, Vermont","0","0","0"
"1000000US500099505001146","Block 1146, Block Group 1, Census Tract 9505, Essex County, Vermont","0","0","0"
"1000000US500099505001147","Block 1147, Block Group 1, Census Tract 9505, Essex County, Vermont","0","0","0"
"1000000US500099505001148","Block 1148, Block Group 1, Census Tract 9505, Essex County, Vermont","0","0","0"
"1000000US500099505001149","Block 1149, Block Group 1, Census Tract 9505, Essex County, Vermont","7","3","4"
"1000000US500099505001150","Block 1150, Block Group 1, Census Tract 9505, Essex County, Vermont","3","0","3"
"1000000US500099505001151","Block 1151, Block Group 1, Census Tract 9505, Essex County, Vermont","0","0","0"
"1000000US500099505001152","Block 1152, Block Group 1, Census Tract 9505, Essex County, Vermont","5","3","2"
"1000000US500099505001153","Block 1153, Block Group 1, Census Tract 9505, Essex County, Vermont","11","2","9"
"1000000US500099505001154","Block 1154, Block Group 1, Census Tract 9505, Essex County, Vermont","0","0","0"
"1000000US500099505001155","Block 1155, Block Group 1, Census Tract 9505, Essex County, Vermont","32","25","7"
"1000000US500099505001156","Block 1156, Block Group 1, Census Tract 9505, Essex County, Vermont","2","0","2"
"1000000US500099505001157","Block 1157, Block Group 1, Census Tract 9505, Essex County, Vermont","4","2","2"
"1000000US500099505001158","Block 1158, Block Group 1, Census Tract 9505, Essex County, Vermont","0","0","0"
"1000000US500099505001159","Block 1159, Block Group 1, Census Tract 9505, Essex County, Vermont","5","1","4"
"1000000US500099505001160","Block 1160, Block Group 1, Census Tract 9505, Essex County, Vermont","0","0","0"
"1000000US500099505001161","Block 1161, Block Group 1, Census Tract 9505, Essex County, Vermont","0","0","0"
"1000000US500099505001162","Block 1162, Block Group 1, Census Tract 9505, Essex County, Vermont","0","0","0"
"1000000US500099505001163","Block 1163, Block Group 1, Census Tract 9505, Essex County, Vermont","67","10","57"
"1000000US500099505001164","Block 1164, Block Group 1, Census Tract 9505, Essex County, Vermont","0","0","0"
"1000000US500099505001165","Block 1165, Block Group 1, Census Tract 9505, Essex County, Vermont","0","0","0"
"1000000US500099505001166","Block 1166, Block Group 1, Census Tract 9505, Essex County, Vermont","0","0","0"
"1000000US500099505001167","Block 1167, Block Group 1, Census Tract 9505, Essex County, Vermont","37","22","15"
"1000000US500099505001168","Block 1168, Block Group 1, Census Tract 9505, Essex County, Vermont","0","0","0"
"1000000US500099505001169","Block 1169, Block Group 1, Census Tract 9505, Essex County, Vermont","0","0","0"
"1000000US500099505001170","Block 1170, Block Group 1, Census Tract 9505, Essex County, Vermont","0","0","0"
"1000000US500099505001171","Block 1171, Block Group 1, Census Tract 9505, Essex County, Vermont","9","8","1"
"1000000US500099505001172","Block 1172, Block Group 1, Census Tract 9505, Essex County, Vermont","10","8","2"
"1000000US500099505001173","Block 1173, Block Group 1, Census Tract 9505, Essex County, Vermont","5","5","0"
"1000000US500099505001174","Block 1174, Block Group 1, Census Tract 9505, Essex County, Vermont","2","2","0"
"1000000US500099505001175","Block 1175, Block Group 1, Census Tract 9505, Essex County, Vermont","35","30","5"
"1000000US500099505001176","Block 1176, Block Group 1, Census Tract 9505, Essex County, Vermont","0","0","0"
"1000000US500099505001177","Block 1177, Block Group 1, Census Tract 9505, Essex County, Vermont","9","8","1"
"1000000US500099505001178","Block 1178, Block Group 1, Census Tract 9505, Essex County, Vermont","33","8","25"
"1000000US500099505001179","Block 1179, Block Group 1, Census Tract 9505, Essex County, Vermont","0","0","0"
"1000000US500099505001180","Block 1180, Block Group 1, Census Tract 9505, Essex County, Vermont","0","0","0"
"1000000US500099505001181","Block 1181, Block Group 1, Census Tract 9505, Essex County, Vermont","11","4","7"
"1000000US500099505001182","Block 1182, Block Group 1, Census Tract 9505, Essex County, Vermont","0","0","0"
"1000000US500099505001183","Block 1183, Block Group 1, Census Tract 9505, Essex County, Vermont","0","0","0"
"1000000US500099505001184","Block 1184, Block Group 1, Census Tract 9505, Essex County, Vermont","0","0","0"
"1000000US500099505001185","Block 1185, Block Group 1, Census Tract 9505, Essex County, Vermont","0","0","0"
"1000000US500099505001186","Block 1186, Block Group 1, Census Tract 9505, Essex County, Vermont","0","0","0"
"1000000US500099505001187","Block 1187, Block Group 1, Census Tract 9505, Essex County, Vermont","0","0","0"
"1000000US500099505001188","Block 1188, Block Group 1, Census Tract 9505, Essex County, Vermont","0","0","0"
"1000000US500099505001189","Block 1189, Block Group 1, Census Tract 9505, Essex County, Vermont","1","1","0"
"1000000US500099505001190","Block 1190, Block Group 1, Census Tract 9505, Essex County, Vermont","22","20","2"
"1000000US500099505001191","Block 1191, Block Group 1, Census Tract 9505, Essex County, Vermont","0","0","0"
"1000000US500099505001192","Block 1192, Block Group 1, Census Tract 9505, Essex County, Vermont","0","0","0"
"1000000US500099505001193","Block 1193, Block Group 1, Census Tract 9505, Essex County, Vermont","0","0","0"
"1000000US500099505001194","Block 1194, Block Group 1, Census Tract 9505, Essex County, Vermont","0","0","0"
"1000000US500099505001195","Block 1195, Block Group 1, Census Tract 9505, Essex County, Vermont","0","0","0"
"1000000US500099505001196","Block 1196, Block Group 1, Census Tract 9505, Essex County, Vermont","8","7","1"
"1000000US500099505001197","Block 1197, Block Group 1, Census Tract 9505, Essex County, Vermont","0","0","0"
"1000000US500099505002000","Block 2000, Block Group 2, Census Tract 9505, Essex County, Vermont","14","12","2"
"1000000US500099505002001","Block 2001, Block Group 2, Census Tract 9505, Essex County, Vermont","1","1","0"
"1000000US500099505002002","Block 2002, Block Group 2, Census Tract 9505, Essex County, Vermont","0","0","0"
"1000000US500099505002003","Block 2003, Block Group 2, Census Tract 9505, Essex County, Vermont","0","0","0"
"1000000US500099505002004","Block 2004, Block Group 2, Census Tract 9505, Essex County, Vermont","0","0","0"
"1000000US500099505002005","Block 2005, Block Group 2, Census Tract 9505, Essex County, Vermont","11","9","2"
"1000000US500099505002006","Block 2006, Block Group 2, Census Tract 9505, Essex County, Vermont","4","1","3"
"1000000US500099505002007","Block 2007, Block Group 2, Census Tract 9505, Essex County, Vermont","35","27","8"
"1000000US500099505002008","Block 2008, Block Group 2, Census Tract 9505, Essex County, Vermont","13","9","4"
"1000000US500099505002009","Block 2009, Block Group 2, Census Tract 9505, Essex County, Vermont","1","0","1"
"1000000US500099505002010","Block 2010, Block Group 2, Census Tract 9505, Essex County, Vermont","0","0","0"
"1000000US500099505002011","Block 2011, Block Group 2, Census Tract 9505, Essex County, Vermont","0","0","0"
"1000000US500099505002012","Block 2012, Block Group 2, Census Tract 9505, Essex County, Vermont","0","0","0"
"1000000US500099505002013","Block 2013, Block Group 2, Census Tract 9505, Essex County, Vermont","10","9","1"
"1000000US500099505002014","Block 2014, Block Group 2, Census Tract 9505, Essex County, Vermont","11","5","6"
"1000000US500099505002015","Block 2015, Block Group 2, Census Tract 9505, Essex County, Vermont","20","1","19"
"1000000US500099505002016","Block 2016, Block Group 2, Census Tract 9505, Essex County, Vermont","34","26","8"
"1000000US500099505002017","Block 2017, Block Group 2, Census Tract 9505, Essex County, Vermont","2","2","0"
"1000000US500099505002018","Block 2018, Block Group 2, Census Tract 9505, Essex County, Vermont","73","15","58"
"1000000US500099505002019","Block 2019, Block Group 2, Census Tract 9505, Essex County, Vermont","0","0","0"
"1000000US500099505002020","Block 2020, Block Group 2, Census Tract 9505, Essex County, Vermont","0","0","0"
"1000000US500099505002021","Block 2021, Block Group 2, Census Tract 9505, Essex County, Vermont","0","0","0"
"1000000US500099505002022","Block 2022, Block Group 2, Census Tract 9505, Essex County, Vermont","0","0","0"
"1000000US500099505002023","Block 2023, Block Group 2, Census Tract 9505, Essex County, Vermont","0","0","0"
"1000000US500099505002024","Block 2024, Block Group 2, Census Tract 9505, Essex County, Vermont","9","1","8"
"1000000US500099505002025","Block 2025, Block Group 2, Census Tract 9505, Essex County, Vermont","0","0","0"
"1000000US500099505002026","Block 2026, Block Group 2, Census Tract 9505, Essex County, Vermont","0","0","0"
"1000000US500099505002027","Block 2027, Block Group 2, Census Tract 9505, Essex County, Vermont","6","2","4"
"1000000US500099505002028","Block 2028, Block Group 2, Census Tract 9505, Essex County, Vermont","14","12","2"
"1000000US500099505002029","Block 2029, Block Group 2, Census Tract 9505, Essex County, Vermont","4","4","0"
"1000000US500099505002030","Block 2030, Block Group 2, Census Tract 9505, Essex County, Vermont","31","29","2"
"1000000US500099505002031","Block 2031, Block Group 2, Census Tract 9505, Essex County, Vermont","5","5","0"
"1000000US500099505002032","Block 2032, Block Group 2, Census Tract 9505, Essex County, Vermont","0","0","0"
"1000000US500099505002033","Block 2033, Block Group 2, Census Tract 9505, Essex County, Vermont","0","0","0"
"1000000US500099505002034","Block 2034, Block Group 2, Census Tract 9505, Essex County, Vermont","11","10","1"
"1000000US500099505002035","Block 2035, Block Group 2, Census Tract 9505, Essex County, Vermont","4","3","1"
"1000000US500099505002036","Block 2036, Block Group 2, Census Tract 9505, Essex County, Vermont","0","0","0"
"1000000US500099505002037","Block 2037, Block Group 2, Census Tract 9505, Essex County, Vermont","0","0","0"
"1000000US500099505002038","Block 2038, Block Group 2, Census Tract 9505, Essex County, Vermont","0","0","0"
"1000000US500099505002039","Block 2039, Block Group 2, Census Tract 9505, Essex County, Vermont","2","1","1"
"1000000US500099505002040","Block 2040, Block Group 2, Census Tract 9505, Essex County, Vermont","5","4","1"
"1000000US500099505002041","Block 2041, Block Group 2, Census Tract 9505, Essex County, Vermont","0","0","0"
"1000000US500099505002042","Block 2042, Block Group 2, Census Tract 9505, Essex County, Vermont","0","0","0"
"1000000US500099505002043","Block 2043, Block Group 2, Census Tract 9505, Essex County, Vermont","0","0","0"
"1000000US500099505002044","Block 2044, Block Group 2, Census Tract 9505, Essex County, Vermont","0","0","0"
"1000000US500099505002045","Block 2045, Block Group 2, Census Tract 9505, Essex County, Vermont","6","5","1"
"1000000US500099505002046","Block 2046, Block Group 2, Census Tract 9505, Essex County, Vermont","0","0","0"
"1000000US500099505002047","Block 2047, Block Group 2, Census Tract 9505, Essex County, Vermont","28","26","2"
"1000000US500099505002048","Block 2048, Block Group 2, Census Tract 9505, Essex County, Vermont","0","0","0"
"1000000US500099505002049","Block 2049, Block Group 2, Census Tract 9505, Essex County, Vermont","0","0","0"
"1000000US500099505002050","Block 2050, Block Group 2, Census Tract 9505, Essex County, Vermont","3","3","0"
"1000000US500099505002051","Block 2051, Block Group 2, Census Tract 9505, Essex County, Vermont","0","0","0"
"1000000US500099505002052","Block 2052, Block Group 2, Census Tract 9505, Essex County, Vermont","0","0","0"
"1000000US500099505002053","Block 2053, Block Group 2, Census Tract 9505, Essex County, Vermont","1","1","0"
"1000000US500099505002054","Block 2054, Block Group 2, Census Tract 9505, Essex County, Vermont","5","5","0"
"1000000US500099505002055","Block 2055, Block Group 2, Census Tract 9505, Essex County, Vermont","6","5","1"
"1000000US500099505002056","Block 2056, Block Group 2, Census Tract 9505, Essex County, Vermont","2","1","1"
"1000000US500099505002057","Block 2057, Block Group 2, Census Tract 9505, Essex County, Vermont","0","0","0"
"1000000US500099505002058","Block 2058, Block Group 2, Census Tract 9505, Essex County, Vermont","0","0","0"
"1000000US500099505002059","Block 2059, Block Group 2, Census Tract 9505, Essex County, Vermont","0","0","0"
"1000000US500099505002060","Block 2060, Block Group 2, Census Tract 9505, Essex County, Vermont","14","9","5"
"1000000US500099505002061","Block 2061, Block Group 2, Census Tract 9505, Essex County, Vermont","0","0","0"
"1000000US500099505002062","Block 2062, Block Group 2, Census Tract 9505, Essex County, Vermont","0","0","0"
"1000000US500099505002063","Block 2063, Block Group 2, Census Tract 9505, Essex County, Vermont","0","0","0"
"1000000US500099505002064","Block 2064, Block Group 2, Census Tract 9505, Essex County, Vermont","0","0","0"
"1000000US500099505002065","Block 2065, Block Group 2, Census Tract 9505, Essex County, Vermont","2","1","1"
"1000000US500099505002066","Block 2066, Block Group 2, Census Tract 9505, Essex County, Vermont","42","38","4"
"1000000US500099505002067","Block 2067, Block Group 2, Census Tract 9505, Essex County, Vermont","12","12","0"
"1000000US500099505002068","Block 2068, Block Group 2, Census Tract 9505, Essex County, Vermont","12","10","2"
"1000000US500099505002069","Block 2069, Block Group 2, Census Tract 9505, Essex County, Vermont","10","9","1"
"1000000US500099505002070","Block 2070, Block Group 2, Census Tract 9505, Essex County, Vermont","0","0","0"
"1000000US500099505002071","Block 2071, Block Group 2, Census Tract 9505, Essex County, Vermont","0","0","0"
"1000000US500099505002072","Block 2072, Block Group 2, Census Tract 9505, Essex County, Vermont","0","0","0"
"1000000US500099505002073","Block 2073, Block Group 2, Census Tract 9505, Essex County, Vermont","0","0","0"
"1000000US500099505002074","Block 2074, Block Group 2, Census Tract 9505, Essex County, Vermont","0","0","0"
"1000000US500099505002075","Block 2075, Block Group 2, Census Tract 9505, Essex County, Vermont","0","0","0"
"1000000US500099505002076","Block 2076, Block Group 2, Census Tract 9505, Essex County, Vermont","1","1","0"
"1000000US500099505002077","Block 2077, Block Group 2, Census Tract 9505, Essex County, Vermont","1","1","0"
"1000000US500099505002078","Block 2078, Block Group 2, Census Tract 9505, Essex County, Vermont","0","0","0"
"1000000US500099505002079","Block 2079, Block Group 2, Census Tract 9505, Essex County, Vermont","2","2","0"
"1000000US500099505002080","Block 2080, Block Group 2, Census Tract 9505, Essex County, Vermont","2","2","0"
"1000000US500099505002081","Block 2081, Block Group 2, Census Tract 9505, Essex County, Vermont","0","0","0"
"1000000US500099505002082","Block 2082, Block Group 2, Census Tract 9505, Essex County, Vermont","0","0","0"
"1000000US500099505002083","Block 2083, Block Group 2, Census Tract 9505, Essex County, Vermont","15","15","0"
"1000000US500099505002084","Block 2084, Block Group 2, Census Tract 9505, Essex County, Vermont","0","0","0"
"1000000US500099505002085","Block 2085, Block Group 2, Census Tract 9505, Essex County, Vermont","4","3","1"
"1000000US500099505002086","Block 2086, Block Group 2, Census Tract 9505, Essex County, Vermont","8","8","0"
"1000000US500099505002087","Block 2087, Block Group 2, Census Tract 9505, Essex County, Vermont","1","1","0"
"1000000US500099505002088","Block 2088, Block Group 2, Census Tract 9505, Essex County, Vermont","14","11","3"
"1000000US500099505002089","Block 2089, Block Group 2, Census Tract 9505, Essex County, Vermont","5","5","0"
"1000000US500099505002090","Block 2090, Block Group 2, Census Tract 9505, Essex County, Vermont","2","2","0"
"1000000US500099505002091","Block 2091, Block Group 2, Census Tract 9505, Essex County, Vermont","0","0","0"
"1000000US500099505002092","Block 2092, Block Group 2, Census Tract 9505, Essex County, Vermont","16","15","1"
"1000000US500099505002093","Block 2093, Block Group 2, Census Tract 9505, Essex County, Vermont","9","7","2"
"1000000US500099505002094","Block 2094, Block Group 2, Census Tract 9505, Essex County, Vermont","12","7","5"
"1000000US500099505002095","Block 2095, Block Group 2, Census Tract 9505, Essex County, Vermont","5","1","4"
"1000000US500099505002096","Block 2096, Block Group 2, Census Tract 9505, Essex County, Vermont","0","0","0"
"1000000US500099505002097","Block 2097, Block Group 2, Census Tract 9505, Essex County, Vermont","6","1","5"
"1000000US500099505002098","Block 2098, Block Group 2, Census Tract 9505, Essex County, Vermont","9","2","7"
"1000000US500099505002099","Block 2099, Block Group 2, Census Tract 9505, Essex County, Vermont","0","0","0"
"1000000US500099505002100","Block 2100, Block Group 2, Census Tract 9505, Essex County, Vermont","8","6","2"
"1000000US500099505002101","Block 2101, Block Group 2, Census Tract 9505, Essex County, Vermont","1","1","0"
"1000000US500099505002102","Block 2102, Block Group 2, Census Tract 9505, Essex County, Vermont","1","0","1"
"1000000US500099505002103","Block 2103, Block Group 2, Census Tract 9505, Essex County, Vermont","6","5","1"
"1000000US500099505002104","Block 2104, Block Group 2, Census Tract 9505, Essex County, Vermont","3","2","1"
"1000000US500099505002105","Block 2105, Block Group 2, Census Tract 9505, Essex County, Vermont","0","0","0"
"1000000US500099505002106","Block 2106, Block Group 2, Census Tract 9505, Essex County, Vermont","1","1","0"
"1000000US500099505002107","Block 2107, Block Group 2, Census Tract 9505, Essex County, Vermont","7","7","0"
"1000000US500099505002108","Block 2108, Block Group 2, Census Tract 9505, Essex County, Vermont","3","3","0"
"1000000US500099505002109","Block 2109, Block Group 2, Census Tract 9505, Essex County, Vermont","5","5","0"
"1000000US500099505002110","Block 2110, Block Group 2, Census Tract 9505, Essex County, Vermont","5","5","0"
"1000000US500099505002111","Block 2111, Block Group 2, Census Tract 9505, Essex County, Vermont","6","6","0"
"1000000US500099505002112","Block 2112, Block Group 2, Census Tract 9505, Essex County, Vermont","0","0","0"
"1000000US500099505002113","Block 2113, Block Group 2, Census Tract 9505, Essex County, Vermont","4","2","2"
"1000000US500099505002114","Block 2114, Block Group 2, Census Tract 9505, Essex County, Vermont","3","1","2"
"1000000US500099505002115","Block 2115, Block Group 2, Census Tract 9505, Essex County, Vermont","0","0","0"
"1000000US500099505002116","Block 2116, Block Group 2, Census Tract 9505, Essex County, Vermont","0","0","0"
"1000000US500099505002117","Block 2117, Block Group 2, Census Tract 9505, Essex County, Vermont","0","0","0"
"1000000US500099505002118","Block 2118, Block Group 2, Census Tract 9505, Essex County, Vermont","0","0","0"
"1000000US500099505002119","Block 2119, Block Group 2, Census Tract 9505, Essex County, Vermont","0","0","0"
"1000000US500099505002120","Block 2120, Block Group 2, Census Tract 9505, Essex County, Vermont","1","0","1"
"1000000US500099505002121","Block 2121, Block Group 2, Census Tract 9505, Essex County, Vermont","2","0","2"
"1000000US500099505002122","Block 2122, Block Group 2, Census Tract 9505, Essex County, Vermont","0","0","0"
"1000000US500099505002123","Block 2123, Block Group 2, Census Tract 9505, Essex County, Vermont","3","0","3"
"1000000US500099505002124","Block 2124, Block Group 2, Census Tract 9505, Essex County, Vermont","3","0","3"
"1000000US500099505002125","Block 2125, Block Group 2, Census Tract 9505, Essex County, Vermont","1","0","1"
"1000000US500099505002126","Block 2126, Block Group 2, Census Tract 9505, Essex County, Vermont","6","0","6"
"1000000US500099505002127","Block 2127, Block Group 2, Census Tract 9505, Essex County, Vermont","8","1","7"
"1000000US500099505002128","Block 2128, Block Group 2, Census Tract 9505, Essex County, Vermont","43","26","17"
"1000000US500099505002129","Block 2129, Block Group 2, Census Tract 9505, Essex County, Vermont","0","0","0"
"1000000US500099505002130","Block 2130, Block Group 2, Census Tract 9505, Essex County, Vermont","0","0","0"
"1000000US500099505002131","Block 2131, Block Group 2, Census Tract 9505, Essex County, Vermont","12","6","6"
"1000000US500099505002132","Block 2132, Block Group 2, Census Tract 9505, Essex County, Vermont","0","0","0"
"1000000US500099505002133","Block 2133, Block Group 2, Census Tract 9505, Essex County, Vermont","11","2","9"
"1000000US500099505002134","Block 2134, Block Group 2, Census Tract 9505, Essex County, Vermont","7","1","6"
"1000000US500099505002135","Block 2135, Block Group 2, Census Tract 9505, Essex County, Vermont","38","18","20"
"1000000US500099505002136","Block 2136, Block Group 2, Census Tract 9505, Essex County, Vermont","7","3","4"
"1000000US500099505002137","Block 2137, Block Group 2, Census Tract 9505, Essex County, Vermont","2","2","0"
"1000000US500099505002138","Block 2138, Block Group 2, Census Tract 9505, Essex County, Vermont","2","1","1"
"1000000US500099505002139","Block 2139, Block Group 2, Census Tract 9505, Essex County, Vermont","0","0","0"
"1000000US500099505002140","Block 2140, Block Group 2, Census Tract 9505, Essex County, Vermont","2","0","2"
"1000000US500099505002141","Block 2141, Block Group 2, Census Tract 9505, Essex County, Vermont","0","0","0"
"1000000US500099505002142","Block 2142, Block Group 2, Census Tract 9505, Essex County, Vermont","0","0","0"
"1000000US500099505002143","Block 2143, Block Group 2, Census Tract 9505, Essex County, Vermont","2","0","2"
"1000000US500099505002144","Block 2144, Block Group 2, Census Tract 9505, Essex County, Vermont","4","1","3"
"1000000US500099505002145","Block 2145, Block Group 2, Census Tract 9505, Essex County, Vermont","1","1","0"
"1000000US500099505002146","Block 2146, Block Group 2, Census Tract 9505, Essex County, Vermont","0","0","0"
"1000000US500099505002147","Block 2147, Block Group 2, Census Tract 9505, Essex County, Vermont","0","0","0"
"1000000US500099505002148","Block 2148, Block Group 2, Census Tract 9505, Essex County, Vermont","0","0","0"
"1000000US500099505002149","Block 2149, Block Group 2, Census Tract 9505, Essex County, Vermont","2","0","2"
"1000000US500099505002150","Block 2150, Block Group 2, Census Tract 9505, Essex County, Vermont","2","2","0"
"1000000US500099505002151","Block 2151, Block Group 2, Census Tract 9505, Essex County, Vermont","5","1","4"
"1000000US500099505002152","Block 2152, Block Group 2, Census Tract 9505, Essex County, Vermont","0","0","0"
"1000000US500099505002153","Block 2153, Block Group 2, Census Tract 9505, Essex County, Vermont","0","0","0"
"1000000US500099505002154","Block 2154, Block Group 2, Census Tract 9505, Essex County, Vermont","0","0","0"
"1000000US500099505002155","Block 2155, Block Group 2, Census Tract 9505, Essex County, Vermont","0","0","0"
"1000000US500099505002156","Block 2156, Block Group 2, Census Tract 9505, Essex County, Vermont","0","0","0"
"1000000US500099505002157","Block 2157, Block Group 2, Census Tract 9505, Essex County, Vermont","3","3","0"
"1000000US500099505002158","Block 2158, Block Group 2, Census Tract 9505, Essex County, Vermont","1","1","0"
"1000000US500099505002159","Block 2159, Block Group 2, Census Tract 9505, Essex County, Vermont","3","1","2"
"1000000US500099505002160","Block 2160, Block Group 2, Census Tract 9505, Essex County, Vermont","0","0","0"
"1000000US500099505002161","Block 2161, Block Group 2, Census Tract 9505, Essex County, Vermont","0","0","0"
"1000000US500099505002162","Block 2162, Block Group 2, Census Tract 9505, Essex County, Vermont","0","0","0"
"1000000US500099505002163","Block 2163, Block Group 2, Census Tract 9505, Essex County, Vermont","2","1","1"
"1000000US500099505002164","Block 2164, Block Group 2, Census Tract 9505, Essex County, Vermont","11","8","3"
"1000000US500099505002165","Block 2165, Block Group 2, Census Tract 9505, Essex County, Vermont","0","0","0"
"1000000US500099505002166","Block 2166, Block Group 2, Census Tract 9505, Essex County, Vermont","4","2","2"
"1000000US500099505002167","Block 2167, Block Group 2, Census Tract 9505, Essex County, Vermont","0","0","0"
"1000000US500099505002168","Block 2168, Block Group 2, Census Tract 9505, Essex County, Vermont","0","0","0"
"1000000US500099505003000","Block 3000, Block Group 3, Census Tract 9505, Essex County, Vermont","7","5","2"
"1000000US500099505003001","Block 3001, Block Group 3, Census Tract 9505, Essex County, Vermont","0","0","0"
"1000000US500099505003002","Block 3002, Block Group 3, Census Tract 9505, Essex County, Vermont","1","1","0"
"1000000US500099505003003","Block 3003, Block Group 3, Census Tract 9505, Essex County, Vermont","0","0","0"
"1000000US500099505003004","Block 3004, Block Group 3, Census Tract 9505, Essex County, Vermont","0","0","0"
"1000000US500099505003005","Block 3005, Block Group 3, Census Tract 9505, Essex County, Vermont","0","0","0"
"1000000US500099505003006","Block 3006, Block Group 3, Census Tract 9505, Essex County, Vermont","2","1","1"
"1000000US500099505003007","Block 3007, Block Group 3, Census Tract 9505, Essex County, Vermont","24","22","2"
"1000000US500099505003008","Block 3008, Block Group 3, Census Tract 9505, Essex County, Vermont","43","38","5"
"1000000US500099505003009","Block 3009, Block Group 3, Census Tract 9505, Essex County, Vermont","1","1","0"
"1000000US500099505003010","Block 3010, Block Group 3, Census Tract 9505, Essex County, Vermont","44","32","12"
"1000000US500099505003011","Block 3011, Block Group 3, Census Tract 9505, Essex County, Vermont","6","6","0"
"1000000US500099505003012","Block 3012, Block Group 3, Census Tract 9505, Essex County, Vermont","9","8","1"
"1000000US500099505003013","Block 3013, Block Group 3, Census Tract 9505, Essex County, Vermont","2","2","0"
"1000000US500099505003014","Block 3014, Block Group 3, Census Tract 9505, Essex County, Vermont","74","57","17"
"1000000US500099505003015","Block 3015, Block Group 3, Census Tract 9505, Essex County, Vermont","0","0","0"
"1000000US500099505003016","Block 3016, Block Group 3, Census Tract 9505, Essex County, Vermont","18","17","1"
"1000000US500099505003017","Block 3017, Block Group 3, Census Tract 9505, Essex County, Vermont","22","16","6"
"1000000US500099505003018","Block 3018, Block Group 3, Census Tract 9505, Essex County, Vermont","11","8","3"
"1000000US500099505003019","Block 3019, Block Group 3, Census Tract 9505, Essex County, Vermont","8","4","4"
"1000000US500099505003020","Block 3020, Block Group 3, Census Tract 9505, Essex County, Vermont","26","21","5"
"1000000US500099505003021","Block 3021, Block Group 3, Census Tract 9505, Essex County, Vermont","14","14","0"
"1000000US500099505003022","Block 3022, Block Group 3, Census Tract 9505, Essex County, Vermont","9","7","2"
"1000000US500099505003023","Block 3023, Block Group 3, Census Tract 9505, Essex County, Vermont","20","18","2"
"1000000US500099505003024","Block 3024, Block Group 3, Census Tract 9505, Essex County, Vermont","2","1","1"
"1000000US500099505003025","Block 3025, Block Group 3, Census Tract 9505, Essex County, Vermont","0","0","0"
"1000000US500099505003026","Block 3026, Block Group 3, Census Tract 9505, Essex County, Vermont","3","2","1"
"1000000US500099505003027","Block 3027, Block Group 3, Census Tract 9505, Essex County, Vermont","0","0","0"
"1000000US500099505003028","Block 3028, Block Group 3, Census Tract 9505, Essex County, Vermont","0","0","0"
"1000000US500099505003029","Block 3029, Block Group 3, Census Tract 9505, Essex County, Vermont","0","0","0"
"1000000US500099505003030","Block 3030, Block Group 3, Census Tract 9505, Essex County, Vermont","0","0","0"
"1000000US500099505003031","Block 3031, Block Group 3, Census Tract 9505, Essex County, Vermont","0","0","0"
"1000000US500099505003032","Block 3032, Block Group 3, Census Tract 9505, Essex County, Vermont","3","3","0"
"1000000US500099505003033","Block 3033, Block Group 3, Census Tract 9505, Essex County, Vermont","0","0","0"
"1000000US500099505003034","Block 3034, Block Group 3, Census Tract 9505, Essex County, Vermont","6","6","0"
"1000000US500099505003035","Block 3035, Block Group 3, Census Tract 9505, Essex County, Vermont","2","0","2"
"1000000US500099505003036","Block 3036, Block Group 3, Census Tract 9505, Essex County, Vermont","11","7","4"
"1000000US500099505003037","Block 3037, Block Group 3, Census Tract 9505, Essex County, Vermont","37","34","3"
"1000000US500099505003038","Block 3038, Block Group 3, Census Tract 9505, Essex County, Vermont","10","9","1"
"1000000US500099505003039","Block 3039, Block Group 3, Census Tract 9505, Essex County, Vermont","12","12","0"
"1000000US500099505003040","Block 3040, Block Group 3, Census Tract 9505, Essex County, Vermont","8","8","0"
"1000000US500099505003041","Block 3041, Block Group 3, Census Tract 9505, Essex County, Vermont","0","0","0"
"1000000US500099505003042","Block 3042, Block Group 3, Census Tract 9505, Essex County, Vermont","0","0","0"
"1000000US500099505003043","Block 3043, Block Group 3, Census Tract 9505, Essex County, Vermont","0","0","0"
"1000000US500099505003044","Block 3044, Block Group 3, Census Tract 9505, Essex County, Vermont","0","0","0"
"1000000US500099505003045","Block 3045, Block Group 3, Census Tract 9505, Essex County, Vermont","10","9","1"
"1000000US500099505003046","Block 3046, Block Group 3, Census Tract 9505, Essex County, Vermont","12","6","6"
"1000000US500099505003047","Block 3047, Block Group 3, Census Tract 9505, Essex County, Vermont","0","0","0"
"1000000US500099505003048","Block 3048, Block Group 3, Census Tract 9505, Essex County, Vermont","0","0","0"
"1000000US500099505003049","Block 3049, Block Group 3, Census Tract 9505, Essex County, Vermont","5","2","3"
"1000000US500099505003050","Block 3050, Block Group 3, Census Tract 9505, Essex County, Vermont","0","0","0"
"1000000US500110101001000","Block 1000, Block Group 1, Census Tract 101, Franklin County, Vermont","3","3","0"
"1000000US500110101001001","Block 1001, Block Group 1, Census Tract 101, Franklin County, Vermont","0","0","0"
"1000000US500110101001002","Block 1002, Block Group 1, Census Tract 101, Franklin County, Vermont","0","0","0"
"1000000US500110101001003","Block 1003, Block Group 1, Census Tract 101, Franklin County, Vermont","0","0","0"
"1000000US500110101001004","Block 1004, Block Group 1, Census Tract 101, Franklin County, Vermont","2","2","0"
"1000000US500110101001005","Block 1005, Block Group 1, Census Tract 101, Franklin County, Vermont","7","7","0"
"1000000US500110101001006","Block 1006, Block Group 1, Census Tract 101, Franklin County, Vermont","0","0","0"
"1000000US500110101001007","Block 1007, Block Group 1, Census Tract 101, Franklin County, Vermont","0","0","0"
"1000000US500110101001008","Block 1008, Block Group 1, Census Tract 101, Franklin County, Vermont","0","0","0"
"1000000US500110101001009","Block 1009, Block Group 1, Census Tract 101, Franklin County, Vermont","0","0","0"
"1000000US500110101001010","Block 1010, Block Group 1, Census Tract 101, Franklin County, Vermont","0","0","0"
"1000000US500110101001011","Block 1011, Block Group 1, Census Tract 101, Franklin County, Vermont","0","0","0"
"1000000US500110101001012","Block 1012, Block Group 1, Census Tract 101, Franklin County, Vermont","15","6","9"
"1000000US500110101001013","Block 1013, Block Group 1, Census Tract 101, Franklin County, Vermont","0","0","0"
"1000000US500110101001014","Block 1014, Block Group 1, Census Tract 101, Franklin County, Vermont","0","0","0"
"1000000US500110101001015","Block 1015, Block Group 1, Census Tract 101, Franklin County, Vermont","2","0","2"
"1000000US500110101001016","Block 1016, Block Group 1, Census Tract 101, Franklin County, Vermont","1","0","1"
"1000000US500110101001017","Block 1017, Block Group 1, Census Tract 101, Franklin County, Vermont","0","0","0"
"1000000US500110101001018","Block 1018, Block Group 1, Census Tract 101, Franklin County, Vermont","10","2","8"
"1000000US500110101001019","Block 1019, Block Group 1, Census Tract 101, Franklin County, Vermont","0","0","0"
"1000000US500110101001020","Block 1020, Block Group 1, Census Tract 101, Franklin County, Vermont","0","0","0"
"1000000US500110101001021","Block 1021, Block Group 1, Census Tract 101, Franklin County, Vermont","0","0","0"
"1000000US500110101001022","Block 1022, Block Group 1, Census Tract 101, Franklin County, Vermont","0","0","0"
"1000000US500110101001023","Block 1023, Block Group 1, Census Tract 101, Franklin County, Vermont","0","0","0"
"1000000US500110101001024","Block 1024, Block Group 1, Census Tract 101, Franklin County, Vermont","0","0","0"
"1000000US500110101001025","Block 1025, Block Group 1, Census Tract 101, Franklin County, Vermont","11","3","8"
"1000000US500110101001026","Block 1026, Block Group 1, Census Tract 101, Franklin County, Vermont","12","6","6"
"1000000US500110101001027","Block 1027, Block Group 1, Census Tract 101, Franklin County, Vermont","7","2","5"
"1000000US500110101001028","Block 1028, Block Group 1, Census Tract 101, Franklin County, Vermont","0","0","0"
"1000000US500110101001029","Block 1029, Block Group 1, Census Tract 101, Franklin County, Vermont","0","0","0"
"1000000US500110101001030","Block 1030, Block Group 1, Census Tract 101, Franklin County, Vermont","0","0","0"
"1000000US500110101001031","Block 1031, Block Group 1, Census Tract 101, Franklin County, Vermont","4","4","0"
"1000000US500110101001032","Block 1032, Block Group 1, Census Tract 101, Franklin County, Vermont","16","15","1"
"1000000US500110101001033","Block 1033, Block Group 1, Census Tract 101, Franklin County, Vermont","0","0","0"
"1000000US500110101001034","Block 1034, Block Group 1, Census Tract 101, Franklin County, Vermont","0","0","0"
"1000000US500110101001035","Block 1035, Block Group 1, Census Tract 101, Franklin County, Vermont","0","0","0"
"1000000US500110101001036","Block 1036, Block Group 1, Census Tract 101, Franklin County, Vermont","0","0","0"
"1000000US500110101001037","Block 1037, Block Group 1, Census Tract 101, Franklin County, Vermont","0","0","0"
"1000000US500110101001038","Block 1038, Block Group 1, Census Tract 101, Franklin County, Vermont","0","0","0"
"1000000US500110101001039","Block 1039, Block Group 1, Census Tract 101, Franklin County, Vermont","0","0","0"
"1000000US500110101001040","Block 1040, Block Group 1, Census Tract 101, Franklin County, Vermont","0","0","0"
"1000000US500110101001041","Block 1041, Block Group 1, Census Tract 101, Franklin County, Vermont","0","0","0"
"1000000US500110101001042","Block 1042, Block Group 1, Census Tract 101, Franklin County, Vermont","0","0","0"
"1000000US500110101001043","Block 1043, Block Group 1, Census Tract 101, Franklin County, Vermont","0","0","0"
"1000000US500110101001044","Block 1044, Block Group 1, Census Tract 101, Franklin County, Vermont","0","0","0"
"1000000US500110101001045","Block 1045, Block Group 1, Census Tract 101, Franklin County, Vermont","0","0","0"
"1000000US500110101001046","Block 1046, Block Group 1, Census Tract 101, Franklin County, Vermont","222","89","133"
"1000000US500110101001047","Block 1047, Block Group 1, Census Tract 101, Franklin County, Vermont","0","0","0"
"1000000US500110101001048","Block 1048, Block Group 1, Census Tract 101, Franklin County, Vermont","0","0","0"
"1000000US500110101001049","Block 1049, Block Group 1, Census Tract 101, Franklin County, Vermont","1","1","0"
"1000000US500110101001050","Block 1050, Block Group 1, Census Tract 101, Franklin County, Vermont","10","10","0"
"1000000US500110101001051","Block 1051, Block Group 1, Census Tract 101, Franklin County, Vermont","0","0","0"
"1000000US500110101001052","Block 1052, Block Group 1, Census Tract 101, Franklin County, Vermont","0","0","0"
"1000000US500110101001053","Block 1053, Block Group 1, Census Tract 101, Franklin County, Vermont","0","0","0"
"1000000US500110101001054","Block 1054, Block Group 1, Census Tract 101, Franklin County, Vermont","0","0","0"
"1000000US500110101001055","Block 1055, Block Group 1, Census Tract 101, Franklin County, Vermont","0","0","0"
"1000000US500110101001056","Block 1056, Block Group 1, Census Tract 101, Franklin County, Vermont","10","0","10"
"1000000US500110101001057","Block 1057, Block Group 1, Census Tract 101, Franklin County, Vermont","11","11","0"
"1000000US500110101001058","Block 1058, Block Group 1, Census Tract 101, Franklin County, Vermont","0","0","0"
"1000000US500110101001059","Block 1059, Block Group 1, Census Tract 101, Franklin County, Vermont","0","0","0"
"1000000US500110101001060","Block 1060, Block Group 1, Census Tract 101, Franklin County, Vermont","0","0","0"
"1000000US500110101001061","Block 1061, Block Group 1, Census Tract 101, Franklin County, Vermont","0","0","0"
"1000000US500110101001062","Block 1062, Block Group 1, Census Tract 101, Franklin County, Vermont","0","0","0"
"1000000US500110101001063","Block 1063, Block Group 1, Census Tract 101, Franklin County, Vermont","0","0","0"
"1000000US500110101001064","Block 1064, Block Group 1, Census Tract 101, Franklin County, Vermont","0","0","0"
"1000000US500110101001065","Block 1065, Block Group 1, Census Tract 101, Franklin County, Vermont","0","0","0"
"1000000US500110101001066","Block 1066, Block Group 1, Census Tract 101, Franklin County, Vermont","0","0","0"
"1000000US500110101001067","Block 1067, Block Group 1, Census Tract 101, Franklin County, Vermont","0","0","0"
"1000000US500110101001068","Block 1068, Block Group 1, Census Tract 101, Franklin County, Vermont","0","0","0"
"1000000US500110101001069","Block 1069, Block Group 1, Census Tract 101, Franklin County, Vermont","0","0","0"
"1000000US500110101001070","Block 1070, Block Group 1, Census Tract 101, Franklin County, Vermont","0","0","0"
"1000000US500110101001071","Block 1071, Block Group 1, Census Tract 101, Franklin County, Vermont","69","67","2"
"1000000US500110101001072","Block 1072, Block Group 1, Census Tract 101, Franklin County, Vermont","6","6","0"
"1000000US500110101001073","Block 1073, Block Group 1, Census Tract 101, Franklin County, Vermont","0","0","0"
"1000000US500110101001074","Block 1074, Block Group 1, Census Tract 101, Franklin County, Vermont","2","2","0"
"1000000US500110101001075","Block 1075, Block Group 1, Census Tract 101, Franklin County, Vermont","0","0","0"
"1000000US500110101001076","Block 1076, Block Group 1, Census Tract 101, Franklin County, Vermont","0","0","0"
"1000000US500110101001077","Block 1077, Block Group 1, Census Tract 101, Franklin County, Vermont","32","29","3"
"1000000US500110101001078","Block 1078, Block Group 1, Census Tract 101, Franklin County, Vermont","0","0","0"
"1000000US500110101001079","Block 1079, Block Group 1, Census Tract 101, Franklin County, Vermont","0","0","0"
"1000000US500110101001080","Block 1080, Block Group 1, Census Tract 101, Franklin County, Vermont","0","0","0"
"1000000US500110101001081","Block 1081, Block Group 1, Census Tract 101, Franklin County, Vermont","0","0","0"
"1000000US500110101001082","Block 1082, Block Group 1, Census Tract 101, Franklin County, Vermont","17","17","0"
"1000000US500110101001083","Block 1083, Block Group 1, Census Tract 101, Franklin County, Vermont","2","2","0"
"1000000US500110101001084","Block 1084, Block Group 1, Census Tract 101, Franklin County, Vermont","2","1","1"
"1000000US500110101001085","Block 1085, Block Group 1, Census Tract 101, Franklin County, Vermont","10","10","0"
"1000000US500110101001086","Block 1086, Block Group 1, Census Tract 101, Franklin County, Vermont","34","32","2"
"1000000US500110101001087","Block 1087, Block Group 1, Census Tract 101, Franklin County, Vermont","0","0","0"
"1000000US500110101001088","Block 1088, Block Group 1, Census Tract 101, Franklin County, Vermont","23","21","2"
"1000000US500110101001089","Block 1089, Block Group 1, Census Tract 101, Franklin County, Vermont","1","1","0"
"1000000US500110101001090","Block 1090, Block Group 1, Census Tract 101, Franklin County, Vermont","0","0","0"
"1000000US500110101001091","Block 1091, Block Group 1, Census Tract 101, Franklin County, Vermont","0","0","0"
"1000000US500110101001092","Block 1092, Block Group 1, Census Tract 101, Franklin County, Vermont","0","0","0"
"1000000US500110101001093","Block 1093, Block Group 1, Census Tract 101, Franklin County, Vermont","0","0","0"
"1000000US500110101001094","Block 1094, Block Group 1, Census Tract 101, Franklin County, Vermont","0","0","0"
"1000000US500110101001095","Block 1095, Block Group 1, Census Tract 101, Franklin County, Vermont","0","0","0"
"1000000US500110101001096","Block 1096, Block Group 1, Census Tract 101, Franklin County, Vermont","0","0","0"
"1000000US500110101001097","Block 1097, Block Group 1, Census Tract 101, Franklin County, Vermont","0","0","0"
"1000000US500110101001098","Block 1098, Block Group 1, Census Tract 101, Franklin County, Vermont","0","0","0"
"1000000US500110101001099","Block 1099, Block Group 1, Census Tract 101, Franklin County, Vermont","35","35","0"
"1000000US500110101001100","Block 1100, Block Group 1, Census Tract 101, Franklin County, Vermont","0","0","0"
"1000000US500110101001101","Block 1101, Block Group 1, Census Tract 101, Franklin County, Vermont","0","0","0"
"1000000US500110101001102","Block 1102, Block Group 1, Census Tract 101, Franklin County, Vermont","10","10","0"
"1000000US500110101001103","Block 1103, Block Group 1, Census Tract 101, Franklin County, Vermont","13","12","1"
"1000000US500110101001104","Block 1104, Block Group 1, Census Tract 101, Franklin County, Vermont","0","0","0"
"1000000US500110101001105","Block 1105, Block Group 1, Census Tract 101, Franklin County, Vermont","0","0","0"
"1000000US500110101001106","Block 1106, Block Group 1, Census Tract 101, Franklin County, Vermont","0","0","0"
"1000000US500110101001107","Block 1107, Block Group 1, Census Tract 101, Franklin County, Vermont","0","0","0"
"1000000US500110101001108","Block 1108, Block Group 1, Census Tract 101, Franklin County, Vermont","0","0","0"
"1000000US500110101001109","Block 1109, Block Group 1, Census Tract 101, Franklin County, Vermont","0","0","0"
"1000000US500110101001110","Block 1110, Block Group 1, Census Tract 101, Franklin County, Vermont","0","0","0"
"1000000US500110101001111","Block 1111, Block Group 1, Census Tract 101, Franklin County, Vermont","0","0","0"
"1000000US500110101001112","Block 1112, Block Group 1, Census Tract 101, Franklin County, Vermont","0","0","0"
"1000000US500110101001113","Block 1113, Block Group 1, Census Tract 101, Franklin County, Vermont","1","1","0"
"1000000US500110101001114","Block 1114, Block Group 1, Census Tract 101, Franklin County, Vermont","9","8","1"
"1000000US500110101001115","Block 1115, Block Group 1, Census Tract 101, Franklin County, Vermont","3","3","0"
"1000000US500110101001116","Block 1116, Block Group 1, Census Tract 101, Franklin County, Vermont","13","13","0"
"1000000US500110101001117","Block 1117, Block Group 1, Census Tract 101, Franklin County, Vermont","4","4","0"
"1000000US500110101001118","Block 1118, Block Group 1, Census Tract 101, Franklin County, Vermont","4","4","0"
"1000000US500110101001119","Block 1119, Block Group 1, Census Tract 101, Franklin County, Vermont","1","1","0"
"1000000US500110101001120","Block 1120, Block Group 1, Census Tract 101, Franklin County, Vermont","0","0","0"
"1000000US500110101001121","Block 1121, Block Group 1, Census Tract 101, Franklin County, Vermont","2","0","2"
"1000000US500110101001122","Block 1122, Block Group 1, Census Tract 101, Franklin County, Vermont","0","0","0"
"1000000US500110101001123","Block 1123, Block Group 1, Census Tract 101, Franklin County, Vermont","0","0","0"
"1000000US500110101001124","Block 1124, Block Group 1, Census Tract 101, Franklin County, Vermont","0","0","0"
"1000000US500110101002000","Block 2000, Block Group 2, Census Tract 101, Franklin County, Vermont","1","1","0"
"1000000US500110101002001","Block 2001, Block Group 2, Census Tract 101, Franklin County, Vermont","1","1","0"
"1000000US500110101002002","Block 2002, Block Group 2, Census Tract 101, Franklin County, Vermont","13","13","0"
"1000000US500110101002003","Block 2003, Block Group 2, Census Tract 101, Franklin County, Vermont","0","0","0"
"1000000US500110101002004","Block 2004, Block Group 2, Census Tract 101, Franklin County, Vermont","21","21","0"
"1000000US500110101002005","Block 2005, Block Group 2, Census Tract 101, Franklin County, Vermont","0","0","0"
"1000000US500110101002006","Block 2006, Block Group 2, Census Tract 101, Franklin County, Vermont","0","0","0"
"1000000US500110101002007","Block 2007, Block Group 2, Census Tract 101, Franklin County, Vermont","0","0","0"
"1000000US500110101002008","Block 2008, Block Group 2, Census Tract 101, Franklin County, Vermont","0","0","0"
"1000000US500110101002009","Block 2009, Block Group 2, Census Tract 101, Franklin County, Vermont","21","21","0"
"1000000US500110101002010","Block 2010, Block Group 2, Census Tract 101, Franklin County, Vermont","1","1","0"
"1000000US500110101002011","Block 2011, Block Group 2, Census Tract 101, Franklin County, Vermont","11","11","0"
"1000000US500110101002012","Block 2012, Block Group 2, Census Tract 101, Franklin County, Vermont","0","0","0"
"1000000US500110101002013","Block 2013, Block Group 2, Census Tract 101, Franklin County, Vermont","4","4","0"
"1000000US500110101002014","Block 2014, Block Group 2, Census Tract 101, Franklin County, Vermont","10","9","1"
"1000000US500110101002015","Block 2015, Block Group 2, Census Tract 101, Franklin County, Vermont","3","3","0"
"1000000US500110101002016","Block 2016, Block Group 2, Census Tract 101, Franklin County, Vermont","0","0","0"
"1000000US500110101002017","Block 2017, Block Group 2, Census Tract 101, Franklin County, Vermont","0","0","0"
"1000000US500110101002018","Block 2018, Block Group 2, Census Tract 101, Franklin County, Vermont","0","0","0"
"1000000US500110101002019","Block 2019, Block Group 2, Census Tract 101, Franklin County, Vermont","1","1","0"
"1000000US500110101002020","Block 2020, Block Group 2, Census Tract 101, Franklin County, Vermont","15","14","1"
"1000000US500110101002021","Block 2021, Block Group 2, Census Tract 101, Franklin County, Vermont","2","2","0"
"1000000US500110101002022","Block 2022, Block Group 2, Census Tract 101, Franklin County, Vermont","28","26","2"
"1000000US500110101002023","Block 2023, Block Group 2, Census Tract 101, Franklin County, Vermont","0","0","0"
"1000000US500110101002024","Block 2024, Block Group 2, Census Tract 101, Franklin County, Vermont","0","0","0"
"1000000US500110101002025","Block 2025, Block Group 2, Census Tract 101, Franklin County, Vermont","25","25","0"
"1000000US500110101002026","Block 2026, Block Group 2, Census Tract 101, Franklin County, Vermont","7","7","0"
"1000000US500110101002027","Block 2027, Block Group 2, Census Tract 101, Franklin County, Vermont","2","2","0"
"1000000US500110101002028","Block 2028, Block Group 2, Census Tract 101, Franklin County, Vermont","1","1","0"
"1000000US500110101002029","Block 2029, Block Group 2, Census Tract 101, Franklin County, Vermont","17","17","0"
"1000000US500110101002030","Block 2030, Block Group 2, Census Tract 101, Franklin County, Vermont","4","4","0"
"1000000US500110101002031","Block 2031, Block Group 2, Census Tract 101, Franklin County, Vermont","3","1","2"
"1000000US500110101002032","Block 2032, Block Group 2, Census Tract 101, Franklin County, Vermont","0","0","0"
"1000000US500110101002033","Block 2033, Block Group 2, Census Tract 101, Franklin County, Vermont","0","0","0"
"1000000US500110101002034","Block 2034, Block Group 2, Census Tract 101, Franklin County, Vermont","23","22","1"
"1000000US500110101002035","Block 2035, Block Group 2, Census Tract 101, Franklin County, Vermont","8","8","0"
"1000000US500110101002036","Block 2036, Block Group 2, Census Tract 101, Franklin County, Vermont","1","1","0"
"1000000US500110101002037","Block 2037, Block Group 2, Census Tract 101, Franklin County, Vermont","6","4","2"
"1000000US500110101002038","Block 2038, Block Group 2, Census Tract 101, Franklin County, Vermont","4","4","0"
"1000000US500110101002039","Block 2039, Block Group 2, Census Tract 101, Franklin County, Vermont","17","16","1"
"1000000US500110101002040","Block 2040, Block Group 2, Census Tract 101, Franklin County, Vermont","0","0","0"
"1000000US500110101002041","Block 2041, Block Group 2, Census Tract 101, Franklin County, Vermont","14","13","1"
"1000000US500110101002042","Block 2042, Block Group 2, Census Tract 101, Franklin County, Vermont","15","14","1"
"1000000US500110101002043","Block 2043, Block Group 2, Census Tract 101, Franklin County, Vermont","12","12","0"
"1000000US500110101002044","Block 2044, Block Group 2, Census Tract 101, Franklin County, Vermont","2","2","0"
"1000000US500110101002045","Block 2045, Block Group 2, Census Tract 101, Franklin County, Vermont","0","0","0"
"1000000US500110101002046","Block 2046, Block Group 2, Census Tract 101, Franklin County, Vermont","14","13","1"
"1000000US500110101002047","Block 2047, Block Group 2, Census Tract 101, Franklin County, Vermont","0","0","0"
"1000000US500110101002048","Block 2048, Block Group 2, Census Tract 101, Franklin County, Vermont","16","14","2"
"1000000US500110101002049","Block 2049, Block Group 2, Census Tract 101, Franklin County, Vermont","0","0","0"
"1000000US500110101002050","Block 2050, Block Group 2, Census Tract 101, Franklin County, Vermont","5","4","1"
"1000000US500110101002051","Block 2051, Block Group 2, Census Tract 101, Franklin County, Vermont","5","5","0"
"1000000US500110101002052","Block 2052, Block Group 2, Census Tract 101, Franklin County, Vermont","20","20","0"
"1000000US500110101002053","Block 2053, Block Group 2, Census Tract 101, Franklin County, Vermont","2","2","0"
"1000000US500110101002054","Block 2054, Block Group 2, Census Tract 101, Franklin County, Vermont","5","4","1"
"1000000US500110101002055","Block 2055, Block Group 2, Census Tract 101, Franklin County, Vermont","20","18","2"
"1000000US500110101002056","Block 2056, Block Group 2, Census Tract 101, Franklin County, Vermont","8","8","0"
"1000000US500110101002057","Block 2057, Block Group 2, Census Tract 101, Franklin County, Vermont","0","0","0"
"1000000US500110101002058","Block 2058, Block Group 2, Census Tract 101, Franklin County, Vermont","0","0","0"
"1000000US500110101002059","Block 2059, Block Group 2, Census Tract 101, Franklin County, Vermont","28","26","2"
"1000000US500110101002060","Block 2060, Block Group 2, Census Tract 101, Franklin County, Vermont","1","1","0"
"1000000US500110101002061","Block 2061, Block Group 2, Census Tract 101, Franklin County, Vermont","4","4","0"
"1000000US500110101002062","Block 2062, Block Group 2, Census Tract 101, Franklin County, Vermont","0","0","0"
"1000000US500110101003000","Block 3000, Block Group 3, Census Tract 101, Franklin County, Vermont","27","24","3"
"1000000US500110101003001","Block 3001, Block Group 3, Census Tract 101, Franklin County, Vermont","85","82","3"
"1000000US500110101003002","Block 3002, Block Group 3, Census Tract 101, Franklin County, Vermont","0","0","0"
"1000000US500110101003003","Block 3003, Block Group 3, Census Tract 101, Franklin County, Vermont","84","82","2"
"1000000US500110101003004","Block 3004, Block Group 3, Census Tract 101, Franklin County, Vermont","7","7","0"
"1000000US500110101003005","Block 3005, Block Group 3, Census Tract 101, Franklin County, Vermont","0","0","0"
"1000000US500110101003006","Block 3006, Block Group 3, Census Tract 101, Franklin County, Vermont","8","8","0"
"1000000US500110101003007","Block 3007, Block Group 3, Census Tract 101, Franklin County, Vermont","0","0","0"
"1000000US500110101003008","Block 3008, Block Group 3, Census Tract 101, Franklin County, Vermont","9","9","0"
"1000000US500110101003009","Block 3009, Block Group 3, Census Tract 101, Franklin County, Vermont","1","1","0"
"1000000US500110101003010","Block 3010, Block Group 3, Census Tract 101, Franklin County, Vermont","0","0","0"
"1000000US500110101003011","Block 3011, Block Group 3, Census Tract 101, Franklin County, Vermont","0","0","0"
"1000000US500110101003012","Block 3012, Block Group 3, Census Tract 101, Franklin County, Vermont","0","0","0"
"1000000US500110101003013","Block 3013, Block Group 3, Census Tract 101, Franklin County, Vermont","0","0","0"
"1000000US500110101003014","Block 3014, Block Group 3, Census Tract 101, Franklin County, Vermont","1","1","0"
"1000000US500110101003015","Block 3015, Block Group 3, Census Tract 101, Franklin County, Vermont","0","0","0"
"1000000US500110101003016","Block 3016, Block Group 3, Census Tract 101, Franklin County, Vermont","51","49","2"
"1000000US500110101003017","Block 3017, Block Group 3, Census Tract 101, Franklin County, Vermont","0","0","0"
"1000000US500110101003018","Block 3018, Block Group 3, Census Tract 101, Franklin County, Vermont","0","0","0"
"1000000US500110101003019","Block 3019, Block Group 3, Census Tract 101, Franklin County, Vermont","0","0","0"
"1000000US500110101003020","Block 3020, Block Group 3, Census Tract 101, Franklin County, Vermont","0","0","0"
"1000000US500110101003021","Block 3021, Block Group 3, Census Tract 101, Franklin County, Vermont","0","0","0"
"1000000US500110101003022","Block 3022, Block Group 3, Census Tract 101, Franklin County, Vermont","0","0","0"
"1000000US500110101003023","Block 3023, Block Group 3, Census Tract 101, Franklin County, Vermont","0","0","0"
"1000000US500110101003024","Block 3024, Block Group 3, Census Tract 101, Franklin County, Vermont","3","2","1"
"1000000US500110101003025","Block 3025, Block Group 3, Census Tract 101, Franklin County, Vermont","0","0","0"
"1000000US500110101003026","Block 3026, Block Group 3, Census Tract 101, Franklin County, Vermont","2","2","0"
"1000000US500110101003027","Block 3027, Block Group 3, Census Tract 101, Franklin County, Vermont","6","6","0"
"1000000US500110101003028","Block 3028, Block Group 3, Census Tract 101, Franklin County, Vermont","26","24","2"
"1000000US500110101003029","Block 3029, Block Group 3, Census Tract 101, Franklin County, Vermont","0","0","0"
"1000000US500110101003030","Block 3030, Block Group 3, Census Tract 101, Franklin County, Vermont","2","2","0"
"1000000US500110101003031","Block 3031, Block Group 3, Census Tract 101, Franklin County, Vermont","0","0","0"
"1000000US500110101003032","Block 3032, Block Group 3, Census Tract 101, Franklin County, Vermont","5","4","1"
"1000000US500110101003033","Block 3033, Block Group 3, Census Tract 101, Franklin County, Vermont","0","0","0"
"1000000US500110101003034","Block 3034, Block Group 3, Census Tract 101, Franklin County, Vermont","0","0","0"
"1000000US500110101003035","Block 3035, Block Group 3, Census Tract 101, Franklin County, Vermont","0","0","0"
"1000000US500110101003036","Block 3036, Block Group 3, Census Tract 101, Franklin County, Vermont","12","12","0"
"1000000US500110101003037","Block 3037, Block Group 3, Census Tract 101, Franklin County, Vermont","80","75","5"
"1000000US500110101003038","Block 3038, Block Group 3, Census Tract 101, Franklin County, Vermont","13","8","5"
"1000000US500110101003039","Block 3039, Block Group 3, Census Tract 101, Franklin County, Vermont","11","11","0"
"1000000US500110101003040","Block 3040, Block Group 3, Census Tract 101, Franklin County, Vermont","11","11","0"
"1000000US500110101003041","Block 3041, Block Group 3, Census Tract 101, Franklin County, Vermont","0","0","0"
"1000000US500110101003042","Block 3042, Block Group 3, Census Tract 101, Franklin County, Vermont","0","0","0"
"1000000US500110101003043","Block 3043, Block Group 3, Census Tract 101, Franklin County, Vermont","7","7","0"
"1000000US500110101003044","Block 3044, Block Group 3, Census Tract 101, Franklin County, Vermont","0","0","0"
"1000000US500110101003045","Block 3045, Block Group 3, Census Tract 101, Franklin County, Vermont","1","1","0"
"1000000US500110101003046","Block 3046, Block Group 3, Census Tract 101, Franklin County, Vermont","1","1","0"
"1000000US500110101003047","Block 3047, Block Group 3, Census Tract 101, Franklin County, Vermont","7","7","0"
"1000000US500110101003048","Block 3048, Block Group 3, Census Tract 101, Franklin County, Vermont","2","1","1"
"1000000US500110101003049","Block 3049, Block Group 3, Census Tract 101, Franklin County, Vermont","1","1","0"
"1000000US500110101003050","Block 3050, Block Group 3, Census Tract 101, Franklin County, Vermont","0","0","0"
"1000000US500110101003051","Block 3051, Block Group 3, Census Tract 101, Franklin County, Vermont","0","0","0"
"1000000US500110101003052","Block 3052, Block Group 3, Census Tract 101, Franklin County, Vermont","18","18","0"
"1000000US500110101003053","Block 3053, Block Group 3, Census Tract 101, Franklin County, Vermont","2","2","0"
"1000000US500110101003054","Block 3054, Block Group 3, Census Tract 101, Franklin County, Vermont","7","7","0"
"1000000US500110101003055","Block 3055, Block Group 3, Census Tract 101, Franklin County, Vermont","6","6","0"
"1000000US500110101003056","Block 3056, Block Group 3, Census Tract 101, Franklin County, Vermont","0","0","0"
"1000000US500110101003057","Block 3057, Block Group 3, Census Tract 101, Franklin County, Vermont","0","0","0"
"1000000US500110101004000","Block 4000, Block Group 4, Census Tract 101, Franklin County, Vermont","1","1","0"
"1000000US500110101004001","Block 4001, Block Group 4, Census Tract 101, Franklin County, Vermont","6","6","0"
"1000000US500110101004002","Block 4002, Block Group 4, Census Tract 101, Franklin County, Vermont","6","6","0"
"1000000US500110101004003","Block 4003, Block Group 4, Census Tract 101, Franklin County, Vermont","0","0","0"
"1000000US500110101004004","Block 4004, Block Group 4, Census Tract 101, Franklin County, Vermont","7","7","0"
"1000000US500110101004005","Block 4005, Block Group 4, Census Tract 101, Franklin County, Vermont","6","6","0"
"1000000US500110101004006","Block 4006, Block Group 4, Census Tract 101, Franklin County, Vermont","7","7","0"
"1000000US500110101004007","Block 4007, Block Group 4, Census Tract 101, Franklin County, Vermont","1","1","0"
"1000000US500110101004008","Block 4008, Block Group 4, Census Tract 101, Franklin County, Vermont","9","9","0"
"1000000US500110101004009","Block 4009, Block Group 4, Census Tract 101, Franklin County, Vermont","88","83","5"
"1000000US500110101004010","Block 4010, Block Group 4, Census Tract 101, Franklin County, Vermont","0","0","0"
"1000000US500110101004011","Block 4011, Block Group 4, Census Tract 101, Franklin County, Vermont","0","0","0"
"1000000US500110101004012","Block 4012, Block Group 4, Census Tract 101, Franklin County, Vermont","1","1","0"
"1000000US500110101004013","Block 4013, Block Group 4, Census Tract 101, Franklin County, Vermont","1","1","0"
"1000000US500110101004014","Block 4014, Block Group 4, Census Tract 101, Franklin County, Vermont","2","2","0"
"1000000US500110101004015","Block 4015, Block Group 4, Census Tract 101, Franklin County, Vermont","4","4","0"
"1000000US500110101004016","Block 4016, Block Group 4, Census Tract 101, Franklin County, Vermont","7","7","0"
"1000000US500110101004017","Block 4017, Block Group 4, Census Tract 101, Franklin County, Vermont","11","11","0"
"1000000US500110101004018","Block 4018, Block Group 4, Census Tract 101, Franklin County, Vermont","7","7","0"
"1000000US500110101004019","Block 4019, Block Group 4, Census Tract 101, Franklin County, Vermont","0","0","0"
"1000000US500110101004020","Block 4020, Block Group 4, Census Tract 101, Franklin County, Vermont","4","3","1"
"1000000US500110101004021","Block 4021, Block Group 4, Census Tract 101, Franklin County, Vermont","0","0","0"
"1000000US500110101004022","Block 4022, Block Group 4, Census Tract 101, Franklin County, Vermont","0","0","0"
"1000000US500110101004023","Block 4023, Block Group 4, Census Tract 101, Franklin County, Vermont","7","7","0"
"1000000US500110101004024","Block 4024, Block Group 4, Census Tract 101, Franklin County, Vermont","0","0","0"
"1000000US500110101004025","Block 4025, Block Group 4, Census Tract 101, Franklin County, Vermont","2","2","0"
"1000000US500110101004026","Block 4026, Block Group 4, Census Tract 101, Franklin County, Vermont","1","1","0"
"1000000US500110101004027","Block 4027, Block Group 4, Census Tract 101, Franklin County, Vermont","0","0","0"
"1000000US500110101004028","Block 4028, Block Group 4, Census Tract 101, Franklin County, Vermont","0","0","0"
"1000000US500110101004029","Block 4029, Block Group 4, Census Tract 101, Franklin County, Vermont","10","10","0"
"1000000US500110101004030","Block 4030, Block Group 4, Census Tract 101, Franklin County, Vermont","0","0","0"
"1000000US500110101004031","Block 4031, Block Group 4, Census Tract 101, Franklin County, Vermont","7","7","0"
"1000000US500110101004032","Block 4032, Block Group 4, Census Tract 101, Franklin County, Vermont","0","0","0"
"1000000US500110101004033","Block 4033, Block Group 4, Census Tract 101, Franklin County, Vermont","0","0","0"
"1000000US500110101004034","Block 4034, Block Group 4, Census Tract 101, Franklin County, Vermont","0","0","0"
"1000000US500110101004035","Block 4035, Block Group 4, Census Tract 101, Franklin County, Vermont","34","34","0"
"1000000US500110101004036","Block 4036, Block Group 4, Census Tract 101, Franklin County, Vermont","0","0","0"
"1000000US500110101004037","Block 4037, Block Group 4, Census Tract 101, Franklin County, Vermont","1","1","0"
"1000000US500110101004038","Block 4038, Block Group 4, Census Tract 101, Franklin County, Vermont","2","2","0"
"1000000US500110101004039","Block 4039, Block Group 4, Census Tract 101, Franklin County, Vermont","33","28","5"
"1000000US500110101004040","Block 4040, Block Group 4, Census Tract 101, Franklin County, Vermont","10","10","0"
"1000000US500110101004041","Block 4041, Block Group 4, Census Tract 101, Franklin County, Vermont","0","0","0"
"1000000US500110101004042","Block 4042, Block Group 4, Census Tract 101, Franklin County, Vermont","3","3","0"
"1000000US500110101004043","Block 4043, Block Group 4, Census Tract 101, Franklin County, Vermont","4","4","0"
"1000000US500110101004044","Block 4044, Block Group 4, Census Tract 101, Franklin County, Vermont","7","7","0"
"1000000US500110101004045","Block 4045, Block Group 4, Census Tract 101, Franklin County, Vermont","1","1","0"
"1000000US500110101004046","Block 4046, Block Group 4, Census Tract 101, Franklin County, Vermont","2","2","0"
"1000000US500110101004047","Block 4047, Block Group 4, Census Tract 101, Franklin County, Vermont","1","1","0"
"1000000US500110101004048","Block 4048, Block Group 4, Census Tract 101, Franklin County, Vermont","0","0","0"
"1000000US500110101004049","Block 4049, Block Group 4, Census Tract 101, Franklin County, Vermont","7","7","0"
"1000000US500110101004050","Block 4050, Block Group 4, Census Tract 101, Franklin County, Vermont","23","23","0"
"1000000US500110101004051","Block 4051, Block Group 4, Census Tract 101, Franklin County, Vermont","5","5","0"
"1000000US500110101004052","Block 4052, Block Group 4, Census Tract 101, Franklin County, Vermont","0","0","0"
"1000000US500110101004053","Block 4053, Block Group 4, Census Tract 101, Franklin County, Vermont","0","0","0"
"1000000US500110101004054","Block 4054, Block Group 4, Census Tract 101, Franklin County, Vermont","0","0","0"
"1000000US500110101004055","Block 4055, Block Group 4, Census Tract 101, Franklin County, Vermont","9","9","0"
"1000000US500110101004056","Block 4056, Block Group 4, Census Tract 101, Franklin County, Vermont","1","1","0"
"1000000US500110101004057","Block 4057, Block Group 4, Census Tract 101, Franklin County, Vermont","24","24","0"
"1000000US500110101004058","Block 4058, Block Group 4, Census Tract 101, Franklin County, Vermont","0","0","0"
"1000000US500110101004059","Block 4059, Block Group 4, Census Tract 101, Franklin County, Vermont","0","0","0"
"1000000US500110101004060","Block 4060, Block Group 4, Census Tract 101, Franklin County, Vermont","0","0","0"
"1000000US500110101004061","Block 4061, Block Group 4, Census Tract 101, Franklin County, Vermont","0","0","0"
"1000000US500110101004062","Block 4062, Block Group 4, Census Tract 101, Franklin County, Vermont","35","33","2"
"1000000US500110101004063","Block 4063, Block Group 4, Census Tract 101, Franklin County, Vermont","0","0","0"
"1000000US500110101004064","Block 4064, Block Group 4, Census Tract 101, Franklin County, Vermont","0","0","0"
"1000000US500110101004065","Block 4065, Block Group 4, Census Tract 101, Franklin County, Vermont","21","21","0"
"1000000US500110101004066","Block 4066, Block Group 4, Census Tract 101, Franklin County, Vermont","31","31","0"
"1000000US500110101004067","Block 4067, Block Group 4, Census Tract 101, Franklin County, Vermont","19","18","1"
"1000000US500110101004068","Block 4068, Block Group 4, Census Tract 101, Franklin County, Vermont","3","3","0"
"1000000US500110101004069","Block 4069, Block Group 4, Census Tract 101, Franklin County, Vermont","1","1","0"
"1000000US500110101004070","Block 4070, Block Group 4, Census Tract 101, Franklin County, Vermont","5","5","0"
"1000000US500110101004071","Block 4071, Block Group 4, Census Tract 101, Franklin County, Vermont","0","0","0"
"1000000US500110101004072","Block 4072, Block Group 4, Census Tract 101, Franklin County, Vermont","11","10","1"
"1000000US500110101004073","Block 4073, Block Group 4, Census Tract 101, Franklin County, Vermont","14","14","0"
"1000000US500110101004074","Block 4074, Block Group 4, Census Tract 101, Franklin County, Vermont","97","95","2"
"1000000US500110101004075","Block 4075, Block Group 4, Census Tract 101, Franklin County, Vermont","0","0","0"
"1000000US500110101004076","Block 4076, Block Group 4, Census Tract 101, Franklin County, Vermont","1","0","1"
"1000000US500110101004077","Block 4077, Block Group 4, Census Tract 101, Franklin County, Vermont","3","3","0"
"1000000US500110101004078","Block 4078, Block Group 4, Census Tract 101, Franklin County, Vermont","0","0","0"
"1000000US500110101004079","Block 4079, Block Group 4, Census Tract 101, Franklin County, Vermont","0","0","0"
"1000000US500110101004080","Block 4080, Block Group 4, Census Tract 101, Franklin County, Vermont","1","1","0"
"1000000US500110101004081","Block 4081, Block Group 4, Census Tract 101, Franklin County, Vermont","4","4","0"
"1000000US500110101004082","Block 4082, Block Group 4, Census Tract 101, Franklin County, Vermont","8","8","0"
"1000000US500110101004083","Block 4083, Block Group 4, Census Tract 101, Franklin County, Vermont","58","42","16"
"1000000US500110101004084","Block 4084, Block Group 4, Census Tract 101, Franklin County, Vermont","0","0","0"
"1000000US500110101004085","Block 4085, Block Group 4, Census Tract 101, Franklin County, Vermont","29","26","3"
"1000000US500110101004086","Block 4086, Block Group 4, Census Tract 101, Franklin County, Vermont","0","0","0"
"1000000US500110101004087","Block 4087, Block Group 4, Census Tract 101, Franklin County, Vermont","3","3","0"
"1000000US500110101004088","Block 4088, Block Group 4, Census Tract 101, Franklin County, Vermont","0","0","0"
"1000000US500110101004089","Block 4089, Block Group 4, Census Tract 101, Franklin County, Vermont","1","1","0"
"1000000US500110101004090","Block 4090, Block Group 4, Census Tract 101, Franklin County, Vermont","0","0","0"
"1000000US500110101004091","Block 4091, Block Group 4, Census Tract 101, Franklin County, Vermont","0","0","0"
"1000000US500110101004092","Block 4092, Block Group 4, Census Tract 101, Franklin County, Vermont","0","0","0"
"1000000US500110101004093","Block 4093, Block Group 4, Census Tract 101, Franklin County, Vermont","0","0","0"
"1000000US500110101004094","Block 4094, Block Group 4, Census Tract 101, Franklin County, Vermont","0","0","0"
"1000000US500110101004095","Block 4095, Block Group 4, Census Tract 101, Franklin County, Vermont","1","1","0"
"1000000US500110101004096","Block 4096, Block Group 4, Census Tract 101, Franklin County, Vermont","9","9","0"
"1000000US500110101004097","Block 4097, Block Group 4, Census Tract 101, Franklin County, Vermont","0","0","0"
"1000000US500110101004098","Block 4098, Block Group 4, Census Tract 101, Franklin County, Vermont","19","19","0"
"1000000US500110101004099","Block 4099, Block Group 4, Census Tract 101, Franklin County, Vermont","0","0","0"
"1000000US500110101004100","Block 4100, Block Group 4, Census Tract 101, Franklin County, Vermont","0","0","0"
"1000000US500110101004101","Block 4101, Block Group 4, Census Tract 101, Franklin County, Vermont","0","0","0"
"1000000US500110101004102","Block 4102, Block Group 4, Census Tract 101, Franklin County, Vermont","3","3","0"
"1000000US500110101004103","Block 4103, Block Group 4, Census Tract 101, Franklin County, Vermont","12","11","1"
"1000000US500110101004104","Block 4104, Block Group 4, Census Tract 101, Franklin County, Vermont","37","35","2"
"1000000US500110101004105","Block 4105, Block Group 4, Census Tract 101, Franklin County, Vermont","0","0","0"
"1000000US500110101004106","Block 4106, Block Group 4, Census Tract 101, Franklin County, Vermont","0","0","0"
"1000000US500110101004107","Block 4107, Block Group 4, Census Tract 101, Franklin County, Vermont","1","1","0"
"1000000US500110101004108","Block 4108, Block Group 4, Census Tract 101, Franklin County, Vermont","0","0","0"
"1000000US500110101004109","Block 4109, Block Group 4, Census Tract 101, Franklin County, Vermont","12","12","0"
"1000000US500110101004110","Block 4110, Block Group 4, Census Tract 101, Franklin County, Vermont","9","9","0"
"1000000US500110101004111","Block 4111, Block Group 4, Census Tract 101, Franklin County, Vermont","0","0","0"
"1000000US500110101004112","Block 4112, Block Group 4, Census Tract 101, Franklin County, Vermont","1","1","0"
"1000000US500110101004113","Block 4113, Block Group 4, Census Tract 101, Franklin County, Vermont","5","4","1"
"1000000US500110101004114","Block 4114, Block Group 4, Census Tract 101, Franklin County, Vermont","1","1","0"
"1000000US500110101004115","Block 4115, Block Group 4, Census Tract 101, Franklin County, Vermont","4","4","0"
"1000000US500110101004116","Block 4116, Block Group 4, Census Tract 101, Franklin County, Vermont","1","1","0"
"1000000US500110101004117","Block 4117, Block Group 4, Census Tract 101, Franklin County, Vermont","0","0","0"
"1000000US500110101004118","Block 4118, Block Group 4, Census Tract 101, Franklin County, Vermont","6","6","0"
"1000000US500110101004119","Block 4119, Block Group 4, Census Tract 101, Franklin County, Vermont","6","6","0"
"1000000US500110101004120","Block 4120, Block Group 4, Census Tract 101, Franklin County, Vermont","2","2","0"
"1000000US500110101004121","Block 4121, Block Group 4, Census Tract 101, Franklin County, Vermont","0","0","0"
"1000000US500110101004122","Block 4122, Block Group 4, Census Tract 101, Franklin County, Vermont","4","4","0"
"1000000US500110101004123","Block 4123, Block Group 4, Census Tract 101, Franklin County, Vermont","7","7","0"
"1000000US500110101004124","Block 4124, Block Group 4, Census Tract 101, Franklin County, Vermont","4","4","0"
"1000000US500110101004125","Block 4125, Block Group 4, Census Tract 101, Franklin County, Vermont","1","1","0"
"1000000US500110101004126","Block 4126, Block Group 4, Census Tract 101, Franklin County, Vermont","4","4","0"
"1000000US500110101005000","Block 5000, Block Group 5, Census Tract 101, Franklin County, Vermont","38","29","9"
"1000000US500110101005001","Block 5001, Block Group 5, Census Tract 101, Franklin County, Vermont","0","0","0"
"1000000US500110101005002","Block 5002, Block Group 5, Census Tract 101, Franklin County, Vermont","11","10","1"
"1000000US500110101005003","Block 5003, Block Group 5, Census Tract 101, Franklin County, Vermont","1","1","0"
"1000000US500110101005004","Block 5004, Block Group 5, Census Tract 101, Franklin County, Vermont","12","12","0"
"1000000US500110101005005","Block 5005, Block Group 5, Census Tract 101, Franklin County, Vermont","4","4","0"
"1000000US500110101005006","Block 5006, Block Group 5, Census Tract 101, Franklin County, Vermont","15","14","1"
"1000000US500110101005007","Block 5007, Block Group 5, Census Tract 101, Franklin County, Vermont","2","2","0"
"1000000US500110101005008","Block 5008, Block Group 5, Census Tract 101, Franklin County, Vermont","8","8","0"
"1000000US500110101005009","Block 5009, Block Group 5, Census Tract 101, Franklin County, Vermont","47","44","3"
"1000000US500110101005010","Block 5010, Block Group 5, Census Tract 101, Franklin County, Vermont","1","1","0"
"1000000US500110101005011","Block 5011, Block Group 5, Census Tract 101, Franklin County, Vermont","0","0","0"
"1000000US500110101005012","Block 5012, Block Group 5, Census Tract 101, Franklin County, Vermont","2","2","0"
"1000000US500110101005013","Block 5013, Block Group 5, Census Tract 101, Franklin County, Vermont","2","2","0"
"1000000US500110101005014","Block 5014, Block Group 5, Census Tract 101, Franklin County, Vermont","5","5","0"
"1000000US500110101005015","Block 5015, Block Group 5, Census Tract 101, Franklin County, Vermont","0","0","0"
"1000000US500110101005016","Block 5016, Block Group 5, Census Tract 101, Franklin County, Vermont","6","6","0"
"1000000US500110101005017","Block 5017, Block Group 5, Census Tract 101, Franklin County, Vermont","60","60","0"
"1000000US500110101005018","Block 5018, Block Group 5, Census Tract 101, Franklin County, Vermont","15","14","1"
"1000000US500110101005019","Block 5019, Block Group 5, Census Tract 101, Franklin County, Vermont","13","11","2"
"1000000US500110101005020","Block 5020, Block Group 5, Census Tract 101, Franklin County, Vermont","26","26","0"
"1000000US500110101005021","Block 5021, Block Group 5, Census Tract 101, Franklin County, Vermont","11","6","5"
"1000000US500110101005022","Block 5022, Block Group 5, Census Tract 101, Franklin County, Vermont","14","14","0"
"1000000US500110101005023","Block 5023, Block Group 5, Census Tract 101, Franklin County, Vermont","9","9","0"
"1000000US500110101005024","Block 5024, Block Group 5, Census Tract 101, Franklin County, Vermont","2","2","0"
"1000000US500110101005025","Block 5025, Block Group 5, Census Tract 101, Franklin County, Vermont","24","6","18"
"1000000US500110101005026","Block 5026, Block Group 5, Census Tract 101, Franklin County, Vermont","0","0","0"
"1000000US500110101005027","Block 5027, Block Group 5, Census Tract 101, Franklin County, Vermont","9","7","2"
"1000000US500110101005028","Block 5028, Block Group 5, Census Tract 101, Franklin County, Vermont","27","1","26"
"1000000US500110101005029","Block 5029, Block Group 5, Census Tract 101, Franklin County, Vermont","0","0","0"
"1000000US500110101005030","Block 5030, Block Group 5, Census Tract 101, Franklin County, Vermont","62","6","56"
"1000000US500110101005031","Block 5031, Block Group 5, Census Tract 101, Franklin County, Vermont","2","1","1"
"1000000US500110101005032","Block 5032, Block Group 5, Census Tract 101, Franklin County, Vermont","1","0","1"
"1000000US500110101005033","Block 5033, Block Group 5, Census Tract 101, Franklin County, Vermont","0","0","0"
"1000000US500110101005034","Block 5034, Block Group 5, Census Tract 101, Franklin County, Vermont","5","1","4"
"1000000US500110101005035","Block 5035, Block Group 5, Census Tract 101, Franklin County, Vermont","0","0","0"
"1000000US500110101005036","Block 5036, Block Group 5, Census Tract 101, Franklin County, Vermont","4","1","3"
"1000000US500110101005037","Block 5037, Block Group 5, Census Tract 101, Franklin County, Vermont","29","4","25"
"1000000US500110101005038","Block 5038, Block Group 5, Census Tract 101, Franklin County, Vermont","0","0","0"
"1000000US500110101005039","Block 5039, Block Group 5, Census Tract 101, Franklin County, Vermont","0","0","0"
"1000000US500110101005040","Block 5040, Block Group 5, Census Tract 101, Franklin County, Vermont","0","0","0"
"1000000US500110101005041","Block 5041, Block Group 5, Census Tract 101, Franklin County, Vermont","0","0","0"
"1000000US500110101005042","Block 5042, Block Group 5, Census Tract 101, Franklin County, Vermont","4","1","3"
"1000000US500110101005043","Block 5043, Block Group 5, Census Tract 101, Franklin County, Vermont","68","10","58"
"1000000US500110101005044","Block 5044, Block Group 5, Census Tract 101, Franklin County, Vermont","27","4","23"
"1000000US500110101005045","Block 5045, Block Group 5, Census Tract 101, Franklin County, Vermont","26","24","2"
"1000000US500110101005046","Block 5046, Block Group 5, Census Tract 101, Franklin County, Vermont","78","75","3"
"1000000US500110101005047","Block 5047, Block Group 5, Census Tract 101, Franklin County, Vermont","93","25","68"
"1000000US500110101005048","Block 5048, Block Group 5, Census Tract 101, Franklin County, Vermont","0","0","0"
"1000000US500110101005049","Block 5049, Block Group 5, Census Tract 101, Franklin County, Vermont","0","0","0"
"1000000US500110101005050","Block 5050, Block Group 5, Census Tract 101, Franklin County, Vermont","0","0","0"
"1000000US500110101005051","Block 5051, Block Group 5, Census Tract 101, Franklin County, Vermont","0","0","0"
"1000000US500110101005052","Block 5052, Block Group 5, Census Tract 101, Franklin County, Vermont","0","0","0"
"1000000US500110101005053","Block 5053, Block Group 5, Census Tract 101, Franklin County, Vermont","0","0","0"
"1000000US500110101005054","Block 5054, Block Group 5, Census Tract 101, Franklin County, Vermont","0","0","0"
"1000000US500110101005055","Block 5055, Block Group 5, Census Tract 101, Franklin County, Vermont","0","0","0"
"1000000US500110101005056","Block 5056, Block Group 5, Census Tract 101, Franklin County, Vermont","0","0","0"
"1000000US500110101005057","Block 5057, Block Group 5, Census Tract 101, Franklin County, Vermont","0","0","0"
"1000000US500110101005058","Block 5058, Block Group 5, Census Tract 101, Franklin County, Vermont","0","0","0"
"1000000US500110101005059","Block 5059, Block Group 5, Census Tract 101, Franklin County, Vermont","0","0","0"
"1000000US500110101005060","Block 5060, Block Group 5, Census Tract 101, Franklin County, Vermont","0","0","0"
"1000000US500110101005061","Block 5061, Block Group 5, Census Tract 101, Franklin County, Vermont","0","0","0"
"1000000US500110101005062","Block 5062, Block Group 5, Census Tract 101, Franklin County, Vermont","0","0","0"
"1000000US500110101005063","Block 5063, Block Group 5, Census Tract 101, Franklin County, Vermont","0","0","0"
"1000000US500110101005064","Block 5064, Block Group 5, Census Tract 101, Franklin County, Vermont","17","12","5"
"1000000US500110101005065","Block 5065, Block Group 5, Census Tract 101, Franklin County, Vermont","0","0","0"
"1000000US500110101005066","Block 5066, Block Group 5, Census Tract 101, Franklin County, Vermont","0","0","0"
"1000000US500110101005067","Block 5067, Block Group 5, Census Tract 101, Franklin County, Vermont","16","16","0"
"1000000US500110101005068","Block 5068, Block Group 5, Census Tract 101, Franklin County, Vermont","9","9","0"
"1000000US500110101005069","Block 5069, Block Group 5, Census Tract 101, Franklin County, Vermont","19","19","0"
"1000000US500110101005070","Block 5070, Block Group 5, Census Tract 101, Franklin County, Vermont","12","12","0"
"1000000US500110101005071","Block 5071, Block Group 5, Census Tract 101, Franklin County, Vermont","2","2","0"
"1000000US500110101005072","Block 5072, Block Group 5, Census Tract 101, Franklin County, Vermont","0","0","0"
"1000000US500110101005073","Block 5073, Block Group 5, Census Tract 101, Franklin County, Vermont","10","9","1"
"1000000US500110101005074","Block 5074, Block Group 5, Census Tract 101, Franklin County, Vermont","0","0","0"
"1000000US500110101005075","Block 5075, Block Group 5, Census Tract 101, Franklin County, Vermont","0","0","0"
"1000000US500110101005076","Block 5076, Block Group 5, Census Tract 101, Franklin County, Vermont","3","3","0"
"1000000US500110101005077","Block 5077, Block Group 5, Census Tract 101, Franklin County, Vermont","5","5","0"
"1000000US500110101005078","Block 5078, Block Group 5, Census Tract 101, Franklin County, Vermont","3","3","0"
"1000000US500110101005079","Block 5079, Block Group 5, Census Tract 101, Franklin County, Vermont","0","0","0"
"1000000US500110101005080","Block 5080, Block Group 5, Census Tract 101, Franklin County, Vermont","6","6","0"
"1000000US500110101005081","Block 5081, Block Group 5, Census Tract 101, Franklin County, Vermont","3","3","0"
"1000000US500110102001000","Block 1000, Block Group 1, Census Tract 102, Franklin County, Vermont","15","15","0"
"1000000US500110102001001","Block 1001, Block Group 1, Census Tract 102, Franklin County, Vermont","14","13","1"
"1000000US500110102001002","Block 1002, Block Group 1, Census Tract 102, Franklin County, Vermont","0","0","0"
"1000000US500110102001003","Block 1003, Block Group 1, Census Tract 102, Franklin County, Vermont","24","23","1"
"1000000US500110102001004","Block 1004, Block Group 1, Census Tract 102, Franklin County, Vermont","0","0","0"
"1000000US500110102001005","Block 1005, Block Group 1, Census Tract 102, Franklin County, Vermont","7","6","1"
"1000000US500110102001006","Block 1006, Block Group 1, Census Tract 102, Franklin County, Vermont","0","0","0"
"1000000US500110102001007","Block 1007, Block Group 1, Census Tract 102, Franklin County, Vermont","3","3","0"
"1000000US500110102001008","Block 1008, Block Group 1, Census Tract 102, Franklin County, Vermont","0","0","0"
"1000000US500110102001009","Block 1009, Block Group 1, Census Tract 102, Franklin County, Vermont","38","34","4"
"1000000US500110102001010","Block 1010, Block Group 1, Census Tract 102, Franklin County, Vermont","29","28","1"
"1000000US500110102001011","Block 1011, Block Group 1, Census Tract 102, Franklin County, Vermont","18","18","0"
"1000000US500110102001012","Block 1012, Block Group 1, Census Tract 102, Franklin County, Vermont","2","2","0"
"1000000US500110102001013","Block 1013, Block Group 1, Census Tract 102, Franklin County, Vermont","2","2","0"
"1000000US500110102001014","Block 1014, Block Group 1, Census Tract 102, Franklin County, Vermont","47","46","1"
"1000000US500110102001015","Block 1015, Block Group 1, Census Tract 102, Franklin County, Vermont","0","0","0"
"1000000US500110102001016","Block 1016, Block Group 1, Census Tract 102, Franklin County, Vermont","0","0","0"
"1000000US500110102001017","Block 1017, Block Group 1, Census Tract 102, Franklin County, Vermont","0","0","0"
"1000000US500110102001018","Block 1018, Block Group 1, Census Tract 102, Franklin County, Vermont","0","0","0"
"1000000US500110102001019","Block 1019, Block Group 1, Census Tract 102, Franklin County, Vermont","0","0","0"
"1000000US500110102001020","Block 1020, Block Group 1, Census Tract 102, Franklin County, Vermont","2","2","0"
"1000000US500110102001021","Block 1021, Block Group 1, Census Tract 102, Franklin County, Vermont","2","2","0"
"1000000US500110102001022","Block 1022, Block Group 1, Census Tract 102, Franklin County, Vermont","2","2","0"
"1000000US500110102001023","Block 1023, Block Group 1, Census Tract 102, Franklin County, Vermont","1","1","0"
"1000000US500110102001024","Block 1024, Block Group 1, Census Tract 102, Franklin County, Vermont","0","0","0"
"1000000US500110102001025","Block 1025, Block Group 1, Census Tract 102, Franklin County, Vermont","0","0","0"
"1000000US500110102001026","Block 1026, Block Group 1, Census Tract 102, Franklin County, Vermont","1","1","0"
"1000000US500110102001027","Block 1027, Block Group 1, Census Tract 102, Franklin County, Vermont","1","1","0"
"1000000US500110102001028","Block 1028, Block Group 1, Census Tract 102, Franklin County, Vermont","24","22","2"
"1000000US500110102001029","Block 1029, Block Group 1, Census Tract 102, Franklin County, Vermont","0","0","0"
"1000000US500110102001030","Block 1030, Block Group 1, Census Tract 102, Franklin County, Vermont","0","0","0"
"1000000US500110102001031","Block 1031, Block Group 1, Census Tract 102, Franklin County, Vermont","4","4","0"
"1000000US500110102001032","Block 1032, Block Group 1, Census Tract 102, Franklin County, Vermont","7","7","0"
"1000000US500110102001033","Block 1033, Block Group 1, Census Tract 102, Franklin County, Vermont","0","0","0"
"1000000US500110102001034","Block 1034, Block Group 1, Census Tract 102, Franklin County, Vermont","4","4","0"
"1000000US500110102001035","Block 1035, Block Group 1, Census Tract 102, Franklin County, Vermont","0","0","0"
"1000000US500110102001036","Block 1036, Block Group 1, Census Tract 102, Franklin County, Vermont","14","14","0"
"1000000US500110102001037","Block 1037, Block Group 1, Census Tract 102, Franklin County, Vermont","0","0","0"
"1000000US500110102001038","Block 1038, Block Group 1, Census Tract 102, Franklin County, Vermont","0","0","0"
"1000000US500110102001039","Block 1039, Block Group 1, Census Tract 102, Franklin County, Vermont","11","10","1"
"1000000US500110102001040","Block 1040, Block Group 1, Census Tract 102, Franklin County, Vermont","16","16","0"
"1000000US500110102001041","Block 1041, Block Group 1, Census Tract 102, Franklin County, Vermont","4","2","2"
"1000000US500110102001042","Block 1042, Block Group 1, Census Tract 102, Franklin County, Vermont","0","0","0"
"1000000US500110102001043","Block 1043, Block Group 1, Census Tract 102, Franklin County, Vermont","6","5","1"
"1000000US500110102001044","Block 1044, Block Group 1, Census Tract 102, Franklin County, Vermont","1","1","0"
"1000000US500110102001045","Block 1045, Block Group 1, Census Tract 102, Franklin County, Vermont","7","7","0"
"1000000US500110102001046","Block 1046, Block Group 1, Census Tract 102, Franklin County, Vermont","0","0","0"
"1000000US500110102001047","Block 1047, Block Group 1, Census Tract 102, Franklin County, Vermont","33","33","0"
"1000000US500110102001048","Block 1048, Block Group 1, Census Tract 102, Franklin County, Vermont","17","16","1"
"1000000US500110102001049","Block 1049, Block Group 1, Census Tract 102, Franklin County, Vermont","13","13","0"
"1000000US500110102001050","Block 1050, Block Group 1, Census Tract 102, Franklin County, Vermont","3","3","0"
"1000000US500110102001051","Block 1051, Block Group 1, Census Tract 102, Franklin County, Vermont","0","0","0"
"1000000US500110102001052","Block 1052, Block Group 1, Census Tract 102, Franklin County, Vermont","0","0","0"
"1000000US500110102001053","Block 1053, Block Group 1, Census Tract 102, Franklin County, Vermont","4","3","1"
"1000000US500110102001054","Block 1054, Block Group 1, Census Tract 102, Franklin County, Vermont","18","17","1"
"1000000US500110102001055","Block 1055, Block Group 1, Census Tract 102, Franklin County, Vermont","0","0","0"
"1000000US500110102001056","Block 1056, Block Group 1, Census Tract 102, Franklin County, Vermont","0","0","0"
"1000000US500110102001057","Block 1057, Block Group 1, Census Tract 102, Franklin County, Vermont","0","0","0"
"1000000US500110102001058","Block 1058, Block Group 1, Census Tract 102, Franklin County, Vermont","1","1","0"
"1000000US500110102001059","Block 1059, Block Group 1, Census Tract 102, Franklin County, Vermont","0","0","0"
"1000000US500110102001060","Block 1060, Block Group 1, Census Tract 102, Franklin County, Vermont","44","44","0"
"1000000US500110102001061","Block 1061, Block Group 1, Census Tract 102, Franklin County, Vermont","0","0","0"
"1000000US500110102001062","Block 1062, Block Group 1, Census Tract 102, Franklin County, Vermont","0","0","0"
"1000000US500110102001063","Block 1063, Block Group 1, Census Tract 102, Franklin County, Vermont","3","3","0"
"1000000US500110102001064","Block 1064, Block Group 1, Census Tract 102, Franklin County, Vermont","0","0","0"
"1000000US500110102001065","Block 1065, Block Group 1, Census Tract 102, Franklin County, Vermont","29","29","0"
"1000000US500110102001066","Block 1066, Block Group 1, Census Tract 102, Franklin County, Vermont","5","4","1"
"1000000US500110102001067","Block 1067, Block Group 1, Census Tract 102, Franklin County, Vermont","3","3","0"
"1000000US500110102001068","Block 1068, Block Group 1, Census Tract 102, Franklin County, Vermont","6","5","1"
"1000000US500110102001069","Block 1069, Block Group 1, Census Tract 102, Franklin County, Vermont","1","1","0"
"1000000US500110102001070","Block 1070, Block Group 1, Census Tract 102, Franklin County, Vermont","0","0","0"
"1000000US500110102001071","Block 1071, Block Group 1, Census Tract 102, Franklin County, Vermont","19","17","2"
"1000000US500110102001072","Block 1072, Block Group 1, Census Tract 102, Franklin County, Vermont","1","1","0"
"1000000US500110102001073","Block 1073, Block Group 1, Census Tract 102, Franklin County, Vermont","1","1","0"
"1000000US500110102001074","Block 1074, Block Group 1, Census Tract 102, Franklin County, Vermont","11","9","2"
"1000000US500110102001075","Block 1075, Block Group 1, Census Tract 102, Franklin County, Vermont","1","1","0"
"1000000US500110102001076","Block 1076, Block Group 1, Census Tract 102, Franklin County, Vermont","0","0","0"
"1000000US500110102001077","Block 1077, Block Group 1, Census Tract 102, Franklin County, Vermont","0","0","0"
"1000000US500110102001078","Block 1078, Block Group 1, Census Tract 102, Franklin County, Vermont","4","4","0"
"1000000US500110102001079","Block 1079, Block Group 1, Census Tract 102, Franklin County, Vermont","0","0","0"
"1000000US500110102001080","Block 1080, Block Group 1, Census Tract 102, Franklin County, Vermont","1","1","0"
"1000000US500110102001081","Block 1081, Block Group 1, Census Tract 102, Franklin County, Vermont","0","0","0"
"1000000US500110102001082","Block 1082, Block Group 1, Census Tract 102, Franklin County, Vermont","0","0","0"
"1000000US500110102001083","Block 1083, Block Group 1, Census Tract 102, Franklin County, Vermont","10","9","1"
"1000000US500110102001084","Block 1084, Block Group 1, Census Tract 102, Franklin County, Vermont","16","15","1"
"1000000US500110102001085","Block 1085, Block Group 1, Census Tract 102, Franklin County, Vermont","0","0","0"
"1000000US500110102001086","Block 1086, Block Group 1, Census Tract 102, Franklin County, Vermont","2","1","1"
"1000000US500110102001087","Block 1087, Block Group 1, Census Tract 102, Franklin County, Vermont","4","3","1"
"1000000US500110102001088","Block 1088, Block Group 1, Census Tract 102, Franklin County, Vermont","4","4","0"
"1000000US500110102001089","Block 1089, Block Group 1, Census Tract 102, Franklin County, Vermont","5","5","0"
"1000000US500110102001090","Block 1090, Block Group 1, Census Tract 102, Franklin County, Vermont","40","38","2"
"1000000US500110102001091","Block 1091, Block Group 1, Census Tract 102, Franklin County, Vermont","2","2","0"
"1000000US500110102001092","Block 1092, Block Group 1, Census Tract 102, Franklin County, Vermont","0","0","0"
"1000000US500110102001093","Block 1093, Block Group 1, Census Tract 102, Franklin County, Vermont","1","1","0"
"1000000US500110102001094","Block 1094, Block Group 1, Census Tract 102, Franklin County, Vermont","13","11","2"
"1000000US500110102001095","Block 1095, Block Group 1, Census Tract 102, Franklin County, Vermont","21","18","3"
"1000000US500110102001096","Block 1096, Block Group 1, Census Tract 102, Franklin County, Vermont","3","3","0"
"1000000US500110102001097","Block 1097, Block Group 1, Census Tract 102, Franklin County, Vermont","0","0","0"
"1000000US500110102001098","Block 1098, Block Group 1, Census Tract 102, Franklin County, Vermont","3","2","1"
"1000000US500110102001099","Block 1099, Block Group 1, Census Tract 102, Franklin County, Vermont","0","0","0"
"1000000US500110102002000","Block 2000, Block Group 2, Census Tract 102, Franklin County, Vermont","7","7","0"
"1000000US500110102002001","Block 2001, Block Group 2, Census Tract 102, Franklin County, Vermont","6","5","1"
"1000000US500110102002002","Block 2002, Block Group 2, Census Tract 102, Franklin County, Vermont","18","17","1"
"1000000US500110102002003","Block 2003, Block Group 2, Census Tract 102, Franklin County, Vermont","13","12","1"
"1000000US500110102002004","Block 2004, Block Group 2, Census Tract 102, Franklin County, Vermont","5","4","1"
"1000000US500110102002005","Block 2005, Block Group 2, Census Tract 102, Franklin County, Vermont","43","35","8"
"1000000US500110102002006","Block 2006, Block Group 2, Census Tract 102, Franklin County, Vermont","0","0","0"
"1000000US500110102002007","Block 2007, Block Group 2, Census Tract 102, Franklin County, Vermont","20","20","0"
"1000000US500110102002008","Block 2008, Block Group 2, Census Tract 102, Franklin County, Vermont","1","1","0"
"1000000US500110102002009","Block 2009, Block Group 2, Census Tract 102, Franklin County, Vermont","7","7","0"
"1000000US500110102002010","Block 2010, Block Group 2, Census Tract 102, Franklin County, Vermont","4","4","0"
"1000000US500110102002011","Block 2011, Block Group 2, Census Tract 102, Franklin County, Vermont","0","0","0"
"1000000US500110102002012","Block 2012, Block Group 2, Census Tract 102, Franklin County, Vermont","15","13","2"
"1000000US500110102002013","Block 2013, Block Group 2, Census Tract 102, Franklin County, Vermont","67","56","11"
"1000000US500110102002014","Block 2014, Block Group 2, Census Tract 102, Franklin County, Vermont","18","16","2"
"1000000US500110102002015","Block 2015, Block Group 2, Census Tract 102, Franklin County, Vermont","25","23","2"
"1000000US500110102002016","Block 2016, Block Group 2, Census Tract 102, Franklin County, Vermont","0","0","0"
"1000000US500110102002017","Block 2017, Block Group 2, Census Tract 102, Franklin County, Vermont","0","0","0"
"1000000US500110102002018","Block 2018, Block Group 2, Census Tract 102, Franklin County, Vermont","14","13","1"
"1000000US500110102002019","Block 2019, Block Group 2, Census Tract 102, Franklin County, Vermont","3","3","0"
"1000000US500110102002020","Block 2020, Block Group 2, Census Tract 102, Franklin County, Vermont","31","29","2"
"1000000US500110102002021","Block 2021, Block Group 2, Census Tract 102, Franklin County, Vermont","6","6","0"
"1000000US500110102002022","Block 2022, Block Group 2, Census Tract 102, Franklin County, Vermont","5","5","0"
"1000000US500110102002023","Block 2023, Block Group 2, Census Tract 102, Franklin County, Vermont","14","12","2"
"1000000US500110102002024","Block 2024, Block Group 2, Census Tract 102, Franklin County, Vermont","51","41","10"
"1000000US500110102002025","Block 2025, Block Group 2, Census Tract 102, Franklin County, Vermont","48","43","5"
"1000000US500110102002026","Block 2026, Block Group 2, Census Tract 102, Franklin County, Vermont","20","15","5"
"1000000US500110102002027","Block 2027, Block Group 2, Census Tract 102, Franklin County, Vermont","19","16","3"
"1000000US500110102002028","Block 2028, Block Group 2, Census Tract 102, Franklin County, Vermont","34","30","4"
"1000000US500110102002029","Block 2029, Block Group 2, Census Tract 102, Franklin County, Vermont","36","29","7"
"1000000US500110102002030","Block 2030, Block Group 2, Census Tract 102, Franklin County, Vermont","0","0","0"
"1000000US500110102002031","Block 2031, Block Group 2, Census Tract 102, Franklin County, Vermont","15","12","3"
"1000000US500110102002032","Block 2032, Block Group 2, Census Tract 102, Franklin County, Vermont","2","2","0"
"1000000US500110102002033","Block 2033, Block Group 2, Census Tract 102, Franklin County, Vermont","0","0","0"
"1000000US500110102002034","Block 2034, Block Group 2, Census Tract 102, Franklin County, Vermont","0","0","0"
"1000000US500110102002035","Block 2035, Block Group 2, Census Tract 102, Franklin County, Vermont","2","2","0"
"1000000US500110102002036","Block 2036, Block Group 2, Census Tract 102, Franklin County, Vermont","16","16","0"
"1000000US500110102002037","Block 2037, Block Group 2, Census Tract 102, Franklin County, Vermont","0","0","0"
"1000000US500110102002038","Block 2038, Block Group 2, Census Tract 102, Franklin County, Vermont","1","1","0"
"1000000US500110102002039","Block 2039, Block Group 2, Census Tract 102, Franklin County, Vermont","29","25","4"
"1000000US500110102003000","Block 3000, Block Group 3, Census Tract 102, Franklin County, Vermont","1","1","0"
"1000000US500110102003001","Block 3001, Block Group 3, Census Tract 102, Franklin County, Vermont","1","1","0"
"1000000US500110102003002","Block 3002, Block Group 3, Census Tract 102, Franklin County, Vermont","2","2","0"
"1000000US500110102003003","Block 3003, Block Group 3, Census Tract 102, Franklin County, Vermont","0","0","0"
"1000000US500110102003004","Block 3004, Block Group 3, Census Tract 102, Franklin County, Vermont","0","0","0"
"1000000US500110102003005","Block 3005, Block Group 3, Census Tract 102, Franklin County, Vermont","0","0","0"
"1000000US500110102003006","Block 3006, Block Group 3, Census Tract 102, Franklin County, Vermont","28","22","6"
"1000000US500110102003007","Block 3007, Block Group 3, Census Tract 102, Franklin County, Vermont","0","0","0"
"1000000US500110102003008","Block 3008, Block Group 3, Census Tract 102, Franklin County, Vermont","43","40","3"
"1000000US500110102003009","Block 3009, Block Group 3, Census Tract 102, Franklin County, Vermont","0","0","0"
"1000000US500110102003010","Block 3010, Block Group 3, Census Tract 102, Franklin County, Vermont","0","0","0"
"1000000US500110102003011","Block 3011, Block Group 3, Census Tract 102, Franklin County, Vermont","3","2","1"
"1000000US500110102003012","Block 3012, Block Group 3, Census Tract 102, Franklin County, Vermont","0","0","0"
"1000000US500110102003013","Block 3013, Block Group 3, Census Tract 102, Franklin County, Vermont","5","3","2"
"1000000US500110102003014","Block 3014, Block Group 3, Census Tract 102, Franklin County, Vermont","61","39","22"
"1000000US500110102003015","Block 3015, Block Group 3, Census Tract 102, Franklin County, Vermont","1","1","0"
"1000000US500110102003016","Block 3016, Block Group 3, Census Tract 102, Franklin County, Vermont","3","3","0"
"1000000US500110102003017","Block 3017, Block Group 3, Census Tract 102, Franklin County, Vermont","25","22","3"
"1000000US500110102003018","Block 3018, Block Group 3, Census Tract 102, Franklin County, Vermont","0","0","0"
"1000000US500110102003019","Block 3019, Block Group 3, Census Tract 102, Franklin County, Vermont","40","37","3"
"1000000US500110102003020","Block 3020, Block Group 3, Census Tract 102, Franklin County, Vermont","0","0","0"
"1000000US500110102003021","Block 3021, Block Group 3, Census Tract 102, Franklin County, Vermont","0","0","0"
"1000000US500110102003022","Block 3022, Block Group 3, Census Tract 102, Franklin County, Vermont","0","0","0"
"1000000US500110102003023","Block 3023, Block Group 3, Census Tract 102, Franklin County, Vermont","0","0","0"
"1000000US500110102003024","Block 3024, Block Group 3, Census Tract 102, Franklin County, Vermont","0","0","0"
"1000000US500110102003025","Block 3025, Block Group 3, Census Tract 102, Franklin County, Vermont","0","0","0"
"1000000US500110102003026","Block 3026, Block Group 3, Census Tract 102, Franklin County, Vermont","0","0","0"
"1000000US500110102003027","Block 3027, Block Group 3, Census Tract 102, Franklin County, Vermont","0","0","0"
"1000000US500110102003028","Block 3028, Block Group 3, Census Tract 102, Franklin County, Vermont","0","0","0"
"1000000US500110102003029","Block 3029, Block Group 3, Census Tract 102, Franklin County, Vermont","5","5","0"
"1000000US500110102003030","Block 3030, Block Group 3, Census Tract 102, Franklin County, Vermont","1","1","0"
"1000000US500110102003031","Block 3031, Block Group 3, Census Tract 102, Franklin County, Vermont","25","23","2"
"1000000US500110102003032","Block 3032, Block Group 3, Census Tract 102, Franklin County, Vermont","0","0","0"
"1000000US500110102003033","Block 3033, Block Group 3, Census Tract 102, Franklin County, Vermont","0","0","0"
"1000000US500110102003034","Block 3034, Block Group 3, Census Tract 102, Franklin County, Vermont","1","1","0"
"1000000US500110102003035","Block 3035, Block Group 3, Census Tract 102, Franklin County, Vermont","5","4","1"
"1000000US500110102003036","Block 3036, Block Group 3, Census Tract 102, Franklin County, Vermont","20","15","5"
"1000000US500110102003037","Block 3037, Block Group 3, Census Tract 102, Franklin County, Vermont","39","37","2"
"1000000US500110102003038","Block 3038, Block Group 3, Census Tract 102, Franklin County, Vermont","23","23","0"
"1000000US500110102003039","Block 3039, Block Group 3, Census Tract 102, Franklin County, Vermont","0","0","0"
"1000000US500110102003040","Block 3040, Block Group 3, Census Tract 102, Franklin County, Vermont","1","1","0"
"1000000US500110102003041","Block 3041, Block Group 3, Census Tract 102, Franklin County, Vermont","19","18","1"
"1000000US500110102003042","Block 3042, Block Group 3, Census Tract 102, Franklin County, Vermont","15","13","2"
"1000000US500110102003043","Block 3043, Block Group 3, Census Tract 102, Franklin County, Vermont","0","0","0"
"1000000US500110102003044","Block 3044, Block Group 3, Census Tract 102, Franklin County, Vermont","0","0","0"
"1000000US500110102003045","Block 3045, Block Group 3, Census Tract 102, Franklin County, Vermont","0","0","0"
"1000000US500110102003046","Block 3046, Block Group 3, Census Tract 102, Franklin County, Vermont","1","1","0"
"1000000US500110102003047","Block 3047, Block Group 3, Census Tract 102, Franklin County, Vermont","1","1","0"
"1000000US500110102003048","Block 3048, Block Group 3, Census Tract 102, Franklin County, Vermont","2","2","0"
"1000000US500110102003049","Block 3049, Block Group 3, Census Tract 102, Franklin County, Vermont","15","12","3"
"1000000US500110102003050","Block 3050, Block Group 3, Census Tract 102, Franklin County, Vermont","0","0","0"
"1000000US500110102003051","Block 3051, Block Group 3, Census Tract 102, Franklin County, Vermont","2","0","2"
"1000000US500110102003052","Block 3052, Block Group 3, Census Tract 102, Franklin County, Vermont","2","2","0"
"1000000US500110102003053","Block 3053, Block Group 3, Census Tract 102, Franklin County, Vermont","1","1","0"
"1000000US500110102003054","Block 3054, Block Group 3, Census Tract 102, Franklin County, Vermont","1","0","1"
"1000000US500110102003055","Block 3055, Block Group 3, Census Tract 102, Franklin County, Vermont","0","0","0"
"1000000US500110102003056","Block 3056, Block Group 3, Census Tract 102, Franklin County, Vermont","1","1","0"
"1000000US500110102003057","Block 3057, Block Group 3, Census Tract 102, Franklin County, Vermont","0","0","0"
"1000000US500110102003058","Block 3058, Block Group 3, Census Tract 102, Franklin County, Vermont","2","2","0"
"1000000US500110102003059","Block 3059, Block Group 3, Census Tract 102, Franklin County, Vermont","0","0","0"
"1000000US500110102003060","Block 3060, Block Group 3, Census Tract 102, Franklin County, Vermont","1","1","0"
"1000000US500110102003061","Block 3061, Block Group 3, Census Tract 102, Franklin County, Vermont","0","0","0"
"1000000US500110102003062","Block 3062, Block Group 3, Census Tract 102, Franklin County, Vermont","0","0","0"
"1000000US500110102003063","Block 3063, Block Group 3, Census Tract 102, Franklin County, Vermont","0","0","0"
"1000000US500110102003064","Block 3064, Block Group 3, Census Tract 102, Franklin County, Vermont","1","1","0"
"1000000US500110102003065","Block 3065, Block Group 3, Census Tract 102, Franklin County, Vermont","7","7","0"
"1000000US500110102003066","Block 3066, Block Group 3, Census Tract 102, Franklin County, Vermont","0","0","0"
"1000000US500110102003067","Block 3067, Block Group 3, Census Tract 102, Franklin County, Vermont","0","0","0"
"1000000US500110102003068","Block 3068, Block Group 3, Census Tract 102, Franklin County, Vermont","8","7","1"
"1000000US500110102003069","Block 3069, Block Group 3, Census Tract 102, Franklin County, Vermont","3","3","0"
"1000000US500110102003070","Block 3070, Block Group 3, Census Tract 102, Franklin County, Vermont","8","7","1"
"1000000US500110102003071","Block 3071, Block Group 3, Census Tract 102, Franklin County, Vermont","0","0","0"
"1000000US500110102003072","Block 3072, Block Group 3, Census Tract 102, Franklin County, Vermont","16","16","0"
"1000000US500110102003073","Block 3073, Block Group 3, Census Tract 102, Franklin County, Vermont","18","14","4"
"1000000US500110102003074","Block 3074, Block Group 3, Census Tract 102, Franklin County, Vermont","4","4","0"
"1000000US500110102003075","Block 3075, Block Group 3, Census Tract 102, Franklin County, Vermont","0","0","0"
"1000000US500110102003076","Block 3076, Block Group 3, Census Tract 102, Franklin County, Vermont","0","0","0"
"1000000US500110102003077","Block 3077, Block Group 3, Census Tract 102, Franklin County, Vermont","0","0","0"
"1000000US500110102003078","Block 3078, Block Group 3, Census Tract 102, Franklin County, Vermont","1","1","0"
"1000000US500110102003079","Block 3079, Block Group 3, Census Tract 102, Franklin County, Vermont","3","3","0"
"1000000US500110102003080","Block 3080, Block Group 3, Census Tract 102, Franklin County, Vermont","3","3","0"
"1000000US500110102003081","Block 3081, Block Group 3, Census Tract 102, Franklin County, Vermont","0","0","0"
"1000000US500110102003082","Block 3082, Block Group 3, Census Tract 102, Franklin County, Vermont","0","0","0"
"1000000US500110102003083","Block 3083, Block Group 3, Census Tract 102, Franklin County, Vermont","0","0","0"
"1000000US500110102003084","Block 3084, Block Group 3, Census Tract 102, Franklin County, Vermont","3","3","0"
"1000000US500110102003085","Block 3085, Block Group 3, Census Tract 102, Franklin County, Vermont","6","4","2"
"1000000US500110102003086","Block 3086, Block Group 3, Census Tract 102, Franklin County, Vermont","0","0","0"
"1000000US500110102003087","Block 3087, Block Group 3, Census Tract 102, Franklin County, Vermont","18","17","1"
"1000000US500110102003088","Block 3088, Block Group 3, Census Tract 102, Franklin County, Vermont","0","0","0"
"1000000US500110102003089","Block 3089, Block Group 3, Census Tract 102, Franklin County, Vermont","4","4","0"
"1000000US500110102003090","Block 3090, Block Group 3, Census Tract 102, Franklin County, Vermont","11","9","2"
"1000000US500110102003091","Block 3091, Block Group 3, Census Tract 102, Franklin County, Vermont","0","0","0"
"1000000US500110102003092","Block 3092, Block Group 3, Census Tract 102, Franklin County, Vermont","4","4","0"
"1000000US500110102003093","Block 3093, Block Group 3, Census Tract 102, Franklin County, Vermont","4","3","1"
"1000000US500110102003094","Block 3094, Block Group 3, Census Tract 102, Franklin County, Vermont","18","17","1"
"1000000US500110102003095","Block 3095, Block Group 3, Census Tract 102, Franklin County, Vermont","2","1","1"
"1000000US500110102003096","Block 3096, Block Group 3, Census Tract 102, Franklin County, Vermont","1","1","0"
"1000000US500110102003097","Block 3097, Block Group 3, Census Tract 102, Franklin County, Vermont","7","6","1"
"1000000US500110102003098","Block 3098, Block Group 3, Census Tract 102, Franklin County, Vermont","0","0","0"
"1000000US500110102003099","Block 3099, Block Group 3, Census Tract 102, Franklin County, Vermont","1","1","0"
"1000000US500110102003100","Block 3100, Block Group 3, Census Tract 102, Franklin County, Vermont","0","0","0"
"1000000US500110102003101","Block 3101, Block Group 3, Census Tract 102, Franklin County, Vermont","5","5","0"
"1000000US500110102003102","Block 3102, Block Group 3, Census Tract 102, Franklin County, Vermont","0","0","0"
"1000000US500110102003103","Block 3103, Block Group 3, Census Tract 102, Franklin County, Vermont","1","1","0"
"1000000US500110102003104","Block 3104, Block Group 3, Census Tract 102, Franklin County, Vermont","12","11","1"
"1000000US500110102003105","Block 3105, Block Group 3, Census Tract 102, Franklin County, Vermont","4","2","2"
"1000000US500110102003106","Block 3106, Block Group 3, Census Tract 102, Franklin County, Vermont","1","1","0"
"1000000US500110102003107","Block 3107, Block Group 3, Census Tract 102, Franklin County, Vermont","24","22","2"
"1000000US500110102003108","Block 3108, Block Group 3, Census Tract 102, Franklin County, Vermont","6","6","0"
"1000000US500110102003109","Block 3109, Block Group 3, Census Tract 102, Franklin County, Vermont","0","0","0"
"1000000US500110102003110","Block 3110, Block Group 3, Census Tract 102, Franklin County, Vermont","27","23","4"
"1000000US500110102003111","Block 3111, Block Group 3, Census Tract 102, Franklin County, Vermont","6","6","0"
"1000000US500110102003112","Block 3112, Block Group 3, Census Tract 102, Franklin County, Vermont","16","14","2"
"1000000US500110102003113","Block 3113, Block Group 3, Census Tract 102, Franklin County, Vermont","5","4","1"
"1000000US500110102003114","Block 3114, Block Group 3, Census Tract 102, Franklin County, Vermont","13","13","0"
"1000000US500110102003115","Block 3115, Block Group 3, Census Tract 102, Franklin County, Vermont","7","5","2"
"1000000US500110102003116","Block 3116, Block Group 3, Census Tract 102, Franklin County, Vermont","0","0","0"
"1000000US500110102003117","Block 3117, Block Group 3, Census Tract 102, Franklin County, Vermont","1","1","0"
"1000000US500110102003118","Block 3118, Block Group 3, Census Tract 102, Franklin County, Vermont","1","1","0"
"1000000US500110102003119","Block 3119, Block Group 3, Census Tract 102, Franklin County, Vermont","0","0","0"
"1000000US500110102003120","Block 3120, Block Group 3, Census Tract 102, Franklin County, Vermont","0","0","0"
"1000000US500110102003121","Block 3121, Block Group 3, Census Tract 102, Franklin County, Vermont","0","0","0"
"1000000US500110103001000","Block 1000, Block Group 1, Census Tract 103, Franklin County, Vermont","0","0","0"
"1000000US500110103001001","Block 1001, Block Group 1, Census Tract 103, Franklin County, Vermont","0","0","0"
"1000000US500110103001002","Block 1002, Block Group 1, Census Tract 103, Franklin County, Vermont","0","0","0"
"1000000US500110103001003","Block 1003, Block Group 1, Census Tract 103, Franklin County, Vermont","45","28","17"
"1000000US500110103001004","Block 1004, Block Group 1, Census Tract 103, Franklin County, Vermont","10","7","3"
"1000000US500110103001005","Block 1005, Block Group 1, Census Tract 103, Franklin County, Vermont","2","2","0"
"1000000US500110103001006","Block 1006, Block Group 1, Census Tract 103, Franklin County, Vermont","3","3","0"
"1000000US500110103001007","Block 1007, Block Group 1, Census Tract 103, Franklin County, Vermont","0","0","0"
"1000000US500110103001008","Block 1008, Block Group 1, Census Tract 103, Franklin County, Vermont","12","10","2"
"1000000US500110103001009","Block 1009, Block Group 1, Census Tract 103, Franklin County, Vermont","14","13","1"
"1000000US500110103001010","Block 1010, Block Group 1, Census Tract 103, Franklin County, Vermont","9","9","0"
"1000000US500110103001011","Block 1011, Block Group 1, Census Tract 103, Franklin County, Vermont","0","0","0"
"1000000US500110103001012","Block 1012, Block Group 1, Census Tract 103, Franklin County, Vermont","1","1","0"
"1000000US500110103001013","Block 1013, Block Group 1, Census Tract 103, Franklin County, Vermont","9","6","3"
"1000000US500110103001014","Block 1014, Block Group 1, Census Tract 103, Franklin County, Vermont","11","11","0"
"1000000US500110103001015","Block 1015, Block Group 1, Census Tract 103, Franklin County, Vermont","3","3","0"
"1000000US500110103001016","Block 1016, Block Group 1, Census Tract 103, Franklin County, Vermont","0","0","0"
"1000000US500110103001017","Block 1017, Block Group 1, Census Tract 103, Franklin County, Vermont","54","50","4"
"1000000US500110103001018","Block 1018, Block Group 1, Census Tract 103, Franklin County, Vermont","3","3","0"
"1000000US500110103001019","Block 1019, Block Group 1, Census Tract 103, Franklin County, Vermont","16","10","6"
"1000000US500110103001020","Block 1020, Block Group 1, Census Tract 103, Franklin County, Vermont","5","5","0"
"1000000US500110103001021","Block 1021, Block Group 1, Census Tract 103, Franklin County, Vermont","4","4","0"
"1000000US500110103001022","Block 1022, Block Group 1, Census Tract 103, Franklin County, Vermont","12","10","2"
"1000000US500110103001023","Block 1023, Block Group 1, Census Tract 103, Franklin County, Vermont","0","0","0"
"1000000US500110103001024","Block 1024, Block Group 1, Census Tract 103, Franklin County, Vermont","2","2","0"
"1000000US500110103001025","Block 1025, Block Group 1, Census Tract 103, Franklin County, Vermont","2","2","0"
"1000000US500110103001026","Block 1026, Block Group 1, Census Tract 103, Franklin County, Vermont","0","0","0"
"1000000US500110103001027","Block 1027, Block Group 1, Census Tract 103, Franklin County, Vermont","0","0","0"
"1000000US500110103001028","Block 1028, Block Group 1, Census Tract 103, Franklin County, Vermont","1","1","0"
"1000000US500110103001029","Block 1029, Block Group 1, Census Tract 103, Franklin County, Vermont","26","22","4"
"1000000US500110103001030","Block 1030, Block Group 1, Census Tract 103, Franklin County, Vermont","15","13","2"
"1000000US500110103001031","Block 1031, Block Group 1, Census Tract 103, Franklin County, Vermont","9","9","0"
"1000000US500110103001032","Block 1032, Block Group 1, Census Tract 103, Franklin County, Vermont","14","12","2"
"1000000US500110103001033","Block 1033, Block Group 1, Census Tract 103, Franklin County, Vermont","21","19","2"
"1000000US500110103001034","Block 1034, Block Group 1, Census Tract 103, Franklin County, Vermont","58","53","5"
"1000000US500110103001035","Block 1035, Block Group 1, Census Tract 103, Franklin County, Vermont","0","0","0"
"1000000US500110103001036","Block 1036, Block Group 1, Census Tract 103, Franklin County, Vermont","19","19","0"
"1000000US500110103001037","Block 1037, Block Group 1, Census Tract 103, Franklin County, Vermont","9","9","0"
"1000000US500110103001038","Block 1038, Block Group 1, Census Tract 103, Franklin County, Vermont","5","5","0"
"1000000US500110103001039","Block 1039, Block Group 1, Census Tract 103, Franklin County, Vermont","12","7","5"
"1000000US500110103001040","Block 1040, Block Group 1, Census Tract 103, Franklin County, Vermont","15","12","3"
"1000000US500110103001041","Block 1041, Block Group 1, Census Tract 103, Franklin County, Vermont","0","0","0"
"1000000US500110103001042","Block 1042, Block Group 1, Census Tract 103, Franklin County, Vermont","0","0","0"
"1000000US500110103001043","Block 1043, Block Group 1, Census Tract 103, Franklin County, Vermont","0","0","0"
"1000000US500110103001044","Block 1044, Block Group 1, Census Tract 103, Franklin County, Vermont","0","0","0"
"1000000US500110103001045","Block 1045, Block Group 1, Census Tract 103, Franklin County, Vermont","0","0","0"
"1000000US500110103002000","Block 2000, Block Group 2, Census Tract 103, Franklin County, Vermont","13","11","2"
"1000000US500110103002001","Block 2001, Block Group 2, Census Tract 103, Franklin County, Vermont","1","1","0"
"1000000US500110103002002","Block 2002, Block Group 2, Census Tract 103, Franklin County, Vermont","0","0","0"
"1000000US500110103002003","Block 2003, Block Group 2, Census Tract 103, Franklin County, Vermont","0","0","0"
"1000000US500110103002004","Block 2004, Block Group 2, Census Tract 103, Franklin County, Vermont","0","0","0"
"1000000US500110103002005","Block 2005, Block Group 2, Census Tract 103, Franklin County, Vermont","7","5","2"
"1000000US500110103002006","Block 2006, Block Group 2, Census Tract 103, Franklin County, Vermont","4","2","2"
"1000000US500110103002007","Block 2007, Block Group 2, Census Tract 103, Franklin County, Vermont","0","0","0"
"1000000US500110103002008","Block 2008, Block Group 2, Census Tract 103, Franklin County, Vermont","1","1","0"
"1000000US500110103002009","Block 2009, Block Group 2, Census Tract 103, Franklin County, Vermont","5","5","0"
"1000000US500110103002010","Block 2010, Block Group 2, Census Tract 103, Franklin County, Vermont","1","1","0"
"1000000US500110103002011","Block 2011, Block Group 2, Census Tract 103, Franklin County, Vermont","4","3","1"
"1000000US500110103002012","Block 2012, Block Group 2, Census Tract 103, Franklin County, Vermont","26","21","5"
"1000000US500110103002013","Block 2013, Block Group 2, Census Tract 103, Franklin County, Vermont","0","0","0"
"1000000US500110103002014","Block 2014, Block Group 2, Census Tract 103, Franklin County, Vermont","0","0","0"
"1000000US500110103002015","Block 2015, Block Group 2, Census Tract 103, Franklin County, Vermont","0","0","0"
"1000000US500110103002016","Block 2016, Block Group 2, Census Tract 103, Franklin County, Vermont","0","0","0"
"1000000US500110103002017","Block 2017, Block Group 2, Census Tract 103, Franklin County, Vermont","0","0","0"
"1000000US500110103002018","Block 2018, Block Group 2, Census Tract 103, Franklin County, Vermont","0","0","0"
"1000000US500110103002019","Block 2019, Block Group 2, Census Tract 103, Franklin County, Vermont","0","0","0"
"1000000US500110103002020","Block 2020, Block Group 2, Census Tract 103, Franklin County, Vermont","0","0","0"
"1000000US500110103002021","Block 2021, Block Group 2, Census Tract 103, Franklin County, Vermont","19","12","7"
"1000000US500110103002022","Block 2022, Block Group 2, Census Tract 103, Franklin County, Vermont","9","9","0"
"1000000US500110103002023","Block 2023, Block Group 2, Census Tract 103, Franklin County, Vermont","13","13","0"
"1000000US500110103002024","Block 2024, Block Group 2, Census Tract 103, Franklin County, Vermont","68","47","21"
"1000000US500110103002025","Block 2025, Block Group 2, Census Tract 103, Franklin County, Vermont","26","19","7"
"1000000US500110103002026","Block 2026, Block Group 2, Census Tract 103, Franklin County, Vermont","4","3","1"
"1000000US500110103002027","Block 2027, Block Group 2, Census Tract 103, Franklin County, Vermont","33","27","6"
"1000000US500110103002028","Block 2028, Block Group 2, Census Tract 103, Franklin County, Vermont","23","21","2"
"1000000US500110103002029","Block 2029, Block Group 2, Census Tract 103, Franklin County, Vermont","0","0","0"
"1000000US500110103002030","Block 2030, Block Group 2, Census Tract 103, Franklin County, Vermont","0","0","0"
"1000000US500110103002031","Block 2031, Block Group 2, Census Tract 103, Franklin County, Vermont","41","38","3"
"1000000US500110103002032","Block 2032, Block Group 2, Census Tract 103, Franklin County, Vermont","39","32","7"
"1000000US500110103002033","Block 2033, Block Group 2, Census Tract 103, Franklin County, Vermont","43","36","7"
"1000000US500110103002034","Block 2034, Block Group 2, Census Tract 103, Franklin County, Vermont","3","2","1"
"1000000US500110103002035","Block 2035, Block Group 2, Census Tract 103, Franklin County, Vermont","9","9","0"
"1000000US500110103002036","Block 2036, Block Group 2, Census Tract 103, Franklin County, Vermont","10","10","0"
"1000000US500110103002037","Block 2037, Block Group 2, Census Tract 103, Franklin County, Vermont","32","28","4"
"1000000US500110103002038","Block 2038, Block Group 2, Census Tract 103, Franklin County, Vermont","16","12","4"
"1000000US500110103002039","Block 2039, Block Group 2, Census Tract 103, Franklin County, Vermont","42","36","6"
"1000000US500110103002040","Block 2040, Block Group 2, Census Tract 103, Franklin County, Vermont","0","0","0"
"1000000US500110103002041","Block 2041, Block Group 2, Census Tract 103, Franklin County, Vermont","6","6","0"
"1000000US500110103002042","Block 2042, Block Group 2, Census Tract 103, Franklin County, Vermont","0","0","0"
"1000000US500110103002043","Block 2043, Block Group 2, Census Tract 103, Franklin County, Vermont","0","0","0"
"1000000US500110103002044","Block 2044, Block Group 2, Census Tract 103, Franklin County, Vermont","0","0","0"
"1000000US500110103002045","Block 2045, Block Group 2, Census Tract 103, Franklin County, Vermont","0","0","0"
"1000000US500110103002046","Block 2046, Block Group 2, Census Tract 103, Franklin County, Vermont","1","1","0"
"1000000US500110103002047","Block 2047, Block Group 2, Census Tract 103, Franklin County, Vermont","4","4","0"
"1000000US500110103002048","Block 2048, Block Group 2, Census Tract 103, Franklin County, Vermont","0","0","0"
"1000000US500110103002049","Block 2049, Block Group 2, Census Tract 103, Franklin County, Vermont","2","2","0"
"1000000US500110103002050","Block 2050, Block Group 2, Census Tract 103, Franklin County, Vermont","14","11","3"
"1000000US500110103002051","Block 2051, Block Group 2, Census Tract 103, Franklin County, Vermont","0","0","0"
"1000000US500110103002052","Block 2052, Block Group 2, Census Tract 103, Franklin County, Vermont","20","20","0"
"1000000US500110103002053","Block 2053, Block Group 2, Census Tract 103, Franklin County, Vermont","13","10","3"
"1000000US500110103002054","Block 2054, Block Group 2, Census Tract 103, Franklin County, Vermont","28","21","7"
"1000000US500110103002055","Block 2055, Block Group 2, Census Tract 103, Franklin County, Vermont","16","15","1"
"1000000US500110103002056","Block 2056, Block Group 2, Census Tract 103, Franklin County, Vermont","14","11","3"
"1000000US500110103002057","Block 2057, Block Group 2, Census Tract 103, Franklin County, Vermont","0","0","0"
"1000000US500110103002058","Block 2058, Block Group 2, Census Tract 103, Franklin County, Vermont","1","1","0"
"1000000US500110103002059","Block 2059, Block Group 2, Census Tract 103, Franklin County, Vermont","10","9","1"
"1000000US500110103002060","Block 2060, Block Group 2, Census Tract 103, Franklin County, Vermont","0","0","0"
"1000000US500110103002061","Block 2061, Block Group 2, Census Tract 103, Franklin County, Vermont","0","0","0"
"1000000US500110103002062","Block 2062, Block Group 2, Census Tract 103, Franklin County, Vermont","0","0","0"
"1000000US500110103002063","Block 2063, Block Group 2, Census Tract 103, Franklin County, Vermont","23","18","5"
"1000000US500110103002064","Block 2064, Block Group 2, Census Tract 103, Franklin County, Vermont","2","2","0"
"1000000US500110103002065","Block 2065, Block Group 2, Census Tract 103, Franklin County, Vermont","0","0","0"
"1000000US500110103002066","Block 2066, Block Group 2, Census Tract 103, Franklin County, Vermont","0","0","0"
"1000000US500110103002067","Block 2067, Block Group 2, Census Tract 103, Franklin County, Vermont","6","5","1"
"1000000US500110103002068","Block 2068, Block Group 2, Census Tract 103, Franklin County, Vermont","0","0","0"
"1000000US500110103002069","Block 2069, Block Group 2, Census Tract 103, Franklin County, Vermont","0","0","0"
"1000000US500110103003000","Block 3000, Block Group 3, Census Tract 103, Franklin County, Vermont","115","72","43"
"1000000US500110103003001","Block 3001, Block Group 3, Census Tract 103, Franklin County, Vermont","16","15","1"
"1000000US500110103003002","Block 3002, Block Group 3, Census Tract 103, Franklin County, Vermont","27","19","8"
"1000000US500110103003003","Block 3003, Block Group 3, Census Tract 103, Franklin County, Vermont","4","2","2"
"1000000US500110103003004","Block 3004, Block Group 3, Census Tract 103, Franklin County, Vermont","3","3","0"
"1000000US500110103003005","Block 3005, Block Group 3, Census Tract 103, Franklin County, Vermont","1","1","0"
"1000000US500110103003006","Block 3006, Block Group 3, Census Tract 103, Franklin County, Vermont","0","0","0"
"1000000US500110103003007","Block 3007, Block Group 3, Census Tract 103, Franklin County, Vermont","22","20","2"
"1000000US500110103003008","Block 3008, Block Group 3, Census Tract 103, Franklin County, Vermont","3","3","0"
"1000000US500110103003009","Block 3009, Block Group 3, Census Tract 103, Franklin County, Vermont","0","0","0"
"1000000US500110103003010","Block 3010, Block Group 3, Census Tract 103, Franklin County, Vermont","40","32","8"
"1000000US500110103003011","Block 3011, Block Group 3, Census Tract 103, Franklin County, Vermont","31","25","6"
"1000000US500110103003012","Block 3012, Block Group 3, Census Tract 103, Franklin County, Vermont","0","0","0"
"1000000US500110103003013","Block 3013, Block Group 3, Census Tract 103, Franklin County, Vermont","2","2","0"
"1000000US500110103003014","Block 3014, Block Group 3, Census Tract 103, Franklin County, Vermont","0","0","0"
"1000000US500110103003015","Block 3015, Block Group 3, Census Tract 103, Franklin County, Vermont","2","2","0"
"1000000US500110103003016","Block 3016, Block Group 3, Census Tract 103, Franklin County, Vermont","0","0","0"
"1000000US500110103003017","Block 3017, Block Group 3, Census Tract 103, Franklin County, Vermont","0","0","0"
"1000000US500110103003018","Block 3018, Block Group 3, Census Tract 103, Franklin County, Vermont","2","1","1"
"1000000US500110103003019","Block 3019, Block Group 3, Census Tract 103, Franklin County, Vermont","0","0","0"
"1000000US500110103003020","Block 3020, Block Group 3, Census Tract 103, Franklin County, Vermont","0","0","0"
"1000000US500110103003021","Block 3021, Block Group 3, Census Tract 103, Franklin County, Vermont","17","9","8"
"1000000US500110103003022","Block 3022, Block Group 3, Census Tract 103, Franklin County, Vermont","6","6","0"
"1000000US500110103003023","Block 3023, Block Group 3, Census Tract 103, Franklin County, Vermont","0","0","0"
"1000000US500110103003024","Block 3024, Block Group 3, Census Tract 103, Franklin County, Vermont","0","0","0"
"1000000US500110103003025","Block 3025, Block Group 3, Census Tract 103, Franklin County, Vermont","48","27","21"
"1000000US500110103003026","Block 3026, Block Group 3, Census Tract 103, Franklin County, Vermont","0","0","0"
"1000000US500110103003027","Block 3027, Block Group 3, Census Tract 103, Franklin County, Vermont","0","0","0"
"1000000US500110103003028","Block 3028, Block Group 3, Census Tract 103, Franklin County, Vermont","15","10","5"
"1000000US500110103003029","Block 3029, Block Group 3, Census Tract 103, Franklin County, Vermont","0","0","0"
"1000000US500110103003030","Block 3030, Block Group 3, Census Tract 103, Franklin County, Vermont","6","4","2"
"1000000US500110103003031","Block 3031, Block Group 3, Census Tract 103, Franklin County, Vermont","0","0","0"
"1000000US500110103003032","Block 3032, Block Group 3, Census Tract 103, Franklin County, Vermont","0","0","0"
"1000000US500110103003033","Block 3033, Block Group 3, Census Tract 103, Franklin County, Vermont","13","3","10"
"1000000US500110103003034","Block 3034, Block Group 3, Census Tract 103, Franklin County, Vermont","66","42","24"
"1000000US500110103003035","Block 3035, Block Group 3, Census Tract 103, Franklin County, Vermont","49","31","18"
"1000000US500110103003036","Block 3036, Block Group 3, Census Tract 103, Franklin County, Vermont","1","1","0"
"1000000US500110103003037","Block 3037, Block Group 3, Census Tract 103, Franklin County, Vermont","18","10","8"
"1000000US500110103003038","Block 3038, Block Group 3, Census Tract 103, Franklin County, Vermont","1","0","1"
"1000000US500110103003039","Block 3039, Block Group 3, Census Tract 103, Franklin County, Vermont","1","1","0"
"1000000US500110103003040","Block 3040, Block Group 3, Census Tract 103, Franklin County, Vermont","0","0","0"
"1000000US500110103003041","Block 3041, Block Group 3, Census Tract 103, Franklin County, Vermont","80","44","36"
"1000000US500110103003042","Block 3042, Block Group 3, Census Tract 103, Franklin County, Vermont","71","45","26"
"1000000US500110103003043","Block 3043, Block Group 3, Census Tract 103, Franklin County, Vermont","7","4","3"
"1000000US500110103003044","Block 3044, Block Group 3, Census Tract 103, Franklin County, Vermont","0","0","0"
"1000000US500110103003045","Block 3045, Block Group 3, Census Tract 103, Franklin County, Vermont","5","3","2"
"1000000US500110103003046","Block 3046, Block Group 3, Census Tract 103, Franklin County, Vermont","1","0","1"
"1000000US500110103003047","Block 3047, Block Group 3, Census Tract 103, Franklin County, Vermont","0","0","0"
"1000000US500110103003048","Block 3048, Block Group 3, Census Tract 103, Franklin County, Vermont","5","2","3"
"1000000US500110103003049","Block 3049, Block Group 3, Census Tract 103, Franklin County, Vermont","1","0","1"
"1000000US500110103003050","Block 3050, Block Group 3, Census Tract 103, Franklin County, Vermont","24","9","15"
"1000000US500110103003051","Block 3051, Block Group 3, Census Tract 103, Franklin County, Vermont","12","8","4"
"1000000US500110103003052","Block 3052, Block Group 3, Census Tract 103, Franklin County, Vermont","9","3","6"
"1000000US500110103003053","Block 3053, Block Group 3, Census Tract 103, Franklin County, Vermont","0","0","0"
"1000000US500110103003054","Block 3054, Block Group 3, Census Tract 103, Franklin County, Vermont","0","0","0"
"1000000US500110103003055","Block 3055, Block Group 3, Census Tract 103, Franklin County, Vermont","51","39","12"
"1000000US500110103003056","Block 3056, Block Group 3, Census Tract 103, Franklin County, Vermont","3","3","0"
"1000000US500110103003057","Block 3057, Block Group 3, Census Tract 103, Franklin County, Vermont","13","8","5"
"1000000US500110104001000","Block 1000, Block Group 1, Census Tract 104, Franklin County, Vermont","11","10","1"
"1000000US500110104001001","Block 1001, Block Group 1, Census Tract 104, Franklin County, Vermont","14","14","0"
"1000000US500110104001002","Block 1002, Block Group 1, Census Tract 104, Franklin County, Vermont","5","5","0"
"1000000US500110104001003","Block 1003, Block Group 1, Census Tract 104, Franklin County, Vermont","0","0","0"
"1000000US500110104001004","Block 1004, Block Group 1, Census Tract 104, Franklin County, Vermont","2","2","0"
"1000000US500110104001005","Block 1005, Block Group 1, Census Tract 104, Franklin County, Vermont","0","0","0"
"1000000US500110104001006","Block 1006, Block Group 1, Census Tract 104, Franklin County, Vermont","10","10","0"
"1000000US500110104001007","Block 1007, Block Group 1, Census Tract 104, Franklin County, Vermont","8","8","0"
"1000000US500110104001008","Block 1008, Block Group 1, Census Tract 104, Franklin County, Vermont","2","1","1"
"1000000US500110104001009","Block 1009, Block Group 1, Census Tract 104, Franklin County, Vermont","0","0","0"
"1000000US500110104001010","Block 1010, Block Group 1, Census Tract 104, Franklin County, Vermont","0","0","0"
"1000000US500110104001011","Block 1011, Block Group 1, Census Tract 104, Franklin County, Vermont","2","2","0"
"1000000US500110104001012","Block 1012, Block Group 1, Census Tract 104, Franklin County, Vermont","11","11","0"
"1000000US500110104001013","Block 1013, Block Group 1, Census Tract 104, Franklin County, Vermont","3","3","0"
"1000000US500110104001014","Block 1014, Block Group 1, Census Tract 104, Franklin County, Vermont","4","4","0"
"1000000US500110104001015","Block 1015, Block Group 1, Census Tract 104, Franklin County, Vermont","41","38","3"
"1000000US500110104001016","Block 1016, Block Group 1, Census Tract 104, Franklin County, Vermont","3","3","0"
"1000000US500110104001017","Block 1017, Block Group 1, Census Tract 104, Franklin County, Vermont","36","35","1"
"1000000US500110104001018","Block 1018, Block Group 1, Census Tract 104, Franklin County, Vermont","0","0","0"
"1000000US500110104001019","Block 1019, Block Group 1, Census Tract 104, Franklin County, Vermont","22","21","1"
"1000000US500110104001020","Block 1020, Block Group 1, Census Tract 104, Franklin County, Vermont","0","0","0"
"1000000US500110104001021","Block 1021, Block Group 1, Census Tract 104, Franklin County, Vermont","0","0","0"
"1000000US500110104001022","Block 1022, Block Group 1, Census Tract 104, Franklin County, Vermont","5","5","0"
"1000000US500110104001023","Block 1023, Block Group 1, Census Tract 104, Franklin County, Vermont","4","4","0"
"1000000US500110104001024","Block 1024, Block Group 1, Census Tract 104, Franklin County, Vermont","0","0","0"
"1000000US500110104001025","Block 1025, Block Group 1, Census Tract 104, Franklin County, Vermont","0","0","0"
"1000000US500110104001026","Block 1026, Block Group 1, Census Tract 104, Franklin County, Vermont","0","0","0"
"1000000US500110104001027","Block 1027, Block Group 1, Census Tract 104, Franklin County, Vermont","0","0","0"
"1000000US500110104001028","Block 1028, Block Group 1, Census Tract 104, Franklin County, Vermont","6","6","0"
"1000000US500110104001029","Block 1029, Block Group 1, Census Tract 104, Franklin County, Vermont","2","2","0"
"1000000US500110104001030","Block 1030, Block Group 1, Census Tract 104, Franklin County, Vermont","8","7","1"
"1000000US500110104001031","Block 1031, Block Group 1, Census Tract 104, Franklin County, Vermont","1","1","0"
"1000000US500110104001032","Block 1032, Block Group 1, Census Tract 104, Franklin County, Vermont","1","1","0"
"1000000US500110104001033","Block 1033, Block Group 1, Census Tract 104, Franklin County, Vermont","9","9","0"
"1000000US500110104001034","Block 1034, Block Group 1, Census Tract 104, Franklin County, Vermont","3","3","0"
"1000000US500110104001035","Block 1035, Block Group 1, Census Tract 104, Franklin County, Vermont","0","0","0"
"1000000US500110104001036","Block 1036, Block Group 1, Census Tract 104, Franklin County, Vermont","0","0","0"
"1000000US500110104001037","Block 1037, Block Group 1, Census Tract 104, Franklin County, Vermont","0","0","0"
"1000000US500110104001038","Block 1038, Block Group 1, Census Tract 104, Franklin County, Vermont","0","0","0"
"1000000US500110104001039","Block 1039, Block Group 1, Census Tract 104, Franklin County, Vermont","0","0","0"
"1000000US500110104001040","Block 1040, Block Group 1, Census Tract 104, Franklin County, Vermont","0","0","0"
"1000000US500110104001041","Block 1041, Block Group 1, Census Tract 104, Franklin County, Vermont","8","7","1"
"1000000US500110104001042","Block 1042, Block Group 1, Census Tract 104, Franklin County, Vermont","30","30","0"
"1000000US500110104001043","Block 1043, Block Group 1, Census Tract 104, Franklin County, Vermont","0","0","0"
"1000000US500110104001044","Block 1044, Block Group 1, Census Tract 104, Franklin County, Vermont","0","0","0"
"1000000US500110104001045","Block 1045, Block Group 1, Census Tract 104, Franklin County, Vermont","0","0","0"
"1000000US500110104001046","Block 1046, Block Group 1, Census Tract 104, Franklin County, Vermont","34","30","4"
"1000000US500110104001047","Block 1047, Block Group 1, Census Tract 104, Franklin County, Vermont","19","16","3"
"1000000US500110104001048","Block 1048, Block Group 1, Census Tract 104, Franklin County, Vermont","2","2","0"
"1000000US500110104001049","Block 1049, Block Group 1, Census Tract 104, Franklin County, Vermont","5","4","1"
"1000000US500110104001050","Block 1050, Block Group 1, Census Tract 104, Franklin County, Vermont","0","0","0"
"1000000US500110104001051","Block 1051, Block Group 1, Census Tract 104, Franklin County, Vermont","0","0","0"
"1000000US500110104001052","Block 1052, Block Group 1, Census Tract 104, Franklin County, Vermont","1","1","0"
"1000000US500110104001053","Block 1053, Block Group 1, Census Tract 104, Franklin County, Vermont","0","0","0"
"1000000US500110104001054","Block 1054, Block Group 1, Census Tract 104, Franklin County, Vermont","0","0","0"
"1000000US500110104001055","Block 1055, Block Group 1, Census Tract 104, Franklin County, Vermont","8","7","1"
"1000000US500110104001056","Block 1056, Block Group 1, Census Tract 104, Franklin County, Vermont","15","15","0"
"1000000US500110104001057","Block 1057, Block Group 1, Census Tract 104, Franklin County, Vermont","0","0","0"
"1000000US500110104001058","Block 1058, Block Group 1, Census Tract 104, Franklin County, Vermont","21","21","0"
"1000000US500110104001059","Block 1059, Block Group 1, Census Tract 104, Franklin County, Vermont","13","13","0"
"1000000US500110104001060","Block 1060, Block Group 1, Census Tract 104, Franklin County, Vermont","14","13","1"
"1000000US500110104001061","Block 1061, Block Group 1, Census Tract 104, Franklin County, Vermont","3","0","3"
"1000000US500110104001062","Block 1062, Block Group 1, Census Tract 104, Franklin County, Vermont","87","12","75"
"1000000US500110104001063","Block 1063, Block Group 1, Census Tract 104, Franklin County, Vermont","0","0","0"
"1000000US500110104001064","Block 1064, Block Group 1, Census Tract 104, Franklin County, Vermont","0","0","0"
"1000000US500110104001065","Block 1065, Block Group 1, Census Tract 104, Franklin County, Vermont","1","0","1"
"1000000US500110104001066","Block 1066, Block Group 1, Census Tract 104, Franklin County, Vermont","17","1","16"
"1000000US500110104001067","Block 1067, Block Group 1, Census Tract 104, Franklin County, Vermont","0","0","0"
"1000000US500110104001068","Block 1068, Block Group 1, Census Tract 104, Franklin County, Vermont","1","1","0"
"1000000US500110104001069","Block 1069, Block Group 1, Census Tract 104, Franklin County, Vermont","0","0","0"
"1000000US500110104001070","Block 1070, Block Group 1, Census Tract 104, Franklin County, Vermont","0","0","0"
"1000000US500110104001071","Block 1071, Block Group 1, Census Tract 104, Franklin County, Vermont","0","0","0"
"1000000US500110104001072","Block 1072, Block Group 1, Census Tract 104, Franklin County, Vermont","0","0","0"
"1000000US500110104001073","Block 1073, Block Group 1, Census Tract 104, Franklin County, Vermont","0","0","0"
"1000000US500110104001074","Block 1074, Block Group 1, Census Tract 104, Franklin County, Vermont","17","4","13"
"1000000US500110104001075","Block 1075, Block Group 1, Census Tract 104, Franklin County, Vermont","6","6","0"
"1000000US500110104001076","Block 1076, Block Group 1, Census Tract 104, Franklin County, Vermont","0","0","0"
"1000000US500110104001077","Block 1077, Block Group 1, Census Tract 104, Franklin County, Vermont","16","16","0"
"1000000US500110104001078","Block 1078, Block Group 1, Census Tract 104, Franklin County, Vermont","31","30","1"
"1000000US500110104001079","Block 1079, Block Group 1, Census Tract 104, Franklin County, Vermont","11","10","1"
"1000000US500110104001080","Block 1080, Block Group 1, Census Tract 104, Franklin County, Vermont","0","0","0"
"1000000US500110104002000","Block 2000, Block Group 2, Census Tract 104, Franklin County, Vermont","36","29","7"
"1000000US500110104002001","Block 2001, Block Group 2, Census Tract 104, Franklin County, Vermont","0","0","0"
"1000000US500110104002002","Block 2002, Block Group 2, Census Tract 104, Franklin County, Vermont","2","2","0"
"1000000US500110104002003","Block 2003, Block Group 2, Census Tract 104, Franklin County, Vermont","2","2","0"
"1000000US500110104002004","Block 2004, Block Group 2, Census Tract 104, Franklin County, Vermont","0","0","0"
"1000000US500110104002005","Block 2005, Block Group 2, Census Tract 104, Franklin County, Vermont","1","1","0"
"1000000US500110104002006","Block 2006, Block Group 2, Census Tract 104, Franklin County, Vermont","1","1","0"
"1000000US500110104002007","Block 2007, Block Group 2, Census Tract 104, Franklin County, Vermont","11","11","0"
"1000000US500110104002008","Block 2008, Block Group 2, Census Tract 104, Franklin County, Vermont","13","13","0"
"1000000US500110104002009","Block 2009, Block Group 2, Census Tract 104, Franklin County, Vermont","1","1","0"
"1000000US500110104002010","Block 2010, Block Group 2, Census Tract 104, Franklin County, Vermont","0","0","0"
"1000000US500110104002011","Block 2011, Block Group 2, Census Tract 104, Franklin County, Vermont","11","10","1"
"1000000US500110104002012","Block 2012, Block Group 2, Census Tract 104, Franklin County, Vermont","1","1","0"
"1000000US500110104002013","Block 2013, Block Group 2, Census Tract 104, Franklin County, Vermont","2","2","0"
"1000000US500110104002014","Block 2014, Block Group 2, Census Tract 104, Franklin County, Vermont","8","8","0"
"1000000US500110104002015","Block 2015, Block Group 2, Census Tract 104, Franklin County, Vermont","0","0","0"
"1000000US500110104002016","Block 2016, Block Group 2, Census Tract 104, Franklin County, Vermont","0","0","0"
"1000000US500110104002017","Block 2017, Block Group 2, Census Tract 104, Franklin County, Vermont","24","21","3"
"1000000US500110104002018","Block 2018, Block Group 2, Census Tract 104, Franklin County, Vermont","0","0","0"
"1000000US500110104002019","Block 2019, Block Group 2, Census Tract 104, Franklin County, Vermont","1","1","0"
"1000000US500110104002020","Block 2020, Block Group 2, Census Tract 104, Franklin County, Vermont","26","25","1"
"1000000US500110104002021","Block 2021, Block Group 2, Census Tract 104, Franklin County, Vermont","0","0","0"
"1000000US500110104002022","Block 2022, Block Group 2, Census Tract 104, Franklin County, Vermont","1","1","0"
"1000000US500110104002023","Block 2023, Block Group 2, Census Tract 104, Franklin County, Vermont","0","0","0"
"1000000US500110104002024","Block 2024, Block Group 2, Census Tract 104, Franklin County, Vermont","0","0","0"
"1000000US500110104002025","Block 2025, Block Group 2, Census Tract 104, Franklin County, Vermont","0","0","0"
"1000000US500110104002026","Block 2026, Block Group 2, Census Tract 104, Franklin County, Vermont","0","0","0"
"1000000US500110104002027","Block 2027, Block Group 2, Census Tract 104, Franklin County, Vermont","0","0","0"
"1000000US500110104002028","Block 2028, Block Group 2, Census Tract 104, Franklin County, Vermont","0","0","0"
"1000000US500110104002029","Block 2029, Block Group 2, Census Tract 104, Franklin County, Vermont","0","0","0"
"1000000US500110104002030","Block 2030, Block Group 2, Census Tract 104, Franklin County, Vermont","2","2","0"
"1000000US500110104002031","Block 2031, Block Group 2, Census Tract 104, Franklin County, Vermont","0","0","0"
"1000000US500110104002032","Block 2032, Block Group 2, Census Tract 104, Franklin County, Vermont","0","0","0"
"1000000US500110104002033","Block 2033, Block Group 2, Census Tract 104, Franklin County, Vermont","7","7","0"
"1000000US500110104002034","Block 2034, Block Group 2, Census Tract 104, Franklin County, Vermont","0","0","0"
"1000000US500110104002035","Block 2035, Block Group 2, Census Tract 104, Franklin County, Vermont","1","1","0"
"1000000US500110104002036","Block 2036, Block Group 2, Census Tract 104, Franklin County, Vermont","1","1","0"
"1000000US500110104002037","Block 2037, Block Group 2, Census Tract 104, Franklin County, Vermont","7","7","0"
"1000000US500110104002038","Block 2038, Block Group 2, Census Tract 104, Franklin County, Vermont","0","0","0"
"1000000US500110104002039","Block 2039, Block Group 2, Census Tract 104, Franklin County, Vermont","5","5","0"
"1000000US500110104002040","Block 2040, Block Group 2, Census Tract 104, Franklin County, Vermont","11","11","0"
"1000000US500110104002041","Block 2041, Block Group 2, Census Tract 104, Franklin County, Vermont","0","0","0"
"1000000US500110104002042","Block 2042, Block Group 2, Census Tract 104, Franklin County, Vermont","0","0","0"
"1000000US500110104002043","Block 2043, Block Group 2, Census Tract 104, Franklin County, Vermont","0","0","0"
"1000000US500110104002044","Block 2044, Block Group 2, Census Tract 104, Franklin County, Vermont","10","10","0"
"1000000US500110104002045","Block 2045, Block Group 2, Census Tract 104, Franklin County, Vermont","0","0","0"
"1000000US500110104002046","Block 2046, Block Group 2, Census Tract 104, Franklin County, Vermont","5","5","0"
"1000000US500110104002047","Block 2047, Block Group 2, Census Tract 104, Franklin County, Vermont","1","1","0"
"1000000US500110104002048","Block 2048, Block Group 2, Census Tract 104, Franklin County, Vermont","6","5","1"
"1000000US500110104002049","Block 2049, Block Group 2, Census Tract 104, Franklin County, Vermont","0","0","0"
"1000000US500110104002050","Block 2050, Block Group 2, Census Tract 104, Franklin County, Vermont","4","1","3"
"1000000US500110104002051","Block 2051, Block Group 2, Census Tract 104, Franklin County, Vermont","4","4","0"
"1000000US500110104002052","Block 2052, Block Group 2, Census Tract 104, Franklin County, Vermont","3","3","0"
"1000000US500110104002053","Block 2053, Block Group 2, Census Tract 104, Franklin County, Vermont","8","8","0"
"1000000US500110104002054","Block 2054, Block Group 2, Census Tract 104, Franklin County, Vermont","10","10","0"
"1000000US500110104002055","Block 2055, Block Group 2, Census Tract 104, Franklin County, Vermont","40","40","0"
"1000000US500110104002056","Block 2056, Block Group 2, Census Tract 104, Franklin County, Vermont","4","4","0"
"1000000US500110104002057","Block 2057, Block Group 2, Census Tract 104, Franklin County, Vermont","1","1","0"
"1000000US500110104002058","Block 2058, Block Group 2, Census Tract 104, Franklin County, Vermont","0","0","0"
"1000000US500110104002059","Block 2059, Block Group 2, Census Tract 104, Franklin County, Vermont","0","0","0"
"1000000US500110104002060","Block 2060, Block Group 2, Census Tract 104, Franklin County, Vermont","0","0","0"
"1000000US500110104002061","Block 2061, Block Group 2, Census Tract 104, Franklin County, Vermont","4","3","1"
"1000000US500110104002062","Block 2062, Block Group 2, Census Tract 104, Franklin County, Vermont","10","8","2"
"1000000US500110104002063","Block 2063, Block Group 2, Census Tract 104, Franklin County, Vermont","6","6","0"
"1000000US500110104002064","Block 2064, Block Group 2, Census Tract 104, Franklin County, Vermont","0","0","0"
"1000000US500110104002065","Block 2065, Block Group 2, Census Tract 104, Franklin County, Vermont","3","2","1"
"1000000US500110104002066","Block 2066, Block Group 2, Census Tract 104, Franklin County, Vermont","0","0","0"
"1000000US500110104002067","Block 2067, Block Group 2, Census Tract 104, Franklin County, Vermont","0","0","0"
"1000000US500110104002068","Block 2068, Block Group 2, Census Tract 104, Franklin County, Vermont","0","0","0"
"1000000US500110104003000","Block 3000, Block Group 3, Census Tract 104, Franklin County, Vermont","67","41","26"
"1000000US500110104003001","Block 3001, Block Group 3, Census Tract 104, Franklin County, Vermont","13","10","3"
"1000000US500110104003002","Block 3002, Block Group 3, Census Tract 104, Franklin County, Vermont","3","3","0"
"1000000US500110104003003","Block 3003, Block Group 3, Census Tract 104, Franklin County, Vermont","9","7","2"
"1000000US500110104003004","Block 3004, Block Group 3, Census Tract 104, Franklin County, Vermont","15","14","1"
"1000000US500110104003005","Block 3005, Block Group 3, Census Tract 104, Franklin County, Vermont","0","0","0"
"1000000US500110104003006","Block 3006, Block Group 3, Census Tract 104, Franklin County, Vermont","0","0","0"
"1000000US500110104003007","Block 3007, Block Group 3, Census Tract 104, Franklin County, Vermont","1","1","0"
"1000000US500110104003008","Block 3008, Block Group 3, Census Tract 104, Franklin County, Vermont","3","3","0"
"1000000US500110104003009","Block 3009, Block Group 3, Census Tract 104, Franklin County, Vermont","1","1","0"
"1000000US500110104003010","Block 3010, Block Group 3, Census Tract 104, Franklin County, Vermont","0","0","0"
"1000000US500110104003011","Block 3011, Block Group 3, Census Tract 104, Franklin County, Vermont","0","0","0"
"1000000US500110104003012","Block 3012, Block Group 3, Census Tract 104, Franklin County, Vermont","0","0","0"
"1000000US500110104003013","Block 3013, Block Group 3, Census Tract 104, Franklin County, Vermont","52","48","4"
"1000000US500110104003014","Block 3014, Block Group 3, Census Tract 104, Franklin County, Vermont","0","0","0"
"1000000US500110104003015","Block 3015, Block Group 3, Census Tract 104, Franklin County, Vermont","0","0","0"
"1000000US500110104003016","Block 3016, Block Group 3, Census Tract 104, Franklin County, Vermont","0","0","0"
"1000000US500110104003017","Block 3017, Block Group 3, Census Tract 104, Franklin County, Vermont","0","0","0"
"1000000US500110104003018","Block 3018, Block Group 3, Census Tract 104, Franklin County, Vermont","0","0","0"
"1000000US500110104003019","Block 3019, Block Group 3, Census Tract 104, Franklin County, Vermont","0","0","0"
"1000000US500110104003020","Block 3020, Block Group 3, Census Tract 104, Franklin County, Vermont","1","1","0"
"1000000US500110104003021","Block 3021, Block Group 3, Census Tract 104, Franklin County, Vermont","0","0","0"
"1000000US500110104003022","Block 3022, Block Group 3, Census Tract 104, Franklin County, Vermont","0","0","0"
"1000000US500110104003023","Block 3023, Block Group 3, Census Tract 104, Franklin County, Vermont","6","5","1"
"1000000US500110104003024","Block 3024, Block Group 3, Census Tract 104, Franklin County, Vermont","23","22","1"
"1000000US500110104003025","Block 3025, Block Group 3, Census Tract 104, Franklin County, Vermont","1","1","0"
"1000000US500110104003026","Block 3026, Block Group 3, Census Tract 104, Franklin County, Vermont","3","2","1"
"1000000US500110104003027","Block 3027, Block Group 3, Census Tract 104, Franklin County, Vermont","3","3","0"
"1000000US500110104003028","Block 3028, Block Group 3, Census Tract 104, Franklin County, Vermont","1","1","0"
"1000000US500110104003029","Block 3029, Block Group 3, Census Tract 104, Franklin County, Vermont","0","0","0"
"1000000US500110104003030","Block 3030, Block Group 3, Census Tract 104, Franklin County, Vermont","58","47","11"
"1000000US500110104003031","Block 3031, Block Group 3, Census Tract 104, Franklin County, Vermont","10","7","3"
"1000000US500110104003032","Block 3032, Block Group 3, Census Tract 104, Franklin County, Vermont","0","0","0"
"1000000US500110104003033","Block 3033, Block Group 3, Census Tract 104, Franklin County, Vermont","1","0","1"
"1000000US500110104003034","Block 3034, Block Group 3, Census Tract 104, Franklin County, Vermont","0","0","0"
"1000000US500110104003035","Block 3035, Block Group 3, Census Tract 104, Franklin County, Vermont","0","0","0"
"1000000US500110104003036","Block 3036, Block Group 3, Census Tract 104, Franklin County, Vermont","5","4","1"
"1000000US500110104003037","Block 3037, Block Group 3, Census Tract 104, Franklin County, Vermont","2","2","0"
"1000000US500110104003038","Block 3038, Block Group 3, Census Tract 104, Franklin County, Vermont","16","15","1"
"1000000US500110104003039","Block 3039, Block Group 3, Census Tract 104, Franklin County, Vermont","39","36","3"
"1000000US500110104003040","Block 3040, Block Group 3, Census Tract 104, Franklin County, Vermont","35","33","2"
"1000000US500110104003041","Block 3041, Block Group 3, Census Tract 104, Franklin County, Vermont","13","12","1"
"1000000US500110104003042","Block 3042, Block Group 3, Census Tract 104, Franklin County, Vermont","0","0","0"
"1000000US500110104003043","Block 3043, Block Group 3, Census Tract 104, Franklin County, Vermont","19","18","1"
"1000000US500110104003044","Block 3044, Block Group 3, Census Tract 104, Franklin County, Vermont","35","33","2"
"1000000US500110104003045","Block 3045, Block Group 3, Census Tract 104, Franklin County, Vermont","5","5","0"
"1000000US500110104003046","Block 3046, Block Group 3, Census Tract 104, Franklin County, Vermont","3","3","0"
"1000000US500110104003047","Block 3047, Block Group 3, Census Tract 104, Franklin County, Vermont","0","0","0"
"1000000US500110104003048","Block 3048, Block Group 3, Census Tract 104, Franklin County, Vermont","0","0","0"
"1000000US500110104003049","Block 3049, Block Group 3, Census Tract 104, Franklin County, Vermont","0","0","0"
"1000000US500110104003050","Block 3050, Block Group 3, Census Tract 104, Franklin County, Vermont","0","0","0"
"1000000US500110104003051","Block 3051, Block Group 3, Census Tract 104, Franklin County, Vermont","30","23","7"
"1000000US500110104003052","Block 3052, Block Group 3, Census Tract 104, Franklin County, Vermont","5","5","0"
"1000000US500110104003053","Block 3053, Block Group 3, Census Tract 104, Franklin County, Vermont","0","0","0"
"1000000US500110104003054","Block 3054, Block Group 3, Census Tract 104, Franklin County, Vermont","0","0","0"
"1000000US500110104003055","Block 3055, Block Group 3, Census Tract 104, Franklin County, Vermont","4","4","0"
"1000000US500110104003056","Block 3056, Block Group 3, Census Tract 104, Franklin County, Vermont","0","0","0"
"1000000US500110104003057","Block 3057, Block Group 3, Census Tract 104, Franklin County, Vermont","2","2","0"
"1000000US500110104003058","Block 3058, Block Group 3, Census Tract 104, Franklin County, Vermont","2","2","0"
"1000000US500110104003059","Block 3059, Block Group 3, Census Tract 104, Franklin County, Vermont","0","0","0"
"1000000US500110104003060","Block 3060, Block Group 3, Census Tract 104, Franklin County, Vermont","3","3","0"
"1000000US500110104003061","Block 3061, Block Group 3, Census Tract 104, Franklin County, Vermont","2","1","1"
"1000000US500110104003062","Block 3062, Block Group 3, Census Tract 104, Franklin County, Vermont","1","1","0"
"1000000US500110104003063","Block 3063, Block Group 3, Census Tract 104, Franklin County, Vermont","0","0","0"
"1000000US500110104003064","Block 3064, Block Group 3, Census Tract 104, Franklin County, Vermont","0","0","0"
"1000000US500110104003065","Block 3065, Block Group 3, Census Tract 104, Franklin County, Vermont","24","15","9"
"1000000US500110104003066","Block 3066, Block Group 3, Census Tract 104, Franklin County, Vermont","1","1","0"
"1000000US500110104003067","Block 3067, Block Group 3, Census Tract 104, Franklin County, Vermont","0","0","0"
"1000000US500110104003068","Block 3068, Block Group 3, Census Tract 104, Franklin County, Vermont","0","0","0"
"1000000US500110104003069","Block 3069, Block Group 3, Census Tract 104, Franklin County, Vermont","1","1","0"
"1000000US500110104003070","Block 3070, Block Group 3, Census Tract 104, Franklin County, Vermont","14","13","1"
"1000000US500110104003071","Block 3071, Block Group 3, Census Tract 104, Franklin County, Vermont","14","14","0"
"1000000US500110104003072","Block 3072, Block Group 3, Census Tract 104, Franklin County, Vermont","14","7","7"
"1000000US500110104003073","Block 3073, Block Group 3, Census Tract 104, Franklin County, Vermont","3","3","0"
"1000000US500110104003074","Block 3074, Block Group 3, Census Tract 104, Franklin County, Vermont","0","0","0"
"1000000US500110104003075","Block 3075, Block Group 3, Census Tract 104, Franklin County, Vermont","0","0","0"
"1000000US500110104003076","Block 3076, Block Group 3, Census Tract 104, Franklin County, Vermont","1","1","0"
"1000000US500110104003077","Block 3077, Block Group 3, Census Tract 104, Franklin County, Vermont","4","4","0"
"1000000US500110104003078","Block 3078, Block Group 3, Census Tract 104, Franklin County, Vermont","1","1","0"
"1000000US500110104003079","Block 3079, Block Group 3, Census Tract 104, Franklin County, Vermont","17","16","1"
"1000000US500110104003080","Block 3080, Block Group 3, Census Tract 104, Franklin County, Vermont","0","0","0"
"1000000US500110104003081","Block 3081, Block Group 3, Census Tract 104, Franklin County, Vermont","0","0","0"
"1000000US500110105001000","Block 1000, Block Group 1, Census Tract 105, Franklin County, Vermont","0","0","0"
"1000000US500110105001001","Block 1001, Block Group 1, Census Tract 105, Franklin County, Vermont","0","0","0"
"1000000US500110105001002","Block 1002, Block Group 1, Census Tract 105, Franklin County, Vermont","0","0","0"
"1000000US500110105001003","Block 1003, Block Group 1, Census Tract 105, Franklin County, Vermont","2","2","0"
"1000000US500110105001004","Block 1004, Block Group 1, Census Tract 105, Franklin County, Vermont","0","0","0"
"1000000US500110105001005","Block 1005, Block Group 1, Census Tract 105, Franklin County, Vermont","0","0","0"
"1000000US500110105001006","Block 1006, Block Group 1, Census Tract 105, Franklin County, Vermont","0","0","0"
"1000000US500110105001007","Block 1007, Block Group 1, Census Tract 105, Franklin County, Vermont","25","24","1"
"1000000US500110105001008","Block 1008, Block Group 1, Census Tract 105, Franklin County, Vermont","10","10","0"
"1000000US500110105001009","Block 1009, Block Group 1, Census Tract 105, Franklin County, Vermont","12","11","1"
"1000000US500110105001010","Block 1010, Block Group 1, Census Tract 105, Franklin County, Vermont","8","8","0"
"1000000US500110105001011","Block 1011, Block Group 1, Census Tract 105, Franklin County, Vermont","0","0","0"
"1000000US500110105001012","Block 1012, Block Group 1, Census Tract 105, Franklin County, Vermont","0","0","0"
"1000000US500110105001013","Block 1013, Block Group 1, Census Tract 105, Franklin County, Vermont","58","53","5"
"1000000US500110105001014","Block 1014, Block Group 1, Census Tract 105, Franklin County, Vermont","25","18","7"
"1000000US500110105001015","Block 1015, Block Group 1, Census Tract 105, Franklin County, Vermont","23","23","0"
"1000000US500110105001016","Block 1016, Block Group 1, Census Tract 105, Franklin County, Vermont","0","0","0"
"1000000US500110105001017","Block 1017, Block Group 1, Census Tract 105, Franklin County, Vermont","0","0","0"
"1000000US500110105001018","Block 1018, Block Group 1, Census Tract 105, Franklin County, Vermont","21","20","1"
"1000000US500110105001019","Block 1019, Block Group 1, Census Tract 105, Franklin County, Vermont","7","6","1"
"1000000US500110105001020","Block 1020, Block Group 1, Census Tract 105, Franklin County, Vermont","18","18","0"
"1000000US500110105001021","Block 1021, Block Group 1, Census Tract 105, Franklin County, Vermont","17","14","3"
"1000000US500110105001022","Block 1022, Block Group 1, Census Tract 105, Franklin County, Vermont","59","55","4"
"1000000US500110105001023","Block 1023, Block Group 1, Census Tract 105, Franklin County, Vermont","77","74","3"
"1000000US500110105001024","Block 1024, Block Group 1, Census Tract 105, Franklin County, Vermont","10","10","0"
"1000000US500110105001025","Block 1025, Block Group 1, Census Tract 105, Franklin County, Vermont","10","10","0"
"1000000US500110105001026","Block 1026, Block Group 1, Census Tract 105, Franklin County, Vermont","13","13","0"
"1000000US500110105001027","Block 1027, Block Group 1, Census Tract 105, Franklin County, Vermont","3","3","0"
"1000000US500110105001028","Block 1028, Block Group 1, Census Tract 105, Franklin County, Vermont","28","26","2"
"1000000US500110105001029","Block 1029, Block Group 1, Census Tract 105, Franklin County, Vermont","13","13","0"
"1000000US500110105001030","Block 1030, Block Group 1, Census Tract 105, Franklin County, Vermont","11","10","1"
"1000000US500110105001031","Block 1031, Block Group 1, Census Tract 105, Franklin County, Vermont","21","20","1"
"1000000US500110105001032","Block 1032, Block Group 1, Census Tract 105, Franklin County, Vermont","24","22","2"
"1000000US500110105001033","Block 1033, Block Group 1, Census Tract 105, Franklin County, Vermont","0","0","0"
"1000000US500110105001034","Block 1034, Block Group 1, Census Tract 105, Franklin County, Vermont","0","0","0"
"1000000US500110105001035","Block 1035, Block Group 1, Census Tract 105, Franklin County, Vermont","0","0","0"
"1000000US500110105001036","Block 1036, Block Group 1, Census Tract 105, Franklin County, Vermont","0","0","0"
"1000000US500110105001037","Block 1037, Block Group 1, Census Tract 105, Franklin County, Vermont","6","6","0"
"1000000US500110105001038","Block 1038, Block Group 1, Census Tract 105, Franklin County, Vermont","0","0","0"
"1000000US500110105001039","Block 1039, Block Group 1, Census Tract 105, Franklin County, Vermont","0","0","0"
"1000000US500110105001040","Block 1040, Block Group 1, Census Tract 105, Franklin County, Vermont","0","0","0"
"1000000US500110105001041","Block 1041, Block Group 1, Census Tract 105, Franklin County, Vermont","0","0","0"
"1000000US500110105001042","Block 1042, Block Group 1, Census Tract 105, Franklin County, Vermont","0","0","0"
"1000000US500110105001043","Block 1043, Block Group 1, Census Tract 105, Franklin County, Vermont","0","0","0"
"1000000US500110105002000","Block 2000, Block Group 2, Census Tract 105, Franklin County, Vermont","0","0","0"
"1000000US500110105002001","Block 2001, Block Group 2, Census Tract 105, Franklin County, Vermont","18","17","1"
"1000000US500110105002002","Block 2002, Block Group 2, Census Tract 105, Franklin County, Vermont","0","0","0"
"1000000US500110105002003","Block 2003, Block Group 2, Census Tract 105, Franklin County, Vermont","3","3","0"
"1000000US500110105002004","Block 2004, Block Group 2, Census Tract 105, Franklin County, Vermont","16","15","1"
"1000000US500110105002005","Block 2005, Block Group 2, Census Tract 105, Franklin County, Vermont","0","0","0"
"1000000US500110105002006","Block 2006, Block Group 2, Census Tract 105, Franklin County, Vermont","0","0","0"
"1000000US500110105002007","Block 2007, Block Group 2, Census Tract 105, Franklin County, Vermont","0","0","0"
"1000000US500110105002008","Block 2008, Block Group 2, Census Tract 105, Franklin County, Vermont","0","0","0"
"1000000US500110105002009","Block 2009, Block Group 2, Census Tract 105, Franklin County, Vermont","1","1","0"
"1000000US500110105002010","Block 2010, Block Group 2, Census Tract 105, Franklin County, Vermont","0","0","0"
"1000000US500110105002011","Block 2011, Block Group 2, Census Tract 105, Franklin County, Vermont","0","0","0"
"1000000US500110105002012","Block 2012, Block Group 2, Census Tract 105, Franklin County, Vermont","0","0","0"
"1000000US500110105002013","Block 2013, Block Group 2, Census Tract 105, Franklin County, Vermont","18","17","1"
"1000000US500110105002014","Block 2014, Block Group 2, Census Tract 105, Franklin County, Vermont","0","0","0"
"1000000US500110105002015","Block 2015, Block Group 2, Census Tract 105, Franklin County, Vermont","4","4","0"
"1000000US500110105002016","Block 2016, Block Group 2, Census Tract 105, Franklin County, Vermont","7","7","0"
"1000000US500110105002017","Block 2017, Block Group 2, Census Tract 105, Franklin County, Vermont","10","8","2"
"1000000US500110105002018","Block 2018, Block Group 2, Census Tract 105, Franklin County, Vermont","36","35","1"
"1000000US500110105002019","Block 2019, Block Group 2, Census Tract 105, Franklin County, Vermont","17","16","1"
"1000000US500110105002020","Block 2020, Block Group 2, Census Tract 105, Franklin County, Vermont","17","17","0"
"1000000US500110105002021","Block 2021, Block Group 2, Census Tract 105, Franklin County, Vermont","20","17","3"
"1000000US500110105002022","Block 2022, Block Group 2, Census Tract 105, Franklin County, Vermont","23","19","4"
"1000000US500110105002023","Block 2023, Block Group 2, Census Tract 105, Franklin County, Vermont","20","19","1"
"1000000US500110105002024","Block 2024, Block Group 2, Census Tract 105, Franklin County, Vermont","0","0","0"
"1000000US500110105002025","Block 2025, Block Group 2, Census Tract 105, Franklin County, Vermont","75","63","12"
"1000000US500110105002026","Block 2026, Block Group 2, Census Tract 105, Franklin County, Vermont","27","26","1"
"1000000US500110105002027","Block 2027, Block Group 2, Census Tract 105, Franklin County, Vermont","28","26","2"
"1000000US500110105002028","Block 2028, Block Group 2, Census Tract 105, Franklin County, Vermont","0","0","0"
"1000000US500110105002029","Block 2029, Block Group 2, Census Tract 105, Franklin County, Vermont","0","0","0"
"1000000US500110105002030","Block 2030, Block Group 2, Census Tract 105, Franklin County, Vermont","0","0","0"
"1000000US500110105002031","Block 2031, Block Group 2, Census Tract 105, Franklin County, Vermont","0","0","0"
"1000000US500110105002032","Block 2032, Block Group 2, Census Tract 105, Franklin County, Vermont","23","21","2"
"1000000US500110105002033","Block 2033, Block Group 2, Census Tract 105, Franklin County, Vermont","1","1","0"
"1000000US500110105002034","Block 2034, Block Group 2, Census Tract 105, Franklin County, Vermont","8","8","0"
"1000000US500110105002035","Block 2035, Block Group 2, Census Tract 105, Franklin County, Vermont","13","11","2"
"1000000US500110105002036","Block 2036, Block Group 2, Census Tract 105, Franklin County, Vermont","16","14","2"
"1000000US500110105002037","Block 2037, Block Group 2, Census Tract 105, Franklin County, Vermont","37","37","0"
"1000000US500110105002038","Block 2038, Block Group 2, Census Tract 105, Franklin County, Vermont","45","41","4"
"1000000US500110105002039","Block 2039, Block Group 2, Census Tract 105, Franklin County, Vermont","28","25","3"
"1000000US500110105002040","Block 2040, Block Group 2, Census Tract 105, Franklin County, Vermont","51","47","4"
"1000000US500110105002041","Block 2041, Block Group 2, Census Tract 105, Franklin County, Vermont","21","19","2"
"1000000US500110105002042","Block 2042, Block Group 2, Census Tract 105, Franklin County, Vermont","8","8","0"
"1000000US500110105002043","Block 2043, Block Group 2, Census Tract 105, Franklin County, Vermont","8","8","0"
"1000000US500110105002044","Block 2044, Block Group 2, Census Tract 105, Franklin County, Vermont","29","29","0"
"1000000US500110105002045","Block 2045, Block Group 2, Census Tract 105, Franklin County, Vermont","16","16","0"
"1000000US500110105002046","Block 2046, Block Group 2, Census Tract 105, Franklin County, Vermont","12","12","0"
"1000000US500110105002047","Block 2047, Block Group 2, Census Tract 105, Franklin County, Vermont","1","1","0"
"1000000US500110105002048","Block 2048, Block Group 2, Census Tract 105, Franklin County, Vermont","0","0","0"
"1000000US500110105002049","Block 2049, Block Group 2, Census Tract 105, Franklin County, Vermont","0","0","0"
"1000000US500110105002050","Block 2050, Block Group 2, Census Tract 105, Franklin County, Vermont","0","0","0"
"1000000US500110105002051","Block 2051, Block Group 2, Census Tract 105, Franklin County, Vermont","0","0","0"
"1000000US500110105002052","Block 2052, Block Group 2, Census Tract 105, Franklin County, Vermont","0","0","0"
"1000000US500110105002053","Block 2053, Block Group 2, Census Tract 105, Franklin County, Vermont","13","13","0"
"1000000US500110105002054","Block 2054, Block Group 2, Census Tract 105, Franklin County, Vermont","14","14","0"
"1000000US500110105002055","Block 2055, Block Group 2, Census Tract 105, Franklin County, Vermont","15","15","0"
"1000000US500110105002056","Block 2056, Block Group 2, Census Tract 105, Franklin County, Vermont","0","0","0"
"1000000US500110105002057","Block 2057, Block Group 2, Census Tract 105, Franklin County, Vermont","0","0","0"
"1000000US500110105002058","Block 2058, Block Group 2, Census Tract 105, Franklin County, Vermont","0","0","0"
"1000000US500110105002059","Block 2059, Block Group 2, Census Tract 105, Franklin County, Vermont","0","0","0"
"1000000US500110105002060","Block 2060, Block Group 2, Census Tract 105, Franklin County, Vermont","0","0","0"
"1000000US500110105002061","Block 2061, Block Group 2, Census Tract 105, Franklin County, Vermont","1","1","0"
"1000000US500110105003000","Block 3000, Block Group 3, Census Tract 105, Franklin County, Vermont","19","19","0"
"1000000US500110105003001","Block 3001, Block Group 3, Census Tract 105, Franklin County, Vermont","14","13","1"
"1000000US500110105003002","Block 3002, Block Group 3, Census Tract 105, Franklin County, Vermont","27","27","0"
"1000000US500110105003003","Block 3003, Block Group 3, Census Tract 105, Franklin County, Vermont","19","18","1"
"1000000US500110105003004","Block 3004, Block Group 3, Census Tract 105, Franklin County, Vermont","1","0","1"
"1000000US500110105003005","Block 3005, Block Group 3, Census Tract 105, Franklin County, Vermont","1","1","0"
"1000000US500110105003006","Block 3006, Block Group 3, Census Tract 105, Franklin County, Vermont","19","19","0"
"1000000US500110105003007","Block 3007, Block Group 3, Census Tract 105, Franklin County, Vermont","0","0","0"
"1000000US500110105003008","Block 3008, Block Group 3, Census Tract 105, Franklin County, Vermont","0","0","0"
"1000000US500110105003009","Block 3009, Block Group 3, Census Tract 105, Franklin County, Vermont","0","0","0"
"1000000US500110105003010","Block 3010, Block Group 3, Census Tract 105, Franklin County, Vermont","0","0","0"
"1000000US500110105003011","Block 3011, Block Group 3, Census Tract 105, Franklin County, Vermont","0","0","0"
"1000000US500110105003012","Block 3012, Block Group 3, Census Tract 105, Franklin County, Vermont","0","0","0"
"1000000US500110105003013","Block 3013, Block Group 3, Census Tract 105, Franklin County, Vermont","8","8","0"
"1000000US500110105003014","Block 3014, Block Group 3, Census Tract 105, Franklin County, Vermont","20","20","0"
"1000000US500110105003015","Block 3015, Block Group 3, Census Tract 105, Franklin County, Vermont","0","0","0"
"1000000US500110105003016","Block 3016, Block Group 3, Census Tract 105, Franklin County, Vermont","0","0","0"
"1000000US500110105003017","Block 3017, Block Group 3, Census Tract 105, Franklin County, Vermont","3","3","0"
"1000000US500110105003018","Block 3018, Block Group 3, Census Tract 105, Franklin County, Vermont","16","16","0"
"1000000US500110105003019","Block 3019, Block Group 3, Census Tract 105, Franklin County, Vermont","1","1","0"
"1000000US500110105003020","Block 3020, Block Group 3, Census Tract 105, Franklin County, Vermont","6","5","1"
"1000000US500110105003021","Block 3021, Block Group 3, Census Tract 105, Franklin County, Vermont","2","2","0"
"1000000US500110105003022","Block 3022, Block Group 3, Census Tract 105, Franklin County, Vermont","47","46","1"
"1000000US500110105003023","Block 3023, Block Group 3, Census Tract 105, Franklin County, Vermont","2","2","0"
"1000000US500110105003024","Block 3024, Block Group 3, Census Tract 105, Franklin County, Vermont","17","17","0"
"1000000US500110105003025","Block 3025, Block Group 3, Census Tract 105, Franklin County, Vermont","0","0","0"
"1000000US500110105003026","Block 3026, Block Group 3, Census Tract 105, Franklin County, Vermont","33","31","2"
"1000000US500110105003027","Block 3027, Block Group 3, Census Tract 105, Franklin County, Vermont","0","0","0"
"1000000US500110105003028","Block 3028, Block Group 3, Census Tract 105, Franklin County, Vermont","11","9","2"
"1000000US500110105003029","Block 3029, Block Group 3, Census Tract 105, Franklin County, Vermont","27","25","2"
"1000000US500110105003030","Block 3030, Block Group 3, Census Tract 105, Franklin County, Vermont","3","3","0"
"1000000US500110105003031","Block 3031, Block Group 3, Census Tract 105, Franklin County, Vermont","1","1","0"
"1000000US500110105003032","Block 3032, Block Group 3, Census Tract 105, Franklin County, Vermont","0","0","0"
"1000000US500110105003033","Block 3033, Block Group 3, Census Tract 105, Franklin County, Vermont","10","10","0"
"1000000US500110105003034","Block 3034, Block Group 3, Census Tract 105, Franklin County, Vermont","3","3","0"
"1000000US500110105003035","Block 3035, Block Group 3, Census Tract 105, Franklin County, Vermont","4","3","1"
"1000000US500110105003036","Block 3036, Block Group 3, Census Tract 105, Franklin County, Vermont","28","27","1"
"1000000US500110105003037","Block 3037, Block Group 3, Census Tract 105, Franklin County, Vermont","0","0","0"
"1000000US500110105003038","Block 3038, Block Group 3, Census Tract 105, Franklin County, Vermont","0","0","0"
"1000000US500110105003039","Block 3039, Block Group 3, Census Tract 105, Franklin County, Vermont","0","0","0"
"1000000US500110105003040","Block 3040, Block Group 3, Census Tract 105, Franklin County, Vermont","0","0","0"
"1000000US500110105003041","Block 3041, Block Group 3, Census Tract 105, Franklin County, Vermont","0","0","0"
"1000000US500110105003042","Block 3042, Block Group 3, Census Tract 105, Franklin County, Vermont","8","8","0"
"1000000US500110105003043","Block 3043, Block Group 3, Census Tract 105, Franklin County, Vermont","6","6","0"
"1000000US500110105003044","Block 3044, Block Group 3, Census Tract 105, Franklin County, Vermont","1","1","0"
"1000000US500110105003045","Block 3045, Block Group 3, Census Tract 105, Franklin County, Vermont","50","48","2"
"1000000US500110105003046","Block 3046, Block Group 3, Census Tract 105, Franklin County, Vermont","0","0","0"
"1000000US500110105003047","Block 3047, Block Group 3, Census Tract 105, Franklin County, Vermont","7","7","0"
"1000000US500110105003048","Block 3048, Block Group 3, Census Tract 105, Franklin County, Vermont","2","2","0"
"1000000US500110105003049","Block 3049, Block Group 3, Census Tract 105, Franklin County, Vermont","4","4","0"
"1000000US500110105003050","Block 3050, Block Group 3, Census Tract 105, Franklin County, Vermont","0","0","0"
"1000000US500110105003051","Block 3051, Block Group 3, Census Tract 105, Franklin County, Vermont","0","0","0"
"1000000US500110105003052","Block 3052, Block Group 3, Census Tract 105, Franklin County, Vermont","0","0","0"
"1000000US500110105003053","Block 3053, Block Group 3, Census Tract 105, Franklin County, Vermont","0","0","0"
"1000000US500110105003054","Block 3054, Block Group 3, Census Tract 105, Franklin County, Vermont","1","1","0"
"1000000US500110105003055","Block 3055, Block Group 3, Census Tract 105, Franklin County, Vermont","0","0","0"
"1000000US500110105003056","Block 3056, Block Group 3, Census Tract 105, Franklin County, Vermont","0","0","0"
"1000000US500110105003057","Block 3057, Block Group 3, Census Tract 105, Franklin County, Vermont","0","0","0"
"1000000US500110105004000","Block 4000, Block Group 4, Census Tract 105, Franklin County, Vermont","0","0","0"
"1000000US500110105004001","Block 4001, Block Group 4, Census Tract 105, Franklin County, Vermont","0","0","0"
"1000000US500110105004002","Block 4002, Block Group 4, Census Tract 105, Franklin County, Vermont","0","0","0"
"1000000US500110105004003","Block 4003, Block Group 4, Census Tract 105, Franklin County, Vermont","19","18","1"
"1000000US500110105004004","Block 4004, Block Group 4, Census Tract 105, Franklin County, Vermont","17","16","1"
"1000000US500110105004005","Block 4005, Block Group 4, Census Tract 105, Franklin County, Vermont","3","3","0"
"1000000US500110105004006","Block 4006, Block Group 4, Census Tract 105, Franklin County, Vermont","14","13","1"
"1000000US500110105004007","Block 4007, Block Group 4, Census Tract 105, Franklin County, Vermont","0","0","0"
"1000000US500110105004008","Block 4008, Block Group 4, Census Tract 105, Franklin County, Vermont","0","0","0"
"1000000US500110105004009","Block 4009, Block Group 4, Census Tract 105, Franklin County, Vermont","8","7","1"
"1000000US500110105004010","Block 4010, Block Group 4, Census Tract 105, Franklin County, Vermont","0","0","0"
"1000000US500110105004011","Block 4011, Block Group 4, Census Tract 105, Franklin County, Vermont","0","0","0"
"1000000US500110105004012","Block 4012, Block Group 4, Census Tract 105, Franklin County, Vermont","46","44","2"
"1000000US500110105004013","Block 4013, Block Group 4, Census Tract 105, Franklin County, Vermont","0","0","0"
"1000000US500110105004014","Block 4014, Block Group 4, Census Tract 105, Franklin County, Vermont","28","27","1"
"1000000US500110105004015","Block 4015, Block Group 4, Census Tract 105, Franklin County, Vermont","10","9","1"
"1000000US500110105004016","Block 4016, Block Group 4, Census Tract 105, Franklin County, Vermont","27","27","0"
"1000000US500110105004017","Block 4017, Block Group 4, Census Tract 105, Franklin County, Vermont","0","0","0"
"1000000US500110105004018","Block 4018, Block Group 4, Census Tract 105, Franklin County, Vermont","0","0","0"
"1000000US500110105004019","Block 4019, Block Group 4, Census Tract 105, Franklin County, Vermont","95","88","7"
"1000000US500110105004020","Block 4020, Block Group 4, Census Tract 105, Franklin County, Vermont","0","0","0"
"1000000US500110105004021","Block 4021, Block Group 4, Census Tract 105, Franklin County, Vermont","10","9","1"
"1000000US500110105004022","Block 4022, Block Group 4, Census Tract 105, Franklin County, Vermont","21","17","4"
"1000000US500110105004023","Block 4023, Block Group 4, Census Tract 105, Franklin County, Vermont","38","33","5"
"1000000US500110105004024","Block 4024, Block Group 4, Census Tract 105, Franklin County, Vermont","5","5","0"
"1000000US500110105004025","Block 4025, Block Group 4, Census Tract 105, Franklin County, Vermont","71","68","3"
"1000000US500110105004026","Block 4026, Block Group 4, Census Tract 105, Franklin County, Vermont","0","0","0"
"1000000US500110105004027","Block 4027, Block Group 4, Census Tract 105, Franklin County, Vermont","130","57","73"
"1000000US500110105004028","Block 4028, Block Group 4, Census Tract 105, Franklin County, Vermont","3","0","3"
"1000000US500110105004029","Block 4029, Block Group 4, Census Tract 105, Franklin County, Vermont","0","0","0"
"1000000US500110105004030","Block 4030, Block Group 4, Census Tract 105, Franklin County, Vermont","0","0","0"
"1000000US500110105004031","Block 4031, Block Group 4, Census Tract 105, Franklin County, Vermont","0","0","0"
"1000000US500110105004032","Block 4032, Block Group 4, Census Tract 105, Franklin County, Vermont","0","0","0"
"1000000US500110105004033","Block 4033, Block Group 4, Census Tract 105, Franklin County, Vermont","5","5","0"
"1000000US500110105004034","Block 4034, Block Group 4, Census Tract 105, Franklin County, Vermont","10","7","3"
"1000000US500110105004035","Block 4035, Block Group 4, Census Tract 105, Franklin County, Vermont","4","4","0"
"1000000US500110105004036","Block 4036, Block Group 4, Census Tract 105, Franklin County, Vermont","1","1","0"
"1000000US500110105004037","Block 4037, Block Group 4, Census Tract 105, Franklin County, Vermont","6","5","1"
"1000000US500110105004038","Block 4038, Block Group 4, Census Tract 105, Franklin County, Vermont","4","4","0"
"1000000US500110105004039","Block 4039, Block Group 4, Census Tract 105, Franklin County, Vermont","0","0","0"
"1000000US500110105004040","Block 4040, Block Group 4, Census Tract 105, Franklin County, Vermont","44","41","3"
"1000000US500110105004041","Block 4041, Block Group 4, Census Tract 105, Franklin County, Vermont","0","0","0"
"1000000US500110105004042","Block 4042, Block Group 4, Census Tract 105, Franklin County, Vermont","6","6","0"
"1000000US500110105004043","Block 4043, Block Group 4, Census Tract 105, Franklin County, Vermont","0","0","0"
"1000000US500110105004044","Block 4044, Block Group 4, Census Tract 105, Franklin County, Vermont","5","5","0"
"1000000US500110105004045","Block 4045, Block Group 4, Census Tract 105, Franklin County, Vermont","53","52","1"
"1000000US500110105004046","Block 4046, Block Group 4, Census Tract 105, Franklin County, Vermont","7","7","0"
"1000000US500110105004047","Block 4047, Block Group 4, Census Tract 105, Franklin County, Vermont","4","4","0"
"1000000US500110105004048","Block 4048, Block Group 4, Census Tract 105, Franklin County, Vermont","0","0","0"
"1000000US500110105004049","Block 4049, Block Group 4, Census Tract 105, Franklin County, Vermont","18","14","4"
"1000000US500110105004050","Block 4050, Block Group 4, Census Tract 105, Franklin County, Vermont","10","9","1"
"1000000US500110105004051","Block 4051, Block Group 4, Census Tract 105, Franklin County, Vermont","4","4","0"
"1000000US500110105004052","Block 4052, Block Group 4, Census Tract 105, Franklin County, Vermont","2","2","0"
"1000000US500110105004053","Block 4053, Block Group 4, Census Tract 105, Franklin County, Vermont","36","36","0"
"1000000US500110105004054","Block 4054, Block Group 4, Census Tract 105, Franklin County, Vermont","2","2","0"
"1000000US500110105004055","Block 4055, Block Group 4, Census Tract 105, Franklin County, Vermont","0","0","0"
"1000000US500110105004056","Block 4056, Block Group 4, Census Tract 105, Franklin County, Vermont","0","0","0"
"1000000US500110105004057","Block 4057, Block Group 4, Census Tract 105, Franklin County, Vermont","8","8","0"
"1000000US500110105004058","Block 4058, Block Group 4, Census Tract 105, Franklin County, Vermont","0","0","0"
"1000000US500110105004059","Block 4059, Block Group 4, Census Tract 105, Franklin County, Vermont","2","2","0"
"1000000US500110105004060","Block 4060, Block Group 4, Census Tract 105, Franklin County, Vermont","23","23","0"
"1000000US500110105004061","Block 4061, Block Group 4, Census Tract 105, Franklin County, Vermont","6","5","1"
"1000000US500110105004062","Block 4062, Block Group 4, Census Tract 105, Franklin County, Vermont","1","1","0"
"1000000US500110105005000","Block 5000, Block Group 5, Census Tract 105, Franklin County, Vermont","0","0","0"
"1000000US500110105005001","Block 5001, Block Group 5, Census Tract 105, Franklin County, Vermont","0","0","0"
"1000000US500110105005002","Block 5002, Block Group 5, Census Tract 105, Franklin County, Vermont","0","0","0"
"1000000US500110105005003","Block 5003, Block Group 5, Census Tract 105, Franklin County, Vermont","0","0","0"
"1000000US500110105005004","Block 5004, Block Group 5, Census Tract 105, Franklin County, Vermont","0","0","0"
"1000000US500110105005005","Block 5005, Block Group 5, Census Tract 105, Franklin County, Vermont","0","0","0"
"1000000US500110105005006","Block 5006, Block Group 5, Census Tract 105, Franklin County, Vermont","2","2","0"
"1000000US500110105005007","Block 5007, Block Group 5, Census Tract 105, Franklin County, Vermont","0","0","0"
"1000000US500110105005008","Block 5008, Block Group 5, Census Tract 105, Franklin County, Vermont","0","0","0"
"1000000US500110105005009","Block 5009, Block Group 5, Census Tract 105, Franklin County, Vermont","0","0","0"
"1000000US500110105005010","Block 5010, Block Group 5, Census Tract 105, Franklin County, Vermont","0","0","0"
"1000000US500110105005011","Block 5011, Block Group 5, Census Tract 105, Franklin County, Vermont","0","0","0"
"1000000US500110105005012","Block 5012, Block Group 5, Census Tract 105, Franklin County, Vermont","2","2","0"
"1000000US500110105005013","Block 5013, Block Group 5, Census Tract 105, Franklin County, Vermont","12","0","12"
"1000000US500110105005014","Block 5014, Block Group 5, Census Tract 105, Franklin County, Vermont","51","21","30"
"1000000US500110105005015","Block 5015, Block Group 5, Census Tract 105, Franklin County, Vermont","9","0","9"
"1000000US500110105005016","Block 5016, Block Group 5, Census Tract 105, Franklin County, Vermont","0","0","0"
"1000000US500110105005017","Block 5017, Block Group 5, Census Tract 105, Franklin County, Vermont","0","0","0"
"1000000US500110105005018","Block 5018, Block Group 5, Census Tract 105, Franklin County, Vermont","133","51","82"
"1000000US500110105005019","Block 5019, Block Group 5, Census Tract 105, Franklin County, Vermont","0","0","0"
"1000000US500110105005020","Block 5020, Block Group 5, Census Tract 105, Franklin County, Vermont","0","0","0"
"1000000US500110105005021","Block 5021, Block Group 5, Census Tract 105, Franklin County, Vermont","91","64","27"
"1000000US500110105005022","Block 5022, Block Group 5, Census Tract 105, Franklin County, Vermont","0","0","0"
"1000000US500110105005023","Block 5023, Block Group 5, Census Tract 105, Franklin County, Vermont","0","0","0"
"1000000US500110105005024","Block 5024, Block Group 5, Census Tract 105, Franklin County, Vermont","0","0","0"
"1000000US500110105005025","Block 5025, Block Group 5, Census Tract 105, Franklin County, Vermont","0","0","0"
"1000000US500110105005026","Block 5026, Block Group 5, Census Tract 105, Franklin County, Vermont","0","0","0"
"1000000US500110105005027","Block 5027, Block Group 5, Census Tract 105, Franklin County, Vermont","5","5","0"
"1000000US500110105005028","Block 5028, Block Group 5, Census Tract 105, Franklin County, Vermont","0","0","0"
"1000000US500110105005029","Block 5029, Block Group 5, Census Tract 105, Franklin County, Vermont","0","0","0"
"1000000US500110105005030","Block 5030, Block Group 5, Census Tract 105, Franklin County, Vermont","0","0","0"
"1000000US500110105005031","Block 5031, Block Group 5, Census Tract 105, Franklin County, Vermont","0","0","0"
"1000000US500110105005032","Block 5032, Block Group 5, Census Tract 105, Franklin County, Vermont","17","13","4"
"1000000US500110105005033","Block 5033, Block Group 5, Census Tract 105, Franklin County, Vermont","14","13","1"
"1000000US500110105005034","Block 5034, Block Group 5, Census Tract 105, Franklin County, Vermont","0","0","0"
"1000000US500110105005035","Block 5035, Block Group 5, Census Tract 105, Franklin County, Vermont","0","0","0"
"1000000US500110105005036","Block 5036, Block Group 5, Census Tract 105, Franklin County, Vermont","0","0","0"
"1000000US500110105005037","Block 5037, Block Group 5, Census Tract 105, Franklin County, Vermont","0","0","0"
"1000000US500110105005038","Block 5038, Block Group 5, Census Tract 105, Franklin County, Vermont","0","0","0"
"1000000US500110105005039","Block 5039, Block Group 5, Census Tract 105, Franklin County, Vermont","29","24","5"
"1000000US500110105005040","Block 5040, Block Group 5, Census Tract 105, Franklin County, Vermont","9","9","0"
"1000000US500110105005041","Block 5041, Block Group 5, Census Tract 105, Franklin County, Vermont","0","0","0"
"1000000US500110105005042","Block 5042, Block Group 5, Census Tract 105, Franklin County, Vermont","0","0","0"
"1000000US500110105005043","Block 5043, Block Group 5, Census Tract 105, Franklin County, Vermont","8","8","0"
"1000000US500110105005044","Block 5044, Block Group 5, Census Tract 105, Franklin County, Vermont","0","0","0"
"1000000US500110105005045","Block 5045, Block Group 5, Census Tract 105, Franklin County, Vermont","0","0","0"
"1000000US500110105005046","Block 5046, Block Group 5, Census Tract 105, Franklin County, Vermont","0","0","0"
"1000000US500110105005047","Block 5047, Block Group 5, Census Tract 105, Franklin County, Vermont","0","0","0"
"1000000US500110105005048","Block 5048, Block Group 5, Census Tract 105, Franklin County, Vermont","0","0","0"
"1000000US500110105005049","Block 5049, Block Group 5, Census Tract 105, Franklin County, Vermont","0","0","0"
"1000000US500110105005050","Block 5050, Block Group 5, Census Tract 105, Franklin County, Vermont","14","13","1"
"1000000US500110105005051","Block 5051, Block Group 5, Census Tract 105, Franklin County, Vermont","0","0","0"
"1000000US500110105005052","Block 5052, Block Group 5, Census Tract 105, Franklin County, Vermont","13","13","0"
"1000000US500110105005053","Block 5053, Block Group 5, Census Tract 105, Franklin County, Vermont","36","30","6"
"1000000US500110105005054","Block 5054, Block Group 5, Census Tract 105, Franklin County, Vermont","0","0","0"
"1000000US500110105005055","Block 5055, Block Group 5, Census Tract 105, Franklin County, Vermont","0","0","0"
"1000000US500110105005056","Block 5056, Block Group 5, Census Tract 105, Franklin County, Vermont","6","6","0"
"1000000US500110105005057","Block 5057, Block Group 5, Census Tract 105, Franklin County, Vermont","0","0","0"
"1000000US500110105005058","Block 5058, Block Group 5, Census Tract 105, Franklin County, Vermont","7","7","0"
"1000000US500110105005059","Block 5059, Block Group 5, Census Tract 105, Franklin County, Vermont","16","16","0"
"1000000US500110105005060","Block 5060, Block Group 5, Census Tract 105, Franklin County, Vermont","11","10","1"
"1000000US500110105005061","Block 5061, Block Group 5, Census Tract 105, Franklin County, Vermont","4","4","0"
"1000000US500110105005062","Block 5062, Block Group 5, Census Tract 105, Franklin County, Vermont","0","0","0"
"1000000US500110105005063","Block 5063, Block Group 5, Census Tract 105, Franklin County, Vermont","0","0","0"
"1000000US500110105005064","Block 5064, Block Group 5, Census Tract 105, Franklin County, Vermont","0","0","0"
"1000000US500110105005065","Block 5065, Block Group 5, Census Tract 105, Franklin County, Vermont","0","0","0"
"1000000US500110105005066","Block 5066, Block Group 5, Census Tract 105, Franklin County, Vermont","0","0","0"
"1000000US500110105005067","Block 5067, Block Group 5, Census Tract 105, Franklin County, Vermont","0","0","0"
"1000000US500110105005068","Block 5068, Block Group 5, Census Tract 105, Franklin County, Vermont","3","3","0"
"1000000US500110105005069","Block 5069, Block Group 5, Census Tract 105, Franklin County, Vermont","0","0","0"
"1000000US500110105005070","Block 5070, Block Group 5, Census Tract 105, Franklin County, Vermont","0","0","0"
"1000000US500110105005071","Block 5071, Block Group 5, Census Tract 105, Franklin County, Vermont","0","0","0"
"1000000US500110105005072","Block 5072, Block Group 5, Census Tract 105, Franklin County, Vermont","0","0","0"
"1000000US500110105005073","Block 5073, Block Group 5, Census Tract 105, Franklin County, Vermont","0","0","0"
"1000000US500110105005074","Block 5074, Block Group 5, Census Tract 105, Franklin County, Vermont","0","0","0"
"1000000US500110105005075","Block 5075, Block Group 5, Census Tract 105, Franklin County, Vermont","0","0","0"
"1000000US500110105005076","Block 5076, Block Group 5, Census Tract 105, Franklin County, Vermont","0","0","0"
"1000000US500110105005077","Block 5077, Block Group 5, Census Tract 105, Franklin County, Vermont","0","0","0"
"1000000US500110105005078","Block 5078, Block Group 5, Census Tract 105, Franklin County, Vermont","0","0","0"
"1000000US500110105005079","Block 5079, Block Group 5, Census Tract 105, Franklin County, Vermont","0","0","0"
"1000000US500110105005080","Block 5080, Block Group 5, Census Tract 105, Franklin County, Vermont","0","0","0"
"1000000US500110105005081","Block 5081, Block Group 5, Census Tract 105, Franklin County, Vermont","0","0","0"
"1000000US500110105005082","Block 5082, Block Group 5, Census Tract 105, Franklin County, Vermont","33","30","3"
"1000000US500110105005083","Block 5083, Block Group 5, Census Tract 105, Franklin County, Vermont","0","0","0"
"1000000US500110105005084","Block 5084, Block Group 5, Census Tract 105, Franklin County, Vermont","0","0","0"
"1000000US500110105005085","Block 5085, Block Group 5, Census Tract 105, Franklin County, Vermont","0","0","0"
"1000000US500110105005086","Block 5086, Block Group 5, Census Tract 105, Franklin County, Vermont","0","0","0"
"1000000US500110105005087","Block 5087, Block Group 5, Census Tract 105, Franklin County, Vermont","0","0","0"
"1000000US500110106001000","Block 1000, Block Group 1, Census Tract 106, Franklin County, Vermont","0","0","0"
"1000000US500110106001001","Block 1001, Block Group 1, Census Tract 106, Franklin County, Vermont","0","0","0"
"1000000US500110106001002","Block 1002, Block Group 1, Census Tract 106, Franklin County, Vermont","0","0","0"
"1000000US500110106001003","Block 1003, Block Group 1, Census Tract 106, Franklin County, Vermont","79","76","3"
"1000000US500110106001004","Block 1004, Block Group 1, Census Tract 106, Franklin County, Vermont","93","86","7"
"1000000US500110106001005","Block 1005, Block Group 1, Census Tract 106, Franklin County, Vermont","1","1","0"
"1000000US500110106001006","Block 1006, Block Group 1, Census Tract 106, Franklin County, Vermont","38","33","5"
"1000000US500110106001007","Block 1007, Block Group 1, Census Tract 106, Franklin County, Vermont","0","0","0"
"1000000US500110106001008","Block 1008, Block Group 1, Census Tract 106, Franklin County, Vermont","0","0","0"
"1000000US500110106001009","Block 1009, Block Group 1, Census Tract 106, Franklin County, Vermont","0","0","0"
"1000000US500110106001010","Block 1010, Block Group 1, Census Tract 106, Franklin County, Vermont","0","0","0"
"1000000US500110106001011","Block 1011, Block Group 1, Census Tract 106, Franklin County, Vermont","94","83","11"
"1000000US500110106001012","Block 1012, Block Group 1, Census Tract 106, Franklin County, Vermont","0","0","0"
"1000000US500110106001013","Block 1013, Block Group 1, Census Tract 106, Franklin County, Vermont","33","31","2"
"1000000US500110106001014","Block 1014, Block Group 1, Census Tract 106, Franklin County, Vermont","6","6","0"
"1000000US500110106001015","Block 1015, Block Group 1, Census Tract 106, Franklin County, Vermont","20","20","0"
"1000000US500110106001016","Block 1016, Block Group 1, Census Tract 106, Franklin County, Vermont","9","9","0"
"1000000US500110106001017","Block 1017, Block Group 1, Census Tract 106, Franklin County, Vermont","11","11","0"
"1000000US500110106001018","Block 1018, Block Group 1, Census Tract 106, Franklin County, Vermont","0","0","0"
"1000000US500110106001019","Block 1019, Block Group 1, Census Tract 106, Franklin County, Vermont","0","0","0"
"1000000US500110106001020","Block 1020, Block Group 1, Census Tract 106, Franklin County, Vermont","3","3","0"
"1000000US500110106001021","Block 1021, Block Group 1, Census Tract 106, Franklin County, Vermont","0","0","0"
"1000000US500110106001022","Block 1022, Block Group 1, Census Tract 106, Franklin County, Vermont","1","1","0"
"1000000US500110106001023","Block 1023, Block Group 1, Census Tract 106, Franklin County, Vermont","66","65","1"
"1000000US500110106001024","Block 1024, Block Group 1, Census Tract 106, Franklin County, Vermont","0","0","0"
"1000000US500110106001025","Block 1025, Block Group 1, Census Tract 106, Franklin County, Vermont","41","36","5"
"1000000US500110106001026","Block 1026, Block Group 1, Census Tract 106, Franklin County, Vermont","0","0","0"
"1000000US500110106001027","Block 1027, Block Group 1, Census Tract 106, Franklin County, Vermont","6","5","1"
"1000000US500110106001028","Block 1028, Block Group 1, Census Tract 106, Franklin County, Vermont","3","1","2"
"1000000US500110106001029","Block 1029, Block Group 1, Census Tract 106, Franklin County, Vermont","0","0","0"
"1000000US500110106001030","Block 1030, Block Group 1, Census Tract 106, Franklin County, Vermont","0","0","0"
"1000000US500110106001031","Block 1031, Block Group 1, Census Tract 106, Franklin County, Vermont","0","0","0"
"1000000US500110106001032","Block 1032, Block Group 1, Census Tract 106, Franklin County, Vermont","0","0","0"
"1000000US500110106001033","Block 1033, Block Group 1, Census Tract 106, Franklin County, Vermont","49","49","0"
"1000000US500110106001034","Block 1034, Block Group 1, Census Tract 106, Franklin County, Vermont","0","0","0"
"1000000US500110106001035","Block 1035, Block Group 1, Census Tract 106, Franklin County, Vermont","22","22","0"
"1000000US500110106001036","Block 1036, Block Group 1, Census Tract 106, Franklin County, Vermont","0","0","0"
"1000000US500110106001037","Block 1037, Block Group 1, Census Tract 106, Franklin County, Vermont","4","4","0"
"1000000US500110106001038","Block 1038, Block Group 1, Census Tract 106, Franklin County, Vermont","47","45","2"
"1000000US500110106001039","Block 1039, Block Group 1, Census Tract 106, Franklin County, Vermont","9","9","0"
"1000000US500110106001040","Block 1040, Block Group 1, Census Tract 106, Franklin County, Vermont","49","47","2"
"1000000US500110106001041","Block 1041, Block Group 1, Census Tract 106, Franklin County, Vermont","14","13","1"
"1000000US500110106001042","Block 1042, Block Group 1, Census Tract 106, Franklin County, Vermont","0","0","0"
"1000000US500110106001043","Block 1043, Block Group 1, Census Tract 106, Franklin County, Vermont","204","191","13"
"1000000US500110106001044","Block 1044, Block Group 1, Census Tract 106, Franklin County, Vermont","4","4","0"
"1000000US500110106001045","Block 1045, Block Group 1, Census Tract 106, Franklin County, Vermont","12","12","0"
"1000000US500110106001046","Block 1046, Block Group 1, Census Tract 106, Franklin County, Vermont","11","11","0"
"1000000US500110106001047","Block 1047, Block Group 1, Census Tract 106, Franklin County, Vermont","13","13","0"
"1000000US500110106001048","Block 1048, Block Group 1, Census Tract 106, Franklin County, Vermont","18","18","0"
"1000000US500110106001049","Block 1049, Block Group 1, Census Tract 106, Franklin County, Vermont","0","0","0"
"1000000US500110106001050","Block 1050, Block Group 1, Census Tract 106, Franklin County, Vermont","35","35","0"
"1000000US500110106001051","Block 1051, Block Group 1, Census Tract 106, Franklin County, Vermont","23","23","0"
"1000000US500110106001052","Block 1052, Block Group 1, Census Tract 106, Franklin County, Vermont","32","31","1"
"1000000US500110106001053","Block 1053, Block Group 1, Census Tract 106, Franklin County, Vermont","0","0","0"
"1000000US500110106001054","Block 1054, Block Group 1, Census Tract 106, Franklin County, Vermont","2","2","0"
"1000000US500110106001055","Block 1055, Block Group 1, Census Tract 106, Franklin County, Vermont","8","7","1"
"1000000US500110106001056","Block 1056, Block Group 1, Census Tract 106, Franklin County, Vermont","0","0","0"
"1000000US500110106001057","Block 1057, Block Group 1, Census Tract 106, Franklin County, Vermont","0","0","0"
"1000000US500110106001058","Block 1058, Block Group 1, Census Tract 106, Franklin County, Vermont","0","0","0"
"1000000US500110106001059","Block 1059, Block Group 1, Census Tract 106, Franklin County, Vermont","10","10","0"
"1000000US500110106001060","Block 1060, Block Group 1, Census Tract 106, Franklin County, Vermont","0","0","0"
"1000000US500110106001061","Block 1061, Block Group 1, Census Tract 106, Franklin County, Vermont","0","0","0"
"1000000US500110106001062","Block 1062, Block Group 1, Census Tract 106, Franklin County, Vermont","17","17","0"
"1000000US500110106002000","Block 2000, Block Group 2, Census Tract 106, Franklin County, Vermont","3","3","0"
"1000000US500110106002001","Block 2001, Block Group 2, Census Tract 106, Franklin County, Vermont","0","0","0"
"1000000US500110106002002","Block 2002, Block Group 2, Census Tract 106, Franklin County, Vermont","0","0","0"
"1000000US500110106002003","Block 2003, Block Group 2, Census Tract 106, Franklin County, Vermont","0","0","0"
"1000000US500110106002004","Block 2004, Block Group 2, Census Tract 106, Franklin County, Vermont","0","0","0"
"1000000US500110106002005","Block 2005, Block Group 2, Census Tract 106, Franklin County, Vermont","0","0","0"
"1000000US500110106002006","Block 2006, Block Group 2, Census Tract 106, Franklin County, Vermont","4","4","0"
"1000000US500110106002007","Block 2007, Block Group 2, Census Tract 106, Franklin County, Vermont","0","0","0"
"1000000US500110106002008","Block 2008, Block Group 2, Census Tract 106, Franklin County, Vermont","31","30","1"
"1000000US500110106002009","Block 2009, Block Group 2, Census Tract 106, Franklin County, Vermont","0","0","0"
"1000000US500110106002010","Block 2010, Block Group 2, Census Tract 106, Franklin County, Vermont","0","0","0"
"1000000US500110106002011","Block 2011, Block Group 2, Census Tract 106, Franklin County, Vermont","0","0","0"
"1000000US500110106002012","Block 2012, Block Group 2, Census Tract 106, Franklin County, Vermont","0","0","0"
"1000000US500110106002013","Block 2013, Block Group 2, Census Tract 106, Franklin County, Vermont","28","28","0"
"1000000US500110106002014","Block 2014, Block Group 2, Census Tract 106, Franklin County, Vermont","2","2","0"
"1000000US500110106002015","Block 2015, Block Group 2, Census Tract 106, Franklin County, Vermont","0","0","0"
"1000000US500110106002016","Block 2016, Block Group 2, Census Tract 106, Franklin County, Vermont","0","0","0"
"1000000US500110106002017","Block 2017, Block Group 2, Census Tract 106, Franklin County, Vermont","0","0","0"
"1000000US500110106002018","Block 2018, Block Group 2, Census Tract 106, Franklin County, Vermont","0","0","0"
"1000000US500110106002019","Block 2019, Block Group 2, Census Tract 106, Franklin County, Vermont","0","0","0"
"1000000US500110106002020","Block 2020, Block Group 2, Census Tract 106, Franklin County, Vermont","21","18","3"
"1000000US500110106002021","Block 2021, Block Group 2, Census Tract 106, Franklin County, Vermont","0","0","0"
"1000000US500110106002022","Block 2022, Block Group 2, Census Tract 106, Franklin County, Vermont","0","0","0"
"1000000US500110106002023","Block 2023, Block Group 2, Census Tract 106, Franklin County, Vermont","0","0","0"
"1000000US500110106002024","Block 2024, Block Group 2, Census Tract 106, Franklin County, Vermont","0","0","0"
"1000000US500110106002025","Block 2025, Block Group 2, Census Tract 106, Franklin County, Vermont","32","31","1"
"1000000US500110106002026","Block 2026, Block Group 2, Census Tract 106, Franklin County, Vermont","75","74","1"
"1000000US500110106002027","Block 2027, Block Group 2, Census Tract 106, Franklin County, Vermont","2","2","0"
"1000000US500110106002028","Block 2028, Block Group 2, Census Tract 106, Franklin County, Vermont","11","11","0"
"1000000US500110106002029","Block 2029, Block Group 2, Census Tract 106, Franklin County, Vermont","0","0","0"
"1000000US500110106002030","Block 2030, Block Group 2, Census Tract 106, Franklin County, Vermont","39","38","1"
"1000000US500110106002031","Block 2031, Block Group 2, Census Tract 106, Franklin County, Vermont","0","0","0"
"1000000US500110106002032","Block 2032, Block Group 2, Census Tract 106, Franklin County, Vermont","0","0","0"
"1000000US500110106002033","Block 2033, Block Group 2, Census Tract 106, Franklin County, Vermont","0","0","0"
"1000000US500110106002034","Block 2034, Block Group 2, Census Tract 106, Franklin County, Vermont","26","26","0"
"1000000US500110106002035","Block 2035, Block Group 2, Census Tract 106, Franklin County, Vermont","0","0","0"
"1000000US500110106002036","Block 2036, Block Group 2, Census Tract 106, Franklin County, Vermont","0","0","0"
"1000000US500110106002037","Block 2037, Block Group 2, Census Tract 106, Franklin County, Vermont","0","0","0"
"1000000US500110106002038","Block 2038, Block Group 2, Census Tract 106, Franklin County, Vermont","0","0","0"
"1000000US500110106002039","Block 2039, Block Group 2, Census Tract 106, Franklin County, Vermont","18","14","4"
"1000000US500110106002040","Block 2040, Block Group 2, Census Tract 106, Franklin County, Vermont","3","2","1"
"1000000US500110106002041","Block 2041, Block Group 2, Census Tract 106, Franklin County, Vermont","0","0","0"
"1000000US500110106002042","Block 2042, Block Group 2, Census Tract 106, Franklin County, Vermont","8","7","1"
"1000000US500110106002043","Block 2043, Block Group 2, Census Tract 106, Franklin County, Vermont","0","0","0"
"1000000US500110106002044","Block 2044, Block Group 2, Census Tract 106, Franklin County, Vermont","0","0","0"
"1000000US500110106002045","Block 2045, Block Group 2, Census Tract 106, Franklin County, Vermont","33","30","3"
"1000000US500110106002046","Block 2046, Block Group 2, Census Tract 106, Franklin County, Vermont","23","22","1"
"1000000US500110106002047","Block 2047, Block Group 2, Census Tract 106, Franklin County, Vermont","8","8","0"
"1000000US500110106002048","Block 2048, Block Group 2, Census Tract 106, Franklin County, Vermont","31","27","4"
"1000000US500110106002049","Block 2049, Block Group 2, Census Tract 106, Franklin County, Vermont","0","0","0"
"1000000US500110106002050","Block 2050, Block Group 2, Census Tract 106, Franklin County, Vermont","0","0","0"
"1000000US500110106002051","Block 2051, Block Group 2, Census Tract 106, Franklin County, Vermont","7","6","1"
"1000000US500110106002052","Block 2052, Block Group 2, Census Tract 106, Franklin County, Vermont","10","8","2"
"1000000US500110106002053","Block 2053, Block Group 2, Census Tract 106, Franklin County, Vermont","0","0","0"
"1000000US500110106002054","Block 2054, Block Group 2, Census Tract 106, Franklin County, Vermont","25","24","1"
"1000000US500110106002055","Block 2055, Block Group 2, Census Tract 106, Franklin County, Vermont","5","5","0"
"1000000US500110106002056","Block 2056, Block Group 2, Census Tract 106, Franklin County, Vermont","0","0","0"
"1000000US500110106002057","Block 2057, Block Group 2, Census Tract 106, Franklin County, Vermont","0","0","0"
"1000000US500110106002058","Block 2058, Block Group 2, Census Tract 106, Franklin County, Vermont","0","0","0"
"1000000US500110106003000","Block 3000, Block Group 3, Census Tract 106, Franklin County, Vermont","132","129","3"
"1000000US500110106003001","Block 3001, Block Group 3, Census Tract 106, Franklin County, Vermont","5","5","0"
"1000000US500110106003002","Block 3002, Block Group 3, Census Tract 106, Franklin County, Vermont","1","1","0"
"1000000US500110106003003","Block 3003, Block Group 3, Census Tract 106, Franklin County, Vermont","19","18","1"
"1000000US500110106003004","Block 3004, Block Group 3, Census Tract 106, Franklin County, Vermont","9","9","0"
"1000000US500110106003005","Block 3005, Block Group 3, Census Tract 106, Franklin County, Vermont","0","0","0"
"1000000US500110106003006","Block 3006, Block Group 3, Census Tract 106, Franklin County, Vermont","9","9","0"
"1000000US500110106003007","Block 3007, Block Group 3, Census Tract 106, Franklin County, Vermont","41","40","1"
"1000000US500110106003008","Block 3008, Block Group 3, Census Tract 106, Franklin County, Vermont","0","0","0"
"1000000US500110106003009","Block 3009, Block Group 3, Census Tract 106, Franklin County, Vermont","16","16","0"
"1000000US500110106003010","Block 3010, Block Group 3, Census Tract 106, Franklin County, Vermont","21","21","0"
"1000000US500110106003011","Block 3011, Block Group 3, Census Tract 106, Franklin County, Vermont","21","20","1"
"1000000US500110106003012","Block 3012, Block Group 3, Census Tract 106, Franklin County, Vermont","0","0","0"
"1000000US500110106003013","Block 3013, Block Group 3, Census Tract 106, Franklin County, Vermont","79","42","37"
"1000000US500110106003014","Block 3014, Block Group 3, Census Tract 106, Franklin County, Vermont","0","0","0"
"1000000US500110106003015","Block 3015, Block Group 3, Census Tract 106, Franklin County, Vermont","0","0","0"
"1000000US500110106003016","Block 3016, Block Group 3, Census Tract 106, Franklin County, Vermont","8","8","0"
"1000000US500110106003017","Block 3017, Block Group 3, Census Tract 106, Franklin County, Vermont","0","0","0"
"1000000US500110106003018","Block 3018, Block Group 3, Census Tract 106, Franklin County, Vermont","16","16","0"
"1000000US500110106003019","Block 3019, Block Group 3, Census Tract 106, Franklin County, Vermont","12","11","1"
"1000000US500110106003020","Block 3020, Block Group 3, Census Tract 106, Franklin County, Vermont","3","3","0"
"1000000US500110106003021","Block 3021, Block Group 3, Census Tract 106, Franklin County, Vermont","5","4","1"
"1000000US500110106003022","Block 3022, Block Group 3, Census Tract 106, Franklin County, Vermont","25","25","0"
"1000000US500110106003023","Block 3023, Block Group 3, Census Tract 106, Franklin County, Vermont","11","11","0"
"1000000US500110106003024","Block 3024, Block Group 3, Census Tract 106, Franklin County, Vermont","2","2","0"
"1000000US500110106003025","Block 3025, Block Group 3, Census Tract 106, Franklin County, Vermont","13","11","2"
"1000000US500110106003026","Block 3026, Block Group 3, Census Tract 106, Franklin County, Vermont","12","11","1"
"1000000US500110106003027","Block 3027, Block Group 3, Census Tract 106, Franklin County, Vermont","4","3","1"
"1000000US500110106003028","Block 3028, Block Group 3, Census Tract 106, Franklin County, Vermont","0","0","0"
"1000000US500110106003029","Block 3029, Block Group 3, Census Tract 106, Franklin County, Vermont","71","13","58"
"1000000US500110106003030","Block 3030, Block Group 3, Census Tract 106, Franklin County, Vermont","0","0","0"
"1000000US500110106003031","Block 3031, Block Group 3, Census Tract 106, Franklin County, Vermont","52","1","51"
"1000000US500110106003032","Block 3032, Block Group 3, Census Tract 106, Franklin County, Vermont","0","0","0"
"1000000US500110106003033","Block 3033, Block Group 3, Census Tract 106, Franklin County, Vermont","102","62","40"
"1000000US500110106003034","Block 3034, Block Group 3, Census Tract 106, Franklin County, Vermont","0","0","0"
"1000000US500110106003035","Block 3035, Block Group 3, Census Tract 106, Franklin County, Vermont","0","0","0"
"1000000US500110106003036","Block 3036, Block Group 3, Census Tract 106, Franklin County, Vermont","57","20","37"
"1000000US500110106003037","Block 3037, Block Group 3, Census Tract 106, Franklin County, Vermont","9","3","6"
"1000000US500110106003038","Block 3038, Block Group 3, Census Tract 106, Franklin County, Vermont","0","0","0"
"1000000US500110106003039","Block 3039, Block Group 3, Census Tract 106, Franklin County, Vermont","0","0","0"
"1000000US500110106003040","Block 3040, Block Group 3, Census Tract 106, Franklin County, Vermont","1","0","1"
"1000000US500110106003041","Block 3041, Block Group 3, Census Tract 106, Franklin County, Vermont","1","1","0"
"1000000US500110106003042","Block 3042, Block Group 3, Census Tract 106, Franklin County, Vermont","28","28","0"
"1000000US500110106003043","Block 3043, Block Group 3, Census Tract 106, Franklin County, Vermont","4","4","0"
"1000000US500110106003044","Block 3044, Block Group 3, Census Tract 106, Franklin County, Vermont","1","1","0"
"1000000US500110106003045","Block 3045, Block Group 3, Census Tract 106, Franklin County, Vermont","0","0","0"
"1000000US500110106003046","Block 3046, Block Group 3, Census Tract 106, Franklin County, Vermont","0","0","0"
"1000000US500110106003047","Block 3047, Block Group 3, Census Tract 106, Franklin County, Vermont","0","0","0"
"1000000US500110106003048","Block 3048, Block Group 3, Census Tract 106, Franklin County, Vermont","0","0","0"
"1000000US500110106003049","Block 3049, Block Group 3, Census Tract 106, Franklin County, Vermont","0","0","0"
"1000000US500110106003050","Block 3050, Block Group 3, Census Tract 106, Franklin County, Vermont","0","0","0"
"1000000US500110106003051","Block 3051, Block Group 3, Census Tract 106, Franklin County, Vermont","0","0","0"
"1000000US500110106003052","Block 3052, Block Group 3, Census Tract 106, Franklin County, Vermont","17","17","0"
"1000000US500110106003053","Block 3053, Block Group 3, Census Tract 106, Franklin County, Vermont","0","0","0"
"1000000US500110106003054","Block 3054, Block Group 3, Census Tract 106, Franklin County, Vermont","0","0","0"
"1000000US500110106003055","Block 3055, Block Group 3, Census Tract 106, Franklin County, Vermont","0","0","0"
"1000000US500110106004000","Block 4000, Block Group 4, Census Tract 106, Franklin County, Vermont","2","1","1"
"1000000US500110106004001","Block 4001, Block Group 4, Census Tract 106, Franklin County, Vermont","3","3","0"
"1000000US500110106004002","Block 4002, Block Group 4, Census Tract 106, Franklin County, Vermont","11","10","1"
"1000000US500110106004003","Block 4003, Block Group 4, Census Tract 106, Franklin County, Vermont","5","5","0"
"1000000US500110106004004","Block 4004, Block Group 4, Census Tract 106, Franklin County, Vermont","19","19","0"
"1000000US500110106004005","Block 4005, Block Group 4, Census Tract 106, Franklin County, Vermont","4","4","0"
"1000000US500110106004006","Block 4006, Block Group 4, Census Tract 106, Franklin County, Vermont","105","60","45"
"1000000US500110106004007","Block 4007, Block Group 4, Census Tract 106, Franklin County, Vermont","0","0","0"
"1000000US500110106004008","Block 4008, Block Group 4, Census Tract 106, Franklin County, Vermont","0","0","0"
"1000000US500110106004009","Block 4009, Block Group 4, Census Tract 106, Franklin County, Vermont","36","8","28"
"1000000US500110106004010","Block 4010, Block Group 4, Census Tract 106, Franklin County, Vermont","24","20","4"
"1000000US500110106004011","Block 4011, Block Group 4, Census Tract 106, Franklin County, Vermont","0","0","0"
"1000000US500110106004012","Block 4012, Block Group 4, Census Tract 106, Franklin County, Vermont","10","9","1"
"1000000US500110106004013","Block 4013, Block Group 4, Census Tract 106, Franklin County, Vermont","0","0","0"
"1000000US500110106004014","Block 4014, Block Group 4, Census Tract 106, Franklin County, Vermont","68","67","1"
"1000000US500110106004015","Block 4015, Block Group 4, Census Tract 106, Franklin County, Vermont","0","0","0"
"1000000US500110106004016","Block 4016, Block Group 4, Census Tract 106, Franklin County, Vermont","0","0","0"
"1000000US500110106004017","Block 4017, Block Group 4, Census Tract 106, Franklin County, Vermont","0","0","0"
"1000000US500110106004018","Block 4018, Block Group 4, Census Tract 106, Franklin County, Vermont","3","3","0"
"1000000US500110106004019","Block 4019, Block Group 4, Census Tract 106, Franklin County, Vermont","8","3","5"
"1000000US500110106004020","Block 4020, Block Group 4, Census Tract 106, Franklin County, Vermont","150","45","105"
"1000000US500110106004021","Block 4021, Block Group 4, Census Tract 106, Franklin County, Vermont","0","0","0"
"1000000US500110106004022","Block 4022, Block Group 4, Census Tract 106, Franklin County, Vermont","3","3","0"
"1000000US500110106004023","Block 4023, Block Group 4, Census Tract 106, Franklin County, Vermont","1","1","0"
"1000000US500110106004024","Block 4024, Block Group 4, Census Tract 106, Franklin County, Vermont","1","1","0"
"1000000US500110107001000","Block 1000, Block Group 1, Census Tract 107, Franklin County, Vermont","29","28","1"
"1000000US500110107001001","Block 1001, Block Group 1, Census Tract 107, Franklin County, Vermont","19","19","0"
"1000000US500110107001002","Block 1002, Block Group 1, Census Tract 107, Franklin County, Vermont","9","9","0"
"1000000US500110107001003","Block 1003, Block Group 1, Census Tract 107, Franklin County, Vermont","0","0","0"
"1000000US500110107001004","Block 1004, Block Group 1, Census Tract 107, Franklin County, Vermont","2","2","0"
"1000000US500110107001005","Block 1005, Block Group 1, Census Tract 107, Franklin County, Vermont","43","41","2"
"1000000US500110107001006","Block 1006, Block Group 1, Census Tract 107, Franklin County, Vermont","0","0","0"
"1000000US500110107001007","Block 1007, Block Group 1, Census Tract 107, Franklin County, Vermont","4","3","1"
"1000000US500110107001008","Block 1008, Block Group 1, Census Tract 107, Franklin County, Vermont","2","2","0"
"1000000US500110107001009","Block 1009, Block Group 1, Census Tract 107, Franklin County, Vermont","47","46","1"
"1000000US500110107001010","Block 1010, Block Group 1, Census Tract 107, Franklin County, Vermont","2","2","0"
"1000000US500110107001011","Block 1011, Block Group 1, Census Tract 107, Franklin County, Vermont","11","11","0"
"1000000US500110107001012","Block 1012, Block Group 1, Census Tract 107, Franklin County, Vermont","3","3","0"
"1000000US500110107001013","Block 1013, Block Group 1, Census Tract 107, Franklin County, Vermont","14","14","0"
"1000000US500110107001014","Block 1014, Block Group 1, Census Tract 107, Franklin County, Vermont","29","27","2"
"1000000US500110107001015","Block 1015, Block Group 1, Census Tract 107, Franklin County, Vermont","13","12","1"
"1000000US500110107001016","Block 1016, Block Group 1, Census Tract 107, Franklin County, Vermont","0","0","0"
"1000000US500110107001017","Block 1017, Block Group 1, Census Tract 107, Franklin County, Vermont","19","17","2"
"1000000US500110107001018","Block 1018, Block Group 1, Census Tract 107, Franklin County, Vermont","131","126","5"
"1000000US500110107001019","Block 1019, Block Group 1, Census Tract 107, Franklin County, Vermont","28","21","7"
"1000000US500110107001020","Block 1020, Block Group 1, Census Tract 107, Franklin County, Vermont","23","17","6"
"1000000US500110107001021","Block 1021, Block Group 1, Census Tract 107, Franklin County, Vermont","12","9","3"
"1000000US500110107001022","Block 1022, Block Group 1, Census Tract 107, Franklin County, Vermont","57","50","7"
"1000000US500110107002000","Block 2000, Block Group 2, Census Tract 107, Franklin County, Vermont","28","27","1"
"1000000US500110107002001","Block 2001, Block Group 2, Census Tract 107, Franklin County, Vermont","74","70","4"
"1000000US500110107002002","Block 2002, Block Group 2, Census Tract 107, Franklin County, Vermont","55","50","5"
"1000000US500110107002003","Block 2003, Block Group 2, Census Tract 107, Franklin County, Vermont","15","15","0"
"1000000US500110107002004","Block 2004, Block Group 2, Census Tract 107, Franklin County, Vermont","15","15","0"
"1000000US500110107002005","Block 2005, Block Group 2, Census Tract 107, Franklin County, Vermont","36","29","7"
"1000000US500110107002006","Block 2006, Block Group 2, Census Tract 107, Franklin County, Vermont","116","107","9"
"1000000US500110107002007","Block 2007, Block Group 2, Census Tract 107, Franklin County, Vermont","29","22","7"
"1000000US500110107002008","Block 2008, Block Group 2, Census Tract 107, Franklin County, Vermont","17","15","2"
"1000000US500110107002009","Block 2009, Block Group 2, Census Tract 107, Franklin County, Vermont","2","2","0"
"1000000US500110107002010","Block 2010, Block Group 2, Census Tract 107, Franklin County, Vermont","24","22","2"
"1000000US500110107002011","Block 2011, Block Group 2, Census Tract 107, Franklin County, Vermont","5","5","0"
"1000000US500110107002012","Block 2012, Block Group 2, Census Tract 107, Franklin County, Vermont","12","12","0"
"1000000US500110107002013","Block 2013, Block Group 2, Census Tract 107, Franklin County, Vermont","16","14","2"
"1000000US500110107003000","Block 3000, Block Group 3, Census Tract 107, Franklin County, Vermont","0","0","0"
"1000000US500110107003001","Block 3001, Block Group 3, Census Tract 107, Franklin County, Vermont","12","12","0"
"1000000US500110107003002","Block 3002, Block Group 3, Census Tract 107, Franklin County, Vermont","18","17","1"
"1000000US500110107003003","Block 3003, Block Group 3, Census Tract 107, Franklin County, Vermont","193","179","14"
"1000000US500110107003004","Block 3004, Block Group 3, Census Tract 107, Franklin County, Vermont","37","37","0"
"1000000US500110107003005","Block 3005, Block Group 3, Census Tract 107, Franklin County, Vermont","16","14","2"
"1000000US500110107003006","Block 3006, Block Group 3, Census Tract 107, Franklin County, Vermont","39","39","0"
"1000000US500110107003007","Block 3007, Block Group 3, Census Tract 107, Franklin County, Vermont","13","13","0"
"1000000US500110107003008","Block 3008, Block Group 3, Census Tract 107, Franklin County, Vermont","25","23","2"
"1000000US500110107003009","Block 3009, Block Group 3, Census Tract 107, Franklin County, Vermont","13","11","2"
"1000000US500110107003010","Block 3010, Block Group 3, Census Tract 107, Franklin County, Vermont","0","0","0"
"1000000US500110107004000","Block 4000, Block Group 4, Census Tract 107, Franklin County, Vermont","51","38","13"
"1000000US500110107004001","Block 4001, Block Group 4, Census Tract 107, Franklin County, Vermont","0","0","0"
"1000000US500110107004002","Block 4002, Block Group 4, Census Tract 107, Franklin County, Vermont","0","0","0"
"1000000US500110107004003","Block 4003, Block Group 4, Census Tract 107, Franklin County, Vermont","40","36","4"
"1000000US500110107004004","Block 4004, Block Group 4, Census Tract 107, Franklin County, Vermont","57","54","3"
"1000000US500110107004005","Block 4005, Block Group 4, Census Tract 107, Franklin County, Vermont","20","19","1"
"1000000US500110107004006","Block 4006, Block Group 4, Census Tract 107, Franklin County, Vermont","13","9","4"
"1000000US500110107004007","Block 4007, Block Group 4, Census Tract 107, Franklin County, Vermont","0","0","0"
"1000000US500110107004008","Block 4008, Block Group 4, Census Tract 107, Franklin County, Vermont","0","0","0"
"1000000US500110107004009","Block 4009, Block Group 4, Census Tract 107, Franklin County, Vermont","94","88","6"
"1000000US500110107004010","Block 4010, Block Group 4, Census Tract 107, Franklin County, Vermont","29","28","1"
"1000000US500110107004011","Block 4011, Block Group 4, Census Tract 107, Franklin County, Vermont","14","12","2"
"1000000US500110107004012","Block 4012, Block Group 4, Census Tract 107, Franklin County, Vermont","0","0","0"
"1000000US500110107004013","Block 4013, Block Group 4, Census Tract 107, Franklin County, Vermont","3","3","0"
"1000000US500110108001000","Block 1000, Block Group 1, Census Tract 108, Franklin County, Vermont","6","5","1"
"1000000US500110108001001","Block 1001, Block Group 1, Census Tract 108, Franklin County, Vermont","18","17","1"
"1000000US500110108001002","Block 1002, Block Group 1, Census Tract 108, Franklin County, Vermont","0","0","0"
"1000000US500110108001003","Block 1003, Block Group 1, Census Tract 108, Franklin County, Vermont","15","13","2"
"1000000US500110108001004","Block 1004, Block Group 1, Census Tract 108, Franklin County, Vermont","72","63","9"
"1000000US500110108001005","Block 1005, Block Group 1, Census Tract 108, Franklin County, Vermont","28","28","0"
"1000000US500110108001006","Block 1006, Block Group 1, Census Tract 108, Franklin County, Vermont","64","61","3"
"1000000US500110108001007","Block 1007, Block Group 1, Census Tract 108, Franklin County, Vermont","18","18","0"
"1000000US500110108001008","Block 1008, Block Group 1, Census Tract 108, Franklin County, Vermont","21","21","0"
"1000000US500110108001009","Block 1009, Block Group 1, Census Tract 108, Franklin County, Vermont","28","28","0"
"1000000US500110108001010","Block 1010, Block Group 1, Census Tract 108, Franklin County, Vermont","59","56","3"
"1000000US500110108001011","Block 1011, Block Group 1, Census Tract 108, Franklin County, Vermont","18","18","0"
"1000000US500110108001012","Block 1012, Block Group 1, Census Tract 108, Franklin County, Vermont","31","30","1"
"1000000US500110108002000","Block 2000, Block Group 2, Census Tract 108, Franklin County, Vermont","32","30","2"
"1000000US500110108002001","Block 2001, Block Group 2, Census Tract 108, Franklin County, Vermont","63","59","4"
"1000000US500110108002002","Block 2002, Block Group 2, Census Tract 108, Franklin County, Vermont","32","29","3"
"1000000US500110108002003","Block 2003, Block Group 2, Census Tract 108, Franklin County, Vermont","33","32","1"
"1000000US500110108002004","Block 2004, Block Group 2, Census Tract 108, Franklin County, Vermont","41","35","6"
"1000000US500110108002005","Block 2005, Block Group 2, Census Tract 108, Franklin County, Vermont","13","13","0"
"1000000US500110108002006","Block 2006, Block Group 2, Census Tract 108, Franklin County, Vermont","35","34","1"
"1000000US500110108002007","Block 2007, Block Group 2, Census Tract 108, Franklin County, Vermont","0","0","0"
"1000000US500110108002008","Block 2008, Block Group 2, Census Tract 108, Franklin County, Vermont","0","0","0"
"1000000US500110108002009","Block 2009, Block Group 2, Census Tract 108, Franklin County, Vermont","58","50","8"
"1000000US500110108002010","Block 2010, Block Group 2, Census Tract 108, Franklin County, Vermont","37","35","2"
"1000000US500110108002011","Block 2011, Block Group 2, Census Tract 108, Franklin County, Vermont","28","25","3"
"1000000US500110108002012","Block 2012, Block Group 2, Census Tract 108, Franklin County, Vermont","20","18","2"
"1000000US500110108002013","Block 2013, Block Group 2, Census Tract 108, Franklin County, Vermont","43","40","3"
"1000000US500110108002014","Block 2014, Block Group 2, Census Tract 108, Franklin County, Vermont","0","0","0"
"1000000US500110108003000","Block 3000, Block Group 3, Census Tract 108, Franklin County, Vermont","0","0","0"
"1000000US500110108003001","Block 3001, Block Group 3, Census Tract 108, Franklin County, Vermont","31","30","1"
"1000000US500110108003002","Block 3002, Block Group 3, Census Tract 108, Franklin County, Vermont","36","36","0"
"1000000US500110108003003","Block 3003, Block Group 3, Census Tract 108, Franklin County, Vermont","35","28","7"
"1000000US500110108003004","Block 3004, Block Group 3, Census Tract 108, Franklin County, Vermont","32","24","8"
"1000000US500110108003005","Block 3005, Block Group 3, Census Tract 108, Franklin County, Vermont","2","2","0"
"1000000US500110108003006","Block 3006, Block Group 3, Census Tract 108, Franklin County, Vermont","43","42","1"
"1000000US500110108003007","Block 3007, Block Group 3, Census Tract 108, Franklin County, Vermont","20","16","4"
"1000000US500110108003008","Block 3008, Block Group 3, Census Tract 108, Franklin County, Vermont","51","45","6"
"1000000US500110108003009","Block 3009, Block Group 3, Census Tract 108, Franklin County, Vermont","60","48","12"
"1000000US500110108003010","Block 3010, Block Group 3, Census Tract 108, Franklin County, Vermont","37","33","4"
"1000000US500110108003011","Block 3011, Block Group 3, Census Tract 108, Franklin County, Vermont","0","0","0"
"1000000US500110108003012","Block 3012, Block Group 3, Census Tract 108, Franklin County, Vermont","64","62","2"
"1000000US500110108003013","Block 3013, Block Group 3, Census Tract 108, Franklin County, Vermont","17","16","1"
"1000000US500110108003014","Block 3014, Block Group 3, Census Tract 108, Franklin County, Vermont","20","20","0"
"1000000US500110108003015","Block 3015, Block Group 3, Census Tract 108, Franklin County, Vermont","11","11","0"
"1000000US500110108003016","Block 3016, Block Group 3, Census Tract 108, Franklin County, Vermont","17","14","3"
"1000000US500110108004000","Block 4000, Block Group 4, Census Tract 108, Franklin County, Vermont","12","12","0"
"1000000US500110108004001","Block 4001, Block Group 4, Census Tract 108, Franklin County, Vermont","63","61","2"
"1000000US500110108004002","Block 4002, Block Group 4, Census Tract 108, Franklin County, Vermont","0","0","0"
"1000000US500110108004003","Block 4003, Block Group 4, Census Tract 108, Franklin County, Vermont","30","28","2"
"1000000US500110108004004","Block 4004, Block Group 4, Census Tract 108, Franklin County, Vermont","52","48","4"
"1000000US500110108004005","Block 4005, Block Group 4, Census Tract 108, Franklin County, Vermont","45","37","8"
"1000000US500110108004006","Block 4006, Block Group 4, Census Tract 108, Franklin County, Vermont","13","13","0"
"1000000US500110108004007","Block 4007, Block Group 4, Census Tract 108, Franklin County, Vermont","43","43","0"
"1000000US500110108004008","Block 4008, Block Group 4, Census Tract 108, Franklin County, Vermont","0","0","0"
"1000000US500110108004009","Block 4009, Block Group 4, Census Tract 108, Franklin County, Vermont","0","0","0"
"1000000US500110108004010","Block 4010, Block Group 4, Census Tract 108, Franklin County, Vermont","25","23","2"
"1000000US500110108004011","Block 4011, Block Group 4, Census Tract 108, Franklin County, Vermont","9","9","0"
"1000000US500110108004012","Block 4012, Block Group 4, Census Tract 108, Franklin County, Vermont","12","12","0"
"1000000US500110108004013","Block 4013, Block Group 4, Census Tract 108, Franklin County, Vermont","8","8","0"
"1000000US500110108004014","Block 4014, Block Group 4, Census Tract 108, Franklin County, Vermont","2","2","0"
"1000000US500110109001000","Block 1000, Block Group 1, Census Tract 109, Franklin County, Vermont","6","6","0"
"1000000US500110109001001","Block 1001, Block Group 1, Census Tract 109, Franklin County, Vermont","29","29","0"
"1000000US500110109001002","Block 1002, Block Group 1, Census Tract 109, Franklin County, Vermont","13","11","2"
"1000000US500110109001003","Block 1003, Block Group 1, Census Tract 109, Franklin County, Vermont","1","1","0"
"1000000US500110109001004","Block 1004, Block Group 1, Census Tract 109, Franklin County, Vermont","0","0","0"
"1000000US500110109001005","Block 1005, Block Group 1, Census Tract 109, Franklin County, Vermont","13","13","0"
"1000000US500110109001006","Block 1006, Block Group 1, Census Tract 109, Franklin County, Vermont","12","9","3"
"1000000US500110109001007","Block 1007, Block Group 1, Census Tract 109, Franklin County, Vermont","63","58","5"
"1000000US500110109001008","Block 1008, Block Group 1, Census Tract 109, Franklin County, Vermont","0","0","0"
"1000000US500110109001009","Block 1009, Block Group 1, Census Tract 109, Franklin County, Vermont","8","8","0"
"1000000US500110109001010","Block 1010, Block Group 1, Census Tract 109, Franklin County, Vermont","0","0","0"
"1000000US500110109001011","Block 1011, Block Group 1, Census Tract 109, Franklin County, Vermont","0","0","0"
"1000000US500110109001012","Block 1012, Block Group 1, Census Tract 109, Franklin County, Vermont","0","0","0"
"1000000US500110109001013","Block 1013, Block Group 1, Census Tract 109, Franklin County, Vermont","0","0","0"
"1000000US500110109001014","Block 1014, Block Group 1, Census Tract 109, Franklin County, Vermont","0","0","0"
"1000000US500110109001015","Block 1015, Block Group 1, Census Tract 109, Franklin County, Vermont","27","27","0"
"1000000US500110109001016","Block 1016, Block Group 1, Census Tract 109, Franklin County, Vermont","0","0","0"
"1000000US500110109001017","Block 1017, Block Group 1, Census Tract 109, Franklin County, Vermont","0","0","0"
"1000000US500110109001018","Block 1018, Block Group 1, Census Tract 109, Franklin County, Vermont","27","27","0"
"1000000US500110109001019","Block 1019, Block Group 1, Census Tract 109, Franklin County, Vermont","15","15","0"
"1000000US500110109001020","Block 1020, Block Group 1, Census Tract 109, Franklin County, Vermont","7","7","0"
"1000000US500110109001021","Block 1021, Block Group 1, Census Tract 109, Franklin County, Vermont","7","7","0"
"1000000US500110109001022","Block 1022, Block Group 1, Census Tract 109, Franklin County, Vermont","14","14","0"
"1000000US500110109001023","Block 1023, Block Group 1, Census Tract 109, Franklin County, Vermont","0","0","0"
"1000000US500110109001024","Block 1024, Block Group 1, Census Tract 109, Franklin County, Vermont","32","32","0"
"1000000US500110109001025","Block 1025, Block Group 1, Census Tract 109, Franklin County, Vermont","39","39","0"
"1000000US500110109001026","Block 1026, Block Group 1, Census Tract 109, Franklin County, Vermont","12","12","0"
"1000000US500110109001027","Block 1027, Block Group 1, Census Tract 109, Franklin County, Vermont","11","11","0"
"1000000US500110109001028","Block 1028, Block Group 1, Census Tract 109, Franklin County, Vermont","5","5","0"
"1000000US500110109001029","Block 1029, Block Group 1, Census Tract 109, Franklin County, Vermont","14","13","1"
"1000000US500110109001030","Block 1030, Block Group 1, Census Tract 109, Franklin County, Vermont","102","99","3"
"1000000US500110109001031","Block 1031, Block Group 1, Census Tract 109, Franklin County, Vermont","9","9","0"
"1000000US500110109001032","Block 1032, Block Group 1, Census Tract 109, Franklin County, Vermont","3","3","0"
"1000000US500110109001033","Block 1033, Block Group 1, Census Tract 109, Franklin County, Vermont","2","2","0"
"1000000US500110109001034","Block 1034, Block Group 1, Census Tract 109, Franklin County, Vermont","0","0","0"
"1000000US500110109001035","Block 1035, Block Group 1, Census Tract 109, Franklin County, Vermont","30","30","0"
"1000000US500110109001036","Block 1036, Block Group 1, Census Tract 109, Franklin County, Vermont","18","18","0"
"1000000US500110109001037","Block 1037, Block Group 1, Census Tract 109, Franklin County, Vermont","24","24","0"
"1000000US500110109001038","Block 1038, Block Group 1, Census Tract 109, Franklin County, Vermont","7","7","0"
"1000000US500110109001039","Block 1039, Block Group 1, Census Tract 109, Franklin County, Vermont","6","6","0"
"1000000US500110109001040","Block 1040, Block Group 1, Census Tract 109, Franklin County, Vermont","22","22","0"
"1000000US500110109002000","Block 2000, Block Group 2, Census Tract 109, Franklin County, Vermont","16","9","7"
"1000000US500110109002001","Block 2001, Block Group 2, Census Tract 109, Franklin County, Vermont","10","10","0"
"1000000US500110109002002","Block 2002, Block Group 2, Census Tract 109, Franklin County, Vermont","11","11","0"
"1000000US500110109002003","Block 2003, Block Group 2, Census Tract 109, Franklin County, Vermont","20","20","0"
"1000000US500110109002004","Block 2004, Block Group 2, Census Tract 109, Franklin County, Vermont","0","0","0"
"1000000US500110109002005","Block 2005, Block Group 2, Census Tract 109, Franklin County, Vermont","0","0","0"
"1000000US500110109002006","Block 2006, Block Group 2, Census Tract 109, Franklin County, Vermont","3","0","3"
"1000000US500110109002007","Block 2007, Block Group 2, Census Tract 109, Franklin County, Vermont","0","0","0"
"1000000US500110109002008","Block 2008, Block Group 2, Census Tract 109, Franklin County, Vermont","0","0","0"
"1000000US500110109002009","Block 2009, Block Group 2, Census Tract 109, Franklin County, Vermont","0","0","0"
"1000000US500110109002010","Block 2010, Block Group 2, Census Tract 109, Franklin County, Vermont","34","6","28"
"1000000US500110109002011","Block 2011, Block Group 2, Census Tract 109, Franklin County, Vermont","0","0","0"
"1000000US500110109002012","Block 2012, Block Group 2, Census Tract 109, Franklin County, Vermont","176","78","98"
"1000000US500110109002013","Block 2013, Block Group 2, Census Tract 109, Franklin County, Vermont","9","3","6"
"1000000US500110109002014","Block 2014, Block Group 2, Census Tract 109, Franklin County, Vermont","10","4","6"
"1000000US500110109002015","Block 2015, Block Group 2, Census Tract 109, Franklin County, Vermont","0","0","0"
"1000000US500110109002016","Block 2016, Block Group 2, Census Tract 109, Franklin County, Vermont","58","40","18"
"1000000US500110109002017","Block 2017, Block Group 2, Census Tract 109, Franklin County, Vermont","0","0","0"
"1000000US500110109002018","Block 2018, Block Group 2, Census Tract 109, Franklin County, Vermont","5","1","4"
"1000000US500110109002019","Block 2019, Block Group 2, Census Tract 109, Franklin County, Vermont","24","23","1"
"1000000US500110109002020","Block 2020, Block Group 2, Census Tract 109, Franklin County, Vermont","0","0","0"
"1000000US500110109002021","Block 2021, Block Group 2, Census Tract 109, Franklin County, Vermont","12","12","0"
"1000000US500110109002022","Block 2022, Block Group 2, Census Tract 109, Franklin County, Vermont","0","0","0"
"1000000US500110109002023","Block 2023, Block Group 2, Census Tract 109, Franklin County, Vermont","1","1","0"
"1000000US500110109002024","Block 2024, Block Group 2, Census Tract 109, Franklin County, Vermont","17","17","0"
"1000000US500110109002025","Block 2025, Block Group 2, Census Tract 109, Franklin County, Vermont","0","0","0"
"1000000US500110109002026","Block 2026, Block Group 2, Census Tract 109, Franklin County, Vermont","16","15","1"
"1000000US500110109002027","Block 2027, Block Group 2, Census Tract 109, Franklin County, Vermont","17","16","1"
"1000000US500110109002028","Block 2028, Block Group 2, Census Tract 109, Franklin County, Vermont","24","12","12"
"1000000US500110109002029","Block 2029, Block Group 2, Census Tract 109, Franklin County, Vermont","0","0","0"
"1000000US500110109002030","Block 2030, Block Group 2, Census Tract 109, Franklin County, Vermont","25","8","17"
"1000000US500110109002031","Block 2031, Block Group 2, Census Tract 109, Franklin County, Vermont","0","0","0"
"1000000US500110109002032","Block 2032, Block Group 2, Census Tract 109, Franklin County, Vermont","0","0","0"
"1000000US500110109002033","Block 2033, Block Group 2, Census Tract 109, Franklin County, Vermont","1","1","0"
"1000000US500110109002034","Block 2034, Block Group 2, Census Tract 109, Franklin County, Vermont","11","10","1"
"1000000US500110109002035","Block 2035, Block Group 2, Census Tract 109, Franklin County, Vermont","0","0","0"
"1000000US500110109002036","Block 2036, Block Group 2, Census Tract 109, Franklin County, Vermont","6","6","0"
"1000000US500110109002037","Block 2037, Block Group 2, Census Tract 109, Franklin County, Vermont","22","22","0"
"1000000US500110109002038","Block 2038, Block Group 2, Census Tract 109, Franklin County, Vermont","0","0","0"
"1000000US500110109002039","Block 2039, Block Group 2, Census Tract 109, Franklin County, Vermont","49","45","4"
"1000000US500110109002040","Block 2040, Block Group 2, Census Tract 109, Franklin County, Vermont","0","0","0"
"1000000US500110109002041","Block 2041, Block Group 2, Census Tract 109, Franklin County, Vermont","2","2","0"
"1000000US500110109002042","Block 2042, Block Group 2, Census Tract 109, Franklin County, Vermont","5","5","0"
"1000000US500110109002043","Block 2043, Block Group 2, Census Tract 109, Franklin County, Vermont","22","21","1"
"1000000US500110109002044","Block 2044, Block Group 2, Census Tract 109, Franklin County, Vermont","26","26","0"
"1000000US500110109002045","Block 2045, Block Group 2, Census Tract 109, Franklin County, Vermont","12","11","1"
"1000000US500110109002046","Block 2046, Block Group 2, Census Tract 109, Franklin County, Vermont","32","31","1"
"1000000US500110109002047","Block 2047, Block Group 2, Census Tract 109, Franklin County, Vermont","0","0","0"
"1000000US500110109002048","Block 2048, Block Group 2, Census Tract 109, Franklin County, Vermont","4","4","0"
"1000000US500110109002049","Block 2049, Block Group 2, Census Tract 109, Franklin County, Vermont","0","0","0"
"1000000US500110109002050","Block 2050, Block Group 2, Census Tract 109, Franklin County, Vermont","8","8","0"
"1000000US500110109002051","Block 2051, Block Group 2, Census Tract 109, Franklin County, Vermont","0","0","0"
"1000000US500110109002052","Block 2052, Block Group 2, Census Tract 109, Franklin County, Vermont","0","0","0"
"1000000US500110109002053","Block 2053, Block Group 2, Census Tract 109, Franklin County, Vermont","9","9","0"
"1000000US500110109002054","Block 2054, Block Group 2, Census Tract 109, Franklin County, Vermont","1","0","1"
"1000000US500110109002055","Block 2055, Block Group 2, Census Tract 109, Franklin County, Vermont","31","30","1"
"1000000US500110109002056","Block 2056, Block Group 2, Census Tract 109, Franklin County, Vermont","8","8","0"
"1000000US500110109002057","Block 2057, Block Group 2, Census Tract 109, Franklin County, Vermont","2","2","0"
"1000000US500110109002058","Block 2058, Block Group 2, Census Tract 109, Franklin County, Vermont","11","9","2"
"1000000US500110109002059","Block 2059, Block Group 2, Census Tract 109, Franklin County, Vermont","47","47","0"
"1000000US500110109002060","Block 2060, Block Group 2, Census Tract 109, Franklin County, Vermont","8","8","0"
"1000000US500110109002061","Block 2061, Block Group 2, Census Tract 109, Franklin County, Vermont","3","3","0"
"1000000US500110109002062","Block 2062, Block Group 2, Census Tract 109, Franklin County, Vermont","1","1","0"
"1000000US500110109003000","Block 3000, Block Group 3, Census Tract 109, Franklin County, Vermont","0","0","0"
"1000000US500110109003001","Block 3001, Block Group 3, Census Tract 109, Franklin County, Vermont","34","34","0"
"1000000US500110109003002","Block 3002, Block Group 3, Census Tract 109, Franklin County, Vermont","0","0","0"
"1000000US500110109003003","Block 3003, Block Group 3, Census Tract 109, Franklin County, Vermont","0","0","0"
"1000000US500110109003004","Block 3004, Block Group 3, Census Tract 109, Franklin County, Vermont","5","5","0"
"1000000US500110109003005","Block 3005, Block Group 3, Census Tract 109, Franklin County, Vermont","0","0","0"
"1000000US500110109003006","Block 3006, Block Group 3, Census Tract 109, Franklin County, Vermont","3","2","1"
"1000000US500110109003007","Block 3007, Block Group 3, Census Tract 109, Franklin County, Vermont","0","0","0"
"1000000US500110109003008","Block 3008, Block Group 3, Census Tract 109, Franklin County, Vermont","0","0","0"
"1000000US500110109003009","Block 3009, Block Group 3, Census Tract 109, Franklin County, Vermont","0","0","0"
"1000000US500110109003010","Block 3010, Block Group 3, Census Tract 109, Franklin County, Vermont","0","0","0"
"1000000US500110109003011","Block 3011, Block Group 3, Census Tract 109, Franklin County, Vermont","0","0","0"
"1000000US500110109003012","Block 3012, Block Group 3, Census Tract 109, Franklin County, Vermont","0","0","0"
"1000000US500110109003013","Block 3013, Block Group 3, Census Tract 109, Franklin County, Vermont","7","6","1"
"1000000US500110109003014","Block 3014, Block Group 3, Census Tract 109, Franklin County, Vermont","0","0","0"
"1000000US500110109003015","Block 3015, Block Group 3, Census Tract 109, Franklin County, Vermont","0","0","0"
"1000000US500110109003016","Block 3016, Block Group 3, Census Tract 109, Franklin County, Vermont","0","0","0"
"1000000US500110109003017","Block 3017, Block Group 3, Census Tract 109, Franklin County, Vermont","0","0","0"
"1000000US500110109003018","Block 3018, Block Group 3, Census Tract 109, Franklin County, Vermont","2","1","1"
"1000000US500110109003019","Block 3019, Block Group 3, Census Tract 109, Franklin County, Vermont","17","15","2"
"1000000US500110109003020","Block 3020, Block Group 3, Census Tract 109, Franklin County, Vermont","8","7","1"
"1000000US500110109003021","Block 3021, Block Group 3, Census Tract 109, Franklin County, Vermont","0","0","0"
"1000000US500110109003022","Block 3022, Block Group 3, Census Tract 109, Franklin County, Vermont","0","0","0"
"1000000US500110109003023","Block 3023, Block Group 3, Census Tract 109, Franklin County, Vermont","0","0","0"
"1000000US500110109003024","Block 3024, Block Group 3, Census Tract 109, Franklin County, Vermont","12","10","2"
"1000000US500110109003025","Block 3025, Block Group 3, Census Tract 109, Franklin County, Vermont","0","0","0"
"1000000US500110109003026","Block 3026, Block Group 3, Census Tract 109, Franklin County, Vermont","0","0","0"
"1000000US500110109003027","Block 3027, Block Group 3, Census Tract 109, Franklin County, Vermont","6","5","1"
"1000000US500110109003028","Block 3028, Block Group 3, Census Tract 109, Franklin County, Vermont","7","6","1"
"1000000US500110109003029","Block 3029, Block Group 3, Census Tract 109, Franklin County, Vermont","0","0","0"
"1000000US500110109003030","Block 3030, Block Group 3, Census Tract 109, Franklin County, Vermont","5","5","0"
"1000000US500110109003031","Block 3031, Block Group 3, Census Tract 109, Franklin County, Vermont","0","0","0"
"1000000US500110109003032","Block 3032, Block Group 3, Census Tract 109, Franklin County, Vermont","9","8","1"
"1000000US500110109003033","Block 3033, Block Group 3, Census Tract 109, Franklin County, Vermont","3","3","0"
"1000000US500110109003034","Block 3034, Block Group 3, Census Tract 109, Franklin County, Vermont","2","2","0"
"1000000US500110109003035","Block 3035, Block Group 3, Census Tract 109, Franklin County, Vermont","2","2","0"
"1000000US500110109003036","Block 3036, Block Group 3, Census Tract 109, Franklin County, Vermont","3","3","0"
"1000000US500110109003037","Block 3037, Block Group 3, Census Tract 109, Franklin County, Vermont","1","0","1"
"1000000US500110109003038","Block 3038, Block Group 3, Census Tract 109, Franklin County, Vermont","1","1","0"
"1000000US500110109003039","Block 3039, Block Group 3, Census Tract 109, Franklin County, Vermont","0","0","0"
"1000000US500110109003040","Block 3040, Block Group 3, Census Tract 109, Franklin County, Vermont","0","0","0"
"1000000US500110109003041","Block 3041, Block Group 3, Census Tract 109, Franklin County, Vermont","4","4","0"
"1000000US500110109003042","Block 3042, Block Group 3, Census Tract 109, Franklin County, Vermont","41","40","1"
"1000000US500110109003043","Block 3043, Block Group 3, Census Tract 109, Franklin County, Vermont","0","0","0"
"1000000US500110109003044","Block 3044, Block Group 3, Census Tract 109, Franklin County, Vermont","1","1","0"
"1000000US500110109003045","Block 3045, Block Group 3, Census Tract 109, Franklin County, Vermont","26","24","2"
"1000000US500110109003046","Block 3046, Block Group 3, Census Tract 109, Franklin County, Vermont","113","110","3"
"1000000US500110109003047","Block 3047, Block Group 3, Census Tract 109, Franklin County, Vermont","16","16","0"
"1000000US500110109003048","Block 3048, Block Group 3, Census Tract 109, Franklin County, Vermont","17","16","1"
"1000000US500110109003049","Block 3049, Block Group 3, Census Tract 109, Franklin County, Vermont","16","16","0"
"1000000US500110109003050","Block 3050, Block Group 3, Census Tract 109, Franklin County, Vermont","5","5","0"
"1000000US500110109003051","Block 3051, Block Group 3, Census Tract 109, Franklin County, Vermont","0","0","0"
"1000000US500110109003052","Block 3052, Block Group 3, Census Tract 109, Franklin County, Vermont","6","6","0"
"1000000US500110109003053","Block 3053, Block Group 3, Census Tract 109, Franklin County, Vermont","0","0","0"
"1000000US500110109003054","Block 3054, Block Group 3, Census Tract 109, Franklin County, Vermont","0","0","0"
"1000000US500110109003055","Block 3055, Block Group 3, Census Tract 109, Franklin County, Vermont","12","12","0"
"1000000US500110109003056","Block 3056, Block Group 3, Census Tract 109, Franklin County, Vermont","20","20","0"
"1000000US500110109003057","Block 3057, Block Group 3, Census Tract 109, Franklin County, Vermont","0","0","0"
"1000000US500110109003058","Block 3058, Block Group 3, Census Tract 109, Franklin County, Vermont","0","0","0"
"1000000US500110109003059","Block 3059, Block Group 3, Census Tract 109, Franklin County, Vermont","13","13","0"
"1000000US500110109003060","Block 3060, Block Group 3, Census Tract 109, Franklin County, Vermont","0","0","0"
"1000000US500110109003061","Block 3061, Block Group 3, Census Tract 109, Franklin County, Vermont","1","1","0"
"1000000US500110109003062","Block 3062, Block Group 3, Census Tract 109, Franklin County, Vermont","0","0","0"
"1000000US500110109003063","Block 3063, Block Group 3, Census Tract 109, Franklin County, Vermont","0","0","0"
"1000000US500110109003064","Block 3064, Block Group 3, Census Tract 109, Franklin County, Vermont","0","0","0"
"1000000US500110109003065","Block 3065, Block Group 3, Census Tract 109, Franklin County, Vermont","0","0","0"
"1000000US500110109003066","Block 3066, Block Group 3, Census Tract 109, Franklin County, Vermont","0","0","0"
"1000000US500110109003067","Block 3067, Block Group 3, Census Tract 109, Franklin County, Vermont","0","0","0"
"1000000US500110109003068","Block 3068, Block Group 3, Census Tract 109, Franklin County, Vermont","5","5","0"
"1000000US500110109003069","Block 3069, Block Group 3, Census Tract 109, Franklin County, Vermont","14","13","1"
"1000000US500110109003070","Block 3070, Block Group 3, Census Tract 109, Franklin County, Vermont","4","4","0"
"1000000US500110109003071","Block 3071, Block Group 3, Census Tract 109, Franklin County, Vermont","0","0","0"
"1000000US500110109003072","Block 3072, Block Group 3, Census Tract 109, Franklin County, Vermont","18","18","0"
"1000000US500110109003073","Block 3073, Block Group 3, Census Tract 109, Franklin County, Vermont","0","0","0"
"1000000US500110110001000","Block 1000, Block Group 1, Census Tract 110, Franklin County, Vermont","2","2","0"
"1000000US500110110001001","Block 1001, Block Group 1, Census Tract 110, Franklin County, Vermont","16","16","0"
"1000000US500110110001002","Block 1002, Block Group 1, Census Tract 110, Franklin County, Vermont","15","15","0"
"1000000US500110110001003","Block 1003, Block Group 1, Census Tract 110, Franklin County, Vermont","29","29","0"
"1000000US500110110001004","Block 1004, Block Group 1, Census Tract 110, Franklin County, Vermont","5","5","0"
"1000000US500110110001005","Block 1005, Block Group 1, Census Tract 110, Franklin County, Vermont","1","1","0"
"1000000US500110110001006","Block 1006, Block Group 1, Census Tract 110, Franklin County, Vermont","0","0","0"
"1000000US500110110001007","Block 1007, Block Group 1, Census Tract 110, Franklin County, Vermont","0","0","0"
"1000000US500110110001008","Block 1008, Block Group 1, Census Tract 110, Franklin County, Vermont","14","14","0"
"1000000US500110110001009","Block 1009, Block Group 1, Census Tract 110, Franklin County, Vermont","0","0","0"
"1000000US500110110001010","Block 1010, Block Group 1, Census Tract 110, Franklin County, Vermont","0","0","0"
"1000000US500110110001011","Block 1011, Block Group 1, Census Tract 110, Franklin County, Vermont","0","0","0"
"1000000US500110110001012","Block 1012, Block Group 1, Census Tract 110, Franklin County, Vermont","14","13","1"
"1000000US500110110001013","Block 1013, Block Group 1, Census Tract 110, Franklin County, Vermont","0","0","0"
"1000000US500110110001014","Block 1014, Block Group 1, Census Tract 110, Franklin County, Vermont","0","0","0"
"1000000US500110110001015","Block 1015, Block Group 1, Census Tract 110, Franklin County, Vermont","1","1","0"
"1000000US500110110001016","Block 1016, Block Group 1, Census Tract 110, Franklin County, Vermont","0","0","0"
"1000000US500110110001017","Block 1017, Block Group 1, Census Tract 110, Franklin County, Vermont","3","3","0"
"1000000US500110110001018","Block 1018, Block Group 1, Census Tract 110, Franklin County, Vermont","21","20","1"
"1000000US500110110001019","Block 1019, Block Group 1, Census Tract 110, Franklin County, Vermont","0","0","0"
"1000000US500110110001020","Block 1020, Block Group 1, Census Tract 110, Franklin County, Vermont","12","11","1"
"1000000US500110110001021","Block 1021, Block Group 1, Census Tract 110, Franklin County, Vermont","40","38","2"
"1000000US500110110001022","Block 1022, Block Group 1, Census Tract 110, Franklin County, Vermont","19","18","1"
"1000000US500110110001023","Block 1023, Block Group 1, Census Tract 110, Franklin County, Vermont","8","8","0"
"1000000US500110110001024","Block 1024, Block Group 1, Census Tract 110, Franklin County, Vermont","2","2","0"
"1000000US500110110001025","Block 1025, Block Group 1, Census Tract 110, Franklin County, Vermont","22","19","3"
"1000000US500110110001026","Block 1026, Block Group 1, Census Tract 110, Franklin County, Vermont","23","20","3"
"1000000US500110110001027","Block 1027, Block Group 1, Census Tract 110, Franklin County, Vermont","0","0","0"
"1000000US500110110001028","Block 1028, Block Group 1, Census Tract 110, Franklin County, Vermont","0","0","0"
"1000000US500110110001029","Block 1029, Block Group 1, Census Tract 110, Franklin County, Vermont","16","15","1"
"1000000US500110110001030","Block 1030, Block Group 1, Census Tract 110, Franklin County, Vermont","3","3","0"
"1000000US500110110001031","Block 1031, Block Group 1, Census Tract 110, Franklin County, Vermont","3","3","0"
"1000000US500110110001032","Block 1032, Block Group 1, Census Tract 110, Franklin County, Vermont","0","0","0"
"1000000US500110110001033","Block 1033, Block Group 1, Census Tract 110, Franklin County, Vermont","29","27","2"
"1000000US500110110001034","Block 1034, Block Group 1, Census Tract 110, Franklin County, Vermont","0","0","0"
"1000000US500110110001035","Block 1035, Block Group 1, Census Tract 110, Franklin County, Vermont","6","5","1"
"1000000US500110110001036","Block 1036, Block Group 1, Census Tract 110, Franklin County, Vermont","0","0","0"
"1000000US500110110001037","Block 1037, Block Group 1, Census Tract 110, Franklin County, Vermont","0","0","0"
"1000000US500110110001038","Block 1038, Block Group 1, Census Tract 110, Franklin County, Vermont","7","7","0"
"1000000US500110110001039","Block 1039, Block Group 1, Census Tract 110, Franklin County, Vermont","31","31","0"
"1000000US500110110001040","Block 1040, Block Group 1, Census Tract 110, Franklin County, Vermont","2","2","0"
"1000000US500110110001041","Block 1041, Block Group 1, Census Tract 110, Franklin County, Vermont","18","17","1"
"1000000US500110110001042","Block 1042, Block Group 1, Census Tract 110, Franklin County, Vermont","22","20","2"
"1000000US500110110001043","Block 1043, Block Group 1, Census Tract 110, Franklin County, Vermont","48","47","1"
"1000000US500110110001044","Block 1044, Block Group 1, Census Tract 110, Franklin County, Vermont","0","0","0"
"1000000US500110110001045","Block 1045, Block Group 1, Census Tract 110, Franklin County, Vermont","18","17","1"
"1000000US500110110001046","Block 1046, Block Group 1, Census Tract 110, Franklin County, Vermont","43","41","2"
"1000000US500110110001047","Block 1047, Block Group 1, Census Tract 110, Franklin County, Vermont","0","0","0"
"1000000US500110110001048","Block 1048, Block Group 1, Census Tract 110, Franklin County, Vermont","0","0","0"
"1000000US500110110001049","Block 1049, Block Group 1, Census Tract 110, Franklin County, Vermont","0","0","0"
"1000000US500110110001050","Block 1050, Block Group 1, Census Tract 110, Franklin County, Vermont","39","39","0"
"1000000US500110110001051","Block 1051, Block Group 1, Census Tract 110, Franklin County, Vermont","0","0","0"
"1000000US500110110001052","Block 1052, Block Group 1, Census Tract 110, Franklin County, Vermont","0","0","0"
"1000000US500110110001053","Block 1053, Block Group 1, Census Tract 110, Franklin County, Vermont","22","22","0"
"1000000US500110110001054","Block 1054, Block Group 1, Census Tract 110, Franklin County, Vermont","0","0","0"
"1000000US500110110001055","Block 1055, Block Group 1, Census Tract 110, Franklin County, Vermont","0","0","0"
"1000000US500110110001056","Block 1056, Block Group 1, Census Tract 110, Franklin County, Vermont","14","14","0"
"1000000US500110110001057","Block 1057, Block Group 1, Census Tract 110, Franklin County, Vermont","31","30","1"
"1000000US500110110001058","Block 1058, Block Group 1, Census Tract 110, Franklin County, Vermont","3","3","0"
"1000000US500110110001059","Block 1059, Block Group 1, Census Tract 110, Franklin County, Vermont","48","46","2"
"1000000US500110110001060","Block 1060, Block Group 1, Census Tract 110, Franklin County, Vermont","4","4","0"
"1000000US500110110001061","Block 1061, Block Group 1, Census Tract 110, Franklin County, Vermont","6","6","0"
"1000000US500110110001062","Block 1062, Block Group 1, Census Tract 110, Franklin County, Vermont","15","15","0"
"1000000US500110110001063","Block 1063, Block Group 1, Census Tract 110, Franklin County, Vermont","9","9","0"
"1000000US500110110001064","Block 1064, Block Group 1, Census Tract 110, Franklin County, Vermont","2","2","0"
"1000000US500110110001065","Block 1065, Block Group 1, Census Tract 110, Franklin County, Vermont","34","32","2"
"1000000US500110110002000","Block 2000, Block Group 2, Census Tract 110, Franklin County, Vermont","37","35","2"
"1000000US500110110002001","Block 2001, Block Group 2, Census Tract 110, Franklin County, Vermont","4","4","0"
"1000000US500110110002002","Block 2002, Block Group 2, Census Tract 110, Franklin County, Vermont","3","3","0"
"1000000US500110110002003","Block 2003, Block Group 2, Census Tract 110, Franklin County, Vermont","19","19","0"
"1000000US500110110002004","Block 2004, Block Group 2, Census Tract 110, Franklin County, Vermont","2","2","0"
"1000000US500110110002005","Block 2005, Block Group 2, Census Tract 110, Franklin County, Vermont","12","10","2"
"1000000US500110110002006","Block 2006, Block Group 2, Census Tract 110, Franklin County, Vermont","40","37","3"
"1000000US500110110002007","Block 2007, Block Group 2, Census Tract 110, Franklin County, Vermont","4","3","1"
"1000000US500110110002008","Block 2008, Block Group 2, Census Tract 110, Franklin County, Vermont","1","1","0"
"1000000US500110110002009","Block 2009, Block Group 2, Census Tract 110, Franklin County, Vermont","0","0","0"
"1000000US500110110002010","Block 2010, Block Group 2, Census Tract 110, Franklin County, Vermont","6","6","0"
"1000000US500110110002011","Block 2011, Block Group 2, Census Tract 110, Franklin County, Vermont","0","0","0"
"1000000US500110110002012","Block 2012, Block Group 2, Census Tract 110, Franklin County, Vermont","6","6","0"
"1000000US500110110002013","Block 2013, Block Group 2, Census Tract 110, Franklin County, Vermont","69","66","3"
"1000000US500110110002014","Block 2014, Block Group 2, Census Tract 110, Franklin County, Vermont","0","0","0"
"1000000US500110110002015","Block 2015, Block Group 2, Census Tract 110, Franklin County, Vermont","1","1","0"
"1000000US500110110002016","Block 2016, Block Group 2, Census Tract 110, Franklin County, Vermont","2","2","0"
"1000000US500110110002017","Block 2017, Block Group 2, Census Tract 110, Franklin County, Vermont","1","1","0"
"1000000US500110110002018","Block 2018, Block Group 2, Census Tract 110, Franklin County, Vermont","5","5","0"
"1000000US500110110002019","Block 2019, Block Group 2, Census Tract 110, Franklin County, Vermont","6","6","0"
"1000000US500110110002020","Block 2020, Block Group 2, Census Tract 110, Franklin County, Vermont","0","0","0"
"1000000US500110110002021","Block 2021, Block Group 2, Census Tract 110, Franklin County, Vermont","39","39","0"
"1000000US500110110002022","Block 2022, Block Group 2, Census Tract 110, Franklin County, Vermont","1","1","0"
"1000000US500110110002023","Block 2023, Block Group 2, Census Tract 110, Franklin County, Vermont","19","19","0"
"1000000US500110110002024","Block 2024, Block Group 2, Census Tract 110, Franklin County, Vermont","1","0","1"
"1000000US500110110002025","Block 2025, Block Group 2, Census Tract 110, Franklin County, Vermont","2","2","0"
"1000000US500110110002026","Block 2026, Block Group 2, Census Tract 110, Franklin County, Vermont","1","1","0"
"1000000US500110110002027","Block 2027, Block Group 2, Census Tract 110, Franklin County, Vermont","5","5","0"
"1000000US500110110002028","Block 2028, Block Group 2, Census Tract 110, Franklin County, Vermont","6","6","0"
"1000000US500110110002029","Block 2029, Block Group 2, Census Tract 110, Franklin County, Vermont","8","8","0"
"1000000US500110110002030","Block 2030, Block Group 2, Census Tract 110, Franklin County, Vermont","10","10","0"
"1000000US500110110002031","Block 2031, Block Group 2, Census Tract 110, Franklin County, Vermont","0","0","0"
"1000000US500110110002032","Block 2032, Block Group 2, Census Tract 110, Franklin County, Vermont","4","4","0"
"1000000US500110110002033","Block 2033, Block Group 2, Census Tract 110, Franklin County, Vermont","29","28","1"
"1000000US500110110002034","Block 2034, Block Group 2, Census Tract 110, Franklin County, Vermont","0","0","0"
"1000000US500110110002035","Block 2035, Block Group 2, Census Tract 110, Franklin County, Vermont","66","62","4"
"1000000US500110110002036","Block 2036, Block Group 2, Census Tract 110, Franklin County, Vermont","3","2","1"
"1000000US500110110002037","Block 2037, Block Group 2, Census Tract 110, Franklin County, Vermont","10","9","1"
"1000000US500110110002038","Block 2038, Block Group 2, Census Tract 110, Franklin County, Vermont","13","13","0"
"1000000US500110110002039","Block 2039, Block Group 2, Census Tract 110, Franklin County, Vermont","33","31","2"
"1000000US500110110002040","Block 2040, Block Group 2, Census Tract 110, Franklin County, Vermont","127","101","26"
"1000000US500110110002041","Block 2041, Block Group 2, Census Tract 110, Franklin County, Vermont","0","0","0"
"1000000US500110110002042","Block 2042, Block Group 2, Census Tract 110, Franklin County, Vermont","2","2","0"
"1000000US500110110002043","Block 2043, Block Group 2, Census Tract 110, Franklin County, Vermont","6","6","0"
"1000000US500110110002044","Block 2044, Block Group 2, Census Tract 110, Franklin County, Vermont","0","0","0"
"1000000US500110110002045","Block 2045, Block Group 2, Census Tract 110, Franklin County, Vermont","15","15","0"
"1000000US500110110002046","Block 2046, Block Group 2, Census Tract 110, Franklin County, Vermont","0","0","0"
"1000000US500110110002047","Block 2047, Block Group 2, Census Tract 110, Franklin County, Vermont","28","26","2"
"1000000US500110110002048","Block 2048, Block Group 2, Census Tract 110, Franklin County, Vermont","0","0","0"
"1000000US500110110002049","Block 2049, Block Group 2, Census Tract 110, Franklin County, Vermont","0","0","0"
"1000000US500110110002050","Block 2050, Block Group 2, Census Tract 110, Franklin County, Vermont","8","8","0"
"1000000US500110110002051","Block 2051, Block Group 2, Census Tract 110, Franklin County, Vermont","10","10","0"
"1000000US500110110002052","Block 2052, Block Group 2, Census Tract 110, Franklin County, Vermont","33","32","1"
"1000000US500110110002053","Block 2053, Block Group 2, Census Tract 110, Franklin County, Vermont","2","2","0"
"1000000US500110110002054","Block 2054, Block Group 2, Census Tract 110, Franklin County, Vermont","0","0","0"
"1000000US500110110002055","Block 2055, Block Group 2, Census Tract 110, Franklin County, Vermont","7","7","0"
"1000000US500110110002056","Block 2056, Block Group 2, Census Tract 110, Franklin County, Vermont","4","4","0"
"1000000US500110110002057","Block 2057, Block Group 2, Census Tract 110, Franklin County, Vermont","0","0","0"
"1000000US500110110002058","Block 2058, Block Group 2, Census Tract 110, Franklin County, Vermont","8","8","0"
"1000000US500110110002059","Block 2059, Block Group 2, Census Tract 110, Franklin County, Vermont","4","3","1"
"1000000US500110110002060","Block 2060, Block Group 2, Census Tract 110, Franklin County, Vermont","11","11","0"
"1000000US500110110002061","Block 2061, Block Group 2, Census Tract 110, Franklin County, Vermont","0","0","0"
"1000000US500110110002062","Block 2062, Block Group 2, Census Tract 110, Franklin County, Vermont","0","0","0"
"1000000US500110110002063","Block 2063, Block Group 2, Census Tract 110, Franklin County, Vermont","51","43","8"
"1000000US500110110002064","Block 2064, Block Group 2, Census Tract 110, Franklin County, Vermont","3","2","1"
"1000000US500110110002065","Block 2065, Block Group 2, Census Tract 110, Franklin County, Vermont","0","0","0"
"1000000US500110110002066","Block 2066, Block Group 2, Census Tract 110, Franklin County, Vermont","0","0","0"
"1000000US500110110002067","Block 2067, Block Group 2, Census Tract 110, Franklin County, Vermont","4","4","0"
"1000000US500110110002068","Block 2068, Block Group 2, Census Tract 110, Franklin County, Vermont","4","4","0"
"1000000US500110110002069","Block 2069, Block Group 2, Census Tract 110, Franklin County, Vermont","0","0","0"
"1000000US500110110002070","Block 2070, Block Group 2, Census Tract 110, Franklin County, Vermont","0","0","0"
"1000000US500110110002071","Block 2071, Block Group 2, Census Tract 110, Franklin County, Vermont","0","0","0"
"1000000US500110110002072","Block 2072, Block Group 2, Census Tract 110, Franklin County, Vermont","51","50","1"
"1000000US500110110002073","Block 2073, Block Group 2, Census Tract 110, Franklin County, Vermont","1","1","0"
"1000000US500110110002074","Block 2074, Block Group 2, Census Tract 110, Franklin County, Vermont","0","0","0"
"1000000US500110110002075","Block 2075, Block Group 2, Census Tract 110, Franklin County, Vermont","20","19","1"
"1000000US500110110002076","Block 2076, Block Group 2, Census Tract 110, Franklin County, Vermont","0","0","0"
"1000000US500110110002077","Block 2077, Block Group 2, Census Tract 110, Franklin County, Vermont","1","1","0"
"1000000US500110110002078","Block 2078, Block Group 2, Census Tract 110, Franklin County, Vermont","1","1","0"
"1000000US500110110002079","Block 2079, Block Group 2, Census Tract 110, Franklin County, Vermont","0","0","0"
"1000000US500110110002080","Block 2080, Block Group 2, Census Tract 110, Franklin County, Vermont","16","16","0"
"1000000US500110110002081","Block 2081, Block Group 2, Census Tract 110, Franklin County, Vermont","7","6","1"
"1000000US500110110002082","Block 2082, Block Group 2, Census Tract 110, Franklin County, Vermont","0","0","0"
"1000000US500110110002083","Block 2083, Block Group 2, Census Tract 110, Franklin County, Vermont","0","0","0"
"1000000US500110110002084","Block 2084, Block Group 2, Census Tract 110, Franklin County, Vermont","5","5","0"
"1000000US500110110002085","Block 2085, Block Group 2, Census Tract 110, Franklin County, Vermont","11","10","1"
"1000000US500110110002086","Block 2086, Block Group 2, Census Tract 110, Franklin County, Vermont","7","7","0"
"1000000US500110110002087","Block 2087, Block Group 2, Census Tract 110, Franklin County, Vermont","0","0","0"
"1000000US500110110002088","Block 2088, Block Group 2, Census Tract 110, Franklin County, Vermont","0","0","0"
"1000000US500110110002089","Block 2089, Block Group 2, Census Tract 110, Franklin County, Vermont","0","0","0"
"1000000US500110110002090","Block 2090, Block Group 2, Census Tract 110, Franklin County, Vermont","0","0","0"
"1000000US500110110002091","Block 2091, Block Group 2, Census Tract 110, Franklin County, Vermont","0","0","0"
"1000000US500110110002092","Block 2092, Block Group 2, Census Tract 110, Franklin County, Vermont","0","0","0"
"1000000US500110110002093","Block 2093, Block Group 2, Census Tract 110, Franklin County, Vermont","2","2","0"
"1000000US500110110002094","Block 2094, Block Group 2, Census Tract 110, Franklin County, Vermont","4","4","0"
"1000000US500110110002095","Block 2095, Block Group 2, Census Tract 110, Franklin County, Vermont","2","2","0"
"1000000US500110110002096","Block 2096, Block Group 2, Census Tract 110, Franklin County, Vermont","0","0","0"
"1000000US500110110002097","Block 2097, Block Group 2, Census Tract 110, Franklin County, Vermont","0","0","0"
"1000000US500110110002098","Block 2098, Block Group 2, Census Tract 110, Franklin County, Vermont","0","0","0"
"1000000US500110110002099","Block 2099, Block Group 2, Census Tract 110, Franklin County, Vermont","8","8","0"
"1000000US500110110002100","Block 2100, Block Group 2, Census Tract 110, Franklin County, Vermont","1","1","0"
"1000000US500110110002101","Block 2101, Block Group 2, Census Tract 110, Franklin County, Vermont","0","0","0"
"1000000US500110110002102","Block 2102, Block Group 2, Census Tract 110, Franklin County, Vermont","3","3","0"
"1000000US500110110002103","Block 2103, Block Group 2, Census Tract 110, Franklin County, Vermont","1","1","0"
"1000000US500110110002104","Block 2104, Block Group 2, Census Tract 110, Franklin County, Vermont","2","2","0"
"1000000US500110110002105","Block 2105, Block Group 2, Census Tract 110, Franklin County, Vermont","4","4","0"
"1000000US500110110002106","Block 2106, Block Group 2, Census Tract 110, Franklin County, Vermont","1","1","0"
"1000000US500110110002107","Block 2107, Block Group 2, Census Tract 110, Franklin County, Vermont","0","0","0"
"1000000US500110110002108","Block 2108, Block Group 2, Census Tract 110, Franklin County, Vermont","0","0","0"
"1000000US500110110002109","Block 2109, Block Group 2, Census Tract 110, Franklin County, Vermont","0","0","0"
"1000000US500110110002110","Block 2110, Block Group 2, Census Tract 110, Franklin County, Vermont","8","8","0"
"1000000US500110110002111","Block 2111, Block Group 2, Census Tract 110, Franklin County, Vermont","0","0","0"
"1000000US500110110002112","Block 2112, Block Group 2, Census Tract 110, Franklin County, Vermont","1","1","0"
"1000000US500110110002113","Block 2113, Block Group 2, Census Tract 110, Franklin County, Vermont","0","0","0"
"1000000US500110110002114","Block 2114, Block Group 2, Census Tract 110, Franklin County, Vermont","2","2","0"
"1000000US500110110002115","Block 2115, Block Group 2, Census Tract 110, Franklin County, Vermont","1","1","0"
"1000000US500110110002116","Block 2116, Block Group 2, Census Tract 110, Franklin County, Vermont","3","3","0"
"1000000US500110110002117","Block 2117, Block Group 2, Census Tract 110, Franklin County, Vermont","5","5","0"
"1000000US500110110002118","Block 2118, Block Group 2, Census Tract 110, Franklin County, Vermont","0","0","0"
"1000000US500110110002119","Block 2119, Block Group 2, Census Tract 110, Franklin County, Vermont","0","0","0"
"1000000US500110110002120","Block 2120, Block Group 2, Census Tract 110, Franklin County, Vermont","0","0","0"
"1000000US500110110003000","Block 3000, Block Group 3, Census Tract 110, Franklin County, Vermont","9","7","2"
"1000000US500110110003001","Block 3001, Block Group 3, Census Tract 110, Franklin County, Vermont","1","1","0"
"1000000US500110110003002","Block 3002, Block Group 3, Census Tract 110, Franklin County, Vermont","1","0","1"
"1000000US500110110003003","Block 3003, Block Group 3, Census Tract 110, Franklin County, Vermont","0","0","0"
"1000000US500110110003004","Block 3004, Block Group 3, Census Tract 110, Franklin County, Vermont","6","3","3"
"1000000US500110110003005","Block 3005, Block Group 3, Census Tract 110, Franklin County, Vermont","52","35","17"
"1000000US500110110003006","Block 3006, Block Group 3, Census Tract 110, Franklin County, Vermont","0","0","0"
"1000000US500110110003007","Block 3007, Block Group 3, Census Tract 110, Franklin County, Vermont","0","0","0"
"1000000US500110110003008","Block 3008, Block Group 3, Census Tract 110, Franklin County, Vermont","7","1","6"
"1000000US500110110003009","Block 3009, Block Group 3, Census Tract 110, Franklin County, Vermont","13","13","0"
"1000000US500110110003010","Block 3010, Block Group 3, Census Tract 110, Franklin County, Vermont","27","6","21"
"1000000US500110110003011","Block 3011, Block Group 3, Census Tract 110, Franklin County, Vermont","1","1","0"
"1000000US500110110003012","Block 3012, Block Group 3, Census Tract 110, Franklin County, Vermont","54","49","5"
"1000000US500110110003013","Block 3013, Block Group 3, Census Tract 110, Franklin County, Vermont","0","0","0"
"1000000US500110110003014","Block 3014, Block Group 3, Census Tract 110, Franklin County, Vermont","30","28","2"
"1000000US500110110003015","Block 3015, Block Group 3, Census Tract 110, Franklin County, Vermont","6","6","0"
"1000000US500110110003016","Block 3016, Block Group 3, Census Tract 110, Franklin County, Vermont","1","1","0"
"1000000US500110110003017","Block 3017, Block Group 3, Census Tract 110, Franklin County, Vermont","5","5","0"
"1000000US500110110003018","Block 3018, Block Group 3, Census Tract 110, Franklin County, Vermont","0","0","0"
"1000000US500110110003019","Block 3019, Block Group 3, Census Tract 110, Franklin County, Vermont","40","40","0"
"1000000US500110110003020","Block 3020, Block Group 3, Census Tract 110, Franklin County, Vermont","0","0","0"
"1000000US500110110003021","Block 3021, Block Group 3, Census Tract 110, Franklin County, Vermont","0","0","0"
"1000000US500110110003022","Block 3022, Block Group 3, Census Tract 110, Franklin County, Vermont","20","18","2"
"1000000US500110110003023","Block 3023, Block Group 3, Census Tract 110, Franklin County, Vermont","0","0","0"
"1000000US500110110003024","Block 3024, Block Group 3, Census Tract 110, Franklin County, Vermont","22","22","0"
"1000000US500110110003025","Block 3025, Block Group 3, Census Tract 110, Franklin County, Vermont","0","0","0"
"1000000US500110110003026","Block 3026, Block Group 3, Census Tract 110, Franklin County, Vermont","0","0","0"
"1000000US500110110003027","Block 3027, Block Group 3, Census Tract 110, Franklin County, Vermont","8","8","0"
"1000000US500110110003028","Block 3028, Block Group 3, Census Tract 110, Franklin County, Vermont","0","0","0"
"1000000US500110110003029","Block 3029, Block Group 3, Census Tract 110, Franklin County, Vermont","0","0","0"
"1000000US500110110003030","Block 3030, Block Group 3, Census Tract 110, Franklin County, Vermont","0","0","0"
"1000000US500110110003031","Block 3031, Block Group 3, Census Tract 110, Franklin County, Vermont","0","0","0"
"1000000US500110110003032","Block 3032, Block Group 3, Census Tract 110, Franklin County, Vermont","33","32","1"
"1000000US500110110003033","Block 3033, Block Group 3, Census Tract 110, Franklin County, Vermont","2","0","2"
"1000000US500110110003034","Block 3034, Block Group 3, Census Tract 110, Franklin County, Vermont","9","7","2"
"1000000US500110110003035","Block 3035, Block Group 3, Census Tract 110, Franklin County, Vermont","0","0","0"
"1000000US500110110003036","Block 3036, Block Group 3, Census Tract 110, Franklin County, Vermont","0","0","0"
"1000000US500110110003037","Block 3037, Block Group 3, Census Tract 110, Franklin County, Vermont","0","0","0"
"1000000US500110110003038","Block 3038, Block Group 3, Census Tract 110, Franklin County, Vermont","8","6","2"
"1000000US500110110003039","Block 3039, Block Group 3, Census Tract 110, Franklin County, Vermont","12","11","1"
"1000000US500110110003040","Block 3040, Block Group 3, Census Tract 110, Franklin County, Vermont","0","0","0"
"1000000US500110110003041","Block 3041, Block Group 3, Census Tract 110, Franklin County, Vermont","0","0","0"
"1000000US500110110003042","Block 3042, Block Group 3, Census Tract 110, Franklin County, Vermont","11","11","0"
"1000000US500110110003043","Block 3043, Block Group 3, Census Tract 110, Franklin County, Vermont","1","1","0"
"1000000US500110110003044","Block 3044, Block Group 3, Census Tract 110, Franklin County, Vermont","84","81","3"
"1000000US500110110003045","Block 3045, Block Group 3, Census Tract 110, Franklin County, Vermont","11","11","0"
"1000000US500110110003046","Block 3046, Block Group 3, Census Tract 110, Franklin County, Vermont","29","27","2"
"1000000US500110110003047","Block 3047, Block Group 3, Census Tract 110, Franklin County, Vermont","3","3","0"
"1000000US500110110003048","Block 3048, Block Group 3, Census Tract 110, Franklin County, Vermont","0","0","0"
"1000000US500110110003049","Block 3049, Block Group 3, Census Tract 110, Franklin County, Vermont","56","56","0"
"1000000US500110110003050","Block 3050, Block Group 3, Census Tract 110, Franklin County, Vermont","4","4","0"
"1000000US500110110003051","Block 3051, Block Group 3, Census Tract 110, Franklin County, Vermont","3","3","0"
"1000000US500110110003052","Block 3052, Block Group 3, Census Tract 110, Franklin County, Vermont","0","0","0"
"1000000US500110110003053","Block 3053, Block Group 3, Census Tract 110, Franklin County, Vermont","0","0","0"
"1000000US500130201001000","Block 1000, Block Group 1, Census Tract 201, Grand Isle County, Vermont","0","0","0"
"1000000US500130201001001","Block 1001, Block Group 1, Census Tract 201, Grand Isle County, Vermont","15","4","11"
"1000000US500130201001002","Block 1002, Block Group 1, Census Tract 201, Grand Isle County, Vermont","8","2","6"
"1000000US500130201001003","Block 1003, Block Group 1, Census Tract 201, Grand Isle County, Vermont","10","6","4"
"1000000US500130201001004","Block 1004, Block Group 1, Census Tract 201, Grand Isle County, Vermont","39","17","22"
"1000000US500130201001005","Block 1005, Block Group 1, Census Tract 201, Grand Isle County, Vermont","4","1","3"
"1000000US500130201001006","Block 1006, Block Group 1, Census Tract 201, Grand Isle County, Vermont","5","1","4"
"1000000US500130201001007","Block 1007, Block Group 1, Census Tract 201, Grand Isle County, Vermont","0","0","0"
"1000000US500130201001008","Block 1008, Block Group 1, Census Tract 201, Grand Isle County, Vermont","7","5","2"
"1000000US500130201001009","Block 1009, Block Group 1, Census Tract 201, Grand Isle County, Vermont","16","13","3"
"1000000US500130201001010","Block 1010, Block Group 1, Census Tract 201, Grand Isle County, Vermont","22","21","1"
"1000000US500130201001011","Block 1011, Block Group 1, Census Tract 201, Grand Isle County, Vermont","17","17","0"
"1000000US500130201001012","Block 1012, Block Group 1, Census Tract 201, Grand Isle County, Vermont","0","0","0"
"1000000US500130201001013","Block 1013, Block Group 1, Census Tract 201, Grand Isle County, Vermont","11","10","1"
"1000000US500130201001014","Block 1014, Block Group 1, Census Tract 201, Grand Isle County, Vermont","0","0","0"
"1000000US500130201001015","Block 1015, Block Group 1, Census Tract 201, Grand Isle County, Vermont","0","0","0"
"1000000US500130201001016","Block 1016, Block Group 1, Census Tract 201, Grand Isle County, Vermont","4","4","0"
"1000000US500130201001017","Block 1017, Block Group 1, Census Tract 201, Grand Isle County, Vermont","48","42","6"
"1000000US500130201001018","Block 1018, Block Group 1, Census Tract 201, Grand Isle County, Vermont","0","0","0"
"1000000US500130201001019","Block 1019, Block Group 1, Census Tract 201, Grand Isle County, Vermont","0","0","0"
"1000000US500130201001020","Block 1020, Block Group 1, Census Tract 201, Grand Isle County, Vermont","0","0","0"
"1000000US500130201001021","Block 1021, Block Group 1, Census Tract 201, Grand Isle County, Vermont","0","0","0"
"1000000US500130201001022","Block 1022, Block Group 1, Census Tract 201, Grand Isle County, Vermont","0","0","0"
"1000000US500130201001023","Block 1023, Block Group 1, Census Tract 201, Grand Isle County, Vermont","5","5","0"
"1000000US500130201001024","Block 1024, Block Group 1, Census Tract 201, Grand Isle County, Vermont","0","0","0"
"1000000US500130201001025","Block 1025, Block Group 1, Census Tract 201, Grand Isle County, Vermont","0","0","0"
"1000000US500130201001026","Block 1026, Block Group 1, Census Tract 201, Grand Isle County, Vermont","0","0","0"
"1000000US500130201001027","Block 1027, Block Group 1, Census Tract 201, Grand Isle County, Vermont","5","5","0"
"1000000US500130201001028","Block 1028, Block Group 1, Census Tract 201, Grand Isle County, Vermont","8","6","2"
"1000000US500130201001029","Block 1029, Block Group 1, Census Tract 201, Grand Isle County, Vermont","7","6","1"
"1000000US500130201001030","Block 1030, Block Group 1, Census Tract 201, Grand Isle County, Vermont","37","33","4"
"1000000US500130201001031","Block 1031, Block Group 1, Census Tract 201, Grand Isle County, Vermont","25","21","4"
"1000000US500130201001032","Block 1032, Block Group 1, Census Tract 201, Grand Isle County, Vermont","0","0","0"
"1000000US500130201001033","Block 1033, Block Group 1, Census Tract 201, Grand Isle County, Vermont","8","7","1"
"1000000US500130201001034","Block 1034, Block Group 1, Census Tract 201, Grand Isle County, Vermont","23","18","5"
"1000000US500130201001035","Block 1035, Block Group 1, Census Tract 201, Grand Isle County, Vermont","64","54","10"
"1000000US500130201001036","Block 1036, Block Group 1, Census Tract 201, Grand Isle County, Vermont","0","0","0"
"1000000US500130201001037","Block 1037, Block Group 1, Census Tract 201, Grand Isle County, Vermont","18","15","3"
"1000000US500130201001038","Block 1038, Block Group 1, Census Tract 201, Grand Isle County, Vermont","9","2","7"
"1000000US500130201001039","Block 1039, Block Group 1, Census Tract 201, Grand Isle County, Vermont","34","17","17"
"1000000US500130201001040","Block 1040, Block Group 1, Census Tract 201, Grand Isle County, Vermont","0","0","0"
"1000000US500130201001041","Block 1041, Block Group 1, Census Tract 201, Grand Isle County, Vermont","13","4","9"
"1000000US500130201001042","Block 1042, Block Group 1, Census Tract 201, Grand Isle County, Vermont","36","6","30"
"1000000US500130201001043","Block 1043, Block Group 1, Census Tract 201, Grand Isle County, Vermont","0","0","0"
"1000000US500130201001044","Block 1044, Block Group 1, Census Tract 201, Grand Isle County, Vermont","0","0","0"
"1000000US500130201001045","Block 1045, Block Group 1, Census Tract 201, Grand Isle County, Vermont","32","22","10"
"1000000US500130201001046","Block 1046, Block Group 1, Census Tract 201, Grand Isle County, Vermont","0","0","0"
"1000000US500130201001047","Block 1047, Block Group 1, Census Tract 201, Grand Isle County, Vermont","0","0","0"
"1000000US500130201001048","Block 1048, Block Group 1, Census Tract 201, Grand Isle County, Vermont","0","0","0"
"1000000US500130201001049","Block 1049, Block Group 1, Census Tract 201, Grand Isle County, Vermont","0","0","0"
"1000000US500130201001050","Block 1050, Block Group 1, Census Tract 201, Grand Isle County, Vermont","0","0","0"
"1000000US500130201001051","Block 1051, Block Group 1, Census Tract 201, Grand Isle County, Vermont","0","0","0"
"1000000US500130201001052","Block 1052, Block Group 1, Census Tract 201, Grand Isle County, Vermont","0","0","0"
"1000000US500130201001053","Block 1053, Block Group 1, Census Tract 201, Grand Isle County, Vermont","0","0","0"
"1000000US500130201001054","Block 1054, Block Group 1, Census Tract 201, Grand Isle County, Vermont","0","0","0"
"1000000US500130201001055","Block 1055, Block Group 1, Census Tract 201, Grand Isle County, Vermont","177","91","86"
"1000000US500130201001056","Block 1056, Block Group 1, Census Tract 201, Grand Isle County, Vermont","5","4","1"
"1000000US500130201001057","Block 1057, Block Group 1, Census Tract 201, Grand Isle County, Vermont","1","0","1"
"1000000US500130201001058","Block 1058, Block Group 1, Census Tract 201, Grand Isle County, Vermont","12","9","3"
"1000000US500130201001059","Block 1059, Block Group 1, Census Tract 201, Grand Isle County, Vermont","0","0","0"
"1000000US500130201001060","Block 1060, Block Group 1, Census Tract 201, Grand Isle County, Vermont","0","0","0"
"1000000US500130201001061","Block 1061, Block Group 1, Census Tract 201, Grand Isle County, Vermont","15","13","2"
"1000000US500130201001062","Block 1062, Block Group 1, Census Tract 201, Grand Isle County, Vermont","0","0","0"
"1000000US500130201001063","Block 1063, Block Group 1, Census Tract 201, Grand Isle County, Vermont","0","0","0"
"1000000US500130201001064","Block 1064, Block Group 1, Census Tract 201, Grand Isle County, Vermont","0","0","0"
"1000000US500130201001065","Block 1065, Block Group 1, Census Tract 201, Grand Isle County, Vermont","0","0","0"
"1000000US500130201001066","Block 1066, Block Group 1, Census Tract 201, Grand Isle County, Vermont","0","0","0"
"1000000US500130201001067","Block 1067, Block Group 1, Census Tract 201, Grand Isle County, Vermont","0","0","0"
"1000000US500130201001068","Block 1068, Block Group 1, Census Tract 201, Grand Isle County, Vermont","0","0","0"
"1000000US500130201001069","Block 1069, Block Group 1, Census Tract 201, Grand Isle County, Vermont","3","3","0"
"1000000US500130201001070","Block 1070, Block Group 1, Census Tract 201, Grand Isle County, Vermont","0","0","0"
"1000000US500130201001071","Block 1071, Block Group 1, Census Tract 201, Grand Isle County, Vermont","2","1","1"
"1000000US500130201002000","Block 2000, Block Group 2, Census Tract 201, Grand Isle County, Vermont","0","0","0"
"1000000US500130201002001","Block 2001, Block Group 2, Census Tract 201, Grand Isle County, Vermont","0","0","0"
"1000000US500130201002002","Block 2002, Block Group 2, Census Tract 201, Grand Isle County, Vermont","57","8","49"
"1000000US500130201002003","Block 2003, Block Group 2, Census Tract 201, Grand Isle County, Vermont","14","1","13"
"1000000US500130201002004","Block 2004, Block Group 2, Census Tract 201, Grand Isle County, Vermont","60","14","46"
"1000000US500130201002005","Block 2005, Block Group 2, Census Tract 201, Grand Isle County, Vermont","0","0","0"
"1000000US500130201002006","Block 2006, Block Group 2, Census Tract 201, Grand Isle County, Vermont","3","1","2"
"1000000US500130201002007","Block 2007, Block Group 2, Census Tract 201, Grand Isle County, Vermont","0","0","0"
"1000000US500130201002008","Block 2008, Block Group 2, Census Tract 201, Grand Isle County, Vermont","0","0","0"
"1000000US500130201002009","Block 2009, Block Group 2, Census Tract 201, Grand Isle County, Vermont","0","0","0"
"1000000US500130201002010","Block 2010, Block Group 2, Census Tract 201, Grand Isle County, Vermont","62","35","27"
"1000000US500130201002011","Block 2011, Block Group 2, Census Tract 201, Grand Isle County, Vermont","0","0","0"
"1000000US500130201002012","Block 2012, Block Group 2, Census Tract 201, Grand Isle County, Vermont","1","0","1"
"1000000US500130201002013","Block 2013, Block Group 2, Census Tract 201, Grand Isle County, Vermont","43","25","18"
"1000000US500130201002014","Block 2014, Block Group 2, Census Tract 201, Grand Isle County, Vermont","0","0","0"
"1000000US500130201002015","Block 2015, Block Group 2, Census Tract 201, Grand Isle County, Vermont","68","49","19"
"1000000US500130201002016","Block 2016, Block Group 2, Census Tract 201, Grand Isle County, Vermont","7","7","0"
"1000000US500130201002017","Block 2017, Block Group 2, Census Tract 201, Grand Isle County, Vermont","84","40","44"
"1000000US500130201002018","Block 2018, Block Group 2, Census Tract 201, Grand Isle County, Vermont","0","0","0"
"1000000US500130201002019","Block 2019, Block Group 2, Census Tract 201, Grand Isle County, Vermont","54","24","30"
"1000000US500130201002020","Block 2020, Block Group 2, Census Tract 201, Grand Isle County, Vermont","0","0","0"
"1000000US500130201002021","Block 2021, Block Group 2, Census Tract 201, Grand Isle County, Vermont","0","0","0"
"1000000US500130201002022","Block 2022, Block Group 2, Census Tract 201, Grand Isle County, Vermont","0","0","0"
"1000000US500130201002023","Block 2023, Block Group 2, Census Tract 201, Grand Isle County, Vermont","0","0","0"
"1000000US500130201002024","Block 2024, Block Group 2, Census Tract 201, Grand Isle County, Vermont","0","0","0"
"1000000US500130201002025","Block 2025, Block Group 2, Census Tract 201, Grand Isle County, Vermont","1","0","1"
"1000000US500130201002026","Block 2026, Block Group 2, Census Tract 201, Grand Isle County, Vermont","0","0","0"
"1000000US500130201002027","Block 2027, Block Group 2, Census Tract 201, Grand Isle County, Vermont","0","0","0"
"1000000US500130201002028","Block 2028, Block Group 2, Census Tract 201, Grand Isle County, Vermont","0","0","0"
"1000000US500130201003000","Block 3000, Block Group 3, Census Tract 201, Grand Isle County, Vermont","0","0","0"
"1000000US500130201003001","Block 3001, Block Group 3, Census Tract 201, Grand Isle County, Vermont","47","17","30"
"1000000US500130201003002","Block 3002, Block Group 3, Census Tract 201, Grand Isle County, Vermont","1","1","0"
"1000000US500130201003003","Block 3003, Block Group 3, Census Tract 201, Grand Isle County, Vermont","0","0","0"
"1000000US500130201003004","Block 3004, Block Group 3, Census Tract 201, Grand Isle County, Vermont","129","50","79"
"1000000US500130201003005","Block 3005, Block Group 3, Census Tract 201, Grand Isle County, Vermont","1","0","1"
"1000000US500130201003006","Block 3006, Block Group 3, Census Tract 201, Grand Isle County, Vermont","1","0","1"
"1000000US500130201003007","Block 3007, Block Group 3, Census Tract 201, Grand Isle County, Vermont","0","0","0"
"1000000US500130201003008","Block 3008, Block Group 3, Census Tract 201, Grand Isle County, Vermont","83","12","71"
"1000000US500130201003009","Block 3009, Block Group 3, Census Tract 201, Grand Isle County, Vermont","9","3","6"
"1000000US500130201003010","Block 3010, Block Group 3, Census Tract 201, Grand Isle County, Vermont","32","4","28"
"1000000US500130201003011","Block 3011, Block Group 3, Census Tract 201, Grand Isle County, Vermont","1","0","1"
"1000000US500130201003012","Block 3012, Block Group 3, Census Tract 201, Grand Isle County, Vermont","9","1","8"
"1000000US500130201003013","Block 3013, Block Group 3, Census Tract 201, Grand Isle County, Vermont","68","0","68"
"1000000US500130201003014","Block 3014, Block Group 3, Census Tract 201, Grand Isle County, Vermont","0","0","0"
"1000000US500130201003015","Block 3015, Block Group 3, Census Tract 201, Grand Isle County, Vermont","0","0","0"
"1000000US500130201003016","Block 3016, Block Group 3, Census Tract 201, Grand Isle County, Vermont","0","0","0"
"1000000US500130201003017","Block 3017, Block Group 3, Census Tract 201, Grand Isle County, Vermont","52","23","29"
"1000000US500130201003018","Block 3018, Block Group 3, Census Tract 201, Grand Isle County, Vermont","2","1","1"
"1000000US500130201003019","Block 3019, Block Group 3, Census Tract 201, Grand Isle County, Vermont","0","0","0"
"1000000US500130201003020","Block 3020, Block Group 3, Census Tract 201, Grand Isle County, Vermont","0","0","0"
"1000000US500130201003021","Block 3021, Block Group 3, Census Tract 201, Grand Isle County, Vermont","0","0","0"
"1000000US500130201003022","Block 3022, Block Group 3, Census Tract 201, Grand Isle County, Vermont","0","0","0"
"1000000US500130201003023","Block 3023, Block Group 3, Census Tract 201, Grand Isle County, Vermont","0","0","0"
"1000000US500130201003024","Block 3024, Block Group 3, Census Tract 201, Grand Isle County, Vermont","0","0","0"
"1000000US500130201003025","Block 3025, Block Group 3, Census Tract 201, Grand Isle County, Vermont","8","1","7"
"1000000US500130201003026","Block 3026, Block Group 3, Census Tract 201, Grand Isle County, Vermont","8","3","5"
"1000000US500130201003027","Block 3027, Block Group 3, Census Tract 201, Grand Isle County, Vermont","0","0","0"
"1000000US500130201003028","Block 3028, Block Group 3, Census Tract 201, Grand Isle County, Vermont","11","0","11"
"1000000US500130201003029","Block 3029, Block Group 3, Census Tract 201, Grand Isle County, Vermont","0","0","0"
"1000000US500130201003030","Block 3030, Block Group 3, Census Tract 201, Grand Isle County, Vermont","0","0","0"
"1000000US500130201003031","Block 3031, Block Group 3, Census Tract 201, Grand Isle County, Vermont","0","0","0"
"1000000US500130201003032","Block 3032, Block Group 3, Census Tract 201, Grand Isle County, Vermont","140","45","95"
"1000000US500130201003033","Block 3033, Block Group 3, Census Tract 201, Grand Isle County, Vermont","0","0","0"
"1000000US500130201003034","Block 3034, Block Group 3, Census Tract 201, Grand Isle County, Vermont","0","0","0"
"1000000US500130201003035","Block 3035, Block Group 3, Census Tract 201, Grand Isle County, Vermont","1","0","1"
"1000000US500130201003036","Block 3036, Block Group 3, Census Tract 201, Grand Isle County, Vermont","2","0","2"
"1000000US500130201003037","Block 3037, Block Group 3, Census Tract 201, Grand Isle County, Vermont","4","0","4"
"1000000US500130201003038","Block 3038, Block Group 3, Census Tract 201, Grand Isle County, Vermont","0","0","0"
"1000000US500130201003039","Block 3039, Block Group 3, Census Tract 201, Grand Isle County, Vermont","3","1","2"
"1000000US500130201003040","Block 3040, Block Group 3, Census Tract 201, Grand Isle County, Vermont","94","43","51"
"1000000US500130201003041","Block 3041, Block Group 3, Census Tract 201, Grand Isle County, Vermont","0","0","0"
"1000000US500130201003042","Block 3042, Block Group 3, Census Tract 201, Grand Isle County, Vermont","0","0","0"
"1000000US500130201003043","Block 3043, Block Group 3, Census Tract 201, Grand Isle County, Vermont","90","61","29"
"1000000US500130201003044","Block 3044, Block Group 3, Census Tract 201, Grand Isle County, Vermont","0","0","0"
"1000000US500130201003045","Block 3045, Block Group 3, Census Tract 201, Grand Isle County, Vermont","0","0","0"
"1000000US500130201003046","Block 3046, Block Group 3, Census Tract 201, Grand Isle County, Vermont","5","1","4"
"1000000US500130201003047","Block 3047, Block Group 3, Census Tract 201, Grand Isle County, Vermont","55","14","41"
"1000000US500130201003048","Block 3048, Block Group 3, Census Tract 201, Grand Isle County, Vermont","0","0","0"
"1000000US500130201003049","Block 3049, Block Group 3, Census Tract 201, Grand Isle County, Vermont","28","25","3"
"1000000US500130201003050","Block 3050, Block Group 3, Census Tract 201, Grand Isle County, Vermont","24","8","16"
"1000000US500130201003051","Block 3051, Block Group 3, Census Tract 201, Grand Isle County, Vermont","0","0","0"
"1000000US500130201003052","Block 3052, Block Group 3, Census Tract 201, Grand Isle County, Vermont","1","0","1"
"1000000US500130201003053","Block 3053, Block Group 3, Census Tract 201, Grand Isle County, Vermont","34","19","15"
"1000000US500130201003054","Block 3054, Block Group 3, Census Tract 201, Grand Isle County, Vermont","0","0","0"
"1000000US500130201003055","Block 3055, Block Group 3, Census Tract 201, Grand Isle County, Vermont","0","0","0"
"1000000US500130201003056","Block 3056, Block Group 3, Census Tract 201, Grand Isle County, Vermont","0","0","0"
"1000000US500130201003057","Block 3057, Block Group 3, Census Tract 201, Grand Isle County, Vermont","17","14","3"
"1000000US500130201003058","Block 3058, Block Group 3, Census Tract 201, Grand Isle County, Vermont","5","2","3"
"1000000US500130201003059","Block 3059, Block Group 3, Census Tract 201, Grand Isle County, Vermont","0","0","0"
"1000000US500130201003060","Block 3060, Block Group 3, Census Tract 201, Grand Isle County, Vermont","0","0","0"
"1000000US500130201003061","Block 3061, Block Group 3, Census Tract 201, Grand Isle County, Vermont","0","0","0"
"1000000US500130201003062","Block 3062, Block Group 3, Census Tract 201, Grand Isle County, Vermont","0","0","0"
"1000000US500130201003063","Block 3063, Block Group 3, Census Tract 201, Grand Isle County, Vermont","0","0","0"
"1000000US500130201003064","Block 3064, Block Group 3, Census Tract 201, Grand Isle County, Vermont","0","0","0"
"1000000US500130201003065","Block 3065, Block Group 3, Census Tract 201, Grand Isle County, Vermont","0","0","0"
"1000000US500130201003066","Block 3066, Block Group 3, Census Tract 201, Grand Isle County, Vermont","0","0","0"
"1000000US500130201003067","Block 3067, Block Group 3, Census Tract 201, Grand Isle County, Vermont","0","0","0"
"1000000US500130201003068","Block 3068, Block Group 3, Census Tract 201, Grand Isle County, Vermont","0","0","0"
"1000000US500130201003069","Block 3069, Block Group 3, Census Tract 201, Grand Isle County, Vermont","1","0","1"
"1000000US500130201003070","Block 3070, Block Group 3, Census Tract 201, Grand Isle County, Vermont","0","0","0"
"1000000US500130201004000","Block 4000, Block Group 4, Census Tract 201, Grand Isle County, Vermont","0","0","0"
"1000000US500130201004001","Block 4001, Block Group 4, Census Tract 201, Grand Isle County, Vermont","3","3","0"
"1000000US500130201004002","Block 4002, Block Group 4, Census Tract 201, Grand Isle County, Vermont","8","4","4"
"1000000US500130201004003","Block 4003, Block Group 4, Census Tract 201, Grand Isle County, Vermont","8","7","1"
"1000000US500130201004004","Block 4004, Block Group 4, Census Tract 201, Grand Isle County, Vermont","0","0","0"
"1000000US500130201004005","Block 4005, Block Group 4, Census Tract 201, Grand Isle County, Vermont","0","0","0"
"1000000US500130201004006","Block 4006, Block Group 4, Census Tract 201, Grand Isle County, Vermont","28","19","9"
"1000000US500130201004007","Block 4007, Block Group 4, Census Tract 201, Grand Isle County, Vermont","0","0","0"
"1000000US500130201004008","Block 4008, Block Group 4, Census Tract 201, Grand Isle County, Vermont","1","0","1"
"1000000US500130201004009","Block 4009, Block Group 4, Census Tract 201, Grand Isle County, Vermont","0","0","0"
"1000000US500130201004010","Block 4010, Block Group 4, Census Tract 201, Grand Isle County, Vermont","0","0","0"
"1000000US500130201004011","Block 4011, Block Group 4, Census Tract 201, Grand Isle County, Vermont","0","0","0"
"1000000US500130201004012","Block 4012, Block Group 4, Census Tract 201, Grand Isle County, Vermont","0","0","0"
"1000000US500130201004013","Block 4013, Block Group 4, Census Tract 201, Grand Isle County, Vermont","0","0","0"
"1000000US500130201004014","Block 4014, Block Group 4, Census Tract 201, Grand Isle County, Vermont","0","0","0"
"1000000US500130201004015","Block 4015, Block Group 4, Census Tract 201, Grand Isle County, Vermont","0","0","0"
"1000000US500130201004016","Block 4016, Block Group 4, Census Tract 201, Grand Isle County, Vermont","1","1","0"
"1000000US500130201004017","Block 4017, Block Group 4, Census Tract 201, Grand Isle County, Vermont","0","0","0"
"1000000US500130201004018","Block 4018, Block Group 4, Census Tract 201, Grand Isle County, Vermont","1","1","0"
"1000000US500130201004019","Block 4019, Block Group 4, Census Tract 201, Grand Isle County, Vermont","3","1","2"
"1000000US500130201004020","Block 4020, Block Group 4, Census Tract 201, Grand Isle County, Vermont","0","0","0"
"1000000US500130201004021","Block 4021, Block Group 4, Census Tract 201, Grand Isle County, Vermont","1","0","1"
"1000000US500130201004022","Block 4022, Block Group 4, Census Tract 201, Grand Isle County, Vermont","68","41","27"
"1000000US500130201004023","Block 4023, Block Group 4, Census Tract 201, Grand Isle County, Vermont","1","1","0"
"1000000US500130201004024","Block 4024, Block Group 4, Census Tract 201, Grand Isle County, Vermont","0","0","0"
"1000000US500130201004025","Block 4025, Block Group 4, Census Tract 201, Grand Isle County, Vermont","0","0","0"
"1000000US500130201004026","Block 4026, Block Group 4, Census Tract 201, Grand Isle County, Vermont","0","0","0"
"1000000US500130201004027","Block 4027, Block Group 4, Census Tract 201, Grand Isle County, Vermont","0","0","0"
"1000000US500130201004028","Block 4028, Block Group 4, Census Tract 201, Grand Isle County, Vermont","0","0","0"
"1000000US500130201004029","Block 4029, Block Group 4, Census Tract 201, Grand Isle County, Vermont","0","0","0"
"1000000US500130201004030","Block 4030, Block Group 4, Census Tract 201, Grand Isle County, Vermont","0","0","0"
"1000000US500130201004031","Block 4031, Block Group 4, Census Tract 201, Grand Isle County, Vermont","90","51","39"
"1000000US500130201004032","Block 4032, Block Group 4, Census Tract 201, Grand Isle County, Vermont","1","1","0"
"1000000US500130201004033","Block 4033, Block Group 4, Census Tract 201, Grand Isle County, Vermont","0","0","0"
"1000000US500130201004034","Block 4034, Block Group 4, Census Tract 201, Grand Isle County, Vermont","0","0","0"
"1000000US500130201004035","Block 4035, Block Group 4, Census Tract 201, Grand Isle County, Vermont","25","3","22"
"1000000US500130201004036","Block 4036, Block Group 4, Census Tract 201, Grand Isle County, Vermont","5","3","2"
"1000000US500130201004037","Block 4037, Block Group 4, Census Tract 201, Grand Isle County, Vermont","38","33","5"
"1000000US500130201004038","Block 4038, Block Group 4, Census Tract 201, Grand Isle County, Vermont","2","1","1"
"1000000US500130201004039","Block 4039, Block Group 4, Census Tract 201, Grand Isle County, Vermont","69","51","18"
"1000000US500130201004040","Block 4040, Block Group 4, Census Tract 201, Grand Isle County, Vermont","84","50","34"
"1000000US500130201004041","Block 4041, Block Group 4, Census Tract 201, Grand Isle County, Vermont","0","0","0"
"1000000US500130201004042","Block 4042, Block Group 4, Census Tract 201, Grand Isle County, Vermont","3","3","0"
"1000000US500130201004043","Block 4043, Block Group 4, Census Tract 201, Grand Isle County, Vermont","0","0","0"
"1000000US500130201004044","Block 4044, Block Group 4, Census Tract 201, Grand Isle County, Vermont","0","0","0"
"1000000US500130201004045","Block 4045, Block Group 4, Census Tract 201, Grand Isle County, Vermont","0","0","0"
"1000000US500130201004046","Block 4046, Block Group 4, Census Tract 201, Grand Isle County, Vermont","0","0","0"
"1000000US500130201004047","Block 4047, Block Group 4, Census Tract 201, Grand Isle County, Vermont","0","0","0"
"1000000US500130201004048","Block 4048, Block Group 4, Census Tract 201, Grand Isle County, Vermont","1","0","1"
"1000000US500130201004049","Block 4049, Block Group 4, Census Tract 201, Grand Isle County, Vermont","18","5","13"
"1000000US500130201004050","Block 4050, Block Group 4, Census Tract 201, Grand Isle County, Vermont","2","1","1"
"1000000US500130201004051","Block 4051, Block Group 4, Census Tract 201, Grand Isle County, Vermont","1","1","0"
"1000000US500130201004052","Block 4052, Block Group 4, Census Tract 201, Grand Isle County, Vermont","1","1","0"
"1000000US500130201004053","Block 4053, Block Group 4, Census Tract 201, Grand Isle County, Vermont","0","0","0"
"1000000US500130201004054","Block 4054, Block Group 4, Census Tract 201, Grand Isle County, Vermont","0","0","0"
"1000000US500130201004055","Block 4055, Block Group 4, Census Tract 201, Grand Isle County, Vermont","2","0","2"
"1000000US500130201004056","Block 4056, Block Group 4, Census Tract 201, Grand Isle County, Vermont","0","0","0"
"1000000US500130201004057","Block 4057, Block Group 4, Census Tract 201, Grand Isle County, Vermont","0","0","0"
"1000000US500130201004058","Block 4058, Block Group 4, Census Tract 201, Grand Isle County, Vermont","0","0","0"
"1000000US500130201004059","Block 4059, Block Group 4, Census Tract 201, Grand Isle County, Vermont","0","0","0"
"1000000US500130201004060","Block 4060, Block Group 4, Census Tract 201, Grand Isle County, Vermont","91","38","53"
"1000000US500130201004061","Block 4061, Block Group 4, Census Tract 201, Grand Isle County, Vermont","0","0","0"
"1000000US500130201004062","Block 4062, Block Group 4, Census Tract 201, Grand Isle County, Vermont","0","0","0"
"1000000US500130201004063","Block 4063, Block Group 4, Census Tract 201, Grand Isle County, Vermont","26","3","23"
"1000000US500130201004064","Block 4064, Block Group 4, Census Tract 201, Grand Isle County, Vermont","8","3","5"
"1000000US500130201004065","Block 4065, Block Group 4, Census Tract 201, Grand Isle County, Vermont","0","0","0"
"1000000US500130201004066","Block 4066, Block Group 4, Census Tract 201, Grand Isle County, Vermont","0","0","0"
"1000000US500130201004067","Block 4067, Block Group 4, Census Tract 201, Grand Isle County, Vermont","0","0","0"
"1000000US500130201004068","Block 4068, Block Group 4, Census Tract 201, Grand Isle County, Vermont","0","0","0"
"1000000US500130201004069","Block 4069, Block Group 4, Census Tract 201, Grand Isle County, Vermont","0","0","0"
"1000000US500130201004070","Block 4070, Block Group 4, Census Tract 201, Grand Isle County, Vermont","0","0","0"
"1000000US500130201004071","Block 4071, Block Group 4, Census Tract 201, Grand Isle County, Vermont","0","0","0"
"1000000US500130201004072","Block 4072, Block Group 4, Census Tract 201, Grand Isle County, Vermont","28","6","22"
"1000000US500130201004073","Block 4073, Block Group 4, Census Tract 201, Grand Isle County, Vermont","0","0","0"
"1000000US500130201004074","Block 4074, Block Group 4, Census Tract 201, Grand Isle County, Vermont","0","0","0"
"1000000US500130201004075","Block 4075, Block Group 4, Census Tract 201, Grand Isle County, Vermont","5","3","2"
"1000000US500130201004076","Block 4076, Block Group 4, Census Tract 201, Grand Isle County, Vermont","2","2","0"
"1000000US500130201004077","Block 4077, Block Group 4, Census Tract 201, Grand Isle County, Vermont","0","0","0"
"1000000US500130201004078","Block 4078, Block Group 4, Census Tract 201, Grand Isle County, Vermont","0","0","0"
"1000000US500130202001000","Block 1000, Block Group 1, Census Tract 202, Grand Isle County, Vermont","0","0","0"
"1000000US500130202001001","Block 1001, Block Group 1, Census Tract 202, Grand Isle County, Vermont","0","0","0"
"1000000US500130202001002","Block 1002, Block Group 1, Census Tract 202, Grand Isle County, Vermont","20","9","11"
"1000000US500130202001003","Block 1003, Block Group 1, Census Tract 202, Grand Isle County, Vermont","0","0","0"
"1000000US500130202001004","Block 1004, Block Group 1, Census Tract 202, Grand Isle County, Vermont","3","3","0"
"1000000US500130202001005","Block 1005, Block Group 1, Census Tract 202, Grand Isle County, Vermont","0","0","0"
"1000000US500130202001006","Block 1006, Block Group 1, Census Tract 202, Grand Isle County, Vermont","2","1","1"
"1000000US500130202001007","Block 1007, Block Group 1, Census Tract 202, Grand Isle County, Vermont","0","0","0"
"1000000US500130202001008","Block 1008, Block Group 1, Census Tract 202, Grand Isle County, Vermont","16","11","5"
"1000000US500130202001009","Block 1009, Block Group 1, Census Tract 202, Grand Isle County, Vermont","5","3","2"
"1000000US500130202001010","Block 1010, Block Group 1, Census Tract 202, Grand Isle County, Vermont","0","0","0"
"1000000US500130202001011","Block 1011, Block Group 1, Census Tract 202, Grand Isle County, Vermont","1","1","0"
"1000000US500130202001012","Block 1012, Block Group 1, Census Tract 202, Grand Isle County, Vermont","0","0","0"
"1000000US500130202001013","Block 1013, Block Group 1, Census Tract 202, Grand Isle County, Vermont","4","1","3"
"1000000US500130202001014","Block 1014, Block Group 1, Census Tract 202, Grand Isle County, Vermont","64","52","12"
"1000000US500130202001015","Block 1015, Block Group 1, Census Tract 202, Grand Isle County, Vermont","0","0","0"
"1000000US500130202001016","Block 1016, Block Group 1, Census Tract 202, Grand Isle County, Vermont","0","0","0"
"1000000US500130202001017","Block 1017, Block Group 1, Census Tract 202, Grand Isle County, Vermont","38","28","10"
"1000000US500130202001018","Block 1018, Block Group 1, Census Tract 202, Grand Isle County, Vermont","37","33","4"
"1000000US500130202001019","Block 1019, Block Group 1, Census Tract 202, Grand Isle County, Vermont","0","0","0"
"1000000US500130202001020","Block 1020, Block Group 1, Census Tract 202, Grand Isle County, Vermont","47","31","16"
"1000000US500130202001021","Block 1021, Block Group 1, Census Tract 202, Grand Isle County, Vermont","0","0","0"
"1000000US500130202001022","Block 1022, Block Group 1, Census Tract 202, Grand Isle County, Vermont","93","70","23"
"1000000US500130202001023","Block 1023, Block Group 1, Census Tract 202, Grand Isle County, Vermont","0","0","0"
"1000000US500130202001024","Block 1024, Block Group 1, Census Tract 202, Grand Isle County, Vermont","5","2","3"
"1000000US500130202001025","Block 1025, Block Group 1, Census Tract 202, Grand Isle County, Vermont","5","4","1"
"1000000US500130202001026","Block 1026, Block Group 1, Census Tract 202, Grand Isle County, Vermont","4","3","1"
"1000000US500130202001027","Block 1027, Block Group 1, Census Tract 202, Grand Isle County, Vermont","121","71","50"
"1000000US500130202001028","Block 1028, Block Group 1, Census Tract 202, Grand Isle County, Vermont","6","6","0"
"1000000US500130202001029","Block 1029, Block Group 1, Census Tract 202, Grand Isle County, Vermont","0","0","0"
"1000000US500130202001030","Block 1030, Block Group 1, Census Tract 202, Grand Isle County, Vermont","18","6","12"
"1000000US500130202001031","Block 1031, Block Group 1, Census Tract 202, Grand Isle County, Vermont","0","0","0"
"1000000US500130202001032","Block 1032, Block Group 1, Census Tract 202, Grand Isle County, Vermont","0","0","0"
"1000000US500130202001033","Block 1033, Block Group 1, Census Tract 202, Grand Isle County, Vermont","0","0","0"
"1000000US500130202001034","Block 1034, Block Group 1, Census Tract 202, Grand Isle County, Vermont","8","3","5"
"1000000US500130202001035","Block 1035, Block Group 1, Census Tract 202, Grand Isle County, Vermont","0","0","0"
"1000000US500130202001036","Block 1036, Block Group 1, Census Tract 202, Grand Isle County, Vermont","0","0","0"
"1000000US500130202001037","Block 1037, Block Group 1, Census Tract 202, Grand Isle County, Vermont","0","0","0"
"1000000US500130202001038","Block 1038, Block Group 1, Census Tract 202, Grand Isle County, Vermont","26","25","1"
"1000000US500130202001039","Block 1039, Block Group 1, Census Tract 202, Grand Isle County, Vermont","1","1","0"
"1000000US500130202002000","Block 2000, Block Group 2, Census Tract 202, Grand Isle County, Vermont","0","0","0"
"1000000US500130202002001","Block 2001, Block Group 2, Census Tract 202, Grand Isle County, Vermont","0","0","0"
"1000000US500130202002002","Block 2002, Block Group 2, Census Tract 202, Grand Isle County, Vermont","25","13","12"
"1000000US500130202002003","Block 2003, Block Group 2, Census Tract 202, Grand Isle County, Vermont","18","9","9"
"1000000US500130202002004","Block 2004, Block Group 2, Census Tract 202, Grand Isle County, Vermont","5","3","2"
"1000000US500130202002005","Block 2005, Block Group 2, Census Tract 202, Grand Isle County, Vermont","14","4","10"
"1000000US500130202002006","Block 2006, Block Group 2, Census Tract 202, Grand Isle County, Vermont","45","14","31"
"1000000US500130202002007","Block 2007, Block Group 2, Census Tract 202, Grand Isle County, Vermont","1","0","1"
"1000000US500130202002008","Block 2008, Block Group 2, Census Tract 202, Grand Isle County, Vermont","0","0","0"
"1000000US500130202002009","Block 2009, Block Group 2, Census Tract 202, Grand Isle County, Vermont","48","36","12"
"1000000US500130202002010","Block 2010, Block Group 2, Census Tract 202, Grand Isle County, Vermont","0","0","0"
"1000000US500130202002011","Block 2011, Block Group 2, Census Tract 202, Grand Isle County, Vermont","0","0","0"
"1000000US500130202002012","Block 2012, Block Group 2, Census Tract 202, Grand Isle County, Vermont","15","0","15"
"1000000US500130202002013","Block 2013, Block Group 2, Census Tract 202, Grand Isle County, Vermont","0","0","0"
"1000000US500130202002014","Block 2014, Block Group 2, Census Tract 202, Grand Isle County, Vermont","0","0","0"
"1000000US500130202002015","Block 2015, Block Group 2, Census Tract 202, Grand Isle County, Vermont","0","0","0"
"1000000US500130202002016","Block 2016, Block Group 2, Census Tract 202, Grand Isle County, Vermont","0","0","0"
"1000000US500130202002017","Block 2017, Block Group 2, Census Tract 202, Grand Isle County, Vermont","0","0","0"
"1000000US500130202002018","Block 2018, Block Group 2, Census Tract 202, Grand Isle County, Vermont","0","0","0"
"1000000US500130202002019","Block 2019, Block Group 2, Census Tract 202, Grand Isle County, Vermont","1","0","1"
"1000000US500130202002020","Block 2020, Block Group 2, Census Tract 202, Grand Isle County, Vermont","31","8","23"
"1000000US500130202002021","Block 2021, Block Group 2, Census Tract 202, Grand Isle County, Vermont","0","0","0"
"1000000US500130202002022","Block 2022, Block Group 2, Census Tract 202, Grand Isle County, Vermont","0","0","0"
"1000000US500130202002023","Block 2023, Block Group 2, Census Tract 202, Grand Isle County, Vermont","13","7","6"
"1000000US500130202002024","Block 2024, Block Group 2, Census Tract 202, Grand Isle County, Vermont","0","0","0"
"1000000US500130202002025","Block 2025, Block Group 2, Census Tract 202, Grand Isle County, Vermont","3","0","3"
"1000000US500130202002026","Block 2026, Block Group 2, Census Tract 202, Grand Isle County, Vermont","21","9","12"
"1000000US500130202002027","Block 2027, Block Group 2, Census Tract 202, Grand Isle County, Vermont","45","42","3"
"1000000US500130202002028","Block 2028, Block Group 2, Census Tract 202, Grand Isle County, Vermont","1","1","0"
"1000000US500130202002029","Block 2029, Block Group 2, Census Tract 202, Grand Isle County, Vermont","12","10","2"
"1000000US500130202002030","Block 2030, Block Group 2, Census Tract 202, Grand Isle County, Vermont","23","20","3"
"1000000US500130202002031","Block 2031, Block Group 2, Census Tract 202, Grand Isle County, Vermont","54","51","3"
"1000000US500130202002032","Block 2032, Block Group 2, Census Tract 202, Grand Isle County, Vermont","54","51","3"
"1000000US500130202002033","Block 2033, Block Group 2, Census Tract 202, Grand Isle County, Vermont","45","42","3"
"1000000US500130202002034","Block 2034, Block Group 2, Census Tract 202, Grand Isle County, Vermont","48","42","6"
"1000000US500130202002035","Block 2035, Block Group 2, Census Tract 202, Grand Isle County, Vermont","56","54","2"
"1000000US500130202002036","Block 2036, Block Group 2, Census Tract 202, Grand Isle County, Vermont","20","17","3"
"1000000US500130202002037","Block 2037, Block Group 2, Census Tract 202, Grand Isle County, Vermont","2","1","1"
"1000000US500130202002038","Block 2038, Block Group 2, Census Tract 202, Grand Isle County, Vermont","0","0","0"
"1000000US500130202002039","Block 2039, Block Group 2, Census Tract 202, Grand Isle County, Vermont","1","0","1"
"1000000US500130202002040","Block 2040, Block Group 2, Census Tract 202, Grand Isle County, Vermont","3","2","1"
"1000000US500130202002041","Block 2041, Block Group 2, Census Tract 202, Grand Isle County, Vermont","2","2","0"
"1000000US500130202002042","Block 2042, Block Group 2, Census Tract 202, Grand Isle County, Vermont","9","9","0"
"1000000US500130202002043","Block 2043, Block Group 2, Census Tract 202, Grand Isle County, Vermont","1","1","0"
"1000000US500130202002044","Block 2044, Block Group 2, Census Tract 202, Grand Isle County, Vermont","0","0","0"
"1000000US500130202002045","Block 2045, Block Group 2, Census Tract 202, Grand Isle County, Vermont","0","0","0"
"1000000US500130202002046","Block 2046, Block Group 2, Census Tract 202, Grand Isle County, Vermont","20","10","10"
"1000000US500130202002047","Block 2047, Block Group 2, Census Tract 202, Grand Isle County, Vermont","0","0","0"
"1000000US500130202002048","Block 2048, Block Group 2, Census Tract 202, Grand Isle County, Vermont","13","9","4"
"1000000US500130202002049","Block 2049, Block Group 2, Census Tract 202, Grand Isle County, Vermont","2","1","1"
"1000000US500130202002050","Block 2050, Block Group 2, Census Tract 202, Grand Isle County, Vermont","23","22","1"
"1000000US500130202002051","Block 2051, Block Group 2, Census Tract 202, Grand Isle County, Vermont","0","0","0"
"1000000US500130202002052","Block 2052, Block Group 2, Census Tract 202, Grand Isle County, Vermont","0","0","0"
"1000000US500130202003000","Block 3000, Block Group 3, Census Tract 202, Grand Isle County, Vermont","0","0","0"
"1000000US500130202003001","Block 3001, Block Group 3, Census Tract 202, Grand Isle County, Vermont","36","29","7"
"1000000US500130202003002","Block 3002, Block Group 3, Census Tract 202, Grand Isle County, Vermont","0","0","0"
"1000000US500130202003003","Block 3003, Block Group 3, Census Tract 202, Grand Isle County, Vermont","15","15","0"
"1000000US500130202003004","Block 3004, Block Group 3, Census Tract 202, Grand Isle County, Vermont","0","0","0"
"1000000US500130202003005","Block 3005, Block Group 3, Census Tract 202, Grand Isle County, Vermont","3","3","0"
"1000000US500130202003006","Block 3006, Block Group 3, Census Tract 202, Grand Isle County, Vermont","1","1","0"
"1000000US500130202003007","Block 3007, Block Group 3, Census Tract 202, Grand Isle County, Vermont","0","0","0"
"1000000US500130202003008","Block 3008, Block Group 3, Census Tract 202, Grand Isle County, Vermont","51","27","24"
"1000000US500130202003009","Block 3009, Block Group 3, Census Tract 202, Grand Isle County, Vermont","0","0","0"
"1000000US500130202003010","Block 3010, Block Group 3, Census Tract 202, Grand Isle County, Vermont","0","0","0"
"1000000US500130202003011","Block 3011, Block Group 3, Census Tract 202, Grand Isle County, Vermont","0","0","0"
"1000000US500130202003012","Block 3012, Block Group 3, Census Tract 202, Grand Isle County, Vermont","17","14","3"
"1000000US500130202003013","Block 3013, Block Group 3, Census Tract 202, Grand Isle County, Vermont","20","16","4"
"1000000US500130202003014","Block 3014, Block Group 3, Census Tract 202, Grand Isle County, Vermont","41","37","4"
"1000000US500130202003015","Block 3015, Block Group 3, Census Tract 202, Grand Isle County, Vermont","19","15","4"
"1000000US500130202003016","Block 3016, Block Group 3, Census Tract 202, Grand Isle County, Vermont","40","17","23"
"1000000US500130202003017","Block 3017, Block Group 3, Census Tract 202, Grand Isle County, Vermont","0","0","0"
"1000000US500130202003018","Block 3018, Block Group 3, Census Tract 202, Grand Isle County, Vermont","8","6","2"
"1000000US500130202003019","Block 3019, Block Group 3, Census Tract 202, Grand Isle County, Vermont","0","0","0"
"1000000US500130202003020","Block 3020, Block Group 3, Census Tract 202, Grand Isle County, Vermont","0","0","0"
"1000000US500130202003021","Block 3021, Block Group 3, Census Tract 202, Grand Isle County, Vermont","0","0","0"
"1000000US500130202003022","Block 3022, Block Group 3, Census Tract 202, Grand Isle County, Vermont","0","0","0"
"1000000US500130202003023","Block 3023, Block Group 3, Census Tract 202, Grand Isle County, Vermont","5","1","4"
"1000000US500130202003024","Block 3024, Block Group 3, Census Tract 202, Grand Isle County, Vermont","0","0","0"
"1000000US500130202003025","Block 3025, Block Group 3, Census Tract 202, Grand Isle County, Vermont","0","0","0"
"1000000US500130202003026","Block 3026, Block Group 3, Census Tract 202, Grand Isle County, Vermont","2","2","0"
"1000000US500130202003027","Block 3027, Block Group 3, Census Tract 202, Grand Isle County, Vermont","0","0","0"
"1000000US500130202003028","Block 3028, Block Group 3, Census Tract 202, Grand Isle County, Vermont","30","25","5"
"1000000US500130202003029","Block 3029, Block Group 3, Census Tract 202, Grand Isle County, Vermont","0","0","0"
"1000000US500130202003030","Block 3030, Block Group 3, Census Tract 202, Grand Isle County, Vermont","0","0","0"
"1000000US500130202003031","Block 3031, Block Group 3, Census Tract 202, Grand Isle County, Vermont","10","10","0"
"1000000US500130202003032","Block 3032, Block Group 3, Census Tract 202, Grand Isle County, Vermont","0","0","0"
"1000000US500130202003033","Block 3033, Block Group 3, Census Tract 202, Grand Isle County, Vermont","8","7","1"
"1000000US500130202003034","Block 3034, Block Group 3, Census Tract 202, Grand Isle County, Vermont","0","0","0"
"1000000US500130202003035","Block 3035, Block Group 3, Census Tract 202, Grand Isle County, Vermont","8","4","4"
"1000000US500130202003036","Block 3036, Block Group 3, Census Tract 202, Grand Isle County, Vermont","2","0","2"
"1000000US500130202003037","Block 3037, Block Group 3, Census Tract 202, Grand Isle County, Vermont","10","0","10"
"1000000US500130202003038","Block 3038, Block Group 3, Census Tract 202, Grand Isle County, Vermont","0","0","0"
"1000000US500130202003039","Block 3039, Block Group 3, Census Tract 202, Grand Isle County, Vermont","1","0","1"
"1000000US500130202003040","Block 3040, Block Group 3, Census Tract 202, Grand Isle County, Vermont","19","9","10"
"1000000US500130202003041","Block 3041, Block Group 3, Census Tract 202, Grand Isle County, Vermont","41","10","31"
"1000000US500130202003042","Block 3042, Block Group 3, Census Tract 202, Grand Isle County, Vermont","42","28","14"
"1000000US500130202003043","Block 3043, Block Group 3, Census Tract 202, Grand Isle County, Vermont","0","0","0"
"1000000US500130202003044","Block 3044, Block Group 3, Census Tract 202, Grand Isle County, Vermont","1","0","1"
"1000000US500130202003045","Block 3045, Block Group 3, Census Tract 202, Grand Isle County, Vermont","6","6","0"
"1000000US500130202003046","Block 3046, Block Group 3, Census Tract 202, Grand Isle County, Vermont","0","0","0"
"1000000US500130202004000","Block 4000, Block Group 4, Census Tract 202, Grand Isle County, Vermont","0","0","0"
"1000000US500130202004001","Block 4001, Block Group 4, Census Tract 202, Grand Isle County, Vermont","2","0","2"
"1000000US500130202004002","Block 4002, Block Group 4, Census Tract 202, Grand Isle County, Vermont","0","0","0"
"1000000US500130202004003","Block 4003, Block Group 4, Census Tract 202, Grand Isle County, Vermont","13","5","8"
"1000000US500130202004004","Block 4004, Block Group 4, Census Tract 202, Grand Isle County, Vermont","76","31","45"
"1000000US500130202004005","Block 4005, Block Group 4, Census Tract 202, Grand Isle County, Vermont","18","11","7"
"1000000US500130202004006","Block 4006, Block Group 4, Census Tract 202, Grand Isle County, Vermont","0","0","0"
"1000000US500130202004007","Block 4007, Block Group 4, Census Tract 202, Grand Isle County, Vermont","0","0","0"
"1000000US500130202004008","Block 4008, Block Group 4, Census Tract 202, Grand Isle County, Vermont","0","0","0"
"1000000US500130202004009","Block 4009, Block Group 4, Census Tract 202, Grand Isle County, Vermont","0","0","0"
"1000000US500130202004010","Block 4010, Block Group 4, Census Tract 202, Grand Isle County, Vermont","0","0","0"
"1000000US500130202004011","Block 4011, Block Group 4, Census Tract 202, Grand Isle County, Vermont","0","0","0"
"1000000US500130202004012","Block 4012, Block Group 4, Census Tract 202, Grand Isle County, Vermont","0","0","0"
"1000000US500130202004013","Block 4013, Block Group 4, Census Tract 202, Grand Isle County, Vermont","164","117","47"
"1000000US500130202004014","Block 4014, Block Group 4, Census Tract 202, Grand Isle County, Vermont","2","2","0"
"1000000US500130202004015","Block 4015, Block Group 4, Census Tract 202, Grand Isle County, Vermont","0","0","0"
"1000000US500130202004016","Block 4016, Block Group 4, Census Tract 202, Grand Isle County, Vermont","15","12","3"
"1000000US500130202004017","Block 4017, Block Group 4, Census Tract 202, Grand Isle County, Vermont","0","0","0"
"1000000US500130202004018","Block 4018, Block Group 4, Census Tract 202, Grand Isle County, Vermont","0","0","0"
"1000000US500130202004019","Block 4019, Block Group 4, Census Tract 202, Grand Isle County, Vermont","0","0","0"
"1000000US500130202004020","Block 4020, Block Group 4, Census Tract 202, Grand Isle County, Vermont","0","0","0"
"1000000US500130202004021","Block 4021, Block Group 4, Census Tract 202, Grand Isle County, Vermont","15","14","1"
"1000000US500130202004022","Block 4022, Block Group 4, Census Tract 202, Grand Isle County, Vermont","5","5","0"
"1000000US500130202004023","Block 4023, Block Group 4, Census Tract 202, Grand Isle County, Vermont","0","0","0"
"1000000US500130202004024","Block 4024, Block Group 4, Census Tract 202, Grand Isle County, Vermont","0","0","0"
"1000000US500130202004025","Block 4025, Block Group 4, Census Tract 202, Grand Isle County, Vermont","0","0","0"
"1000000US500130202004026","Block 4026, Block Group 4, Census Tract 202, Grand Isle County, Vermont","0","0","0"
"1000000US500130202004027","Block 4027, Block Group 4, Census Tract 202, Grand Isle County, Vermont","0","0","0"
"1000000US500130202004028","Block 4028, Block Group 4, Census Tract 202, Grand Isle County, Vermont","0","0","0"
"1000000US500130202004029","Block 4029, Block Group 4, Census Tract 202, Grand Isle County, Vermont","30","27","3"
"1000000US500130202004030","Block 4030, Block Group 4, Census Tract 202, Grand Isle County, Vermont","20","6","14"
"1000000US500130202004031","Block 4031, Block Group 4, Census Tract 202, Grand Isle County, Vermont","0","0","0"
"1000000US500130202004032","Block 4032, Block Group 4, Census Tract 202, Grand Isle County, Vermont","0","0","0"
"1000000US500130202004033","Block 4033, Block Group 4, Census Tract 202, Grand Isle County, Vermont","0","0","0"
"1000000US500130202004034","Block 4034, Block Group 4, Census Tract 202, Grand Isle County, Vermont","2","0","2"
"1000000US500130202004035","Block 4035, Block Group 4, Census Tract 202, Grand Isle County, Vermont","0","0","0"
"1000000US500130202004036","Block 4036, Block Group 4, Census Tract 202, Grand Isle County, Vermont","0","0","0"
"1000000US500130202004037","Block 4037, Block Group 4, Census Tract 202, Grand Isle County, Vermont","29","13","16"
"1000000US500130202004038","Block 4038, Block Group 4, Census Tract 202, Grand Isle County, Vermont","2","1","1"
"1000000US500130202004039","Block 4039, Block Group 4, Census Tract 202, Grand Isle County, Vermont","4","2","2"
"1000000US500130202004040","Block 4040, Block Group 4, Census Tract 202, Grand Isle County, Vermont","69","39","30"
"1000000US500130202004041","Block 4041, Block Group 4, Census Tract 202, Grand Isle County, Vermont","10","7","3"
"1000000US500130202004042","Block 4042, Block Group 4, Census Tract 202, Grand Isle County, Vermont","0","0","0"
"1000000US500130202004043","Block 4043, Block Group 4, Census Tract 202, Grand Isle County, Vermont","0","0","0"
"1000000US500130202004044","Block 4044, Block Group 4, Census Tract 202, Grand Isle County, Vermont","4","4","0"
"1000000US500130202004045","Block 4045, Block Group 4, Census Tract 202, Grand Isle County, Vermont","0","0","0"
"1000000US500130202004046","Block 4046, Block Group 4, Census Tract 202, Grand Isle County, Vermont","2","2","0"
"1000000US500130202004047","Block 4047, Block Group 4, Census Tract 202, Grand Isle County, Vermont","76","32","44"
"1000000US500130202004048","Block 4048, Block Group 4, Census Tract 202, Grand Isle County, Vermont","2","2","0"
"1000000US500130202004049","Block 4049, Block Group 4, Census Tract 202, Grand Isle County, Vermont","6","5","1"
"1000000US500130202004050","Block 4050, Block Group 4, Census Tract 202, Grand Isle County, Vermont","5","2","3"
"1000000US500130202004051","Block 4051, Block Group 4, Census Tract 202, Grand Isle County, Vermont","16","16","0"
"1000000US500130202004052","Block 4052, Block Group 4, Census Tract 202, Grand Isle County, Vermont","1","1","0"
"1000000US500130202004053","Block 4053, Block Group 4, Census Tract 202, Grand Isle County, Vermont","12","12","0"
"1000000US500130202004054","Block 4054, Block Group 4, Census Tract 202, Grand Isle County, Vermont","19","18","1"
"1000000US500130202004055","Block 4055, Block Group 4, Census Tract 202, Grand Isle County, Vermont","0","0","0"
"1000000US500130202004056","Block 4056, Block Group 4, Census Tract 202, Grand Isle County, Vermont","4","4","0"
"1000000US500130202004057","Block 4057, Block Group 4, Census Tract 202, Grand Isle County, Vermont","1","1","0"
"1000000US500130202004058","Block 4058, Block Group 4, Census Tract 202, Grand Isle County, Vermont","0","0","0"
"1000000US500130202004059","Block 4059, Block Group 4, Census Tract 202, Grand Isle County, Vermont","0","0","0"
"1000000US500130202004060","Block 4060, Block Group 4, Census Tract 202, Grand Isle County, Vermont","0","0","0"
"1000000US500130202004061","Block 4061, Block Group 4, Census Tract 202, Grand Isle County, Vermont","0","0","0"
"1000000US500130202004062","Block 4062, Block Group 4, Census Tract 202, Grand Isle County, Vermont","0","0","0"
"1000000US500130202004063","Block 4063, Block Group 4, Census Tract 202, Grand Isle County, Vermont","0","0","0"
"1000000US500130202004064","Block 4064, Block Group 4, Census Tract 202, Grand Isle County, Vermont","0","0","0"
"1000000US500159530001000","Block 1000, Block Group 1, Census Tract 9530, Lamoille County, Vermont","1","1","0"
"1000000US500159530001001","Block 1001, Block Group 1, Census Tract 9530, Lamoille County, Vermont","55","19","36"
"1000000US500159530001002","Block 1002, Block Group 1, Census Tract 9530, Lamoille County, Vermont","5","3","2"
"1000000US500159530001003","Block 1003, Block Group 1, Census Tract 9530, Lamoille County, Vermont","0","0","0"
"1000000US500159530001004","Block 1004, Block Group 1, Census Tract 9530, Lamoille County, Vermont","0","0","0"
"1000000US500159530001005","Block 1005, Block Group 1, Census Tract 9530, Lamoille County, Vermont","0","0","0"
"1000000US500159530001006","Block 1006, Block Group 1, Census Tract 9530, Lamoille County, Vermont","0","0","0"
"1000000US500159530001007","Block 1007, Block Group 1, Census Tract 9530, Lamoille County, Vermont","96","70","26"
"1000000US500159530001008","Block 1008, Block Group 1, Census Tract 9530, Lamoille County, Vermont","12","3","9"
"1000000US500159530001009","Block 1009, Block Group 1, Census Tract 9530, Lamoille County, Vermont","2","1","1"
"1000000US500159530001010","Block 1010, Block Group 1, Census Tract 9530, Lamoille County, Vermont","2","2","0"
"1000000US500159530001011","Block 1011, Block Group 1, Census Tract 9530, Lamoille County, Vermont","3","3","0"
"1000000US500159530001012","Block 1012, Block Group 1, Census Tract 9530, Lamoille County, Vermont","0","0","0"
"1000000US500159530001013","Block 1013, Block Group 1, Census Tract 9530, Lamoille County, Vermont","18","5","13"
"1000000US500159530001014","Block 1014, Block Group 1, Census Tract 9530, Lamoille County, Vermont","6","4","2"
"1000000US500159530001015","Block 1015, Block Group 1, Census Tract 9530, Lamoille County, Vermont","12","10","2"
"1000000US500159530001016","Block 1016, Block Group 1, Census Tract 9530, Lamoille County, Vermont","0","0","0"
"1000000US500159530001017","Block 1017, Block Group 1, Census Tract 9530, Lamoille County, Vermont","0","0","0"
"1000000US500159530001018","Block 1018, Block Group 1, Census Tract 9530, Lamoille County, Vermont","43","38","5"
"1000000US500159530001019","Block 1019, Block Group 1, Census Tract 9530, Lamoille County, Vermont","30","26","4"
"1000000US500159530001020","Block 1020, Block Group 1, Census Tract 9530, Lamoille County, Vermont","11","9","2"
"1000000US500159530001021","Block 1021, Block Group 1, Census Tract 9530, Lamoille County, Vermont","1","1","0"
"1000000US500159530001022","Block 1022, Block Group 1, Census Tract 9530, Lamoille County, Vermont","0","0","0"
"1000000US500159530001023","Block 1023, Block Group 1, Census Tract 9530, Lamoille County, Vermont","0","0","0"
"1000000US500159530001024","Block 1024, Block Group 1, Census Tract 9530, Lamoille County, Vermont","2","2","0"
"1000000US500159530001025","Block 1025, Block Group 1, Census Tract 9530, Lamoille County, Vermont","0","0","0"
"1000000US500159530001026","Block 1026, Block Group 1, Census Tract 9530, Lamoille County, Vermont","0","0","0"
"1000000US500159530001027","Block 1027, Block Group 1, Census Tract 9530, Lamoille County, Vermont","48","33","15"
"1000000US500159530001028","Block 1028, Block Group 1, Census Tract 9530, Lamoille County, Vermont","0","0","0"
"1000000US500159530001029","Block 1029, Block Group 1, Census Tract 9530, Lamoille County, Vermont","0","0","0"
"1000000US500159530001030","Block 1030, Block Group 1, Census Tract 9530, Lamoille County, Vermont","5","5","0"
"1000000US500159530001031","Block 1031, Block Group 1, Census Tract 9530, Lamoille County, Vermont","2","1","1"
"1000000US500159530001032","Block 1032, Block Group 1, Census Tract 9530, Lamoille County, Vermont","4","4","0"
"1000000US500159530001033","Block 1033, Block Group 1, Census Tract 9530, Lamoille County, Vermont","6","6","0"
"1000000US500159530001034","Block 1034, Block Group 1, Census Tract 9530, Lamoille County, Vermont","0","0","0"
"1000000US500159530001035","Block 1035, Block Group 1, Census Tract 9530, Lamoille County, Vermont","0","0","0"
"1000000US500159530001036","Block 1036, Block Group 1, Census Tract 9530, Lamoille County, Vermont","0","0","0"
"1000000US500159530001037","Block 1037, Block Group 1, Census Tract 9530, Lamoille County, Vermont","0","0","0"
"1000000US500159530001038","Block 1038, Block Group 1, Census Tract 9530, Lamoille County, Vermont","39","37","2"
"1000000US500159530001039","Block 1039, Block Group 1, Census Tract 9530, Lamoille County, Vermont","0","0","0"
"1000000US500159530001040","Block 1040, Block Group 1, Census Tract 9530, Lamoille County, Vermont","3","2","1"
"1000000US500159530001041","Block 1041, Block Group 1, Census Tract 9530, Lamoille County, Vermont","3","3","0"
"1000000US500159530001042","Block 1042, Block Group 1, Census Tract 9530, Lamoille County, Vermont","17","15","2"
"1000000US500159530001043","Block 1043, Block Group 1, Census Tract 9530, Lamoille County, Vermont","0","0","0"
"1000000US500159530001044","Block 1044, Block Group 1, Census Tract 9530, Lamoille County, Vermont","5","5","0"
"1000000US500159530001045","Block 1045, Block Group 1, Census Tract 9530, Lamoille County, Vermont","0","0","0"
"1000000US500159530001046","Block 1046, Block Group 1, Census Tract 9530, Lamoille County, Vermont","1","1","0"
"1000000US500159530001047","Block 1047, Block Group 1, Census Tract 9530, Lamoille County, Vermont","8","8","0"
"1000000US500159530001048","Block 1048, Block Group 1, Census Tract 9530, Lamoille County, Vermont","15","14","1"
"1000000US500159530001049","Block 1049, Block Group 1, Census Tract 9530, Lamoille County, Vermont","1","1","0"
"1000000US500159530001050","Block 1050, Block Group 1, Census Tract 9530, Lamoille County, Vermont","8","8","0"
"1000000US500159530001051","Block 1051, Block Group 1, Census Tract 9530, Lamoille County, Vermont","0","0","0"
"1000000US500159530001052","Block 1052, Block Group 1, Census Tract 9530, Lamoille County, Vermont","3","2","1"
"1000000US500159530001053","Block 1053, Block Group 1, Census Tract 9530, Lamoille County, Vermont","0","0","0"
"1000000US500159530001054","Block 1054, Block Group 1, Census Tract 9530, Lamoille County, Vermont","4","4","0"
"1000000US500159530001055","Block 1055, Block Group 1, Census Tract 9530, Lamoille County, Vermont","3","2","1"
"1000000US500159530001056","Block 1056, Block Group 1, Census Tract 9530, Lamoille County, Vermont","26","25","1"
"1000000US500159530001057","Block 1057, Block Group 1, Census Tract 9530, Lamoille County, Vermont","1","0","1"
"1000000US500159530001058","Block 1058, Block Group 1, Census Tract 9530, Lamoille County, Vermont","5","3","2"
"1000000US500159530001059","Block 1059, Block Group 1, Census Tract 9530, Lamoille County, Vermont","0","0","0"
"1000000US500159530001060","Block 1060, Block Group 1, Census Tract 9530, Lamoille County, Vermont","0","0","0"
"1000000US500159530001061","Block 1061, Block Group 1, Census Tract 9530, Lamoille County, Vermont","0","0","0"
"1000000US500159530001062","Block 1062, Block Group 1, Census Tract 9530, Lamoille County, Vermont","0","0","0"
"1000000US500159530001063","Block 1063, Block Group 1, Census Tract 9530, Lamoille County, Vermont","0","0","0"
"1000000US500159530001064","Block 1064, Block Group 1, Census Tract 9530, Lamoille County, Vermont","42","16","26"
"1000000US500159530001065","Block 1065, Block Group 1, Census Tract 9530, Lamoille County, Vermont","58","34","24"
"1000000US500159530001066","Block 1066, Block Group 1, Census Tract 9530, Lamoille County, Vermont","0","0","0"
"1000000US500159530001067","Block 1067, Block Group 1, Census Tract 9530, Lamoille County, Vermont","0","0","0"
"1000000US500159530001068","Block 1068, Block Group 1, Census Tract 9530, Lamoille County, Vermont","10","0","10"
"1000000US500159530001069","Block 1069, Block Group 1, Census Tract 9530, Lamoille County, Vermont","0","0","0"
"1000000US500159530001070","Block 1070, Block Group 1, Census Tract 9530, Lamoille County, Vermont","1","1","0"
"1000000US500159530001071","Block 1071, Block Group 1, Census Tract 9530, Lamoille County, Vermont","0","0","0"
"1000000US500159530001072","Block 1072, Block Group 1, Census Tract 9530, Lamoille County, Vermont","0","0","0"
"1000000US500159530001073","Block 1073, Block Group 1, Census Tract 9530, Lamoille County, Vermont","0","0","0"
"1000000US500159530001074","Block 1074, Block Group 1, Census Tract 9530, Lamoille County, Vermont","3","0","3"
"1000000US500159530001075","Block 1075, Block Group 1, Census Tract 9530, Lamoille County, Vermont","30","27","3"
"1000000US500159530001076","Block 1076, Block Group 1, Census Tract 9530, Lamoille County, Vermont","0","0","0"
"1000000US500159530001077","Block 1077, Block Group 1, Census Tract 9530, Lamoille County, Vermont","0","0","0"
"1000000US500159530001078","Block 1078, Block Group 1, Census Tract 9530, Lamoille County, Vermont","0","0","0"
"1000000US500159530001079","Block 1079, Block Group 1, Census Tract 9530, Lamoille County, Vermont","1","1","0"
"1000000US500159530001080","Block 1080, Block Group 1, Census Tract 9530, Lamoille County, Vermont","8","6","2"
"1000000US500159530001081","Block 1081, Block Group 1, Census Tract 9530, Lamoille County, Vermont","8","8","0"
"1000000US500159530001082","Block 1082, Block Group 1, Census Tract 9530, Lamoille County, Vermont","0","0","0"
"1000000US500159530001083","Block 1083, Block Group 1, Census Tract 9530, Lamoille County, Vermont","8","6","2"
"1000000US500159530001084","Block 1084, Block Group 1, Census Tract 9530, Lamoille County, Vermont","0","0","0"
"1000000US500159530001085","Block 1085, Block Group 1, Census Tract 9530, Lamoille County, Vermont","0","0","0"
"1000000US500159530001086","Block 1086, Block Group 1, Census Tract 9530, Lamoille County, Vermont","0","0","0"
"1000000US500159530001087","Block 1087, Block Group 1, Census Tract 9530, Lamoille County, Vermont","0","0","0"
"1000000US500159530001088","Block 1088, Block Group 1, Census Tract 9530, Lamoille County, Vermont","0","0","0"
"1000000US500159530001089","Block 1089, Block Group 1, Census Tract 9530, Lamoille County, Vermont","0","0","0"
"1000000US500159530001090","Block 1090, Block Group 1, Census Tract 9530, Lamoille County, Vermont","8","3","5"
"1000000US500159530001091","Block 1091, Block Group 1, Census Tract 9530, Lamoille County, Vermont","0","0","0"
"1000000US500159530001092","Block 1092, Block Group 1, Census Tract 9530, Lamoille County, Vermont","6","1","5"
"1000000US500159530001093","Block 1093, Block Group 1, Census Tract 9530, Lamoille County, Vermont","9","8","1"
"1000000US500159530001094","Block 1094, Block Group 1, Census Tract 9530, Lamoille County, Vermont","0","0","0"
"1000000US500159530001095","Block 1095, Block Group 1, Census Tract 9530, Lamoille County, Vermont","0","0","0"
"1000000US500159530001096","Block 1096, Block Group 1, Census Tract 9530, Lamoille County, Vermont","0","0","0"
"1000000US500159530001097","Block 1097, Block Group 1, Census Tract 9530, Lamoille County, Vermont","2","2","0"
"1000000US500159530001098","Block 1098, Block Group 1, Census Tract 9530, Lamoille County, Vermont","0","0","0"
"1000000US500159530001099","Block 1099, Block Group 1, Census Tract 9530, Lamoille County, Vermont","2","2","0"
"1000000US500159530001100","Block 1100, Block Group 1, Census Tract 9530, Lamoille County, Vermont","0","0","0"
"1000000US500159530001101","Block 1101, Block Group 1, Census Tract 9530, Lamoille County, Vermont","0","0","0"
"1000000US500159530001102","Block 1102, Block Group 1, Census Tract 9530, Lamoille County, Vermont","4","4","0"
"1000000US500159530001103","Block 1103, Block Group 1, Census Tract 9530, Lamoille County, Vermont","0","0","0"
"1000000US500159530001104","Block 1104, Block Group 1, Census Tract 9530, Lamoille County, Vermont","1","1","0"
"1000000US500159530001105","Block 1105, Block Group 1, Census Tract 9530, Lamoille County, Vermont","3","3","0"
"1000000US500159530001106","Block 1106, Block Group 1, Census Tract 9530, Lamoille County, Vermont","2","2","0"
"1000000US500159530001107","Block 1107, Block Group 1, Census Tract 9530, Lamoille County, Vermont","0","0","0"
"1000000US500159530001108","Block 1108, Block Group 1, Census Tract 9530, Lamoille County, Vermont","0","0","0"
"1000000US500159530001109","Block 1109, Block Group 1, Census Tract 9530, Lamoille County, Vermont","0","0","0"
"1000000US500159530001110","Block 1110, Block Group 1, Census Tract 9530, Lamoille County, Vermont","0","0","0"
"1000000US500159530002000","Block 2000, Block Group 2, Census Tract 9530, Lamoille County, Vermont","13","12","1"
"1000000US500159530002001","Block 2001, Block Group 2, Census Tract 9530, Lamoille County, Vermont","0","0","0"
"1000000US500159530002002","Block 2002, Block Group 2, Census Tract 9530, Lamoille County, Vermont","0","0","0"
"1000000US500159530002003","Block 2003, Block Group 2, Census Tract 9530, Lamoille County, Vermont","77","55","22"
"1000000US500159530002004","Block 2004, Block Group 2, Census Tract 9530, Lamoille County, Vermont","3","2","1"
"1000000US500159530002005","Block 2005, Block Group 2, Census Tract 9530, Lamoille County, Vermont","0","0","0"
"1000000US500159530002006","Block 2006, Block Group 2, Census Tract 9530, Lamoille County, Vermont","1","1","0"
"1000000US500159530002007","Block 2007, Block Group 2, Census Tract 9530, Lamoille County, Vermont","0","0","0"
"1000000US500159530002008","Block 2008, Block Group 2, Census Tract 9530, Lamoille County, Vermont","16","9","7"
"1000000US500159530002009","Block 2009, Block Group 2, Census Tract 9530, Lamoille County, Vermont","12","7","5"
"1000000US500159530002010","Block 2010, Block Group 2, Census Tract 9530, Lamoille County, Vermont","26","18","8"
"1000000US500159530002011","Block 2011, Block Group 2, Census Tract 9530, Lamoille County, Vermont","0","0","0"
"1000000US500159530002012","Block 2012, Block Group 2, Census Tract 9530, Lamoille County, Vermont","0","0","0"
"1000000US500159530002013","Block 2013, Block Group 2, Census Tract 9530, Lamoille County, Vermont","0","0","0"
"1000000US500159530002014","Block 2014, Block Group 2, Census Tract 9530, Lamoille County, Vermont","91","81","10"
"1000000US500159530002015","Block 2015, Block Group 2, Census Tract 9530, Lamoille County, Vermont","0","0","0"
"1000000US500159530002016","Block 2016, Block Group 2, Census Tract 9530, Lamoille County, Vermont","1","1","0"
"1000000US500159530002017","Block 2017, Block Group 2, Census Tract 9530, Lamoille County, Vermont","1","1","0"
"1000000US500159530002018","Block 2018, Block Group 2, Census Tract 9530, Lamoille County, Vermont","2","1","1"
"1000000US500159530002019","Block 2019, Block Group 2, Census Tract 9530, Lamoille County, Vermont","4","4","0"
"1000000US500159530002020","Block 2020, Block Group 2, Census Tract 9530, Lamoille County, Vermont","0","0","0"
"1000000US500159530002021","Block 2021, Block Group 2, Census Tract 9530, Lamoille County, Vermont","0","0","0"
"1000000US500159530002022","Block 2022, Block Group 2, Census Tract 9530, Lamoille County, Vermont","4","3","1"
"1000000US500159530002023","Block 2023, Block Group 2, Census Tract 9530, Lamoille County, Vermont","12","12","0"
"1000000US500159530002024","Block 2024, Block Group 2, Census Tract 9530, Lamoille County, Vermont","0","0","0"
"1000000US500159530002025","Block 2025, Block Group 2, Census Tract 9530, Lamoille County, Vermont","4","4","0"
"1000000US500159530002026","Block 2026, Block Group 2, Census Tract 9530, Lamoille County, Vermont","0","0","0"
"1000000US500159530002027","Block 2027, Block Group 2, Census Tract 9530, Lamoille County, Vermont","0","0","0"
"1000000US500159530002028","Block 2028, Block Group 2, Census Tract 9530, Lamoille County, Vermont","4","2","2"
"1000000US500159530002029","Block 2029, Block Group 2, Census Tract 9530, Lamoille County, Vermont","3","3","0"
"1000000US500159530002030","Block 2030, Block Group 2, Census Tract 9530, Lamoille County, Vermont","2","2","0"
"1000000US500159530002031","Block 2031, Block Group 2, Census Tract 9530, Lamoille County, Vermont","0","0","0"
"1000000US500159530002032","Block 2032, Block Group 2, Census Tract 9530, Lamoille County, Vermont","0","0","0"
"1000000US500159530002033","Block 2033, Block Group 2, Census Tract 9530, Lamoille County, Vermont","3","2","1"
"1000000US500159530002034","Block 2034, Block Group 2, Census Tract 9530, Lamoille County, Vermont","7","6","1"
"1000000US500159530002035","Block 2035, Block Group 2, Census Tract 9530, Lamoille County, Vermont","0","0","0"
"1000000US500159530002036","Block 2036, Block Group 2, Census Tract 9530, Lamoille County, Vermont","11","11","0"
"1000000US500159530002037","Block 2037, Block Group 2, Census Tract 9530, Lamoille County, Vermont","1","1","0"
"1000000US500159530002038","Block 2038, Block Group 2, Census Tract 9530, Lamoille County, Vermont","5","5","0"
"1000000US500159530002039","Block 2039, Block Group 2, Census Tract 9530, Lamoille County, Vermont","1","1","0"
"1000000US500159530002040","Block 2040, Block Group 2, Census Tract 9530, Lamoille County, Vermont","11","10","1"
"1000000US500159530002041","Block 2041, Block Group 2, Census Tract 9530, Lamoille County, Vermont","0","0","0"
"1000000US500159530002042","Block 2042, Block Group 2, Census Tract 9530, Lamoille County, Vermont","0","0","0"
"1000000US500159530002043","Block 2043, Block Group 2, Census Tract 9530, Lamoille County, Vermont","8","8","0"
"1000000US500159530002044","Block 2044, Block Group 2, Census Tract 9530, Lamoille County, Vermont","9","9","0"
"1000000US500159530002045","Block 2045, Block Group 2, Census Tract 9530, Lamoille County, Vermont","21","15","6"
"1000000US500159530002046","Block 2046, Block Group 2, Census Tract 9530, Lamoille County, Vermont","2","2","0"
"1000000US500159530002047","Block 2047, Block Group 2, Census Tract 9530, Lamoille County, Vermont","5","3","2"
"1000000US500159530002048","Block 2048, Block Group 2, Census Tract 9530, Lamoille County, Vermont","0","0","0"
"1000000US500159530002049","Block 2049, Block Group 2, Census Tract 9530, Lamoille County, Vermont","0","0","0"
"1000000US500159530002050","Block 2050, Block Group 2, Census Tract 9530, Lamoille County, Vermont","0","0","0"
"1000000US500159530002051","Block 2051, Block Group 2, Census Tract 9530, Lamoille County, Vermont","0","0","0"
"1000000US500159530002052","Block 2052, Block Group 2, Census Tract 9530, Lamoille County, Vermont","1","0","1"
"1000000US500159530002053","Block 2053, Block Group 2, Census Tract 9530, Lamoille County, Vermont","80","65","15"
"1000000US500159530002054","Block 2054, Block Group 2, Census Tract 9530, Lamoille County, Vermont","0","0","0"
"1000000US500159530002055","Block 2055, Block Group 2, Census Tract 9530, Lamoille County, Vermont","0","0","0"
"1000000US500159530002056","Block 2056, Block Group 2, Census Tract 9530, Lamoille County, Vermont","9","8","1"
"1000000US500159530002057","Block 2057, Block Group 2, Census Tract 9530, Lamoille County, Vermont","23","19","4"
"1000000US500159530002058","Block 2058, Block Group 2, Census Tract 9530, Lamoille County, Vermont","0","0","0"
"1000000US500159530002059","Block 2059, Block Group 2, Census Tract 9530, Lamoille County, Vermont","17","11","6"
"1000000US500159530002060","Block 2060, Block Group 2, Census Tract 9530, Lamoille County, Vermont","0","0","0"
"1000000US500159530002061","Block 2061, Block Group 2, Census Tract 9530, Lamoille County, Vermont","0","0","0"
"1000000US500159530002062","Block 2062, Block Group 2, Census Tract 9530, Lamoille County, Vermont","0","0","0"
"1000000US500159530002063","Block 2063, Block Group 2, Census Tract 9530, Lamoille County, Vermont","5","5","0"
"1000000US500159530002064","Block 2064, Block Group 2, Census Tract 9530, Lamoille County, Vermont","12","10","2"
"1000000US500159530002065","Block 2065, Block Group 2, Census Tract 9530, Lamoille County, Vermont","0","0","0"
"1000000US500159530002066","Block 2066, Block Group 2, Census Tract 9530, Lamoille County, Vermont","4","3","1"
"1000000US500159530002067","Block 2067, Block Group 2, Census Tract 9530, Lamoille County, Vermont","4","4","0"
"1000000US500159530002068","Block 2068, Block Group 2, Census Tract 9530, Lamoille County, Vermont","6","5","1"
"1000000US500159530002069","Block 2069, Block Group 2, Census Tract 9530, Lamoille County, Vermont","0","0","0"
"1000000US500159530002070","Block 2070, Block Group 2, Census Tract 9530, Lamoille County, Vermont","0","0","0"
"1000000US500159530002071","Block 2071, Block Group 2, Census Tract 9530, Lamoille County, Vermont","1","1","0"
"1000000US500159530002072","Block 2072, Block Group 2, Census Tract 9530, Lamoille County, Vermont","4","3","1"
"1000000US500159530002073","Block 2073, Block Group 2, Census Tract 9530, Lamoille County, Vermont","0","0","0"
"1000000US500159530002074","Block 2074, Block Group 2, Census Tract 9530, Lamoille County, Vermont","1","1","0"
"1000000US500159530002075","Block 2075, Block Group 2, Census Tract 9530, Lamoille County, Vermont","0","0","0"
"1000000US500159530002076","Block 2076, Block Group 2, Census Tract 9530, Lamoille County, Vermont","2","1","1"
"1000000US500159531001000","Block 1000, Block Group 1, Census Tract 9531, Lamoille County, Vermont","5","5","0"
"1000000US500159531001001","Block 1001, Block Group 1, Census Tract 9531, Lamoille County, Vermont","15","15","0"
"1000000US500159531001002","Block 1002, Block Group 1, Census Tract 9531, Lamoille County, Vermont","4","3","1"
"1000000US500159531001003","Block 1003, Block Group 1, Census Tract 9531, Lamoille County, Vermont","0","0","0"
"1000000US500159531001004","Block 1004, Block Group 1, Census Tract 9531, Lamoille County, Vermont","0","0","0"
"1000000US500159531001005","Block 1005, Block Group 1, Census Tract 9531, Lamoille County, Vermont","1","1","0"
"1000000US500159531001006","Block 1006, Block Group 1, Census Tract 9531, Lamoille County, Vermont","0","0","0"
"1000000US500159531001007","Block 1007, Block Group 1, Census Tract 9531, Lamoille County, Vermont","2","1","1"
"1000000US500159531001008","Block 1008, Block Group 1, Census Tract 9531, Lamoille County, Vermont","10","9","1"
"1000000US500159531001009","Block 1009, Block Group 1, Census Tract 9531, Lamoille County, Vermont","43","39","4"
"1000000US500159531001010","Block 1010, Block Group 1, Census Tract 9531, Lamoille County, Vermont","4","3","1"
"1000000US500159531001011","Block 1011, Block Group 1, Census Tract 9531, Lamoille County, Vermont","5","5","0"
"1000000US500159531001012","Block 1012, Block Group 1, Census Tract 9531, Lamoille County, Vermont","2","2","0"
"1000000US500159531001013","Block 1013, Block Group 1, Census Tract 9531, Lamoille County, Vermont","2","2","0"
"1000000US500159531001014","Block 1014, Block Group 1, Census Tract 9531, Lamoille County, Vermont","5","5","0"
"1000000US500159531001015","Block 1015, Block Group 1, Census Tract 9531, Lamoille County, Vermont","23","23","0"
"1000000US500159531001016","Block 1016, Block Group 1, Census Tract 9531, Lamoille County, Vermont","9","8","1"
"1000000US500159531001017","Block 1017, Block Group 1, Census Tract 9531, Lamoille County, Vermont","0","0","0"
"1000000US500159531001018","Block 1018, Block Group 1, Census Tract 9531, Lamoille County, Vermont","11","9","2"
"1000000US500159531001019","Block 1019, Block Group 1, Census Tract 9531, Lamoille County, Vermont","0","0","0"
"1000000US500159531001020","Block 1020, Block Group 1, Census Tract 9531, Lamoille County, Vermont","2","2","0"
"1000000US500159531001021","Block 1021, Block Group 1, Census Tract 9531, Lamoille County, Vermont","8","8","0"
"1000000US500159531001022","Block 1022, Block Group 1, Census Tract 9531, Lamoille County, Vermont","0","0","0"
"1000000US500159531001023","Block 1023, Block Group 1, Census Tract 9531, Lamoille County, Vermont","4","4","0"
"1000000US500159531001024","Block 1024, Block Group 1, Census Tract 9531, Lamoille County, Vermont","10","10","0"
"1000000US500159531001025","Block 1025, Block Group 1, Census Tract 9531, Lamoille County, Vermont","2","2","0"
"1000000US500159531001026","Block 1026, Block Group 1, Census Tract 9531, Lamoille County, Vermont","182","168","14"
"1000000US500159531001027","Block 1027, Block Group 1, Census Tract 9531, Lamoille County, Vermont","2","2","0"
"1000000US500159531001028","Block 1028, Block Group 1, Census Tract 9531, Lamoille County, Vermont","0","0","0"
"1000000US500159531001029","Block 1029, Block Group 1, Census Tract 9531, Lamoille County, Vermont","0","0","0"
"1000000US500159531001030","Block 1030, Block Group 1, Census Tract 9531, Lamoille County, Vermont","15","15","0"
"1000000US500159531001031","Block 1031, Block Group 1, Census Tract 9531, Lamoille County, Vermont","0","0","0"
"1000000US500159531001032","Block 1032, Block Group 1, Census Tract 9531, Lamoille County, Vermont","0","0","0"
"1000000US500159531001033","Block 1033, Block Group 1, Census Tract 9531, Lamoille County, Vermont","0","0","0"
"1000000US500159531001034","Block 1034, Block Group 1, Census Tract 9531, Lamoille County, Vermont","2","2","0"
"1000000US500159531001035","Block 1035, Block Group 1, Census Tract 9531, Lamoille County, Vermont","20","17","3"
"1000000US500159531001036","Block 1036, Block Group 1, Census Tract 9531, Lamoille County, Vermont","1","0","1"
"1000000US500159531001037","Block 1037, Block Group 1, Census Tract 9531, Lamoille County, Vermont","0","0","0"
"1000000US500159531001038","Block 1038, Block Group 1, Census Tract 9531, Lamoille County, Vermont","2","2","0"
"1000000US500159531001039","Block 1039, Block Group 1, Census Tract 9531, Lamoille County, Vermont","0","0","0"
"1000000US500159531001040","Block 1040, Block Group 1, Census Tract 9531, Lamoille County, Vermont","0","0","0"
"1000000US500159531001041","Block 1041, Block Group 1, Census Tract 9531, Lamoille County, Vermont","2","2","0"
"1000000US500159531001042","Block 1042, Block Group 1, Census Tract 9531, Lamoille County, Vermont","12","12","0"
"1000000US500159531001043","Block 1043, Block Group 1, Census Tract 9531, Lamoille County, Vermont","0","0","0"
"1000000US500159531001044","Block 1044, Block Group 1, Census Tract 9531, Lamoille County, Vermont","0","0","0"
"1000000US500159531001045","Block 1045, Block Group 1, Census Tract 9531, Lamoille County, Vermont","3","3","0"
"1000000US500159531001046","Block 1046, Block Group 1, Census Tract 9531, Lamoille County, Vermont","0","0","0"
"1000000US500159531001047","Block 1047, Block Group 1, Census Tract 9531, Lamoille County, Vermont","0","0","0"
"1000000US500159531001048","Block 1048, Block Group 1, Census Tract 9531, Lamoille County, Vermont","0","0","0"
"1000000US500159531001049","Block 1049, Block Group 1, Census Tract 9531, Lamoille County, Vermont","1","1","0"
"1000000US500159531001050","Block 1050, Block Group 1, Census Tract 9531, Lamoille County, Vermont","2","2","0"
"1000000US500159531001051","Block 1051, Block Group 1, Census Tract 9531, Lamoille County, Vermont","14","12","2"
"1000000US500159531001052","Block 1052, Block Group 1, Census Tract 9531, Lamoille County, Vermont","0","0","0"
"1000000US500159531001053","Block 1053, Block Group 1, Census Tract 9531, Lamoille County, Vermont","2","2","0"
"1000000US500159531001054","Block 1054, Block Group 1, Census Tract 9531, Lamoille County, Vermont","0","0","0"
"1000000US500159531001055","Block 1055, Block Group 1, Census Tract 9531, Lamoille County, Vermont","0","0","0"
"1000000US500159531001056","Block 1056, Block Group 1, Census Tract 9531, Lamoille County, Vermont","8","8","0"
"1000000US500159531001057","Block 1057, Block Group 1, Census Tract 9531, Lamoille County, Vermont","5","5","0"
"1000000US500159531001058","Block 1058, Block Group 1, Census Tract 9531, Lamoille County, Vermont","7","7","0"
"1000000US500159531001059","Block 1059, Block Group 1, Census Tract 9531, Lamoille County, Vermont","0","0","0"
"1000000US500159531001060","Block 1060, Block Group 1, Census Tract 9531, Lamoille County, Vermont","0","0","0"
"1000000US500159531001061","Block 1061, Block Group 1, Census Tract 9531, Lamoille County, Vermont","0","0","0"
"1000000US500159531001062","Block 1062, Block Group 1, Census Tract 9531, Lamoille County, Vermont","0","0","0"
"1000000US500159531001063","Block 1063, Block Group 1, Census Tract 9531, Lamoille County, Vermont","6","6","0"
"1000000US500159531001064","Block 1064, Block Group 1, Census Tract 9531, Lamoille County, Vermont","19","17","2"
"1000000US500159531001065","Block 1065, Block Group 1, Census Tract 9531, Lamoille County, Vermont","0","0","0"
"1000000US500159531001066","Block 1066, Block Group 1, Census Tract 9531, Lamoille County, Vermont","0","0","0"
"1000000US500159531001067","Block 1067, Block Group 1, Census Tract 9531, Lamoille County, Vermont","0","0","0"
"1000000US500159531001068","Block 1068, Block Group 1, Census Tract 9531, Lamoille County, Vermont","2","2","0"
"1000000US500159531001069","Block 1069, Block Group 1, Census Tract 9531, Lamoille County, Vermont","2","2","0"
"1000000US500159531001070","Block 1070, Block Group 1, Census Tract 9531, Lamoille County, Vermont","2","2","0"
"1000000US500159531001071","Block 1071, Block Group 1, Census Tract 9531, Lamoille County, Vermont","21","21","0"
"1000000US500159531001072","Block 1072, Block Group 1, Census Tract 9531, Lamoille County, Vermont","63","54","9"
"1000000US500159531001073","Block 1073, Block Group 1, Census Tract 9531, Lamoille County, Vermont","0","0","0"
"1000000US500159531001074","Block 1074, Block Group 1, Census Tract 9531, Lamoille County, Vermont","0","0","0"
"1000000US500159531001075","Block 1075, Block Group 1, Census Tract 9531, Lamoille County, Vermont","0","0","0"
"1000000US500159531001076","Block 1076, Block Group 1, Census Tract 9531, Lamoille County, Vermont","0","0","0"
"1000000US500159531001077","Block 1077, Block Group 1, Census Tract 9531, Lamoille County, Vermont","2","2","0"
"1000000US500159531001078","Block 1078, Block Group 1, Census Tract 9531, Lamoille County, Vermont","10","9","1"
"1000000US500159531001079","Block 1079, Block Group 1, Census Tract 9531, Lamoille County, Vermont","0","0","0"
"1000000US500159531001080","Block 1080, Block Group 1, Census Tract 9531, Lamoille County, Vermont","0","0","0"
"1000000US500159531001081","Block 1081, Block Group 1, Census Tract 9531, Lamoille County, Vermont","0","0","0"
"1000000US500159531001082","Block 1082, Block Group 1, Census Tract 9531, Lamoille County, Vermont","0","0","0"
"1000000US500159531001083","Block 1083, Block Group 1, Census Tract 9531, Lamoille County, Vermont","0","0","0"
"1000000US500159531001084","Block 1084, Block Group 1, Census Tract 9531, Lamoille County, Vermont","0","0","0"
"1000000US500159531001085","Block 1085, Block Group 1, Census Tract 9531, Lamoille County, Vermont","0","0","0"
"1000000US500159531001086","Block 1086, Block Group 1, Census Tract 9531, Lamoille County, Vermont","0","0","0"
"1000000US500159531001087","Block 1087, Block Group 1, Census Tract 9531, Lamoille County, Vermont","12","12","0"
"1000000US500159531001088","Block 1088, Block Group 1, Census Tract 9531, Lamoille County, Vermont","0","0","0"
"1000000US500159531001089","Block 1089, Block Group 1, Census Tract 9531, Lamoille County, Vermont","2","1","1"
"1000000US500159531001090","Block 1090, Block Group 1, Census Tract 9531, Lamoille County, Vermont","2","1","1"
"1000000US500159531001091","Block 1091, Block Group 1, Census Tract 9531, Lamoille County, Vermont","0","0","0"
"1000000US500159531001092","Block 1092, Block Group 1, Census Tract 9531, Lamoille County, Vermont","0","0","0"
"1000000US500159531001093","Block 1093, Block Group 1, Census Tract 9531, Lamoille County, Vermont","0","0","0"
"1000000US500159531001094","Block 1094, Block Group 1, Census Tract 9531, Lamoille County, Vermont","7","7","0"
"1000000US500159531001095","Block 1095, Block Group 1, Census Tract 9531, Lamoille County, Vermont","38","33","5"
"1000000US500159531001096","Block 1096, Block Group 1, Census Tract 9531, Lamoille County, Vermont","21","21","0"
"1000000US500159531001097","Block 1097, Block Group 1, Census Tract 9531, Lamoille County, Vermont","0","0","0"
"1000000US500159531001098","Block 1098, Block Group 1, Census Tract 9531, Lamoille County, Vermont","0","0","0"
"1000000US500159531001099","Block 1099, Block Group 1, Census Tract 9531, Lamoille County, Vermont","0","0","0"
"1000000US500159531001100","Block 1100, Block Group 1, Census Tract 9531, Lamoille County, Vermont","0","0","0"
"1000000US500159531001101","Block 1101, Block Group 1, Census Tract 9531, Lamoille County, Vermont","0","0","0"
"1000000US500159531001102","Block 1102, Block Group 1, Census Tract 9531, Lamoille County, Vermont","59","50","9"
"1000000US500159531001103","Block 1103, Block Group 1, Census Tract 9531, Lamoille County, Vermont","0","0","0"
"1000000US500159531001104","Block 1104, Block Group 1, Census Tract 9531, Lamoille County, Vermont","10","9","1"
"1000000US500159531001105","Block 1105, Block Group 1, Census Tract 9531, Lamoille County, Vermont","4","3","1"
"1000000US500159531001106","Block 1106, Block Group 1, Census Tract 9531, Lamoille County, Vermont","0","0","0"
"1000000US500159531001107","Block 1107, Block Group 1, Census Tract 9531, Lamoille County, Vermont","9","8","1"
"1000000US500159531001108","Block 1108, Block Group 1, Census Tract 9531, Lamoille County, Vermont","0","0","0"
"1000000US500159531001109","Block 1109, Block Group 1, Census Tract 9531, Lamoille County, Vermont","11","11","0"
"1000000US500159531001110","Block 1110, Block Group 1, Census Tract 9531, Lamoille County, Vermont","94","76","18"
"1000000US500159531001111","Block 1111, Block Group 1, Census Tract 9531, Lamoille County, Vermont","0","0","0"
"1000000US500159531001112","Block 1112, Block Group 1, Census Tract 9531, Lamoille County, Vermont","0","0","0"
"1000000US500159531001113","Block 1113, Block Group 1, Census Tract 9531, Lamoille County, Vermont","1","1","0"
"1000000US500159531001114","Block 1114, Block Group 1, Census Tract 9531, Lamoille County, Vermont","0","0","0"
"1000000US500159531001115","Block 1115, Block Group 1, Census Tract 9531, Lamoille County, Vermont","0","0","0"
"1000000US500159531001116","Block 1116, Block Group 1, Census Tract 9531, Lamoille County, Vermont","0","0","0"
"1000000US500159531001117","Block 1117, Block Group 1, Census Tract 9531, Lamoille County, Vermont","8","8","0"
"1000000US500159531001118","Block 1118, Block Group 1, Census Tract 9531, Lamoille County, Vermont","0","0","0"
"1000000US500159531001119","Block 1119, Block Group 1, Census Tract 9531, Lamoille County, Vermont","0","0","0"
"1000000US500159531001120","Block 1120, Block Group 1, Census Tract 9531, Lamoille County, Vermont","0","0","0"
"1000000US500159531001121","Block 1121, Block Group 1, Census Tract 9531, Lamoille County, Vermont","0","0","0"
"1000000US500159531001122","Block 1122, Block Group 1, Census Tract 9531, Lamoille County, Vermont","0","0","0"
"1000000US500159531001123","Block 1123, Block Group 1, Census Tract 9531, Lamoille County, Vermont","0","0","0"
"1000000US500159531001124","Block 1124, Block Group 1, Census Tract 9531, Lamoille County, Vermont","1","1","0"
"1000000US500159531001125","Block 1125, Block Group 1, Census Tract 9531, Lamoille County, Vermont","14","14","0"
"1000000US500159531001126","Block 1126, Block Group 1, Census Tract 9531, Lamoille County, Vermont","1","1","0"
"1000000US500159531001127","Block 1127, Block Group 1, Census Tract 9531, Lamoille County, Vermont","5","5","0"
"1000000US500159531001128","Block 1128, Block Group 1, Census Tract 9531, Lamoille County, Vermont","0","0","0"
"1000000US500159531001129","Block 1129, Block Group 1, Census Tract 9531, Lamoille County, Vermont","0","0","0"
"1000000US500159531002000","Block 2000, Block Group 2, Census Tract 9531, Lamoille County, Vermont","72","63","9"
"1000000US500159531002001","Block 2001, Block Group 2, Census Tract 9531, Lamoille County, Vermont","0","0","0"
"1000000US500159531002002","Block 2002, Block Group 2, Census Tract 9531, Lamoille County, Vermont","19","17","2"
"1000000US500159531002003","Block 2003, Block Group 2, Census Tract 9531, Lamoille County, Vermont","23","16","7"
"1000000US500159531002004","Block 2004, Block Group 2, Census Tract 9531, Lamoille County, Vermont","13","12","1"
"1000000US500159531002005","Block 2005, Block Group 2, Census Tract 9531, Lamoille County, Vermont","10","10","0"
"1000000US500159531002006","Block 2006, Block Group 2, Census Tract 9531, Lamoille County, Vermont","0","0","0"
"1000000US500159531002007","Block 2007, Block Group 2, Census Tract 9531, Lamoille County, Vermont","7","6","1"
"1000000US500159531002008","Block 2008, Block Group 2, Census Tract 9531, Lamoille County, Vermont","3","3","0"
"1000000US500159531002009","Block 2009, Block Group 2, Census Tract 9531, Lamoille County, Vermont","10","9","1"
"1000000US500159531002010","Block 2010, Block Group 2, Census Tract 9531, Lamoille County, Vermont","0","0","0"
"1000000US500159531002011","Block 2011, Block Group 2, Census Tract 9531, Lamoille County, Vermont","38","33","5"
"1000000US500159531002012","Block 2012, Block Group 2, Census Tract 9531, Lamoille County, Vermont","2","2","0"
"1000000US500159531002013","Block 2013, Block Group 2, Census Tract 9531, Lamoille County, Vermont","0","0","0"
"1000000US500159531002014","Block 2014, Block Group 2, Census Tract 9531, Lamoille County, Vermont","2","2","0"
"1000000US500159531002015","Block 2015, Block Group 2, Census Tract 9531, Lamoille County, Vermont","70","65","5"
"1000000US500159531002016","Block 2016, Block Group 2, Census Tract 9531, Lamoille County, Vermont","3","3","0"
"1000000US500159531002017","Block 2017, Block Group 2, Census Tract 9531, Lamoille County, Vermont","40","30","10"
"1000000US500159531002018","Block 2018, Block Group 2, Census Tract 9531, Lamoille County, Vermont","17","16","1"
"1000000US500159531002019","Block 2019, Block Group 2, Census Tract 9531, Lamoille County, Vermont","21","19","2"
"1000000US500159531002020","Block 2020, Block Group 2, Census Tract 9531, Lamoille County, Vermont","0","0","0"
"1000000US500159531002021","Block 2021, Block Group 2, Census Tract 9531, Lamoille County, Vermont","0","0","0"
"1000000US500159531002022","Block 2022, Block Group 2, Census Tract 9531, Lamoille County, Vermont","3","2","1"
"1000000US500159531002023","Block 2023, Block Group 2, Census Tract 9531, Lamoille County, Vermont","0","0","0"
"1000000US500159531002024","Block 2024, Block Group 2, Census Tract 9531, Lamoille County, Vermont","0","0","0"
"1000000US500159531002025","Block 2025, Block Group 2, Census Tract 9531, Lamoille County, Vermont","0","0","0"
"1000000US500159531002026","Block 2026, Block Group 2, Census Tract 9531, Lamoille County, Vermont","0","0","0"
"1000000US500159531002027","Block 2027, Block Group 2, Census Tract 9531, Lamoille County, Vermont","1","1","0"
"1000000US500159531002028","Block 2028, Block Group 2, Census Tract 9531, Lamoille County, Vermont","0","0","0"
"1000000US500159531002029","Block 2029, Block Group 2, Census Tract 9531, Lamoille County, Vermont","0","0","0"
"1000000US500159531002030","Block 2030, Block Group 2, Census Tract 9531, Lamoille County, Vermont","0","0","0"
"1000000US500159531002031","Block 2031, Block Group 2, Census Tract 9531, Lamoille County, Vermont","0","0","0"
"1000000US500159531002032","Block 2032, Block Group 2, Census Tract 9531, Lamoille County, Vermont","0","0","0"
"1000000US500159531002033","Block 2033, Block Group 2, Census Tract 9531, Lamoille County, Vermont","2","2","0"
"1000000US500159531002034","Block 2034, Block Group 2, Census Tract 9531, Lamoille County, Vermont","1","1","0"
"1000000US500159531002035","Block 2035, Block Group 2, Census Tract 9531, Lamoille County, Vermont","11","4","7"
"1000000US500159531002036","Block 2036, Block Group 2, Census Tract 9531, Lamoille County, Vermont","16","15","1"
"1000000US500159531002037","Block 2037, Block Group 2, Census Tract 9531, Lamoille County, Vermont","4","4","0"
"1000000US500159531002038","Block 2038, Block Group 2, Census Tract 9531, Lamoille County, Vermont","0","0","0"
"1000000US500159531002039","Block 2039, Block Group 2, Census Tract 9531, Lamoille County, Vermont","0","0","0"
"1000000US500159531002040","Block 2040, Block Group 2, Census Tract 9531, Lamoille County, Vermont","5","5","0"
"1000000US500159531002041","Block 2041, Block Group 2, Census Tract 9531, Lamoille County, Vermont","9","8","1"
"1000000US500159531002042","Block 2042, Block Group 2, Census Tract 9531, Lamoille County, Vermont","2","2","0"
"1000000US500159531002043","Block 2043, Block Group 2, Census Tract 9531, Lamoille County, Vermont","1","1","0"
"1000000US500159531002044","Block 2044, Block Group 2, Census Tract 9531, Lamoille County, Vermont","0","0","0"
"1000000US500159531002045","Block 2045, Block Group 2, Census Tract 9531, Lamoille County, Vermont","0","0","0"
"1000000US500159531002046","Block 2046, Block Group 2, Census Tract 9531, Lamoille County, Vermont","56","52","4"
"1000000US500159531002047","Block 2047, Block Group 2, Census Tract 9531, Lamoille County, Vermont","2","2","0"
"1000000US500159531002048","Block 2048, Block Group 2, Census Tract 9531, Lamoille County, Vermont","0","0","0"
"1000000US500159531002049","Block 2049, Block Group 2, Census Tract 9531, Lamoille County, Vermont","2","2","0"
"1000000US500159531002050","Block 2050, Block Group 2, Census Tract 9531, Lamoille County, Vermont","59","57","2"
"1000000US500159531002051","Block 2051, Block Group 2, Census Tract 9531, Lamoille County, Vermont","0","0","0"
"1000000US500159531002052","Block 2052, Block Group 2, Census Tract 9531, Lamoille County, Vermont","1","1","0"
"1000000US500159531002053","Block 2053, Block Group 2, Census Tract 9531, Lamoille County, Vermont","0","0","0"
"1000000US500159531002054","Block 2054, Block Group 2, Census Tract 9531, Lamoille County, Vermont","4","4","0"
"1000000US500159531002055","Block 2055, Block Group 2, Census Tract 9531, Lamoille County, Vermont","2","2","0"
"1000000US500159531002056","Block 2056, Block Group 2, Census Tract 9531, Lamoille County, Vermont","0","0","0"
"1000000US500159531002057","Block 2057, Block Group 2, Census Tract 9531, Lamoille County, Vermont","0","0","0"
"1000000US500159531002058","Block 2058, Block Group 2, Census Tract 9531, Lamoille County, Vermont","19","16","3"
"1000000US500159531002059","Block 2059, Block Group 2, Census Tract 9531, Lamoille County, Vermont","6","6","0"
"1000000US500159531002060","Block 2060, Block Group 2, Census Tract 9531, Lamoille County, Vermont","17","14","3"
"1000000US500159531002061","Block 2061, Block Group 2, Census Tract 9531, Lamoille County, Vermont","0","0","0"
"1000000US500159531002062","Block 2062, Block Group 2, Census Tract 9531, Lamoille County, Vermont","0","0","0"
"1000000US500159531002063","Block 2063, Block Group 2, Census Tract 9531, Lamoille County, Vermont","0","0","0"
"1000000US500159531002064","Block 2064, Block Group 2, Census Tract 9531, Lamoille County, Vermont","38","30","8"
"1000000US500159531002065","Block 2065, Block Group 2, Census Tract 9531, Lamoille County, Vermont","0","0","0"
"1000000US500159531002066","Block 2066, Block Group 2, Census Tract 9531, Lamoille County, Vermont","51","44","7"
"1000000US500159531002067","Block 2067, Block Group 2, Census Tract 9531, Lamoille County, Vermont","1","1","0"
"1000000US500159531002068","Block 2068, Block Group 2, Census Tract 9531, Lamoille County, Vermont","8","6","2"
"1000000US500159531002069","Block 2069, Block Group 2, Census Tract 9531, Lamoille County, Vermont","40","32","8"
"1000000US500159531002070","Block 2070, Block Group 2, Census Tract 9531, Lamoille County, Vermont","72","57","15"
"1000000US500159531002071","Block 2071, Block Group 2, Census Tract 9531, Lamoille County, Vermont","0","0","0"
"1000000US500159531002072","Block 2072, Block Group 2, Census Tract 9531, Lamoille County, Vermont","2","1","1"
"1000000US500159531002073","Block 2073, Block Group 2, Census Tract 9531, Lamoille County, Vermont","1","1","0"
"1000000US500159531002074","Block 2074, Block Group 2, Census Tract 9531, Lamoille County, Vermont","0","0","0"
"1000000US500159531002075","Block 2075, Block Group 2, Census Tract 9531, Lamoille County, Vermont","3","2","1"
"1000000US500159531002076","Block 2076, Block Group 2, Census Tract 9531, Lamoille County, Vermont","0","0","0"
"1000000US500159531002077","Block 2077, Block Group 2, Census Tract 9531, Lamoille County, Vermont","0","0","0"
"1000000US500159531002078","Block 2078, Block Group 2, Census Tract 9531, Lamoille County, Vermont","1","1","0"
"1000000US500159531002079","Block 2079, Block Group 2, Census Tract 9531, Lamoille County, Vermont","5","5","0"
"1000000US500159531002080","Block 2080, Block Group 2, Census Tract 9531, Lamoille County, Vermont","0","0","0"
"1000000US500159531002081","Block 2081, Block Group 2, Census Tract 9531, Lamoille County, Vermont","21","21","0"
"1000000US500159531002082","Block 2082, Block Group 2, Census Tract 9531, Lamoille County, Vermont","2","2","0"
"1000000US500159531002083","Block 2083, Block Group 2, Census Tract 9531, Lamoille County, Vermont","4","4","0"
"1000000US500159531002084","Block 2084, Block Group 2, Census Tract 9531, Lamoille County, Vermont","3","3","0"
"1000000US500159531002085","Block 2085, Block Group 2, Census Tract 9531, Lamoille County, Vermont","0","0","0"
"1000000US500159532001000","Block 1000, Block Group 1, Census Tract 9532, Lamoille County, Vermont","0","0","0"
"1000000US500159532001001","Block 1001, Block Group 1, Census Tract 9532, Lamoille County, Vermont","3","2","1"
"1000000US500159532001002","Block 1002, Block Group 1, Census Tract 9532, Lamoille County, Vermont","3","2","1"
"1000000US500159532001003","Block 1003, Block Group 1, Census Tract 9532, Lamoille County, Vermont","1","1","0"
"1000000US500159532001004","Block 1004, Block Group 1, Census Tract 9532, Lamoille County, Vermont","74","60","14"
"1000000US500159532001005","Block 1005, Block Group 1, Census Tract 9532, Lamoille County, Vermont","12","9","3"
"1000000US500159532001006","Block 1006, Block Group 1, Census Tract 9532, Lamoille County, Vermont","9","6","3"
"1000000US500159532001007","Block 1007, Block Group 1, Census Tract 9532, Lamoille County, Vermont","8","7","1"
"1000000US500159532001008","Block 1008, Block Group 1, Census Tract 9532, Lamoille County, Vermont","0","0","0"
"1000000US500159532001009","Block 1009, Block Group 1, Census Tract 9532, Lamoille County, Vermont","3","3","0"
"1000000US500159532001010","Block 1010, Block Group 1, Census Tract 9532, Lamoille County, Vermont","2","1","1"
"1000000US500159532001011","Block 1011, Block Group 1, Census Tract 9532, Lamoille County, Vermont","0","0","0"
"1000000US500159532001012","Block 1012, Block Group 1, Census Tract 9532, Lamoille County, Vermont","56","42","14"
"1000000US500159532001013","Block 1013, Block Group 1, Census Tract 9532, Lamoille County, Vermont","0","0","0"
"1000000US500159532001014","Block 1014, Block Group 1, Census Tract 9532, Lamoille County, Vermont","1","1","0"
"1000000US500159532001015","Block 1015, Block Group 1, Census Tract 9532, Lamoille County, Vermont","0","0","0"
"1000000US500159532001016","Block 1016, Block Group 1, Census Tract 9532, Lamoille County, Vermont","0","0","0"
"1000000US500159532001017","Block 1017, Block Group 1, Census Tract 9532, Lamoille County, Vermont","20","17","3"
"1000000US500159532001018","Block 1018, Block Group 1, Census Tract 9532, Lamoille County, Vermont","2","1","1"
"1000000US500159532001019","Block 1019, Block Group 1, Census Tract 9532, Lamoille County, Vermont","0","0","0"
"1000000US500159532001020","Block 1020, Block Group 1, Census Tract 9532, Lamoille County, Vermont","14","13","1"
"1000000US500159532001021","Block 1021, Block Group 1, Census Tract 9532, Lamoille County, Vermont","0","0","0"
"1000000US500159532001022","Block 1022, Block Group 1, Census Tract 9532, Lamoille County, Vermont","5","4","1"
"1000000US500159532001023","Block 1023, Block Group 1, Census Tract 9532, Lamoille County, Vermont","6","6","0"
"1000000US500159532001024","Block 1024, Block Group 1, Census Tract 9532, Lamoille County, Vermont","12","11","1"
"1000000US500159532001025","Block 1025, Block Group 1, Census Tract 9532, Lamoille County, Vermont","8","7","1"
"1000000US500159532001026","Block 1026, Block Group 1, Census Tract 9532, Lamoille County, Vermont","1","1","0"
"1000000US500159532001027","Block 1027, Block Group 1, Census Tract 9532, Lamoille County, Vermont","65","64","1"
"1000000US500159532001028","Block 1028, Block Group 1, Census Tract 9532, Lamoille County, Vermont","2","2","0"
"1000000US500159532001029","Block 1029, Block Group 1, Census Tract 9532, Lamoille County, Vermont","2","2","0"
"1000000US500159532001030","Block 1030, Block Group 1, Census Tract 9532, Lamoille County, Vermont","0","0","0"
"1000000US500159532001031","Block 1031, Block Group 1, Census Tract 9532, Lamoille County, Vermont","3","2","1"
"1000000US500159532001032","Block 1032, Block Group 1, Census Tract 9532, Lamoille County, Vermont","10","6","4"
"1000000US500159532001033","Block 1033, Block Group 1, Census Tract 9532, Lamoille County, Vermont","0","0","0"
"1000000US500159532001034","Block 1034, Block Group 1, Census Tract 9532, Lamoille County, Vermont","13","12","1"
"1000000US500159532001035","Block 1035, Block Group 1, Census Tract 9532, Lamoille County, Vermont","6","5","1"
"1000000US500159532001036","Block 1036, Block Group 1, Census Tract 9532, Lamoille County, Vermont","0","0","0"
"1000000US500159532001037","Block 1037, Block Group 1, Census Tract 9532, Lamoille County, Vermont","3","2","1"
"1000000US500159532001038","Block 1038, Block Group 1, Census Tract 9532, Lamoille County, Vermont","7","5","2"
"1000000US500159532001039","Block 1039, Block Group 1, Census Tract 9532, Lamoille County, Vermont","18","14","4"
"1000000US500159532001040","Block 1040, Block Group 1, Census Tract 9532, Lamoille County, Vermont","3","3","0"
"1000000US500159532001041","Block 1041, Block Group 1, Census Tract 9532, Lamoille County, Vermont","19","18","1"
"1000000US500159532001042","Block 1042, Block Group 1, Census Tract 9532, Lamoille County, Vermont","1","1","0"
"1000000US500159532001043","Block 1043, Block Group 1, Census Tract 9532, Lamoille County, Vermont","0","0","0"
"1000000US500159532001044","Block 1044, Block Group 1, Census Tract 9532, Lamoille County, Vermont","4","3","1"
"1000000US500159532001045","Block 1045, Block Group 1, Census Tract 9532, Lamoille County, Vermont","0","0","0"
"1000000US500159532001046","Block 1046, Block Group 1, Census Tract 9532, Lamoille County, Vermont","8","7","1"
"1000000US500159532001047","Block 1047, Block Group 1, Census Tract 9532, Lamoille County, Vermont","0","0","0"
"1000000US500159532001048","Block 1048, Block Group 1, Census Tract 9532, Lamoille County, Vermont","2","2","0"
"1000000US500159532001049","Block 1049, Block Group 1, Census Tract 9532, Lamoille County, Vermont","0","0","0"
"1000000US500159532001050","Block 1050, Block Group 1, Census Tract 9532, Lamoille County, Vermont","0","0","0"
"1000000US500159532001051","Block 1051, Block Group 1, Census Tract 9532, Lamoille County, Vermont","2","0","2"
"1000000US500159532001052","Block 1052, Block Group 1, Census Tract 9532, Lamoille County, Vermont","0","0","0"
"1000000US500159532001053","Block 1053, Block Group 1, Census Tract 9532, Lamoille County, Vermont","5","4","1"
"1000000US500159532001054","Block 1054, Block Group 1, Census Tract 9532, Lamoille County, Vermont","0","0","0"
"1000000US500159532001055","Block 1055, Block Group 1, Census Tract 9532, Lamoille County, Vermont","0","0","0"
"1000000US500159532001056","Block 1056, Block Group 1, Census Tract 9532, Lamoille County, Vermont","5","5","0"
"1000000US500159532001057","Block 1057, Block Group 1, Census Tract 9532, Lamoille County, Vermont","8","8","0"
"1000000US500159532001058","Block 1058, Block Group 1, Census Tract 9532, Lamoille County, Vermont","6","5","1"
"1000000US500159532001059","Block 1059, Block Group 1, Census Tract 9532, Lamoille County, Vermont","8","8","0"
"1000000US500159532001060","Block 1060, Block Group 1, Census Tract 9532, Lamoille County, Vermont","0","0","0"
"1000000US500159532001061","Block 1061, Block Group 1, Census Tract 9532, Lamoille County, Vermont","9","7","2"
"1000000US500159532001062","Block 1062, Block Group 1, Census Tract 9532, Lamoille County, Vermont","5","4","1"
"1000000US500159532001063","Block 1063, Block Group 1, Census Tract 9532, Lamoille County, Vermont","0","0","0"
"1000000US500159532001064","Block 1064, Block Group 1, Census Tract 9532, Lamoille County, Vermont","23","22","1"
"1000000US500159532001065","Block 1065, Block Group 1, Census Tract 9532, Lamoille County, Vermont","0","0","0"
"1000000US500159532001066","Block 1066, Block Group 1, Census Tract 9532, Lamoille County, Vermont","7","6","1"
"1000000US500159532001067","Block 1067, Block Group 1, Census Tract 9532, Lamoille County, Vermont","0","0","0"
"1000000US500159532001068","Block 1068, Block Group 1, Census Tract 9532, Lamoille County, Vermont","0","0","0"
"1000000US500159532001069","Block 1069, Block Group 1, Census Tract 9532, Lamoille County, Vermont","0","0","0"
"1000000US500159532001070","Block 1070, Block Group 1, Census Tract 9532, Lamoille County, Vermont","0","0","0"
"1000000US500159532001071","Block 1071, Block Group 1, Census Tract 9532, Lamoille County, Vermont","0","0","0"
"1000000US500159532001072","Block 1072, Block Group 1, Census Tract 9532, Lamoille County, Vermont","0","0","0"
"1000000US500159532001073","Block 1073, Block Group 1, Census Tract 9532, Lamoille County, Vermont","0","0","0"
"1000000US500159532001074","Block 1074, Block Group 1, Census Tract 9532, Lamoille County, Vermont","0","0","0"
"1000000US500159532001075","Block 1075, Block Group 1, Census Tract 9532, Lamoille County, Vermont","8","8","0"
"1000000US500159532001076","Block 1076, Block Group 1, Census Tract 9532, Lamoille County, Vermont","0","0","0"
"1000000US500159532001077","Block 1077, Block Group 1, Census Tract 9532, Lamoille County, Vermont","0","0","0"
"1000000US500159532001078","Block 1078, Block Group 1, Census Tract 9532, Lamoille County, Vermont","1","1","0"
"1000000US500159532001079","Block 1079, Block Group 1, Census Tract 9532, Lamoille County, Vermont","0","0","0"
"1000000US500159532001080","Block 1080, Block Group 1, Census Tract 9532, Lamoille County, Vermont","3","3","0"
"1000000US500159532001081","Block 1081, Block Group 1, Census Tract 9532, Lamoille County, Vermont","24","23","1"
"1000000US500159532001082","Block 1082, Block Group 1, Census Tract 9532, Lamoille County, Vermont","0","0","0"
"1000000US500159532002000","Block 2000, Block Group 2, Census Tract 9532, Lamoille County, Vermont","3","3","0"
"1000000US500159532002001","Block 2001, Block Group 2, Census Tract 9532, Lamoille County, Vermont","0","0","0"
"1000000US500159532002002","Block 2002, Block Group 2, Census Tract 9532, Lamoille County, Vermont","7","7","0"
"1000000US500159532002003","Block 2003, Block Group 2, Census Tract 9532, Lamoille County, Vermont","23","23","0"
"1000000US500159532002004","Block 2004, Block Group 2, Census Tract 9532, Lamoille County, Vermont","0","0","0"
"1000000US500159532002005","Block 2005, Block Group 2, Census Tract 9532, Lamoille County, Vermont","31","30","1"
"1000000US500159532002006","Block 2006, Block Group 2, Census Tract 9532, Lamoille County, Vermont","6","6","0"
"1000000US500159532002007","Block 2007, Block Group 2, Census Tract 9532, Lamoille County, Vermont","0","0","0"
"1000000US500159532002008","Block 2008, Block Group 2, Census Tract 9532, Lamoille County, Vermont","0","0","0"
"1000000US500159532002009","Block 2009, Block Group 2, Census Tract 9532, Lamoille County, Vermont","6","6","0"
"1000000US500159532002010","Block 2010, Block Group 2, Census Tract 9532, Lamoille County, Vermont","10","10","0"
"1000000US500159532002011","Block 2011, Block Group 2, Census Tract 9532, Lamoille County, Vermont","27","24","3"
"1000000US500159532002012","Block 2012, Block Group 2, Census Tract 9532, Lamoille County, Vermont","0","0","0"
"1000000US500159532002013","Block 2013, Block Group 2, Census Tract 9532, Lamoille County, Vermont","33","31","2"
"1000000US500159532002014","Block 2014, Block Group 2, Census Tract 9532, Lamoille County, Vermont","0","0","0"
"1000000US500159532002015","Block 2015, Block Group 2, Census Tract 9532, Lamoille County, Vermont","0","0","0"
"1000000US500159532002016","Block 2016, Block Group 2, Census Tract 9532, Lamoille County, Vermont","0","0","0"
"1000000US500159532002017","Block 2017, Block Group 2, Census Tract 9532, Lamoille County, Vermont","0","0","0"
"1000000US500159532002018","Block 2018, Block Group 2, Census Tract 9532, Lamoille County, Vermont","3","3","0"
"1000000US500159532002019","Block 2019, Block Group 2, Census Tract 9532, Lamoille County, Vermont","8","8","0"
"1000000US500159532002020","Block 2020, Block Group 2, Census Tract 9532, Lamoille County, Vermont","0","0","0"
"1000000US500159532002021","Block 2021, Block Group 2, Census Tract 9532, Lamoille County, Vermont","8","6","2"
"1000000US500159532002022","Block 2022, Block Group 2, Census Tract 9532, Lamoille County, Vermont","2","2","0"
"1000000US500159532002023","Block 2023, Block Group 2, Census Tract 9532, Lamoille County, Vermont","0","0","0"
"1000000US500159532002024","Block 2024, Block Group 2, Census Tract 9532, Lamoille County, Vermont","60","51","9"
"1000000US500159532002025","Block 2025, Block Group 2, Census Tract 9532, Lamoille County, Vermont","2","2","0"
"1000000US500159532002026","Block 2026, Block Group 2, Census Tract 9532, Lamoille County, Vermont","16","16","0"
"1000000US500159532002027","Block 2027, Block Group 2, Census Tract 9532, Lamoille County, Vermont","10","10","0"
"1000000US500159532002028","Block 2028, Block Group 2, Census Tract 9532, Lamoille County, Vermont","14","13","1"
"1000000US500159532002029","Block 2029, Block Group 2, Census Tract 9532, Lamoille County, Vermont","0","0","0"
"1000000US500159532002030","Block 2030, Block Group 2, Census Tract 9532, Lamoille County, Vermont","6","4","2"
"1000000US500159532002031","Block 2031, Block Group 2, Census Tract 9532, Lamoille County, Vermont","1","1","0"
"1000000US500159532002032","Block 2032, Block Group 2, Census Tract 9532, Lamoille County, Vermont","50","49","1"
"1000000US500159532002033","Block 2033, Block Group 2, Census Tract 9532, Lamoille County, Vermont","15","15","0"
"1000000US500159532002034","Block 2034, Block Group 2, Census Tract 9532, Lamoille County, Vermont","96","91","5"
"1000000US500159532002035","Block 2035, Block Group 2, Census Tract 9532, Lamoille County, Vermont","0","0","0"
"1000000US500159532002036","Block 2036, Block Group 2, Census Tract 9532, Lamoille County, Vermont","4","4","0"
"1000000US500159532002037","Block 2037, Block Group 2, Census Tract 9532, Lamoille County, Vermont","0","0","0"
"1000000US500159532002038","Block 2038, Block Group 2, Census Tract 9532, Lamoille County, Vermont","25","21","4"
"1000000US500159532002039","Block 2039, Block Group 2, Census Tract 9532, Lamoille County, Vermont","9","7","2"
"1000000US500159532002040","Block 2040, Block Group 2, Census Tract 9532, Lamoille County, Vermont","0","0","0"
"1000000US500159532002041","Block 2041, Block Group 2, Census Tract 9532, Lamoille County, Vermont","2","2","0"
"1000000US500159532002042","Block 2042, Block Group 2, Census Tract 9532, Lamoille County, Vermont","51","47","4"
"1000000US500159532002043","Block 2043, Block Group 2, Census Tract 9532, Lamoille County, Vermont","0","0","0"
"1000000US500159532002044","Block 2044, Block Group 2, Census Tract 9532, Lamoille County, Vermont","0","0","0"
"1000000US500159532002045","Block 2045, Block Group 2, Census Tract 9532, Lamoille County, Vermont","0","0","0"
"1000000US500159532002046","Block 2046, Block Group 2, Census Tract 9532, Lamoille County, Vermont","9","9","0"
"1000000US500159532002047","Block 2047, Block Group 2, Census Tract 9532, Lamoille County, Vermont","4","4","0"
"1000000US500159532002048","Block 2048, Block Group 2, Census Tract 9532, Lamoille County, Vermont","0","0","0"
"1000000US500159532002049","Block 2049, Block Group 2, Census Tract 9532, Lamoille County, Vermont","3","3","0"
"1000000US500159532002050","Block 2050, Block Group 2, Census Tract 9532, Lamoille County, Vermont","0","0","0"
"1000000US500159532002051","Block 2051, Block Group 2, Census Tract 9532, Lamoille County, Vermont","5","4","1"
"1000000US500159532002052","Block 2052, Block Group 2, Census Tract 9532, Lamoille County, Vermont","0","0","0"
"1000000US500159532002053","Block 2053, Block Group 2, Census Tract 9532, Lamoille County, Vermont","9","8","1"
"1000000US500159532002054","Block 2054, Block Group 2, Census Tract 9532, Lamoille County, Vermont","4","4","0"
"1000000US500159532002055","Block 2055, Block Group 2, Census Tract 9532, Lamoille County, Vermont","1","1","0"
"1000000US500159532002056","Block 2056, Block Group 2, Census Tract 9532, Lamoille County, Vermont","1","1","0"
"1000000US500159532002057","Block 2057, Block Group 2, Census Tract 9532, Lamoille County, Vermont","16","11","5"
"1000000US500159532002058","Block 2058, Block Group 2, Census Tract 9532, Lamoille County, Vermont","3","3","0"
"1000000US500159532002059","Block 2059, Block Group 2, Census Tract 9532, Lamoille County, Vermont","6","6","0"
"1000000US500159532002060","Block 2060, Block Group 2, Census Tract 9532, Lamoille County, Vermont","1","0","1"
"1000000US500159532002061","Block 2061, Block Group 2, Census Tract 9532, Lamoille County, Vermont","0","0","0"
"1000000US500159532002062","Block 2062, Block Group 2, Census Tract 9532, Lamoille County, Vermont","0","0","0"
"1000000US500159532002063","Block 2063, Block Group 2, Census Tract 9532, Lamoille County, Vermont","0","0","0"
"1000000US500159532002064","Block 2064, Block Group 2, Census Tract 9532, Lamoille County, Vermont","3","3","0"
"1000000US500159532002065","Block 2065, Block Group 2, Census Tract 9532, Lamoille County, Vermont","2","2","0"
"1000000US500159532002066","Block 2066, Block Group 2, Census Tract 9532, Lamoille County, Vermont","1","1","0"
"1000000US500159532002067","Block 2067, Block Group 2, Census Tract 9532, Lamoille County, Vermont","1","1","0"
"1000000US500159532002068","Block 2068, Block Group 2, Census Tract 9532, Lamoille County, Vermont","0","0","0"
"1000000US500159532002069","Block 2069, Block Group 2, Census Tract 9532, Lamoille County, Vermont","0","0","0"
"1000000US500159532002070","Block 2070, Block Group 2, Census Tract 9532, Lamoille County, Vermont","0","0","0"
"1000000US500159532002071","Block 2071, Block Group 2, Census Tract 9532, Lamoille County, Vermont","0","0","0"
"1000000US500159532002072","Block 2072, Block Group 2, Census Tract 9532, Lamoille County, Vermont","0","0","0"
"1000000US500159532002073","Block 2073, Block Group 2, Census Tract 9532, Lamoille County, Vermont","34","31","3"
"1000000US500159532002074","Block 2074, Block Group 2, Census Tract 9532, Lamoille County, Vermont","2","1","1"
"1000000US500159532002075","Block 2075, Block Group 2, Census Tract 9532, Lamoille County, Vermont","1","1","0"
"1000000US500159532002076","Block 2076, Block Group 2, Census Tract 9532, Lamoille County, Vermont","0","0","0"
"1000000US500159532002077","Block 2077, Block Group 2, Census Tract 9532, Lamoille County, Vermont","0","0","0"
"1000000US500159532002078","Block 2078, Block Group 2, Census Tract 9532, Lamoille County, Vermont","44","40","4"
"1000000US500159532002079","Block 2079, Block Group 2, Census Tract 9532, Lamoille County, Vermont","0","0","0"
"1000000US500159532002080","Block 2080, Block Group 2, Census Tract 9532, Lamoille County, Vermont","6","5","1"
"1000000US500159532002081","Block 2081, Block Group 2, Census Tract 9532, Lamoille County, Vermont","1","1","0"
"1000000US500159532002082","Block 2082, Block Group 2, Census Tract 9532, Lamoille County, Vermont","1","1","0"
"1000000US500159532002083","Block 2083, Block Group 2, Census Tract 9532, Lamoille County, Vermont","3","3","0"
"1000000US500159532002084","Block 2084, Block Group 2, Census Tract 9532, Lamoille County, Vermont","20","20","0"
"1000000US500159532002085","Block 2085, Block Group 2, Census Tract 9532, Lamoille County, Vermont","0","0","0"
"1000000US500159532002086","Block 2086, Block Group 2, Census Tract 9532, Lamoille County, Vermont","3","3","0"
"1000000US500159532002087","Block 2087, Block Group 2, Census Tract 9532, Lamoille County, Vermont","0","0","0"
"1000000US500159532002088","Block 2088, Block Group 2, Census Tract 9532, Lamoille County, Vermont","0","0","0"
"1000000US500159532002089","Block 2089, Block Group 2, Census Tract 9532, Lamoille County, Vermont","0","0","0"
"1000000US500159532002090","Block 2090, Block Group 2, Census Tract 9532, Lamoille County, Vermont","4","2","2"
"1000000US500159532002091","Block 2091, Block Group 2, Census Tract 9532, Lamoille County, Vermont","11","11","0"
"1000000US500159532002092","Block 2092, Block Group 2, Census Tract 9532, Lamoille County, Vermont","3","3","0"
"1000000US500159532002093","Block 2093, Block Group 2, Census Tract 9532, Lamoille County, Vermont","0","0","0"
"1000000US500159532002094","Block 2094, Block Group 2, Census Tract 9532, Lamoille County, Vermont","0","0","0"
"1000000US500159532002095","Block 2095, Block Group 2, Census Tract 9532, Lamoille County, Vermont","0","0","0"
"1000000US500159532002096","Block 2096, Block Group 2, Census Tract 9532, Lamoille County, Vermont","0","0","0"
"1000000US500159532002097","Block 2097, Block Group 2, Census Tract 9532, Lamoille County, Vermont","8","7","1"
"1000000US500159532002098","Block 2098, Block Group 2, Census Tract 9532, Lamoille County, Vermont","8","8","0"
"1000000US500159532002099","Block 2099, Block Group 2, Census Tract 9532, Lamoille County, Vermont","2","2","0"
"1000000US500159532002100","Block 2100, Block Group 2, Census Tract 9532, Lamoille County, Vermont","4","4","0"
"1000000US500159532002101","Block 2101, Block Group 2, Census Tract 9532, Lamoille County, Vermont","1","1","0"
"1000000US500159532002102","Block 2102, Block Group 2, Census Tract 9532, Lamoille County, Vermont","11","11","0"
"1000000US500159532002103","Block 2103, Block Group 2, Census Tract 9532, Lamoille County, Vermont","0","0","0"
"1000000US500159532002104","Block 2104, Block Group 2, Census Tract 9532, Lamoille County, Vermont","0","0","0"
"1000000US500159532002105","Block 2105, Block Group 2, Census Tract 9532, Lamoille County, Vermont","0","0","0"
"1000000US500159532002106","Block 2106, Block Group 2, Census Tract 9532, Lamoille County, Vermont","1","1","0"
"1000000US500159532002107","Block 2107, Block Group 2, Census Tract 9532, Lamoille County, Vermont","35","30","5"
"1000000US500159532002108","Block 2108, Block Group 2, Census Tract 9532, Lamoille County, Vermont","5","5","0"
"1000000US500159532002109","Block 2109, Block Group 2, Census Tract 9532, Lamoille County, Vermont","8","8","0"
"1000000US500159532002110","Block 2110, Block Group 2, Census Tract 9532, Lamoille County, Vermont","12","12","0"
"1000000US500159532002111","Block 2111, Block Group 2, Census Tract 9532, Lamoille County, Vermont","0","0","0"
"1000000US500159532002112","Block 2112, Block Group 2, Census Tract 9532, Lamoille County, Vermont","0","0","0"
"1000000US500159533001000","Block 1000, Block Group 1, Census Tract 9533, Lamoille County, Vermont","3","3","0"
"1000000US500159533001001","Block 1001, Block Group 1, Census Tract 9533, Lamoille County, Vermont","20","17","3"
"1000000US500159533001002","Block 1002, Block Group 1, Census Tract 9533, Lamoille County, Vermont","0","0","0"
"1000000US500159533001003","Block 1003, Block Group 1, Census Tract 9533, Lamoille County, Vermont","0","0","0"
"1000000US500159533001004","Block 1004, Block Group 1, Census Tract 9533, Lamoille County, Vermont","1","1","0"
"1000000US500159533001005","Block 1005, Block Group 1, Census Tract 9533, Lamoille County, Vermont","0","0","0"
"1000000US500159533001006","Block 1006, Block Group 1, Census Tract 9533, Lamoille County, Vermont","0","0","0"
"1000000US500159533001007","Block 1007, Block Group 1, Census Tract 9533, Lamoille County, Vermont","0","0","0"
"1000000US500159533001008","Block 1008, Block Group 1, Census Tract 9533, Lamoille County, Vermont","0","0","0"
"1000000US500159533001009","Block 1009, Block Group 1, Census Tract 9533, Lamoille County, Vermont","50","34","16"
"1000000US500159533001010","Block 1010, Block Group 1, Census Tract 9533, Lamoille County, Vermont","0","0","0"
"1000000US500159533001011","Block 1011, Block Group 1, Census Tract 9533, Lamoille County, Vermont","0","0","0"
"1000000US500159533001012","Block 1012, Block Group 1, Census Tract 9533, Lamoille County, Vermont","3","2","1"
"1000000US500159533001013","Block 1013, Block Group 1, Census Tract 9533, Lamoille County, Vermont","3","2","1"
"1000000US500159533001014","Block 1014, Block Group 1, Census Tract 9533, Lamoille County, Vermont","65","60","5"
"1000000US500159533001015","Block 1015, Block Group 1, Census Tract 9533, Lamoille County, Vermont","0","0","0"
"1000000US500159533001016","Block 1016, Block Group 1, Census Tract 9533, Lamoille County, Vermont","1","1","0"
"1000000US500159533001017","Block 1017, Block Group 1, Census Tract 9533, Lamoille County, Vermont","3","2","1"
"1000000US500159533001018","Block 1018, Block Group 1, Census Tract 9533, Lamoille County, Vermont","16","13","3"
"1000000US500159533001019","Block 1019, Block Group 1, Census Tract 9533, Lamoille County, Vermont","0","0","0"
"1000000US500159533001020","Block 1020, Block Group 1, Census Tract 9533, Lamoille County, Vermont","25","13","12"
"1000000US500159533001021","Block 1021, Block Group 1, Census Tract 9533, Lamoille County, Vermont","0","0","0"
"1000000US500159533001022","Block 1022, Block Group 1, Census Tract 9533, Lamoille County, Vermont","6","3","3"
"1000000US500159533001023","Block 1023, Block Group 1, Census Tract 9533, Lamoille County, Vermont","0","0","0"
"1000000US500159533001024","Block 1024, Block Group 1, Census Tract 9533, Lamoille County, Vermont","0","0","0"
"1000000US500159533001025","Block 1025, Block Group 1, Census Tract 9533, Lamoille County, Vermont","0","0","0"
"1000000US500159533001026","Block 1026, Block Group 1, Census Tract 9533, Lamoille County, Vermont","0","0","0"
"1000000US500159533001027","Block 1027, Block Group 1, Census Tract 9533, Lamoille County, Vermont","0","0","0"
"1000000US500159533001028","Block 1028, Block Group 1, Census Tract 9533, Lamoille County, Vermont","0","0","0"
"1000000US500159533001029","Block 1029, Block Group 1, Census Tract 9533, Lamoille County, Vermont","0","0","0"
"1000000US500159533001030","Block 1030, Block Group 1, Census Tract 9533, Lamoille County, Vermont","1","1","0"
"1000000US500159533001031","Block 1031, Block Group 1, Census Tract 9533, Lamoille County, Vermont","40","37","3"
"1000000US500159533001032","Block 1032, Block Group 1, Census Tract 9533, Lamoille County, Vermont","17","15","2"
"1000000US500159533001033","Block 1033, Block Group 1, Census Tract 9533, Lamoille County, Vermont","49","43","6"
"1000000US500159533001034","Block 1034, Block Group 1, Census Tract 9533, Lamoille County, Vermont","1","1","0"
"1000000US500159533001035","Block 1035, Block Group 1, Census Tract 9533, Lamoille County, Vermont","0","0","0"
"1000000US500159533001036","Block 1036, Block Group 1, Census Tract 9533, Lamoille County, Vermont","73","68","5"
"1000000US500159533001037","Block 1037, Block Group 1, Census Tract 9533, Lamoille County, Vermont","0","0","0"
"1000000US500159533001038","Block 1038, Block Group 1, Census Tract 9533, Lamoille County, Vermont","4","4","0"
"1000000US500159533001039","Block 1039, Block Group 1, Census Tract 9533, Lamoille County, Vermont","0","0","0"
"1000000US500159533001040","Block 1040, Block Group 1, Census Tract 9533, Lamoille County, Vermont","2","2","0"
"1000000US500159533001041","Block 1041, Block Group 1, Census Tract 9533, Lamoille County, Vermont","14","13","1"
"1000000US500159533001042","Block 1042, Block Group 1, Census Tract 9533, Lamoille County, Vermont","1","1","0"
"1000000US500159533001043","Block 1043, Block Group 1, Census Tract 9533, Lamoille County, Vermont","2","2","0"
"1000000US500159533001044","Block 1044, Block Group 1, Census Tract 9533, Lamoille County, Vermont","4","3","1"
"1000000US500159533001045","Block 1045, Block Group 1, Census Tract 9533, Lamoille County, Vermont","0","0","0"
"1000000US500159533001046","Block 1046, Block Group 1, Census Tract 9533, Lamoille County, Vermont","0","0","0"
"1000000US500159533001047","Block 1047, Block Group 1, Census Tract 9533, Lamoille County, Vermont","0","0","0"
"1000000US500159533001048","Block 1048, Block Group 1, Census Tract 9533, Lamoille County, Vermont","0","0","0"
"1000000US500159533001049","Block 1049, Block Group 1, Census Tract 9533, Lamoille County, Vermont","6","5","1"
"1000000US500159533001050","Block 1050, Block Group 1, Census Tract 9533, Lamoille County, Vermont","1","1","0"
"1000000US500159533001051","Block 1051, Block Group 1, Census Tract 9533, Lamoille County, Vermont","38","32","6"
"1000000US500159533001052","Block 1052, Block Group 1, Census Tract 9533, Lamoille County, Vermont","45","41","4"
"1000000US500159533001053","Block 1053, Block Group 1, Census Tract 9533, Lamoille County, Vermont","2","1","1"
"1000000US500159533001054","Block 1054, Block Group 1, Census Tract 9533, Lamoille County, Vermont","11","11","0"
"1000000US500159533001055","Block 1055, Block Group 1, Census Tract 9533, Lamoille County, Vermont","20","19","1"
"1000000US500159533001056","Block 1056, Block Group 1, Census Tract 9533, Lamoille County, Vermont","1","1","0"
"1000000US500159533001057","Block 1057, Block Group 1, Census Tract 9533, Lamoille County, Vermont","0","0","0"
"1000000US500159533002000","Block 2000, Block Group 2, Census Tract 9533, Lamoille County, Vermont","50","40","10"
"1000000US500159533002001","Block 2001, Block Group 2, Census Tract 9533, Lamoille County, Vermont","0","0","0"
"1000000US500159533002002","Block 2002, Block Group 2, Census Tract 9533, Lamoille County, Vermont","0","0","0"
"1000000US500159533002003","Block 2003, Block Group 2, Census Tract 9533, Lamoille County, Vermont","11","11","0"
"1000000US500159533002004","Block 2004, Block Group 2, Census Tract 9533, Lamoille County, Vermont","13","12","1"
"1000000US500159533002005","Block 2005, Block Group 2, Census Tract 9533, Lamoille County, Vermont","5","5","0"
"1000000US500159533002006","Block 2006, Block Group 2, Census Tract 9533, Lamoille County, Vermont","0","0","0"
"1000000US500159533002007","Block 2007, Block Group 2, Census Tract 9533, Lamoille County, Vermont","0","0","0"
"1000000US500159533002008","Block 2008, Block Group 2, Census Tract 9533, Lamoille County, Vermont","0","0","0"
"1000000US500159533002009","Block 2009, Block Group 2, Census Tract 9533, Lamoille County, Vermont","0","0","0"
"1000000US500159533002010","Block 2010, Block Group 2, Census Tract 9533, Lamoille County, Vermont","4","4","0"
"1000000US500159533002011","Block 2011, Block Group 2, Census Tract 9533, Lamoille County, Vermont","13","11","2"
"1000000US500159533002012","Block 2012, Block Group 2, Census Tract 9533, Lamoille County, Vermont","0","0","0"
"1000000US500159533002013","Block 2013, Block Group 2, Census Tract 9533, Lamoille County, Vermont","72","66","6"
"1000000US500159533002014","Block 2014, Block Group 2, Census Tract 9533, Lamoille County, Vermont","0","0","0"
"1000000US500159533002015","Block 2015, Block Group 2, Census Tract 9533, Lamoille County, Vermont","1","1","0"
"1000000US500159533002016","Block 2016, Block Group 2, Census Tract 9533, Lamoille County, Vermont","14","13","1"
"1000000US500159533002017","Block 2017, Block Group 2, Census Tract 9533, Lamoille County, Vermont","4","3","1"
"1000000US500159533002018","Block 2018, Block Group 2, Census Tract 9533, Lamoille County, Vermont","30","27","3"
"1000000US500159533002019","Block 2019, Block Group 2, Census Tract 9533, Lamoille County, Vermont","36","31","5"
"1000000US500159533002020","Block 2020, Block Group 2, Census Tract 9533, Lamoille County, Vermont","1","1","0"
"1000000US500159533002021","Block 2021, Block Group 2, Census Tract 9533, Lamoille County, Vermont","3","2","1"
"1000000US500159533002022","Block 2022, Block Group 2, Census Tract 9533, Lamoille County, Vermont","16","16","0"
"1000000US500159533002023","Block 2023, Block Group 2, Census Tract 9533, Lamoille County, Vermont","17","16","1"
"1000000US500159533002024","Block 2024, Block Group 2, Census Tract 9533, Lamoille County, Vermont","2","0","2"
"1000000US500159533002025","Block 2025, Block Group 2, Census Tract 9533, Lamoille County, Vermont","4","4","0"
"1000000US500159533002026","Block 2026, Block Group 2, Census Tract 9533, Lamoille County, Vermont","70","63","7"
"1000000US500159533002027","Block 2027, Block Group 2, Census Tract 9533, Lamoille County, Vermont","0","0","0"
"1000000US500159533002028","Block 2028, Block Group 2, Census Tract 9533, Lamoille County, Vermont","34","28","6"
"1000000US500159533002029","Block 2029, Block Group 2, Census Tract 9533, Lamoille County, Vermont","0","0","0"
"1000000US500159533002030","Block 2030, Block Group 2, Census Tract 9533, Lamoille County, Vermont","20","19","1"
"1000000US500159533002031","Block 2031, Block Group 2, Census Tract 9533, Lamoille County, Vermont","4","4","0"
"1000000US500159533002032","Block 2032, Block Group 2, Census Tract 9533, Lamoille County, Vermont","128","124","4"
"1000000US500159533002033","Block 2033, Block Group 2, Census Tract 9533, Lamoille County, Vermont","16","14","2"
"1000000US500159533002034","Block 2034, Block Group 2, Census Tract 9533, Lamoille County, Vermont","3","3","0"
"1000000US500159533002035","Block 2035, Block Group 2, Census Tract 9533, Lamoille County, Vermont","27","26","1"
"1000000US500159533002036","Block 2036, Block Group 2, Census Tract 9533, Lamoille County, Vermont","0","0","0"
"1000000US500159533002037","Block 2037, Block Group 2, Census Tract 9533, Lamoille County, Vermont","0","0","0"
"1000000US500159533002038","Block 2038, Block Group 2, Census Tract 9533, Lamoille County, Vermont","3","3","0"
"1000000US500159533002039","Block 2039, Block Group 2, Census Tract 9533, Lamoille County, Vermont","0","0","0"
"1000000US500159533002040","Block 2040, Block Group 2, Census Tract 9533, Lamoille County, Vermont","23","23","0"
"1000000US500159533002041","Block 2041, Block Group 2, Census Tract 9533, Lamoille County, Vermont","1","1","0"
"1000000US500159533002042","Block 2042, Block Group 2, Census Tract 9533, Lamoille County, Vermont","5","4","1"
"1000000US500159533002043","Block 2043, Block Group 2, Census Tract 9533, Lamoille County, Vermont","1","1","0"
"1000000US500159533002044","Block 2044, Block Group 2, Census Tract 9533, Lamoille County, Vermont","3","1","2"
"1000000US500159533002045","Block 2045, Block Group 2, Census Tract 9533, Lamoille County, Vermont","2","2","0"
"1000000US500159533002046","Block 2046, Block Group 2, Census Tract 9533, Lamoille County, Vermont","11","9","2"
"1000000US500159533002047","Block 2047, Block Group 2, Census Tract 9533, Lamoille County, Vermont","3","3","0"
"1000000US500159533002048","Block 2048, Block Group 2, Census Tract 9533, Lamoille County, Vermont","1","1","0"
"1000000US500159533002049","Block 2049, Block Group 2, Census Tract 9533, Lamoille County, Vermont","5","4","1"
"1000000US500159533002050","Block 2050, Block Group 2, Census Tract 9533, Lamoille County, Vermont","0","0","0"
"1000000US500159533002051","Block 2051, Block Group 2, Census Tract 9533, Lamoille County, Vermont","0","0","0"
"1000000US500159533002052","Block 2052, Block Group 2, Census Tract 9533, Lamoille County, Vermont","0","0","0"
"1000000US500159533002053","Block 2053, Block Group 2, Census Tract 9533, Lamoille County, Vermont","0","0","0"
"1000000US500159533002054","Block 2054, Block Group 2, Census Tract 9533, Lamoille County, Vermont","0","0","0"
"1000000US500159533002055","Block 2055, Block Group 2, Census Tract 9533, Lamoille County, Vermont","13","12","1"
"1000000US500159533002056","Block 2056, Block Group 2, Census Tract 9533, Lamoille County, Vermont","0","0","0"
"1000000US500159533002057","Block 2057, Block Group 2, Census Tract 9533, Lamoille County, Vermont","0","0","0"
"1000000US500159533002058","Block 2058, Block Group 2, Census Tract 9533, Lamoille County, Vermont","1","1","0"
"1000000US500159533002059","Block 2059, Block Group 2, Census Tract 9533, Lamoille County, Vermont","1","1","0"
"1000000US500159533002060","Block 2060, Block Group 2, Census Tract 9533, Lamoille County, Vermont","0","0","0"
"1000000US500159533002061","Block 2061, Block Group 2, Census Tract 9533, Lamoille County, Vermont","0","0","0"
"1000000US500159533002062","Block 2062, Block Group 2, Census Tract 9533, Lamoille County, Vermont","0","0","0"
"1000000US500159533002063","Block 2063, Block Group 2, Census Tract 9533, Lamoille County, Vermont","0","0","0"
"1000000US500159533002064","Block 2064, Block Group 2, Census Tract 9533, Lamoille County, Vermont","0","0","0"
"1000000US500159533002065","Block 2065, Block Group 2, Census Tract 9533, Lamoille County, Vermont","8","4","4"
"1000000US500159533002066","Block 2066, Block Group 2, Census Tract 9533, Lamoille County, Vermont","0","0","0"
"1000000US500159533002067","Block 2067, Block Group 2, Census Tract 9533, Lamoille County, Vermont","0","0","0"
"1000000US500159533002068","Block 2068, Block Group 2, Census Tract 9533, Lamoille County, Vermont","1","1","0"
"1000000US500159533002069","Block 2069, Block Group 2, Census Tract 9533, Lamoille County, Vermont","14","13","1"
"1000000US500159533002070","Block 2070, Block Group 2, Census Tract 9533, Lamoille County, Vermont","42","36","6"
"1000000US500159533002071","Block 2071, Block Group 2, Census Tract 9533, Lamoille County, Vermont","2","2","0"
"1000000US500159533002072","Block 2072, Block Group 2, Census Tract 9533, Lamoille County, Vermont","5","4","1"
"1000000US500159533002073","Block 2073, Block Group 2, Census Tract 9533, Lamoille County, Vermont","24","22","2"
"1000000US500159533002074","Block 2074, Block Group 2, Census Tract 9533, Lamoille County, Vermont","2","2","0"
"1000000US500159533002075","Block 2075, Block Group 2, Census Tract 9533, Lamoille County, Vermont","10","10","0"
"1000000US500159533002076","Block 2076, Block Group 2, Census Tract 9533, Lamoille County, Vermont","11","11","0"
"1000000US500159533002077","Block 2077, Block Group 2, Census Tract 9533, Lamoille County, Vermont","33","26","7"
"1000000US500159533002078","Block 2078, Block Group 2, Census Tract 9533, Lamoille County, Vermont","0","0","0"
"1000000US500159533002079","Block 2079, Block Group 2, Census Tract 9533, Lamoille County, Vermont","3","3","0"
"1000000US500159533002080","Block 2080, Block Group 2, Census Tract 9533, Lamoille County, Vermont","0","0","0"
"1000000US500159533002081","Block 2081, Block Group 2, Census Tract 9533, Lamoille County, Vermont","2","2","0"
"1000000US500159533002082","Block 2082, Block Group 2, Census Tract 9533, Lamoille County, Vermont","4","4","0"
"1000000US500159533002083","Block 2083, Block Group 2, Census Tract 9533, Lamoille County, Vermont","0","0","0"
"1000000US500159533002084","Block 2084, Block Group 2, Census Tract 9533, Lamoille County, Vermont","1","1","0"
"1000000US500159533002085","Block 2085, Block Group 2, Census Tract 9533, Lamoille County, Vermont","10","10","0"
"1000000US500159533002086","Block 2086, Block Group 2, Census Tract 9533, Lamoille County, Vermont","0","0","0"
"1000000US500159533002087","Block 2087, Block Group 2, Census Tract 9533, Lamoille County, Vermont","1","1","0"
"1000000US500159533002088","Block 2088, Block Group 2, Census Tract 9533, Lamoille County, Vermont","0","0","0"
"1000000US500159533002089","Block 2089, Block Group 2, Census Tract 9533, Lamoille County, Vermont","0","0","0"
"1000000US500159533002090","Block 2090, Block Group 2, Census Tract 9533, Lamoille County, Vermont","0","0","0"
"1000000US500159534001000","Block 1000, Block Group 1, Census Tract 9534, Lamoille County, Vermont","22","15","7"
"1000000US500159534001001","Block 1001, Block Group 1, Census Tract 9534, Lamoille County, Vermont","0","0","0"
"1000000US500159534001002","Block 1002, Block Group 1, Census Tract 9534, Lamoille County, Vermont","0","0","0"
"1000000US500159534001003","Block 1003, Block Group 1, Census Tract 9534, Lamoille County, Vermont","9","8","1"
"1000000US500159534001004","Block 1004, Block Group 1, Census Tract 9534, Lamoille County, Vermont","25","23","2"
"1000000US500159534001005","Block 1005, Block Group 1, Census Tract 9534, Lamoille County, Vermont","13","12","1"
"1000000US500159534001006","Block 1006, Block Group 1, Census Tract 9534, Lamoille County, Vermont","0","0","0"
"1000000US500159534001007","Block 1007, Block Group 1, Census Tract 9534, Lamoille County, Vermont","0","0","0"
"1000000US500159534001008","Block 1008, Block Group 1, Census Tract 9534, Lamoille County, Vermont","26","25","1"
"1000000US500159534001009","Block 1009, Block Group 1, Census Tract 9534, Lamoille County, Vermont","3","3","0"
"1000000US500159534001010","Block 1010, Block Group 1, Census Tract 9534, Lamoille County, Vermont","0","0","0"
"1000000US500159534001011","Block 1011, Block Group 1, Census Tract 9534, Lamoille County, Vermont","20","20","0"
"1000000US500159534001012","Block 1012, Block Group 1, Census Tract 9534, Lamoille County, Vermont","12","9","3"
"1000000US500159534001013","Block 1013, Block Group 1, Census Tract 9534, Lamoille County, Vermont","9","9","0"
"1000000US500159534001014","Block 1014, Block Group 1, Census Tract 9534, Lamoille County, Vermont","30","28","2"
"1000000US500159534001015","Block 1015, Block Group 1, Census Tract 9534, Lamoille County, Vermont","20","19","1"
"1000000US500159534001016","Block 1016, Block Group 1, Census Tract 9534, Lamoille County, Vermont","0","0","0"
"1000000US500159534001017","Block 1017, Block Group 1, Census Tract 9534, Lamoille County, Vermont","0","0","0"
"1000000US500159534001018","Block 1018, Block Group 1, Census Tract 9534, Lamoille County, Vermont","10","7","3"
"1000000US500159534001019","Block 1019, Block Group 1, Census Tract 9534, Lamoille County, Vermont","0","0","0"
"1000000US500159534001020","Block 1020, Block Group 1, Census Tract 9534, Lamoille County, Vermont","5","4","1"
"1000000US500159534001021","Block 1021, Block Group 1, Census Tract 9534, Lamoille County, Vermont","34","26","8"
"1000000US500159534001022","Block 1022, Block Group 1, Census Tract 9534, Lamoille County, Vermont","0","0","0"
"1000000US500159534001023","Block 1023, Block Group 1, Census Tract 9534, Lamoille County, Vermont","0","0","0"
"1000000US500159534001024","Block 1024, Block Group 1, Census Tract 9534, Lamoille County, Vermont","2","2","0"
"1000000US500159534001025","Block 1025, Block Group 1, Census Tract 9534, Lamoille County, Vermont","0","0","0"
"1000000US500159534001026","Block 1026, Block Group 1, Census Tract 9534, Lamoille County, Vermont","35","25","10"
"1000000US500159534001027","Block 1027, Block Group 1, Census Tract 9534, Lamoille County, Vermont","0","0","0"
"1000000US500159534001028","Block 1028, Block Group 1, Census Tract 9534, Lamoille County, Vermont","0","0","0"
"1000000US500159534001029","Block 1029, Block Group 1, Census Tract 9534, Lamoille County, Vermont","4","4","0"
"1000000US500159534001030","Block 1030, Block Group 1, Census Tract 9534, Lamoille County, Vermont","0","0","0"
"1000000US500159534001031","Block 1031, Block Group 1, Census Tract 9534, Lamoille County, Vermont","1","1","0"
"1000000US500159534001032","Block 1032, Block Group 1, Census Tract 9534, Lamoille County, Vermont","36","32","4"
"1000000US500159534001033","Block 1033, Block Group 1, Census Tract 9534, Lamoille County, Vermont","1","0","1"
"1000000US500159534001034","Block 1034, Block Group 1, Census Tract 9534, Lamoille County, Vermont","74","68","6"
"1000000US500159534001035","Block 1035, Block Group 1, Census Tract 9534, Lamoille County, Vermont","1","1","0"
"1000000US500159534001036","Block 1036, Block Group 1, Census Tract 9534, Lamoille County, Vermont","2","2","0"
"1000000US500159534001037","Block 1037, Block Group 1, Census Tract 9534, Lamoille County, Vermont","0","0","0"
"1000000US500159534001038","Block 1038, Block Group 1, Census Tract 9534, Lamoille County, Vermont","4","4","0"
"1000000US500159534001039","Block 1039, Block Group 1, Census Tract 9534, Lamoille County, Vermont","0","0","0"
"1000000US500159534001040","Block 1040, Block Group 1, Census Tract 9534, Lamoille County, Vermont","0","0","0"
"1000000US500159534001041","Block 1041, Block Group 1, Census Tract 9534, Lamoille County, Vermont","0","0","0"
"1000000US500159534001042","Block 1042, Block Group 1, Census Tract 9534, Lamoille County, Vermont","0","0","0"
"1000000US500159534001043","Block 1043, Block Group 1, Census Tract 9534, Lamoille County, Vermont","0","0","0"
"1000000US500159534001044","Block 1044, Block Group 1, Census Tract 9534, Lamoille County, Vermont","0","0","0"
"1000000US500159534001045","Block 1045, Block Group 1, Census Tract 9534, Lamoille County, Vermont","0","0","0"
"1000000US500159534001046","Block 1046, Block Group 1, Census Tract 9534, Lamoille County, Vermont","0","0","0"
"1000000US500159534001047","Block 1047, Block Group 1, Census Tract 9534, Lamoille County, Vermont","0","0","0"
"1000000US500159534001048","Block 1048, Block Group 1, Census Tract 9534, Lamoille County, Vermont","61","55","6"
"1000000US500159534001049","Block 1049, Block Group 1, Census Tract 9534, Lamoille County, Vermont","6","5","1"
"1000000US500159534001050","Block 1050, Block Group 1, Census Tract 9534, Lamoille County, Vermont","4","4","0"
"1000000US500159534001051","Block 1051, Block Group 1, Census Tract 9534, Lamoille County, Vermont","0","0","0"
"1000000US500159534001052","Block 1052, Block Group 1, Census Tract 9534, Lamoille County, Vermont","34","29","5"
"1000000US500159534001053","Block 1053, Block Group 1, Census Tract 9534, Lamoille County, Vermont","9","9","0"
"1000000US500159534001054","Block 1054, Block Group 1, Census Tract 9534, Lamoille County, Vermont","1","1","0"
"1000000US500159534001055","Block 1055, Block Group 1, Census Tract 9534, Lamoille County, Vermont","0","0","0"
"1000000US500159534001056","Block 1056, Block Group 1, Census Tract 9534, Lamoille County, Vermont","0","0","0"
"1000000US500159534001057","Block 1057, Block Group 1, Census Tract 9534, Lamoille County, Vermont","0","0","0"
"1000000US500159534001058","Block 1058, Block Group 1, Census Tract 9534, Lamoille County, Vermont","0","0","0"
"1000000US500159534001059","Block 1059, Block Group 1, Census Tract 9534, Lamoille County, Vermont","0","0","0"
"1000000US500159534001060","Block 1060, Block Group 1, Census Tract 9534, Lamoille County, Vermont","2","2","0"
"1000000US500159534001061","Block 1061, Block Group 1, Census Tract 9534, Lamoille County, Vermont","0","0","0"
"1000000US500159534001062","Block 1062, Block Group 1, Census Tract 9534, Lamoille County, Vermont","32","29","3"
"1000000US500159534001063","Block 1063, Block Group 1, Census Tract 9534, Lamoille County, Vermont","2","1","1"
"1000000US500159534001064","Block 1064, Block Group 1, Census Tract 9534, Lamoille County, Vermont","0","0","0"
"1000000US500159534001065","Block 1065, Block Group 1, Census Tract 9534, Lamoille County, Vermont","0","0","0"
"1000000US500159534001066","Block 1066, Block Group 1, Census Tract 9534, Lamoille County, Vermont","12","12","0"
"1000000US500159534001067","Block 1067, Block Group 1, Census Tract 9534, Lamoille County, Vermont","140","92","48"
"1000000US500159534001068","Block 1068, Block Group 1, Census Tract 9534, Lamoille County, Vermont","0","0","0"
"1000000US500159534001069","Block 1069, Block Group 1, Census Tract 9534, Lamoille County, Vermont","0","0","0"
"1000000US500159534001070","Block 1070, Block Group 1, Census Tract 9534, Lamoille County, Vermont","5","5","0"
"1000000US500159534001071","Block 1071, Block Group 1, Census Tract 9534, Lamoille County, Vermont","1","1","0"
"1000000US500159534001072","Block 1072, Block Group 1, Census Tract 9534, Lamoille County, Vermont","0","0","0"
"1000000US500159534001073","Block 1073, Block Group 1, Census Tract 9534, Lamoille County, Vermont","0","0","0"
"1000000US500159534001074","Block 1074, Block Group 1, Census Tract 9534, Lamoille County, Vermont","0","0","0"
"1000000US500159534001075","Block 1075, Block Group 1, Census Tract 9534, Lamoille County, Vermont","0","0","0"
"1000000US500159534001076","Block 1076, Block Group 1, Census Tract 9534, Lamoille County, Vermont","0","0","0"
"1000000US500159534001077","Block 1077, Block Group 1, Census Tract 9534, Lamoille County, Vermont","1","1","0"
"1000000US500159534001078","Block 1078, Block Group 1, Census Tract 9534, Lamoille County, Vermont","0","0","0"
"1000000US500159534001079","Block 1079, Block Group 1, Census Tract 9534, Lamoille County, Vermont","5","0","5"
"1000000US500159534001080","Block 1080, Block Group 1, Census Tract 9534, Lamoille County, Vermont","0","0","0"
"1000000US500159534001081","Block 1081, Block Group 1, Census Tract 9534, Lamoille County, Vermont","36","10","26"
"1000000US500159534001082","Block 1082, Block Group 1, Census Tract 9534, Lamoille County, Vermont","2","1","1"
"1000000US500159534001083","Block 1083, Block Group 1, Census Tract 9534, Lamoille County, Vermont","0","0","0"
"1000000US500159534001084","Block 1084, Block Group 1, Census Tract 9534, Lamoille County, Vermont","42","34","8"
"1000000US500159534001085","Block 1085, Block Group 1, Census Tract 9534, Lamoille County, Vermont","0","0","0"
"1000000US500159534001086","Block 1086, Block Group 1, Census Tract 9534, Lamoille County, Vermont","17","13","4"
"1000000US500159534001087","Block 1087, Block Group 1, Census Tract 9534, Lamoille County, Vermont","5","3","2"
"1000000US500159534001088","Block 1088, Block Group 1, Census Tract 9534, Lamoille County, Vermont","53","18","35"
"1000000US500159534001089","Block 1089, Block Group 1, Census Tract 9534, Lamoille County, Vermont","0","0","0"
"1000000US500159534001090","Block 1090, Block Group 1, Census Tract 9534, Lamoille County, Vermont","0","0","0"
"1000000US500159534001091","Block 1091, Block Group 1, Census Tract 9534, Lamoille County, Vermont","0","0","0"
"1000000US500159534001092","Block 1092, Block Group 1, Census Tract 9534, Lamoille County, Vermont","0","0","0"
"1000000US500159534001093","Block 1093, Block Group 1, Census Tract 9534, Lamoille County, Vermont","0","0","0"
"1000000US500159534001094","Block 1094, Block Group 1, Census Tract 9534, Lamoille County, Vermont","0","0","0"
"1000000US500159534001095","Block 1095, Block Group 1, Census Tract 9534, Lamoille County, Vermont","1","0","1"
"1000000US500159534001096","Block 1096, Block Group 1, Census Tract 9534, Lamoille County, Vermont","60","52","8"
"1000000US500159534001097","Block 1097, Block Group 1, Census Tract 9534, Lamoille County, Vermont","0","0","0"
"1000000US500159534001098","Block 1098, Block Group 1, Census Tract 9534, Lamoille County, Vermont","3","0","3"
"1000000US500159534001099","Block 1099, Block Group 1, Census Tract 9534, Lamoille County, Vermont","0","0","0"
"1000000US500159534001100","Block 1100, Block Group 1, Census Tract 9534, Lamoille County, Vermont","6","3","3"
"1000000US500159534001101","Block 1101, Block Group 1, Census Tract 9534, Lamoille County, Vermont","1","1","0"
"1000000US500159534001102","Block 1102, Block Group 1, Census Tract 9534, Lamoille County, Vermont","18","15","3"
"1000000US500159534001103","Block 1103, Block Group 1, Census Tract 9534, Lamoille County, Vermont","3","3","0"
"1000000US500159534001104","Block 1104, Block Group 1, Census Tract 9534, Lamoille County, Vermont","0","0","0"
"1000000US500159534001105","Block 1105, Block Group 1, Census Tract 9534, Lamoille County, Vermont","0","0","0"
"1000000US500159534001106","Block 1106, Block Group 1, Census Tract 9534, Lamoille County, Vermont","0","0","0"
"1000000US500159534001107","Block 1107, Block Group 1, Census Tract 9534, Lamoille County, Vermont","17","15","2"
"1000000US500159534001108","Block 1108, Block Group 1, Census Tract 9534, Lamoille County, Vermont","28","19","9"
"1000000US500159534001109","Block 1109, Block Group 1, Census Tract 9534, Lamoille County, Vermont","2","1","1"
"1000000US500159534001110","Block 1110, Block Group 1, Census Tract 9534, Lamoille County, Vermont","1","1","0"
"1000000US500159534001111","Block 1111, Block Group 1, Census Tract 9534, Lamoille County, Vermont","33","20","13"
"1000000US500159534001112","Block 1112, Block Group 1, Census Tract 9534, Lamoille County, Vermont","0","0","0"
"1000000US500159534001113","Block 1113, Block Group 1, Census Tract 9534, Lamoille County, Vermont","0","0","0"
"1000000US500159534001114","Block 1114, Block Group 1, Census Tract 9534, Lamoille County, Vermont","9","7","2"
"1000000US500159534001115","Block 1115, Block Group 1, Census Tract 9534, Lamoille County, Vermont","0","0","0"
"1000000US500159534001116","Block 1116, Block Group 1, Census Tract 9534, Lamoille County, Vermont","7","5","2"
"1000000US500159534001117","Block 1117, Block Group 1, Census Tract 9534, Lamoille County, Vermont","4","2","2"
"1000000US500159534001118","Block 1118, Block Group 1, Census Tract 9534, Lamoille County, Vermont","0","0","0"
"1000000US500159534001119","Block 1119, Block Group 1, Census Tract 9534, Lamoille County, Vermont","1","1","0"
"1000000US500159534001120","Block 1120, Block Group 1, Census Tract 9534, Lamoille County, Vermont","6","6","0"
"1000000US500159534001121","Block 1121, Block Group 1, Census Tract 9534, Lamoille County, Vermont","13","12","1"
"1000000US500159534001122","Block 1122, Block Group 1, Census Tract 9534, Lamoille County, Vermont","8","6","2"
"1000000US500159534001123","Block 1123, Block Group 1, Census Tract 9534, Lamoille County, Vermont","0","0","0"
"1000000US500159534001124","Block 1124, Block Group 1, Census Tract 9534, Lamoille County, Vermont","0","0","0"
"1000000US500159534001125","Block 1125, Block Group 1, Census Tract 9534, Lamoille County, Vermont","4","2","2"
"1000000US500159534001126","Block 1126, Block Group 1, Census Tract 9534, Lamoille County, Vermont","0","0","0"
"1000000US500159534001127","Block 1127, Block Group 1, Census Tract 9534, Lamoille County, Vermont","0","0","0"
"1000000US500159534001128","Block 1128, Block Group 1, Census Tract 9534, Lamoille County, Vermont","6","5","1"
"1000000US500159534001129","Block 1129, Block Group 1, Census Tract 9534, Lamoille County, Vermont","0","0","0"
"1000000US500159534001130","Block 1130, Block Group 1, Census Tract 9534, Lamoille County, Vermont","0","0","0"
"1000000US500159534001131","Block 1131, Block Group 1, Census Tract 9534, Lamoille County, Vermont","0","0","0"
"1000000US500159534001132","Block 1132, Block Group 1, Census Tract 9534, Lamoille County, Vermont","2","1","1"
"1000000US500159534001133","Block 1133, Block Group 1, Census Tract 9534, Lamoille County, Vermont","0","0","0"
"1000000US500159534001134","Block 1134, Block Group 1, Census Tract 9534, Lamoille County, Vermont","0","0","0"
"1000000US500159534001135","Block 1135, Block Group 1, Census Tract 9534, Lamoille County, Vermont","0","0","0"
"1000000US500159534001136","Block 1136, Block Group 1, Census Tract 9534, Lamoille County, Vermont","10","7","3"
"1000000US500159534001137","Block 1137, Block Group 1, Census Tract 9534, Lamoille County, Vermont","36","32","4"
"1000000US500159534001138","Block 1138, Block Group 1, Census Tract 9534, Lamoille County, Vermont","0","0","0"
"1000000US500159534001139","Block 1139, Block Group 1, Census Tract 9534, Lamoille County, Vermont","1","0","1"
"1000000US500159534001140","Block 1140, Block Group 1, Census Tract 9534, Lamoille County, Vermont","0","0","0"
"1000000US500159534001141","Block 1141, Block Group 1, Census Tract 9534, Lamoille County, Vermont","0","0","0"
"1000000US500159534001142","Block 1142, Block Group 1, Census Tract 9534, Lamoille County, Vermont","2","2","0"
"1000000US500159534001143","Block 1143, Block Group 1, Census Tract 9534, Lamoille County, Vermont","0","0","0"
"1000000US500159534001144","Block 1144, Block Group 1, Census Tract 9534, Lamoille County, Vermont","8","5","3"
"1000000US500159534001145","Block 1145, Block Group 1, Census Tract 9534, Lamoille County, Vermont","13","10","3"
"1000000US500159534001146","Block 1146, Block Group 1, Census Tract 9534, Lamoille County, Vermont","2","1","1"
"1000000US500159534001147","Block 1147, Block Group 1, Census Tract 9534, Lamoille County, Vermont","12","10","2"
"1000000US500159534001148","Block 1148, Block Group 1, Census Tract 9534, Lamoille County, Vermont","0","0","0"
"1000000US500159534001149","Block 1149, Block Group 1, Census Tract 9534, Lamoille County, Vermont","55","44","11"
"1000000US500159534001150","Block 1150, Block Group 1, Census Tract 9534, Lamoille County, Vermont","0","0","0"
"1000000US500159534001151","Block 1151, Block Group 1, Census Tract 9534, Lamoille County, Vermont","0","0","0"
"1000000US500159534001152","Block 1152, Block Group 1, Census Tract 9534, Lamoille County, Vermont","1","1","0"
"1000000US500159534001153","Block 1153, Block Group 1, Census Tract 9534, Lamoille County, Vermont","0","0","0"
"1000000US500159534001154","Block 1154, Block Group 1, Census Tract 9534, Lamoille County, Vermont","0","0","0"
"1000000US500159534001155","Block 1155, Block Group 1, Census Tract 9534, Lamoille County, Vermont","0","0","0"
"1000000US500159534001156","Block 1156, Block Group 1, Census Tract 9534, Lamoille County, Vermont","0","0","0"
"1000000US500159534001157","Block 1157, Block Group 1, Census Tract 9534, Lamoille County, Vermont","46","37","9"
"1000000US500159534001158","Block 1158, Block Group 1, Census Tract 9534, Lamoille County, Vermont","0","0","0"
"1000000US500159534001159","Block 1159, Block Group 1, Census Tract 9534, Lamoille County, Vermont","4","4","0"
"1000000US500159534001160","Block 1160, Block Group 1, Census Tract 9534, Lamoille County, Vermont","0","0","0"
"1000000US500159534001161","Block 1161, Block Group 1, Census Tract 9534, Lamoille County, Vermont","1","1","0"
"1000000US500159534001162","Block 1162, Block Group 1, Census Tract 9534, Lamoille County, Vermont","0","0","0"
"1000000US500159534001163","Block 1163, Block Group 1, Census Tract 9534, Lamoille County, Vermont","2","1","1"
"1000000US500159534001164","Block 1164, Block Group 1, Census Tract 9534, Lamoille County, Vermont","0","0","0"
"1000000US500159534001165","Block 1165, Block Group 1, Census Tract 9534, Lamoille County, Vermont","5","3","2"
"1000000US500159535001000","Block 1000, Block Group 1, Census Tract 9535, Lamoille County, Vermont","17","17","0"
"1000000US500159535001001","Block 1001, Block Group 1, Census Tract 9535, Lamoille County, Vermont","5","4","1"
"1000000US500159535001002","Block 1002, Block Group 1, Census Tract 9535, Lamoille County, Vermont","24","21","3"
"1000000US500159535001003","Block 1003, Block Group 1, Census Tract 9535, Lamoille County, Vermont","6","6","0"
"1000000US500159535001004","Block 1004, Block Group 1, Census Tract 9535, Lamoille County, Vermont","16","16","0"
"1000000US500159535001005","Block 1005, Block Group 1, Census Tract 9535, Lamoille County, Vermont","8","8","0"
"1000000US500159535001006","Block 1006, Block Group 1, Census Tract 9535, Lamoille County, Vermont","9","9","0"
"1000000US500159535001007","Block 1007, Block Group 1, Census Tract 9535, Lamoille County, Vermont","42","40","2"
"1000000US500159535001008","Block 1008, Block Group 1, Census Tract 9535, Lamoille County, Vermont","14","14","0"
"1000000US500159535001009","Block 1009, Block Group 1, Census Tract 9535, Lamoille County, Vermont","33","31","2"
"1000000US500159535001010","Block 1010, Block Group 1, Census Tract 9535, Lamoille County, Vermont","0","0","0"
"1000000US500159535001011","Block 1011, Block Group 1, Census Tract 9535, Lamoille County, Vermont","16","15","1"
"1000000US500159535001012","Block 1012, Block Group 1, Census Tract 9535, Lamoille County, Vermont","24","22","2"
"1000000US500159535001013","Block 1013, Block Group 1, Census Tract 9535, Lamoille County, Vermont","9","8","1"
"1000000US500159535001014","Block 1014, Block Group 1, Census Tract 9535, Lamoille County, Vermont","0","0","0"
"1000000US500159535001015","Block 1015, Block Group 1, Census Tract 9535, Lamoille County, Vermont","0","0","0"
"1000000US500159535001016","Block 1016, Block Group 1, Census Tract 9535, Lamoille County, Vermont","30","29","1"
"1000000US500159535001017","Block 1017, Block Group 1, Census Tract 9535, Lamoille County, Vermont","3","3","0"
"1000000US500159535001018","Block 1018, Block Group 1, Census Tract 9535, Lamoille County, Vermont","0","0","0"
"1000000US500159535001019","Block 1019, Block Group 1, Census Tract 9535, Lamoille County, Vermont","9","8","1"
"1000000US500159535001020","Block 1020, Block Group 1, Census Tract 9535, Lamoille County, Vermont","22","20","2"
"1000000US500159535001021","Block 1021, Block Group 1, Census Tract 9535, Lamoille County, Vermont","26","24","2"
"1000000US500159535001022","Block 1022, Block Group 1, Census Tract 9535, Lamoille County, Vermont","14","14","0"
"1000000US500159535001023","Block 1023, Block Group 1, Census Tract 9535, Lamoille County, Vermont","21","18","3"
"1000000US500159535001024","Block 1024, Block Group 1, Census Tract 9535, Lamoille County, Vermont","3","2","1"
"1000000US500159535001025","Block 1025, Block Group 1, Census Tract 9535, Lamoille County, Vermont","48","40","8"
"1000000US500159535001026","Block 1026, Block Group 1, Census Tract 9535, Lamoille County, Vermont","0","0","0"
"1000000US500159535001027","Block 1027, Block Group 1, Census Tract 9535, Lamoille County, Vermont","0","0","0"
"1000000US500159535001028","Block 1028, Block Group 1, Census Tract 9535, Lamoille County, Vermont","0","0","0"
"1000000US500159535001029","Block 1029, Block Group 1, Census Tract 9535, Lamoille County, Vermont","0","0","0"
"1000000US500159535001030","Block 1030, Block Group 1, Census Tract 9535, Lamoille County, Vermont","0","0","0"
"1000000US500159535001031","Block 1031, Block Group 1, Census Tract 9535, Lamoille County, Vermont","0","0","0"
"1000000US500159535001032","Block 1032, Block Group 1, Census Tract 9535, Lamoille County, Vermont","0","0","0"
"1000000US500159535001033","Block 1033, Block Group 1, Census Tract 9535, Lamoille County, Vermont","1","1","0"
"1000000US500159535001034","Block 1034, Block Group 1, Census Tract 9535, Lamoille County, Vermont","0","0","0"
"1000000US500159535001035","Block 1035, Block Group 1, Census Tract 9535, Lamoille County, Vermont","0","0","0"
"1000000US500159535001036","Block 1036, Block Group 1, Census Tract 9535, Lamoille County, Vermont","6","6","0"
"1000000US500159535001037","Block 1037, Block Group 1, Census Tract 9535, Lamoille County, Vermont","2","1","1"
"1000000US500159535001038","Block 1038, Block Group 1, Census Tract 9535, Lamoille County, Vermont","3","2","1"
"1000000US500159535001039","Block 1039, Block Group 1, Census Tract 9535, Lamoille County, Vermont","0","0","0"
"1000000US500159535001040","Block 1040, Block Group 1, Census Tract 9535, Lamoille County, Vermont","16","13","3"
"1000000US500159535001041","Block 1041, Block Group 1, Census Tract 9535, Lamoille County, Vermont","0","0","0"
"1000000US500159535001042","Block 1042, Block Group 1, Census Tract 9535, Lamoille County, Vermont","67","60","7"
"1000000US500159535001043","Block 1043, Block Group 1, Census Tract 9535, Lamoille County, Vermont","0","0","0"
"1000000US500159535001044","Block 1044, Block Group 1, Census Tract 9535, Lamoille County, Vermont","1","0","1"
"1000000US500159535001045","Block 1045, Block Group 1, Census Tract 9535, Lamoille County, Vermont","17","17","0"
"1000000US500159535001046","Block 1046, Block Group 1, Census Tract 9535, Lamoille County, Vermont","0","0","0"
"1000000US500159535001047","Block 1047, Block Group 1, Census Tract 9535, Lamoille County, Vermont","0","0","0"
"1000000US500159535002000","Block 2000, Block Group 2, Census Tract 9535, Lamoille County, Vermont","0","0","0"
"1000000US500159535002001","Block 2001, Block Group 2, Census Tract 9535, Lamoille County, Vermont","0","0","0"
"1000000US500159535002002","Block 2002, Block Group 2, Census Tract 9535, Lamoille County, Vermont","53","37","16"
"1000000US500159535002003","Block 2003, Block Group 2, Census Tract 9535, Lamoille County, Vermont","11","9","2"
"1000000US500159535002004","Block 2004, Block Group 2, Census Tract 9535, Lamoille County, Vermont","19","16","3"
"1000000US500159535002005","Block 2005, Block Group 2, Census Tract 9535, Lamoille County, Vermont","19","16","3"
"1000000US500159535002006","Block 2006, Block Group 2, Census Tract 9535, Lamoille County, Vermont","6","5","1"
"1000000US500159535002007","Block 2007, Block Group 2, Census Tract 9535, Lamoille County, Vermont","62","50","12"
"1000000US500159535002008","Block 2008, Block Group 2, Census Tract 9535, Lamoille County, Vermont","3","3","0"
"1000000US500159535002009","Block 2009, Block Group 2, Census Tract 9535, Lamoille County, Vermont","0","0","0"
"1000000US500159535002010","Block 2010, Block Group 2, Census Tract 9535, Lamoille County, Vermont","0","0","0"
"1000000US500159535002011","Block 2011, Block Group 2, Census Tract 9535, Lamoille County, Vermont","1","0","1"
"1000000US500159535002012","Block 2012, Block Group 2, Census Tract 9535, Lamoille County, Vermont","0","0","0"
"1000000US500159535002013","Block 2013, Block Group 2, Census Tract 9535, Lamoille County, Vermont","3","2","1"
"1000000US500159535002014","Block 2014, Block Group 2, Census Tract 9535, Lamoille County, Vermont","5","3","2"
"1000000US500159535002015","Block 2015, Block Group 2, Census Tract 9535, Lamoille County, Vermont","0","0","0"
"1000000US500159535002016","Block 2016, Block Group 2, Census Tract 9535, Lamoille County, Vermont","2","1","1"
"1000000US500159535002017","Block 2017, Block Group 2, Census Tract 9535, Lamoille County, Vermont","3","3","0"
"1000000US500159535002018","Block 2018, Block Group 2, Census Tract 9535, Lamoille County, Vermont","1","1","0"
"1000000US500159535002019","Block 2019, Block Group 2, Census Tract 9535, Lamoille County, Vermont","13","12","1"
"1000000US500159535002020","Block 2020, Block Group 2, Census Tract 9535, Lamoille County, Vermont","7","5","2"
"1000000US500159535002021","Block 2021, Block Group 2, Census Tract 9535, Lamoille County, Vermont","14","14","0"
"1000000US500159535002022","Block 2022, Block Group 2, Census Tract 9535, Lamoille County, Vermont","0","0","0"
"1000000US500159535002023","Block 2023, Block Group 2, Census Tract 9535, Lamoille County, Vermont","15","13","2"
"1000000US500159535002024","Block 2024, Block Group 2, Census Tract 9535, Lamoille County, Vermont","0","0","0"
"1000000US500159535002025","Block 2025, Block Group 2, Census Tract 9535, Lamoille County, Vermont","0","0","0"
"1000000US500159535002026","Block 2026, Block Group 2, Census Tract 9535, Lamoille County, Vermont","0","0","0"
"1000000US500159535002027","Block 2027, Block Group 2, Census Tract 9535, Lamoille County, Vermont","0","0","0"
"1000000US500159535002028","Block 2028, Block Group 2, Census Tract 9535, Lamoille County, Vermont","22","21","1"
"1000000US500159535002029","Block 2029, Block Group 2, Census Tract 9535, Lamoille County, Vermont","0","0","0"
"1000000US500159535002030","Block 2030, Block Group 2, Census Tract 9535, Lamoille County, Vermont","0","0","0"
"1000000US500159535002031","Block 2031, Block Group 2, Census Tract 9535, Lamoille County, Vermont","15","14","1"
"1000000US500159535002032","Block 2032, Block Group 2, Census Tract 9535, Lamoille County, Vermont","0","0","0"
"1000000US500159535002033","Block 2033, Block Group 2, Census Tract 9535, Lamoille County, Vermont","2","2","0"
"1000000US500159535002034","Block 2034, Block Group 2, Census Tract 9535, Lamoille County, Vermont","0","0","0"
"1000000US500159535002035","Block 2035, Block Group 2, Census Tract 9535, Lamoille County, Vermont","1","0","1"
"1000000US500159535002036","Block 2036, Block Group 2, Census Tract 9535, Lamoille County, Vermont","1","1","0"
"1000000US500159535002037","Block 2037, Block Group 2, Census Tract 9535, Lamoille County, Vermont","38","36","2"
"1000000US500159535002038","Block 2038, Block Group 2, Census Tract 9535, Lamoille County, Vermont","50","48","2"
"1000000US500159535002039","Block 2039, Block Group 2, Census Tract 9535, Lamoille County, Vermont","8","7","1"
"1000000US500159535002040","Block 2040, Block Group 2, Census Tract 9535, Lamoille County, Vermont","10","9","1"
"1000000US500159535002041","Block 2041, Block Group 2, Census Tract 9535, Lamoille County, Vermont","3","3","0"
"1000000US500159535002042","Block 2042, Block Group 2, Census Tract 9535, Lamoille County, Vermont","68","53","15"
"1000000US500159535002043","Block 2043, Block Group 2, Census Tract 9535, Lamoille County, Vermont","19","17","2"
"1000000US500159535002044","Block 2044, Block Group 2, Census Tract 9535, Lamoille County, Vermont","0","0","0"
"1000000US500159535002045","Block 2045, Block Group 2, Census Tract 9535, Lamoille County, Vermont","16","16","0"
"1000000US500159535002046","Block 2046, Block Group 2, Census Tract 9535, Lamoille County, Vermont","33","31","2"
"1000000US500159535002047","Block 2047, Block Group 2, Census Tract 9535, Lamoille County, Vermont","11","10","1"
"1000000US500159535002048","Block 2048, Block Group 2, Census Tract 9535, Lamoille County, Vermont","6","6","0"
"1000000US500159535002049","Block 2049, Block Group 2, Census Tract 9535, Lamoille County, Vermont","7","5","2"
"1000000US500159535002050","Block 2050, Block Group 2, Census Tract 9535, Lamoille County, Vermont","4","2","2"
"1000000US500159535002051","Block 2051, Block Group 2, Census Tract 9535, Lamoille County, Vermont","5","4","1"
"1000000US500159535002052","Block 2052, Block Group 2, Census Tract 9535, Lamoille County, Vermont","0","0","0"
"1000000US500159535002053","Block 2053, Block Group 2, Census Tract 9535, Lamoille County, Vermont","0","0","0"
"1000000US500159535002054","Block 2054, Block Group 2, Census Tract 9535, Lamoille County, Vermont","0","0","0"
"1000000US500159535002055","Block 2055, Block Group 2, Census Tract 9535, Lamoille County, Vermont","7","7","0"
"1000000US500159535002056","Block 2056, Block Group 2, Census Tract 9535, Lamoille County, Vermont","4","4","0"
"1000000US500159535002057","Block 2057, Block Group 2, Census Tract 9535, Lamoille County, Vermont","30","24","6"
"1000000US500159535002058","Block 2058, Block Group 2, Census Tract 9535, Lamoille County, Vermont","7","6","1"
"1000000US500159535002059","Block 2059, Block Group 2, Census Tract 9535, Lamoille County, Vermont","0","0","0"
"1000000US500159535002060","Block 2060, Block Group 2, Census Tract 9535, Lamoille County, Vermont","0","0","0"
"1000000US500159535002061","Block 2061, Block Group 2, Census Tract 9535, Lamoille County, Vermont","0","0","0"
"1000000US500159535002062","Block 2062, Block Group 2, Census Tract 9535, Lamoille County, Vermont","0","0","0"
"1000000US500159535002063","Block 2063, Block Group 2, Census Tract 9535, Lamoille County, Vermont","0","0","0"
"1000000US500159535002064","Block 2064, Block Group 2, Census Tract 9535, Lamoille County, Vermont","18","18","0"
"1000000US500159535002065","Block 2065, Block Group 2, Census Tract 9535, Lamoille County, Vermont","18","17","1"
"1000000US500159535002066","Block 2066, Block Group 2, Census Tract 9535, Lamoille County, Vermont","15","13","2"
"1000000US500159535002067","Block 2067, Block Group 2, Census Tract 9535, Lamoille County, Vermont","0","0","0"
"1000000US500159535002068","Block 2068, Block Group 2, Census Tract 9535, Lamoille County, Vermont","0","0","0"
"1000000US500159535002069","Block 2069, Block Group 2, Census Tract 9535, Lamoille County, Vermont","0","0","0"
"1000000US500159535002070","Block 2070, Block Group 2, Census Tract 9535, Lamoille County, Vermont","0","0","0"
"1000000US500159535002071","Block 2071, Block Group 2, Census Tract 9535, Lamoille County, Vermont","2","2","0"
"1000000US500159535002072","Block 2072, Block Group 2, Census Tract 9535, Lamoille County, Vermont","0","0","0"
"1000000US500159535002073","Block 2073, Block Group 2, Census Tract 9535, Lamoille County, Vermont","0","0","0"
"1000000US500159535002074","Block 2074, Block Group 2, Census Tract 9535, Lamoille County, Vermont","3","3","0"
"1000000US500159535002075","Block 2075, Block Group 2, Census Tract 9535, Lamoille County, Vermont","0","0","0"
"1000000US500159535002076","Block 2076, Block Group 2, Census Tract 9535, Lamoille County, Vermont","3","1","2"
"1000000US500159535002077","Block 2077, Block Group 2, Census Tract 9535, Lamoille County, Vermont","19","13","6"
"1000000US500159535002078","Block 2078, Block Group 2, Census Tract 9535, Lamoille County, Vermont","10","6","4"
"1000000US500159535002079","Block 2079, Block Group 2, Census Tract 9535, Lamoille County, Vermont","15","10","5"
"1000000US500159535002080","Block 2080, Block Group 2, Census Tract 9535, Lamoille County, Vermont","1","0","1"
"1000000US500159535002081","Block 2081, Block Group 2, Census Tract 9535, Lamoille County, Vermont","0","0","0"
"1000000US500159535002082","Block 2082, Block Group 2, Census Tract 9535, Lamoille County, Vermont","1","1","0"
"1000000US500159535002083","Block 2083, Block Group 2, Census Tract 9535, Lamoille County, Vermont","0","0","0"
"1000000US500159535002084","Block 2084, Block Group 2, Census Tract 9535, Lamoille County, Vermont","37","32","5"
"1000000US500159535002085","Block 2085, Block Group 2, Census Tract 9535, Lamoille County, Vermont","0","0","0"
"1000000US500159535002086","Block 2086, Block Group 2, Census Tract 9535, Lamoille County, Vermont","28","24","4"
"1000000US500159535002087","Block 2087, Block Group 2, Census Tract 9535, Lamoille County, Vermont","43","33","10"
"1000000US500159535002088","Block 2088, Block Group 2, Census Tract 9535, Lamoille County, Vermont","0","0","0"
"1000000US500159535002089","Block 2089, Block Group 2, Census Tract 9535, Lamoille County, Vermont","13","11","2"
"1000000US500159535002090","Block 2090, Block Group 2, Census Tract 9535, Lamoille County, Vermont","39","30","9"
"1000000US500159535002091","Block 2091, Block Group 2, Census Tract 9535, Lamoille County, Vermont","4","3","1"
"1000000US500159535002092","Block 2092, Block Group 2, Census Tract 9535, Lamoille County, Vermont","7","4","3"
"1000000US500159535002093","Block 2093, Block Group 2, Census Tract 9535, Lamoille County, Vermont","1","1","0"
"1000000US500159535002094","Block 2094, Block Group 2, Census Tract 9535, Lamoille County, Vermont","0","0","0"
"1000000US500159535002095","Block 2095, Block Group 2, Census Tract 9535, Lamoille County, Vermont","28","28","0"
"1000000US500159535002096","Block 2096, Block Group 2, Census Tract 9535, Lamoille County, Vermont","18","15","3"
"1000000US500159535002097","Block 2097, Block Group 2, Census Tract 9535, Lamoille County, Vermont","3","3","0"
"1000000US500159535002098","Block 2098, Block Group 2, Census Tract 9535, Lamoille County, Vermont","3","0","3"
"1000000US500159535002099","Block 2099, Block Group 2, Census Tract 9535, Lamoille County, Vermont","0","0","0"
"1000000US500159535002100","Block 2100, Block Group 2, Census Tract 9535, Lamoille County, Vermont","0","0","0"
"1000000US500159535002101","Block 2101, Block Group 2, Census Tract 9535, Lamoille County, Vermont","0","0","0"
"1000000US500159535003000","Block 3000, Block Group 3, Census Tract 9535, Lamoille County, Vermont","0","0","0"
"1000000US500159535003001","Block 3001, Block Group 3, Census Tract 9535, Lamoille County, Vermont","0","0","0"
"1000000US500159535003002","Block 3002, Block Group 3, Census Tract 9535, Lamoille County, Vermont","0","0","0"
"1000000US500159535003003","Block 3003, Block Group 3, Census Tract 9535, Lamoille County, Vermont","6","6","0"
"1000000US500159535003004","Block 3004, Block Group 3, Census Tract 9535, Lamoille County, Vermont","0","0","0"
"1000000US500159535003005","Block 3005, Block Group 3, Census Tract 9535, Lamoille County, Vermont","0","0","0"
"1000000US500159535003006","Block 3006, Block Group 3, Census Tract 9535, Lamoille County, Vermont","0","0","0"
"1000000US500159535003007","Block 3007, Block Group 3, Census Tract 9535, Lamoille County, Vermont","0","0","0"
"1000000US500159535003008","Block 3008, Block Group 3, Census Tract 9535, Lamoille County, Vermont","66","60","6"
"1000000US500159535003009","Block 3009, Block Group 3, Census Tract 9535, Lamoille County, Vermont","0","0","0"
"1000000US500159535003010","Block 3010, Block Group 3, Census Tract 9535, Lamoille County, Vermont","19","19","0"
"1000000US500159535003011","Block 3011, Block Group 3, Census Tract 9535, Lamoille County, Vermont","50","47","3"
"1000000US500159535003012","Block 3012, Block Group 3, Census Tract 9535, Lamoille County, Vermont","3","3","0"
"1000000US500159535003013","Block 3013, Block Group 3, Census Tract 9535, Lamoille County, Vermont","21","18","3"
"1000000US500159535003014","Block 3014, Block Group 3, Census Tract 9535, Lamoille County, Vermont","33","28","5"
"1000000US500159535003015","Block 3015, Block Group 3, Census Tract 9535, Lamoille County, Vermont","40","25","15"
"1000000US500159535003016","Block 3016, Block Group 3, Census Tract 9535, Lamoille County, Vermont","28","24","4"
"1000000US500159535003017","Block 3017, Block Group 3, Census Tract 9535, Lamoille County, Vermont","12","9","3"
"1000000US500159535003018","Block 3018, Block Group 3, Census Tract 9535, Lamoille County, Vermont","72","70","2"
"1000000US500159535003019","Block 3019, Block Group 3, Census Tract 9535, Lamoille County, Vermont","129","124","5"
"1000000US500159535003020","Block 3020, Block Group 3, Census Tract 9535, Lamoille County, Vermont","8","8","0"
"1000000US500159535003021","Block 3021, Block Group 3, Census Tract 9535, Lamoille County, Vermont","32","28","4"
"1000000US500159535003022","Block 3022, Block Group 3, Census Tract 9535, Lamoille County, Vermont","8","7","1"
"1000000US500159535003023","Block 3023, Block Group 3, Census Tract 9535, Lamoille County, Vermont","0","0","0"
"1000000US500159535003024","Block 3024, Block Group 3, Census Tract 9535, Lamoille County, Vermont","10","10","0"
"1000000US500159535003025","Block 3025, Block Group 3, Census Tract 9535, Lamoille County, Vermont","54","47","7"
"1000000US500159535003026","Block 3026, Block Group 3, Census Tract 9535, Lamoille County, Vermont","2","2","0"
"1000000US500159535003027","Block 3027, Block Group 3, Census Tract 9535, Lamoille County, Vermont","21","20","1"
"1000000US500159535003028","Block 3028, Block Group 3, Census Tract 9535, Lamoille County, Vermont","56","52","4"
"1000000US500159535003029","Block 3029, Block Group 3, Census Tract 9535, Lamoille County, Vermont","0","0","0"
"1000000US500159535003030","Block 3030, Block Group 3, Census Tract 9535, Lamoille County, Vermont","8","7","1"
"1000000US500159535003031","Block 3031, Block Group 3, Census Tract 9535, Lamoille County, Vermont","33","29","4"
"1000000US500159535003032","Block 3032, Block Group 3, Census Tract 9535, Lamoille County, Vermont","0","0","0"
"1000000US500159535003033","Block 3033, Block Group 3, Census Tract 9535, Lamoille County, Vermont","10","8","2"
"1000000US500159535003034","Block 3034, Block Group 3, Census Tract 9535, Lamoille County, Vermont","14","14","0"
"1000000US500159535003035","Block 3035, Block Group 3, Census Tract 9535, Lamoille County, Vermont","32","31","1"
"1000000US500159535003036","Block 3036, Block Group 3, Census Tract 9535, Lamoille County, Vermont","36","32","4"
"1000000US500159535003037","Block 3037, Block Group 3, Census Tract 9535, Lamoille County, Vermont","0","0","0"
"1000000US500159535003038","Block 3038, Block Group 3, Census Tract 9535, Lamoille County, Vermont","8","8","0"
"1000000US500159535003039","Block 3039, Block Group 3, Census Tract 9535, Lamoille County, Vermont","10","10","0"
"1000000US500159535003040","Block 3040, Block Group 3, Census Tract 9535, Lamoille County, Vermont","8","8","0"
"1000000US500159535003041","Block 3041, Block Group 3, Census Tract 9535, Lamoille County, Vermont","0","0","0"
"1000000US500159535003042","Block 3042, Block Group 3, Census Tract 9535, Lamoille County, Vermont","21","20","1"
"1000000US500159535003043","Block 3043, Block Group 3, Census Tract 9535, Lamoille County, Vermont","2","2","0"
"1000000US500159535003044","Block 3044, Block Group 3, Census Tract 9535, Lamoille County, Vermont","11","10","1"
"1000000US500159535003045","Block 3045, Block Group 3, Census Tract 9535, Lamoille County, Vermont","16","15","1"
"1000000US500159535003046","Block 3046, Block Group 3, Census Tract 9535, Lamoille County, Vermont","48","45","3"
"1000000US500159535003047","Block 3047, Block Group 3, Census Tract 9535, Lamoille County, Vermont","3","2","1"
"1000000US500159535003048","Block 3048, Block Group 3, Census Tract 9535, Lamoille County, Vermont","18","15","3"
"1000000US500159535003049","Block 3049, Block Group 3, Census Tract 9535, Lamoille County, Vermont","18","14","4"
"1000000US500159535003050","Block 3050, Block Group 3, Census Tract 9535, Lamoille County, Vermont","1","1","0"
"1000000US500159535003051","Block 3051, Block Group 3, Census Tract 9535, Lamoille County, Vermont","0","0","0"
"1000000US500159535003052","Block 3052, Block Group 3, Census Tract 9535, Lamoille County, Vermont","12","11","1"
"1000000US500159535003053","Block 3053, Block Group 3, Census Tract 9535, Lamoille County, Vermont","11","8","3"
"1000000US500159535003054","Block 3054, Block Group 3, Census Tract 9535, Lamoille County, Vermont","6","4","2"
"1000000US500159535003055","Block 3055, Block Group 3, Census Tract 9535, Lamoille County, Vermont","0","0","0"
"1000000US500159535003056","Block 3056, Block Group 3, Census Tract 9535, Lamoille County, Vermont","4","4","0"
"1000000US500159535003057","Block 3057, Block Group 3, Census Tract 9535, Lamoille County, Vermont","5","5","0"
"1000000US500159535003058","Block 3058, Block Group 3, Census Tract 9535, Lamoille County, Vermont","19","17","2"
"1000000US500159535003059","Block 3059, Block Group 3, Census Tract 9535, Lamoille County, Vermont","0","0","0"
"1000000US500159535003060","Block 3060, Block Group 3, Census Tract 9535, Lamoille County, Vermont","2","2","0"
"1000000US500159535003061","Block 3061, Block Group 3, Census Tract 9535, Lamoille County, Vermont","15","13","2"
"1000000US500159535003062","Block 3062, Block Group 3, Census Tract 9535, Lamoille County, Vermont","0","0","0"
"1000000US500159535003063","Block 3063, Block Group 3, Census Tract 9535, Lamoille County, Vermont","0","0","0"
"1000000US500159535003064","Block 3064, Block Group 3, Census Tract 9535, Lamoille County, Vermont","0","0","0"
"1000000US500159535003065","Block 3065, Block Group 3, Census Tract 9535, Lamoille County, Vermont","0","0","0"
"1000000US500159535003066","Block 3066, Block Group 3, Census Tract 9535, Lamoille County, Vermont","2","2","0"
"1000000US500159536001000","Block 1000, Block Group 1, Census Tract 9536, Lamoille County, Vermont","259","88","171"
"1000000US500159536001001","Block 1001, Block Group 1, Census Tract 9536, Lamoille County, Vermont","7","3","4"
"1000000US500159536001002","Block 1002, Block Group 1, Census Tract 9536, Lamoille County, Vermont","7","4","3"
"1000000US500159536001003","Block 1003, Block Group 1, Census Tract 9536, Lamoille County, Vermont","0","0","0"
"1000000US500159536001004","Block 1004, Block Group 1, Census Tract 9536, Lamoille County, Vermont","6","2","4"
"1000000US500159536001005","Block 1005, Block Group 1, Census Tract 9536, Lamoille County, Vermont","4","0","4"
"1000000US500159536001006","Block 1006, Block Group 1, Census Tract 9536, Lamoille County, Vermont","50","19","31"
"1000000US500159536001007","Block 1007, Block Group 1, Census Tract 9536, Lamoille County, Vermont","1","0","1"
"1000000US500159536001008","Block 1008, Block Group 1, Census Tract 9536, Lamoille County, Vermont","3","1","2"
"1000000US500159536001009","Block 1009, Block Group 1, Census Tract 9536, Lamoille County, Vermont","17","3","14"
"1000000US500159536001010","Block 1010, Block Group 1, Census Tract 9536, Lamoille County, Vermont","5","1","4"
"1000000US500159536001011","Block 1011, Block Group 1, Census Tract 9536, Lamoille County, Vermont","0","0","0"
"1000000US500159536001012","Block 1012, Block Group 1, Census Tract 9536, Lamoille County, Vermont","2","2","0"
"1000000US500159536001013","Block 1013, Block Group 1, Census Tract 9536, Lamoille County, Vermont","38","2","36"
"1000000US500159536001014","Block 1014, Block Group 1, Census Tract 9536, Lamoille County, Vermont","0","0","0"
"1000000US500159536001015","Block 1015, Block Group 1, Census Tract 9536, Lamoille County, Vermont","0","0","0"
"1000000US500159536001016","Block 1016, Block Group 1, Census Tract 9536, Lamoille County, Vermont","0","0","0"
"1000000US500159536001017","Block 1017, Block Group 1, Census Tract 9536, Lamoille County, Vermont","0","0","0"
"1000000US500159536001018","Block 1018, Block Group 1, Census Tract 9536, Lamoille County, Vermont","228","98","130"
"1000000US500159536001019","Block 1019, Block Group 1, Census Tract 9536, Lamoille County, Vermont","6","1","5"
"1000000US500159536001020","Block 1020, Block Group 1, Census Tract 9536, Lamoille County, Vermont","0","0","0"
"1000000US500159536001021","Block 1021, Block Group 1, Census Tract 9536, Lamoille County, Vermont","13","4","9"
"1000000US500159536001022","Block 1022, Block Group 1, Census Tract 9536, Lamoille County, Vermont","15","6","9"
"1000000US500159536001023","Block 1023, Block Group 1, Census Tract 9536, Lamoille County, Vermont","9","4","5"
"1000000US500159536001024","Block 1024, Block Group 1, Census Tract 9536, Lamoille County, Vermont","16","4","12"
"1000000US500159536001025","Block 1025, Block Group 1, Census Tract 9536, Lamoille County, Vermont","0","0","0"
"1000000US500159536001026","Block 1026, Block Group 1, Census Tract 9536, Lamoille County, Vermont","12","9","3"
"1000000US500159536001027","Block 1027, Block Group 1, Census Tract 9536, Lamoille County, Vermont","35","18","17"
"1000000US500159536001028","Block 1028, Block Group 1, Census Tract 9536, Lamoille County, Vermont","122","79","43"
"1000000US500159536001029","Block 1029, Block Group 1, Census Tract 9536, Lamoille County, Vermont","5","2","3"
"1000000US500159536001030","Block 1030, Block Group 1, Census Tract 9536, Lamoille County, Vermont","3","3","0"
"1000000US500159536001031","Block 1031, Block Group 1, Census Tract 9536, Lamoille County, Vermont","1","1","0"
"1000000US500159536001032","Block 1032, Block Group 1, Census Tract 9536, Lamoille County, Vermont","9","9","0"
"1000000US500159536001033","Block 1033, Block Group 1, Census Tract 9536, Lamoille County, Vermont","0","0","0"
"1000000US500159536001034","Block 1034, Block Group 1, Census Tract 9536, Lamoille County, Vermont","0","0","0"
"1000000US500159536001035","Block 1035, Block Group 1, Census Tract 9536, Lamoille County, Vermont","5","4","1"
"1000000US500159536001036","Block 1036, Block Group 1, Census Tract 9536, Lamoille County, Vermont","18","14","4"
"1000000US500159536001037","Block 1037, Block Group 1, Census Tract 9536, Lamoille County, Vermont","3","1","2"
"1000000US500159536001038","Block 1038, Block Group 1, Census Tract 9536, Lamoille County, Vermont","2","1","1"
"1000000US500159536001039","Block 1039, Block Group 1, Census Tract 9536, Lamoille County, Vermont","6","6","0"
"1000000US500159536001040","Block 1040, Block Group 1, Census Tract 9536, Lamoille County, Vermont","103","26","77"
"1000000US500159536001041","Block 1041, Block Group 1, Census Tract 9536, Lamoille County, Vermont","8","1","7"
"1000000US500159536001042","Block 1042, Block Group 1, Census Tract 9536, Lamoille County, Vermont","7","1","6"
"1000000US500159536001043","Block 1043, Block Group 1, Census Tract 9536, Lamoille County, Vermont","3","3","0"
"1000000US500159536001044","Block 1044, Block Group 1, Census Tract 9536, Lamoille County, Vermont","0","0","0"
"1000000US500159536001045","Block 1045, Block Group 1, Census Tract 9536, Lamoille County, Vermont","0","0","0"
"1000000US500159536001046","Block 1046, Block Group 1, Census Tract 9536, Lamoille County, Vermont","0","0","0"
"1000000US500159536001047","Block 1047, Block Group 1, Census Tract 9536, Lamoille County, Vermont","0","0","0"
"1000000US500159536001048","Block 1048, Block Group 1, Census Tract 9536, Lamoille County, Vermont","43","15","28"
"1000000US500159536001049","Block 1049, Block Group 1, Census Tract 9536, Lamoille County, Vermont","53","12","41"
"1000000US500159536001050","Block 1050, Block Group 1, Census Tract 9536, Lamoille County, Vermont","0","0","0"
"1000000US500159536001051","Block 1051, Block Group 1, Census Tract 9536, Lamoille County, Vermont","32","0","32"
"1000000US500159536001052","Block 1052, Block Group 1, Census Tract 9536, Lamoille County, Vermont","1","1","0"
"1000000US500159536001053","Block 1053, Block Group 1, Census Tract 9536, Lamoille County, Vermont","0","0","0"
"1000000US500159536001054","Block 1054, Block Group 1, Census Tract 9536, Lamoille County, Vermont","26","24","2"
"1000000US500159536001055","Block 1055, Block Group 1, Census Tract 9536, Lamoille County, Vermont","22","12","10"
"1000000US500159536001056","Block 1056, Block Group 1, Census Tract 9536, Lamoille County, Vermont","0","0","0"
"1000000US500159536001057","Block 1057, Block Group 1, Census Tract 9536, Lamoille County, Vermont","0","0","0"
"1000000US500159536001058","Block 1058, Block Group 1, Census Tract 9536, Lamoille County, Vermont","27","22","5"
"1000000US500159536001059","Block 1059, Block Group 1, Census Tract 9536, Lamoille County, Vermont","25","22","3"
"1000000US500159536001060","Block 1060, Block Group 1, Census Tract 9536, Lamoille County, Vermont","27","2","25"
"1000000US500159536001061","Block 1061, Block Group 1, Census Tract 9536, Lamoille County, Vermont","8","7","1"
"1000000US500159536001062","Block 1062, Block Group 1, Census Tract 9536, Lamoille County, Vermont","30","2","28"
"1000000US500159536001063","Block 1063, Block Group 1, Census Tract 9536, Lamoille County, Vermont","0","0","0"
"1000000US500159536001064","Block 1064, Block Group 1, Census Tract 9536, Lamoille County, Vermont","12","11","1"
"1000000US500159536001065","Block 1065, Block Group 1, Census Tract 9536, Lamoille County, Vermont","43","40","3"
"1000000US500159536001066","Block 1066, Block Group 1, Census Tract 9536, Lamoille County, Vermont","2","2","0"
"1000000US500159536001067","Block 1067, Block Group 1, Census Tract 9536, Lamoille County, Vermont","0","0","0"
"1000000US500159536001068","Block 1068, Block Group 1, Census Tract 9536, Lamoille County, Vermont","0","0","0"
"1000000US500159536001069","Block 1069, Block Group 1, Census Tract 9536, Lamoille County, Vermont","4","4","0"
"1000000US500159536001070","Block 1070, Block Group 1, Census Tract 9536, Lamoille County, Vermont","0","0","0"
"1000000US500159536001071","Block 1071, Block Group 1, Census Tract 9536, Lamoille County, Vermont","33","20","13"
"1000000US500159536001072","Block 1072, Block Group 1, Census Tract 9536, Lamoille County, Vermont","0","0","0"
"1000000US500159536001073","Block 1073, Block Group 1, Census Tract 9536, Lamoille County, Vermont","3","2","1"
"1000000US500159536001074","Block 1074, Block Group 1, Census Tract 9536, Lamoille County, Vermont","19","10","9"
"1000000US500159536001075","Block 1075, Block Group 1, Census Tract 9536, Lamoille County, Vermont","0","0","0"
"1000000US500159536001076","Block 1076, Block Group 1, Census Tract 9536, Lamoille County, Vermont","0","0","0"
"1000000US500159536001077","Block 1077, Block Group 1, Census Tract 9536, Lamoille County, Vermont","4","3","1"
"1000000US500159536001078","Block 1078, Block Group 1, Census Tract 9536, Lamoille County, Vermont","2","2","0"
"1000000US500159536001079","Block 1079, Block Group 1, Census Tract 9536, Lamoille County, Vermont","13","5","8"
"1000000US500159536002000","Block 2000, Block Group 2, Census Tract 9536, Lamoille County, Vermont","202","146","56"
"1000000US500159536002001","Block 2001, Block Group 2, Census Tract 9536, Lamoille County, Vermont","8","8","0"
"1000000US500159536002002","Block 2002, Block Group 2, Census Tract 9536, Lamoille County, Vermont","2","1","1"
"1000000US500159536002003","Block 2003, Block Group 2, Census Tract 9536, Lamoille County, Vermont","4","3","1"
"1000000US500159536002004","Block 2004, Block Group 2, Census Tract 9536, Lamoille County, Vermont","207","134","73"
"1000000US500159536002005","Block 2005, Block Group 2, Census Tract 9536, Lamoille County, Vermont","2","2","0"
"1000000US500159536002006","Block 2006, Block Group 2, Census Tract 9536, Lamoille County, Vermont","2","2","0"
"1000000US500159536002007","Block 2007, Block Group 2, Census Tract 9536, Lamoille County, Vermont","0","0","0"
"1000000US500159536002008","Block 2008, Block Group 2, Census Tract 9536, Lamoille County, Vermont","10","5","5"
"1000000US500159536002009","Block 2009, Block Group 2, Census Tract 9536, Lamoille County, Vermont","0","0","0"
"1000000US500159536002010","Block 2010, Block Group 2, Census Tract 9536, Lamoille County, Vermont","4","3","1"
"1000000US500159536002011","Block 2011, Block Group 2, Census Tract 9536, Lamoille County, Vermont","14","8","6"
"1000000US500159536002012","Block 2012, Block Group 2, Census Tract 9536, Lamoille County, Vermont","150","91","59"
"1000000US500159536002013","Block 2013, Block Group 2, Census Tract 9536, Lamoille County, Vermont","11","7","4"
"1000000US500159536002014","Block 2014, Block Group 2, Census Tract 9536, Lamoille County, Vermont","0","0","0"
"1000000US500159536002015","Block 2015, Block Group 2, Census Tract 9536, Lamoille County, Vermont","5","2","3"
"1000000US500159536002016","Block 2016, Block Group 2, Census Tract 9536, Lamoille County, Vermont","35","25","10"
"1000000US500159536002017","Block 2017, Block Group 2, Census Tract 9536, Lamoille County, Vermont","0","0","0"
"1000000US500159536002018","Block 2018, Block Group 2, Census Tract 9536, Lamoille County, Vermont","124","98","26"
"1000000US500159536002019","Block 2019, Block Group 2, Census Tract 9536, Lamoille County, Vermont","8","8","0"
"1000000US500159536002020","Block 2020, Block Group 2, Census Tract 9536, Lamoille County, Vermont","13","10","3"
"1000000US500159536002021","Block 2021, Block Group 2, Census Tract 9536, Lamoille County, Vermont","0","0","0"
"1000000US500159536002022","Block 2022, Block Group 2, Census Tract 9536, Lamoille County, Vermont","0","0","0"
"1000000US500159536002023","Block 2023, Block Group 2, Census Tract 9536, Lamoille County, Vermont","34","26","8"
"1000000US500159536002024","Block 2024, Block Group 2, Census Tract 9536, Lamoille County, Vermont","0","0","0"
"1000000US500159536002025","Block 2025, Block Group 2, Census Tract 9536, Lamoille County, Vermont","0","0","0"
"1000000US500159536002026","Block 2026, Block Group 2, Census Tract 9536, Lamoille County, Vermont","4","4","0"
"1000000US500159536002027","Block 2027, Block Group 2, Census Tract 9536, Lamoille County, Vermont","39","33","6"
"1000000US500159536002028","Block 2028, Block Group 2, Census Tract 9536, Lamoille County, Vermont","14","9","5"
"1000000US500159536002029","Block 2029, Block Group 2, Census Tract 9536, Lamoille County, Vermont","8","0","8"
"1000000US500159536002030","Block 2030, Block Group 2, Census Tract 9536, Lamoille County, Vermont","5","2","3"
"1000000US500159536002031","Block 2031, Block Group 2, Census Tract 9536, Lamoille County, Vermont","95","67","28"
"1000000US500159536002032","Block 2032, Block Group 2, Census Tract 9536, Lamoille County, Vermont","0","0","0"
"1000000US500159536002033","Block 2033, Block Group 2, Census Tract 9536, Lamoille County, Vermont","40","24","16"
"1000000US500159536002034","Block 2034, Block Group 2, Census Tract 9536, Lamoille County, Vermont","4","3","1"
"1000000US500159536002035","Block 2035, Block Group 2, Census Tract 9536, Lamoille County, Vermont","0","0","0"
"1000000US500159536002036","Block 2036, Block Group 2, Census Tract 9536, Lamoille County, Vermont","66","39","27"
"1000000US500159536002037","Block 2037, Block Group 2, Census Tract 9536, Lamoille County, Vermont","0","0","0"
"1000000US500159536002038","Block 2038, Block Group 2, Census Tract 9536, Lamoille County, Vermont","1","1","0"
"1000000US500159536002039","Block 2039, Block Group 2, Census Tract 9536, Lamoille County, Vermont","8","6","2"
"1000000US500159536002040","Block 2040, Block Group 2, Census Tract 9536, Lamoille County, Vermont","24","14","10"
"1000000US500159536002041","Block 2041, Block Group 2, Census Tract 9536, Lamoille County, Vermont","16","11","5"
"1000000US500159536002042","Block 2042, Block Group 2, Census Tract 9536, Lamoille County, Vermont","9","5","4"
"1000000US500159536002043","Block 2043, Block Group 2, Census Tract 9536, Lamoille County, Vermont","19","17","2"
"1000000US500159536002044","Block 2044, Block Group 2, Census Tract 9536, Lamoille County, Vermont","0","0","0"
"1000000US500159536003000","Block 3000, Block Group 3, Census Tract 9536, Lamoille County, Vermont","187","39","148"
"1000000US500159536003001","Block 3001, Block Group 3, Census Tract 9536, Lamoille County, Vermont","0","0","0"
"1000000US500159536003002","Block 3002, Block Group 3, Census Tract 9536, Lamoille County, Vermont","0","0","0"
"1000000US500159536003003","Block 3003, Block Group 3, Census Tract 9536, Lamoille County, Vermont","3","0","3"
"1000000US500159536003004","Block 3004, Block Group 3, Census Tract 9536, Lamoille County, Vermont","8","0","8"
"1000000US500159536003005","Block 3005, Block Group 3, Census Tract 9536, Lamoille County, Vermont","1","1","0"
"1000000US500159536003006","Block 3006, Block Group 3, Census Tract 9536, Lamoille County, Vermont","12","5","7"
"1000000US500159536003007","Block 3007, Block Group 3, Census Tract 9536, Lamoille County, Vermont","0","0","0"
"1000000US500159536003008","Block 3008, Block Group 3, Census Tract 9536, Lamoille County, Vermont","6","4","2"
"1000000US500159536003009","Block 3009, Block Group 3, Census Tract 9536, Lamoille County, Vermont","0","0","0"
"1000000US500159536003010","Block 3010, Block Group 3, Census Tract 9536, Lamoille County, Vermont","0","0","0"
"1000000US500159536003011","Block 3011, Block Group 3, Census Tract 9536, Lamoille County, Vermont","0","0","0"
"1000000US500159536003012","Block 3012, Block Group 3, Census Tract 9536, Lamoille County, Vermont","11","4","7"
"1000000US500159536003013","Block 3013, Block Group 3, Census Tract 9536, Lamoille County, Vermont","0","0","0"
"1000000US500159536003014","Block 3014, Block Group 3, Census Tract 9536, Lamoille County, Vermont","9","6","3"
"1000000US500159536003015","Block 3015, Block Group 3, Census Tract 9536, Lamoille County, Vermont","298","159","139"
"1000000US500159536003016","Block 3016, Block Group 3, Census Tract 9536, Lamoille County, Vermont","4","4","0"
"1000000US500159536003017","Block 3017, Block Group 3, Census Tract 9536, Lamoille County, Vermont","7","1","6"
"1000000US500159536003018","Block 3018, Block Group 3, Census Tract 9536, Lamoille County, Vermont","0","0","0"
"1000000US500159536003019","Block 3019, Block Group 3, Census Tract 9536, Lamoille County, Vermont","0","0","0"
"1000000US500159536003020","Block 3020, Block Group 3, Census Tract 9536, Lamoille County, Vermont","33","27","6"
"1000000US500159536003021","Block 3021, Block Group 3, Census Tract 9536, Lamoille County, Vermont","0","0","0"
"1000000US500159536003022","Block 3022, Block Group 3, Census Tract 9536, Lamoille County, Vermont","4","4","0"
"1000000US500159536003023","Block 3023, Block Group 3, Census Tract 9536, Lamoille County, Vermont","36","30","6"
"1000000US500159536003024","Block 3024, Block Group 3, Census Tract 9536, Lamoille County, Vermont","0","0","0"
"1000000US500159536003025","Block 3025, Block Group 3, Census Tract 9536, Lamoille County, Vermont","4","4","0"
"1000000US500159536003026","Block 3026, Block Group 3, Census Tract 9536, Lamoille County, Vermont","0","0","0"
"1000000US500159536003027","Block 3027, Block Group 3, Census Tract 9536, Lamoille County, Vermont","7","6","1"
"1000000US500159536003028","Block 3028, Block Group 3, Census Tract 9536, Lamoille County, Vermont","0","0","0"
"1000000US500159536003029","Block 3029, Block Group 3, Census Tract 9536, Lamoille County, Vermont","0","0","0"
"1000000US500159536003030","Block 3030, Block Group 3, Census Tract 9536, Lamoille County, Vermont","20","20","0"
"1000000US500159536003031","Block 3031, Block Group 3, Census Tract 9536, Lamoille County, Vermont","5","5","0"
"1000000US500159536003032","Block 3032, Block Group 3, Census Tract 9536, Lamoille County, Vermont","0","0","0"
"1000000US500159536003033","Block 3033, Block Group 3, Census Tract 9536, Lamoille County, Vermont","19","14","5"
"1000000US500159536003034","Block 3034, Block Group 3, Census Tract 9536, Lamoille County, Vermont","0","0","0"
"1000000US500159536003035","Block 3035, Block Group 3, Census Tract 9536, Lamoille County, Vermont","2","2","0"
"1000000US500159536003036","Block 3036, Block Group 3, Census Tract 9536, Lamoille County, Vermont","26","25","1"
"1000000US500159536003037","Block 3037, Block Group 3, Census Tract 9536, Lamoille County, Vermont","0","0","0"
"1000000US500159536003038","Block 3038, Block Group 3, Census Tract 9536, Lamoille County, Vermont","2","2","0"
"1000000US500159536003039","Block 3039, Block Group 3, Census Tract 9536, Lamoille County, Vermont","10","6","4"
"1000000US500159536003040","Block 3040, Block Group 3, Census Tract 9536, Lamoille County, Vermont","0","0","0"
"1000000US500159536003041","Block 3041, Block Group 3, Census Tract 9536, Lamoille County, Vermont","26","18","8"
"1000000US500159536003042","Block 3042, Block Group 3, Census Tract 9536, Lamoille County, Vermont","0","0","0"
"1000000US500159536003043","Block 3043, Block Group 3, Census Tract 9536, Lamoille County, Vermont","0","0","0"
"1000000US500159536003044","Block 3044, Block Group 3, Census Tract 9536, Lamoille County, Vermont","4","2","2"
"1000000US500159536003045","Block 3045, Block Group 3, Census Tract 9536, Lamoille County, Vermont","0","0","0"
"1000000US500159536003046","Block 3046, Block Group 3, Census Tract 9536, Lamoille County, Vermont","27","17","10"
"1000000US500159536003047","Block 3047, Block Group 3, Census Tract 9536, Lamoille County, Vermont","4","3","1"
"1000000US500159536003048","Block 3048, Block Group 3, Census Tract 9536, Lamoille County, Vermont","11","9","2"
"1000000US500159536003049","Block 3049, Block Group 3, Census Tract 9536, Lamoille County, Vermont","0","0","0"
"1000000US500159536003050","Block 3050, Block Group 3, Census Tract 9536, Lamoille County, Vermont","57","48","9"
"1000000US500159536003051","Block 3051, Block Group 3, Census Tract 9536, Lamoille County, Vermont","1","1","0"
"1000000US500159536003052","Block 3052, Block Group 3, Census Tract 9536, Lamoille County, Vermont","0","0","0"
"1000000US500159536003053","Block 3053, Block Group 3, Census Tract 9536, Lamoille County, Vermont","4","3","1"
"1000000US500159536003054","Block 3054, Block Group 3, Census Tract 9536, Lamoille County, Vermont","3","1","2"
"1000000US500159536003055","Block 3055, Block Group 3, Census Tract 9536, Lamoille County, Vermont","2","1","1"
"1000000US500159536003056","Block 3056, Block Group 3, Census Tract 9536, Lamoille County, Vermont","13","11","2"
"1000000US500159536003057","Block 3057, Block Group 3, Census Tract 9536, Lamoille County, Vermont","0","0","0"
"1000000US500159536003058","Block 3058, Block Group 3, Census Tract 9536, Lamoille County, Vermont","0","0","0"
"1000000US500159536003059","Block 3059, Block Group 3, Census Tract 9536, Lamoille County, Vermont","0","0","0"
"1000000US500159536003060","Block 3060, Block Group 3, Census Tract 9536, Lamoille County, Vermont","16","14","2"
"1000000US500179590001000","Block 1000, Block Group 1, Census Tract 9590, Orange County, Vermont","0","0","0"
"1000000US500179590001001","Block 1001, Block Group 1, Census Tract 9590, Orange County, Vermont","9","5","4"
"1000000US500179590001002","Block 1002, Block Group 1, Census Tract 9590, Orange County, Vermont","0","0","0"
"1000000US500179590001003","Block 1003, Block Group 1, Census Tract 9590, Orange County, Vermont","9","5","4"
"1000000US500179590001004","Block 1004, Block Group 1, Census Tract 9590, Orange County, Vermont","4","2","2"
"1000000US500179590001005","Block 1005, Block Group 1, Census Tract 9590, Orange County, Vermont","2","2","0"
"1000000US500179590001006","Block 1006, Block Group 1, Census Tract 9590, Orange County, Vermont","0","0","0"
"1000000US500179590001007","Block 1007, Block Group 1, Census Tract 9590, Orange County, Vermont","2","1","1"
"1000000US500179590001008","Block 1008, Block Group 1, Census Tract 9590, Orange County, Vermont","0","0","0"
"1000000US500179590001009","Block 1009, Block Group 1, Census Tract 9590, Orange County, Vermont","0","0","0"
"1000000US500179590001010","Block 1010, Block Group 1, Census Tract 9590, Orange County, Vermont","0","0","0"
"1000000US500179590001011","Block 1011, Block Group 1, Census Tract 9590, Orange County, Vermont","2","1","1"
"1000000US500179590001012","Block 1012, Block Group 1, Census Tract 9590, Orange County, Vermont","0","0","0"
"1000000US500179590001013","Block 1013, Block Group 1, Census Tract 9590, Orange County, Vermont","0","0","0"
"1000000US500179590001014","Block 1014, Block Group 1, Census Tract 9590, Orange County, Vermont","2","2","0"
"1000000US500179590001015","Block 1015, Block Group 1, Census Tract 9590, Orange County, Vermont","0","0","0"
"1000000US500179590001016","Block 1016, Block Group 1, Census Tract 9590, Orange County, Vermont","2","1","1"
"1000000US500179590001017","Block 1017, Block Group 1, Census Tract 9590, Orange County, Vermont","1","1","0"
"1000000US500179590001018","Block 1018, Block Group 1, Census Tract 9590, Orange County, Vermont","0","0","0"
"1000000US500179590001019","Block 1019, Block Group 1, Census Tract 9590, Orange County, Vermont","0","0","0"
"1000000US500179590001020","Block 1020, Block Group 1, Census Tract 9590, Orange County, Vermont","0","0","0"
"1000000US500179590001021","Block 1021, Block Group 1, Census Tract 9590, Orange County, Vermont","11","11","0"
"1000000US500179590001022","Block 1022, Block Group 1, Census Tract 9590, Orange County, Vermont","0","0","0"
"1000000US500179590001023","Block 1023, Block Group 1, Census Tract 9590, Orange County, Vermont","0","0","0"
"1000000US500179590001024","Block 1024, Block Group 1, Census Tract 9590, Orange County, Vermont","0","0","0"
"1000000US500179590001025","Block 1025, Block Group 1, Census Tract 9590, Orange County, Vermont","3","3","0"
"1000000US500179590001026","Block 1026, Block Group 1, Census Tract 9590, Orange County, Vermont","11","10","1"
"1000000US500179590001027","Block 1027, Block Group 1, Census Tract 9590, Orange County, Vermont","0","0","0"
"1000000US500179590001028","Block 1028, Block Group 1, Census Tract 9590, Orange County, Vermont","0","0","0"
"1000000US500179590001029","Block 1029, Block Group 1, Census Tract 9590, Orange County, Vermont","2","1","1"
"1000000US500179590001030","Block 1030, Block Group 1, Census Tract 9590, Orange County, Vermont","0","0","0"
"1000000US500179590001031","Block 1031, Block Group 1, Census Tract 9590, Orange County, Vermont","2","2","0"
"1000000US500179590001032","Block 1032, Block Group 1, Census Tract 9590, Orange County, Vermont","1","1","0"
"1000000US500179590001033","Block 1033, Block Group 1, Census Tract 9590, Orange County, Vermont","19","17","2"
"1000000US500179590001034","Block 1034, Block Group 1, Census Tract 9590, Orange County, Vermont","0","0","0"
"1000000US500179590001035","Block 1035, Block Group 1, Census Tract 9590, Orange County, Vermont","1","1","0"
"1000000US500179590001036","Block 1036, Block Group 1, Census Tract 9590, Orange County, Vermont","0","0","0"
"1000000US500179590001037","Block 1037, Block Group 1, Census Tract 9590, Orange County, Vermont","0","0","0"
"1000000US500179590001038","Block 1038, Block Group 1, Census Tract 9590, Orange County, Vermont","10","9","1"
"1000000US500179590001039","Block 1039, Block Group 1, Census Tract 9590, Orange County, Vermont","0","0","0"
"1000000US500179590001040","Block 1040, Block Group 1, Census Tract 9590, Orange County, Vermont","2","2","0"
"1000000US500179590001041","Block 1041, Block Group 1, Census Tract 9590, Orange County, Vermont","5","4","1"
"1000000US500179590001042","Block 1042, Block Group 1, Census Tract 9590, Orange County, Vermont","3","3","0"
"1000000US500179590001043","Block 1043, Block Group 1, Census Tract 9590, Orange County, Vermont","10","8","2"
"1000000US500179590001044","Block 1044, Block Group 1, Census Tract 9590, Orange County, Vermont","70","65","5"
"1000000US500179590001045","Block 1045, Block Group 1, Census Tract 9590, Orange County, Vermont","3","3","0"
"1000000US500179590001046","Block 1046, Block Group 1, Census Tract 9590, Orange County, Vermont","23","21","2"
"1000000US500179590001047","Block 1047, Block Group 1, Census Tract 9590, Orange County, Vermont","0","0","0"
"1000000US500179590001048","Block 1048, Block Group 1, Census Tract 9590, Orange County, Vermont","9","7","2"
"1000000US500179590001049","Block 1049, Block Group 1, Census Tract 9590, Orange County, Vermont","18","14","4"
"1000000US500179590001050","Block 1050, Block Group 1, Census Tract 9590, Orange County, Vermont","0","0","0"
"1000000US500179590001051","Block 1051, Block Group 1, Census Tract 9590, Orange County, Vermont","0","0","0"
"1000000US500179590001052","Block 1052, Block Group 1, Census Tract 9590, Orange County, Vermont","7","6","1"
"1000000US500179590001053","Block 1053, Block Group 1, Census Tract 9590, Orange County, Vermont","1","1","0"
"1000000US500179590001054","Block 1054, Block Group 1, Census Tract 9590, Orange County, Vermont","24","13","11"
"1000000US500179590001055","Block 1055, Block Group 1, Census Tract 9590, Orange County, Vermont","1","1","0"
"1000000US500179590001056","Block 1056, Block Group 1, Census Tract 9590, Orange County, Vermont","0","0","0"
"1000000US500179590001057","Block 1057, Block Group 1, Census Tract 9590, Orange County, Vermont","10","9","1"
"1000000US500179590001058","Block 1058, Block Group 1, Census Tract 9590, Orange County, Vermont","0","0","0"
"1000000US500179590001059","Block 1059, Block Group 1, Census Tract 9590, Orange County, Vermont","0","0","0"
"1000000US500179590001060","Block 1060, Block Group 1, Census Tract 9590, Orange County, Vermont","21","17","4"
"1000000US500179590001061","Block 1061, Block Group 1, Census Tract 9590, Orange County, Vermont","0","0","0"
"1000000US500179590001062","Block 1062, Block Group 1, Census Tract 9590, Orange County, Vermont","27","18","9"
"1000000US500179590001063","Block 1063, Block Group 1, Census Tract 9590, Orange County, Vermont","0","0","0"
"1000000US500179590001064","Block 1064, Block Group 1, Census Tract 9590, Orange County, Vermont","0","0","0"
"1000000US500179590001065","Block 1065, Block Group 1, Census Tract 9590, Orange County, Vermont","5","5","0"
"1000000US500179590001066","Block 1066, Block Group 1, Census Tract 9590, Orange County, Vermont","16","11","5"
"1000000US500179590001067","Block 1067, Block Group 1, Census Tract 9590, Orange County, Vermont","3","3","0"
"1000000US500179590001068","Block 1068, Block Group 1, Census Tract 9590, Orange County, Vermont","0","0","0"
"1000000US500179590001069","Block 1069, Block Group 1, Census Tract 9590, Orange County, Vermont","0","0","0"
"1000000US500179590001070","Block 1070, Block Group 1, Census Tract 9590, Orange County, Vermont","0","0","0"
"1000000US500179590001071","Block 1071, Block Group 1, Census Tract 9590, Orange County, Vermont","0","0","0"
"1000000US500179590001072","Block 1072, Block Group 1, Census Tract 9590, Orange County, Vermont","26","20","6"
"1000000US500179590001073","Block 1073, Block Group 1, Census Tract 9590, Orange County, Vermont","0","0","0"
"1000000US500179590001074","Block 1074, Block Group 1, Census Tract 9590, Orange County, Vermont","1","0","1"
"1000000US500179590001075","Block 1075, Block Group 1, Census Tract 9590, Orange County, Vermont","3","3","0"
"1000000US500179590001076","Block 1076, Block Group 1, Census Tract 9590, Orange County, Vermont","0","0","0"
"1000000US500179590001077","Block 1077, Block Group 1, Census Tract 9590, Orange County, Vermont","0","0","0"
"1000000US500179590001078","Block 1078, Block Group 1, Census Tract 9590, Orange County, Vermont","9","8","1"
"1000000US500179590001079","Block 1079, Block Group 1, Census Tract 9590, Orange County, Vermont","3","2","1"
"1000000US500179590001080","Block 1080, Block Group 1, Census Tract 9590, Orange County, Vermont","4","1","3"
"1000000US500179590001081","Block 1081, Block Group 1, Census Tract 9590, Orange County, Vermont","21","19","2"
"1000000US500179590001082","Block 1082, Block Group 1, Census Tract 9590, Orange County, Vermont","0","0","0"
"1000000US500179590001083","Block 1083, Block Group 1, Census Tract 9590, Orange County, Vermont","55","48","7"
"1000000US500179590001084","Block 1084, Block Group 1, Census Tract 9590, Orange County, Vermont","0","0","0"
"1000000US500179590001085","Block 1085, Block Group 1, Census Tract 9590, Orange County, Vermont","4","3","1"
"1000000US500179590001086","Block 1086, Block Group 1, Census Tract 9590, Orange County, Vermont","2","1","1"
"1000000US500179590001087","Block 1087, Block Group 1, Census Tract 9590, Orange County, Vermont","1","0","1"
"1000000US500179590001088","Block 1088, Block Group 1, Census Tract 9590, Orange County, Vermont","7","6","1"
"1000000US500179590001089","Block 1089, Block Group 1, Census Tract 9590, Orange County, Vermont","0","0","0"
"1000000US500179590001090","Block 1090, Block Group 1, Census Tract 9590, Orange County, Vermont","0","0","0"
"1000000US500179590001091","Block 1091, Block Group 1, Census Tract 9590, Orange County, Vermont","0","0","0"
"1000000US500179590001092","Block 1092, Block Group 1, Census Tract 9590, Orange County, Vermont","0","0","0"
"1000000US500179590001093","Block 1093, Block Group 1, Census Tract 9590, Orange County, Vermont","12","12","0"
"1000000US500179590001094","Block 1094, Block Group 1, Census Tract 9590, Orange County, Vermont","1","1","0"
"1000000US500179590001095","Block 1095, Block Group 1, Census Tract 9590, Orange County, Vermont","0","0","0"
"1000000US500179590001096","Block 1096, Block Group 1, Census Tract 9590, Orange County, Vermont","7","6","1"
"1000000US500179590001097","Block 1097, Block Group 1, Census Tract 9590, Orange County, Vermont","7","7","0"
"1000000US500179590001098","Block 1098, Block Group 1, Census Tract 9590, Orange County, Vermont","3","2","1"
"1000000US500179590001099","Block 1099, Block Group 1, Census Tract 9590, Orange County, Vermont","0","0","0"
"1000000US500179590001100","Block 1100, Block Group 1, Census Tract 9590, Orange County, Vermont","0","0","0"
"1000000US500179590001101","Block 1101, Block Group 1, Census Tract 9590, Orange County, Vermont","2","2","0"
"1000000US500179590001102","Block 1102, Block Group 1, Census Tract 9590, Orange County, Vermont","0","0","0"
"1000000US500179590001103","Block 1103, Block Group 1, Census Tract 9590, Orange County, Vermont","10","8","2"
"1000000US500179590001104","Block 1104, Block Group 1, Census Tract 9590, Orange County, Vermont","2","1","1"
"1000000US500179590001105","Block 1105, Block Group 1, Census Tract 9590, Orange County, Vermont","0","0","0"
"1000000US500179590001106","Block 1106, Block Group 1, Census Tract 9590, Orange County, Vermont","0","0","0"
"1000000US500179590001107","Block 1107, Block Group 1, Census Tract 9590, Orange County, Vermont","0","0","0"
"1000000US500179590001108","Block 1108, Block Group 1, Census Tract 9590, Orange County, Vermont","0","0","0"
"1000000US500179590001109","Block 1109, Block Group 1, Census Tract 9590, Orange County, Vermont","32","30","2"
"1000000US500179590001110","Block 1110, Block Group 1, Census Tract 9590, Orange County, Vermont","2","0","2"
"1000000US500179590001111","Block 1111, Block Group 1, Census Tract 9590, Orange County, Vermont","0","0","0"
"1000000US500179590001112","Block 1112, Block Group 1, Census Tract 9590, Orange County, Vermont","4","1","3"
"1000000US500179590001113","Block 1113, Block Group 1, Census Tract 9590, Orange County, Vermont","0","0","0"
"1000000US500179590001114","Block 1114, Block Group 1, Census Tract 9590, Orange County, Vermont","3","3","0"
"1000000US500179590001115","Block 1115, Block Group 1, Census Tract 9590, Orange County, Vermont","11","10","1"
"1000000US500179590001116","Block 1116, Block Group 1, Census Tract 9590, Orange County, Vermont","6","4","2"
"1000000US500179590001117","Block 1117, Block Group 1, Census Tract 9590, Orange County, Vermont","37","32","5"
"1000000US500179590001118","Block 1118, Block Group 1, Census Tract 9590, Orange County, Vermont","0","0","0"
"1000000US500179590001119","Block 1119, Block Group 1, Census Tract 9590, Orange County, Vermont","0","0","0"
"1000000US500179590001120","Block 1120, Block Group 1, Census Tract 9590, Orange County, Vermont","5","3","2"
"1000000US500179590001121","Block 1121, Block Group 1, Census Tract 9590, Orange County, Vermont","0","0","0"
"1000000US500179590001122","Block 1122, Block Group 1, Census Tract 9590, Orange County, Vermont","8","8","0"
"1000000US500179590001123","Block 1123, Block Group 1, Census Tract 9590, Orange County, Vermont","3","2","1"
"1000000US500179590001124","Block 1124, Block Group 1, Census Tract 9590, Orange County, Vermont","3","2","1"
"1000000US500179590001125","Block 1125, Block Group 1, Census Tract 9590, Orange County, Vermont","0","0","0"
"1000000US500179590001126","Block 1126, Block Group 1, Census Tract 9590, Orange County, Vermont","0","0","0"
"1000000US500179590001127","Block 1127, Block Group 1, Census Tract 9590, Orange County, Vermont","3","3","0"
"1000000US500179590001128","Block 1128, Block Group 1, Census Tract 9590, Orange County, Vermont","25","21","4"
"1000000US500179590001129","Block 1129, Block Group 1, Census Tract 9590, Orange County, Vermont","1","0","1"
"1000000US500179590001130","Block 1130, Block Group 1, Census Tract 9590, Orange County, Vermont","3","2","1"
"1000000US500179590001131","Block 1131, Block Group 1, Census Tract 9590, Orange County, Vermont","3","3","0"
"1000000US500179590001132","Block 1132, Block Group 1, Census Tract 9590, Orange County, Vermont","5","4","1"
"1000000US500179590001133","Block 1133, Block Group 1, Census Tract 9590, Orange County, Vermont","0","0","0"
"1000000US500179590001134","Block 1134, Block Group 1, Census Tract 9590, Orange County, Vermont","4","4","0"
"1000000US500179590001135","Block 1135, Block Group 1, Census Tract 9590, Orange County, Vermont","1","1","0"
"1000000US500179590001136","Block 1136, Block Group 1, Census Tract 9590, Orange County, Vermont","5","4","1"
"1000000US500179590001137","Block 1137, Block Group 1, Census Tract 9590, Orange County, Vermont","0","0","0"
"1000000US500179590001138","Block 1138, Block Group 1, Census Tract 9590, Orange County, Vermont","0","0","0"
"1000000US500179590001139","Block 1139, Block Group 1, Census Tract 9590, Orange County, Vermont","0","0","0"
"1000000US500179590001140","Block 1140, Block Group 1, Census Tract 9590, Orange County, Vermont","0","0","0"
"1000000US500179590001141","Block 1141, Block Group 1, Census Tract 9590, Orange County, Vermont","5","5","0"
"1000000US500179590001142","Block 1142, Block Group 1, Census Tract 9590, Orange County, Vermont","0","0","0"
"1000000US500179590001143","Block 1143, Block Group 1, Census Tract 9590, Orange County, Vermont","0","0","0"
"1000000US500179590001144","Block 1144, Block Group 1, Census Tract 9590, Orange County, Vermont","0","0","0"
"1000000US500179590002000","Block 2000, Block Group 2, Census Tract 9590, Orange County, Vermont","2","1","1"
"1000000US500179590002001","Block 2001, Block Group 2, Census Tract 9590, Orange County, Vermont","0","0","0"
"1000000US500179590002002","Block 2002, Block Group 2, Census Tract 9590, Orange County, Vermont","5","5","0"
"1000000US500179590002003","Block 2003, Block Group 2, Census Tract 9590, Orange County, Vermont","1","1","0"
"1000000US500179590002004","Block 2004, Block Group 2, Census Tract 9590, Orange County, Vermont","0","0","0"
"1000000US500179590002005","Block 2005, Block Group 2, Census Tract 9590, Orange County, Vermont","0","0","0"
"1000000US500179590002006","Block 2006, Block Group 2, Census Tract 9590, Orange County, Vermont","3","3","0"
"1000000US500179590002007","Block 2007, Block Group 2, Census Tract 9590, Orange County, Vermont","12","9","3"
"1000000US500179590002008","Block 2008, Block Group 2, Census Tract 9590, Orange County, Vermont","0","0","0"
"1000000US500179590002009","Block 2009, Block Group 2, Census Tract 9590, Orange County, Vermont","3","2","1"
"1000000US500179590002010","Block 2010, Block Group 2, Census Tract 9590, Orange County, Vermont","0","0","0"
"1000000US500179590002011","Block 2011, Block Group 2, Census Tract 9590, Orange County, Vermont","7","5","2"
"1000000US500179590002012","Block 2012, Block Group 2, Census Tract 9590, Orange County, Vermont","56","34","22"
"1000000US500179590002013","Block 2013, Block Group 2, Census Tract 9590, Orange County, Vermont","2","1","1"
"1000000US500179590002014","Block 2014, Block Group 2, Census Tract 9590, Orange County, Vermont","16","11","5"
"1000000US500179590002015","Block 2015, Block Group 2, Census Tract 9590, Orange County, Vermont","2","2","0"
"1000000US500179590002016","Block 2016, Block Group 2, Census Tract 9590, Orange County, Vermont","0","0","0"
"1000000US500179590002017","Block 2017, Block Group 2, Census Tract 9590, Orange County, Vermont","0","0","0"
"1000000US500179590002018","Block 2018, Block Group 2, Census Tract 9590, Orange County, Vermont","3","3","0"
"1000000US500179590002019","Block 2019, Block Group 2, Census Tract 9590, Orange County, Vermont","1","1","0"
"1000000US500179590002020","Block 2020, Block Group 2, Census Tract 9590, Orange County, Vermont","92","51","41"
"1000000US500179590002021","Block 2021, Block Group 2, Census Tract 9590, Orange County, Vermont","9","3","6"
"1000000US500179590002022","Block 2022, Block Group 2, Census Tract 9590, Orange County, Vermont","4","0","4"
"1000000US500179590002023","Block 2023, Block Group 2, Census Tract 9590, Orange County, Vermont","22","16","6"
"1000000US500179590002024","Block 2024, Block Group 2, Census Tract 9590, Orange County, Vermont","0","0","0"
"1000000US500179590002025","Block 2025, Block Group 2, Census Tract 9590, Orange County, Vermont","0","0","0"
"1000000US500179590002026","Block 2026, Block Group 2, Census Tract 9590, Orange County, Vermont","0","0","0"
"1000000US500179590002027","Block 2027, Block Group 2, Census Tract 9590, Orange County, Vermont","0","0","0"
"1000000US500179590002028","Block 2028, Block Group 2, Census Tract 9590, Orange County, Vermont","10","5","5"
"1000000US500179590002029","Block 2029, Block Group 2, Census Tract 9590, Orange County, Vermont","34","22","12"
"1000000US500179590002030","Block 2030, Block Group 2, Census Tract 9590, Orange County, Vermont","13","10","3"
"1000000US500179590002031","Block 2031, Block Group 2, Census Tract 9590, Orange County, Vermont","0","0","0"
"1000000US500179590002032","Block 2032, Block Group 2, Census Tract 9590, Orange County, Vermont","35","25","10"
"1000000US500179590002033","Block 2033, Block Group 2, Census Tract 9590, Orange County, Vermont","0","0","0"
"1000000US500179590002034","Block 2034, Block Group 2, Census Tract 9590, Orange County, Vermont","13","10","3"
"1000000US500179590002035","Block 2035, Block Group 2, Census Tract 9590, Orange County, Vermont","0","0","0"
"1000000US500179590002036","Block 2036, Block Group 2, Census Tract 9590, Orange County, Vermont","0","0","0"
"1000000US500179590002037","Block 2037, Block Group 2, Census Tract 9590, Orange County, Vermont","55","13","42"
"1000000US500179590002038","Block 2038, Block Group 2, Census Tract 9590, Orange County, Vermont","0","0","0"
"1000000US500179590002039","Block 2039, Block Group 2, Census Tract 9590, Orange County, Vermont","2","1","1"
"1000000US500179590002040","Block 2040, Block Group 2, Census Tract 9590, Orange County, Vermont","1","1","0"
"1000000US500179590002041","Block 2041, Block Group 2, Census Tract 9590, Orange County, Vermont","13","13","0"
"1000000US500179590002042","Block 2042, Block Group 2, Census Tract 9590, Orange County, Vermont","1","0","1"
"1000000US500179590002043","Block 2043, Block Group 2, Census Tract 9590, Orange County, Vermont","1","0","1"
"1000000US500179590002044","Block 2044, Block Group 2, Census Tract 9590, Orange County, Vermont","36","15","21"
"1000000US500179590002045","Block 2045, Block Group 2, Census Tract 9590, Orange County, Vermont","58","25","33"
"1000000US500179590002046","Block 2046, Block Group 2, Census Tract 9590, Orange County, Vermont","0","0","0"
"1000000US500179590002047","Block 2047, Block Group 2, Census Tract 9590, Orange County, Vermont","0","0","0"
"1000000US500179590002048","Block 2048, Block Group 2, Census Tract 9590, Orange County, Vermont","0","0","0"
"1000000US500179590002049","Block 2049, Block Group 2, Census Tract 9590, Orange County, Vermont","12","6","6"
"1000000US500179590002050","Block 2050, Block Group 2, Census Tract 9590, Orange County, Vermont","5","5","0"
"1000000US500179590002051","Block 2051, Block Group 2, Census Tract 9590, Orange County, Vermont","0","0","0"
"1000000US500179590002052","Block 2052, Block Group 2, Census Tract 9590, Orange County, Vermont","10","7","3"
"1000000US500179590002053","Block 2053, Block Group 2, Census Tract 9590, Orange County, Vermont","13","11","2"
"1000000US500179590002054","Block 2054, Block Group 2, Census Tract 9590, Orange County, Vermont","0","0","0"
"1000000US500179590002055","Block 2055, Block Group 2, Census Tract 9590, Orange County, Vermont","6","6","0"
"1000000US500179590002056","Block 2056, Block Group 2, Census Tract 9590, Orange County, Vermont","20","16","4"
"1000000US500179590002057","Block 2057, Block Group 2, Census Tract 9590, Orange County, Vermont","18","13","5"
"1000000US500179590002058","Block 2058, Block Group 2, Census Tract 9590, Orange County, Vermont","0","0","0"
"1000000US500179590002059","Block 2059, Block Group 2, Census Tract 9590, Orange County, Vermont","0","0","0"
"1000000US500179590002060","Block 2060, Block Group 2, Census Tract 9590, Orange County, Vermont","5","4","1"
"1000000US500179590002061","Block 2061, Block Group 2, Census Tract 9590, Orange County, Vermont","33","22","11"
"1000000US500179590002062","Block 2062, Block Group 2, Census Tract 9590, Orange County, Vermont","0","0","0"
"1000000US500179590002063","Block 2063, Block Group 2, Census Tract 9590, Orange County, Vermont","3","1","2"
"1000000US500179590002064","Block 2064, Block Group 2, Census Tract 9590, Orange County, Vermont","4","4","0"
"1000000US500179590002065","Block 2065, Block Group 2, Census Tract 9590, Orange County, Vermont","0","0","0"
"1000000US500179590002066","Block 2066, Block Group 2, Census Tract 9590, Orange County, Vermont","1","1","0"
"1000000US500179590002067","Block 2067, Block Group 2, Census Tract 9590, Orange County, Vermont","12","6","6"
"1000000US500179590002068","Block 2068, Block Group 2, Census Tract 9590, Orange County, Vermont","0","0","0"
"1000000US500179590002069","Block 2069, Block Group 2, Census Tract 9590, Orange County, Vermont","4","2","2"
"1000000US500179590002070","Block 2070, Block Group 2, Census Tract 9590, Orange County, Vermont","1","1","0"
"1000000US500179590002071","Block 2071, Block Group 2, Census Tract 9590, Orange County, Vermont","6","4","2"
"1000000US500179590002072","Block 2072, Block Group 2, Census Tract 9590, Orange County, Vermont","0","0","0"
"1000000US500179590002073","Block 2073, Block Group 2, Census Tract 9590, Orange County, Vermont","4","3","1"
"1000000US500179590002074","Block 2074, Block Group 2, Census Tract 9590, Orange County, Vermont","0","0","0"
"1000000US500179590002075","Block 2075, Block Group 2, Census Tract 9590, Orange County, Vermont","0","0","0"
"1000000US500179590002076","Block 2076, Block Group 2, Census Tract 9590, Orange County, Vermont","0","0","0"
"1000000US500179590002077","Block 2077, Block Group 2, Census Tract 9590, Orange County, Vermont","4","4","0"
"1000000US500179590002078","Block 2078, Block Group 2, Census Tract 9590, Orange County, Vermont","2","2","0"
"1000000US500179590002079","Block 2079, Block Group 2, Census Tract 9590, Orange County, Vermont","3","2","1"
"1000000US500179591011000","Block 1000, Block Group 1, Census Tract 9591.01, Orange County, Vermont","0","0","0"
"1000000US500179591011001","Block 1001, Block Group 1, Census Tract 9591.01, Orange County, Vermont","13","9","4"
"1000000US500179591011002","Block 1002, Block Group 1, Census Tract 9591.01, Orange County, Vermont","16","8","8"
"1000000US500179591011003","Block 1003, Block Group 1, Census Tract 9591.01, Orange County, Vermont","23","22","1"
"1000000US500179591011004","Block 1004, Block Group 1, Census Tract 9591.01, Orange County, Vermont","3","3","0"
"1000000US500179591011005","Block 1005, Block Group 1, Census Tract 9591.01, Orange County, Vermont","8","7","1"
"1000000US500179591011006","Block 1006, Block Group 1, Census Tract 9591.01, Orange County, Vermont","17","17","0"
"1000000US500179591011007","Block 1007, Block Group 1, Census Tract 9591.01, Orange County, Vermont","0","0","0"
"1000000US500179591011008","Block 1008, Block Group 1, Census Tract 9591.01, Orange County, Vermont","3","3","0"
"1000000US500179591011009","Block 1009, Block Group 1, Census Tract 9591.01, Orange County, Vermont","12","12","0"
"1000000US500179591011010","Block 1010, Block Group 1, Census Tract 9591.01, Orange County, Vermont","2","2","0"
"1000000US500179591011011","Block 1011, Block Group 1, Census Tract 9591.01, Orange County, Vermont","10","9","1"
"1000000US500179591011012","Block 1012, Block Group 1, Census Tract 9591.01, Orange County, Vermont","6","6","0"
"1000000US500179591011013","Block 1013, Block Group 1, Census Tract 9591.01, Orange County, Vermont","8","7","1"
"1000000US500179591011014","Block 1014, Block Group 1, Census Tract 9591.01, Orange County, Vermont","12","11","1"
"1000000US500179591011015","Block 1015, Block Group 1, Census Tract 9591.01, Orange County, Vermont","53","50","3"
"1000000US500179591011016","Block 1016, Block Group 1, Census Tract 9591.01, Orange County, Vermont","9","7","2"
"1000000US500179591011017","Block 1017, Block Group 1, Census Tract 9591.01, Orange County, Vermont","2","2","0"
"1000000US500179591011018","Block 1018, Block Group 1, Census Tract 9591.01, Orange County, Vermont","0","0","0"
"1000000US500179591011019","Block 1019, Block Group 1, Census Tract 9591.01, Orange County, Vermont","0","0","0"
"1000000US500179591011020","Block 1020, Block Group 1, Census Tract 9591.01, Orange County, Vermont","2","2","0"
"1000000US500179591011021","Block 1021, Block Group 1, Census Tract 9591.01, Orange County, Vermont","30","25","5"
"1000000US500179591011022","Block 1022, Block Group 1, Census Tract 9591.01, Orange County, Vermont","32","29","3"
"1000000US500179591011023","Block 1023, Block Group 1, Census Tract 9591.01, Orange County, Vermont","2","1","1"
"1000000US500179591011024","Block 1024, Block Group 1, Census Tract 9591.01, Orange County, Vermont","0","0","0"
"1000000US500179591011025","Block 1025, Block Group 1, Census Tract 9591.01, Orange County, Vermont","0","0","0"
"1000000US500179591011026","Block 1026, Block Group 1, Census Tract 9591.01, Orange County, Vermont","0","0","0"
"1000000US500179591011027","Block 1027, Block Group 1, Census Tract 9591.01, Orange County, Vermont","0","0","0"
"1000000US500179591011028","Block 1028, Block Group 1, Census Tract 9591.01, Orange County, Vermont","1","0","1"
"1000000US500179591011029","Block 1029, Block Group 1, Census Tract 9591.01, Orange County, Vermont","0","0","0"
"1000000US500179591011030","Block 1030, Block Group 1, Census Tract 9591.01, Orange County, Vermont","0","0","0"
"1000000US500179591011031","Block 1031, Block Group 1, Census Tract 9591.01, Orange County, Vermont","0","0","0"
"1000000US500179591011032","Block 1032, Block Group 1, Census Tract 9591.01, Orange County, Vermont","1","1","0"
"1000000US500179591011033","Block 1033, Block Group 1, Census Tract 9591.01, Orange County, Vermont","2","2","0"
"1000000US500179591011034","Block 1034, Block Group 1, Census Tract 9591.01, Orange County, Vermont","15","14","1"
"1000000US500179591011035","Block 1035, Block Group 1, Census Tract 9591.01, Orange County, Vermont","4","4","0"
"1000000US500179591011036","Block 1036, Block Group 1, Census Tract 9591.01, Orange County, Vermont","0","0","0"
"1000000US500179591011037","Block 1037, Block Group 1, Census Tract 9591.01, Orange County, Vermont","67","41","26"
"1000000US500179591011038","Block 1038, Block Group 1, Census Tract 9591.01, Orange County, Vermont","0","0","0"
"1000000US500179591011039","Block 1039, Block Group 1, Census Tract 9591.01, Orange County, Vermont","3","2","1"
"1000000US500179591011040","Block 1040, Block Group 1, Census Tract 9591.01, Orange County, Vermont","1","1","0"
"1000000US500179591011041","Block 1041, Block Group 1, Census Tract 9591.01, Orange County, Vermont","2","2","0"
"1000000US500179591011042","Block 1042, Block Group 1, Census Tract 9591.01, Orange County, Vermont","1","1","0"
"1000000US500179591011043","Block 1043, Block Group 1, Census Tract 9591.01, Orange County, Vermont","5","4","1"
"1000000US500179591011044","Block 1044, Block Group 1, Census Tract 9591.01, Orange County, Vermont","1","1","0"
"1000000US500179591011045","Block 1045, Block Group 1, Census Tract 9591.01, Orange County, Vermont","1","1","0"
"1000000US500179591011046","Block 1046, Block Group 1, Census Tract 9591.01, Orange County, Vermont","4","3","1"
"1000000US500179591011047","Block 1047, Block Group 1, Census Tract 9591.01, Orange County, Vermont","0","0","0"
"1000000US500179591011048","Block 1048, Block Group 1, Census Tract 9591.01, Orange County, Vermont","0","0","0"
"1000000US500179591011049","Block 1049, Block Group 1, Census Tract 9591.01, Orange County, Vermont","1","1","0"
"1000000US500179591011050","Block 1050, Block Group 1, Census Tract 9591.01, Orange County, Vermont","0","0","0"
"1000000US500179591011051","Block 1051, Block Group 1, Census Tract 9591.01, Orange County, Vermont","0","0","0"
"1000000US500179591011052","Block 1052, Block Group 1, Census Tract 9591.01, Orange County, Vermont","0","0","0"
"1000000US500179591011053","Block 1053, Block Group 1, Census Tract 9591.01, Orange County, Vermont","0","0","0"
"1000000US500179591011054","Block 1054, Block Group 1, Census Tract 9591.01, Orange County, Vermont","48","40","8"
"1000000US500179591011055","Block 1055, Block Group 1, Census Tract 9591.01, Orange County, Vermont","6","5","1"
"1000000US500179591011056","Block 1056, Block Group 1, Census Tract 9591.01, Orange County, Vermont","4","3","1"
"1000000US500179591011057","Block 1057, Block Group 1, Census Tract 9591.01, Orange County, Vermont","1","1","0"
"1000000US500179591011058","Block 1058, Block Group 1, Census Tract 9591.01, Orange County, Vermont","1","0","1"
"1000000US500179591011059","Block 1059, Block Group 1, Census Tract 9591.01, Orange County, Vermont","4","2","2"
"1000000US500179591011060","Block 1060, Block Group 1, Census Tract 9591.01, Orange County, Vermont","30","14","16"
"1000000US500179591011061","Block 1061, Block Group 1, Census Tract 9591.01, Orange County, Vermont","0","0","0"
"1000000US500179591011062","Block 1062, Block Group 1, Census Tract 9591.01, Orange County, Vermont","0","0","0"
"1000000US500179591011063","Block 1063, Block Group 1, Census Tract 9591.01, Orange County, Vermont","3","2","1"
"1000000US500179591011064","Block 1064, Block Group 1, Census Tract 9591.01, Orange County, Vermont","0","0","0"
"1000000US500179591011065","Block 1065, Block Group 1, Census Tract 9591.01, Orange County, Vermont","11","10","1"
"1000000US500179591011066","Block 1066, Block Group 1, Census Tract 9591.01, Orange County, Vermont","4","1","3"
"1000000US500179591011067","Block 1067, Block Group 1, Census Tract 9591.01, Orange County, Vermont","23","14","9"
"1000000US500179591011068","Block 1068, Block Group 1, Census Tract 9591.01, Orange County, Vermont","0","0","0"
"1000000US500179591011069","Block 1069, Block Group 1, Census Tract 9591.01, Orange County, Vermont","1","1","0"
"1000000US500179591011070","Block 1070, Block Group 1, Census Tract 9591.01, Orange County, Vermont","18","10","8"
"1000000US500179591011071","Block 1071, Block Group 1, Census Tract 9591.01, Orange County, Vermont","1","0","1"
"1000000US500179591011072","Block 1072, Block Group 1, Census Tract 9591.01, Orange County, Vermont","0","0","0"
"1000000US500179591011073","Block 1073, Block Group 1, Census Tract 9591.01, Orange County, Vermont","2","0","2"
"1000000US500179591011074","Block 1074, Block Group 1, Census Tract 9591.01, Orange County, Vermont","0","0","0"
"1000000US500179591011075","Block 1075, Block Group 1, Census Tract 9591.01, Orange County, Vermont","0","0","0"
"1000000US500179591011076","Block 1076, Block Group 1, Census Tract 9591.01, Orange County, Vermont","0","0","0"
"1000000US500179591011077","Block 1077, Block Group 1, Census Tract 9591.01, Orange County, Vermont","13","11","2"
"1000000US500179591011078","Block 1078, Block Group 1, Census Tract 9591.01, Orange County, Vermont","1","1","0"
"1000000US500179591011079","Block 1079, Block Group 1, Census Tract 9591.01, Orange County, Vermont","0","0","0"
"1000000US500179591011080","Block 1080, Block Group 1, Census Tract 9591.01, Orange County, Vermont","0","0","0"
"1000000US500179591011081","Block 1081, Block Group 1, Census Tract 9591.01, Orange County, Vermont","1","1","0"
"1000000US500179591011082","Block 1082, Block Group 1, Census Tract 9591.01, Orange County, Vermont","9","3","6"
"1000000US500179591011083","Block 1083, Block Group 1, Census Tract 9591.01, Orange County, Vermont","3","2","1"
"1000000US500179591011084","Block 1084, Block Group 1, Census Tract 9591.01, Orange County, Vermont","0","0","0"
"1000000US500179591011085","Block 1085, Block Group 1, Census Tract 9591.01, Orange County, Vermont","1","0","1"
"1000000US500179591011086","Block 1086, Block Group 1, Census Tract 9591.01, Orange County, Vermont","0","0","0"
"1000000US500179591011087","Block 1087, Block Group 1, Census Tract 9591.01, Orange County, Vermont","2","1","1"
"1000000US500179591011088","Block 1088, Block Group 1, Census Tract 9591.01, Orange County, Vermont","6","3","3"
"1000000US500179591011089","Block 1089, Block Group 1, Census Tract 9591.01, Orange County, Vermont","0","0","0"
"1000000US500179591011090","Block 1090, Block Group 1, Census Tract 9591.01, Orange County, Vermont","5","2","3"
"1000000US500179591012000","Block 2000, Block Group 2, Census Tract 9591.01, Orange County, Vermont","0","0","0"
"1000000US500179591012001","Block 2001, Block Group 2, Census Tract 9591.01, Orange County, Vermont","0","0","0"
"1000000US500179591012002","Block 2002, Block Group 2, Census Tract 9591.01, Orange County, Vermont","0","0","0"
"1000000US500179591012003","Block 2003, Block Group 2, Census Tract 9591.01, Orange County, Vermont","14","5","9"
"1000000US500179591012004","Block 2004, Block Group 2, Census Tract 9591.01, Orange County, Vermont","0","0","0"
"1000000US500179591012005","Block 2005, Block Group 2, Census Tract 9591.01, Orange County, Vermont","0","0","0"
"1000000US500179591012006","Block 2006, Block Group 2, Census Tract 9591.01, Orange County, Vermont","3","2","1"
"1000000US500179591012007","Block 2007, Block Group 2, Census Tract 9591.01, Orange County, Vermont","26","18","8"
"1000000US500179591012008","Block 2008, Block Group 2, Census Tract 9591.01, Orange County, Vermont","0","0","0"
"1000000US500179591012009","Block 2009, Block Group 2, Census Tract 9591.01, Orange County, Vermont","25","22","3"
"1000000US500179591012010","Block 2010, Block Group 2, Census Tract 9591.01, Orange County, Vermont","3","3","0"
"1000000US500179591012011","Block 2011, Block Group 2, Census Tract 9591.01, Orange County, Vermont","15","15","0"
"1000000US500179591012012","Block 2012, Block Group 2, Census Tract 9591.01, Orange County, Vermont","0","0","0"
"1000000US500179591012013","Block 2013, Block Group 2, Census Tract 9591.01, Orange County, Vermont","0","0","0"
"1000000US500179591012014","Block 2014, Block Group 2, Census Tract 9591.01, Orange County, Vermont","0","0","0"
"1000000US500179591012015","Block 2015, Block Group 2, Census Tract 9591.01, Orange County, Vermont","0","0","0"
"1000000US500179591012016","Block 2016, Block Group 2, Census Tract 9591.01, Orange County, Vermont","0","0","0"
"1000000US500179591012017","Block 2017, Block Group 2, Census Tract 9591.01, Orange County, Vermont","5","5","0"
"1000000US500179591012018","Block 2018, Block Group 2, Census Tract 9591.01, Orange County, Vermont","0","0","0"
"1000000US500179591012019","Block 2019, Block Group 2, Census Tract 9591.01, Orange County, Vermont","15","15","0"
"1000000US500179591012020","Block 2020, Block Group 2, Census Tract 9591.01, Orange County, Vermont","0","0","0"
"1000000US500179591012021","Block 2021, Block Group 2, Census Tract 9591.01, Orange County, Vermont","0","0","0"
"1000000US500179591012022","Block 2022, Block Group 2, Census Tract 9591.01, Orange County, Vermont","5","4","1"
"1000000US500179591012023","Block 2023, Block Group 2, Census Tract 9591.01, Orange County, Vermont","9","8","1"
"1000000US500179591012024","Block 2024, Block Group 2, Census Tract 9591.01, Orange County, Vermont","0","0","0"
"1000000US500179591012025","Block 2025, Block Group 2, Census Tract 9591.01, Orange County, Vermont","30","30","0"
"1000000US500179591012026","Block 2026, Block Group 2, Census Tract 9591.01, Orange County, Vermont","0","0","0"
"1000000US500179591012027","Block 2027, Block Group 2, Census Tract 9591.01, Orange County, Vermont","0","0","0"
"1000000US500179591012028","Block 2028, Block Group 2, Census Tract 9591.01, Orange County, Vermont","12","10","2"
"1000000US500179591012029","Block 2029, Block Group 2, Census Tract 9591.01, Orange County, Vermont","0","0","0"
"1000000US500179591012030","Block 2030, Block Group 2, Census Tract 9591.01, Orange County, Vermont","0","0","0"
"1000000US500179591012031","Block 2031, Block Group 2, Census Tract 9591.01, Orange County, Vermont","0","0","0"
"1000000US500179591012032","Block 2032, Block Group 2, Census Tract 9591.01, Orange County, Vermont","1","1","0"
"1000000US500179591012033","Block 2033, Block Group 2, Census Tract 9591.01, Orange County, Vermont","1","0","1"
"1000000US500179591012034","Block 2034, Block Group 2, Census Tract 9591.01, Orange County, Vermont","7","6","1"
"1000000US500179591012035","Block 2035, Block Group 2, Census Tract 9591.01, Orange County, Vermont","0","0","0"
"1000000US500179591012036","Block 2036, Block Group 2, Census Tract 9591.01, Orange County, Vermont","0","0","0"
"1000000US500179591012037","Block 2037, Block Group 2, Census Tract 9591.01, Orange County, Vermont","0","0","0"
"1000000US500179591012038","Block 2038, Block Group 2, Census Tract 9591.01, Orange County, Vermont","2","1","1"
"1000000US500179591012039","Block 2039, Block Group 2, Census Tract 9591.01, Orange County, Vermont","0","0","0"
"1000000US500179591012040","Block 2040, Block Group 2, Census Tract 9591.01, Orange County, Vermont","16","12","4"
"1000000US500179591012041","Block 2041, Block Group 2, Census Tract 9591.01, Orange County, Vermont","0","0","0"
"1000000US500179591012042","Block 2042, Block Group 2, Census Tract 9591.01, Orange County, Vermont","0","0","0"
"1000000US500179591012043","Block 2043, Block Group 2, Census Tract 9591.01, Orange County, Vermont","1","1","0"
"1000000US500179591012044","Block 2044, Block Group 2, Census Tract 9591.01, Orange County, Vermont","14","14","0"
"1000000US500179591012045","Block 2045, Block Group 2, Census Tract 9591.01, Orange County, Vermont","0","0","0"
"1000000US500179591012046","Block 2046, Block Group 2, Census Tract 9591.01, Orange County, Vermont","9","8","1"
"1000000US500179591012047","Block 2047, Block Group 2, Census Tract 9591.01, Orange County, Vermont","18","17","1"
"1000000US500179591012048","Block 2048, Block Group 2, Census Tract 9591.01, Orange County, Vermont","12","11","1"
"1000000US500179591012049","Block 2049, Block Group 2, Census Tract 9591.01, Orange County, Vermont","12","12","0"
"1000000US500179591012050","Block 2050, Block Group 2, Census Tract 9591.01, Orange County, Vermont","0","0","0"
"1000000US500179591012051","Block 2051, Block Group 2, Census Tract 9591.01, Orange County, Vermont","0","0","0"
"1000000US500179591012052","Block 2052, Block Group 2, Census Tract 9591.01, Orange County, Vermont","14","14","0"
"1000000US500179591012053","Block 2053, Block Group 2, Census Tract 9591.01, Orange County, Vermont","3","3","0"
"1000000US500179591012054","Block 2054, Block Group 2, Census Tract 9591.01, Orange County, Vermont","28","21","7"
"1000000US500179591012055","Block 2055, Block Group 2, Census Tract 9591.01, Orange County, Vermont","0","0","0"
"1000000US500179591012056","Block 2056, Block Group 2, Census Tract 9591.01, Orange County, Vermont","2","2","0"
"1000000US500179591012057","Block 2057, Block Group 2, Census Tract 9591.01, Orange County, Vermont","9","9","0"
"1000000US500179591012058","Block 2058, Block Group 2, Census Tract 9591.01, Orange County, Vermont","1","1","0"
"1000000US500179591012059","Block 2059, Block Group 2, Census Tract 9591.01, Orange County, Vermont","3","3","0"
"1000000US500179591012060","Block 2060, Block Group 2, Census Tract 9591.01, Orange County, Vermont","0","0","0"
"1000000US500179591012061","Block 2061, Block Group 2, Census Tract 9591.01, Orange County, Vermont","12","10","2"
"1000000US500179591012062","Block 2062, Block Group 2, Census Tract 9591.01, Orange County, Vermont","0","0","0"
"1000000US500179591012063","Block 2063, Block Group 2, Census Tract 9591.01, Orange County, Vermont","0","0","0"
"1000000US500179591012064","Block 2064, Block Group 2, Census Tract 9591.01, Orange County, Vermont","9","8","1"
"1000000US500179591012065","Block 2065, Block Group 2, Census Tract 9591.01, Orange County, Vermont","0","0","0"
"1000000US500179591012066","Block 2066, Block Group 2, Census Tract 9591.01, Orange County, Vermont","17","15","2"
"1000000US500179591012067","Block 2067, Block Group 2, Census Tract 9591.01, Orange County, Vermont","1","1","0"
"1000000US500179591012068","Block 2068, Block Group 2, Census Tract 9591.01, Orange County, Vermont","0","0","0"
"1000000US500179591012069","Block 2069, Block Group 2, Census Tract 9591.01, Orange County, Vermont","15","11","4"
"1000000US500179591012070","Block 2070, Block Group 2, Census Tract 9591.01, Orange County, Vermont","0","0","0"
"1000000US500179591012071","Block 2071, Block Group 2, Census Tract 9591.01, Orange County, Vermont","0","0","0"
"1000000US500179591012072","Block 2072, Block Group 2, Census Tract 9591.01, Orange County, Vermont","2","1","1"
"1000000US500179591012073","Block 2073, Block Group 2, Census Tract 9591.01, Orange County, Vermont","32","28","4"
"1000000US500179591012074","Block 2074, Block Group 2, Census Tract 9591.01, Orange County, Vermont","0","0","0"
"1000000US500179591012075","Block 2075, Block Group 2, Census Tract 9591.01, Orange County, Vermont","16","14","2"
"1000000US500179591012076","Block 2076, Block Group 2, Census Tract 9591.01, Orange County, Vermont","8","7","1"
"1000000US500179591012077","Block 2077, Block Group 2, Census Tract 9591.01, Orange County, Vermont","18","16","2"
"1000000US500179591012078","Block 2078, Block Group 2, Census Tract 9591.01, Orange County, Vermont","3","3","0"
"1000000US500179591012079","Block 2079, Block Group 2, Census Tract 9591.01, Orange County, Vermont","0","0","0"
"1000000US500179591012080","Block 2080, Block Group 2, Census Tract 9591.01, Orange County, Vermont","0","0","0"
"1000000US500179591012081","Block 2081, Block Group 2, Census Tract 9591.01, Orange County, Vermont","1","1","0"
"1000000US500179591012082","Block 2082, Block Group 2, Census Tract 9591.01, Orange County, Vermont","2","2","0"
"1000000US500179591012083","Block 2083, Block Group 2, Census Tract 9591.01, Orange County, Vermont","3","3","0"
"1000000US500179591012084","Block 2084, Block Group 2, Census Tract 9591.01, Orange County, Vermont","12","12","0"
"1000000US500179591012085","Block 2085, Block Group 2, Census Tract 9591.01, Orange County, Vermont","2","1","1"
"1000000US500179591012086","Block 2086, Block Group 2, Census Tract 9591.01, Orange County, Vermont","1","1","0"
"1000000US500179591012087","Block 2087, Block Group 2, Census Tract 9591.01, Orange County, Vermont","0","0","0"
"1000000US500179591012088","Block 2088, Block Group 2, Census Tract 9591.01, Orange County, Vermont","2","2","0"
"1000000US500179591012089","Block 2089, Block Group 2, Census Tract 9591.01, Orange County, Vermont","0","0","0"
"1000000US500179591012090","Block 2090, Block Group 2, Census Tract 9591.01, Orange County, Vermont","10","9","1"
"1000000US500179591012091","Block 2091, Block Group 2, Census Tract 9591.01, Orange County, Vermont","0","0","0"
"1000000US500179591012092","Block 2092, Block Group 2, Census Tract 9591.01, Orange County, Vermont","0","0","0"
"1000000US500179591012093","Block 2093, Block Group 2, Census Tract 9591.01, Orange County, Vermont","7","7","0"
"1000000US500179591012094","Block 2094, Block Group 2, Census Tract 9591.01, Orange County, Vermont","0","0","0"
"1000000US500179591012095","Block 2095, Block Group 2, Census Tract 9591.01, Orange County, Vermont","1","0","1"
"1000000US500179591012096","Block 2096, Block Group 2, Census Tract 9591.01, Orange County, Vermont","0","0","0"
"1000000US500179591021000","Block 1000, Block Group 1, Census Tract 9591.02, Orange County, Vermont","14","5","9"
"1000000US500179591021001","Block 1001, Block Group 1, Census Tract 9591.02, Orange County, Vermont","1","0","1"
"1000000US500179591021002","Block 1002, Block Group 1, Census Tract 9591.02, Orange County, Vermont","0","0","0"
"1000000US500179591021003","Block 1003, Block Group 1, Census Tract 9591.02, Orange County, Vermont","1","1","0"
"1000000US500179591021004","Block 1004, Block Group 1, Census Tract 9591.02, Orange County, Vermont","11","7","4"
"1000000US500179591021005","Block 1005, Block Group 1, Census Tract 9591.02, Orange County, Vermont","3","2","1"
"1000000US500179591021006","Block 1006, Block Group 1, Census Tract 9591.02, Orange County, Vermont","56","33","23"
"1000000US500179591021007","Block 1007, Block Group 1, Census Tract 9591.02, Orange County, Vermont","23","20","3"
"1000000US500179591021008","Block 1008, Block Group 1, Census Tract 9591.02, Orange County, Vermont","1","1","0"
"1000000US500179591021009","Block 1009, Block Group 1, Census Tract 9591.02, Orange County, Vermont","14","8","6"
"1000000US500179591021010","Block 1010, Block Group 1, Census Tract 9591.02, Orange County, Vermont","9","3","6"
"1000000US500179591021011","Block 1011, Block Group 1, Census Tract 9591.02, Orange County, Vermont","3","3","0"
"1000000US500179591021012","Block 1012, Block Group 1, Census Tract 9591.02, Orange County, Vermont","5","3","2"
"1000000US500179591021013","Block 1013, Block Group 1, Census Tract 9591.02, Orange County, Vermont","0","0","0"
"1000000US500179591021014","Block 1014, Block Group 1, Census Tract 9591.02, Orange County, Vermont","0","0","0"
"1000000US500179591021015","Block 1015, Block Group 1, Census Tract 9591.02, Orange County, Vermont","2","2","0"
"1000000US500179591021016","Block 1016, Block Group 1, Census Tract 9591.02, Orange County, Vermont","29","16","13"
"1000000US500179591021017","Block 1017, Block Group 1, Census Tract 9591.02, Orange County, Vermont","43","28","15"
"1000000US500179591021018","Block 1018, Block Group 1, Census Tract 9591.02, Orange County, Vermont","1","0","1"
"1000000US500179591021019","Block 1019, Block Group 1, Census Tract 9591.02, Orange County, Vermont","4","3","1"
"1000000US500179591021020","Block 1020, Block Group 1, Census Tract 9591.02, Orange County, Vermont","0","0","0"
"1000000US500179591021021","Block 1021, Block Group 1, Census Tract 9591.02, Orange County, Vermont","25","21","4"
"1000000US500179591021022","Block 1022, Block Group 1, Census Tract 9591.02, Orange County, Vermont","0","0","0"
"1000000US500179591021023","Block 1023, Block Group 1, Census Tract 9591.02, Orange County, Vermont","22","16","6"
"1000000US500179591021024","Block 1024, Block Group 1, Census Tract 9591.02, Orange County, Vermont","0","0","0"
"1000000US500179591021025","Block 1025, Block Group 1, Census Tract 9591.02, Orange County, Vermont","0","0","0"
"1000000US500179591021026","Block 1026, Block Group 1, Census Tract 9591.02, Orange County, Vermont","14","12","2"
"1000000US500179591021027","Block 1027, Block Group 1, Census Tract 9591.02, Orange County, Vermont","0","0","0"
"1000000US500179591021028","Block 1028, Block Group 1, Census Tract 9591.02, Orange County, Vermont","26","23","3"
"1000000US500179591021029","Block 1029, Block Group 1, Census Tract 9591.02, Orange County, Vermont","0","0","0"
"1000000US500179591021030","Block 1030, Block Group 1, Census Tract 9591.02, Orange County, Vermont","8","5","3"
"1000000US500179591021031","Block 1031, Block Group 1, Census Tract 9591.02, Orange County, Vermont","7","7","0"
"1000000US500179591021032","Block 1032, Block Group 1, Census Tract 9591.02, Orange County, Vermont","3","2","1"
"1000000US500179591021033","Block 1033, Block Group 1, Census Tract 9591.02, Orange County, Vermont","5","4","1"
"1000000US500179591021034","Block 1034, Block Group 1, Census Tract 9591.02, Orange County, Vermont","4","4","0"
"1000000US500179591021035","Block 1035, Block Group 1, Census Tract 9591.02, Orange County, Vermont","0","0","0"
"1000000US500179591021036","Block 1036, Block Group 1, Census Tract 9591.02, Orange County, Vermont","0","0","0"
"1000000US500179591021037","Block 1037, Block Group 1, Census Tract 9591.02, Orange County, Vermont","4","3","1"
"1000000US500179591021038","Block 1038, Block Group 1, Census Tract 9591.02, Orange County, Vermont","0","0","0"
"1000000US500179591021039","Block 1039, Block Group 1, Census Tract 9591.02, Orange County, Vermont","3","3","0"
"1000000US500179591021040","Block 1040, Block Group 1, Census Tract 9591.02, Orange County, Vermont","9","8","1"
"1000000US500179591021041","Block 1041, Block Group 1, Census Tract 9591.02, Orange County, Vermont","4","4","0"
"1000000US500179591021042","Block 1042, Block Group 1, Census Tract 9591.02, Orange County, Vermont","2","1","1"
"1000000US500179591021043","Block 1043, Block Group 1, Census Tract 9591.02, Orange County, Vermont","9","7","2"
"1000000US500179591021044","Block 1044, Block Group 1, Census Tract 9591.02, Orange County, Vermont","0","0","0"
"1000000US500179591021045","Block 1045, Block Group 1, Census Tract 9591.02, Orange County, Vermont","0","0","0"
"1000000US500179591021046","Block 1046, Block Group 1, Census Tract 9591.02, Orange County, Vermont","13","9","4"
"1000000US500179591021047","Block 1047, Block Group 1, Census Tract 9591.02, Orange County, Vermont","1","1","0"
"1000000US500179591021048","Block 1048, Block Group 1, Census Tract 9591.02, Orange County, Vermont","4","4","0"
"1000000US500179591021049","Block 1049, Block Group 1, Census Tract 9591.02, Orange County, Vermont","14","13","1"
"1000000US500179591021050","Block 1050, Block Group 1, Census Tract 9591.02, Orange County, Vermont","0","0","0"
"1000000US500179591021051","Block 1051, Block Group 1, Census Tract 9591.02, Orange County, Vermont","0","0","0"
"1000000US500179591021052","Block 1052, Block Group 1, Census Tract 9591.02, Orange County, Vermont","40","32","8"
"1000000US500179591021053","Block 1053, Block Group 1, Census Tract 9591.02, Orange County, Vermont","0","0","0"
"1000000US500179591021054","Block 1054, Block Group 1, Census Tract 9591.02, Orange County, Vermont","0","0","0"
"1000000US500179591021055","Block 1055, Block Group 1, Census Tract 9591.02, Orange County, Vermont","0","0","0"
"1000000US500179591021056","Block 1056, Block Group 1, Census Tract 9591.02, Orange County, Vermont","0","0","0"
"1000000US500179591021057","Block 1057, Block Group 1, Census Tract 9591.02, Orange County, Vermont","29","20","9"
"1000000US500179591021058","Block 1058, Block Group 1, Census Tract 9591.02, Orange County, Vermont","4","4","0"
"1000000US500179591021059","Block 1059, Block Group 1, Census Tract 9591.02, Orange County, Vermont","1","1","0"
"1000000US500179591021060","Block 1060, Block Group 1, Census Tract 9591.02, Orange County, Vermont","0","0","0"
"1000000US500179591021061","Block 1061, Block Group 1, Census Tract 9591.02, Orange County, Vermont","6","6","0"
"1000000US500179591021062","Block 1062, Block Group 1, Census Tract 9591.02, Orange County, Vermont","17","10","7"
"1000000US500179591021063","Block 1063, Block Group 1, Census Tract 9591.02, Orange County, Vermont","4","3","1"
"1000000US500179591021064","Block 1064, Block Group 1, Census Tract 9591.02, Orange County, Vermont","1","1","0"
"1000000US500179591021065","Block 1065, Block Group 1, Census Tract 9591.02, Orange County, Vermont","0","0","0"
"1000000US500179591021066","Block 1066, Block Group 1, Census Tract 9591.02, Orange County, Vermont","2","1","1"
"1000000US500179591021067","Block 1067, Block Group 1, Census Tract 9591.02, Orange County, Vermont","0","0","0"
"1000000US500179591021068","Block 1068, Block Group 1, Census Tract 9591.02, Orange County, Vermont","1","0","1"
"1000000US500179591021069","Block 1069, Block Group 1, Census Tract 9591.02, Orange County, Vermont","0","0","0"
"1000000US500179591021070","Block 1070, Block Group 1, Census Tract 9591.02, Orange County, Vermont","2","1","1"
"1000000US500179591021071","Block 1071, Block Group 1, Census Tract 9591.02, Orange County, Vermont","0","0","0"
"1000000US500179591021072","Block 1072, Block Group 1, Census Tract 9591.02, Orange County, Vermont","0","0","0"
"1000000US500179591021073","Block 1073, Block Group 1, Census Tract 9591.02, Orange County, Vermont","0","0","0"
"1000000US500179591021074","Block 1074, Block Group 1, Census Tract 9591.02, Orange County, Vermont","41","31","10"
"1000000US500179591021075","Block 1075, Block Group 1, Census Tract 9591.02, Orange County, Vermont","11","2","9"
"1000000US500179591021076","Block 1076, Block Group 1, Census Tract 9591.02, Orange County, Vermont","24","15","9"
"1000000US500179591021077","Block 1077, Block Group 1, Census Tract 9591.02, Orange County, Vermont","1","1","0"
"1000000US500179591021078","Block 1078, Block Group 1, Census Tract 9591.02, Orange County, Vermont","17","8","9"
"1000000US500179591021079","Block 1079, Block Group 1, Census Tract 9591.02, Orange County, Vermont","0","0","0"
"1000000US500179591021080","Block 1080, Block Group 1, Census Tract 9591.02, Orange County, Vermont","0","0","0"
"1000000US500179591021081","Block 1081, Block Group 1, Census Tract 9591.02, Orange County, Vermont","26","16","10"
"1000000US500179591021082","Block 1082, Block Group 1, Census Tract 9591.02, Orange County, Vermont","0","0","0"
"1000000US500179591021083","Block 1083, Block Group 1, Census Tract 9591.02, Orange County, Vermont","6","6","0"
"1000000US500179591021084","Block 1084, Block Group 1, Census Tract 9591.02, Orange County, Vermont","5","3","2"
"1000000US500179591021085","Block 1085, Block Group 1, Census Tract 9591.02, Orange County, Vermont","0","0","0"
"1000000US500179591021086","Block 1086, Block Group 1, Census Tract 9591.02, Orange County, Vermont","1","0","1"
"1000000US500179591021087","Block 1087, Block Group 1, Census Tract 9591.02, Orange County, Vermont","2","1","1"
"1000000US500179591021088","Block 1088, Block Group 1, Census Tract 9591.02, Orange County, Vermont","0","0","0"
"1000000US500179591021089","Block 1089, Block Group 1, Census Tract 9591.02, Orange County, Vermont","3","3","0"
"1000000US500179591021090","Block 1090, Block Group 1, Census Tract 9591.02, Orange County, Vermont","2","1","1"
"1000000US500179591021091","Block 1091, Block Group 1, Census Tract 9591.02, Orange County, Vermont","1","1","0"
"1000000US500179591021092","Block 1092, Block Group 1, Census Tract 9591.02, Orange County, Vermont","1","1","0"
"1000000US500179591021093","Block 1093, Block Group 1, Census Tract 9591.02, Orange County, Vermont","3","3","0"
"1000000US500179591021094","Block 1094, Block Group 1, Census Tract 9591.02, Orange County, Vermont","5","4","1"
"1000000US500179591021095","Block 1095, Block Group 1, Census Tract 9591.02, Orange County, Vermont","0","0","0"
"1000000US500179591021096","Block 1096, Block Group 1, Census Tract 9591.02, Orange County, Vermont","6","5","1"
"1000000US500179591021097","Block 1097, Block Group 1, Census Tract 9591.02, Orange County, Vermont","2","1","1"
"1000000US500179591022000","Block 2000, Block Group 2, Census Tract 9591.02, Orange County, Vermont","2","0","2"
"1000000US500179591022001","Block 2001, Block Group 2, Census Tract 9591.02, Orange County, Vermont","14","10","4"
"1000000US500179591022002","Block 2002, Block Group 2, Census Tract 9591.02, Orange County, Vermont","0","0","0"
"1000000US500179591022003","Block 2003, Block Group 2, Census Tract 9591.02, Orange County, Vermont","15","12","3"
"1000000US500179591022004","Block 2004, Block Group 2, Census Tract 9591.02, Orange County, Vermont","0","0","0"
"1000000US500179591022005","Block 2005, Block Group 2, Census Tract 9591.02, Orange County, Vermont","5","2","3"
"1000000US500179591022006","Block 2006, Block Group 2, Census Tract 9591.02, Orange County, Vermont","0","0","0"
"1000000US500179591022007","Block 2007, Block Group 2, Census Tract 9591.02, Orange County, Vermont","0","0","0"
"1000000US500179591022008","Block 2008, Block Group 2, Census Tract 9591.02, Orange County, Vermont","1","1","0"
"1000000US500179591022009","Block 2009, Block Group 2, Census Tract 9591.02, Orange County, Vermont","0","0","0"
"1000000US500179591022010","Block 2010, Block Group 2, Census Tract 9591.02, Orange County, Vermont","55","43","12"
"1000000US500179591022011","Block 2011, Block Group 2, Census Tract 9591.02, Orange County, Vermont","7","6","1"
"1000000US500179591022012","Block 2012, Block Group 2, Census Tract 9591.02, Orange County, Vermont","23","7","16"
"1000000US500179591022013","Block 2013, Block Group 2, Census Tract 9591.02, Orange County, Vermont","3","2","1"
"1000000US500179591022014","Block 2014, Block Group 2, Census Tract 9591.02, Orange County, Vermont","1","1","0"
"1000000US500179591022015","Block 2015, Block Group 2, Census Tract 9591.02, Orange County, Vermont","1","0","1"
"1000000US500179591022016","Block 2016, Block Group 2, Census Tract 9591.02, Orange County, Vermont","0","0","0"
"1000000US500179591022017","Block 2017, Block Group 2, Census Tract 9591.02, Orange County, Vermont","9","3","6"
"1000000US500179591022018","Block 2018, Block Group 2, Census Tract 9591.02, Orange County, Vermont","2","2","0"
"1000000US500179591022019","Block 2019, Block Group 2, Census Tract 9591.02, Orange County, Vermont","27","16","11"
"1000000US500179591022020","Block 2020, Block Group 2, Census Tract 9591.02, Orange County, Vermont","2","0","2"
"1000000US500179591022021","Block 2021, Block Group 2, Census Tract 9591.02, Orange County, Vermont","6","5","1"
"1000000US500179591022022","Block 2022, Block Group 2, Census Tract 9591.02, Orange County, Vermont","0","0","0"
"1000000US500179591022023","Block 2023, Block Group 2, Census Tract 9591.02, Orange County, Vermont","0","0","0"
"1000000US500179591022024","Block 2024, Block Group 2, Census Tract 9591.02, Orange County, Vermont","1","1","0"
"1000000US500179591022025","Block 2025, Block Group 2, Census Tract 9591.02, Orange County, Vermont","2","1","1"
"1000000US500179591022026","Block 2026, Block Group 2, Census Tract 9591.02, Orange County, Vermont","25","15","10"
"1000000US500179591022027","Block 2027, Block Group 2, Census Tract 9591.02, Orange County, Vermont","1","1","0"
"1000000US500179591022028","Block 2028, Block Group 2, Census Tract 9591.02, Orange County, Vermont","0","0","0"
"1000000US500179591022029","Block 2029, Block Group 2, Census Tract 9591.02, Orange County, Vermont","16","11","5"
"1000000US500179591022030","Block 2030, Block Group 2, Census Tract 9591.02, Orange County, Vermont","13","7","6"
"1000000US500179591022031","Block 2031, Block Group 2, Census Tract 9591.02, Orange County, Vermont","2","2","0"
"1000000US500179591022032","Block 2032, Block Group 2, Census Tract 9591.02, Orange County, Vermont","33","27","6"
"1000000US500179591022033","Block 2033, Block Group 2, Census Tract 9591.02, Orange County, Vermont","0","0","0"
"1000000US500179591022034","Block 2034, Block Group 2, Census Tract 9591.02, Orange County, Vermont","2","2","0"
"1000000US500179591022035","Block 2035, Block Group 2, Census Tract 9591.02, Orange County, Vermont","5","4","1"
"1000000US500179591022036","Block 2036, Block Group 2, Census Tract 9591.02, Orange County, Vermont","0","0","0"
"1000000US500179591022037","Block 2037, Block Group 2, Census Tract 9591.02, Orange County, Vermont","0","0","0"
"1000000US500179591022038","Block 2038, Block Group 2, Census Tract 9591.02, Orange County, Vermont","9","9","0"
"1000000US500179591022039","Block 2039, Block Group 2, Census Tract 9591.02, Orange County, Vermont","6","5","1"
"1000000US500179591022040","Block 2040, Block Group 2, Census Tract 9591.02, Orange County, Vermont","3","3","0"
"1000000US500179591022041","Block 2041, Block Group 2, Census Tract 9591.02, Orange County, Vermont","0","0","0"
"1000000US500179591022042","Block 2042, Block Group 2, Census Tract 9591.02, Orange County, Vermont","4","3","1"
"1000000US500179591022043","Block 2043, Block Group 2, Census Tract 9591.02, Orange County, Vermont","55","38","17"
"1000000US500179591022044","Block 2044, Block Group 2, Census Tract 9591.02, Orange County, Vermont","0","0","0"
"1000000US500179591022045","Block 2045, Block Group 2, Census Tract 9591.02, Orange County, Vermont","0","0","0"
"1000000US500179591022046","Block 2046, Block Group 2, Census Tract 9591.02, Orange County, Vermont","0","0","0"
"1000000US500179591022047","Block 2047, Block Group 2, Census Tract 9591.02, Orange County, Vermont","19","11","8"
"1000000US500179591022048","Block 2048, Block Group 2, Census Tract 9591.02, Orange County, Vermont","13","13","0"
"1000000US500179591022049","Block 2049, Block Group 2, Census Tract 9591.02, Orange County, Vermont","17","13","4"
"1000000US500179591022050","Block 2050, Block Group 2, Census Tract 9591.02, Orange County, Vermont","3","1","2"
"1000000US500179591022051","Block 2051, Block Group 2, Census Tract 9591.02, Orange County, Vermont","3","3","0"
"1000000US500179591022052","Block 2052, Block Group 2, Census Tract 9591.02, Orange County, Vermont","0","0","0"
"1000000US500179591022053","Block 2053, Block Group 2, Census Tract 9591.02, Orange County, Vermont","15","8","7"
"1000000US500179591022054","Block 2054, Block Group 2, Census Tract 9591.02, Orange County, Vermont","0","0","0"
"1000000US500179591022055","Block 2055, Block Group 2, Census Tract 9591.02, Orange County, Vermont","7","7","0"
"1000000US500179591022056","Block 2056, Block Group 2, Census Tract 9591.02, Orange County, Vermont","3","3","0"
"1000000US500179591022057","Block 2057, Block Group 2, Census Tract 9591.02, Orange County, Vermont","7","6","1"
"1000000US500179591022058","Block 2058, Block Group 2, Census Tract 9591.02, Orange County, Vermont","60","39","21"
"1000000US500179591022059","Block 2059, Block Group 2, Census Tract 9591.02, Orange County, Vermont","1","1","0"
"1000000US500179591022060","Block 2060, Block Group 2, Census Tract 9591.02, Orange County, Vermont","2","2","0"
"1000000US500179591022061","Block 2061, Block Group 2, Census Tract 9591.02, Orange County, Vermont","3","1","2"
"1000000US500179591022062","Block 2062, Block Group 2, Census Tract 9591.02, Orange County, Vermont","0","0","0"
"1000000US500179591022063","Block 2063, Block Group 2, Census Tract 9591.02, Orange County, Vermont","1","1","0"
"1000000US500179591022064","Block 2064, Block Group 2, Census Tract 9591.02, Orange County, Vermont","5","2","3"
"1000000US500179591022065","Block 2065, Block Group 2, Census Tract 9591.02, Orange County, Vermont","6","5","1"
"1000000US500179591022066","Block 2066, Block Group 2, Census Tract 9591.02, Orange County, Vermont","0","0","0"
"1000000US500179591022067","Block 2067, Block Group 2, Census Tract 9591.02, Orange County, Vermont","12","9","3"
"1000000US500179591022068","Block 2068, Block Group 2, Census Tract 9591.02, Orange County, Vermont","12","10","2"
"1000000US500179591022069","Block 2069, Block Group 2, Census Tract 9591.02, Orange County, Vermont","14","10","4"
"1000000US500179591022070","Block 2070, Block Group 2, Census Tract 9591.02, Orange County, Vermont","0","0","0"
"1000000US500179591022071","Block 2071, Block Group 2, Census Tract 9591.02, Orange County, Vermont","3","3","0"
"1000000US500179591022072","Block 2072, Block Group 2, Census Tract 9591.02, Orange County, Vermont","69","45","24"
"1000000US500179591022073","Block 2073, Block Group 2, Census Tract 9591.02, Orange County, Vermont","0","0","0"
"1000000US500179591022074","Block 2074, Block Group 2, Census Tract 9591.02, Orange County, Vermont","2","0","2"
"1000000US500179591022075","Block 2075, Block Group 2, Census Tract 9591.02, Orange County, Vermont","0","0","0"
"1000000US500179591022076","Block 2076, Block Group 2, Census Tract 9591.02, Orange County, Vermont","2","1","1"
"1000000US500179591022077","Block 2077, Block Group 2, Census Tract 9591.02, Orange County, Vermont","4","2","2"
"1000000US500179591022078","Block 2078, Block Group 2, Census Tract 9591.02, Orange County, Vermont","14","13","1"
"1000000US500179591022079","Block 2079, Block Group 2, Census Tract 9591.02, Orange County, Vermont","9","2","7"
"1000000US500179591022080","Block 2080, Block Group 2, Census Tract 9591.02, Orange County, Vermont","0","0","0"
"1000000US500179591022081","Block 2081, Block Group 2, Census Tract 9591.02, Orange County, Vermont","0","0","0"
"1000000US500179591022082","Block 2082, Block Group 2, Census Tract 9591.02, Orange County, Vermont","3","2","1"
"1000000US500179591022083","Block 2083, Block Group 2, Census Tract 9591.02, Orange County, Vermont","0","0","0"
"1000000US500179591022084","Block 2084, Block Group 2, Census Tract 9591.02, Orange County, Vermont","0","0","0"
"1000000US500179591022085","Block 2085, Block Group 2, Census Tract 9591.02, Orange County, Vermont","12","8","4"
"1000000US500179591022086","Block 2086, Block Group 2, Census Tract 9591.02, Orange County, Vermont","7","7","0"
"1000000US500179591022087","Block 2087, Block Group 2, Census Tract 9591.02, Orange County, Vermont","2","2","0"
"1000000US500179591022088","Block 2088, Block Group 2, Census Tract 9591.02, Orange County, Vermont","0","0","0"
"1000000US500179591022089","Block 2089, Block Group 2, Census Tract 9591.02, Orange County, Vermont","3","2","1"
"1000000US500179591022090","Block 2090, Block Group 2, Census Tract 9591.02, Orange County, Vermont","1","1","0"
"1000000US500179591022091","Block 2091, Block Group 2, Census Tract 9591.02, Orange County, Vermont","0","0","0"
"1000000US500179591022092","Block 2092, Block Group 2, Census Tract 9591.02, Orange County, Vermont","2","1","1"
"1000000US500179591022093","Block 2093, Block Group 2, Census Tract 9591.02, Orange County, Vermont","15","11","4"
"1000000US500179591022094","Block 2094, Block Group 2, Census Tract 9591.02, Orange County, Vermont","0","0","0"
"1000000US500179591022095","Block 2095, Block Group 2, Census Tract 9591.02, Orange County, Vermont","0","0","0"
"1000000US500179591022096","Block 2096, Block Group 2, Census Tract 9591.02, Orange County, Vermont","2","1","1"
"1000000US500179591022097","Block 2097, Block Group 2, Census Tract 9591.02, Orange County, Vermont","7","7","0"
"1000000US500179591022098","Block 2098, Block Group 2, Census Tract 9591.02, Orange County, Vermont","26","20","6"
"1000000US500179591022099","Block 2099, Block Group 2, Census Tract 9591.02, Orange County, Vermont","8","6","2"
"1000000US500179591022100","Block 2100, Block Group 2, Census Tract 9591.02, Orange County, Vermont","5","5","0"
"1000000US500179591022101","Block 2101, Block Group 2, Census Tract 9591.02, Orange County, Vermont","0","0","0"
"1000000US500179591022102","Block 2102, Block Group 2, Census Tract 9591.02, Orange County, Vermont","2","2","0"
"1000000US500179591022103","Block 2103, Block Group 2, Census Tract 9591.02, Orange County, Vermont","1","0","1"
"1000000US500179591022104","Block 2104, Block Group 2, Census Tract 9591.02, Orange County, Vermont","1","1","0"
"1000000US500179591022105","Block 2105, Block Group 2, Census Tract 9591.02, Orange County, Vermont","28","20","8"
"1000000US500179591022106","Block 2106, Block Group 2, Census Tract 9591.02, Orange County, Vermont","14","4","10"
"1000000US500179591022107","Block 2107, Block Group 2, Census Tract 9591.02, Orange County, Vermont","4","3","1"
"1000000US500179591022108","Block 2108, Block Group 2, Census Tract 9591.02, Orange County, Vermont","0","0","0"
"1000000US500179591022109","Block 2109, Block Group 2, Census Tract 9591.02, Orange County, Vermont","0","0","0"
"1000000US500179591022110","Block 2110, Block Group 2, Census Tract 9591.02, Orange County, Vermont","1","1","0"
"1000000US500179591022111","Block 2111, Block Group 2, Census Tract 9591.02, Orange County, Vermont","2","1","1"
"1000000US500179591022112","Block 2112, Block Group 2, Census Tract 9591.02, Orange County, Vermont","1","1","0"
"1000000US500179591022113","Block 2113, Block Group 2, Census Tract 9591.02, Orange County, Vermont","0","0","0"
"1000000US500179592001000","Block 1000, Block Group 1, Census Tract 9592, Orange County, Vermont","0","0","0"
"1000000US500179592001001","Block 1001, Block Group 1, Census Tract 9592, Orange County, Vermont","21","19","2"
"1000000US500179592001002","Block 1002, Block Group 1, Census Tract 9592, Orange County, Vermont","10","7","3"
"1000000US500179592001003","Block 1003, Block Group 1, Census Tract 9592, Orange County, Vermont","6","5","1"
"1000000US500179592001004","Block 1004, Block Group 1, Census Tract 9592, Orange County, Vermont","6","6","0"
"1000000US500179592001005","Block 1005, Block Group 1, Census Tract 9592, Orange County, Vermont","0","0","0"
"1000000US500179592001006","Block 1006, Block Group 1, Census Tract 9592, Orange County, Vermont","1","1","0"
"1000000US500179592001007","Block 1007, Block Group 1, Census Tract 9592, Orange County, Vermont","75","69","6"
"1000000US500179592001008","Block 1008, Block Group 1, Census Tract 9592, Orange County, Vermont","0","0","0"
"1000000US500179592001009","Block 1009, Block Group 1, Census Tract 9592, Orange County, Vermont","35","35","0"
"1000000US500179592001010","Block 1010, Block Group 1, Census Tract 9592, Orange County, Vermont","45","44","1"
"1000000US500179592001011","Block 1011, Block Group 1, Census Tract 9592, Orange County, Vermont","0","0","0"
"1000000US500179592001012","Block 1012, Block Group 1, Census Tract 9592, Orange County, Vermont","12","11","1"
"1000000US500179592001013","Block 1013, Block Group 1, Census Tract 9592, Orange County, Vermont","0","0","0"
"1000000US500179592001014","Block 1014, Block Group 1, Census Tract 9592, Orange County, Vermont","4","3","1"
"1000000US500179592001015","Block 1015, Block Group 1, Census Tract 9592, Orange County, Vermont","0","0","0"
"1000000US500179592001016","Block 1016, Block Group 1, Census Tract 9592, Orange County, Vermont","0","0","0"
"1000000US500179592001017","Block 1017, Block Group 1, Census Tract 9592, Orange County, Vermont","1","1","0"
"1000000US500179592001018","Block 1018, Block Group 1, Census Tract 9592, Orange County, Vermont","3","2","1"
"1000000US500179592001019","Block 1019, Block Group 1, Census Tract 9592, Orange County, Vermont","0","0","0"
"1000000US500179592001020","Block 1020, Block Group 1, Census Tract 9592, Orange County, Vermont","0","0","0"
"1000000US500179592001021","Block 1021, Block Group 1, Census Tract 9592, Orange County, Vermont","0","0","0"
"1000000US500179592001022","Block 1022, Block Group 1, Census Tract 9592, Orange County, Vermont","0","0","0"
"1000000US500179592001023","Block 1023, Block Group 1, Census Tract 9592, Orange County, Vermont","0","0","0"
"1000000US500179592001024","Block 1024, Block Group 1, Census Tract 9592, Orange County, Vermont","0","0","0"
"1000000US500179592001025","Block 1025, Block Group 1, Census Tract 9592, Orange County, Vermont","0","0","0"
"1000000US500179592001026","Block 1026, Block Group 1, Census Tract 9592, Orange County, Vermont","53","52","1"
"1000000US500179592001027","Block 1027, Block Group 1, Census Tract 9592, Orange County, Vermont","2","2","0"
"1000000US500179592001028","Block 1028, Block Group 1, Census Tract 9592, Orange County, Vermont","0","0","0"
"1000000US500179592001029","Block 1029, Block Group 1, Census Tract 9592, Orange County, Vermont","11","11","0"
"1000000US500179592001030","Block 1030, Block Group 1, Census Tract 9592, Orange County, Vermont","0","0","0"
"1000000US500179592001031","Block 1031, Block Group 1, Census Tract 9592, Orange County, Vermont","33","31","2"
"1000000US500179592001032","Block 1032, Block Group 1, Census Tract 9592, Orange County, Vermont","5","5","0"
"1000000US500179592001033","Block 1033, Block Group 1, Census Tract 9592, Orange County, Vermont","76","70","6"
"1000000US500179592001034","Block 1034, Block Group 1, Census Tract 9592, Orange County, Vermont","28","28","0"
"1000000US500179592001035","Block 1035, Block Group 1, Census Tract 9592, Orange County, Vermont","0","0","0"
"1000000US500179592001036","Block 1036, Block Group 1, Census Tract 9592, Orange County, Vermont","25","25","0"
"1000000US500179592001037","Block 1037, Block Group 1, Census Tract 9592, Orange County, Vermont","0","0","0"
"1000000US500179592001038","Block 1038, Block Group 1, Census Tract 9592, Orange County, Vermont","1","1","0"
"1000000US500179592001039","Block 1039, Block Group 1, Census Tract 9592, Orange County, Vermont","0","0","0"
"1000000US500179592001040","Block 1040, Block Group 1, Census Tract 9592, Orange County, Vermont","3","3","0"
"1000000US500179592001041","Block 1041, Block Group 1, Census Tract 9592, Orange County, Vermont","66","63","3"
"1000000US500179592001042","Block 1042, Block Group 1, Census Tract 9592, Orange County, Vermont","4","4","0"
"1000000US500179592001043","Block 1043, Block Group 1, Census Tract 9592, Orange County, Vermont","14","13","1"
"1000000US500179592001044","Block 1044, Block Group 1, Census Tract 9592, Orange County, Vermont","5","4","1"
"1000000US500179592001045","Block 1045, Block Group 1, Census Tract 9592, Orange County, Vermont","2","2","0"
"1000000US500179592001046","Block 1046, Block Group 1, Census Tract 9592, Orange County, Vermont","0","0","0"
"1000000US500179592001047","Block 1047, Block Group 1, Census Tract 9592, Orange County, Vermont","0","0","0"
"1000000US500179592001048","Block 1048, Block Group 1, Census Tract 9592, Orange County, Vermont","44","43","1"
"1000000US500179592001049","Block 1049, Block Group 1, Census Tract 9592, Orange County, Vermont","0","0","0"
"1000000US500179592001050","Block 1050, Block Group 1, Census Tract 9592, Orange County, Vermont","0","0","0"
"1000000US500179592001051","Block 1051, Block Group 1, Census Tract 9592, Orange County, Vermont","75","67","8"
"1000000US500179592001052","Block 1052, Block Group 1, Census Tract 9592, Orange County, Vermont","6","6","0"
"1000000US500179592001053","Block 1053, Block Group 1, Census Tract 9592, Orange County, Vermont","0","0","0"
"1000000US500179592001054","Block 1054, Block Group 1, Census Tract 9592, Orange County, Vermont","16","13","3"
"1000000US500179592001055","Block 1055, Block Group 1, Census Tract 9592, Orange County, Vermont","21","19","2"
"1000000US500179592001056","Block 1056, Block Group 1, Census Tract 9592, Orange County, Vermont","8","8","0"
"1000000US500179592001057","Block 1057, Block Group 1, Census Tract 9592, Orange County, Vermont","5","5","0"
"1000000US500179592001058","Block 1058, Block Group 1, Census Tract 9592, Orange County, Vermont","0","0","0"
"1000000US500179592001059","Block 1059, Block Group 1, Census Tract 9592, Orange County, Vermont","12","11","1"
"1000000US500179592001060","Block 1060, Block Group 1, Census Tract 9592, Orange County, Vermont","12","12","0"
"1000000US500179592001061","Block 1061, Block Group 1, Census Tract 9592, Orange County, Vermont","1","1","0"
"1000000US500179592001062","Block 1062, Block Group 1, Census Tract 9592, Orange County, Vermont","0","0","0"
"1000000US500179592001063","Block 1063, Block Group 1, Census Tract 9592, Orange County, Vermont","0","0","0"
"1000000US500179592001064","Block 1064, Block Group 1, Census Tract 9592, Orange County, Vermont","0","0","0"
"1000000US500179592001065","Block 1065, Block Group 1, Census Tract 9592, Orange County, Vermont","1","0","1"
"1000000US500179592001066","Block 1066, Block Group 1, Census Tract 9592, Orange County, Vermont","2","2","0"
"1000000US500179592001067","Block 1067, Block Group 1, Census Tract 9592, Orange County, Vermont","0","0","0"
"1000000US500179592001068","Block 1068, Block Group 1, Census Tract 9592, Orange County, Vermont","1","1","0"
"1000000US500179592001069","Block 1069, Block Group 1, Census Tract 9592, Orange County, Vermont","0","0","0"
"1000000US500179592001070","Block 1070, Block Group 1, Census Tract 9592, Orange County, Vermont","0","0","0"
"1000000US500179592002000","Block 2000, Block Group 2, Census Tract 9592, Orange County, Vermont","6","5","1"
"1000000US500179592002001","Block 2001, Block Group 2, Census Tract 9592, Orange County, Vermont","23","20","3"
"1000000US500179592002002","Block 2002, Block Group 2, Census Tract 9592, Orange County, Vermont","2","1","1"
"1000000US500179592002003","Block 2003, Block Group 2, Census Tract 9592, Orange County, Vermont","31","29","2"
"1000000US500179592002004","Block 2004, Block Group 2, Census Tract 9592, Orange County, Vermont","18","16","2"
"1000000US500179592002005","Block 2005, Block Group 2, Census Tract 9592, Orange County, Vermont","0","0","0"
"1000000US500179592002006","Block 2006, Block Group 2, Census Tract 9592, Orange County, Vermont","0","0","0"
"1000000US500179592002007","Block 2007, Block Group 2, Census Tract 9592, Orange County, Vermont","49","45","4"
"1000000US500179592002008","Block 2008, Block Group 2, Census Tract 9592, Orange County, Vermont","3","3","0"
"1000000US500179592002009","Block 2009, Block Group 2, Census Tract 9592, Orange County, Vermont","3","3","0"
"1000000US500179592002010","Block 2010, Block Group 2, Census Tract 9592, Orange County, Vermont","1","1","0"
"1000000US500179592002011","Block 2011, Block Group 2, Census Tract 9592, Orange County, Vermont","3","2","1"
"1000000US500179592002012","Block 2012, Block Group 2, Census Tract 9592, Orange County, Vermont","5","5","0"
"1000000US500179592002013","Block 2013, Block Group 2, Census Tract 9592, Orange County, Vermont","4","4","0"
"1000000US500179592002014","Block 2014, Block Group 2, Census Tract 9592, Orange County, Vermont","29","26","3"
"1000000US500179592002015","Block 2015, Block Group 2, Census Tract 9592, Orange County, Vermont","2","2","0"
"1000000US500179592002016","Block 2016, Block Group 2, Census Tract 9592, Orange County, Vermont","1","1","0"
"1000000US500179592002017","Block 2017, Block Group 2, Census Tract 9592, Orange County, Vermont","0","0","0"
"1000000US500179592002018","Block 2018, Block Group 2, Census Tract 9592, Orange County, Vermont","1","0","1"
"1000000US500179592002019","Block 2019, Block Group 2, Census Tract 9592, Orange County, Vermont","5","4","1"
"1000000US500179592002020","Block 2020, Block Group 2, Census Tract 9592, Orange County, Vermont","32","32","0"
"1000000US500179592002021","Block 2021, Block Group 2, Census Tract 9592, Orange County, Vermont","5","5","0"
"1000000US500179592002022","Block 2022, Block Group 2, Census Tract 9592, Orange County, Vermont","1","1","0"
"1000000US500179592002023","Block 2023, Block Group 2, Census Tract 9592, Orange County, Vermont","2","1","1"
"1000000US500179592002024","Block 2024, Block Group 2, Census Tract 9592, Orange County, Vermont","3","3","0"
"1000000US500179592002025","Block 2025, Block Group 2, Census Tract 9592, Orange County, Vermont","0","0","0"
"1000000US500179592002026","Block 2026, Block Group 2, Census Tract 9592, Orange County, Vermont","31","31","0"
"1000000US500179592002027","Block 2027, Block Group 2, Census Tract 9592, Orange County, Vermont","8","8","0"
"1000000US500179592002028","Block 2028, Block Group 2, Census Tract 9592, Orange County, Vermont","12","11","1"
"1000000US500179592002029","Block 2029, Block Group 2, Census Tract 9592, Orange County, Vermont","3","3","0"
"1000000US500179592002030","Block 2030, Block Group 2, Census Tract 9592, Orange County, Vermont","15","15","0"
"1000000US500179592002031","Block 2031, Block Group 2, Census Tract 9592, Orange County, Vermont","37","37","0"
"1000000US500179592002032","Block 2032, Block Group 2, Census Tract 9592, Orange County, Vermont","0","0","0"
"1000000US500179592002033","Block 2033, Block Group 2, Census Tract 9592, Orange County, Vermont","1","1","0"
"1000000US500179592002034","Block 2034, Block Group 2, Census Tract 9592, Orange County, Vermont","16","15","1"
"1000000US500179592002035","Block 2035, Block Group 2, Census Tract 9592, Orange County, Vermont","16","16","0"
"1000000US500179592002036","Block 2036, Block Group 2, Census Tract 9592, Orange County, Vermont","2","2","0"
"1000000US500179592002037","Block 2037, Block Group 2, Census Tract 9592, Orange County, Vermont","9","7","2"
"1000000US500179592002038","Block 2038, Block Group 2, Census Tract 9592, Orange County, Vermont","1","1","0"
"1000000US500179592002039","Block 2039, Block Group 2, Census Tract 9592, Orange County, Vermont","10","9","1"
"1000000US500179592002040","Block 2040, Block Group 2, Census Tract 9592, Orange County, Vermont","1","1","0"
"1000000US500179592002041","Block 2041, Block Group 2, Census Tract 9592, Orange County, Vermont","21","19","2"
"1000000US500179592002042","Block 2042, Block Group 2, Census Tract 9592, Orange County, Vermont","8","8","0"
"1000000US500179592002043","Block 2043, Block Group 2, Census Tract 9592, Orange County, Vermont","3","3","0"
"1000000US500179592002044","Block 2044, Block Group 2, Census Tract 9592, Orange County, Vermont","18","17","1"
"1000000US500179592002045","Block 2045, Block Group 2, Census Tract 9592, Orange County, Vermont","30","27","3"
"1000000US500179592002046","Block 2046, Block Group 2, Census Tract 9592, Orange County, Vermont","1","1","0"
"1000000US500179592002047","Block 2047, Block Group 2, Census Tract 9592, Orange County, Vermont","15","13","2"
"1000000US500179592002048","Block 2048, Block Group 2, Census Tract 9592, Orange County, Vermont","16","15","1"
"1000000US500179592002049","Block 2049, Block Group 2, Census Tract 9592, Orange County, Vermont","6","6","0"
"1000000US500179592002050","Block 2050, Block Group 2, Census Tract 9592, Orange County, Vermont","14","14","0"
"1000000US500179592002051","Block 2051, Block Group 2, Census Tract 9592, Orange County, Vermont","1","1","0"
"1000000US500179592002052","Block 2052, Block Group 2, Census Tract 9592, Orange County, Vermont","1","1","0"
"1000000US500179592002053","Block 2053, Block Group 2, Census Tract 9592, Orange County, Vermont","45","43","2"
"1000000US500179592002054","Block 2054, Block Group 2, Census Tract 9592, Orange County, Vermont","0","0","0"
"1000000US500179592002055","Block 2055, Block Group 2, Census Tract 9592, Orange County, Vermont","6","6","0"
"1000000US500179592002056","Block 2056, Block Group 2, Census Tract 9592, Orange County, Vermont","16","15","1"
"1000000US500179592002057","Block 2057, Block Group 2, Census Tract 9592, Orange County, Vermont","30","27","3"
"1000000US500179592002058","Block 2058, Block Group 2, Census Tract 9592, Orange County, Vermont","10","9","1"
"1000000US500179592002059","Block 2059, Block Group 2, Census Tract 9592, Orange County, Vermont","0","0","0"
"1000000US500179592002060","Block 2060, Block Group 2, Census Tract 9592, Orange County, Vermont","0","0","0"
"1000000US500179592002061","Block 2061, Block Group 2, Census Tract 9592, Orange County, Vermont","18","16","2"
"1000000US500179592002062","Block 2062, Block Group 2, Census Tract 9592, Orange County, Vermont","14","12","2"
"1000000US500179592002063","Block 2063, Block Group 2, Census Tract 9592, Orange County, Vermont","4","4","0"
"1000000US500179592002064","Block 2064, Block Group 2, Census Tract 9592, Orange County, Vermont","14","13","1"
"1000000US500179592002065","Block 2065, Block Group 2, Census Tract 9592, Orange County, Vermont","0","0","0"
"1000000US500179592002066","Block 2066, Block Group 2, Census Tract 9592, Orange County, Vermont","0","0","0"
"1000000US500179592002067","Block 2067, Block Group 2, Census Tract 9592, Orange County, Vermont","5","3","2"
"1000000US500179592002068","Block 2068, Block Group 2, Census Tract 9592, Orange County, Vermont","4","3","1"
"1000000US500179592002069","Block 2069, Block Group 2, Census Tract 9592, Orange County, Vermont","0","0","0"
"1000000US500179592002070","Block 2070, Block Group 2, Census Tract 9592, Orange County, Vermont","1","1","0"
"1000000US500179592002071","Block 2071, Block Group 2, Census Tract 9592, Orange County, Vermont","3","3","0"
"1000000US500179592002072","Block 2072, Block Group 2, Census Tract 9592, Orange County, Vermont","5","4","1"
"1000000US500179592002073","Block 2073, Block Group 2, Census Tract 9592, Orange County, Vermont","7","7","0"
"1000000US500179592002074","Block 2074, Block Group 2, Census Tract 9592, Orange County, Vermont","1","1","0"
"1000000US500179592002075","Block 2075, Block Group 2, Census Tract 9592, Orange County, Vermont","1","0","1"
"1000000US500179592002076","Block 2076, Block Group 2, Census Tract 9592, Orange County, Vermont","0","0","0"
"1000000US500179592002077","Block 2077, Block Group 2, Census Tract 9592, Orange County, Vermont","16","13","3"
"1000000US500179592002078","Block 2078, Block Group 2, Census Tract 9592, Orange County, Vermont","0","0","0"
"1000000US500179592002079","Block 2079, Block Group 2, Census Tract 9592, Orange County, Vermont","0","0","0"
"1000000US500179592002080","Block 2080, Block Group 2, Census Tract 9592, Orange County, Vermont","3","3","0"
"1000000US500179592002081","Block 2081, Block Group 2, Census Tract 9592, Orange County, Vermont","0","0","0"
"1000000US500179592002082","Block 2082, Block Group 2, Census Tract 9592, Orange County, Vermont","0","0","0"
"1000000US500179593001000","Block 1000, Block Group 1, Census Tract 9593, Orange County, Vermont","9","6","3"
"1000000US500179593001001","Block 1001, Block Group 1, Census Tract 9593, Orange County, Vermont","0","0","0"
"1000000US500179593001002","Block 1002, Block Group 1, Census Tract 9593, Orange County, Vermont","23","16","7"
"1000000US500179593001003","Block 1003, Block Group 1, Census Tract 9593, Orange County, Vermont","0","0","0"
"1000000US500179593001004","Block 1004, Block Group 1, Census Tract 9593, Orange County, Vermont","0","0","0"
"1000000US500179593001005","Block 1005, Block Group 1, Census Tract 9593, Orange County, Vermont","0","0","0"
"1000000US500179593001006","Block 1006, Block Group 1, Census Tract 9593, Orange County, Vermont","6","5","1"
"1000000US500179593001007","Block 1007, Block Group 1, Census Tract 9593, Orange County, Vermont","0","0","0"
"1000000US500179593001008","Block 1008, Block Group 1, Census Tract 9593, Orange County, Vermont","13","13","0"
"1000000US500179593001009","Block 1009, Block Group 1, Census Tract 9593, Orange County, Vermont","0","0","0"
"1000000US500179593001010","Block 1010, Block Group 1, Census Tract 9593, Orange County, Vermont","8","8","0"
"1000000US500179593001011","Block 1011, Block Group 1, Census Tract 9593, Orange County, Vermont","28","22","6"
"1000000US500179593001012","Block 1012, Block Group 1, Census Tract 9593, Orange County, Vermont","0","0","0"
"1000000US500179593001013","Block 1013, Block Group 1, Census Tract 9593, Orange County, Vermont","28","21","7"
"1000000US500179593001014","Block 1014, Block Group 1, Census Tract 9593, Orange County, Vermont","0","0","0"
"1000000US500179593001015","Block 1015, Block Group 1, Census Tract 9593, Orange County, Vermont","0","0","0"
"1000000US500179593001016","Block 1016, Block Group 1, Census Tract 9593, Orange County, Vermont","25","20","5"
"1000000US500179593001017","Block 1017, Block Group 1, Census Tract 9593, Orange County, Vermont","2","1","1"
"1000000US500179593001018","Block 1018, Block Group 1, Census Tract 9593, Orange County, Vermont","6","5","1"
"1000000US500179593001019","Block 1019, Block Group 1, Census Tract 9593, Orange County, Vermont","6","3","3"
"1000000US500179593001020","Block 1020, Block Group 1, Census Tract 9593, Orange County, Vermont","0","0","0"
"1000000US500179593001021","Block 1021, Block Group 1, Census Tract 9593, Orange County, Vermont","2","2","0"
"1000000US500179593001022","Block 1022, Block Group 1, Census Tract 9593, Orange County, Vermont","0","0","0"
"1000000US500179593001023","Block 1023, Block Group 1, Census Tract 9593, Orange County, Vermont","0","0","0"
"1000000US500179593001024","Block 1024, Block Group 1, Census Tract 9593, Orange County, Vermont","17","13","4"
"1000000US500179593001025","Block 1025, Block Group 1, Census Tract 9593, Orange County, Vermont","0","0","0"
"1000000US500179593001026","Block 1026, Block Group 1, Census Tract 9593, Orange County, Vermont","0","0","0"
"1000000US500179593001027","Block 1027, Block Group 1, Census Tract 9593, Orange County, Vermont","0","0","0"
"1000000US500179593001028","Block 1028, Block Group 1, Census Tract 9593, Orange County, Vermont","1","1","0"
"1000000US500179593001029","Block 1029, Block Group 1, Census Tract 9593, Orange County, Vermont","2","2","0"
"1000000US500179593001030","Block 1030, Block Group 1, Census Tract 9593, Orange County, Vermont","0","0","0"
"1000000US500179593001031","Block 1031, Block Group 1, Census Tract 9593, Orange County, Vermont","31","17","14"
"1000000US500179593001032","Block 1032, Block Group 1, Census Tract 9593, Orange County, Vermont","4","4","0"
"1000000US500179593001033","Block 1033, Block Group 1, Census Tract 9593, Orange County, Vermont","0","0","0"
"1000000US500179593001034","Block 1034, Block Group 1, Census Tract 9593, Orange County, Vermont","1","1","0"
"1000000US500179593001035","Block 1035, Block Group 1, Census Tract 9593, Orange County, Vermont","0","0","0"
"1000000US500179593001036","Block 1036, Block Group 1, Census Tract 9593, Orange County, Vermont","23","17","6"
"1000000US500179593001037","Block 1037, Block Group 1, Census Tract 9593, Orange County, Vermont","0","0","0"
"1000000US500179593001038","Block 1038, Block Group 1, Census Tract 9593, Orange County, Vermont","0","0","0"
"1000000US500179593001039","Block 1039, Block Group 1, Census Tract 9593, Orange County, Vermont","0","0","0"
"1000000US500179593001040","Block 1040, Block Group 1, Census Tract 9593, Orange County, Vermont","0","0","0"
"1000000US500179593001041","Block 1041, Block Group 1, Census Tract 9593, Orange County, Vermont","10","5","5"
"1000000US500179593001042","Block 1042, Block Group 1, Census Tract 9593, Orange County, Vermont","27","20","7"
"1000000US500179593001043","Block 1043, Block Group 1, Census Tract 9593, Orange County, Vermont","0","0","0"
"1000000US500179593001044","Block 1044, Block Group 1, Census Tract 9593, Orange County, Vermont","0","0","0"
"1000000US500179593001045","Block 1045, Block Group 1, Census Tract 9593, Orange County, Vermont","41","27","14"
"1000000US500179593001046","Block 1046, Block Group 1, Census Tract 9593, Orange County, Vermont","0","0","0"
"1000000US500179593001047","Block 1047, Block Group 1, Census Tract 9593, Orange County, Vermont","0","0","0"
"1000000US500179593001048","Block 1048, Block Group 1, Census Tract 9593, Orange County, Vermont","0","0","0"
"1000000US500179593001049","Block 1049, Block Group 1, Census Tract 9593, Orange County, Vermont","13","12","1"
"1000000US500179593001050","Block 1050, Block Group 1, Census Tract 9593, Orange County, Vermont","0","0","0"
"1000000US500179593001051","Block 1051, Block Group 1, Census Tract 9593, Orange County, Vermont","0","0","0"
"1000000US500179593001052","Block 1052, Block Group 1, Census Tract 9593, Orange County, Vermont","0","0","0"
"1000000US500179593001053","Block 1053, Block Group 1, Census Tract 9593, Orange County, Vermont","0","0","0"
"1000000US500179593001054","Block 1054, Block Group 1, Census Tract 9593, Orange County, Vermont","0","0","0"
"1000000US500179593001055","Block 1055, Block Group 1, Census Tract 9593, Orange County, Vermont","32","24","8"
"1000000US500179593001056","Block 1056, Block Group 1, Census Tract 9593, Orange County, Vermont","28","22","6"
"1000000US500179593001057","Block 1057, Block Group 1, Census Tract 9593, Orange County, Vermont","0","0","0"
"1000000US500179593001058","Block 1058, Block Group 1, Census Tract 9593, Orange County, Vermont","0","0","0"
"1000000US500179593001059","Block 1059, Block Group 1, Census Tract 9593, Orange County, Vermont","0","0","0"
"1000000US500179593001060","Block 1060, Block Group 1, Census Tract 9593, Orange County, Vermont","0","0","0"
"1000000US500179593001061","Block 1061, Block Group 1, Census Tract 9593, Orange County, Vermont","12","9","3"
"1000000US500179593001062","Block 1062, Block Group 1, Census Tract 9593, Orange County, Vermont","0","0","0"
"1000000US500179593001063","Block 1063, Block Group 1, Census Tract 9593, Orange County, Vermont","0","0","0"
"1000000US500179593001064","Block 1064, Block Group 1, Census Tract 9593, Orange County, Vermont","0","0","0"
"1000000US500179593001065","Block 1065, Block Group 1, Census Tract 9593, Orange County, Vermont","10","8","2"
"1000000US500179593001066","Block 1066, Block Group 1, Census Tract 9593, Orange County, Vermont","29","24","5"
"1000000US500179593001067","Block 1067, Block Group 1, Census Tract 9593, Orange County, Vermont","5","4","1"
"1000000US500179593001068","Block 1068, Block Group 1, Census Tract 9593, Orange County, Vermont","3","3","0"
"1000000US500179593001069","Block 1069, Block Group 1, Census Tract 9593, Orange County, Vermont","1","1","0"
"1000000US500179593001070","Block 1070, Block Group 1, Census Tract 9593, Orange County, Vermont","0","0","0"
"1000000US500179593001071","Block 1071, Block Group 1, Census Tract 9593, Orange County, Vermont","1","1","0"
"1000000US500179593001072","Block 1072, Block Group 1, Census Tract 9593, Orange County, Vermont","1","1","0"
"1000000US500179593001073","Block 1073, Block Group 1, Census Tract 9593, Orange County, Vermont","1","0","1"
"1000000US500179593001074","Block 1074, Block Group 1, Census Tract 9593, Orange County, Vermont","6","3","3"
"1000000US500179593001075","Block 1075, Block Group 1, Census Tract 9593, Orange County, Vermont","0","0","0"
"1000000US500179593001076","Block 1076, Block Group 1, Census Tract 9593, Orange County, Vermont","27","20","7"
"1000000US500179593001077","Block 1077, Block Group 1, Census Tract 9593, Orange County, Vermont","32","18","14"
"1000000US500179593001078","Block 1078, Block Group 1, Census Tract 9593, Orange County, Vermont","0","0","0"
"1000000US500179593001079","Block 1079, Block Group 1, Census Tract 9593, Orange County, Vermont","45","37","8"
"1000000US500179593001080","Block 1080, Block Group 1, Census Tract 9593, Orange County, Vermont","2","2","0"
"1000000US500179593001081","Block 1081, Block Group 1, Census Tract 9593, Orange County, Vermont","0","0","0"
"1000000US500179593001082","Block 1082, Block Group 1, Census Tract 9593, Orange County, Vermont","1","1","0"
"1000000US500179593001083","Block 1083, Block Group 1, Census Tract 9593, Orange County, Vermont","3","2","1"
"1000000US500179593001084","Block 1084, Block Group 1, Census Tract 9593, Orange County, Vermont","0","0","0"
"1000000US500179593001085","Block 1085, Block Group 1, Census Tract 9593, Orange County, Vermont","19","16","3"
"1000000US500179593001086","Block 1086, Block Group 1, Census Tract 9593, Orange County, Vermont","0","0","0"
"1000000US500179593001087","Block 1087, Block Group 1, Census Tract 9593, Orange County, Vermont","4","4","0"
"1000000US500179593001088","Block 1088, Block Group 1, Census Tract 9593, Orange County, Vermont","10","10","0"
"1000000US500179593001089","Block 1089, Block Group 1, Census Tract 9593, Orange County, Vermont","15","13","2"
"1000000US500179593001090","Block 1090, Block Group 1, Census Tract 9593, Orange County, Vermont","6","4","2"
"1000000US500179593001091","Block 1091, Block Group 1, Census Tract 9593, Orange County, Vermont","0","0","0"
"1000000US500179593001092","Block 1092, Block Group 1, Census Tract 9593, Orange County, Vermont","0","0","0"
"1000000US500179593001093","Block 1093, Block Group 1, Census Tract 9593, Orange County, Vermont","3","1","2"
"1000000US500179593001094","Block 1094, Block Group 1, Census Tract 9593, Orange County, Vermont","13","10","3"
"1000000US500179593001095","Block 1095, Block Group 1, Census Tract 9593, Orange County, Vermont","0","0","0"
"1000000US500179593001096","Block 1096, Block Group 1, Census Tract 9593, Orange County, Vermont","0","0","0"
"1000000US500179593001097","Block 1097, Block Group 1, Census Tract 9593, Orange County, Vermont","0","0","0"
"1000000US500179593001098","Block 1098, Block Group 1, Census Tract 9593, Orange County, Vermont","0","0","0"
"1000000US500179593001099","Block 1099, Block Group 1, Census Tract 9593, Orange County, Vermont","0","0","0"
"1000000US500179593001100","Block 1100, Block Group 1, Census Tract 9593, Orange County, Vermont","4","3","1"
"1000000US500179593001101","Block 1101, Block Group 1, Census Tract 9593, Orange County, Vermont","1","1","0"
"1000000US500179593001102","Block 1102, Block Group 1, Census Tract 9593, Orange County, Vermont","1","0","1"
"1000000US500179593001103","Block 1103, Block Group 1, Census Tract 9593, Orange County, Vermont","0","0","0"
"1000000US500179593001104","Block 1104, Block Group 1, Census Tract 9593, Orange County, Vermont","0","0","0"
"1000000US500179593001105","Block 1105, Block Group 1, Census Tract 9593, Orange County, Vermont","1","1","0"
"1000000US500179593001106","Block 1106, Block Group 1, Census Tract 9593, Orange County, Vermont","0","0","0"
"1000000US500179593001107","Block 1107, Block Group 1, Census Tract 9593, Orange County, Vermont","0","0","0"
"1000000US500179593001108","Block 1108, Block Group 1, Census Tract 9593, Orange County, Vermont","7","3","4"
"1000000US500179593001109","Block 1109, Block Group 1, Census Tract 9593, Orange County, Vermont","2","1","1"
"1000000US500179593001110","Block 1110, Block Group 1, Census Tract 9593, Orange County, Vermont","0","0","0"
"1000000US500179593001111","Block 1111, Block Group 1, Census Tract 9593, Orange County, Vermont","1","1","0"
"1000000US500179593001112","Block 1112, Block Group 1, Census Tract 9593, Orange County, Vermont","12","7","5"
"1000000US500179593001113","Block 1113, Block Group 1, Census Tract 9593, Orange County, Vermont","6","6","0"
"1000000US500179593001114","Block 1114, Block Group 1, Census Tract 9593, Orange County, Vermont","8","8","0"
"1000000US500179593001115","Block 1115, Block Group 1, Census Tract 9593, Orange County, Vermont","1","1","0"
"1000000US500179593001116","Block 1116, Block Group 1, Census Tract 9593, Orange County, Vermont","3","3","0"
"1000000US500179593001117","Block 1117, Block Group 1, Census Tract 9593, Orange County, Vermont","0","0","0"
"1000000US500179593001118","Block 1118, Block Group 1, Census Tract 9593, Orange County, Vermont","3","1","2"
"1000000US500179593001119","Block 1119, Block Group 1, Census Tract 9593, Orange County, Vermont","0","0","0"
"1000000US500179593001120","Block 1120, Block Group 1, Census Tract 9593, Orange County, Vermont","2","2","0"
"1000000US500179593001121","Block 1121, Block Group 1, Census Tract 9593, Orange County, Vermont","6","6","0"
"1000000US500179593001122","Block 1122, Block Group 1, Census Tract 9593, Orange County, Vermont","2","0","2"
"1000000US500179593001123","Block 1123, Block Group 1, Census Tract 9593, Orange County, Vermont","4","3","1"
"1000000US500179593001124","Block 1124, Block Group 1, Census Tract 9593, Orange County, Vermont","2","1","1"
"1000000US500179593001125","Block 1125, Block Group 1, Census Tract 9593, Orange County, Vermont","0","0","0"
"1000000US500179593001126","Block 1126, Block Group 1, Census Tract 9593, Orange County, Vermont","0","0","0"
"1000000US500179593001127","Block 1127, Block Group 1, Census Tract 9593, Orange County, Vermont","1","1","0"
"1000000US500179593001128","Block 1128, Block Group 1, Census Tract 9593, Orange County, Vermont","0","0","0"
"1000000US500179593001129","Block 1129, Block Group 1, Census Tract 9593, Orange County, Vermont","0","0","0"
"1000000US500179593002000","Block 2000, Block Group 2, Census Tract 9593, Orange County, Vermont","1","1","0"
"1000000US500179593002001","Block 2001, Block Group 2, Census Tract 9593, Orange County, Vermont","3","3","0"
"1000000US500179593002002","Block 2002, Block Group 2, Census Tract 9593, Orange County, Vermont","2","1","1"
"1000000US500179593002003","Block 2003, Block Group 2, Census Tract 9593, Orange County, Vermont","14","13","1"
"1000000US500179593002004","Block 2004, Block Group 2, Census Tract 9593, Orange County, Vermont","4","3","1"
"1000000US500179593002005","Block 2005, Block Group 2, Census Tract 9593, Orange County, Vermont","68","35","33"
"1000000US500179593002006","Block 2006, Block Group 2, Census Tract 9593, Orange County, Vermont","0","0","0"
"1000000US500179593002007","Block 2007, Block Group 2, Census Tract 9593, Orange County, Vermont","1","1","0"
"1000000US500179593002008","Block 2008, Block Group 2, Census Tract 9593, Orange County, Vermont","0","0","0"
"1000000US500179593002009","Block 2009, Block Group 2, Census Tract 9593, Orange County, Vermont","3","0","3"
"1000000US500179593002010","Block 2010, Block Group 2, Census Tract 9593, Orange County, Vermont","0","0","0"
"1000000US500179593002011","Block 2011, Block Group 2, Census Tract 9593, Orange County, Vermont","2","0","2"
"1000000US500179593002012","Block 2012, Block Group 2, Census Tract 9593, Orange County, Vermont","5","2","3"
"1000000US500179593002013","Block 2013, Block Group 2, Census Tract 9593, Orange County, Vermont","0","0","0"
"1000000US500179593002014","Block 2014, Block Group 2, Census Tract 9593, Orange County, Vermont","5","1","4"
"1000000US500179593002015","Block 2015, Block Group 2, Census Tract 9593, Orange County, Vermont","0","0","0"
"1000000US500179593002016","Block 2016, Block Group 2, Census Tract 9593, Orange County, Vermont","0","0","0"
"1000000US500179593002017","Block 2017, Block Group 2, Census Tract 9593, Orange County, Vermont","9","7","2"
"1000000US500179593002018","Block 2018, Block Group 2, Census Tract 9593, Orange County, Vermont","2","1","1"
"1000000US500179593002019","Block 2019, Block Group 2, Census Tract 9593, Orange County, Vermont","39","32","7"
"1000000US500179593002020","Block 2020, Block Group 2, Census Tract 9593, Orange County, Vermont","1","1","0"
"1000000US500179593002021","Block 2021, Block Group 2, Census Tract 9593, Orange County, Vermont","0","0","0"
"1000000US500179593002022","Block 2022, Block Group 2, Census Tract 9593, Orange County, Vermont","2","2","0"
"1000000US500179593002023","Block 2023, Block Group 2, Census Tract 9593, Orange County, Vermont","5","3","2"
"1000000US500179593002024","Block 2024, Block Group 2, Census Tract 9593, Orange County, Vermont","1","1","0"
"1000000US500179593002025","Block 2025, Block Group 2, Census Tract 9593, Orange County, Vermont","0","0","0"
"1000000US500179593002026","Block 2026, Block Group 2, Census Tract 9593, Orange County, Vermont","2","2","0"
"1000000US500179593002027","Block 2027, Block Group 2, Census Tract 9593, Orange County, Vermont","0","0","0"
"1000000US500179593002028","Block 2028, Block Group 2, Census Tract 9593, Orange County, Vermont","2","1","1"
"1000000US500179593002029","Block 2029, Block Group 2, Census Tract 9593, Orange County, Vermont","0","0","0"
"1000000US500179593002030","Block 2030, Block Group 2, Census Tract 9593, Orange County, Vermont","0","0","0"
"1000000US500179593002031","Block 2031, Block Group 2, Census Tract 9593, Orange County, Vermont","1","0","1"
"1000000US500179593002032","Block 2032, Block Group 2, Census Tract 9593, Orange County, Vermont","0","0","0"
"1000000US500179593002033","Block 2033, Block Group 2, Census Tract 9593, Orange County, Vermont","0","0","0"
"1000000US500179593002034","Block 2034, Block Group 2, Census Tract 9593, Orange County, Vermont","3","3","0"
"1000000US500179593002035","Block 2035, Block Group 2, Census Tract 9593, Orange County, Vermont","41","34","7"
"1000000US500179593002036","Block 2036, Block Group 2, Census Tract 9593, Orange County, Vermont","0","0","0"
"1000000US500179593002037","Block 2037, Block Group 2, Census Tract 9593, Orange County, Vermont","4","4","0"
"1000000US500179593002038","Block 2038, Block Group 2, Census Tract 9593, Orange County, Vermont","0","0","0"
"1000000US500179593002039","Block 2039, Block Group 2, Census Tract 9593, Orange County, Vermont","1","1","0"
"1000000US500179593002040","Block 2040, Block Group 2, Census Tract 9593, Orange County, Vermont","0","0","0"
"1000000US500179593002041","Block 2041, Block Group 2, Census Tract 9593, Orange County, Vermont","0","0","0"
"1000000US500179593002042","Block 2042, Block Group 2, Census Tract 9593, Orange County, Vermont","2","1","1"
"1000000US500179593002043","Block 2043, Block Group 2, Census Tract 9593, Orange County, Vermont","2","2","0"
"1000000US500179593002044","Block 2044, Block Group 2, Census Tract 9593, Orange County, Vermont","47","41","6"
"1000000US500179593002045","Block 2045, Block Group 2, Census Tract 9593, Orange County, Vermont","2","2","0"
"1000000US500179593002046","Block 2046, Block Group 2, Census Tract 9593, Orange County, Vermont","2","1","1"
"1000000US500179593002047","Block 2047, Block Group 2, Census Tract 9593, Orange County, Vermont","1","1","0"
"1000000US500179593002048","Block 2048, Block Group 2, Census Tract 9593, Orange County, Vermont","9","7","2"
"1000000US500179593002049","Block 2049, Block Group 2, Census Tract 9593, Orange County, Vermont","7","5","2"
"1000000US500179593002050","Block 2050, Block Group 2, Census Tract 9593, Orange County, Vermont","0","0","0"
"1000000US500179593002051","Block 2051, Block Group 2, Census Tract 9593, Orange County, Vermont","62","60","2"
"1000000US500179593002052","Block 2052, Block Group 2, Census Tract 9593, Orange County, Vermont","0","0","0"
"1000000US500179593002053","Block 2053, Block Group 2, Census Tract 9593, Orange County, Vermont","0","0","0"
"1000000US500179593002054","Block 2054, Block Group 2, Census Tract 9593, Orange County, Vermont","0","0","0"
"1000000US500179593002055","Block 2055, Block Group 2, Census Tract 9593, Orange County, Vermont","3","3","0"
"1000000US500179593002056","Block 2056, Block Group 2, Census Tract 9593, Orange County, Vermont","0","0","0"
"1000000US500179593002057","Block 2057, Block Group 2, Census Tract 9593, Orange County, Vermont","7","7","0"
"1000000US500179593002058","Block 2058, Block Group 2, Census Tract 9593, Orange County, Vermont","3","3","0"
"1000000US500179593002059","Block 2059, Block Group 2, Census Tract 9593, Orange County, Vermont","1","1","0"
"1000000US500179593002060","Block 2060, Block Group 2, Census Tract 9593, Orange County, Vermont","2","2","0"
"1000000US500179593002061","Block 2061, Block Group 2, Census Tract 9593, Orange County, Vermont","8","8","0"
"1000000US500179593002062","Block 2062, Block Group 2, Census Tract 9593, Orange County, Vermont","2","2","0"
"1000000US500179593002063","Block 2063, Block Group 2, Census Tract 9593, Orange County, Vermont","53","46","7"
"1000000US500179593002064","Block 2064, Block Group 2, Census Tract 9593, Orange County, Vermont","0","0","0"
"1000000US500179593002065","Block 2065, Block Group 2, Census Tract 9593, Orange County, Vermont","0","0","0"
"1000000US500179593002066","Block 2066, Block Group 2, Census Tract 9593, Orange County, Vermont","0","0","0"
"1000000US500179593002067","Block 2067, Block Group 2, Census Tract 9593, Orange County, Vermont","3","3","0"
"1000000US500179593002068","Block 2068, Block Group 2, Census Tract 9593, Orange County, Vermont","8","7","1"
"1000000US500179593002069","Block 2069, Block Group 2, Census Tract 9593, Orange County, Vermont","2","1","1"
"1000000US500179593002070","Block 2070, Block Group 2, Census Tract 9593, Orange County, Vermont","12","8","4"
"1000000US500179593002071","Block 2071, Block Group 2, Census Tract 9593, Orange County, Vermont","12","10","2"
"1000000US500179593002072","Block 2072, Block Group 2, Census Tract 9593, Orange County, Vermont","0","0","0"
"1000000US500179593002073","Block 2073, Block Group 2, Census Tract 9593, Orange County, Vermont","2","2","0"
"1000000US500179593002074","Block 2074, Block Group 2, Census Tract 9593, Orange County, Vermont","9","8","1"
"1000000US500179593002075","Block 2075, Block Group 2, Census Tract 9593, Orange County, Vermont","10","10","0"
"1000000US500179593002076","Block 2076, Block Group 2, Census Tract 9593, Orange County, Vermont","32","29","3"
"1000000US500179593002077","Block 2077, Block Group 2, Census Tract 9593, Orange County, Vermont","0","0","0"
"1000000US500179593002078","Block 2078, Block Group 2, Census Tract 9593, Orange County, Vermont","13","10","3"
"1000000US500179593002079","Block 2079, Block Group 2, Census Tract 9593, Orange County, Vermont","5","3","2"
"1000000US500179593002080","Block 2080, Block Group 2, Census Tract 9593, Orange County, Vermont","9","9","0"
"1000000US500179593002081","Block 2081, Block Group 2, Census Tract 9593, Orange County, Vermont","0","0","0"
"1000000US500179593002082","Block 2082, Block Group 2, Census Tract 9593, Orange County, Vermont","1","1","0"
"1000000US500179593002083","Block 2083, Block Group 2, Census Tract 9593, Orange County, Vermont","15","14","1"
"1000000US500179593002084","Block 2084, Block Group 2, Census Tract 9593, Orange County, Vermont","0","0","0"
"1000000US500179593002085","Block 2085, Block Group 2, Census Tract 9593, Orange County, Vermont","0","0","0"
"1000000US500179593002086","Block 2086, Block Group 2, Census Tract 9593, Orange County, Vermont","12","9","3"
"1000000US500179593002087","Block 2087, Block Group 2, Census Tract 9593, Orange County, Vermont","11","11","0"
"1000000US500179593002088","Block 2088, Block Group 2, Census Tract 9593, Orange County, Vermont","0","0","0"
"1000000US500179593002089","Block 2089, Block Group 2, Census Tract 9593, Orange County, Vermont","0","0","0"
"1000000US500179593002090","Block 2090, Block Group 2, Census Tract 9593, Orange County, Vermont","0","0","0"
"1000000US500179593002091","Block 2091, Block Group 2, Census Tract 9593, Orange County, Vermont","2","2","0"
"1000000US500179593002092","Block 2092, Block Group 2, Census Tract 9593, Orange County, Vermont","5","5","0"
"1000000US500179593002093","Block 2093, Block Group 2, Census Tract 9593, Orange County, Vermont","0","0","0"
"1000000US500179593002094","Block 2094, Block Group 2, Census Tract 9593, Orange County, Vermont","0","0","0"
"1000000US500179593002095","Block 2095, Block Group 2, Census Tract 9593, Orange County, Vermont","3","3","0"
"1000000US500179593002096","Block 2096, Block Group 2, Census Tract 9593, Orange County, Vermont","2","1","1"
"1000000US500179593002097","Block 2097, Block Group 2, Census Tract 9593, Orange County, Vermont","0","0","0"
"1000000US500179593002098","Block 2098, Block Group 2, Census Tract 9593, Orange County, Vermont","6","6","0"
"1000000US500179593002099","Block 2099, Block Group 2, Census Tract 9593, Orange County, Vermont","5","5","0"
"1000000US500179593002100","Block 2100, Block Group 2, Census Tract 9593, Orange County, Vermont","0","0","0"
"1000000US500179593002101","Block 2101, Block Group 2, Census Tract 9593, Orange County, Vermont","0","0","0"
"1000000US500179593002102","Block 2102, Block Group 2, Census Tract 9593, Orange County, Vermont","22","20","2"
"1000000US500179593002103","Block 2103, Block Group 2, Census Tract 9593, Orange County, Vermont","10","10","0"
"1000000US500179593002104","Block 2104, Block Group 2, Census Tract 9593, Orange County, Vermont","0","0","0"
"1000000US500179593002105","Block 2105, Block Group 2, Census Tract 9593, Orange County, Vermont","0","0","0"
"1000000US500179594001000","Block 1000, Block Group 1, Census Tract 9594, Orange County, Vermont","12","12","0"
"1000000US500179594001001","Block 1001, Block Group 1, Census Tract 9594, Orange County, Vermont","0","0","0"
"1000000US500179594001002","Block 1002, Block Group 1, Census Tract 9594, Orange County, Vermont","0","0","0"
"1000000US500179594001003","Block 1003, Block Group 1, Census Tract 9594, Orange County, Vermont","0","0","0"
"1000000US500179594001004","Block 1004, Block Group 1, Census Tract 9594, Orange County, Vermont","6","6","0"
"1000000US500179594001005","Block 1005, Block Group 1, Census Tract 9594, Orange County, Vermont","1","1","0"
"1000000US500179594001006","Block 1006, Block Group 1, Census Tract 9594, Orange County, Vermont","0","0","0"
"1000000US500179594001007","Block 1007, Block Group 1, Census Tract 9594, Orange County, Vermont","0","0","0"
"1000000US500179594001008","Block 1008, Block Group 1, Census Tract 9594, Orange County, Vermont","24","22","2"
"1000000US500179594001009","Block 1009, Block Group 1, Census Tract 9594, Orange County, Vermont","0","0","0"
"1000000US500179594001010","Block 1010, Block Group 1, Census Tract 9594, Orange County, Vermont","0","0","0"
"1000000US500179594001011","Block 1011, Block Group 1, Census Tract 9594, Orange County, Vermont","7","5","2"
"1000000US500179594001012","Block 1012, Block Group 1, Census Tract 9594, Orange County, Vermont","0","0","0"
"1000000US500179594001013","Block 1013, Block Group 1, Census Tract 9594, Orange County, Vermont","1","1","0"
"1000000US500179594001014","Block 1014, Block Group 1, Census Tract 9594, Orange County, Vermont","0","0","0"
"1000000US500179594001015","Block 1015, Block Group 1, Census Tract 9594, Orange County, Vermont","0","0","0"
"1000000US500179594001016","Block 1016, Block Group 1, Census Tract 9594, Orange County, Vermont","0","0","0"
"1000000US500179594001017","Block 1017, Block Group 1, Census Tract 9594, Orange County, Vermont","0","0","0"
"1000000US500179594001018","Block 1018, Block Group 1, Census Tract 9594, Orange County, Vermont","8","8","0"
"1000000US500179594001019","Block 1019, Block Group 1, Census Tract 9594, Orange County, Vermont","44","42","2"
"1000000US500179594001020","Block 1020, Block Group 1, Census Tract 9594, Orange County, Vermont","57","46","11"
"1000000US500179594001021","Block 1021, Block Group 1, Census Tract 9594, Orange County, Vermont","0","0","0"
"1000000US500179594001022","Block 1022, Block Group 1, Census Tract 9594, Orange County, Vermont","0","0","0"
"1000000US500179594001023","Block 1023, Block Group 1, Census Tract 9594, Orange County, Vermont","0","0","0"
"1000000US500179594001024","Block 1024, Block Group 1, Census Tract 9594, Orange County, Vermont","0","0","0"
"1000000US500179594001025","Block 1025, Block Group 1, Census Tract 9594, Orange County, Vermont","0","0","0"
"1000000US500179594001026","Block 1026, Block Group 1, Census Tract 9594, Orange County, Vermont","0","0","0"
"1000000US500179594001027","Block 1027, Block Group 1, Census Tract 9594, Orange County, Vermont","0","0","0"
"1000000US500179594001028","Block 1028, Block Group 1, Census Tract 9594, Orange County, Vermont","5","3","2"
"1000000US500179594001029","Block 1029, Block Group 1, Census Tract 9594, Orange County, Vermont","4","3","1"
"1000000US500179594001030","Block 1030, Block Group 1, Census Tract 9594, Orange County, Vermont","1","0","1"
"1000000US500179594001031","Block 1031, Block Group 1, Census Tract 9594, Orange County, Vermont","0","0","0"
"1000000US500179594001032","Block 1032, Block Group 1, Census Tract 9594, Orange County, Vermont","50","42","8"
"1000000US500179594001033","Block 1033, Block Group 1, Census Tract 9594, Orange County, Vermont","4","4","0"
"1000000US500179594001034","Block 1034, Block Group 1, Census Tract 9594, Orange County, Vermont","0","0","0"
"1000000US500179594001035","Block 1035, Block Group 1, Census Tract 9594, Orange County, Vermont","0","0","0"
"1000000US500179594001036","Block 1036, Block Group 1, Census Tract 9594, Orange County, Vermont","1","0","1"
"1000000US500179594001037","Block 1037, Block Group 1, Census Tract 9594, Orange County, Vermont","103","91","12"
"1000000US500179594001038","Block 1038, Block Group 1, Census Tract 9594, Orange County, Vermont","1","1","0"
"1000000US500179594001039","Block 1039, Block Group 1, Census Tract 9594, Orange County, Vermont","1","1","0"
"1000000US500179594001040","Block 1040, Block Group 1, Census Tract 9594, Orange County, Vermont","0","0","0"
"1000000US500179594001041","Block 1041, Block Group 1, Census Tract 9594, Orange County, Vermont","1","1","0"
"1000000US500179594001042","Block 1042, Block Group 1, Census Tract 9594, Orange County, Vermont","0","0","0"
"1000000US500179594001043","Block 1043, Block Group 1, Census Tract 9594, Orange County, Vermont","14","9","5"
"1000000US500179594001044","Block 1044, Block Group 1, Census Tract 9594, Orange County, Vermont","7","6","1"
"1000000US500179594001045","Block 1045, Block Group 1, Census Tract 9594, Orange County, Vermont","4","4","0"
"1000000US500179594001046","Block 1046, Block Group 1, Census Tract 9594, Orange County, Vermont","0","0","0"
"1000000US500179594001047","Block 1047, Block Group 1, Census Tract 9594, Orange County, Vermont","7","6","1"
"1000000US500179594001048","Block 1048, Block Group 1, Census Tract 9594, Orange County, Vermont","0","0","0"
"1000000US500179594001049","Block 1049, Block Group 1, Census Tract 9594, Orange County, Vermont","0","0","0"
"1000000US500179594001050","Block 1050, Block Group 1, Census Tract 9594, Orange County, Vermont","20","19","1"
"1000000US500179594001051","Block 1051, Block Group 1, Census Tract 9594, Orange County, Vermont","15","15","0"
"1000000US500179594001052","Block 1052, Block Group 1, Census Tract 9594, Orange County, Vermont","0","0","0"
"1000000US500179594001053","Block 1053, Block Group 1, Census Tract 9594, Orange County, Vermont","6","5","1"
"1000000US500179594001054","Block 1054, Block Group 1, Census Tract 9594, Orange County, Vermont","0","0","0"
"1000000US500179594001055","Block 1055, Block Group 1, Census Tract 9594, Orange County, Vermont","2","2","0"
"1000000US500179594001056","Block 1056, Block Group 1, Census Tract 9594, Orange County, Vermont","4","4","0"
"1000000US500179594001057","Block 1057, Block Group 1, Census Tract 9594, Orange County, Vermont","0","0","0"
"1000000US500179594001058","Block 1058, Block Group 1, Census Tract 9594, Orange County, Vermont","0","0","0"
"1000000US500179594001059","Block 1059, Block Group 1, Census Tract 9594, Orange County, Vermont","0","0","0"
"1000000US500179594001060","Block 1060, Block Group 1, Census Tract 9594, Orange County, Vermont","21","13","8"
"1000000US500179594001061","Block 1061, Block Group 1, Census Tract 9594, Orange County, Vermont","0","0","0"
"1000000US500179594001062","Block 1062, Block Group 1, Census Tract 9594, Orange County, Vermont","3","2","1"
"1000000US500179594001063","Block 1063, Block Group 1, Census Tract 9594, Orange County, Vermont","19","15","4"
"1000000US500179594001064","Block 1064, Block Group 1, Census Tract 9594, Orange County, Vermont","0","0","0"
"1000000US500179594001065","Block 1065, Block Group 1, Census Tract 9594, Orange County, Vermont","3","3","0"
"1000000US500179594001066","Block 1066, Block Group 1, Census Tract 9594, Orange County, Vermont","0","0","0"
"1000000US500179594001067","Block 1067, Block Group 1, Census Tract 9594, Orange County, Vermont","4","4","0"
"1000000US500179594001068","Block 1068, Block Group 1, Census Tract 9594, Orange County, Vermont","0","0","0"
"1000000US500179594001069","Block 1069, Block Group 1, Census Tract 9594, Orange County, Vermont","0","0","0"
"1000000US500179594001070","Block 1070, Block Group 1, Census Tract 9594, Orange County, Vermont","0","0","0"
"1000000US500179594001071","Block 1071, Block Group 1, Census Tract 9594, Orange County, Vermont","0","0","0"
"1000000US500179594001072","Block 1072, Block Group 1, Census Tract 9594, Orange County, Vermont","0","0","0"
"1000000US500179594001073","Block 1073, Block Group 1, Census Tract 9594, Orange County, Vermont","0","0","0"
"1000000US500179594001074","Block 1074, Block Group 1, Census Tract 9594, Orange County, Vermont","3","3","0"
"1000000US500179594001075","Block 1075, Block Group 1, Census Tract 9594, Orange County, Vermont","22","17","5"
"1000000US500179594001076","Block 1076, Block Group 1, Census Tract 9594, Orange County, Vermont","1","1","0"
"1000000US500179594001077","Block 1077, Block Group 1, Census Tract 9594, Orange County, Vermont","30","25","5"
"1000000US500179594001078","Block 1078, Block Group 1, Census Tract 9594, Orange County, Vermont","0","0","0"
"1000000US500179594001079","Block 1079, Block Group 1, Census Tract 9594, Orange County, Vermont","2","2","0"
"1000000US500179594001080","Block 1080, Block Group 1, Census Tract 9594, Orange County, Vermont","0","0","0"
"1000000US500179594001081","Block 1081, Block Group 1, Census Tract 9594, Orange County, Vermont","1","1","0"
"1000000US500179594001082","Block 1082, Block Group 1, Census Tract 9594, Orange County, Vermont","0","0","0"
"1000000US500179594001083","Block 1083, Block Group 1, Census Tract 9594, Orange County, Vermont","4","4","0"
"1000000US500179594001084","Block 1084, Block Group 1, Census Tract 9594, Orange County, Vermont","0","0","0"
"1000000US500179594001085","Block 1085, Block Group 1, Census Tract 9594, Orange County, Vermont","0","0","0"
"1000000US500179594001086","Block 1086, Block Group 1, Census Tract 9594, Orange County, Vermont","0","0","0"
"1000000US500179594001087","Block 1087, Block Group 1, Census Tract 9594, Orange County, Vermont","3","3","0"
"1000000US500179594001088","Block 1088, Block Group 1, Census Tract 9594, Orange County, Vermont","1","1","0"
"1000000US500179594001089","Block 1089, Block Group 1, Census Tract 9594, Orange County, Vermont","3","2","1"
"1000000US500179594001090","Block 1090, Block Group 1, Census Tract 9594, Orange County, Vermont","4","4","0"
"1000000US500179594001091","Block 1091, Block Group 1, Census Tract 9594, Orange County, Vermont","2","2","0"
"1000000US500179594001092","Block 1092, Block Group 1, Census Tract 9594, Orange County, Vermont","0","0","0"
"1000000US500179594001093","Block 1093, Block Group 1, Census Tract 9594, Orange County, Vermont","3","2","1"
"1000000US500179594001094","Block 1094, Block Group 1, Census Tract 9594, Orange County, Vermont","5","5","0"
"1000000US500179594001095","Block 1095, Block Group 1, Census Tract 9594, Orange County, Vermont","0","0","0"
"1000000US500179594001096","Block 1096, Block Group 1, Census Tract 9594, Orange County, Vermont","0","0","0"
"1000000US500179594001097","Block 1097, Block Group 1, Census Tract 9594, Orange County, Vermont","56","52","4"
"1000000US500179594001098","Block 1098, Block Group 1, Census Tract 9594, Orange County, Vermont","10","10","0"
"1000000US500179594001099","Block 1099, Block Group 1, Census Tract 9594, Orange County, Vermont","0","0","0"
"1000000US500179594001100","Block 1100, Block Group 1, Census Tract 9594, Orange County, Vermont","0","0","0"
"1000000US500179594001101","Block 1101, Block Group 1, Census Tract 9594, Orange County, Vermont","0","0","0"
"1000000US500179594001102","Block 1102, Block Group 1, Census Tract 9594, Orange County, Vermont","0","0","0"
"1000000US500179594002000","Block 2000, Block Group 2, Census Tract 9594, Orange County, Vermont","0","0","0"
"1000000US500179594002001","Block 2001, Block Group 2, Census Tract 9594, Orange County, Vermont","0","0","0"
"1000000US500179594002002","Block 2002, Block Group 2, Census Tract 9594, Orange County, Vermont","11","6","5"
"1000000US500179594002003","Block 2003, Block Group 2, Census Tract 9594, Orange County, Vermont","2","1","1"
"1000000US500179594002004","Block 2004, Block Group 2, Census Tract 9594, Orange County, Vermont","1","1","0"
"1000000US500179594002005","Block 2005, Block Group 2, Census Tract 9594, Orange County, Vermont","0","0","0"
"1000000US500179594002006","Block 2006, Block Group 2, Census Tract 9594, Orange County, Vermont","1","1","0"
"1000000US500179594002007","Block 2007, Block Group 2, Census Tract 9594, Orange County, Vermont","29","21","8"
"1000000US500179594002008","Block 2008, Block Group 2, Census Tract 9594, Orange County, Vermont","0","0","0"
"1000000US500179594002009","Block 2009, Block Group 2, Census Tract 9594, Orange County, Vermont","1","1","0"
"1000000US500179594002010","Block 2010, Block Group 2, Census Tract 9594, Orange County, Vermont","0","0","0"
"1000000US500179594002011","Block 2011, Block Group 2, Census Tract 9594, Orange County, Vermont","0","0","0"
"1000000US500179594002012","Block 2012, Block Group 2, Census Tract 9594, Orange County, Vermont","1","0","1"
"1000000US500179594002013","Block 2013, Block Group 2, Census Tract 9594, Orange County, Vermont","2","2","0"
"1000000US500179594002014","Block 2014, Block Group 2, Census Tract 9594, Orange County, Vermont","2","2","0"
"1000000US500179594002015","Block 2015, Block Group 2, Census Tract 9594, Orange County, Vermont","3","2","1"
"1000000US500179594002016","Block 2016, Block Group 2, Census Tract 9594, Orange County, Vermont","7","6","1"
"1000000US500179594002017","Block 2017, Block Group 2, Census Tract 9594, Orange County, Vermont","14","11","3"
"1000000US500179594002018","Block 2018, Block Group 2, Census Tract 9594, Orange County, Vermont","0","0","0"
"1000000US500179594002019","Block 2019, Block Group 2, Census Tract 9594, Orange County, Vermont","11","10","1"
"1000000US500179594002020","Block 2020, Block Group 2, Census Tract 9594, Orange County, Vermont","0","0","0"
"1000000US500179594002021","Block 2021, Block Group 2, Census Tract 9594, Orange County, Vermont","31","29","2"
"1000000US500179594002022","Block 2022, Block Group 2, Census Tract 9594, Orange County, Vermont","5","5","0"
"1000000US500179594002023","Block 2023, Block Group 2, Census Tract 9594, Orange County, Vermont","22","17","5"
"1000000US500179594002024","Block 2024, Block Group 2, Census Tract 9594, Orange County, Vermont","1","1","0"
"1000000US500179594002025","Block 2025, Block Group 2, Census Tract 9594, Orange County, Vermont","3","3","0"
"1000000US500179594002026","Block 2026, Block Group 2, Census Tract 9594, Orange County, Vermont","3","1","2"
"1000000US500179594002027","Block 2027, Block Group 2, Census Tract 9594, Orange County, Vermont","15","15","0"
"1000000US500179594002028","Block 2028, Block Group 2, Census Tract 9594, Orange County, Vermont","1","1","0"
"1000000US500179594002029","Block 2029, Block Group 2, Census Tract 9594, Orange County, Vermont","0","0","0"
"1000000US500179594002030","Block 2030, Block Group 2, Census Tract 9594, Orange County, Vermont","28","25","3"
"1000000US500179594002031","Block 2031, Block Group 2, Census Tract 9594, Orange County, Vermont","0","0","0"
"1000000US500179594002032","Block 2032, Block Group 2, Census Tract 9594, Orange County, Vermont","47","42","5"
"1000000US500179594002033","Block 2033, Block Group 2, Census Tract 9594, Orange County, Vermont","0","0","0"
"1000000US500179594002034","Block 2034, Block Group 2, Census Tract 9594, Orange County, Vermont","7","5","2"
"1000000US500179594002035","Block 2035, Block Group 2, Census Tract 9594, Orange County, Vermont","13","11","2"
"1000000US500179594002036","Block 2036, Block Group 2, Census Tract 9594, Orange County, Vermont","7","6","1"
"1000000US500179594002037","Block 2037, Block Group 2, Census Tract 9594, Orange County, Vermont","21","19","2"
"1000000US500179594002038","Block 2038, Block Group 2, Census Tract 9594, Orange County, Vermont","0","0","0"
"1000000US500179594002039","Block 2039, Block Group 2, Census Tract 9594, Orange County, Vermont","20","18","2"
"1000000US500179594002040","Block 2040, Block Group 2, Census Tract 9594, Orange County, Vermont","5","4","1"
"1000000US500179594002041","Block 2041, Block Group 2, Census Tract 9594, Orange County, Vermont","5","4","1"
"1000000US500179594002042","Block 2042, Block Group 2, Census Tract 9594, Orange County, Vermont","13","11","2"
"1000000US500179594002043","Block 2043, Block Group 2, Census Tract 9594, Orange County, Vermont","1","1","0"
"1000000US500179594002044","Block 2044, Block Group 2, Census Tract 9594, Orange County, Vermont","2","2","0"
"1000000US500179594002045","Block 2045, Block Group 2, Census Tract 9594, Orange County, Vermont","2","2","0"
"1000000US500179594002046","Block 2046, Block Group 2, Census Tract 9594, Orange County, Vermont","20","17","3"
"1000000US500179594002047","Block 2047, Block Group 2, Census Tract 9594, Orange County, Vermont","5","3","2"
"1000000US500179594002048","Block 2048, Block Group 2, Census Tract 9594, Orange County, Vermont","0","0","0"
"1000000US500179594002049","Block 2049, Block Group 2, Census Tract 9594, Orange County, Vermont","9","7","2"
"1000000US500179594002050","Block 2050, Block Group 2, Census Tract 9594, Orange County, Vermont","11","8","3"
"1000000US500179594002051","Block 2051, Block Group 2, Census Tract 9594, Orange County, Vermont","0","0","0"
"1000000US500179594002052","Block 2052, Block Group 2, Census Tract 9594, Orange County, Vermont","2","2","0"
"1000000US500179594002053","Block 2053, Block Group 2, Census Tract 9594, Orange County, Vermont","2","1","1"
"1000000US500179594002054","Block 2054, Block Group 2, Census Tract 9594, Orange County, Vermont","5","4","1"
"1000000US500179594002055","Block 2055, Block Group 2, Census Tract 9594, Orange County, Vermont","5","5","0"
"1000000US500179594002056","Block 2056, Block Group 2, Census Tract 9594, Orange County, Vermont","0","0","0"
"1000000US500179594002057","Block 2057, Block Group 2, Census Tract 9594, Orange County, Vermont","13","12","1"
"1000000US500179594002058","Block 2058, Block Group 2, Census Tract 9594, Orange County, Vermont","0","0","0"
"1000000US500179594002059","Block 2059, Block Group 2, Census Tract 9594, Orange County, Vermont","0","0","0"
"1000000US500179594002060","Block 2060, Block Group 2, Census Tract 9594, Orange County, Vermont","0","0","0"
"1000000US500179594002061","Block 2061, Block Group 2, Census Tract 9594, Orange County, Vermont","0","0","0"
"1000000US500179594002062","Block 2062, Block Group 2, Census Tract 9594, Orange County, Vermont","11","11","0"
"1000000US500179594002063","Block 2063, Block Group 2, Census Tract 9594, Orange County, Vermont","0","0","0"
"1000000US500179594002064","Block 2064, Block Group 2, Census Tract 9594, Orange County, Vermont","0","0","0"
"1000000US500179594002065","Block 2065, Block Group 2, Census Tract 9594, Orange County, Vermont","0","0","0"
"1000000US500179594002066","Block 2066, Block Group 2, Census Tract 9594, Orange County, Vermont","7","7","0"
"1000000US500179594002067","Block 2067, Block Group 2, Census Tract 9594, Orange County, Vermont","2","2","0"
"1000000US500179594002068","Block 2068, Block Group 2, Census Tract 9594, Orange County, Vermont","27","24","3"
"1000000US500179594002069","Block 2069, Block Group 2, Census Tract 9594, Orange County, Vermont","0","0","0"
"1000000US500179594002070","Block 2070, Block Group 2, Census Tract 9594, Orange County, Vermont","0","0","0"
"1000000US500179594002071","Block 2071, Block Group 2, Census Tract 9594, Orange County, Vermont","40","32","8"
"1000000US500179594002072","Block 2072, Block Group 2, Census Tract 9594, Orange County, Vermont","4","4","0"
"1000000US500179594002073","Block 2073, Block Group 2, Census Tract 9594, Orange County, Vermont","0","0","0"
"1000000US500179594002074","Block 2074, Block Group 2, Census Tract 9594, Orange County, Vermont","0","0","0"
"1000000US500179594002075","Block 2075, Block Group 2, Census Tract 9594, Orange County, Vermont","1","1","0"
"1000000US500179594002076","Block 2076, Block Group 2, Census Tract 9594, Orange County, Vermont","2","2","0"
"1000000US500179594002077","Block 2077, Block Group 2, Census Tract 9594, Orange County, Vermont","7","6","1"
"1000000US500179594002078","Block 2078, Block Group 2, Census Tract 9594, Orange County, Vermont","14","13","1"
"1000000US500179594002079","Block 2079, Block Group 2, Census Tract 9594, Orange County, Vermont","1","1","0"
"1000000US500179594002080","Block 2080, Block Group 2, Census Tract 9594, Orange County, Vermont","1","1","0"
"1000000US500179594002081","Block 2081, Block Group 2, Census Tract 9594, Orange County, Vermont","0","0","0"
"1000000US500179594002082","Block 2082, Block Group 2, Census Tract 9594, Orange County, Vermont","6","5","1"
"1000000US500179594002083","Block 2083, Block Group 2, Census Tract 9594, Orange County, Vermont","3","3","0"
"1000000US500179594002084","Block 2084, Block Group 2, Census Tract 9594, Orange County, Vermont","1","1","0"
"1000000US500179594002085","Block 2085, Block Group 2, Census Tract 9594, Orange County, Vermont","2","2","0"
"1000000US500179594002086","Block 2086, Block Group 2, Census Tract 9594, Orange County, Vermont","7","7","0"
"1000000US500179594002087","Block 2087, Block Group 2, Census Tract 9594, Orange County, Vermont","0","0","0"
"1000000US500179594002088","Block 2088, Block Group 2, Census Tract 9594, Orange County, Vermont","0","0","0"
"1000000US500179594002089","Block 2089, Block Group 2, Census Tract 9594, Orange County, Vermont","0","0","0"
"1000000US500179594002090","Block 2090, Block Group 2, Census Tract 9594, Orange County, Vermont","1","1","0"
"1000000US500179594002091","Block 2091, Block Group 2, Census Tract 9594, Orange County, Vermont","0","0","0"
"1000000US500179594002092","Block 2092, Block Group 2, Census Tract 9594, Orange County, Vermont","0","0","0"
"1000000US500179594002093","Block 2093, Block Group 2, Census Tract 9594, Orange County, Vermont","0","0","0"
"1000000US500179594002094","Block 2094, Block Group 2, Census Tract 9594, Orange County, Vermont","1","1","0"
"1000000US500179594002095","Block 2095, Block Group 2, Census Tract 9594, Orange County, Vermont","0","0","0"
"1000000US500179594002096","Block 2096, Block Group 2, Census Tract 9594, Orange County, Vermont","0","0","0"
"1000000US500179594003000","Block 3000, Block Group 3, Census Tract 9594, Orange County, Vermont","8","6","2"
"1000000US500179594003001","Block 3001, Block Group 3, Census Tract 9594, Orange County, Vermont","88","81","7"
"1000000US500179594003002","Block 3002, Block Group 3, Census Tract 9594, Orange County, Vermont","10","10","0"
"1000000US500179594003003","Block 3003, Block Group 3, Census Tract 9594, Orange County, Vermont","1","1","0"
"1000000US500179594003004","Block 3004, Block Group 3, Census Tract 9594, Orange County, Vermont","0","0","0"
"1000000US500179594003005","Block 3005, Block Group 3, Census Tract 9594, Orange County, Vermont","16","15","1"
"1000000US500179594003006","Block 3006, Block Group 3, Census Tract 9594, Orange County, Vermont","22","18","4"
"1000000US500179594003007","Block 3007, Block Group 3, Census Tract 9594, Orange County, Vermont","1","1","0"
"1000000US500179594003008","Block 3008, Block Group 3, Census Tract 9594, Orange County, Vermont","7","7","0"
"1000000US500179594003009","Block 3009, Block Group 3, Census Tract 9594, Orange County, Vermont","2","2","0"
"1000000US500179594003010","Block 3010, Block Group 3, Census Tract 9594, Orange County, Vermont","2","2","0"
"1000000US500179594003011","Block 3011, Block Group 3, Census Tract 9594, Orange County, Vermont","5","4","1"
"1000000US500179594003012","Block 3012, Block Group 3, Census Tract 9594, Orange County, Vermont","0","0","0"
"1000000US500179594003013","Block 3013, Block Group 3, Census Tract 9594, Orange County, Vermont","29","27","2"
"1000000US500179594003014","Block 3014, Block Group 3, Census Tract 9594, Orange County, Vermont","0","0","0"
"1000000US500179594003015","Block 3015, Block Group 3, Census Tract 9594, Orange County, Vermont","0","0","0"
"1000000US500179594003016","Block 3016, Block Group 3, Census Tract 9594, Orange County, Vermont","9","7","2"
"1000000US500179594003017","Block 3017, Block Group 3, Census Tract 9594, Orange County, Vermont","2","1","1"
"1000000US500179594003018","Block 3018, Block Group 3, Census Tract 9594, Orange County, Vermont","18","17","1"
"1000000US500179594003019","Block 3019, Block Group 3, Census Tract 9594, Orange County, Vermont","0","0","0"
"1000000US500179594003020","Block 3020, Block Group 3, Census Tract 9594, Orange County, Vermont","1","1","0"
"1000000US500179594003021","Block 3021, Block Group 3, Census Tract 9594, Orange County, Vermont","1","1","0"
"1000000US500179594003022","Block 3022, Block Group 3, Census Tract 9594, Orange County, Vermont","81","74","7"
"1000000US500179594003023","Block 3023, Block Group 3, Census Tract 9594, Orange County, Vermont","8","8","0"
"1000000US500179594003024","Block 3024, Block Group 3, Census Tract 9594, Orange County, Vermont","14","13","1"
"1000000US500179594003025","Block 3025, Block Group 3, Census Tract 9594, Orange County, Vermont","2","2","0"
"1000000US500179594003026","Block 3026, Block Group 3, Census Tract 9594, Orange County, Vermont","2","2","0"
"1000000US500179594003027","Block 3027, Block Group 3, Census Tract 9594, Orange County, Vermont","3","3","0"
"1000000US500179594003028","Block 3028, Block Group 3, Census Tract 9594, Orange County, Vermont","19","14","5"
"1000000US500179594003029","Block 3029, Block Group 3, Census Tract 9594, Orange County, Vermont","24","19","5"
"1000000US500179594003030","Block 3030, Block Group 3, Census Tract 9594, Orange County, Vermont","30","29","1"
"1000000US500179594003031","Block 3031, Block Group 3, Census Tract 9594, Orange County, Vermont","0","0","0"
"1000000US500179594003032","Block 3032, Block Group 3, Census Tract 9594, Orange County, Vermont","69","66","3"
"1000000US500179594003033","Block 3033, Block Group 3, Census Tract 9594, Orange County, Vermont","55","46","9"
"1000000US500179594003034","Block 3034, Block Group 3, Census Tract 9594, Orange County, Vermont","30","28","2"
"1000000US500179594003035","Block 3035, Block Group 3, Census Tract 9594, Orange County, Vermont","0","0","0"
"1000000US500179594003036","Block 3036, Block Group 3, Census Tract 9594, Orange County, Vermont","5","4","1"
"1000000US500179594003037","Block 3037, Block Group 3, Census Tract 9594, Orange County, Vermont","0","0","0"
"1000000US500179594003038","Block 3038, Block Group 3, Census Tract 9594, Orange County, Vermont","64","58","6"
"1000000US500179594003039","Block 3039, Block Group 3, Census Tract 9594, Orange County, Vermont","1","1","0"
"1000000US500179594003040","Block 3040, Block Group 3, Census Tract 9594, Orange County, Vermont","24","22","2"
"1000000US500179594003041","Block 3041, Block Group 3, Census Tract 9594, Orange County, Vermont","7","6","1"
"1000000US500179594003042","Block 3042, Block Group 3, Census Tract 9594, Orange County, Vermont","3","2","1"
"1000000US500179594003043","Block 3043, Block Group 3, Census Tract 9594, Orange County, Vermont","10","7","3"
"1000000US500179594003044","Block 3044, Block Group 3, Census Tract 9594, Orange County, Vermont","17","16","1"
"1000000US500179594003045","Block 3045, Block Group 3, Census Tract 9594, Orange County, Vermont","17","16","1"
"1000000US500179594003046","Block 3046, Block Group 3, Census Tract 9594, Orange County, Vermont","18","17","1"
"1000000US500179594003047","Block 3047, Block Group 3, Census Tract 9594, Orange County, Vermont","0","0","0"
"1000000US500179594003048","Block 3048, Block Group 3, Census Tract 9594, Orange County, Vermont","4","3","1"
"1000000US500179594003049","Block 3049, Block Group 3, Census Tract 9594, Orange County, Vermont","10","9","1"
"1000000US500179594003050","Block 3050, Block Group 3, Census Tract 9594, Orange County, Vermont","23","17","6"
"1000000US500179594003051","Block 3051, Block Group 3, Census Tract 9594, Orange County, Vermont","6","6","0"
"1000000US500179594003052","Block 3052, Block Group 3, Census Tract 9594, Orange County, Vermont","5","5","0"
"1000000US500179594003053","Block 3053, Block Group 3, Census Tract 9594, Orange County, Vermont","21","20","1"
"1000000US500179594003054","Block 3054, Block Group 3, Census Tract 9594, Orange County, Vermont","22","20","2"
"1000000US500179594003055","Block 3055, Block Group 3, Census Tract 9594, Orange County, Vermont","6","6","0"
"1000000US500179594003056","Block 3056, Block Group 3, Census Tract 9594, Orange County, Vermont","14","13","1"
"1000000US500179594003057","Block 3057, Block Group 3, Census Tract 9594, Orange County, Vermont","15","14","1"
"1000000US500179594003058","Block 3058, Block Group 3, Census Tract 9594, Orange County, Vermont","7","7","0"
"1000000US500179594003059","Block 3059, Block Group 3, Census Tract 9594, Orange County, Vermont","17","17","0"
"1000000US500179594003060","Block 3060, Block Group 3, Census Tract 9594, Orange County, Vermont","9","8","1"
"1000000US500179594003061","Block 3061, Block Group 3, Census Tract 9594, Orange County, Vermont","9","5","4"
"1000000US500179594003062","Block 3062, Block Group 3, Census Tract 9594, Orange County, Vermont","11","9","2"
"1000000US500179594003063","Block 3063, Block Group 3, Census Tract 9594, Orange County, Vermont","10","10","0"
"1000000US500179594003064","Block 3064, Block Group 3, Census Tract 9594, Orange County, Vermont","5","5","0"
"1000000US500179595001000","Block 1000, Block Group 1, Census Tract 9595, Orange County, Vermont","28","18","10"
"1000000US500179595001001","Block 1001, Block Group 1, Census Tract 9595, Orange County, Vermont","1","1","0"
"1000000US500179595001002","Block 1002, Block Group 1, Census Tract 9595, Orange County, Vermont","1","1","0"
"1000000US500179595001003","Block 1003, Block Group 1, Census Tract 9595, Orange County, Vermont","3","2","1"
"1000000US500179595001004","Block 1004, Block Group 1, Census Tract 9595, Orange County, Vermont","1","0","1"
"1000000US500179595001005","Block 1005, Block Group 1, Census Tract 9595, Orange County, Vermont","41","31","10"
"1000000US500179595001006","Block 1006, Block Group 1, Census Tract 9595, Orange County, Vermont","13","9","4"
"1000000US500179595001007","Block 1007, Block Group 1, Census Tract 9595, Orange County, Vermont","1","1","0"
"1000000US500179595001008","Block 1008, Block Group 1, Census Tract 9595, Orange County, Vermont","5","2","3"
"1000000US500179595001009","Block 1009, Block Group 1, Census Tract 9595, Orange County, Vermont","10","7","3"
"1000000US500179595001010","Block 1010, Block Group 1, Census Tract 9595, Orange County, Vermont","8","6","2"
"1000000US500179595001011","Block 1011, Block Group 1, Census Tract 9595, Orange County, Vermont","11","5","6"
"1000000US500179595001012","Block 1012, Block Group 1, Census Tract 9595, Orange County, Vermont","41","27","14"
"1000000US500179595001013","Block 1013, Block Group 1, Census Tract 9595, Orange County, Vermont","2","1","1"
"1000000US500179595001014","Block 1014, Block Group 1, Census Tract 9595, Orange County, Vermont","5","4","1"
"1000000US500179595001015","Block 1015, Block Group 1, Census Tract 9595, Orange County, Vermont","13","6","7"
"1000000US500179595001016","Block 1016, Block Group 1, Census Tract 9595, Orange County, Vermont","0","0","0"
"1000000US500179595001017","Block 1017, Block Group 1, Census Tract 9595, Orange County, Vermont","5","5","0"
"1000000US500179595001018","Block 1018, Block Group 1, Census Tract 9595, Orange County, Vermont","0","0","0"
"1000000US500179595001019","Block 1019, Block Group 1, Census Tract 9595, Orange County, Vermont","0","0","0"
"1000000US500179595001020","Block 1020, Block Group 1, Census Tract 9595, Orange County, Vermont","30","17","13"
"1000000US500179595001021","Block 1021, Block Group 1, Census Tract 9595, Orange County, Vermont","0","0","0"
"1000000US500179595001022","Block 1022, Block Group 1, Census Tract 9595, Orange County, Vermont","0","0","0"
"1000000US500179595001023","Block 1023, Block Group 1, Census Tract 9595, Orange County, Vermont","1","0","1"
"1000000US500179595001024","Block 1024, Block Group 1, Census Tract 9595, Orange County, Vermont","1","1","0"
"1000000US500179595001025","Block 1025, Block Group 1, Census Tract 9595, Orange County, Vermont","0","0","0"
"1000000US500179595001026","Block 1026, Block Group 1, Census Tract 9595, Orange County, Vermont","0","0","0"
"1000000US500179595001027","Block 1027, Block Group 1, Census Tract 9595, Orange County, Vermont","1","0","1"
"1000000US500179595001028","Block 1028, Block Group 1, Census Tract 9595, Orange County, Vermont","17","8","9"
"1000000US500179595001029","Block 1029, Block Group 1, Census Tract 9595, Orange County, Vermont","4","3","1"
"1000000US500179595001030","Block 1030, Block Group 1, Census Tract 9595, Orange County, Vermont","4","3","1"
"1000000US500179595001031","Block 1031, Block Group 1, Census Tract 9595, Orange County, Vermont","1","1","0"
"1000000US500179595001032","Block 1032, Block Group 1, Census Tract 9595, Orange County, Vermont","1","1","0"
"1000000US500179595001033","Block 1033, Block Group 1, Census Tract 9595, Orange County, Vermont","0","0","0"
"1000000US500179595001034","Block 1034, Block Group 1, Census Tract 9595, Orange County, Vermont","0","0","0"
"1000000US500179595001035","Block 1035, Block Group 1, Census Tract 9595, Orange County, Vermont","35","29","6"
"1000000US500179595001036","Block 1036, Block Group 1, Census Tract 9595, Orange County, Vermont","20","15","5"
"1000000US500179595001037","Block 1037, Block Group 1, Census Tract 9595, Orange County, Vermont","3","2","1"
"1000000US500179595001038","Block 1038, Block Group 1, Census Tract 9595, Orange County, Vermont","2","2","0"
"1000000US500179595001039","Block 1039, Block Group 1, Census Tract 9595, Orange County, Vermont","10","6","4"
"1000000US500179595001040","Block 1040, Block Group 1, Census Tract 9595, Orange County, Vermont","1","0","1"
"1000000US500179595001041","Block 1041, Block Group 1, Census Tract 9595, Orange County, Vermont","1","1","0"
"1000000US500179595001042","Block 1042, Block Group 1, Census Tract 9595, Orange County, Vermont","14","10","4"
"1000000US500179595001043","Block 1043, Block Group 1, Census Tract 9595, Orange County, Vermont","0","0","0"
"1000000US500179595001044","Block 1044, Block Group 1, Census Tract 9595, Orange County, Vermont","31","23","8"
"1000000US500179595001045","Block 1045, Block Group 1, Census Tract 9595, Orange County, Vermont","1","1","0"
"1000000US500179595001046","Block 1046, Block Group 1, Census Tract 9595, Orange County, Vermont","3","0","3"
"1000000US500179595001047","Block 1047, Block Group 1, Census Tract 9595, Orange County, Vermont","1","1","0"
"1000000US500179595001048","Block 1048, Block Group 1, Census Tract 9595, Orange County, Vermont","1","1","0"
"1000000US500179595001049","Block 1049, Block Group 1, Census Tract 9595, Orange County, Vermont","7","4","3"
"1000000US500179595001050","Block 1050, Block Group 1, Census Tract 9595, Orange County, Vermont","13","10","3"
"1000000US500179595001051","Block 1051, Block Group 1, Census Tract 9595, Orange County, Vermont","1","1","0"
"1000000US500179595001052","Block 1052, Block Group 1, Census Tract 9595, Orange County, Vermont","19","15","4"
"1000000US500179595001053","Block 1053, Block Group 1, Census Tract 9595, Orange County, Vermont","8","5","3"
"1000000US500179595001054","Block 1054, Block Group 1, Census Tract 9595, Orange County, Vermont","1","1","0"
"1000000US500179595001055","Block 1055, Block Group 1, Census Tract 9595, Orange County, Vermont","0","0","0"
"1000000US500179595001056","Block 1056, Block Group 1, Census Tract 9595, Orange County, Vermont","14","13","1"
"1000000US500179595001057","Block 1057, Block Group 1, Census Tract 9595, Orange County, Vermont","0","0","0"
"1000000US500179595001058","Block 1058, Block Group 1, Census Tract 9595, Orange County, Vermont","0","0","0"
"1000000US500179595001059","Block 1059, Block Group 1, Census Tract 9595, Orange County, Vermont","0","0","0"
"1000000US500179595002000","Block 2000, Block Group 2, Census Tract 9595, Orange County, Vermont","0","0","0"
"1000000US500179595002001","Block 2001, Block Group 2, Census Tract 9595, Orange County, Vermont","99","82","17"
"1000000US500179595002002","Block 2002, Block Group 2, Census Tract 9595, Orange County, Vermont","1","0","1"
"1000000US500179595002003","Block 2003, Block Group 2, Census Tract 9595, Orange County, Vermont","0","0","0"
"1000000US500179595002004","Block 2004, Block Group 2, Census Tract 9595, Orange County, Vermont","17","16","1"
"1000000US500179595002005","Block 2005, Block Group 2, Census Tract 9595, Orange County, Vermont","2","1","1"
"1000000US500179595002006","Block 2006, Block Group 2, Census Tract 9595, Orange County, Vermont","0","0","0"
"1000000US500179595002007","Block 2007, Block Group 2, Census Tract 9595, Orange County, Vermont","0","0","0"
"1000000US500179595002008","Block 2008, Block Group 2, Census Tract 9595, Orange County, Vermont","11","10","1"
"1000000US500179595002009","Block 2009, Block Group 2, Census Tract 9595, Orange County, Vermont","3","3","0"
"1000000US500179595002010","Block 2010, Block Group 2, Census Tract 9595, Orange County, Vermont","2","2","0"
"1000000US500179595002011","Block 2011, Block Group 2, Census Tract 9595, Orange County, Vermont","3","2","1"
"1000000US500179595002012","Block 2012, Block Group 2, Census Tract 9595, Orange County, Vermont","9","8","1"
"1000000US500179595002013","Block 2013, Block Group 2, Census Tract 9595, Orange County, Vermont","2","1","1"
"1000000US500179595002014","Block 2014, Block Group 2, Census Tract 9595, Orange County, Vermont","5","4","1"
"1000000US500179595002015","Block 2015, Block Group 2, Census Tract 9595, Orange County, Vermont","32","26","6"
"1000000US500179595002016","Block 2016, Block Group 2, Census Tract 9595, Orange County, Vermont","2","1","1"
"1000000US500179595002017","Block 2017, Block Group 2, Census Tract 9595, Orange County, Vermont","0","0","0"
"1000000US500179595002018","Block 2018, Block Group 2, Census Tract 9595, Orange County, Vermont","1","1","0"
"1000000US500179595002019","Block 2019, Block Group 2, Census Tract 9595, Orange County, Vermont","0","0","0"
"1000000US500179595002020","Block 2020, Block Group 2, Census Tract 9595, Orange County, Vermont","11","6","5"
"1000000US500179595002021","Block 2021, Block Group 2, Census Tract 9595, Orange County, Vermont","0","0","0"
"1000000US500179595002022","Block 2022, Block Group 2, Census Tract 9595, Orange County, Vermont","4","1","3"
"1000000US500179595002023","Block 2023, Block Group 2, Census Tract 9595, Orange County, Vermont","0","0","0"
"1000000US500179595002024","Block 2024, Block Group 2, Census Tract 9595, Orange County, Vermont","28","20","8"
"1000000US500179595002025","Block 2025, Block Group 2, Census Tract 9595, Orange County, Vermont","1","1","0"
"1000000US500179595002026","Block 2026, Block Group 2, Census Tract 9595, Orange County, Vermont","0","0","0"
"1000000US500179595002027","Block 2027, Block Group 2, Census Tract 9595, Orange County, Vermont","9","6","3"
"1000000US500179595002028","Block 2028, Block Group 2, Census Tract 9595, Orange County, Vermont","1","0","1"
"1000000US500179595002029","Block 2029, Block Group 2, Census Tract 9595, Orange County, Vermont","10","6","4"
"1000000US500179595002030","Block 2030, Block Group 2, Census Tract 9595, Orange County, Vermont","2","1","1"
"1000000US500179595002031","Block 2031, Block Group 2, Census Tract 9595, Orange County, Vermont","1","1","0"
"1000000US500179595002032","Block 2032, Block Group 2, Census Tract 9595, Orange County, Vermont","1","0","1"
"1000000US500179595002033","Block 2033, Block Group 2, Census Tract 9595, Orange County, Vermont","7","4","3"
"1000000US500179595002034","Block 2034, Block Group 2, Census Tract 9595, Orange County, Vermont","3","3","0"
"1000000US500179595002035","Block 2035, Block Group 2, Census Tract 9595, Orange County, Vermont","0","0","0"
"1000000US500179595002036","Block 2036, Block Group 2, Census Tract 9595, Orange County, Vermont","1","1","0"
"1000000US500179595002037","Block 2037, Block Group 2, Census Tract 9595, Orange County, Vermont","7","5","2"
"1000000US500179595002038","Block 2038, Block Group 2, Census Tract 9595, Orange County, Vermont","10","7","3"
"1000000US500179595002039","Block 2039, Block Group 2, Census Tract 9595, Orange County, Vermont","7","4","3"
"1000000US500179595002040","Block 2040, Block Group 2, Census Tract 9595, Orange County, Vermont","8","7","1"
"1000000US500179595002041","Block 2041, Block Group 2, Census Tract 9595, Orange County, Vermont","14","12","2"
"1000000US500179595002042","Block 2042, Block Group 2, Census Tract 9595, Orange County, Vermont","0","0","0"
"1000000US500179595002043","Block 2043, Block Group 2, Census Tract 9595, Orange County, Vermont","0","0","0"
"1000000US500179595002044","Block 2044, Block Group 2, Census Tract 9595, Orange County, Vermont","17","13","4"
"1000000US500179595002045","Block 2045, Block Group 2, Census Tract 9595, Orange County, Vermont","7","5","2"
"1000000US500179595002046","Block 2046, Block Group 2, Census Tract 9595, Orange County, Vermont","2","0","2"
"1000000US500179595002047","Block 2047, Block Group 2, Census Tract 9595, Orange County, Vermont","0","0","0"
"1000000US500179595002048","Block 2048, Block Group 2, Census Tract 9595, Orange County, Vermont","18","12","6"
"1000000US500179595002049","Block 2049, Block Group 2, Census Tract 9595, Orange County, Vermont","1","1","0"
"1000000US500179595002050","Block 2050, Block Group 2, Census Tract 9595, Orange County, Vermont","68","60","8"
"1000000US500179595002051","Block 2051, Block Group 2, Census Tract 9595, Orange County, Vermont","5","3","2"
"1000000US500179595002052","Block 2052, Block Group 2, Census Tract 9595, Orange County, Vermont","6","5","1"
"1000000US500179595002053","Block 2053, Block Group 2, Census Tract 9595, Orange County, Vermont","3","3","0"
"1000000US500179595002054","Block 2054, Block Group 2, Census Tract 9595, Orange County, Vermont","19","19","0"
"1000000US500179595002055","Block 2055, Block Group 2, Census Tract 9595, Orange County, Vermont","36","20","16"
"1000000US500179595002056","Block 2056, Block Group 2, Census Tract 9595, Orange County, Vermont","0","0","0"
"1000000US500179595002057","Block 2057, Block Group 2, Census Tract 9595, Orange County, Vermont","0","0","0"
"1000000US500179595002058","Block 2058, Block Group 2, Census Tract 9595, Orange County, Vermont","0","0","0"
"1000000US500179595002059","Block 2059, Block Group 2, Census Tract 9595, Orange County, Vermont","2","1","1"
"1000000US500179595002060","Block 2060, Block Group 2, Census Tract 9595, Orange County, Vermont","0","0","0"
"1000000US500179595002061","Block 2061, Block Group 2, Census Tract 9595, Orange County, Vermont","7","7","0"
"1000000US500179595002062","Block 2062, Block Group 2, Census Tract 9595, Orange County, Vermont","42","34","8"
"1000000US500179595002063","Block 2063, Block Group 2, Census Tract 9595, Orange County, Vermont","8","5","3"
"1000000US500179595002064","Block 2064, Block Group 2, Census Tract 9595, Orange County, Vermont","4","4","0"
"1000000US500179595002065","Block 2065, Block Group 2, Census Tract 9595, Orange County, Vermont","0","0","0"
"1000000US500179595002066","Block 2066, Block Group 2, Census Tract 9595, Orange County, Vermont","0","0","0"
"1000000US500179595002067","Block 2067, Block Group 2, Census Tract 9595, Orange County, Vermont","0","0","0"
"1000000US500179595002068","Block 2068, Block Group 2, Census Tract 9595, Orange County, Vermont","1","1","0"
"1000000US500179595002069","Block 2069, Block Group 2, Census Tract 9595, Orange County, Vermont","0","0","0"
"1000000US500179595002070","Block 2070, Block Group 2, Census Tract 9595, Orange County, Vermont","20","15","5"
"1000000US500179595002071","Block 2071, Block Group 2, Census Tract 9595, Orange County, Vermont","1","1","0"
"1000000US500179595002072","Block 2072, Block Group 2, Census Tract 9595, Orange County, Vermont","4","2","2"
"1000000US500179595002073","Block 2073, Block Group 2, Census Tract 9595, Orange County, Vermont","0","0","0"
"1000000US500179595002074","Block 2074, Block Group 2, Census Tract 9595, Orange County, Vermont","0","0","0"
"1000000US500179595002075","Block 2075, Block Group 2, Census Tract 9595, Orange County, Vermont","0","0","0"
"1000000US500179595002076","Block 2076, Block Group 2, Census Tract 9595, Orange County, Vermont","10","5","5"
"1000000US500179595002077","Block 2077, Block Group 2, Census Tract 9595, Orange County, Vermont","1","0","1"
"1000000US500179595002078","Block 2078, Block Group 2, Census Tract 9595, Orange County, Vermont","4","4","0"
"1000000US500179595002079","Block 2079, Block Group 2, Census Tract 9595, Orange County, Vermont","0","0","0"
"1000000US500179595002080","Block 2080, Block Group 2, Census Tract 9595, Orange County, Vermont","0","0","0"
"1000000US500179595002081","Block 2081, Block Group 2, Census Tract 9595, Orange County, Vermont","2","2","0"
"1000000US500179595002082","Block 2082, Block Group 2, Census Tract 9595, Orange County, Vermont","0","0","0"
"1000000US500179595002083","Block 2083, Block Group 2, Census Tract 9595, Orange County, Vermont","5","4","1"
"1000000US500179595002084","Block 2084, Block Group 2, Census Tract 9595, Orange County, Vermont","0","0","0"
"1000000US500179595002085","Block 2085, Block Group 2, Census Tract 9595, Orange County, Vermont","2","1","1"
"1000000US500179595002086","Block 2086, Block Group 2, Census Tract 9595, Orange County, Vermont","13","12","1"
"1000000US500179595002087","Block 2087, Block Group 2, Census Tract 9595, Orange County, Vermont","0","0","0"
"1000000US500179595002088","Block 2088, Block Group 2, Census Tract 9595, Orange County, Vermont","0","0","0"
"1000000US500179595002089","Block 2089, Block Group 2, Census Tract 9595, Orange County, Vermont","2","2","0"
"1000000US500179595002090","Block 2090, Block Group 2, Census Tract 9595, Orange County, Vermont","0","0","0"
"1000000US500179595002091","Block 2091, Block Group 2, Census Tract 9595, Orange County, Vermont","11","9","2"
"1000000US500179595002092","Block 2092, Block Group 2, Census Tract 9595, Orange County, Vermont","0","0","0"
"1000000US500179595002093","Block 2093, Block Group 2, Census Tract 9595, Orange County, Vermont","3","3","0"
"1000000US500179595002094","Block 2094, Block Group 2, Census Tract 9595, Orange County, Vermont","10","6","4"
"1000000US500179595002095","Block 2095, Block Group 2, Census Tract 9595, Orange County, Vermont","0","0","0"
"1000000US500179595002096","Block 2096, Block Group 2, Census Tract 9595, Orange County, Vermont","1","1","0"
"1000000US500179595002097","Block 2097, Block Group 2, Census Tract 9595, Orange County, Vermont","0","0","0"
"1000000US500179595002098","Block 2098, Block Group 2, Census Tract 9595, Orange County, Vermont","1","0","1"
"1000000US500179595002099","Block 2099, Block Group 2, Census Tract 9595, Orange County, Vermont","0","0","0"
"1000000US500179595002100","Block 2100, Block Group 2, Census Tract 9595, Orange County, Vermont","0","0","0"
"1000000US500179595002101","Block 2101, Block Group 2, Census Tract 9595, Orange County, Vermont","1","1","0"
"1000000US500179595002102","Block 2102, Block Group 2, Census Tract 9595, Orange County, Vermont","0","0","0"
"1000000US500179595002103","Block 2103, Block Group 2, Census Tract 9595, Orange County, Vermont","0","0","0"
"1000000US500179595002104","Block 2104, Block Group 2, Census Tract 9595, Orange County, Vermont","0","0","0"
"1000000US500179595002105","Block 2105, Block Group 2, Census Tract 9595, Orange County, Vermont","1","0","1"
"1000000US500179595002106","Block 2106, Block Group 2, Census Tract 9595, Orange County, Vermont","10","7","3"
"1000000US500179595002107","Block 2107, Block Group 2, Census Tract 9595, Orange County, Vermont","0","0","0"
"1000000US500179595002108","Block 2108, Block Group 2, Census Tract 9595, Orange County, Vermont","1","1","0"
"1000000US500179595002109","Block 2109, Block Group 2, Census Tract 9595, Orange County, Vermont","0","0","0"
"1000000US500179595002110","Block 2110, Block Group 2, Census Tract 9595, Orange County, Vermont","0","0","0"
"1000000US500179595002111","Block 2111, Block Group 2, Census Tract 9595, Orange County, Vermont","4","4","0"
"1000000US500179595002112","Block 2112, Block Group 2, Census Tract 9595, Orange County, Vermont","2","2","0"
"1000000US500179595002113","Block 2113, Block Group 2, Census Tract 9595, Orange County, Vermont","9","9","0"
"1000000US500179595002114","Block 2114, Block Group 2, Census Tract 9595, Orange County, Vermont","0","0","0"
"1000000US500179595002115","Block 2115, Block Group 2, Census Tract 9595, Orange County, Vermont","1","1","0"
"1000000US500179595002116","Block 2116, Block Group 2, Census Tract 9595, Orange County, Vermont","0","0","0"
"1000000US500179595002117","Block 2117, Block Group 2, Census Tract 9595, Orange County, Vermont","0","0","0"
"1000000US500179595002118","Block 2118, Block Group 2, Census Tract 9595, Orange County, Vermont","3","3","0"
"1000000US500179595002119","Block 2119, Block Group 2, Census Tract 9595, Orange County, Vermont","0","0","0"
"1000000US500179595002120","Block 2120, Block Group 2, Census Tract 9595, Orange County, Vermont","13","11","2"
"1000000US500179595002121","Block 2121, Block Group 2, Census Tract 9595, Orange County, Vermont","0","0","0"
"1000000US500179595002122","Block 2122, Block Group 2, Census Tract 9595, Orange County, Vermont","0","0","0"
"1000000US500179595003000","Block 3000, Block Group 3, Census Tract 9595, Orange County, Vermont","9","4","5"
"1000000US500179595003001","Block 3001, Block Group 3, Census Tract 9595, Orange County, Vermont","0","0","0"
"1000000US500179595003002","Block 3002, Block Group 3, Census Tract 9595, Orange County, Vermont","2","2","0"
"1000000US500179595003003","Block 3003, Block Group 3, Census Tract 9595, Orange County, Vermont","0","0","0"
"1000000US500179595003004","Block 3004, Block Group 3, Census Tract 9595, Orange County, Vermont","3","1","2"
"1000000US500179595003005","Block 3005, Block Group 3, Census Tract 9595, Orange County, Vermont","5","4","1"
"1000000US500179595003006","Block 3006, Block Group 3, Census Tract 9595, Orange County, Vermont","3","2","1"
"1000000US500179595003007","Block 3007, Block Group 3, Census Tract 9595, Orange County, Vermont","3","3","0"
"1000000US500179595003008","Block 3008, Block Group 3, Census Tract 9595, Orange County, Vermont","14","8","6"
"1000000US500179595003009","Block 3009, Block Group 3, Census Tract 9595, Orange County, Vermont","0","0","0"
"1000000US500179595003010","Block 3010, Block Group 3, Census Tract 9595, Orange County, Vermont","0","0","0"
"1000000US500179595003011","Block 3011, Block Group 3, Census Tract 9595, Orange County, Vermont","1","1","0"
"1000000US500179595003012","Block 3012, Block Group 3, Census Tract 9595, Orange County, Vermont","22","18","4"
"1000000US500179595003013","Block 3013, Block Group 3, Census Tract 9595, Orange County, Vermont","6","5","1"
"1000000US500179595003014","Block 3014, Block Group 3, Census Tract 9595, Orange County, Vermont","0","0","0"
"1000000US500179595003015","Block 3015, Block Group 3, Census Tract 9595, Orange County, Vermont","0","0","0"
"1000000US500179595003016","Block 3016, Block Group 3, Census Tract 9595, Orange County, Vermont","6","2","4"
"1000000US500179595003017","Block 3017, Block Group 3, Census Tract 9595, Orange County, Vermont","41","27","14"
"1000000US500179595003018","Block 3018, Block Group 3, Census Tract 9595, Orange County, Vermont","1","1","0"
"1000000US500179595003019","Block 3019, Block Group 3, Census Tract 9595, Orange County, Vermont","0","0","0"
"1000000US500179595003020","Block 3020, Block Group 3, Census Tract 9595, Orange County, Vermont","31","23","8"
"1000000US500179595003021","Block 3021, Block Group 3, Census Tract 9595, Orange County, Vermont","2","1","1"
"1000000US500179595003022","Block 3022, Block Group 3, Census Tract 9595, Orange County, Vermont","1","1","0"
"1000000US500179595003023","Block 3023, Block Group 3, Census Tract 9595, Orange County, Vermont","0","0","0"
"1000000US500179595003024","Block 3024, Block Group 3, Census Tract 9595, Orange County, Vermont","9","5","4"
"1000000US500179595003025","Block 3025, Block Group 3, Census Tract 9595, Orange County, Vermont","0","0","0"
"1000000US500179595003026","Block 3026, Block Group 3, Census Tract 9595, Orange County, Vermont","11","8","3"
"1000000US500179595003027","Block 3027, Block Group 3, Census Tract 9595, Orange County, Vermont","1","1","0"
"1000000US500179595003028","Block 3028, Block Group 3, Census Tract 9595, Orange County, Vermont","1","1","0"
"1000000US500179595003029","Block 3029, Block Group 3, Census Tract 9595, Orange County, Vermont","3","2","1"
"1000000US500179595003030","Block 3030, Block Group 3, Census Tract 9595, Orange County, Vermont","2","2","0"
"1000000US500179595003031","Block 3031, Block Group 3, Census Tract 9595, Orange County, Vermont","0","0","0"
"1000000US500179595003032","Block 3032, Block Group 3, Census Tract 9595, Orange County, Vermont","0","0","0"
"1000000US500179595003033","Block 3033, Block Group 3, Census Tract 9595, Orange County, Vermont","0","0","0"
"1000000US500179595003034","Block 3034, Block Group 3, Census Tract 9595, Orange County, Vermont","0","0","0"
"1000000US500179595003035","Block 3035, Block Group 3, Census Tract 9595, Orange County, Vermont","6","1","5"
"1000000US500179595003036","Block 3036, Block Group 3, Census Tract 9595, Orange County, Vermont","3","2","1"
"1000000US500179595003037","Block 3037, Block Group 3, Census Tract 9595, Orange County, Vermont","9","6","3"
"1000000US500179595003038","Block 3038, Block Group 3, Census Tract 9595, Orange County, Vermont","0","0","0"
"1000000US500179595003039","Block 3039, Block Group 3, Census Tract 9595, Orange County, Vermont","11","10","1"
"1000000US500179595003040","Block 3040, Block Group 3, Census Tract 9595, Orange County, Vermont","2","1","1"
"1000000US500179595003041","Block 3041, Block Group 3, Census Tract 9595, Orange County, Vermont","4","4","0"
"1000000US500179595003042","Block 3042, Block Group 3, Census Tract 9595, Orange County, Vermont","2","1","1"
"1000000US500179595003043","Block 3043, Block Group 3, Census Tract 9595, Orange County, Vermont","95","72","23"
"1000000US500179595003044","Block 3044, Block Group 3, Census Tract 9595, Orange County, Vermont","2","2","0"
"1000000US500179595003045","Block 3045, Block Group 3, Census Tract 9595, Orange County, Vermont","3","2","1"
"1000000US500179595003046","Block 3046, Block Group 3, Census Tract 9595, Orange County, Vermont","2","2","0"
"1000000US500179595003047","Block 3047, Block Group 3, Census Tract 9595, Orange County, Vermont","1","1","0"
"1000000US500179595003048","Block 3048, Block Group 3, Census Tract 9595, Orange County, Vermont","0","0","0"
"1000000US500179595003049","Block 3049, Block Group 3, Census Tract 9595, Orange County, Vermont","0","0","0"
"1000000US500179595003050","Block 3050, Block Group 3, Census Tract 9595, Orange County, Vermont","0","0","0"
"1000000US500179595003051","Block 3051, Block Group 3, Census Tract 9595, Orange County, Vermont","38","28","10"
"1000000US500179595003052","Block 3052, Block Group 3, Census Tract 9595, Orange County, Vermont","0","0","0"
"1000000US500179595003053","Block 3053, Block Group 3, Census Tract 9595, Orange County, Vermont","0","0","0"
"1000000US500179595003054","Block 3054, Block Group 3, Census Tract 9595, Orange County, Vermont","1","1","0"
"1000000US500179595003055","Block 3055, Block Group 3, Census Tract 9595, Orange County, Vermont","0","0","0"
"1000000US500179595003056","Block 3056, Block Group 3, Census Tract 9595, Orange County, Vermont","0","0","0"
"1000000US500179595003057","Block 3057, Block Group 3, Census Tract 9595, Orange County, Vermont","1","1","0"
"1000000US500179595003058","Block 3058, Block Group 3, Census Tract 9595, Orange County, Vermont","0","0","0"
"1000000US500179595003059","Block 3059, Block Group 3, Census Tract 9595, Orange County, Vermont","9","8","1"
"1000000US500179595003060","Block 3060, Block Group 3, Census Tract 9595, Orange County, Vermont","4","3","1"
"1000000US500179595003061","Block 3061, Block Group 3, Census Tract 9595, Orange County, Vermont","10","7","3"
"1000000US500179595003062","Block 3062, Block Group 3, Census Tract 9595, Orange County, Vermont","0","0","0"
"1000000US500179595003063","Block 3063, Block Group 3, Census Tract 9595, Orange County, Vermont","56","45","11"
"1000000US500179595003064","Block 3064, Block Group 3, Census Tract 9595, Orange County, Vermont","5","4","1"
"1000000US500179595003065","Block 3065, Block Group 3, Census Tract 9595, Orange County, Vermont","1","0","1"
"1000000US500179595003066","Block 3066, Block Group 3, Census Tract 9595, Orange County, Vermont","3","3","0"
"1000000US500179595003067","Block 3067, Block Group 3, Census Tract 9595, Orange County, Vermont","28","16","12"
"1000000US500179595003068","Block 3068, Block Group 3, Census Tract 9595, Orange County, Vermont","4","2","2"
"1000000US500179595003069","Block 3069, Block Group 3, Census Tract 9595, Orange County, Vermont","34","29","5"
"1000000US500179595003070","Block 3070, Block Group 3, Census Tract 9595, Orange County, Vermont","0","0","0"
"1000000US500179595003071","Block 3071, Block Group 3, Census Tract 9595, Orange County, Vermont","3","3","0"
"1000000US500179595003072","Block 3072, Block Group 3, Census Tract 9595, Orange County, Vermont","31","28","3"
"1000000US500179595003073","Block 3073, Block Group 3, Census Tract 9595, Orange County, Vermont","1","1","0"
"1000000US500179595003074","Block 3074, Block Group 3, Census Tract 9595, Orange County, Vermont","0","0","0"
"1000000US500179595003075","Block 3075, Block Group 3, Census Tract 9595, Orange County, Vermont","44","32","12"
"1000000US500179595003076","Block 3076, Block Group 3, Census Tract 9595, Orange County, Vermont","0","0","0"
"1000000US500179595003077","Block 3077, Block Group 3, Census Tract 9595, Orange County, Vermont","0","0","0"
"1000000US500179595003078","Block 3078, Block Group 3, Census Tract 9595, Orange County, Vermont","1","1","0"
"1000000US500179595003079","Block 3079, Block Group 3, Census Tract 9595, Orange County, Vermont","4","3","1"
"1000000US500179595003080","Block 3080, Block Group 3, Census Tract 9595, Orange County, Vermont","0","0","0"
"1000000US500179595003081","Block 3081, Block Group 3, Census Tract 9595, Orange County, Vermont","2","1","1"
"1000000US500179595003082","Block 3082, Block Group 3, Census Tract 9595, Orange County, Vermont","0","0","0"
"1000000US500179595003083","Block 3083, Block Group 3, Census Tract 9595, Orange County, Vermont","2","2","0"
"1000000US500179595003084","Block 3084, Block Group 3, Census Tract 9595, Orange County, Vermont","0","0","0"
"1000000US500179595003085","Block 3085, Block Group 3, Census Tract 9595, Orange County, Vermont","20","15","5"
"1000000US500179595003086","Block 3086, Block Group 3, Census Tract 9595, Orange County, Vermont","9","8","1"
"1000000US500179595003087","Block 3087, Block Group 3, Census Tract 9595, Orange County, Vermont","2","2","0"
"1000000US500179595003088","Block 3088, Block Group 3, Census Tract 9595, Orange County, Vermont","17","6","11"
"1000000US500179595003089","Block 3089, Block Group 3, Census Tract 9595, Orange County, Vermont","13","9","4"
"1000000US500179595003090","Block 3090, Block Group 3, Census Tract 9595, Orange County, Vermont","0","0","0"
"1000000US500179595003091","Block 3091, Block Group 3, Census Tract 9595, Orange County, Vermont","1","1","0"
"1000000US500179595003092","Block 3092, Block Group 3, Census Tract 9595, Orange County, Vermont","17","10","7"
"1000000US500179595003093","Block 3093, Block Group 3, Census Tract 9595, Orange County, Vermont","0","0","0"
"1000000US500179595003094","Block 3094, Block Group 3, Census Tract 9595, Orange County, Vermont","0","0","0"
"1000000US500179595003095","Block 3095, Block Group 3, Census Tract 9595, Orange County, Vermont","1","0","1"
"1000000US500179595003096","Block 3096, Block Group 3, Census Tract 9595, Orange County, Vermont","0","0","0"
"1000000US500179595003097","Block 3097, Block Group 3, Census Tract 9595, Orange County, Vermont","0","0","0"
"1000000US500179595003098","Block 3098, Block Group 3, Census Tract 9595, Orange County, Vermont","0","0","0"
"1000000US500179595003099","Block 3099, Block Group 3, Census Tract 9595, Orange County, Vermont","1","0","1"
"1000000US500179595003100","Block 3100, Block Group 3, Census Tract 9595, Orange County, Vermont","20","16","4"
"1000000US500179595003101","Block 3101, Block Group 3, Census Tract 9595, Orange County, Vermont","8","4","4"
"1000000US500179595003102","Block 3102, Block Group 3, Census Tract 9595, Orange County, Vermont","0","0","0"
"1000000US500179595003103","Block 3103, Block Group 3, Census Tract 9595, Orange County, Vermont","5","4","1"
"1000000US500179595003104","Block 3104, Block Group 3, Census Tract 9595, Orange County, Vermont","0","0","0"
"1000000US500179595003105","Block 3105, Block Group 3, Census Tract 9595, Orange County, Vermont","2","2","0"
"1000000US500179595003106","Block 3106, Block Group 3, Census Tract 9595, Orange County, Vermont","6","2","4"
"1000000US500179595003107","Block 3107, Block Group 3, Census Tract 9595, Orange County, Vermont","10","7","3"
"1000000US500179595003108","Block 3108, Block Group 3, Census Tract 9595, Orange County, Vermont","9","8","1"
"1000000US500179595003109","Block 3109, Block Group 3, Census Tract 9595, Orange County, Vermont","6","4","2"
"1000000US500179595003110","Block 3110, Block Group 3, Census Tract 9595, Orange County, Vermont","0","0","0"
"1000000US500179595003111","Block 3111, Block Group 3, Census Tract 9595, Orange County, Vermont","1","0","1"
"1000000US500179595003112","Block 3112, Block Group 3, Census Tract 9595, Orange County, Vermont","0","0","0"
"1000000US500179595003113","Block 3113, Block Group 3, Census Tract 9595, Orange County, Vermont","7","6","1"
"1000000US500179595003114","Block 3114, Block Group 3, Census Tract 9595, Orange County, Vermont","2","1","1"
"1000000US500179595003115","Block 3115, Block Group 3, Census Tract 9595, Orange County, Vermont","2","2","0"
"1000000US500179595003116","Block 3116, Block Group 3, Census Tract 9595, Orange County, Vermont","1","1","0"
"1000000US500179595003117","Block 3117, Block Group 3, Census Tract 9595, Orange County, Vermont","2","2","0"
"1000000US500179595003118","Block 3118, Block Group 3, Census Tract 9595, Orange County, Vermont","3","2","1"
"1000000US500179595004000","Block 4000, Block Group 4, Census Tract 9595, Orange County, Vermont","10","7","3"
"1000000US500179595004001","Block 4001, Block Group 4, Census Tract 9595, Orange County, Vermont","1","0","1"
"1000000US500179595004002","Block 4002, Block Group 4, Census Tract 9595, Orange County, Vermont","1","0","1"
"1000000US500179595004003","Block 4003, Block Group 4, Census Tract 9595, Orange County, Vermont","37","23","14"
"1000000US500179595004004","Block 4004, Block Group 4, Census Tract 9595, Orange County, Vermont","0","0","0"
"1000000US500179595004005","Block 4005, Block Group 4, Census Tract 9595, Orange County, Vermont","0","0","0"
"1000000US500179595004006","Block 4006, Block Group 4, Census Tract 9595, Orange County, Vermont","0","0","0"
"1000000US500179595004007","Block 4007, Block Group 4, Census Tract 9595, Orange County, Vermont","0","0","0"
"1000000US500179595004008","Block 4008, Block Group 4, Census Tract 9595, Orange County, Vermont","0","0","0"
"1000000US500179595004009","Block 4009, Block Group 4, Census Tract 9595, Orange County, Vermont","8","5","3"
"1000000US500179595004010","Block 4010, Block Group 4, Census Tract 9595, Orange County, Vermont","0","0","0"
"1000000US500179595004011","Block 4011, Block Group 4, Census Tract 9595, Orange County, Vermont","0","0","0"
"1000000US500179595004012","Block 4012, Block Group 4, Census Tract 9595, Orange County, Vermont","4","3","1"
"1000000US500179595004013","Block 4013, Block Group 4, Census Tract 9595, Orange County, Vermont","2","2","0"
"1000000US500179595004014","Block 4014, Block Group 4, Census Tract 9595, Orange County, Vermont","0","0","0"
"1000000US500179595004015","Block 4015, Block Group 4, Census Tract 9595, Orange County, Vermont","29","21","8"
"1000000US500179595004016","Block 4016, Block Group 4, Census Tract 9595, Orange County, Vermont","1","1","0"
"1000000US500179595004017","Block 4017, Block Group 4, Census Tract 9595, Orange County, Vermont","1","1","0"
"1000000US500179595004018","Block 4018, Block Group 4, Census Tract 9595, Orange County, Vermont","0","0","0"
"1000000US500179595004019","Block 4019, Block Group 4, Census Tract 9595, Orange County, Vermont","0","0","0"
"1000000US500179595004020","Block 4020, Block Group 4, Census Tract 9595, Orange County, Vermont","1","1","0"
"1000000US500179595004021","Block 4021, Block Group 4, Census Tract 9595, Orange County, Vermont","0","0","0"
"1000000US500179595004022","Block 4022, Block Group 4, Census Tract 9595, Orange County, Vermont","0","0","0"
"1000000US500179595004023","Block 4023, Block Group 4, Census Tract 9595, Orange County, Vermont","0","0","0"
"1000000US500179595004024","Block 4024, Block Group 4, Census Tract 9595, Orange County, Vermont","0","0","0"
"1000000US500179595004025","Block 4025, Block Group 4, Census Tract 9595, Orange County, Vermont","5","3","2"
"1000000US500179595004026","Block 4026, Block Group 4, Census Tract 9595, Orange County, Vermont","0","0","0"
"1000000US500179595004027","Block 4027, Block Group 4, Census Tract 9595, Orange County, Vermont","0","0","0"
"1000000US500179595004028","Block 4028, Block Group 4, Census Tract 9595, Orange County, Vermont","5","5","0"
"1000000US500179595004029","Block 4029, Block Group 4, Census Tract 9595, Orange County, Vermont","0","0","0"
"1000000US500179595004030","Block 4030, Block Group 4, Census Tract 9595, Orange County, Vermont","2","2","0"
"1000000US500179595004031","Block 4031, Block Group 4, Census Tract 9595, Orange County, Vermont","1","0","1"
"1000000US500179595004032","Block 4032, Block Group 4, Census Tract 9595, Orange County, Vermont","45","36","9"
"1000000US500179595004033","Block 4033, Block Group 4, Census Tract 9595, Orange County, Vermont","1","1","0"
"1000000US500179595004034","Block 4034, Block Group 4, Census Tract 9595, Orange County, Vermont","0","0","0"
"1000000US500179595004035","Block 4035, Block Group 4, Census Tract 9595, Orange County, Vermont","0","0","0"
"1000000US500179595004036","Block 4036, Block Group 4, Census Tract 9595, Orange County, Vermont","0","0","0"
"1000000US500179595004037","Block 4037, Block Group 4, Census Tract 9595, Orange County, Vermont","4","3","1"
"1000000US500179595004038","Block 4038, Block Group 4, Census Tract 9595, Orange County, Vermont","0","0","0"
"1000000US500179595004039","Block 4039, Block Group 4, Census Tract 9595, Orange County, Vermont","0","0","0"
"1000000US500179595004040","Block 4040, Block Group 4, Census Tract 9595, Orange County, Vermont","0","0","0"
"1000000US500179595004041","Block 4041, Block Group 4, Census Tract 9595, Orange County, Vermont","7","5","2"
"1000000US500179595004042","Block 4042, Block Group 4, Census Tract 9595, Orange County, Vermont","0","0","0"
"1000000US500179595004043","Block 4043, Block Group 4, Census Tract 9595, Orange County, Vermont","0","0","0"
"1000000US500179595004044","Block 4044, Block Group 4, Census Tract 9595, Orange County, Vermont","2","1","1"
"1000000US500179595004045","Block 4045, Block Group 4, Census Tract 9595, Orange County, Vermont","0","0","0"
"1000000US500179595004046","Block 4046, Block Group 4, Census Tract 9595, Orange County, Vermont","13","8","5"
"1000000US500179595004047","Block 4047, Block Group 4, Census Tract 9595, Orange County, Vermont","0","0","0"
"1000000US500179595004048","Block 4048, Block Group 4, Census Tract 9595, Orange County, Vermont","0","0","0"
"1000000US500179595004049","Block 4049, Block Group 4, Census Tract 9595, Orange County, Vermont","0","0","0"
"1000000US500179595004050","Block 4050, Block Group 4, Census Tract 9595, Orange County, Vermont","5","3","2"
"1000000US500179595004051","Block 4051, Block Group 4, Census Tract 9595, Orange County, Vermont","3","2","1"
"1000000US500179595004052","Block 4052, Block Group 4, Census Tract 9595, Orange County, Vermont","5","4","1"
"1000000US500179595004053","Block 4053, Block Group 4, Census Tract 9595, Orange County, Vermont","1","1","0"
"1000000US500179595004054","Block 4054, Block Group 4, Census Tract 9595, Orange County, Vermont","0","0","0"
"1000000US500179595004055","Block 4055, Block Group 4, Census Tract 9595, Orange County, Vermont","1","1","0"
"1000000US500179595004056","Block 4056, Block Group 4, Census Tract 9595, Orange County, Vermont","14","10","4"
"1000000US500179595004057","Block 4057, Block Group 4, Census Tract 9595, Orange County, Vermont","1","1","0"
"1000000US500179595004058","Block 4058, Block Group 4, Census Tract 9595, Orange County, Vermont","15","9","6"
"1000000US500179595004059","Block 4059, Block Group 4, Census Tract 9595, Orange County, Vermont","5","2","3"
"1000000US500179595004060","Block 4060, Block Group 4, Census Tract 9595, Orange County, Vermont","2","2","0"
"1000000US500179595004061","Block 4061, Block Group 4, Census Tract 9595, Orange County, Vermont","37","24","13"
"1000000US500179595004062","Block 4062, Block Group 4, Census Tract 9595, Orange County, Vermont","0","0","0"
"1000000US500179595004063","Block 4063, Block Group 4, Census Tract 9595, Orange County, Vermont","3","3","0"
"1000000US500179595004064","Block 4064, Block Group 4, Census Tract 9595, Orange County, Vermont","1","1","0"
"1000000US500179595004065","Block 4065, Block Group 4, Census Tract 9595, Orange County, Vermont","30","22","8"
"1000000US500179595004066","Block 4066, Block Group 4, Census Tract 9595, Orange County, Vermont","0","0","0"
"1000000US500179595004067","Block 4067, Block Group 4, Census Tract 9595, Orange County, Vermont","1","1","0"
"1000000US500179595004068","Block 4068, Block Group 4, Census Tract 9595, Orange County, Vermont","14","12","2"
"1000000US500179595004069","Block 4069, Block Group 4, Census Tract 9595, Orange County, Vermont","5","5","0"
"1000000US500179595004070","Block 4070, Block Group 4, Census Tract 9595, Orange County, Vermont","0","0","0"
"1000000US500179595004071","Block 4071, Block Group 4, Census Tract 9595, Orange County, Vermont","1","1","0"
"1000000US500179595004072","Block 4072, Block Group 4, Census Tract 9595, Orange County, Vermont","53","44","9"
"1000000US500179595004073","Block 4073, Block Group 4, Census Tract 9595, Orange County, Vermont","1","0","1"
"1000000US500179595004074","Block 4074, Block Group 4, Census Tract 9595, Orange County, Vermont","0","0","0"
"1000000US500179595004075","Block 4075, Block Group 4, Census Tract 9595, Orange County, Vermont","2","1","1"
"1000000US500179595004076","Block 4076, Block Group 4, Census Tract 9595, Orange County, Vermont","10","10","0"
"1000000US500179595004077","Block 4077, Block Group 4, Census Tract 9595, Orange County, Vermont","1","1","0"
"1000000US500179595004078","Block 4078, Block Group 4, Census Tract 9595, Orange County, Vermont","0","0","0"
"1000000US500179595004079","Block 4079, Block Group 4, Census Tract 9595, Orange County, Vermont","0","0","0"
"1000000US500179595004080","Block 4080, Block Group 4, Census Tract 9595, Orange County, Vermont","1","1","0"
"1000000US500179595004081","Block 4081, Block Group 4, Census Tract 9595, Orange County, Vermont","6","6","0"
"1000000US500179595004082","Block 4082, Block Group 4, Census Tract 9595, Orange County, Vermont","1","1","0"
"1000000US500179595004083","Block 4083, Block Group 4, Census Tract 9595, Orange County, Vermont","3","2","1"
"1000000US500179595004084","Block 4084, Block Group 4, Census Tract 9595, Orange County, Vermont","17","11","6"
"1000000US500179595004085","Block 4085, Block Group 4, Census Tract 9595, Orange County, Vermont","28","23","5"
"1000000US500179595004086","Block 4086, Block Group 4, Census Tract 9595, Orange County, Vermont","2","2","0"
"1000000US500179595004087","Block 4087, Block Group 4, Census Tract 9595, Orange County, Vermont","1","1","0"
"1000000US500179595004088","Block 4088, Block Group 4, Census Tract 9595, Orange County, Vermont","1","1","0"
"1000000US500179595004089","Block 4089, Block Group 4, Census Tract 9595, Orange County, Vermont","7","7","0"
"1000000US500179595004090","Block 4090, Block Group 4, Census Tract 9595, Orange County, Vermont","0","0","0"
"1000000US500179595004091","Block 4091, Block Group 4, Census Tract 9595, Orange County, Vermont","17","16","1"
"1000000US500179595004092","Block 4092, Block Group 4, Census Tract 9595, Orange County, Vermont","15","14","1"
"1000000US500179595004093","Block 4093, Block Group 4, Census Tract 9595, Orange County, Vermont","13","10","3"
"1000000US500179595004094","Block 4094, Block Group 4, Census Tract 9595, Orange County, Vermont","9","8","1"
"1000000US500179595004095","Block 4095, Block Group 4, Census Tract 9595, Orange County, Vermont","10","10","0"
"1000000US500179595004096","Block 4096, Block Group 4, Census Tract 9595, Orange County, Vermont","1","1","0"
"1000000US500179595004097","Block 4097, Block Group 4, Census Tract 9595, Orange County, Vermont","1","0","1"
"1000000US500179595004098","Block 4098, Block Group 4, Census Tract 9595, Orange County, Vermont","0","0","0"
"1000000US500179595004099","Block 4099, Block Group 4, Census Tract 9595, Orange County, Vermont","0","0","0"
"1000000US500179595004100","Block 4100, Block Group 4, Census Tract 9595, Orange County, Vermont","1","1","0"
"1000000US500179595004101","Block 4101, Block Group 4, Census Tract 9595, Orange County, Vermont","0","0","0"
"1000000US500179595004102","Block 4102, Block Group 4, Census Tract 9595, Orange County, Vermont","20","18","2"
"1000000US500179595004103","Block 4103, Block Group 4, Census Tract 9595, Orange County, Vermont","0","0","0"
"1000000US500179595004104","Block 4104, Block Group 4, Census Tract 9595, Orange County, Vermont","3","3","0"
"1000000US500179595004105","Block 4105, Block Group 4, Census Tract 9595, Orange County, Vermont","1","1","0"
"1000000US500179595004106","Block 4106, Block Group 4, Census Tract 9595, Orange County, Vermont","1","1","0"
"1000000US500179595004107","Block 4107, Block Group 4, Census Tract 9595, Orange County, Vermont","0","0","0"
"1000000US500179595004108","Block 4108, Block Group 4, Census Tract 9595, Orange County, Vermont","1","0","1"
"1000000US500179595004109","Block 4109, Block Group 4, Census Tract 9595, Orange County, Vermont","0","0","0"
"1000000US500179595004110","Block 4110, Block Group 4, Census Tract 9595, Orange County, Vermont","2","0","2"
"1000000US500179595004111","Block 4111, Block Group 4, Census Tract 9595, Orange County, Vermont","0","0","0"
"1000000US500179595004112","Block 4112, Block Group 4, Census Tract 9595, Orange County, Vermont","4","2","2"
"1000000US500179595004113","Block 4113, Block Group 4, Census Tract 9595, Orange County, Vermont","29","25","4"
"1000000US500179595004114","Block 4114, Block Group 4, Census Tract 9595, Orange County, Vermont","0","0","0"
"1000000US500179596001000","Block 1000, Block Group 1, Census Tract 9596, Orange County, Vermont","0","0","0"
"1000000US500179596001001","Block 1001, Block Group 1, Census Tract 9596, Orange County, Vermont","2","2","0"
"1000000US500179596001002","Block 1002, Block Group 1, Census Tract 9596, Orange County, Vermont","8","7","1"
"1000000US500179596001003","Block 1003, Block Group 1, Census Tract 9596, Orange County, Vermont","0","0","0"
"1000000US500179596001004","Block 1004, Block Group 1, Census Tract 9596, Orange County, Vermont","8","6","2"
"1000000US500179596001005","Block 1005, Block Group 1, Census Tract 9596, Orange County, Vermont","12","11","1"
"1000000US500179596001006","Block 1006, Block Group 1, Census Tract 9596, Orange County, Vermont","7","7","0"
"1000000US500179596001007","Block 1007, Block Group 1, Census Tract 9596, Orange County, Vermont","18","17","1"
"1000000US500179596001008","Block 1008, Block Group 1, Census Tract 9596, Orange County, Vermont","0","0","0"
"1000000US500179596001009","Block 1009, Block Group 1, Census Tract 9596, Orange County, Vermont","28","27","1"
"1000000US500179596001010","Block 1010, Block Group 1, Census Tract 9596, Orange County, Vermont","2","2","0"
"1000000US500179596001011","Block 1011, Block Group 1, Census Tract 9596, Orange County, Vermont","13","13","0"
"1000000US500179596001012","Block 1012, Block Group 1, Census Tract 9596, Orange County, Vermont","0","0","0"
"1000000US500179596001013","Block 1013, Block Group 1, Census Tract 9596, Orange County, Vermont","4","4","0"
"1000000US500179596001014","Block 1014, Block Group 1, Census Tract 9596, Orange County, Vermont","7","7","0"
"1000000US500179596001015","Block 1015, Block Group 1, Census Tract 9596, Orange County, Vermont","0","0","0"
"1000000US500179596001016","Block 1016, Block Group 1, Census Tract 9596, Orange County, Vermont","0","0","0"
"1000000US500179596001017","Block 1017, Block Group 1, Census Tract 9596, Orange County, Vermont","0","0","0"
"1000000US500179596001018","Block 1018, Block Group 1, Census Tract 9596, Orange County, Vermont","9","8","1"
"1000000US500179596001019","Block 1019, Block Group 1, Census Tract 9596, Orange County, Vermont","3","3","0"
"1000000US500179596001020","Block 1020, Block Group 1, Census Tract 9596, Orange County, Vermont","0","0","0"
"1000000US500179596001021","Block 1021, Block Group 1, Census Tract 9596, Orange County, Vermont","2","2","0"
"1000000US500179596001022","Block 1022, Block Group 1, Census Tract 9596, Orange County, Vermont","0","0","0"
"1000000US500179596001023","Block 1023, Block Group 1, Census Tract 9596, Orange County, Vermont","72","69","3"
"1000000US500179596001024","Block 1024, Block Group 1, Census Tract 9596, Orange County, Vermont","0","0","0"
"1000000US500179596001025","Block 1025, Block Group 1, Census Tract 9596, Orange County, Vermont","0","0","0"
"1000000US500179596001026","Block 1026, Block Group 1, Census Tract 9596, Orange County, Vermont","0","0","0"
"1000000US500179596001027","Block 1027, Block Group 1, Census Tract 9596, Orange County, Vermont","4","4","0"
"1000000US500179596001028","Block 1028, Block Group 1, Census Tract 9596, Orange County, Vermont","9","9","0"
"1000000US500179596001029","Block 1029, Block Group 1, Census Tract 9596, Orange County, Vermont","1","1","0"
"1000000US500179596001030","Block 1030, Block Group 1, Census Tract 9596, Orange County, Vermont","1","1","0"
"1000000US500179596001031","Block 1031, Block Group 1, Census Tract 9596, Orange County, Vermont","6","3","3"
"1000000US500179596001032","Block 1032, Block Group 1, Census Tract 9596, Orange County, Vermont","1","1","0"
"1000000US500179596001033","Block 1033, Block Group 1, Census Tract 9596, Orange County, Vermont","30","28","2"
"1000000US500179596001034","Block 1034, Block Group 1, Census Tract 9596, Orange County, Vermont","2","1","1"
"1000000US500179596001035","Block 1035, Block Group 1, Census Tract 9596, Orange County, Vermont","3","3","0"
"1000000US500179596001036","Block 1036, Block Group 1, Census Tract 9596, Orange County, Vermont","35","30","5"
"1000000US500179596001037","Block 1037, Block Group 1, Census Tract 9596, Orange County, Vermont","0","0","0"
"1000000US500179596001038","Block 1038, Block Group 1, Census Tract 9596, Orange County, Vermont","16","15","1"
"1000000US500179596001039","Block 1039, Block Group 1, Census Tract 9596, Orange County, Vermont","4","3","1"
"1000000US500179596001040","Block 1040, Block Group 1, Census Tract 9596, Orange County, Vermont","1","1","0"
"1000000US500179596001041","Block 1041, Block Group 1, Census Tract 9596, Orange County, Vermont","0","0","0"
"1000000US500179596001042","Block 1042, Block Group 1, Census Tract 9596, Orange County, Vermont","9","9","0"
"1000000US500179596001043","Block 1043, Block Group 1, Census Tract 9596, Orange County, Vermont","0","0","0"
"1000000US500179596001044","Block 1044, Block Group 1, Census Tract 9596, Orange County, Vermont","8","8","0"
"1000000US500179596001045","Block 1045, Block Group 1, Census Tract 9596, Orange County, Vermont","7","5","2"
"1000000US500179596001046","Block 1046, Block Group 1, Census Tract 9596, Orange County, Vermont","0","0","0"
"1000000US500179596001047","Block 1047, Block Group 1, Census Tract 9596, Orange County, Vermont","8","7","1"
"1000000US500179596001048","Block 1048, Block Group 1, Census Tract 9596, Orange County, Vermont","0","0","0"
"1000000US500179596001049","Block 1049, Block Group 1, Census Tract 9596, Orange County, Vermont","0","0","0"
"1000000US500179596002000","Block 2000, Block Group 2, Census Tract 9596, Orange County, Vermont","0","0","0"
"1000000US500179596002001","Block 2001, Block Group 2, Census Tract 9596, Orange County, Vermont","0","0","0"
"1000000US500179596002002","Block 2002, Block Group 2, Census Tract 9596, Orange County, Vermont","113","95","18"
"1000000US500179596002003","Block 2003, Block Group 2, Census Tract 9596, Orange County, Vermont","3","3","0"
"1000000US500179596002004","Block 2004, Block Group 2, Census Tract 9596, Orange County, Vermont","10","10","0"
"1000000US500179596002005","Block 2005, Block Group 2, Census Tract 9596, Orange County, Vermont","2","2","0"
"1000000US500179596002006","Block 2006, Block Group 2, Census Tract 9596, Orange County, Vermont","0","0","0"
"1000000US500179596002007","Block 2007, Block Group 2, Census Tract 9596, Orange County, Vermont","0","0","0"
"1000000US500179596002008","Block 2008, Block Group 2, Census Tract 9596, Orange County, Vermont","0","0","0"
"1000000US500179596002009","Block 2009, Block Group 2, Census Tract 9596, Orange County, Vermont","2","2","0"
"1000000US500179596002010","Block 2010, Block Group 2, Census Tract 9596, Orange County, Vermont","14","3","11"
"1000000US500179596002011","Block 2011, Block Group 2, Census Tract 9596, Orange County, Vermont","0","0","0"
"1000000US500179596002012","Block 2012, Block Group 2, Census Tract 9596, Orange County, Vermont","0","0","0"
"1000000US500179596002013","Block 2013, Block Group 2, Census Tract 9596, Orange County, Vermont","0","0","0"
"1000000US500179596002014","Block 2014, Block Group 2, Census Tract 9596, Orange County, Vermont","15","7","8"
"1000000US500179596002015","Block 2015, Block Group 2, Census Tract 9596, Orange County, Vermont","18","8","10"
"1000000US500179596002016","Block 2016, Block Group 2, Census Tract 9596, Orange County, Vermont","2","2","0"
"1000000US500179596002017","Block 2017, Block Group 2, Census Tract 9596, Orange County, Vermont","23","21","2"
"1000000US500179596002018","Block 2018, Block Group 2, Census Tract 9596, Orange County, Vermont","20","20","0"
"1000000US500179596002019","Block 2019, Block Group 2, Census Tract 9596, Orange County, Vermont","0","0","0"
"1000000US500179596002020","Block 2020, Block Group 2, Census Tract 9596, Orange County, Vermont","6","6","0"
"1000000US500179596002021","Block 2021, Block Group 2, Census Tract 9596, Orange County, Vermont","52","48","4"
"1000000US500179596002022","Block 2022, Block Group 2, Census Tract 9596, Orange County, Vermont","0","0","0"
"1000000US500179596002023","Block 2023, Block Group 2, Census Tract 9596, Orange County, Vermont","6","6","0"
"1000000US500179596002024","Block 2024, Block Group 2, Census Tract 9596, Orange County, Vermont","0","0","0"
"1000000US500179596002025","Block 2025, Block Group 2, Census Tract 9596, Orange County, Vermont","9","5","4"
"1000000US500179596002026","Block 2026, Block Group 2, Census Tract 9596, Orange County, Vermont","15","11","4"
"1000000US500179596002027","Block 2027, Block Group 2, Census Tract 9596, Orange County, Vermont","10","7","3"
"1000000US500179596002028","Block 2028, Block Group 2, Census Tract 9596, Orange County, Vermont","26","23","3"
"1000000US500179596002029","Block 2029, Block Group 2, Census Tract 9596, Orange County, Vermont","118","95","23"
"1000000US500179596002030","Block 2030, Block Group 2, Census Tract 9596, Orange County, Vermont","9","6","3"
"1000000US500179596002031","Block 2031, Block Group 2, Census Tract 9596, Orange County, Vermont","0","0","0"
"1000000US500179596002032","Block 2032, Block Group 2, Census Tract 9596, Orange County, Vermont","0","0","0"
"1000000US500179596002033","Block 2033, Block Group 2, Census Tract 9596, Orange County, Vermont","0","0","0"
"1000000US500179596002034","Block 2034, Block Group 2, Census Tract 9596, Orange County, Vermont","0","0","0"
"1000000US500179596002035","Block 2035, Block Group 2, Census Tract 9596, Orange County, Vermont","2","1","1"
"1000000US500179596002036","Block 2036, Block Group 2, Census Tract 9596, Orange County, Vermont","4","4","0"
"1000000US500179596002037","Block 2037, Block Group 2, Census Tract 9596, Orange County, Vermont","45","34","11"
"1000000US500179596002038","Block 2038, Block Group 2, Census Tract 9596, Orange County, Vermont","9","0","9"
"1000000US500179596002039","Block 2039, Block Group 2, Census Tract 9596, Orange County, Vermont","0","0","0"
"1000000US500179596002040","Block 2040, Block Group 2, Census Tract 9596, Orange County, Vermont","9","8","1"
"1000000US500179596002041","Block 2041, Block Group 2, Census Tract 9596, Orange County, Vermont","2","2","0"
"1000000US500179596002042","Block 2042, Block Group 2, Census Tract 9596, Orange County, Vermont","18","15","3"
"1000000US500179596002043","Block 2043, Block Group 2, Census Tract 9596, Orange County, Vermont","0","0","0"
"1000000US500179596002044","Block 2044, Block Group 2, Census Tract 9596, Orange County, Vermont","0","0","0"
"1000000US500179596002045","Block 2045, Block Group 2, Census Tract 9596, Orange County, Vermont","0","0","0"
"1000000US500179596002046","Block 2046, Block Group 2, Census Tract 9596, Orange County, Vermont","0","0","0"
"1000000US500179596002047","Block 2047, Block Group 2, Census Tract 9596, Orange County, Vermont","0","0","0"
"1000000US500179596002048","Block 2048, Block Group 2, Census Tract 9596, Orange County, Vermont","9","7","2"
"1000000US500179596002049","Block 2049, Block Group 2, Census Tract 9596, Orange County, Vermont","8","8","0"
"1000000US500179596002050","Block 2050, Block Group 2, Census Tract 9596, Orange County, Vermont","8","6","2"
"1000000US500179596002051","Block 2051, Block Group 2, Census Tract 9596, Orange County, Vermont","10","8","2"
"1000000US500179596002052","Block 2052, Block Group 2, Census Tract 9596, Orange County, Vermont","61","54","7"
"1000000US500179596002053","Block 2053, Block Group 2, Census Tract 9596, Orange County, Vermont","2","2","0"
"1000000US500179596002054","Block 2054, Block Group 2, Census Tract 9596, Orange County, Vermont","2","2","0"
"1000000US500179596002055","Block 2055, Block Group 2, Census Tract 9596, Orange County, Vermont","6","5","1"
"1000000US500179596002056","Block 2056, Block Group 2, Census Tract 9596, Orange County, Vermont","0","0","0"
"1000000US500179596002057","Block 2057, Block Group 2, Census Tract 9596, Orange County, Vermont","0","0","0"
"1000000US500179596002058","Block 2058, Block Group 2, Census Tract 9596, Orange County, Vermont","0","0","0"
"1000000US500179596002059","Block 2059, Block Group 2, Census Tract 9596, Orange County, Vermont","0","0","0"
"1000000US500179596002060","Block 2060, Block Group 2, Census Tract 9596, Orange County, Vermont","0","0","0"
"1000000US500179596002061","Block 2061, Block Group 2, Census Tract 9596, Orange County, Vermont","0","0","0"
"1000000US500179596002062","Block 2062, Block Group 2, Census Tract 9596, Orange County, Vermont","0","0","0"
"1000000US500179596002063","Block 2063, Block Group 2, Census Tract 9596, Orange County, Vermont","0","0","0"
"1000000US500179596002064","Block 2064, Block Group 2, Census Tract 9596, Orange County, Vermont","42","32","10"
"1000000US500179596002065","Block 2065, Block Group 2, Census Tract 9596, Orange County, Vermont","0","0","0"
"1000000US500179596002066","Block 2066, Block Group 2, Census Tract 9596, Orange County, Vermont","3","2","1"
"1000000US500179596002067","Block 2067, Block Group 2, Census Tract 9596, Orange County, Vermont","46","40","6"
"1000000US500179596002068","Block 2068, Block Group 2, Census Tract 9596, Orange County, Vermont","0","0","0"
"1000000US500179596002069","Block 2069, Block Group 2, Census Tract 9596, Orange County, Vermont","0","0","0"
"1000000US500179596002070","Block 2070, Block Group 2, Census Tract 9596, Orange County, Vermont","7","6","1"
"1000000US500179596002071","Block 2071, Block Group 2, Census Tract 9596, Orange County, Vermont","0","0","0"
"1000000US500179596002072","Block 2072, Block Group 2, Census Tract 9596, Orange County, Vermont","1","1","0"
"1000000US500179596002073","Block 2073, Block Group 2, Census Tract 9596, Orange County, Vermont","43","41","2"
"1000000US500179596002074","Block 2074, Block Group 2, Census Tract 9596, Orange County, Vermont","0","0","0"
"1000000US500179596002075","Block 2075, Block Group 2, Census Tract 9596, Orange County, Vermont","0","0","0"
"1000000US500179596002076","Block 2076, Block Group 2, Census Tract 9596, Orange County, Vermont","0","0","0"
"1000000US500179596002077","Block 2077, Block Group 2, Census Tract 9596, Orange County, Vermont","3","2","1"
"1000000US500179596002078","Block 2078, Block Group 2, Census Tract 9596, Orange County, Vermont","5","5","0"
"1000000US500179596002079","Block 2079, Block Group 2, Census Tract 9596, Orange County, Vermont","0","0","0"
"1000000US500179596002080","Block 2080, Block Group 2, Census Tract 9596, Orange County, Vermont","9","7","2"
"1000000US500179596002081","Block 2081, Block Group 2, Census Tract 9596, Orange County, Vermont","4","4","0"
"1000000US500179596002082","Block 2082, Block Group 2, Census Tract 9596, Orange County, Vermont","5","4","1"
"1000000US500179596002083","Block 2083, Block Group 2, Census Tract 9596, Orange County, Vermont","0","0","0"
"1000000US500179596002084","Block 2084, Block Group 2, Census Tract 9596, Orange County, Vermont","12","10","2"
"1000000US500179596002085","Block 2085, Block Group 2, Census Tract 9596, Orange County, Vermont","12","10","2"
"1000000US500179596002086","Block 2086, Block Group 2, Census Tract 9596, Orange County, Vermont","0","0","0"
"1000000US500179596002087","Block 2087, Block Group 2, Census Tract 9596, Orange County, Vermont","0","0","0"
"1000000US500179596002088","Block 2088, Block Group 2, Census Tract 9596, Orange County, Vermont","4","4","0"
"1000000US500179596002089","Block 2089, Block Group 2, Census Tract 9596, Orange County, Vermont","1","1","0"
"1000000US500179596002090","Block 2090, Block Group 2, Census Tract 9596, Orange County, Vermont","15","13","2"
"1000000US500179596002091","Block 2091, Block Group 2, Census Tract 9596, Orange County, Vermont","22","22","0"
"1000000US500179596002092","Block 2092, Block Group 2, Census Tract 9596, Orange County, Vermont","1","1","0"
"1000000US500179596002093","Block 2093, Block Group 2, Census Tract 9596, Orange County, Vermont","11","10","1"
"1000000US500179596002094","Block 2094, Block Group 2, Census Tract 9596, Orange County, Vermont","0","0","0"
"1000000US500179596002095","Block 2095, Block Group 2, Census Tract 9596, Orange County, Vermont","9","9","0"
"1000000US500179596002096","Block 2096, Block Group 2, Census Tract 9596, Orange County, Vermont","4","4","0"
"1000000US500179596002097","Block 2097, Block Group 2, Census Tract 9596, Orange County, Vermont","0","0","0"
"1000000US500179596002098","Block 2098, Block Group 2, Census Tract 9596, Orange County, Vermont","0","0","0"
"1000000US500179596002099","Block 2099, Block Group 2, Census Tract 9596, Orange County, Vermont","0","0","0"
"1000000US500179596002100","Block 2100, Block Group 2, Census Tract 9596, Orange County, Vermont","0","0","0"
"1000000US500179596002101","Block 2101, Block Group 2, Census Tract 9596, Orange County, Vermont","1","1","0"
"1000000US500179596002102","Block 2102, Block Group 2, Census Tract 9596, Orange County, Vermont","1","0","1"
"1000000US500179596002103","Block 2103, Block Group 2, Census Tract 9596, Orange County, Vermont","18","17","1"
"1000000US500179596002104","Block 2104, Block Group 2, Census Tract 9596, Orange County, Vermont","0","0","0"
"1000000US500179596002105","Block 2105, Block Group 2, Census Tract 9596, Orange County, Vermont","0","0","0"
"1000000US500179596002106","Block 2106, Block Group 2, Census Tract 9596, Orange County, Vermont","0","0","0"
"1000000US500179596002107","Block 2107, Block Group 2, Census Tract 9596, Orange County, Vermont","1","1","0"
"1000000US500179596002108","Block 2108, Block Group 2, Census Tract 9596, Orange County, Vermont","0","0","0"
"1000000US500179596002109","Block 2109, Block Group 2, Census Tract 9596, Orange County, Vermont","0","0","0"
"1000000US500179596002110","Block 2110, Block Group 2, Census Tract 9596, Orange County, Vermont","0","0","0"
"1000000US500179596002111","Block 2111, Block Group 2, Census Tract 9596, Orange County, Vermont","0","0","0"
"1000000US500179596002112","Block 2112, Block Group 2, Census Tract 9596, Orange County, Vermont","0","0","0"
"1000000US500179597001000","Block 1000, Block Group 1, Census Tract 9597, Orange County, Vermont","5","1","4"
"1000000US500179597001001","Block 1001, Block Group 1, Census Tract 9597, Orange County, Vermont","7","4","3"
"1000000US500179597001002","Block 1002, Block Group 1, Census Tract 9597, Orange County, Vermont","1","1","0"
"1000000US500179597001003","Block 1003, Block Group 1, Census Tract 9597, Orange County, Vermont","13","3","10"
"1000000US500179597001004","Block 1004, Block Group 1, Census Tract 9597, Orange County, Vermont","4","3","1"
"1000000US500179597001005","Block 1005, Block Group 1, Census Tract 9597, Orange County, Vermont","10","2","8"
"1000000US500179597001006","Block 1006, Block Group 1, Census Tract 9597, Orange County, Vermont","0","0","0"
"1000000US500179597001007","Block 1007, Block Group 1, Census Tract 9597, Orange County, Vermont","18","13","5"
"1000000US500179597001008","Block 1008, Block Group 1, Census Tract 9597, Orange County, Vermont","0","0","0"
"1000000US500179597001009","Block 1009, Block Group 1, Census Tract 9597, Orange County, Vermont","0","0","0"
"1000000US500179597001010","Block 1010, Block Group 1, Census Tract 9597, Orange County, Vermont","2","1","1"
"1000000US500179597001011","Block 1011, Block Group 1, Census Tract 9597, Orange County, Vermont","0","0","0"
"1000000US500179597001012","Block 1012, Block Group 1, Census Tract 9597, Orange County, Vermont","16","16","0"
"1000000US500179597001013","Block 1013, Block Group 1, Census Tract 9597, Orange County, Vermont","0","0","0"
"1000000US500179597001014","Block 1014, Block Group 1, Census Tract 9597, Orange County, Vermont","0","0","0"
"1000000US500179597001015","Block 1015, Block Group 1, Census Tract 9597, Orange County, Vermont","5","5","0"
"1000000US500179597001016","Block 1016, Block Group 1, Census Tract 9597, Orange County, Vermont","5","2","3"
"1000000US500179597001017","Block 1017, Block Group 1, Census Tract 9597, Orange County, Vermont","2","2","0"
"1000000US500179597001018","Block 1018, Block Group 1, Census Tract 9597, Orange County, Vermont","16","11","5"
"1000000US500179597001019","Block 1019, Block Group 1, Census Tract 9597, Orange County, Vermont","1","0","1"
"1000000US500179597001020","Block 1020, Block Group 1, Census Tract 9597, Orange County, Vermont","0","0","0"
"1000000US500179597001021","Block 1021, Block Group 1, Census Tract 9597, Orange County, Vermont","0","0","0"
"1000000US500179597001022","Block 1022, Block Group 1, Census Tract 9597, Orange County, Vermont","1","1","0"
"1000000US500179597001023","Block 1023, Block Group 1, Census Tract 9597, Orange County, Vermont","24","14","10"
"1000000US500179597001024","Block 1024, Block Group 1, Census Tract 9597, Orange County, Vermont","5","3","2"
"1000000US500179597001025","Block 1025, Block Group 1, Census Tract 9597, Orange County, Vermont","0","0","0"
"1000000US500179597001026","Block 1026, Block Group 1, Census Tract 9597, Orange County, Vermont","9","8","1"
"1000000US500179597001027","Block 1027, Block Group 1, Census Tract 9597, Orange County, Vermont","2","2","0"
"1000000US500179597001028","Block 1028, Block Group 1, Census Tract 9597, Orange County, Vermont","0","0","0"
"1000000US500179597001029","Block 1029, Block Group 1, Census Tract 9597, Orange County, Vermont","12","12","0"
"1000000US500179597001030","Block 1030, Block Group 1, Census Tract 9597, Orange County, Vermont","1","1","0"
"1000000US500179597001031","Block 1031, Block Group 1, Census Tract 9597, Orange County, Vermont","0","0","0"
"1000000US500179597001032","Block 1032, Block Group 1, Census Tract 9597, Orange County, Vermont","0","0","0"
"1000000US500179597001033","Block 1033, Block Group 1, Census Tract 9597, Orange County, Vermont","0","0","0"
"1000000US500179597001034","Block 1034, Block Group 1, Census Tract 9597, Orange County, Vermont","0","0","0"
"1000000US500179597001035","Block 1035, Block Group 1, Census Tract 9597, Orange County, Vermont","0","0","0"
"1000000US500179597001036","Block 1036, Block Group 1, Census Tract 9597, Orange County, Vermont","0","0","0"
"1000000US500179597001037","Block 1037, Block Group 1, Census Tract 9597, Orange County, Vermont","7","4","3"
"1000000US500179597001038","Block 1038, Block Group 1, Census Tract 9597, Orange County, Vermont","17","13","4"
"1000000US500179597001039","Block 1039, Block Group 1, Census Tract 9597, Orange County, Vermont","10","10","0"
"1000000US500179597001040","Block 1040, Block Group 1, Census Tract 9597, Orange County, Vermont","2","2","0"
"1000000US500179597001041","Block 1041, Block Group 1, Census Tract 9597, Orange County, Vermont","6","6","0"
"1000000US500179597001042","Block 1042, Block Group 1, Census Tract 9597, Orange County, Vermont","0","0","0"
"1000000US500179597001043","Block 1043, Block Group 1, Census Tract 9597, Orange County, Vermont","16","6","10"
"1000000US500179597001044","Block 1044, Block Group 1, Census Tract 9597, Orange County, Vermont","0","0","0"
"1000000US500179597001045","Block 1045, Block Group 1, Census Tract 9597, Orange County, Vermont","0","0","0"
"1000000US500179597001046","Block 1046, Block Group 1, Census Tract 9597, Orange County, Vermont","0","0","0"
"1000000US500179597001047","Block 1047, Block Group 1, Census Tract 9597, Orange County, Vermont","50","44","6"
"1000000US500179597001048","Block 1048, Block Group 1, Census Tract 9597, Orange County, Vermont","6","6","0"
"1000000US500179597001049","Block 1049, Block Group 1, Census Tract 9597, Orange County, Vermont","0","0","0"
"1000000US500179597001050","Block 1050, Block Group 1, Census Tract 9597, Orange County, Vermont","0","0","0"
"1000000US500179597001051","Block 1051, Block Group 1, Census Tract 9597, Orange County, Vermont","1","1","0"
"1000000US500179597001052","Block 1052, Block Group 1, Census Tract 9597, Orange County, Vermont","2","2","0"
"1000000US500179597001053","Block 1053, Block Group 1, Census Tract 9597, Orange County, Vermont","7","5","2"
"1000000US500179597001054","Block 1054, Block Group 1, Census Tract 9597, Orange County, Vermont","14","10","4"
"1000000US500179597001055","Block 1055, Block Group 1, Census Tract 9597, Orange County, Vermont","23","19","4"
"1000000US500179597001056","Block 1056, Block Group 1, Census Tract 9597, Orange County, Vermont","2","2","0"
"1000000US500179597001057","Block 1057, Block Group 1, Census Tract 9597, Orange County, Vermont","38","34","4"
"1000000US500179597001058","Block 1058, Block Group 1, Census Tract 9597, Orange County, Vermont","0","0","0"
"1000000US500179597001059","Block 1059, Block Group 1, Census Tract 9597, Orange County, Vermont","3","2","1"
"1000000US500179597001060","Block 1060, Block Group 1, Census Tract 9597, Orange County, Vermont","0","0","0"
"1000000US500179597001061","Block 1061, Block Group 1, Census Tract 9597, Orange County, Vermont","0","0","0"
"1000000US500179597001062","Block 1062, Block Group 1, Census Tract 9597, Orange County, Vermont","4","3","1"
"1000000US500179597001063","Block 1063, Block Group 1, Census Tract 9597, Orange County, Vermont","1","1","0"
"1000000US500179597001064","Block 1064, Block Group 1, Census Tract 9597, Orange County, Vermont","0","0","0"
"1000000US500179597002000","Block 2000, Block Group 2, Census Tract 9597, Orange County, Vermont","17","7","10"
"1000000US500179597002001","Block 2001, Block Group 2, Census Tract 9597, Orange County, Vermont","4","4","0"
"1000000US500179597002002","Block 2002, Block Group 2, Census Tract 9597, Orange County, Vermont","3","3","0"
"1000000US500179597002003","Block 2003, Block Group 2, Census Tract 9597, Orange County, Vermont","1","1","0"
"1000000US500179597002004","Block 2004, Block Group 2, Census Tract 9597, Orange County, Vermont","42","39","3"
"1000000US500179597002005","Block 2005, Block Group 2, Census Tract 9597, Orange County, Vermont","0","0","0"
"1000000US500179597002006","Block 2006, Block Group 2, Census Tract 9597, Orange County, Vermont","0","0","0"
"1000000US500179597002007","Block 2007, Block Group 2, Census Tract 9597, Orange County, Vermont","0","0","0"
"1000000US500179597002008","Block 2008, Block Group 2, Census Tract 9597, Orange County, Vermont","0","0","0"
"1000000US500179597002009","Block 2009, Block Group 2, Census Tract 9597, Orange County, Vermont","19","18","1"
"1000000US500179597002010","Block 2010, Block Group 2, Census Tract 9597, Orange County, Vermont","0","0","0"
"1000000US500179597002011","Block 2011, Block Group 2, Census Tract 9597, Orange County, Vermont","48","39","9"
"1000000US500179597002012","Block 2012, Block Group 2, Census Tract 9597, Orange County, Vermont","0","0","0"
"1000000US500179597002013","Block 2013, Block Group 2, Census Tract 9597, Orange County, Vermont","0","0","0"
"1000000US500179597002014","Block 2014, Block Group 2, Census Tract 9597, Orange County, Vermont","0","0","0"
"1000000US500179597002015","Block 2015, Block Group 2, Census Tract 9597, Orange County, Vermont","26","12","14"
"1000000US500179597002016","Block 2016, Block Group 2, Census Tract 9597, Orange County, Vermont","0","0","0"
"1000000US500179597002017","Block 2017, Block Group 2, Census Tract 9597, Orange County, Vermont","6","5","1"
"1000000US500179597002018","Block 2018, Block Group 2, Census Tract 9597, Orange County, Vermont","0","0","0"
"1000000US500179597002019","Block 2019, Block Group 2, Census Tract 9597, Orange County, Vermont","13","9","4"
"1000000US500179597002020","Block 2020, Block Group 2, Census Tract 9597, Orange County, Vermont","0","0","0"
"1000000US500179597002021","Block 2021, Block Group 2, Census Tract 9597, Orange County, Vermont","0","0","0"
"1000000US500179597002022","Block 2022, Block Group 2, Census Tract 9597, Orange County, Vermont","1","0","1"
"1000000US500179597002023","Block 2023, Block Group 2, Census Tract 9597, Orange County, Vermont","1","1","0"
"1000000US500179597002024","Block 2024, Block Group 2, Census Tract 9597, Orange County, Vermont","3","0","3"
"1000000US500179597002025","Block 2025, Block Group 2, Census Tract 9597, Orange County, Vermont","0","0","0"
"1000000US500179597002026","Block 2026, Block Group 2, Census Tract 9597, Orange County, Vermont","0","0","0"
"1000000US500179597002027","Block 2027, Block Group 2, Census Tract 9597, Orange County, Vermont","0","0","0"
"1000000US500179597002028","Block 2028, Block Group 2, Census Tract 9597, Orange County, Vermont","137","113","24"
"1000000US500179597002029","Block 2029, Block Group 2, Census Tract 9597, Orange County, Vermont","1","1","0"
"1000000US500179597002030","Block 2030, Block Group 2, Census Tract 9597, Orange County, Vermont","4","4","0"
"1000000US500179597002031","Block 2031, Block Group 2, Census Tract 9597, Orange County, Vermont","0","0","0"
"1000000US500179597002032","Block 2032, Block Group 2, Census Tract 9597, Orange County, Vermont","8","8","0"
"1000000US500179597002033","Block 2033, Block Group 2, Census Tract 9597, Orange County, Vermont","17","15","2"
"1000000US500179597002034","Block 2034, Block Group 2, Census Tract 9597, Orange County, Vermont","3","1","2"
"1000000US500179597002035","Block 2035, Block Group 2, Census Tract 9597, Orange County, Vermont","14","13","1"
"1000000US500179597002036","Block 2036, Block Group 2, Census Tract 9597, Orange County, Vermont","26","3","23"
"1000000US500179597002037","Block 2037, Block Group 2, Census Tract 9597, Orange County, Vermont","10","10","0"
"1000000US500179597002038","Block 2038, Block Group 2, Census Tract 9597, Orange County, Vermont","0","0","0"
"1000000US500179597002039","Block 2039, Block Group 2, Census Tract 9597, Orange County, Vermont","11","5","6"
"1000000US500179597002040","Block 2040, Block Group 2, Census Tract 9597, Orange County, Vermont","0","0","0"
"1000000US500179597002041","Block 2041, Block Group 2, Census Tract 9597, Orange County, Vermont","2","2","0"
"1000000US500179597002042","Block 2042, Block Group 2, Census Tract 9597, Orange County, Vermont","0","0","0"
"1000000US500179597002043","Block 2043, Block Group 2, Census Tract 9597, Orange County, Vermont","0","0","0"
"1000000US500179597002044","Block 2044, Block Group 2, Census Tract 9597, Orange County, Vermont","2","1","1"
"1000000US500179597002045","Block 2045, Block Group 2, Census Tract 9597, Orange County, Vermont","0","0","0"
"1000000US500179597002046","Block 2046, Block Group 2, Census Tract 9597, Orange County, Vermont","0","0","0"
"1000000US500179597002047","Block 2047, Block Group 2, Census Tract 9597, Orange County, Vermont","13","13","0"
"1000000US500179597002048","Block 2048, Block Group 2, Census Tract 9597, Orange County, Vermont","4","2","2"
"1000000US500179597002049","Block 2049, Block Group 2, Census Tract 9597, Orange County, Vermont","8","7","1"
"1000000US500179597002050","Block 2050, Block Group 2, Census Tract 9597, Orange County, Vermont","0","0","0"
"1000000US500179597002051","Block 2051, Block Group 2, Census Tract 9597, Orange County, Vermont","7","7","0"
"1000000US500179597002052","Block 2052, Block Group 2, Census Tract 9597, Orange County, Vermont","0","0","0"
"1000000US500179597002053","Block 2053, Block Group 2, Census Tract 9597, Orange County, Vermont","12","11","1"
"1000000US500179597002054","Block 2054, Block Group 2, Census Tract 9597, Orange County, Vermont","4","4","0"
"1000000US500179597002055","Block 2055, Block Group 2, Census Tract 9597, Orange County, Vermont","0","0","0"
"1000000US500179597002056","Block 2056, Block Group 2, Census Tract 9597, Orange County, Vermont","9","7","2"
"1000000US500179597002057","Block 2057, Block Group 2, Census Tract 9597, Orange County, Vermont","0","0","0"
"1000000US500179597002058","Block 2058, Block Group 2, Census Tract 9597, Orange County, Vermont","3","3","0"
"1000000US500179597002059","Block 2059, Block Group 2, Census Tract 9597, Orange County, Vermont","2","2","0"
"1000000US500179597002060","Block 2060, Block Group 2, Census Tract 9597, Orange County, Vermont","0","0","0"
"1000000US500179597002061","Block 2061, Block Group 2, Census Tract 9597, Orange County, Vermont","23","18","5"
"1000000US500179597002062","Block 2062, Block Group 2, Census Tract 9597, Orange County, Vermont","1","1","0"
"1000000US500179597002063","Block 2063, Block Group 2, Census Tract 9597, Orange County, Vermont","0","0","0"
"1000000US500179597002064","Block 2064, Block Group 2, Census Tract 9597, Orange County, Vermont","0","0","0"
"1000000US500179597002065","Block 2065, Block Group 2, Census Tract 9597, Orange County, Vermont","1","1","0"
"1000000US500179597002066","Block 2066, Block Group 2, Census Tract 9597, Orange County, Vermont","7","6","1"
"1000000US500179597002067","Block 2067, Block Group 2, Census Tract 9597, Orange County, Vermont","0","0","0"
"1000000US500179597002068","Block 2068, Block Group 2, Census Tract 9597, Orange County, Vermont","11","7","4"
"1000000US500179597002069","Block 2069, Block Group 2, Census Tract 9597, Orange County, Vermont","0","0","0"
"1000000US500179597002070","Block 2070, Block Group 2, Census Tract 9597, Orange County, Vermont","0","0","0"
"1000000US500179597002071","Block 2071, Block Group 2, Census Tract 9597, Orange County, Vermont","8","3","5"
"1000000US500179597002072","Block 2072, Block Group 2, Census Tract 9597, Orange County, Vermont","3","0","3"
"1000000US500179597002073","Block 2073, Block Group 2, Census Tract 9597, Orange County, Vermont","0","0","0"
"1000000US500179597002074","Block 2074, Block Group 2, Census Tract 9597, Orange County, Vermont","0","0","0"
"1000000US500179597002075","Block 2075, Block Group 2, Census Tract 9597, Orange County, Vermont","1","1","0"
"1000000US500179597002076","Block 2076, Block Group 2, Census Tract 9597, Orange County, Vermont","1","1","0"
"1000000US500179597002077","Block 2077, Block Group 2, Census Tract 9597, Orange County, Vermont","0","0","0"
"1000000US500179597002078","Block 2078, Block Group 2, Census Tract 9597, Orange County, Vermont","0","0","0"
"1000000US500179597002079","Block 2079, Block Group 2, Census Tract 9597, Orange County, Vermont","0","0","0"
"1000000US500179597002080","Block 2080, Block Group 2, Census Tract 9597, Orange County, Vermont","0","0","0"
"1000000US500179597002081","Block 2081, Block Group 2, Census Tract 9597, Orange County, Vermont","0","0","0"
"1000000US500179597002082","Block 2082, Block Group 2, Census Tract 9597, Orange County, Vermont","0","0","0"
"1000000US500179597002083","Block 2083, Block Group 2, Census Tract 9597, Orange County, Vermont","0","0","0"
"1000000US500179597002084","Block 2084, Block Group 2, Census Tract 9597, Orange County, Vermont","8","3","5"
"1000000US500179597002085","Block 2085, Block Group 2, Census Tract 9597, Orange County, Vermont","0","0","0"
"1000000US500179597002086","Block 2086, Block Group 2, Census Tract 9597, Orange County, Vermont","0","0","0"
"1000000US500179597002087","Block 2087, Block Group 2, Census Tract 9597, Orange County, Vermont","0","0","0"
"1000000US500179597002088","Block 2088, Block Group 2, Census Tract 9597, Orange County, Vermont","55","8","47"
"1000000US500179597002089","Block 2089, Block Group 2, Census Tract 9597, Orange County, Vermont","0","0","0"
"1000000US500179597002090","Block 2090, Block Group 2, Census Tract 9597, Orange County, Vermont","0","0","0"
"1000000US500179597002091","Block 2091, Block Group 2, Census Tract 9597, Orange County, Vermont","0","0","0"
"1000000US500179597002092","Block 2092, Block Group 2, Census Tract 9597, Orange County, Vermont","0","0","0"
"1000000US500179597002093","Block 2093, Block Group 2, Census Tract 9597, Orange County, Vermont","0","0","0"
"1000000US500179597002094","Block 2094, Block Group 2, Census Tract 9597, Orange County, Vermont","0","0","0"
"1000000US500179597002095","Block 2095, Block Group 2, Census Tract 9597, Orange County, Vermont","0","0","0"
"1000000US500179597002096","Block 2096, Block Group 2, Census Tract 9597, Orange County, Vermont","16","3","13"
"1000000US500179597002097","Block 2097, Block Group 2, Census Tract 9597, Orange County, Vermont","0","0","0"
"1000000US500179597002098","Block 2098, Block Group 2, Census Tract 9597, Orange County, Vermont","3","1","2"
"1000000US500179597002099","Block 2099, Block Group 2, Census Tract 9597, Orange County, Vermont","6","6","0"
"1000000US500179597002100","Block 2100, Block Group 2, Census Tract 9597, Orange County, Vermont","0","0","0"
"1000000US500179598001000","Block 1000, Block Group 1, Census Tract 9598, Orange County, Vermont","0","0","0"
"1000000US500179598001001","Block 1001, Block Group 1, Census Tract 9598, Orange County, Vermont","0","0","0"
"1000000US500179598001002","Block 1002, Block Group 1, Census Tract 9598, Orange County, Vermont","0","0","0"
"1000000US500179598001003","Block 1003, Block Group 1, Census Tract 9598, Orange County, Vermont","0","0","0"
"1000000US500179598001004","Block 1004, Block Group 1, Census Tract 9598, Orange County, Vermont","0","0","0"
"1000000US500179598001005","Block 1005, Block Group 1, Census Tract 9598, Orange County, Vermont","9","7","2"
"1000000US500179598001006","Block 1006, Block Group 1, Census Tract 9598, Orange County, Vermont","0","0","0"
"1000000US500179598001007","Block 1007, Block Group 1, Census Tract 9598, Orange County, Vermont","0","0","0"
"1000000US500179598001008","Block 1008, Block Group 1, Census Tract 9598, Orange County, Vermont","0","0","0"
"1000000US500179598001009","Block 1009, Block Group 1, Census Tract 9598, Orange County, Vermont","0","0","0"
"1000000US500179598001010","Block 1010, Block Group 1, Census Tract 9598, Orange County, Vermont","61","58","3"
"1000000US500179598001011","Block 1011, Block Group 1, Census Tract 9598, Orange County, Vermont","0","0","0"
"1000000US500179598001012","Block 1012, Block Group 1, Census Tract 9598, Orange County, Vermont","0","0","0"
"1000000US500179598001013","Block 1013, Block Group 1, Census Tract 9598, Orange County, Vermont","5","5","0"
"1000000US500179598001014","Block 1014, Block Group 1, Census Tract 9598, Orange County, Vermont","0","0","0"
"1000000US500179598001015","Block 1015, Block Group 1, Census Tract 9598, Orange County, Vermont","38","36","2"
"1000000US500179598001016","Block 1016, Block Group 1, Census Tract 9598, Orange County, Vermont","13","9","4"
"1000000US500179598001017","Block 1017, Block Group 1, Census Tract 9598, Orange County, Vermont","61","56","5"
"1000000US500179598001018","Block 1018, Block Group 1, Census Tract 9598, Orange County, Vermont","60","54","6"
"1000000US500179598001019","Block 1019, Block Group 1, Census Tract 9598, Orange County, Vermont","38","34","4"
"1000000US500179598001020","Block 1020, Block Group 1, Census Tract 9598, Orange County, Vermont","0","0","0"
"1000000US500179598001021","Block 1021, Block Group 1, Census Tract 9598, Orange County, Vermont","0","0","0"
"1000000US500179598001022","Block 1022, Block Group 1, Census Tract 9598, Orange County, Vermont","0","0","0"
"1000000US500179598001023","Block 1023, Block Group 1, Census Tract 9598, Orange County, Vermont","15","14","1"
"1000000US500179598001024","Block 1024, Block Group 1, Census Tract 9598, Orange County, Vermont","39","37","2"
"1000000US500179598001025","Block 1025, Block Group 1, Census Tract 9598, Orange County, Vermont","52","49","3"
"1000000US500179598001026","Block 1026, Block Group 1, Census Tract 9598, Orange County, Vermont","9","6","3"
"1000000US500179598001027","Block 1027, Block Group 1, Census Tract 9598, Orange County, Vermont","6","4","2"
"1000000US500179598001028","Block 1028, Block Group 1, Census Tract 9598, Orange County, Vermont","7","6","1"
"1000000US500179598001029","Block 1029, Block Group 1, Census Tract 9598, Orange County, Vermont","20","16","4"
"1000000US500179598001030","Block 1030, Block Group 1, Census Tract 9598, Orange County, Vermont","0","0","0"
"1000000US500179598001031","Block 1031, Block Group 1, Census Tract 9598, Orange County, Vermont","0","0","0"
"1000000US500179598001032","Block 1032, Block Group 1, Census Tract 9598, Orange County, Vermont","0","0","0"
"1000000US500179598001033","Block 1033, Block Group 1, Census Tract 9598, Orange County, Vermont","6","6","0"
"1000000US500179598001034","Block 1034, Block Group 1, Census Tract 9598, Orange County, Vermont","9","7","2"
"1000000US500179598001035","Block 1035, Block Group 1, Census Tract 9598, Orange County, Vermont","13","12","1"
"1000000US500179598001036","Block 1036, Block Group 1, Census Tract 9598, Orange County, Vermont","0","0","0"
"1000000US500179598001037","Block 1037, Block Group 1, Census Tract 9598, Orange County, Vermont","0","0","0"
"1000000US500179598001038","Block 1038, Block Group 1, Census Tract 9598, Orange County, Vermont","0","0","0"
"1000000US500179598001039","Block 1039, Block Group 1, Census Tract 9598, Orange County, Vermont","0","0","0"
"1000000US500179598001040","Block 1040, Block Group 1, Census Tract 9598, Orange County, Vermont","36","29","7"
"1000000US500179598001041","Block 1041, Block Group 1, Census Tract 9598, Orange County, Vermont","0","0","0"
"1000000US500179598001042","Block 1042, Block Group 1, Census Tract 9598, Orange County, Vermont","0","0","0"
"1000000US500179598001043","Block 1043, Block Group 1, Census Tract 9598, Orange County, Vermont","0","0","0"
"1000000US500179598001044","Block 1044, Block Group 1, Census Tract 9598, Orange County, Vermont","3","0","3"
"1000000US500179598001045","Block 1045, Block Group 1, Census Tract 9598, Orange County, Vermont","0","0","0"
"1000000US500179598001046","Block 1046, Block Group 1, Census Tract 9598, Orange County, Vermont","0","0","0"
"1000000US500179598001047","Block 1047, Block Group 1, Census Tract 9598, Orange County, Vermont","0","0","0"
"1000000US500179598001048","Block 1048, Block Group 1, Census Tract 9598, Orange County, Vermont","0","0","0"
"1000000US500179598001049","Block 1049, Block Group 1, Census Tract 9598, Orange County, Vermont","0","0","0"
"1000000US500179598001050","Block 1050, Block Group 1, Census Tract 9598, Orange County, Vermont","0","0","0"
"1000000US500179598001051","Block 1051, Block Group 1, Census Tract 9598, Orange County, Vermont","35","34","1"
"1000000US500179598001052","Block 1052, Block Group 1, Census Tract 9598, Orange County, Vermont","0","0","0"
"1000000US500179598001053","Block 1053, Block Group 1, Census Tract 9598, Orange County, Vermont","0","0","0"
"1000000US500179598001054","Block 1054, Block Group 1, Census Tract 9598, Orange County, Vermont","0","0","0"
"1000000US500179598001055","Block 1055, Block Group 1, Census Tract 9598, Orange County, Vermont","0","0","0"
"1000000US500179598001056","Block 1056, Block Group 1, Census Tract 9598, Orange County, Vermont","0","0","0"
"1000000US500179598001057","Block 1057, Block Group 1, Census Tract 9598, Orange County, Vermont","0","0","0"
"1000000US500179598001058","Block 1058, Block Group 1, Census Tract 9598, Orange County, Vermont","24","21","3"
"1000000US500179598001059","Block 1059, Block Group 1, Census Tract 9598, Orange County, Vermont","14","13","1"
"1000000US500179598001060","Block 1060, Block Group 1, Census Tract 9598, Orange County, Vermont","0","0","0"
"1000000US500179598001061","Block 1061, Block Group 1, Census Tract 9598, Orange County, Vermont","0","0","0"
"1000000US500179598002000","Block 2000, Block Group 2, Census Tract 9598, Orange County, Vermont","0","0","0"
"1000000US500179598002001","Block 2001, Block Group 2, Census Tract 9598, Orange County, Vermont","0","0","0"
"1000000US500179598002002","Block 2002, Block Group 2, Census Tract 9598, Orange County, Vermont","4","3","1"
"1000000US500179598002003","Block 2003, Block Group 2, Census Tract 9598, Orange County, Vermont","1","1","0"
"1000000US500179598002004","Block 2004, Block Group 2, Census Tract 9598, Orange County, Vermont","7","6","1"
"1000000US500179598002005","Block 2005, Block Group 2, Census Tract 9598, Orange County, Vermont","0","0","0"
"1000000US500179598002006","Block 2006, Block Group 2, Census Tract 9598, Orange County, Vermont","31","23","8"
"1000000US500179598002007","Block 2007, Block Group 2, Census Tract 9598, Orange County, Vermont","0","0","0"
"1000000US500179598002008","Block 2008, Block Group 2, Census Tract 9598, Orange County, Vermont","0","0","0"
"1000000US500179598002009","Block 2009, Block Group 2, Census Tract 9598, Orange County, Vermont","3","2","1"
"1000000US500179598002010","Block 2010, Block Group 2, Census Tract 9598, Orange County, Vermont","36","30","6"
"1000000US500179598002011","Block 2011, Block Group 2, Census Tract 9598, Orange County, Vermont","6","3","3"
"1000000US500179598002012","Block 2012, Block Group 2, Census Tract 9598, Orange County, Vermont","0","0","0"
"1000000US500179598002013","Block 2013, Block Group 2, Census Tract 9598, Orange County, Vermont","0","0","0"
"1000000US500179598002014","Block 2014, Block Group 2, Census Tract 9598, Orange County, Vermont","1","0","1"
"1000000US500179598002015","Block 2015, Block Group 2, Census Tract 9598, Orange County, Vermont","11","8","3"
"1000000US500179598002016","Block 2016, Block Group 2, Census Tract 9598, Orange County, Vermont","2","1","1"
"1000000US500179598002017","Block 2017, Block Group 2, Census Tract 9598, Orange County, Vermont","40","32","8"
"1000000US500179598002018","Block 2018, Block Group 2, Census Tract 9598, Orange County, Vermont","16","13","3"
"1000000US500179598002019","Block 2019, Block Group 2, Census Tract 9598, Orange County, Vermont","2","1","1"
"1000000US500179598002020","Block 2020, Block Group 2, Census Tract 9598, Orange County, Vermont","14","14","0"
"1000000US500179598002021","Block 2021, Block Group 2, Census Tract 9598, Orange County, Vermont","66","59","7"
"1000000US500179598002022","Block 2022, Block Group 2, Census Tract 9598, Orange County, Vermont","43","38","5"
"1000000US500179598002023","Block 2023, Block Group 2, Census Tract 9598, Orange County, Vermont","10","10","0"
"1000000US500179598002024","Block 2024, Block Group 2, Census Tract 9598, Orange County, Vermont","0","0","0"
"1000000US500179598002025","Block 2025, Block Group 2, Census Tract 9598, Orange County, Vermont","0","0","0"
"1000000US500179598002026","Block 2026, Block Group 2, Census Tract 9598, Orange County, Vermont","0","0","0"
"1000000US500179598002027","Block 2027, Block Group 2, Census Tract 9598, Orange County, Vermont","0","0","0"
"1000000US500179598002028","Block 2028, Block Group 2, Census Tract 9598, Orange County, Vermont","0","0","0"
"1000000US500179598002029","Block 2029, Block Group 2, Census Tract 9598, Orange County, Vermont","6","6","0"
"1000000US500179598002030","Block 2030, Block Group 2, Census Tract 9598, Orange County, Vermont","0","0","0"
"1000000US500179598002031","Block 2031, Block Group 2, Census Tract 9598, Orange County, Vermont","0","0","0"
"1000000US500179598002032","Block 2032, Block Group 2, Census Tract 9598, Orange County, Vermont","9","6","3"
"1000000US500179598002033","Block 2033, Block Group 2, Census Tract 9598, Orange County, Vermont","0","0","0"
"1000000US500179598002034","Block 2034, Block Group 2, Census Tract 9598, Orange County, Vermont","0","0","0"
"1000000US500179598002035","Block 2035, Block Group 2, Census Tract 9598, Orange County, Vermont","0","0","0"
"1000000US500179598002036","Block 2036, Block Group 2, Census Tract 9598, Orange County, Vermont","1","1","0"
"1000000US500179598002037","Block 2037, Block Group 2, Census Tract 9598, Orange County, Vermont","0","0","0"
"1000000US500179598002038","Block 2038, Block Group 2, Census Tract 9598, Orange County, Vermont","0","0","0"
"1000000US500179598002039","Block 2039, Block Group 2, Census Tract 9598, Orange County, Vermont","0","0","0"
"1000000US500179598002040","Block 2040, Block Group 2, Census Tract 9598, Orange County, Vermont","0","0","0"
"1000000US500179598002041","Block 2041, Block Group 2, Census Tract 9598, Orange County, Vermont","0","0","0"
"1000000US500179598002042","Block 2042, Block Group 2, Census Tract 9598, Orange County, Vermont","0","0","0"
"1000000US500179598002043","Block 2043, Block Group 2, Census Tract 9598, Orange County, Vermont","0","0","0"
"1000000US500179598002044","Block 2044, Block Group 2, Census Tract 9598, Orange County, Vermont","4","3","1"
"1000000US500179598002045","Block 2045, Block Group 2, Census Tract 9598, Orange County, Vermont","7","6","1"
"1000000US500179598002046","Block 2046, Block Group 2, Census Tract 9598, Orange County, Vermont","74","68","6"
"1000000US500179598002047","Block 2047, Block Group 2, Census Tract 9598, Orange County, Vermont","29","21","8"
"1000000US500179598002048","Block 2048, Block Group 2, Census Tract 9598, Orange County, Vermont","3","2","1"
"1000000US500179598002049","Block 2049, Block Group 2, Census Tract 9598, Orange County, Vermont","7","4","3"
"1000000US500179598002050","Block 2050, Block Group 2, Census Tract 9598, Orange County, Vermont","3","3","0"
"1000000US500179598002051","Block 2051, Block Group 2, Census Tract 9598, Orange County, Vermont","2","2","0"
"1000000US500179598002052","Block 2052, Block Group 2, Census Tract 9598, Orange County, Vermont","12","11","1"
"1000000US500179598002053","Block 2053, Block Group 2, Census Tract 9598, Orange County, Vermont","18","15","3"
"1000000US500179598002054","Block 2054, Block Group 2, Census Tract 9598, Orange County, Vermont","0","0","0"
"1000000US500179598002055","Block 2055, Block Group 2, Census Tract 9598, Orange County, Vermont","16","10","6"
"1000000US500179598002056","Block 2056, Block Group 2, Census Tract 9598, Orange County, Vermont","0","0","0"
"1000000US500179598002057","Block 2057, Block Group 2, Census Tract 9598, Orange County, Vermont","28","19","9"
"1000000US500179598002058","Block 2058, Block Group 2, Census Tract 9598, Orange County, Vermont","1","1","0"
"1000000US500179598002059","Block 2059, Block Group 2, Census Tract 9598, Orange County, Vermont","22","17","5"
"1000000US500179598002060","Block 2060, Block Group 2, Census Tract 9598, Orange County, Vermont","0","0","0"
"1000000US500179598002061","Block 2061, Block Group 2, Census Tract 9598, Orange County, Vermont","0","0","0"
"1000000US500179598002062","Block 2062, Block Group 2, Census Tract 9598, Orange County, Vermont","0","0","0"
"1000000US500179598002063","Block 2063, Block Group 2, Census Tract 9598, Orange County, Vermont","7","7","0"
"1000000US500179598002064","Block 2064, Block Group 2, Census Tract 9598, Orange County, Vermont","1","1","0"
"1000000US500179598002065","Block 2065, Block Group 2, Census Tract 9598, Orange County, Vermont","6","5","1"
"1000000US500179598002066","Block 2066, Block Group 2, Census Tract 9598, Orange County, Vermont","0","0","0"
"1000000US500179598002067","Block 2067, Block Group 2, Census Tract 9598, Orange County, Vermont","3","2","1"
"1000000US500179598002068","Block 2068, Block Group 2, Census Tract 9598, Orange County, Vermont","3","2","1"
"1000000US500179598002069","Block 2069, Block Group 2, Census Tract 9598, Orange County, Vermont","32","30","2"
"1000000US500179598002070","Block 2070, Block Group 2, Census Tract 9598, Orange County, Vermont","10","9","1"
"1000000US500179598002071","Block 2071, Block Group 2, Census Tract 9598, Orange County, Vermont","0","0","0"
"1000000US500179598002072","Block 2072, Block Group 2, Census Tract 9598, Orange County, Vermont","0","0","0"
"1000000US500179598002073","Block 2073, Block Group 2, Census Tract 9598, Orange County, Vermont","0","0","0"
"1000000US500179598002074","Block 2074, Block Group 2, Census Tract 9598, Orange County, Vermont","0","0","0"
"1000000US500179598002075","Block 2075, Block Group 2, Census Tract 9598, Orange County, Vermont","0","0","0"
"1000000US500179598002076","Block 2076, Block Group 2, Census Tract 9598, Orange County, Vermont","0","0","0"
"1000000US500179598002077","Block 2077, Block Group 2, Census Tract 9598, Orange County, Vermont","7","7","0"
"1000000US500179598002078","Block 2078, Block Group 2, Census Tract 9598, Orange County, Vermont","0","0","0"
"1000000US500179598002079","Block 2079, Block Group 2, Census Tract 9598, Orange County, Vermont","19","17","2"
"1000000US500179598002080","Block 2080, Block Group 2, Census Tract 9598, Orange County, Vermont","21","20","1"
"1000000US500179598002081","Block 2081, Block Group 2, Census Tract 9598, Orange County, Vermont","0","0","0"
"1000000US500179598002082","Block 2082, Block Group 2, Census Tract 9598, Orange County, Vermont","0","0","0"
"1000000US500179598002083","Block 2083, Block Group 2, Census Tract 9598, Orange County, Vermont","0","0","0"
"1000000US500179598002084","Block 2084, Block Group 2, Census Tract 9598, Orange County, Vermont","0","0","0"
"1000000US500179598002085","Block 2085, Block Group 2, Census Tract 9598, Orange County, Vermont","0","0","0"
"1000000US500179598002086","Block 2086, Block Group 2, Census Tract 9598, Orange County, Vermont","28","24","4"
"1000000US500179598002087","Block 2087, Block Group 2, Census Tract 9598, Orange County, Vermont","0","0","0"
"1000000US500179598002088","Block 2088, Block Group 2, Census Tract 9598, Orange County, Vermont","0","0","0"
"1000000US500179598002089","Block 2089, Block Group 2, Census Tract 9598, Orange County, Vermont","0","0","0"
"1000000US500179598002090","Block 2090, Block Group 2, Census Tract 9598, Orange County, Vermont","3","2","1"
"1000000US500179598002091","Block 2091, Block Group 2, Census Tract 9598, Orange County, Vermont","1","1","0"
"1000000US500179598002092","Block 2092, Block Group 2, Census Tract 9598, Orange County, Vermont","7","6","1"
"1000000US500179598002093","Block 2093, Block Group 2, Census Tract 9598, Orange County, Vermont","0","0","0"
"1000000US500179598002094","Block 2094, Block Group 2, Census Tract 9598, Orange County, Vermont","2","1","1"
"1000000US500179598002095","Block 2095, Block Group 2, Census Tract 9598, Orange County, Vermont","0","0","0"
"1000000US500179598002096","Block 2096, Block Group 2, Census Tract 9598, Orange County, Vermont","1","1","0"
"1000000US500179598002097","Block 2097, Block Group 2, Census Tract 9598, Orange County, Vermont","0","0","0"
"1000000US500179598002098","Block 2098, Block Group 2, Census Tract 9598, Orange County, Vermont","2","2","0"
"1000000US500179598002099","Block 2099, Block Group 2, Census Tract 9598, Orange County, Vermont","2","1","1"
"1000000US500179598002100","Block 2100, Block Group 2, Census Tract 9598, Orange County, Vermont","3","1","2"
"1000000US500179598002101","Block 2101, Block Group 2, Census Tract 9598, Orange County, Vermont","2","2","0"
"1000000US500179598002102","Block 2102, Block Group 2, Census Tract 9598, Orange County, Vermont","0","0","0"
"1000000US500179598002103","Block 2103, Block Group 2, Census Tract 9598, Orange County, Vermont","9","7","2"
"1000000US500179598002104","Block 2104, Block Group 2, Census Tract 9598, Orange County, Vermont","0","0","0"
"1000000US500179598002105","Block 2105, Block Group 2, Census Tract 9598, Orange County, Vermont","1","1","0"
"1000000US500179598002106","Block 2106, Block Group 2, Census Tract 9598, Orange County, Vermont","2","2","0"
"1000000US500179598002107","Block 2107, Block Group 2, Census Tract 9598, Orange County, Vermont","1","1","0"
"1000000US500199511001000","Block 1000, Block Group 1, Census Tract 9511, Orleans County, Vermont","72","25","47"
"1000000US500199511001001","Block 1001, Block Group 1, Census Tract 9511, Orleans County, Vermont","2","0","2"
"1000000US500199511001002","Block 1002, Block Group 1, Census Tract 9511, Orleans County, Vermont","1","1","0"
"1000000US500199511001003","Block 1003, Block Group 1, Census Tract 9511, Orleans County, Vermont","4","0","4"
"1000000US500199511001004","Block 1004, Block Group 1, Census Tract 9511, Orleans County, Vermont","0","0","0"
"1000000US500199511001005","Block 1005, Block Group 1, Census Tract 9511, Orleans County, Vermont","0","0","0"
"1000000US500199511001006","Block 1006, Block Group 1, Census Tract 9511, Orleans County, Vermont","0","0","0"
"1000000US500199511001007","Block 1007, Block Group 1, Census Tract 9511, Orleans County, Vermont","6","2","4"
"1000000US500199511001008","Block 1008, Block Group 1, Census Tract 9511, Orleans County, Vermont","0","0","0"
"1000000US500199511001009","Block 1009, Block Group 1, Census Tract 9511, Orleans County, Vermont","0","0","0"
"1000000US500199511001010","Block 1010, Block Group 1, Census Tract 9511, Orleans County, Vermont","0","0","0"
"1000000US500199511001011","Block 1011, Block Group 1, Census Tract 9511, Orleans County, Vermont","0","0","0"
"1000000US500199511001012","Block 1012, Block Group 1, Census Tract 9511, Orleans County, Vermont","0","0","0"
"1000000US500199511001013","Block 1013, Block Group 1, Census Tract 9511, Orleans County, Vermont","0","0","0"
"1000000US500199511001014","Block 1014, Block Group 1, Census Tract 9511, Orleans County, Vermont","29","3","26"
"1000000US500199511001015","Block 1015, Block Group 1, Census Tract 9511, Orleans County, Vermont","5","3","2"
"1000000US500199511001016","Block 1016, Block Group 1, Census Tract 9511, Orleans County, Vermont","1","1","0"
"1000000US500199511001017","Block 1017, Block Group 1, Census Tract 9511, Orleans County, Vermont","21","12","9"
"1000000US500199511001018","Block 1018, Block Group 1, Census Tract 9511, Orleans County, Vermont","23","19","4"
"1000000US500199511001019","Block 1019, Block Group 1, Census Tract 9511, Orleans County, Vermont","8","6","2"
"1000000US500199511001020","Block 1020, Block Group 1, Census Tract 9511, Orleans County, Vermont","14","12","2"
"1000000US500199511001021","Block 1021, Block Group 1, Census Tract 9511, Orleans County, Vermont","3","2","1"
"1000000US500199511001022","Block 1022, Block Group 1, Census Tract 9511, Orleans County, Vermont","13","10","3"
"1000000US500199511001023","Block 1023, Block Group 1, Census Tract 9511, Orleans County, Vermont","12","10","2"
"1000000US500199511001024","Block 1024, Block Group 1, Census Tract 9511, Orleans County, Vermont","18","13","5"
"1000000US500199511001025","Block 1025, Block Group 1, Census Tract 9511, Orleans County, Vermont","2","2","0"
"1000000US500199511001026","Block 1026, Block Group 1, Census Tract 9511, Orleans County, Vermont","2","0","2"
"1000000US500199511001027","Block 1027, Block Group 1, Census Tract 9511, Orleans County, Vermont","7","4","3"
"1000000US500199511001028","Block 1028, Block Group 1, Census Tract 9511, Orleans County, Vermont","15","10","5"
"1000000US500199511001029","Block 1029, Block Group 1, Census Tract 9511, Orleans County, Vermont","12","8","4"
"1000000US500199511001030","Block 1030, Block Group 1, Census Tract 9511, Orleans County, Vermont","24","17","7"
"1000000US500199511001031","Block 1031, Block Group 1, Census Tract 9511, Orleans County, Vermont","0","0","0"
"1000000US500199511001032","Block 1032, Block Group 1, Census Tract 9511, Orleans County, Vermont","0","0","0"
"1000000US500199511001033","Block 1033, Block Group 1, Census Tract 9511, Orleans County, Vermont","29","24","5"
"1000000US500199511001034","Block 1034, Block Group 1, Census Tract 9511, Orleans County, Vermont","0","0","0"
"1000000US500199511001035","Block 1035, Block Group 1, Census Tract 9511, Orleans County, Vermont","2","2","0"
"1000000US500199511001036","Block 1036, Block Group 1, Census Tract 9511, Orleans County, Vermont","0","0","0"
"1000000US500199511001037","Block 1037, Block Group 1, Census Tract 9511, Orleans County, Vermont","19","11","8"
"1000000US500199511001038","Block 1038, Block Group 1, Census Tract 9511, Orleans County, Vermont","1","1","0"
"1000000US500199511001039","Block 1039, Block Group 1, Census Tract 9511, Orleans County, Vermont","0","0","0"
"1000000US500199511001040","Block 1040, Block Group 1, Census Tract 9511, Orleans County, Vermont","32","22","10"
"1000000US500199511001041","Block 1041, Block Group 1, Census Tract 9511, Orleans County, Vermont","5","4","1"
"1000000US500199511001042","Block 1042, Block Group 1, Census Tract 9511, Orleans County, Vermont","11","7","4"
"1000000US500199511001043","Block 1043, Block Group 1, Census Tract 9511, Orleans County, Vermont","3","3","0"
"1000000US500199511001044","Block 1044, Block Group 1, Census Tract 9511, Orleans County, Vermont","23","13","10"
"1000000US500199511001045","Block 1045, Block Group 1, Census Tract 9511, Orleans County, Vermont","0","0","0"
"1000000US500199511001046","Block 1046, Block Group 1, Census Tract 9511, Orleans County, Vermont","166","75","91"
"1000000US500199511001047","Block 1047, Block Group 1, Census Tract 9511, Orleans County, Vermont","6","1","5"
"1000000US500199511001048","Block 1048, Block Group 1, Census Tract 9511, Orleans County, Vermont","0","0","0"
"1000000US500199511001049","Block 1049, Block Group 1, Census Tract 9511, Orleans County, Vermont","25","14","11"
"1000000US500199511001050","Block 1050, Block Group 1, Census Tract 9511, Orleans County, Vermont","32","6","26"
"1000000US500199511001051","Block 1051, Block Group 1, Census Tract 9511, Orleans County, Vermont","1","1","0"
"1000000US500199511001052","Block 1052, Block Group 1, Census Tract 9511, Orleans County, Vermont","2","0","2"
"1000000US500199511001053","Block 1053, Block Group 1, Census Tract 9511, Orleans County, Vermont","1","0","1"
"1000000US500199511001054","Block 1054, Block Group 1, Census Tract 9511, Orleans County, Vermont","0","0","0"
"1000000US500199511001055","Block 1055, Block Group 1, Census Tract 9511, Orleans County, Vermont","6","1","5"
"1000000US500199511001056","Block 1056, Block Group 1, Census Tract 9511, Orleans County, Vermont","5","4","1"
"1000000US500199511001057","Block 1057, Block Group 1, Census Tract 9511, Orleans County, Vermont","0","0","0"
"1000000US500199511001058","Block 1058, Block Group 1, Census Tract 9511, Orleans County, Vermont","1","0","1"
"1000000US500199511001059","Block 1059, Block Group 1, Census Tract 9511, Orleans County, Vermont","42","8","34"
"1000000US500199511001060","Block 1060, Block Group 1, Census Tract 9511, Orleans County, Vermont","1","0","1"
"1000000US500199511001061","Block 1061, Block Group 1, Census Tract 9511, Orleans County, Vermont","1","1","0"
"1000000US500199511001062","Block 1062, Block Group 1, Census Tract 9511, Orleans County, Vermont","0","0","0"
"1000000US500199511001063","Block 1063, Block Group 1, Census Tract 9511, Orleans County, Vermont","55","28","27"
"1000000US500199511001064","Block 1064, Block Group 1, Census Tract 9511, Orleans County, Vermont","2","1","1"
"1000000US500199511001065","Block 1065, Block Group 1, Census Tract 9511, Orleans County, Vermont","0","0","0"
"1000000US500199511001066","Block 1066, Block Group 1, Census Tract 9511, Orleans County, Vermont","1","1","0"
"1000000US500199511001067","Block 1067, Block Group 1, Census Tract 9511, Orleans County, Vermont","5","1","4"
"1000000US500199511001068","Block 1068, Block Group 1, Census Tract 9511, Orleans County, Vermont","1","1","0"
"1000000US500199511001069","Block 1069, Block Group 1, Census Tract 9511, Orleans County, Vermont","15","2","13"
"1000000US500199511001070","Block 1070, Block Group 1, Census Tract 9511, Orleans County, Vermont","0","0","0"
"1000000US500199511001071","Block 1071, Block Group 1, Census Tract 9511, Orleans County, Vermont","1","1","0"
"1000000US500199511001072","Block 1072, Block Group 1, Census Tract 9511, Orleans County, Vermont","0","0","0"
"1000000US500199511001073","Block 1073, Block Group 1, Census Tract 9511, Orleans County, Vermont","9","7","2"
"1000000US500199511001074","Block 1074, Block Group 1, Census Tract 9511, Orleans County, Vermont","0","0","0"
"1000000US500199511001075","Block 1075, Block Group 1, Census Tract 9511, Orleans County, Vermont","4","4","0"
"1000000US500199511001076","Block 1076, Block Group 1, Census Tract 9511, Orleans County, Vermont","3","3","0"
"1000000US500199511001077","Block 1077, Block Group 1, Census Tract 9511, Orleans County, Vermont","0","0","0"
"1000000US500199511001078","Block 1078, Block Group 1, Census Tract 9511, Orleans County, Vermont","9","9","0"
"1000000US500199511001079","Block 1079, Block Group 1, Census Tract 9511, Orleans County, Vermont","4","4","0"
"1000000US500199511001080","Block 1080, Block Group 1, Census Tract 9511, Orleans County, Vermont","2","2","0"
"1000000US500199511001081","Block 1081, Block Group 1, Census Tract 9511, Orleans County, Vermont","8","8","0"
"1000000US500199511001082","Block 1082, Block Group 1, Census Tract 9511, Orleans County, Vermont","3","3","0"
"1000000US500199511001083","Block 1083, Block Group 1, Census Tract 9511, Orleans County, Vermont","0","0","0"
"1000000US500199511001084","Block 1084, Block Group 1, Census Tract 9511, Orleans County, Vermont","0","0","0"
"1000000US500199511001085","Block 1085, Block Group 1, Census Tract 9511, Orleans County, Vermont","10","5","5"
"1000000US500199511001086","Block 1086, Block Group 1, Census Tract 9511, Orleans County, Vermont","1","1","0"
"1000000US500199511001087","Block 1087, Block Group 1, Census Tract 9511, Orleans County, Vermont","0","0","0"
"1000000US500199511001088","Block 1088, Block Group 1, Census Tract 9511, Orleans County, Vermont","0","0","0"
"1000000US500199511001089","Block 1089, Block Group 1, Census Tract 9511, Orleans County, Vermont","6","6","0"
"1000000US500199511001090","Block 1090, Block Group 1, Census Tract 9511, Orleans County, Vermont","2","1","1"
"1000000US500199511001091","Block 1091, Block Group 1, Census Tract 9511, Orleans County, Vermont","23","20","3"
"1000000US500199511001092","Block 1092, Block Group 1, Census Tract 9511, Orleans County, Vermont","0","0","0"
"1000000US500199511001093","Block 1093, Block Group 1, Census Tract 9511, Orleans County, Vermont","1","1","0"
"1000000US500199511001094","Block 1094, Block Group 1, Census Tract 9511, Orleans County, Vermont","1","1","0"
"1000000US500199511001095","Block 1095, Block Group 1, Census Tract 9511, Orleans County, Vermont","6","6","0"
"1000000US500199511001096","Block 1096, Block Group 1, Census Tract 9511, Orleans County, Vermont","8","6","2"
"1000000US500199511001097","Block 1097, Block Group 1, Census Tract 9511, Orleans County, Vermont","0","0","0"
"1000000US500199511001098","Block 1098, Block Group 1, Census Tract 9511, Orleans County, Vermont","0","0","0"
"1000000US500199511001099","Block 1099, Block Group 1, Census Tract 9511, Orleans County, Vermont","14","11","3"
"1000000US500199511001100","Block 1100, Block Group 1, Census Tract 9511, Orleans County, Vermont","107","28","79"
"1000000US500199511001101","Block 1101, Block Group 1, Census Tract 9511, Orleans County, Vermont","1","1","0"
"1000000US500199511001102","Block 1102, Block Group 1, Census Tract 9511, Orleans County, Vermont","46","6","40"
"1000000US500199511001103","Block 1103, Block Group 1, Census Tract 9511, Orleans County, Vermont","1","1","0"
"1000000US500199511001104","Block 1104, Block Group 1, Census Tract 9511, Orleans County, Vermont","14","3","11"
"1000000US500199511001105","Block 1105, Block Group 1, Census Tract 9511, Orleans County, Vermont","0","0","0"
"1000000US500199511001106","Block 1106, Block Group 1, Census Tract 9511, Orleans County, Vermont","1","0","1"
"1000000US500199511001107","Block 1107, Block Group 1, Census Tract 9511, Orleans County, Vermont","6","0","6"
"1000000US500199511001108","Block 1108, Block Group 1, Census Tract 9511, Orleans County, Vermont","0","0","0"
"1000000US500199511001109","Block 1109, Block Group 1, Census Tract 9511, Orleans County, Vermont","0","0","0"
"1000000US500199511001110","Block 1110, Block Group 1, Census Tract 9511, Orleans County, Vermont","0","0","0"
"1000000US500199511001111","Block 1111, Block Group 1, Census Tract 9511, Orleans County, Vermont","18","5","13"
"1000000US500199511001112","Block 1112, Block Group 1, Census Tract 9511, Orleans County, Vermont","0","0","0"
"1000000US500199511001113","Block 1113, Block Group 1, Census Tract 9511, Orleans County, Vermont","0","0","0"
"1000000US500199511001114","Block 1114, Block Group 1, Census Tract 9511, Orleans County, Vermont","3","0","3"
"1000000US500199511001115","Block 1115, Block Group 1, Census Tract 9511, Orleans County, Vermont","2","1","1"
"1000000US500199511001116","Block 1116, Block Group 1, Census Tract 9511, Orleans County, Vermont","0","0","0"
"1000000US500199511001117","Block 1117, Block Group 1, Census Tract 9511, Orleans County, Vermont","2","1","1"
"1000000US500199511001118","Block 1118, Block Group 1, Census Tract 9511, Orleans County, Vermont","12","2","10"
"1000000US500199511001119","Block 1119, Block Group 1, Census Tract 9511, Orleans County, Vermont","0","0","0"
"1000000US500199511001120","Block 1120, Block Group 1, Census Tract 9511, Orleans County, Vermont","7","4","3"
"1000000US500199511001121","Block 1121, Block Group 1, Census Tract 9511, Orleans County, Vermont","24","6","18"
"1000000US500199511001122","Block 1122, Block Group 1, Census Tract 9511, Orleans County, Vermont","30","5","25"
"1000000US500199511001123","Block 1123, Block Group 1, Census Tract 9511, Orleans County, Vermont","0","0","0"
"1000000US500199511001124","Block 1124, Block Group 1, Census Tract 9511, Orleans County, Vermont","12","1","11"
"1000000US500199511001125","Block 1125, Block Group 1, Census Tract 9511, Orleans County, Vermont","0","0","0"
"1000000US500199511001126","Block 1126, Block Group 1, Census Tract 9511, Orleans County, Vermont","0","0","0"
"1000000US500199511001127","Block 1127, Block Group 1, Census Tract 9511, Orleans County, Vermont","2","1","1"
"1000000US500199511001128","Block 1128, Block Group 1, Census Tract 9511, Orleans County, Vermont","0","0","0"
"1000000US500199511001129","Block 1129, Block Group 1, Census Tract 9511, Orleans County, Vermont","0","0","0"
"1000000US500199511001130","Block 1130, Block Group 1, Census Tract 9511, Orleans County, Vermont","1","0","1"
"1000000US500199511001131","Block 1131, Block Group 1, Census Tract 9511, Orleans County, Vermont","1","1","0"
"1000000US500199511001132","Block 1132, Block Group 1, Census Tract 9511, Orleans County, Vermont","0","0","0"
"1000000US500199511001133","Block 1133, Block Group 1, Census Tract 9511, Orleans County, Vermont","0","0","0"
"1000000US500199511001134","Block 1134, Block Group 1, Census Tract 9511, Orleans County, Vermont","1","0","1"
"1000000US500199511001135","Block 1135, Block Group 1, Census Tract 9511, Orleans County, Vermont","2","0","2"
"1000000US500199511001136","Block 1136, Block Group 1, Census Tract 9511, Orleans County, Vermont","0","0","0"
"1000000US500199511001137","Block 1137, Block Group 1, Census Tract 9511, Orleans County, Vermont","0","0","0"
"1000000US500199511001138","Block 1138, Block Group 1, Census Tract 9511, Orleans County, Vermont","6","1","5"
"1000000US500199511001139","Block 1139, Block Group 1, Census Tract 9511, Orleans County, Vermont","0","0","0"
"1000000US500199511001140","Block 1140, Block Group 1, Census Tract 9511, Orleans County, Vermont","2","2","0"
"1000000US500199511001141","Block 1141, Block Group 1, Census Tract 9511, Orleans County, Vermont","20","9","11"
"1000000US500199511001142","Block 1142, Block Group 1, Census Tract 9511, Orleans County, Vermont","1","1","0"
"1000000US500199511001143","Block 1143, Block Group 1, Census Tract 9511, Orleans County, Vermont","0","0","0"
"1000000US500199511001144","Block 1144, Block Group 1, Census Tract 9511, Orleans County, Vermont","8","4","4"
"1000000US500199511001145","Block 1145, Block Group 1, Census Tract 9511, Orleans County, Vermont","0","0","0"
"1000000US500199511001146","Block 1146, Block Group 1, Census Tract 9511, Orleans County, Vermont","7","3","4"
"1000000US500199511001147","Block 1147, Block Group 1, Census Tract 9511, Orleans County, Vermont","0","0","0"
"1000000US500199511001148","Block 1148, Block Group 1, Census Tract 9511, Orleans County, Vermont","3","1","2"
"1000000US500199511001149","Block 1149, Block Group 1, Census Tract 9511, Orleans County, Vermont","0","0","0"
"1000000US500199511002000","Block 2000, Block Group 2, Census Tract 9511, Orleans County, Vermont","11","11","0"
"1000000US500199511002001","Block 2001, Block Group 2, Census Tract 9511, Orleans County, Vermont","0","0","0"
"1000000US500199511002002","Block 2002, Block Group 2, Census Tract 9511, Orleans County, Vermont","7","6","1"
"1000000US500199511002003","Block 2003, Block Group 2, Census Tract 9511, Orleans County, Vermont","82","62","20"
"1000000US500199511002004","Block 2004, Block Group 2, Census Tract 9511, Orleans County, Vermont","0","0","0"
"1000000US500199511002005","Block 2005, Block Group 2, Census Tract 9511, Orleans County, Vermont","9","7","2"
"1000000US500199511002006","Block 2006, Block Group 2, Census Tract 9511, Orleans County, Vermont","0","0","0"
"1000000US500199511002007","Block 2007, Block Group 2, Census Tract 9511, Orleans County, Vermont","0","0","0"
"1000000US500199511002008","Block 2008, Block Group 2, Census Tract 9511, Orleans County, Vermont","14","12","2"
"1000000US500199511002009","Block 2009, Block Group 2, Census Tract 9511, Orleans County, Vermont","0","0","0"
"1000000US500199511002010","Block 2010, Block Group 2, Census Tract 9511, Orleans County, Vermont","23","4","19"
"1000000US500199511002011","Block 2011, Block Group 2, Census Tract 9511, Orleans County, Vermont","0","0","0"
"1000000US500199511002012","Block 2012, Block Group 2, Census Tract 9511, Orleans County, Vermont","12","10","2"
"1000000US500199511002013","Block 2013, Block Group 2, Census Tract 9511, Orleans County, Vermont","0","0","0"
"1000000US500199511002014","Block 2014, Block Group 2, Census Tract 9511, Orleans County, Vermont","7","6","1"
"1000000US500199511002015","Block 2015, Block Group 2, Census Tract 9511, Orleans County, Vermont","96","71","25"
"1000000US500199511002016","Block 2016, Block Group 2, Census Tract 9511, Orleans County, Vermont","13","8","5"
"1000000US500199511002017","Block 2017, Block Group 2, Census Tract 9511, Orleans County, Vermont","0","0","0"
"1000000US500199511002018","Block 2018, Block Group 2, Census Tract 9511, Orleans County, Vermont","6","1","5"
"1000000US500199511002019","Block 2019, Block Group 2, Census Tract 9511, Orleans County, Vermont","15","13","2"
"1000000US500199511002020","Block 2020, Block Group 2, Census Tract 9511, Orleans County, Vermont","0","0","0"
"1000000US500199511002021","Block 2021, Block Group 2, Census Tract 9511, Orleans County, Vermont","4","3","1"
"1000000US500199511002022","Block 2022, Block Group 2, Census Tract 9511, Orleans County, Vermont","0","0","0"
"1000000US500199511002023","Block 2023, Block Group 2, Census Tract 9511, Orleans County, Vermont","0","0","0"
"1000000US500199511002024","Block 2024, Block Group 2, Census Tract 9511, Orleans County, Vermont","6","5","1"
"1000000US500199511002025","Block 2025, Block Group 2, Census Tract 9511, Orleans County, Vermont","34","32","2"
"1000000US500199511002026","Block 2026, Block Group 2, Census Tract 9511, Orleans County, Vermont","19","15","4"
"1000000US500199511002027","Block 2027, Block Group 2, Census Tract 9511, Orleans County, Vermont","1","1","0"
"1000000US500199511002028","Block 2028, Block Group 2, Census Tract 9511, Orleans County, Vermont","0","0","0"
"1000000US500199511002029","Block 2029, Block Group 2, Census Tract 9511, Orleans County, Vermont","3","3","0"
"1000000US500199511002030","Block 2030, Block Group 2, Census Tract 9511, Orleans County, Vermont","0","0","0"
"1000000US500199511002031","Block 2031, Block Group 2, Census Tract 9511, Orleans County, Vermont","0","0","0"
"1000000US500199511002032","Block 2032, Block Group 2, Census Tract 9511, Orleans County, Vermont","0","0","0"
"1000000US500199511002033","Block 2033, Block Group 2, Census Tract 9511, Orleans County, Vermont","0","0","0"
"1000000US500199511002034","Block 2034, Block Group 2, Census Tract 9511, Orleans County, Vermont","0","0","0"
"1000000US500199511002035","Block 2035, Block Group 2, Census Tract 9511, Orleans County, Vermont","0","0","0"
"1000000US500199511002036","Block 2036, Block Group 2, Census Tract 9511, Orleans County, Vermont","0","0","0"
"1000000US500199511002037","Block 2037, Block Group 2, Census Tract 9511, Orleans County, Vermont","5","5","0"
"1000000US500199511002038","Block 2038, Block Group 2, Census Tract 9511, Orleans County, Vermont","4","3","1"
"1000000US500199511002039","Block 2039, Block Group 2, Census Tract 9511, Orleans County, Vermont","0","0","0"
"1000000US500199511002040","Block 2040, Block Group 2, Census Tract 9511, Orleans County, Vermont","18","8","10"
"1000000US500199511002041","Block 2041, Block Group 2, Census Tract 9511, Orleans County, Vermont","0","0","0"
"1000000US500199511002042","Block 2042, Block Group 2, Census Tract 9511, Orleans County, Vermont","15","10","5"
"1000000US500199511002043","Block 2043, Block Group 2, Census Tract 9511, Orleans County, Vermont","37","25","12"
"1000000US500199511002044","Block 2044, Block Group 2, Census Tract 9511, Orleans County, Vermont","1","0","1"
"1000000US500199511002045","Block 2045, Block Group 2, Census Tract 9511, Orleans County, Vermont","5","3","2"
"1000000US500199511002046","Block 2046, Block Group 2, Census Tract 9511, Orleans County, Vermont","0","0","0"
"1000000US500199511002047","Block 2047, Block Group 2, Census Tract 9511, Orleans County, Vermont","0","0","0"
"1000000US500199511002048","Block 2048, Block Group 2, Census Tract 9511, Orleans County, Vermont","0","0","0"
"1000000US500199511002049","Block 2049, Block Group 2, Census Tract 9511, Orleans County, Vermont","0","0","0"
"1000000US500199511002050","Block 2050, Block Group 2, Census Tract 9511, Orleans County, Vermont","8","5","3"
"1000000US500199511002051","Block 2051, Block Group 2, Census Tract 9511, Orleans County, Vermont","46","36","10"
"1000000US500199511002052","Block 2052, Block Group 2, Census Tract 9511, Orleans County, Vermont","0","0","0"
"1000000US500199511002053","Block 2053, Block Group 2, Census Tract 9511, Orleans County, Vermont","0","0","0"
"1000000US500199511002054","Block 2054, Block Group 2, Census Tract 9511, Orleans County, Vermont","0","0","0"
"1000000US500199511002055","Block 2055, Block Group 2, Census Tract 9511, Orleans County, Vermont","1","1","0"
"1000000US500199511002056","Block 2056, Block Group 2, Census Tract 9511, Orleans County, Vermont","0","0","0"
"1000000US500199511002057","Block 2057, Block Group 2, Census Tract 9511, Orleans County, Vermont","3","2","1"
"1000000US500199511002058","Block 2058, Block Group 2, Census Tract 9511, Orleans County, Vermont","0","0","0"
"1000000US500199511002059","Block 2059, Block Group 2, Census Tract 9511, Orleans County, Vermont","0","0","0"
"1000000US500199511002060","Block 2060, Block Group 2, Census Tract 9511, Orleans County, Vermont","1","1","0"
"1000000US500199511002061","Block 2061, Block Group 2, Census Tract 9511, Orleans County, Vermont","7","3","4"
"1000000US500199511002062","Block 2062, Block Group 2, Census Tract 9511, Orleans County, Vermont","29","5","24"
"1000000US500199511002063","Block 2063, Block Group 2, Census Tract 9511, Orleans County, Vermont","5","2","3"
"1000000US500199511002064","Block 2064, Block Group 2, Census Tract 9511, Orleans County, Vermont","14","1","13"
"1000000US500199511002065","Block 2065, Block Group 2, Census Tract 9511, Orleans County, Vermont","0","0","0"
"1000000US500199511002066","Block 2066, Block Group 2, Census Tract 9511, Orleans County, Vermont","0","0","0"
"1000000US500199511002067","Block 2067, Block Group 2, Census Tract 9511, Orleans County, Vermont","0","0","0"
"1000000US500199511002068","Block 2068, Block Group 2, Census Tract 9511, Orleans County, Vermont","0","0","0"
"1000000US500199511002069","Block 2069, Block Group 2, Census Tract 9511, Orleans County, Vermont","5","2","3"
"1000000US500199511002070","Block 2070, Block Group 2, Census Tract 9511, Orleans County, Vermont","17","8","9"
"1000000US500199511002071","Block 2071, Block Group 2, Census Tract 9511, Orleans County, Vermont","0","0","0"
"1000000US500199511002072","Block 2072, Block Group 2, Census Tract 9511, Orleans County, Vermont","14","10","4"
"1000000US500199511002073","Block 2073, Block Group 2, Census Tract 9511, Orleans County, Vermont","2","1","1"
"1000000US500199511002074","Block 2074, Block Group 2, Census Tract 9511, Orleans County, Vermont","2","2","0"
"1000000US500199511002075","Block 2075, Block Group 2, Census Tract 9511, Orleans County, Vermont","0","0","0"
"1000000US500199511002076","Block 2076, Block Group 2, Census Tract 9511, Orleans County, Vermont","0","0","0"
"1000000US500199511002077","Block 2077, Block Group 2, Census Tract 9511, Orleans County, Vermont","0","0","0"
"1000000US500199511002078","Block 2078, Block Group 2, Census Tract 9511, Orleans County, Vermont","1","1","0"
"1000000US500199511002079","Block 2079, Block Group 2, Census Tract 9511, Orleans County, Vermont","0","0","0"
"1000000US500199511002080","Block 2080, Block Group 2, Census Tract 9511, Orleans County, Vermont","0","0","0"
"1000000US500199511002081","Block 2081, Block Group 2, Census Tract 9511, Orleans County, Vermont","0","0","0"
"1000000US500199511002082","Block 2082, Block Group 2, Census Tract 9511, Orleans County, Vermont","1","0","1"
"1000000US500199511002083","Block 2083, Block Group 2, Census Tract 9511, Orleans County, Vermont","7","6","1"
"1000000US500199511002084","Block 2084, Block Group 2, Census Tract 9511, Orleans County, Vermont","1","0","1"
"1000000US500199511002085","Block 2085, Block Group 2, Census Tract 9511, Orleans County, Vermont","1","1","0"
"1000000US500199511002086","Block 2086, Block Group 2, Census Tract 9511, Orleans County, Vermont","28","18","10"
"1000000US500199511002087","Block 2087, Block Group 2, Census Tract 9511, Orleans County, Vermont","1","1","0"
"1000000US500199511002088","Block 2088, Block Group 2, Census Tract 9511, Orleans County, Vermont","0","0","0"
"1000000US500199511002089","Block 2089, Block Group 2, Census Tract 9511, Orleans County, Vermont","12","9","3"
"1000000US500199511002090","Block 2090, Block Group 2, Census Tract 9511, Orleans County, Vermont","3","1","2"
"1000000US500199511002091","Block 2091, Block Group 2, Census Tract 9511, Orleans County, Vermont","1","0","1"
"1000000US500199511002092","Block 2092, Block Group 2, Census Tract 9511, Orleans County, Vermont","1","0","1"
"1000000US500199511002093","Block 2093, Block Group 2, Census Tract 9511, Orleans County, Vermont","0","0","0"
"1000000US500199511002094","Block 2094, Block Group 2, Census Tract 9511, Orleans County, Vermont","10","4","6"
"1000000US500199511002095","Block 2095, Block Group 2, Census Tract 9511, Orleans County, Vermont","3","2","1"
"1000000US500199511002096","Block 2096, Block Group 2, Census Tract 9511, Orleans County, Vermont","1","1","0"
"1000000US500199512001000","Block 1000, Block Group 1, Census Tract 9512, Orleans County, Vermont","0","0","0"
"1000000US500199512001001","Block 1001, Block Group 1, Census Tract 9512, Orleans County, Vermont","8","6","2"
"1000000US500199512001002","Block 1002, Block Group 1, Census Tract 9512, Orleans County, Vermont","6","3","3"
"1000000US500199512001003","Block 1003, Block Group 1, Census Tract 9512, Orleans County, Vermont","11","7","4"
"1000000US500199512001004","Block 1004, Block Group 1, Census Tract 9512, Orleans County, Vermont","6","6","0"
"1000000US500199512001005","Block 1005, Block Group 1, Census Tract 9512, Orleans County, Vermont","0","0","0"
"1000000US500199512001006","Block 1006, Block Group 1, Census Tract 9512, Orleans County, Vermont","125","102","23"
"1000000US500199512001007","Block 1007, Block Group 1, Census Tract 9512, Orleans County, Vermont","24","21","3"
"1000000US500199512001008","Block 1008, Block Group 1, Census Tract 9512, Orleans County, Vermont","2","2","0"
"1000000US500199512001009","Block 1009, Block Group 1, Census Tract 9512, Orleans County, Vermont","0","0","0"
"1000000US500199512001010","Block 1010, Block Group 1, Census Tract 9512, Orleans County, Vermont","0","0","0"
"1000000US500199512001011","Block 1011, Block Group 1, Census Tract 9512, Orleans County, Vermont","5","5","0"
"1000000US500199512001012","Block 1012, Block Group 1, Census Tract 9512, Orleans County, Vermont","10","6","4"
"1000000US500199512001013","Block 1013, Block Group 1, Census Tract 9512, Orleans County, Vermont","13","10","3"
"1000000US500199512001014","Block 1014, Block Group 1, Census Tract 9512, Orleans County, Vermont","13","11","2"
"1000000US500199512001015","Block 1015, Block Group 1, Census Tract 9512, Orleans County, Vermont","0","0","0"
"1000000US500199512001016","Block 1016, Block Group 1, Census Tract 9512, Orleans County, Vermont","0","0","0"
"1000000US500199512001017","Block 1017, Block Group 1, Census Tract 9512, Orleans County, Vermont","0","0","0"
"1000000US500199512001018","Block 1018, Block Group 1, Census Tract 9512, Orleans County, Vermont","0","0","0"
"1000000US500199512001019","Block 1019, Block Group 1, Census Tract 9512, Orleans County, Vermont","0","0","0"
"1000000US500199512001020","Block 1020, Block Group 1, Census Tract 9512, Orleans County, Vermont","0","0","0"
"1000000US500199512001021","Block 1021, Block Group 1, Census Tract 9512, Orleans County, Vermont","4","3","1"
"1000000US500199512001022","Block 1022, Block Group 1, Census Tract 9512, Orleans County, Vermont","10","10","0"
"1000000US500199512001023","Block 1023, Block Group 1, Census Tract 9512, Orleans County, Vermont","0","0","0"
"1000000US500199512001024","Block 1024, Block Group 1, Census Tract 9512, Orleans County, Vermont","9","6","3"
"1000000US500199512001025","Block 1025, Block Group 1, Census Tract 9512, Orleans County, Vermont","8","5","3"
"1000000US500199512001026","Block 1026, Block Group 1, Census Tract 9512, Orleans County, Vermont","0","0","0"
"1000000US500199512001027","Block 1027, Block Group 1, Census Tract 9512, Orleans County, Vermont","0","0","0"
"1000000US500199512001028","Block 1028, Block Group 1, Census Tract 9512, Orleans County, Vermont","0","0","0"
"1000000US500199512001029","Block 1029, Block Group 1, Census Tract 9512, Orleans County, Vermont","0","0","0"
"1000000US500199512001030","Block 1030, Block Group 1, Census Tract 9512, Orleans County, Vermont","0","0","0"
"1000000US500199512001031","Block 1031, Block Group 1, Census Tract 9512, Orleans County, Vermont","15","13","2"
"1000000US500199512001032","Block 1032, Block Group 1, Census Tract 9512, Orleans County, Vermont","0","0","0"
"1000000US500199512001033","Block 1033, Block Group 1, Census Tract 9512, Orleans County, Vermont","65","62","3"
"1000000US500199512001034","Block 1034, Block Group 1, Census Tract 9512, Orleans County, Vermont","2","2","0"
"1000000US500199512001035","Block 1035, Block Group 1, Census Tract 9512, Orleans County, Vermont","1","1","0"
"1000000US500199512001036","Block 1036, Block Group 1, Census Tract 9512, Orleans County, Vermont","0","0","0"
"1000000US500199512001037","Block 1037, Block Group 1, Census Tract 9512, Orleans County, Vermont","2","2","0"
"1000000US500199512001038","Block 1038, Block Group 1, Census Tract 9512, Orleans County, Vermont","1","1","0"
"1000000US500199512001039","Block 1039, Block Group 1, Census Tract 9512, Orleans County, Vermont","0","0","0"
"1000000US500199512001040","Block 1040, Block Group 1, Census Tract 9512, Orleans County, Vermont","14","14","0"
"1000000US500199512001041","Block 1041, Block Group 1, Census Tract 9512, Orleans County, Vermont","0","0","0"
"1000000US500199512001042","Block 1042, Block Group 1, Census Tract 9512, Orleans County, Vermont","2","2","0"
"1000000US500199512001043","Block 1043, Block Group 1, Census Tract 9512, Orleans County, Vermont","0","0","0"
"1000000US500199512001044","Block 1044, Block Group 1, Census Tract 9512, Orleans County, Vermont","0","0","0"
"1000000US500199512001045","Block 1045, Block Group 1, Census Tract 9512, Orleans County, Vermont","81","75","6"
"1000000US500199512001046","Block 1046, Block Group 1, Census Tract 9512, Orleans County, Vermont","3","3","0"
"1000000US500199512001047","Block 1047, Block Group 1, Census Tract 9512, Orleans County, Vermont","7","7","0"
"1000000US500199512001048","Block 1048, Block Group 1, Census Tract 9512, Orleans County, Vermont","5","5","0"
"1000000US500199512001049","Block 1049, Block Group 1, Census Tract 9512, Orleans County, Vermont","14","14","0"
"1000000US500199512001050","Block 1050, Block Group 1, Census Tract 9512, Orleans County, Vermont","0","0","0"
"1000000US500199512001051","Block 1051, Block Group 1, Census Tract 9512, Orleans County, Vermont","0","0","0"
"1000000US500199512001052","Block 1052, Block Group 1, Census Tract 9512, Orleans County, Vermont","4","3","1"
"1000000US500199512001053","Block 1053, Block Group 1, Census Tract 9512, Orleans County, Vermont","0","0","0"
"1000000US500199512001054","Block 1054, Block Group 1, Census Tract 9512, Orleans County, Vermont","0","0","0"
"1000000US500199512002000","Block 2000, Block Group 2, Census Tract 9512, Orleans County, Vermont","3","3","0"
"1000000US500199512002001","Block 2001, Block Group 2, Census Tract 9512, Orleans County, Vermont","1","1","0"
"1000000US500199512002002","Block 2002, Block Group 2, Census Tract 9512, Orleans County, Vermont","1","1","0"
"1000000US500199512002003","Block 2003, Block Group 2, Census Tract 9512, Orleans County, Vermont","0","0","0"
"1000000US500199512002004","Block 2004, Block Group 2, Census Tract 9512, Orleans County, Vermont","0","0","0"
"1000000US500199512002005","Block 2005, Block Group 2, Census Tract 9512, Orleans County, Vermont","0","0","0"
"1000000US500199512002006","Block 2006, Block Group 2, Census Tract 9512, Orleans County, Vermont","0","0","0"
"1000000US500199512002007","Block 2007, Block Group 2, Census Tract 9512, Orleans County, Vermont","0","0","0"
"1000000US500199512002008","Block 2008, Block Group 2, Census Tract 9512, Orleans County, Vermont","0","0","0"
"1000000US500199512002009","Block 2009, Block Group 2, Census Tract 9512, Orleans County, Vermont","0","0","0"
"1000000US500199512002010","Block 2010, Block Group 2, Census Tract 9512, Orleans County, Vermont","2","2","0"
"1000000US500199512002011","Block 2011, Block Group 2, Census Tract 9512, Orleans County, Vermont","2","2","0"
"1000000US500199512002012","Block 2012, Block Group 2, Census Tract 9512, Orleans County, Vermont","48","46","2"
"1000000US500199512002013","Block 2013, Block Group 2, Census Tract 9512, Orleans County, Vermont","12","12","0"
"1000000US500199512002014","Block 2014, Block Group 2, Census Tract 9512, Orleans County, Vermont","13","12","1"
"1000000US500199512002015","Block 2015, Block Group 2, Census Tract 9512, Orleans County, Vermont","1","1","0"
"1000000US500199512002016","Block 2016, Block Group 2, Census Tract 9512, Orleans County, Vermont","13","13","0"
"1000000US500199512002017","Block 2017, Block Group 2, Census Tract 9512, Orleans County, Vermont","1","1","0"
"1000000US500199512002018","Block 2018, Block Group 2, Census Tract 9512, Orleans County, Vermont","26","22","4"
"1000000US500199512002019","Block 2019, Block Group 2, Census Tract 9512, Orleans County, Vermont","0","0","0"
"1000000US500199512002020","Block 2020, Block Group 2, Census Tract 9512, Orleans County, Vermont","0","0","0"
"1000000US500199512002021","Block 2021, Block Group 2, Census Tract 9512, Orleans County, Vermont","60","59","1"
"1000000US500199512002022","Block 2022, Block Group 2, Census Tract 9512, Orleans County, Vermont","28","28","0"
"1000000US500199512002023","Block 2023, Block Group 2, Census Tract 9512, Orleans County, Vermont","7","6","1"
"1000000US500199512002024","Block 2024, Block Group 2, Census Tract 9512, Orleans County, Vermont","9","8","1"
"1000000US500199512002025","Block 2025, Block Group 2, Census Tract 9512, Orleans County, Vermont","11","9","2"
"1000000US500199512002026","Block 2026, Block Group 2, Census Tract 9512, Orleans County, Vermont","5","2","3"
"1000000US500199512002027","Block 2027, Block Group 2, Census Tract 9512, Orleans County, Vermont","74","69","5"
"1000000US500199512002028","Block 2028, Block Group 2, Census Tract 9512, Orleans County, Vermont","2","2","0"
"1000000US500199512002029","Block 2029, Block Group 2, Census Tract 9512, Orleans County, Vermont","0","0","0"
"1000000US500199512002030","Block 2030, Block Group 2, Census Tract 9512, Orleans County, Vermont","0","0","0"
"1000000US500199512002031","Block 2031, Block Group 2, Census Tract 9512, Orleans County, Vermont","10","10","0"
"1000000US500199512002032","Block 2032, Block Group 2, Census Tract 9512, Orleans County, Vermont","0","0","0"
"1000000US500199512002033","Block 2033, Block Group 2, Census Tract 9512, Orleans County, Vermont","44","39","5"
"1000000US500199512002034","Block 2034, Block Group 2, Census Tract 9512, Orleans County, Vermont","0","0","0"
"1000000US500199512002035","Block 2035, Block Group 2, Census Tract 9512, Orleans County, Vermont","36","36","0"
"1000000US500199512002036","Block 2036, Block Group 2, Census Tract 9512, Orleans County, Vermont","1","1","0"
"1000000US500199512002037","Block 2037, Block Group 2, Census Tract 9512, Orleans County, Vermont","17","17","0"
"1000000US500199512002038","Block 2038, Block Group 2, Census Tract 9512, Orleans County, Vermont","0","0","0"
"1000000US500199512002039","Block 2039, Block Group 2, Census Tract 9512, Orleans County, Vermont","9","9","0"
"1000000US500199512002040","Block 2040, Block Group 2, Census Tract 9512, Orleans County, Vermont","5","4","1"
"1000000US500199512002041","Block 2041, Block Group 2, Census Tract 9512, Orleans County, Vermont","0","0","0"
"1000000US500199512002042","Block 2042, Block Group 2, Census Tract 9512, Orleans County, Vermont","9","8","1"
"1000000US500199512002043","Block 2043, Block Group 2, Census Tract 9512, Orleans County, Vermont","9","8","1"
"1000000US500199512002044","Block 2044, Block Group 2, Census Tract 9512, Orleans County, Vermont","0","0","0"
"1000000US500199512002045","Block 2045, Block Group 2, Census Tract 9512, Orleans County, Vermont","1","1","0"
"1000000US500199512003000","Block 3000, Block Group 3, Census Tract 9512, Orleans County, Vermont","0","0","0"
"1000000US500199512003001","Block 3001, Block Group 3, Census Tract 9512, Orleans County, Vermont","9","8","1"
"1000000US500199512003002","Block 3002, Block Group 3, Census Tract 9512, Orleans County, Vermont","0","0","0"
"1000000US500199512003003","Block 3003, Block Group 3, Census Tract 9512, Orleans County, Vermont","4","3","1"
"1000000US500199512003004","Block 3004, Block Group 3, Census Tract 9512, Orleans County, Vermont","18","10","8"
"1000000US500199512003005","Block 3005, Block Group 3, Census Tract 9512, Orleans County, Vermont","17","12","5"
"1000000US500199512003006","Block 3006, Block Group 3, Census Tract 9512, Orleans County, Vermont","17","3","14"
"1000000US500199512003007","Block 3007, Block Group 3, Census Tract 9512, Orleans County, Vermont","0","0","0"
"1000000US500199512003008","Block 3008, Block Group 3, Census Tract 9512, Orleans County, Vermont","7","7","0"
"1000000US500199512003009","Block 3009, Block Group 3, Census Tract 9512, Orleans County, Vermont","19","19","0"
"1000000US500199512003010","Block 3010, Block Group 3, Census Tract 9512, Orleans County, Vermont","0","0","0"
"1000000US500199512003011","Block 3011, Block Group 3, Census Tract 9512, Orleans County, Vermont","0","0","0"
"1000000US500199512003012","Block 3012, Block Group 3, Census Tract 9512, Orleans County, Vermont","59","20","39"
"1000000US500199512003013","Block 3013, Block Group 3, Census Tract 9512, Orleans County, Vermont","0","0","0"
"1000000US500199512003014","Block 3014, Block Group 3, Census Tract 9512, Orleans County, Vermont","2","2","0"
"1000000US500199512003015","Block 3015, Block Group 3, Census Tract 9512, Orleans County, Vermont","2","1","1"
"1000000US500199512003016","Block 3016, Block Group 3, Census Tract 9512, Orleans County, Vermont","6","5","1"
"1000000US500199512003017","Block 3017, Block Group 3, Census Tract 9512, Orleans County, Vermont","0","0","0"
"1000000US500199512003018","Block 3018, Block Group 3, Census Tract 9512, Orleans County, Vermont","0","0","0"
"1000000US500199512003019","Block 3019, Block Group 3, Census Tract 9512, Orleans County, Vermont","1","0","1"
"1000000US500199512003020","Block 3020, Block Group 3, Census Tract 9512, Orleans County, Vermont","0","0","0"
"1000000US500199512003021","Block 3021, Block Group 3, Census Tract 9512, Orleans County, Vermont","38","37","1"
"1000000US500199512003022","Block 3022, Block Group 3, Census Tract 9512, Orleans County, Vermont","25","24","1"
"1000000US500199512003023","Block 3023, Block Group 3, Census Tract 9512, Orleans County, Vermont","11","11","0"
"1000000US500199512003024","Block 3024, Block Group 3, Census Tract 9512, Orleans County, Vermont","0","0","0"
"1000000US500199512003025","Block 3025, Block Group 3, Census Tract 9512, Orleans County, Vermont","0","0","0"
"1000000US500199512003026","Block 3026, Block Group 3, Census Tract 9512, Orleans County, Vermont","0","0","0"
"1000000US500199512003027","Block 3027, Block Group 3, Census Tract 9512, Orleans County, Vermont","7","5","2"
"1000000US500199512003028","Block 3028, Block Group 3, Census Tract 9512, Orleans County, Vermont","0","0","0"
"1000000US500199512003029","Block 3029, Block Group 3, Census Tract 9512, Orleans County, Vermont","6","6","0"
"1000000US500199512003030","Block 3030, Block Group 3, Census Tract 9512, Orleans County, Vermont","0","0","0"
"1000000US500199512003031","Block 3031, Block Group 3, Census Tract 9512, Orleans County, Vermont","4","3","1"
"1000000US500199512003032","Block 3032, Block Group 3, Census Tract 9512, Orleans County, Vermont","2","2","0"
"1000000US500199512003033","Block 3033, Block Group 3, Census Tract 9512, Orleans County, Vermont","0","0","0"
"1000000US500199512003034","Block 3034, Block Group 3, Census Tract 9512, Orleans County, Vermont","37","3","34"
"1000000US500199512003035","Block 3035, Block Group 3, Census Tract 9512, Orleans County, Vermont","0","0","0"
"1000000US500199512003036","Block 3036, Block Group 3, Census Tract 9512, Orleans County, Vermont","0","0","0"
"1000000US500199512003037","Block 3037, Block Group 3, Census Tract 9512, Orleans County, Vermont","0","0","0"
"1000000US500199512003038","Block 3038, Block Group 3, Census Tract 9512, Orleans County, Vermont","0","0","0"
"1000000US500199512003039","Block 3039, Block Group 3, Census Tract 9512, Orleans County, Vermont","7","7","0"
"1000000US500199512003040","Block 3040, Block Group 3, Census Tract 9512, Orleans County, Vermont","4","3","1"
"1000000US500199512003041","Block 3041, Block Group 3, Census Tract 9512, Orleans County, Vermont","0","0","0"
"1000000US500199512003042","Block 3042, Block Group 3, Census Tract 9512, Orleans County, Vermont","6","6","0"
"1000000US500199512003043","Block 3043, Block Group 3, Census Tract 9512, Orleans County, Vermont","48","39","9"
"1000000US500199512003044","Block 3044, Block Group 3, Census Tract 9512, Orleans County, Vermont","15","14","1"
"1000000US500199512003045","Block 3045, Block Group 3, Census Tract 9512, Orleans County, Vermont","0","0","0"
"1000000US500199512003046","Block 3046, Block Group 3, Census Tract 9512, Orleans County, Vermont","34","31","3"
"1000000US500199512003047","Block 3047, Block Group 3, Census Tract 9512, Orleans County, Vermont","0","0","0"
"1000000US500199512003048","Block 3048, Block Group 3, Census Tract 9512, Orleans County, Vermont","36","33","3"
"1000000US500199512003049","Block 3049, Block Group 3, Census Tract 9512, Orleans County, Vermont","2","0","2"
"1000000US500199512003050","Block 3050, Block Group 3, Census Tract 9512, Orleans County, Vermont","0","0","0"
"1000000US500199512003051","Block 3051, Block Group 3, Census Tract 9512, Orleans County, Vermont","1","0","1"
"1000000US500199512003052","Block 3052, Block Group 3, Census Tract 9512, Orleans County, Vermont","39","35","4"
"1000000US500199512003053","Block 3053, Block Group 3, Census Tract 9512, Orleans County, Vermont","0","0","0"
"1000000US500199512003054","Block 3054, Block Group 3, Census Tract 9512, Orleans County, Vermont","6","4","2"
"1000000US500199512003055","Block 3055, Block Group 3, Census Tract 9512, Orleans County, Vermont","11","3","8"
"1000000US500199512003056","Block 3056, Block Group 3, Census Tract 9512, Orleans County, Vermont","0","0","0"
"1000000US500199512003057","Block 3057, Block Group 3, Census Tract 9512, Orleans County, Vermont","0","0","0"
"1000000US500199512003058","Block 3058, Block Group 3, Census Tract 9512, Orleans County, Vermont","21","6","15"
"1000000US500199512003059","Block 3059, Block Group 3, Census Tract 9512, Orleans County, Vermont","20","2","18"
"1000000US500199512003060","Block 3060, Block Group 3, Census Tract 9512, Orleans County, Vermont","1","0","1"
"1000000US500199512003061","Block 3061, Block Group 3, Census Tract 9512, Orleans County, Vermont","0","0","0"
"1000000US500199513001000","Block 1000, Block Group 1, Census Tract 9513, Orleans County, Vermont","14","13","1"
"1000000US500199513001001","Block 1001, Block Group 1, Census Tract 9513, Orleans County, Vermont","0","0","0"
"1000000US500199513001002","Block 1002, Block Group 1, Census Tract 9513, Orleans County, Vermont","10","9","1"
"1000000US500199513001003","Block 1003, Block Group 1, Census Tract 9513, Orleans County, Vermont","0","0","0"
"1000000US500199513001004","Block 1004, Block Group 1, Census Tract 9513, Orleans County, Vermont","9","9","0"
"1000000US500199513001005","Block 1005, Block Group 1, Census Tract 9513, Orleans County, Vermont","12","8","4"
"1000000US500199513001006","Block 1006, Block Group 1, Census Tract 9513, Orleans County, Vermont","0","0","0"
"1000000US500199513001007","Block 1007, Block Group 1, Census Tract 9513, Orleans County, Vermont","16","3","13"
"1000000US500199513001008","Block 1008, Block Group 1, Census Tract 9513, Orleans County, Vermont","0","0","0"
"1000000US500199513001009","Block 1009, Block Group 1, Census Tract 9513, Orleans County, Vermont","0","0","0"
"1000000US500199513001010","Block 1010, Block Group 1, Census Tract 9513, Orleans County, Vermont","5","0","5"
"1000000US500199513001011","Block 1011, Block Group 1, Census Tract 9513, Orleans County, Vermont","0","0","0"
"1000000US500199513001012","Block 1012, Block Group 1, Census Tract 9513, Orleans County, Vermont","0","0","0"
"1000000US500199513001013","Block 1013, Block Group 1, Census Tract 9513, Orleans County, Vermont","12","0","12"
"1000000US500199513001014","Block 1014, Block Group 1, Census Tract 9513, Orleans County, Vermont","10","1","9"
"1000000US500199513001015","Block 1015, Block Group 1, Census Tract 9513, Orleans County, Vermont","0","0","0"
"1000000US500199513001016","Block 1016, Block Group 1, Census Tract 9513, Orleans County, Vermont","0","0","0"
"1000000US500199513001017","Block 1017, Block Group 1, Census Tract 9513, Orleans County, Vermont","3","0","3"
"1000000US500199513001018","Block 1018, Block Group 1, Census Tract 9513, Orleans County, Vermont","8","4","4"
"1000000US500199513001019","Block 1019, Block Group 1, Census Tract 9513, Orleans County, Vermont","0","0","0"
"1000000US500199513001020","Block 1020, Block Group 1, Census Tract 9513, Orleans County, Vermont","70","48","22"
"1000000US500199513001021","Block 1021, Block Group 1, Census Tract 9513, Orleans County, Vermont","2","2","0"
"1000000US500199513001022","Block 1022, Block Group 1, Census Tract 9513, Orleans County, Vermont","5","3","2"
"1000000US500199513001023","Block 1023, Block Group 1, Census Tract 9513, Orleans County, Vermont","0","0","0"
"1000000US500199513001024","Block 1024, Block Group 1, Census Tract 9513, Orleans County, Vermont","3","1","2"
"1000000US500199513001025","Block 1025, Block Group 1, Census Tract 9513, Orleans County, Vermont","0","0","0"
"1000000US500199513001026","Block 1026, Block Group 1, Census Tract 9513, Orleans County, Vermont","0","0","0"
"1000000US500199513001027","Block 1027, Block Group 1, Census Tract 9513, Orleans County, Vermont","0","0","0"
"1000000US500199513001028","Block 1028, Block Group 1, Census Tract 9513, Orleans County, Vermont","0","0","0"
"1000000US500199513001029","Block 1029, Block Group 1, Census Tract 9513, Orleans County, Vermont","41","39","2"
"1000000US500199513001030","Block 1030, Block Group 1, Census Tract 9513, Orleans County, Vermont","8","8","0"
"1000000US500199513001031","Block 1031, Block Group 1, Census Tract 9513, Orleans County, Vermont","0","0","0"
"1000000US500199513001032","Block 1032, Block Group 1, Census Tract 9513, Orleans County, Vermont","45","44","1"
"1000000US500199513001033","Block 1033, Block Group 1, Census Tract 9513, Orleans County, Vermont","48","15","33"
"1000000US500199513001034","Block 1034, Block Group 1, Census Tract 9513, Orleans County, Vermont","0","0","0"
"1000000US500199513001035","Block 1035, Block Group 1, Census Tract 9513, Orleans County, Vermont","0","0","0"
"1000000US500199513001036","Block 1036, Block Group 1, Census Tract 9513, Orleans County, Vermont","0","0","0"
"1000000US500199513001037","Block 1037, Block Group 1, Census Tract 9513, Orleans County, Vermont","6","4","2"
"1000000US500199513001038","Block 1038, Block Group 1, Census Tract 9513, Orleans County, Vermont","55","53","2"
"1000000US500199513001039","Block 1039, Block Group 1, Census Tract 9513, Orleans County, Vermont","2","2","0"
"1000000US500199513001040","Block 1040, Block Group 1, Census Tract 9513, Orleans County, Vermont","0","0","0"
"1000000US500199513001041","Block 1041, Block Group 1, Census Tract 9513, Orleans County, Vermont","4","4","0"
"1000000US500199513001042","Block 1042, Block Group 1, Census Tract 9513, Orleans County, Vermont","1","1","0"
"1000000US500199513001043","Block 1043, Block Group 1, Census Tract 9513, Orleans County, Vermont","34","33","1"
"1000000US500199513001044","Block 1044, Block Group 1, Census Tract 9513, Orleans County, Vermont","9","9","0"
"1000000US500199513001045","Block 1045, Block Group 1, Census Tract 9513, Orleans County, Vermont","35","26","9"
"1000000US500199513001046","Block 1046, Block Group 1, Census Tract 9513, Orleans County, Vermont","23","21","2"
"1000000US500199513001047","Block 1047, Block Group 1, Census Tract 9513, Orleans County, Vermont","18","16","2"
"1000000US500199513001048","Block 1048, Block Group 1, Census Tract 9513, Orleans County, Vermont","5","4","1"
"1000000US500199513001049","Block 1049, Block Group 1, Census Tract 9513, Orleans County, Vermont","17","15","2"
"1000000US500199513001050","Block 1050, Block Group 1, Census Tract 9513, Orleans County, Vermont","2","2","0"
"1000000US500199513001051","Block 1051, Block Group 1, Census Tract 9513, Orleans County, Vermont","0","0","0"
"1000000US500199513001052","Block 1052, Block Group 1, Census Tract 9513, Orleans County, Vermont","0","0","0"
"1000000US500199513001053","Block 1053, Block Group 1, Census Tract 9513, Orleans County, Vermont","0","0","0"
"1000000US500199513001054","Block 1054, Block Group 1, Census Tract 9513, Orleans County, Vermont","0","0","0"
"1000000US500199513001055","Block 1055, Block Group 1, Census Tract 9513, Orleans County, Vermont","0","0","0"
"1000000US500199513001056","Block 1056, Block Group 1, Census Tract 9513, Orleans County, Vermont","0","0","0"
"1000000US500199513001057","Block 1057, Block Group 1, Census Tract 9513, Orleans County, Vermont","0","0","0"
"1000000US500199513001058","Block 1058, Block Group 1, Census Tract 9513, Orleans County, Vermont","0","0","0"
"1000000US500199513001059","Block 1059, Block Group 1, Census Tract 9513, Orleans County, Vermont","63","55","8"
"1000000US500199513001060","Block 1060, Block Group 1, Census Tract 9513, Orleans County, Vermont","10","10","0"
"1000000US500199513001061","Block 1061, Block Group 1, Census Tract 9513, Orleans County, Vermont","11","10","1"
"1000000US500199513001062","Block 1062, Block Group 1, Census Tract 9513, Orleans County, Vermont","0","0","0"
"1000000US500199513001063","Block 1063, Block Group 1, Census Tract 9513, Orleans County, Vermont","0","0","0"
"1000000US500199513001064","Block 1064, Block Group 1, Census Tract 9513, Orleans County, Vermont","0","0","0"
"1000000US500199513001065","Block 1065, Block Group 1, Census Tract 9513, Orleans County, Vermont","0","0","0"
"1000000US500199513001066","Block 1066, Block Group 1, Census Tract 9513, Orleans County, Vermont","16","16","0"
"1000000US500199513001067","Block 1067, Block Group 1, Census Tract 9513, Orleans County, Vermont","0","0","0"
"1000000US500199513001068","Block 1068, Block Group 1, Census Tract 9513, Orleans County, Vermont","5","5","0"
"1000000US500199513001069","Block 1069, Block Group 1, Census Tract 9513, Orleans County, Vermont","1","1","0"
"1000000US500199513001070","Block 1070, Block Group 1, Census Tract 9513, Orleans County, Vermont","0","0","0"
"1000000US500199513001071","Block 1071, Block Group 1, Census Tract 9513, Orleans County, Vermont","0","0","0"
"1000000US500199513001072","Block 1072, Block Group 1, Census Tract 9513, Orleans County, Vermont","0","0","0"
"1000000US500199513001073","Block 1073, Block Group 1, Census Tract 9513, Orleans County, Vermont","6","6","0"
"1000000US500199513001074","Block 1074, Block Group 1, Census Tract 9513, Orleans County, Vermont","0","0","0"
"1000000US500199513001075","Block 1075, Block Group 1, Census Tract 9513, Orleans County, Vermont","0","0","0"
"1000000US500199513001076","Block 1076, Block Group 1, Census Tract 9513, Orleans County, Vermont","0","0","0"
"1000000US500199513001077","Block 1077, Block Group 1, Census Tract 9513, Orleans County, Vermont","0","0","0"
"1000000US500199513001078","Block 1078, Block Group 1, Census Tract 9513, Orleans County, Vermont","4","3","1"
"1000000US500199513001079","Block 1079, Block Group 1, Census Tract 9513, Orleans County, Vermont","0","0","0"
"1000000US500199513001080","Block 1080, Block Group 1, Census Tract 9513, Orleans County, Vermont","0","0","0"
"1000000US500199513001081","Block 1081, Block Group 1, Census Tract 9513, Orleans County, Vermont","0","0","0"
"1000000US500199513001082","Block 1082, Block Group 1, Census Tract 9513, Orleans County, Vermont","0","0","0"
"1000000US500199513001083","Block 1083, Block Group 1, Census Tract 9513, Orleans County, Vermont","0","0","0"
"1000000US500199513001084","Block 1084, Block Group 1, Census Tract 9513, Orleans County, Vermont","0","0","0"
"1000000US500199513001085","Block 1085, Block Group 1, Census Tract 9513, Orleans County, Vermont","1","1","0"
"1000000US500199513001086","Block 1086, Block Group 1, Census Tract 9513, Orleans County, Vermont","0","0","0"
"1000000US500199513001087","Block 1087, Block Group 1, Census Tract 9513, Orleans County, Vermont","0","0","0"
"1000000US500199513001088","Block 1088, Block Group 1, Census Tract 9513, Orleans County, Vermont","3","1","2"
"1000000US500199513001089","Block 1089, Block Group 1, Census Tract 9513, Orleans County, Vermont","6","6","0"
"1000000US500199513001090","Block 1090, Block Group 1, Census Tract 9513, Orleans County, Vermont","0","0","0"
"1000000US500199513001091","Block 1091, Block Group 1, Census Tract 9513, Orleans County, Vermont","0","0","0"
"1000000US500199513001092","Block 1092, Block Group 1, Census Tract 9513, Orleans County, Vermont","1","1","0"
"1000000US500199513001093","Block 1093, Block Group 1, Census Tract 9513, Orleans County, Vermont","0","0","0"
"1000000US500199513001094","Block 1094, Block Group 1, Census Tract 9513, Orleans County, Vermont","10","9","1"
"1000000US500199513001095","Block 1095, Block Group 1, Census Tract 9513, Orleans County, Vermont","41","39","2"
"1000000US500199513001096","Block 1096, Block Group 1, Census Tract 9513, Orleans County, Vermont","3","3","0"
"1000000US500199513001097","Block 1097, Block Group 1, Census Tract 9513, Orleans County, Vermont","22","21","1"
"1000000US500199513001098","Block 1098, Block Group 1, Census Tract 9513, Orleans County, Vermont","12","11","1"
"1000000US500199513001099","Block 1099, Block Group 1, Census Tract 9513, Orleans County, Vermont","5","5","0"
"1000000US500199513001100","Block 1100, Block Group 1, Census Tract 9513, Orleans County, Vermont","0","0","0"
"1000000US500199513001101","Block 1101, Block Group 1, Census Tract 9513, Orleans County, Vermont","2","2","0"
"1000000US500199513001102","Block 1102, Block Group 1, Census Tract 9513, Orleans County, Vermont","11","11","0"
"1000000US500199513001103","Block 1103, Block Group 1, Census Tract 9513, Orleans County, Vermont","0","0","0"
"1000000US500199513001104","Block 1104, Block Group 1, Census Tract 9513, Orleans County, Vermont","0","0","0"
"1000000US500199513001105","Block 1105, Block Group 1, Census Tract 9513, Orleans County, Vermont","0","0","0"
"1000000US500199513001106","Block 1106, Block Group 1, Census Tract 9513, Orleans County, Vermont","0","0","0"
"1000000US500199513001107","Block 1107, Block Group 1, Census Tract 9513, Orleans County, Vermont","0","0","0"
"1000000US500199513001108","Block 1108, Block Group 1, Census Tract 9513, Orleans County, Vermont","0","0","0"
"1000000US500199513001109","Block 1109, Block Group 1, Census Tract 9513, Orleans County, Vermont","0","0","0"
"1000000US500199513001110","Block 1110, Block Group 1, Census Tract 9513, Orleans County, Vermont","0","0","0"
"1000000US500199513001111","Block 1111, Block Group 1, Census Tract 9513, Orleans County, Vermont","0","0","0"
"1000000US500199513001112","Block 1112, Block Group 1, Census Tract 9513, Orleans County, Vermont","0","0","0"
"1000000US500199513001113","Block 1113, Block Group 1, Census Tract 9513, Orleans County, Vermont","16","14","2"
"1000000US500199513001114","Block 1114, Block Group 1, Census Tract 9513, Orleans County, Vermont","2","2","0"
"1000000US500199513001115","Block 1115, Block Group 1, Census Tract 9513, Orleans County, Vermont","12","11","1"
"1000000US500199513001116","Block 1116, Block Group 1, Census Tract 9513, Orleans County, Vermont","0","0","0"
"1000000US500199513001117","Block 1117, Block Group 1, Census Tract 9513, Orleans County, Vermont","17","15","2"
"1000000US500199513001118","Block 1118, Block Group 1, Census Tract 9513, Orleans County, Vermont","0","0","0"
"1000000US500199513001119","Block 1119, Block Group 1, Census Tract 9513, Orleans County, Vermont","4","4","0"
"1000000US500199513001120","Block 1120, Block Group 1, Census Tract 9513, Orleans County, Vermont","29","22","7"
"1000000US500199513001121","Block 1121, Block Group 1, Census Tract 9513, Orleans County, Vermont","0","0","0"
"1000000US500199513001122","Block 1122, Block Group 1, Census Tract 9513, Orleans County, Vermont","3","3","0"
"1000000US500199513001123","Block 1123, Block Group 1, Census Tract 9513, Orleans County, Vermont","4","4","0"
"1000000US500199513001124","Block 1124, Block Group 1, Census Tract 9513, Orleans County, Vermont","0","0","0"
"1000000US500199513001125","Block 1125, Block Group 1, Census Tract 9513, Orleans County, Vermont","0","0","0"
"1000000US500199513001126","Block 1126, Block Group 1, Census Tract 9513, Orleans County, Vermont","0","0","0"
"1000000US500199513001127","Block 1127, Block Group 1, Census Tract 9513, Orleans County, Vermont","0","0","0"
"1000000US500199513001128","Block 1128, Block Group 1, Census Tract 9513, Orleans County, Vermont","0","0","0"
"1000000US500199513001129","Block 1129, Block Group 1, Census Tract 9513, Orleans County, Vermont","12","11","1"
"1000000US500199513001130","Block 1130, Block Group 1, Census Tract 9513, Orleans County, Vermont","3","2","1"
"1000000US500199513001131","Block 1131, Block Group 1, Census Tract 9513, Orleans County, Vermont","0","0","0"
"1000000US500199513001132","Block 1132, Block Group 1, Census Tract 9513, Orleans County, Vermont","0","0","0"
"1000000US500199513001133","Block 1133, Block Group 1, Census Tract 9513, Orleans County, Vermont","0","0","0"
"1000000US500199513001134","Block 1134, Block Group 1, Census Tract 9513, Orleans County, Vermont","0","0","0"
"1000000US500199513001135","Block 1135, Block Group 1, Census Tract 9513, Orleans County, Vermont","0","0","0"
"1000000US500199513001136","Block 1136, Block Group 1, Census Tract 9513, Orleans County, Vermont","8","7","1"
"1000000US500199513001137","Block 1137, Block Group 1, Census Tract 9513, Orleans County, Vermont","2","1","1"
"1000000US500199513001138","Block 1138, Block Group 1, Census Tract 9513, Orleans County, Vermont","0","0","0"
"1000000US500199513001139","Block 1139, Block Group 1, Census Tract 9513, Orleans County, Vermont","32","29","3"
"1000000US500199513001140","Block 1140, Block Group 1, Census Tract 9513, Orleans County, Vermont","5","5","0"
"1000000US500199513001141","Block 1141, Block Group 1, Census Tract 9513, Orleans County, Vermont","0","0","0"
"1000000US500199513001142","Block 1142, Block Group 1, Census Tract 9513, Orleans County, Vermont","0","0","0"
"1000000US500199513001143","Block 1143, Block Group 1, Census Tract 9513, Orleans County, Vermont","1","0","1"
"1000000US500199513001144","Block 1144, Block Group 1, Census Tract 9513, Orleans County, Vermont","0","0","0"
"1000000US500199513001145","Block 1145, Block Group 1, Census Tract 9513, Orleans County, Vermont","4","4","0"
"1000000US500199513001146","Block 1146, Block Group 1, Census Tract 9513, Orleans County, Vermont","0","0","0"
"1000000US500199513001147","Block 1147, Block Group 1, Census Tract 9513, Orleans County, Vermont","2","2","0"
"1000000US500199513001148","Block 1148, Block Group 1, Census Tract 9513, Orleans County, Vermont","0","0","0"
"1000000US500199513001149","Block 1149, Block Group 1, Census Tract 9513, Orleans County, Vermont","0","0","0"
"1000000US500199513001150","Block 1150, Block Group 1, Census Tract 9513, Orleans County, Vermont","4","3","1"
"1000000US500199513001151","Block 1151, Block Group 1, Census Tract 9513, Orleans County, Vermont","13","13","0"
"1000000US500199514001000","Block 1000, Block Group 1, Census Tract 9514, Orleans County, Vermont","27","27","0"
"1000000US500199514001001","Block 1001, Block Group 1, Census Tract 9514, Orleans County, Vermont","77","70","7"
"1000000US500199514001002","Block 1002, Block Group 1, Census Tract 9514, Orleans County, Vermont","17","16","1"
"1000000US500199514001003","Block 1003, Block Group 1, Census Tract 9514, Orleans County, Vermont","7","7","0"
"1000000US500199514001004","Block 1004, Block Group 1, Census Tract 9514, Orleans County, Vermont","51","48","3"
"1000000US500199514001005","Block 1005, Block Group 1, Census Tract 9514, Orleans County, Vermont","0","0","0"
"1000000US500199514001006","Block 1006, Block Group 1, Census Tract 9514, Orleans County, Vermont","17","17","0"
"1000000US500199514001007","Block 1007, Block Group 1, Census Tract 9514, Orleans County, Vermont","1","1","0"
"1000000US500199514001008","Block 1008, Block Group 1, Census Tract 9514, Orleans County, Vermont","5","4","1"
"1000000US500199514001009","Block 1009, Block Group 1, Census Tract 9514, Orleans County, Vermont","3","3","0"
"1000000US500199514001010","Block 1010, Block Group 1, Census Tract 9514, Orleans County, Vermont","10","10","0"
"1000000US500199514001011","Block 1011, Block Group 1, Census Tract 9514, Orleans County, Vermont","0","0","0"
"1000000US500199514001012","Block 1012, Block Group 1, Census Tract 9514, Orleans County, Vermont","25","20","5"
"1000000US500199514001013","Block 1013, Block Group 1, Census Tract 9514, Orleans County, Vermont","54","52","2"
"1000000US500199514001014","Block 1014, Block Group 1, Census Tract 9514, Orleans County, Vermont","28","27","1"
"1000000US500199514001015","Block 1015, Block Group 1, Census Tract 9514, Orleans County, Vermont","16","16","0"
"1000000US500199514001016","Block 1016, Block Group 1, Census Tract 9514, Orleans County, Vermont","45","40","5"
"1000000US500199514001017","Block 1017, Block Group 1, Census Tract 9514, Orleans County, Vermont","0","0","0"
"1000000US500199514001018","Block 1018, Block Group 1, Census Tract 9514, Orleans County, Vermont","17","15","2"
"1000000US500199514001019","Block 1019, Block Group 1, Census Tract 9514, Orleans County, Vermont","45","43","2"
"1000000US500199514001020","Block 1020, Block Group 1, Census Tract 9514, Orleans County, Vermont","0","0","0"
"1000000US500199514001021","Block 1021, Block Group 1, Census Tract 9514, Orleans County, Vermont","7","7","0"
"1000000US500199514001022","Block 1022, Block Group 1, Census Tract 9514, Orleans County, Vermont","1","1","0"
"1000000US500199514001023","Block 1023, Block Group 1, Census Tract 9514, Orleans County, Vermont","0","0","0"
"1000000US500199514001024","Block 1024, Block Group 1, Census Tract 9514, Orleans County, Vermont","19","16","3"
"1000000US500199514001025","Block 1025, Block Group 1, Census Tract 9514, Orleans County, Vermont","4","4","0"
"1000000US500199514001026","Block 1026, Block Group 1, Census Tract 9514, Orleans County, Vermont","1","1","0"
"1000000US500199514001027","Block 1027, Block Group 1, Census Tract 9514, Orleans County, Vermont","19","18","1"
"1000000US500199514001028","Block 1028, Block Group 1, Census Tract 9514, Orleans County, Vermont","0","0","0"
"1000000US500199514001029","Block 1029, Block Group 1, Census Tract 9514, Orleans County, Vermont","18","15","3"
"1000000US500199514001030","Block 1030, Block Group 1, Census Tract 9514, Orleans County, Vermont","0","0","0"
"1000000US500199514001031","Block 1031, Block Group 1, Census Tract 9514, Orleans County, Vermont","4","4","0"
"1000000US500199514001032","Block 1032, Block Group 1, Census Tract 9514, Orleans County, Vermont","6","6","0"
"1000000US500199514001033","Block 1033, Block Group 1, Census Tract 9514, Orleans County, Vermont","0","0","0"
"1000000US500199514001034","Block 1034, Block Group 1, Census Tract 9514, Orleans County, Vermont","0","0","0"
"1000000US500199514001035","Block 1035, Block Group 1, Census Tract 9514, Orleans County, Vermont","0","0","0"
"1000000US500199514001036","Block 1036, Block Group 1, Census Tract 9514, Orleans County, Vermont","3","3","0"
"1000000US500199514001037","Block 1037, Block Group 1, Census Tract 9514, Orleans County, Vermont","9","9","0"
"1000000US500199514001038","Block 1038, Block Group 1, Census Tract 9514, Orleans County, Vermont","0","0","0"
"1000000US500199514001039","Block 1039, Block Group 1, Census Tract 9514, Orleans County, Vermont","5","5","0"
"1000000US500199514001040","Block 1040, Block Group 1, Census Tract 9514, Orleans County, Vermont","0","0","0"
"1000000US500199514001041","Block 1041, Block Group 1, Census Tract 9514, Orleans County, Vermont","0","0","0"
"1000000US500199514001042","Block 1042, Block Group 1, Census Tract 9514, Orleans County, Vermont","0","0","0"
"1000000US500199514001043","Block 1043, Block Group 1, Census Tract 9514, Orleans County, Vermont","0","0","0"
"1000000US500199514001044","Block 1044, Block Group 1, Census Tract 9514, Orleans County, Vermont","0","0","0"
"1000000US500199514001045","Block 1045, Block Group 1, Census Tract 9514, Orleans County, Vermont","0","0","0"
"1000000US500199514001046","Block 1046, Block Group 1, Census Tract 9514, Orleans County, Vermont","0","0","0"
"1000000US500199514001047","Block 1047, Block Group 1, Census Tract 9514, Orleans County, Vermont","0","0","0"
"1000000US500199514001048","Block 1048, Block Group 1, Census Tract 9514, Orleans County, Vermont","14","12","2"
"1000000US500199514002000","Block 2000, Block Group 2, Census Tract 9514, Orleans County, Vermont","0","0","0"
"1000000US500199514002001","Block 2001, Block Group 2, Census Tract 9514, Orleans County, Vermont","38","35","3"
"1000000US500199514002002","Block 2002, Block Group 2, Census Tract 9514, Orleans County, Vermont","14","13","1"
"1000000US500199514002003","Block 2003, Block Group 2, Census Tract 9514, Orleans County, Vermont","0","0","0"
"1000000US500199514002004","Block 2004, Block Group 2, Census Tract 9514, Orleans County, Vermont","0","0","0"
"1000000US500199514002005","Block 2005, Block Group 2, Census Tract 9514, Orleans County, Vermont","0","0","0"
"1000000US500199514002006","Block 2006, Block Group 2, Census Tract 9514, Orleans County, Vermont","0","0","0"
"1000000US500199514002007","Block 2007, Block Group 2, Census Tract 9514, Orleans County, Vermont","0","0","0"
"1000000US500199514002008","Block 2008, Block Group 2, Census Tract 9514, Orleans County, Vermont","0","0","0"
"1000000US500199514002009","Block 2009, Block Group 2, Census Tract 9514, Orleans County, Vermont","0","0","0"
"1000000US500199514002010","Block 2010, Block Group 2, Census Tract 9514, Orleans County, Vermont","0","0","0"
"1000000US500199514002011","Block 2011, Block Group 2, Census Tract 9514, Orleans County, Vermont","0","0","0"
"1000000US500199514002012","Block 2012, Block Group 2, Census Tract 9514, Orleans County, Vermont","0","0","0"
"1000000US500199514002013","Block 2013, Block Group 2, Census Tract 9514, Orleans County, Vermont","0","0","0"
"1000000US500199514002014","Block 2014, Block Group 2, Census Tract 9514, Orleans County, Vermont","0","0","0"
"1000000US500199514002015","Block 2015, Block Group 2, Census Tract 9514, Orleans County, Vermont","0","0","0"
"1000000US500199514002016","Block 2016, Block Group 2, Census Tract 9514, Orleans County, Vermont","0","0","0"
"1000000US500199514002017","Block 2017, Block Group 2, Census Tract 9514, Orleans County, Vermont","0","0","0"
"1000000US500199514002018","Block 2018, Block Group 2, Census Tract 9514, Orleans County, Vermont","0","0","0"
"1000000US500199514002019","Block 2019, Block Group 2, Census Tract 9514, Orleans County, Vermont","0","0","0"
"1000000US500199514002020","Block 2020, Block Group 2, Census Tract 9514, Orleans County, Vermont","0","0","0"
"1000000US500199514002021","Block 2021, Block Group 2, Census Tract 9514, Orleans County, Vermont","0","0","0"
"1000000US500199514002022","Block 2022, Block Group 2, Census Tract 9514, Orleans County, Vermont","0","0","0"
"1000000US500199514002023","Block 2023, Block Group 2, Census Tract 9514, Orleans County, Vermont","0","0","0"
"1000000US500199514002024","Block 2024, Block Group 2, Census Tract 9514, Orleans County, Vermont","0","0","0"
"1000000US500199514002025","Block 2025, Block Group 2, Census Tract 9514, Orleans County, Vermont","0","0","0"
"1000000US500199514002026","Block 2026, Block Group 2, Census Tract 9514, Orleans County, Vermont","0","0","0"
"1000000US500199514002027","Block 2027, Block Group 2, Census Tract 9514, Orleans County, Vermont","27","15","12"
"1000000US500199514002028","Block 2028, Block Group 2, Census Tract 9514, Orleans County, Vermont","0","0","0"
"1000000US500199514002029","Block 2029, Block Group 2, Census Tract 9514, Orleans County, Vermont","17","13","4"
"1000000US500199514002030","Block 2030, Block Group 2, Census Tract 9514, Orleans County, Vermont","18","17","1"
"1000000US500199514002031","Block 2031, Block Group 2, Census Tract 9514, Orleans County, Vermont","15","13","2"
"1000000US500199514002032","Block 2032, Block Group 2, Census Tract 9514, Orleans County, Vermont","2","2","0"
"1000000US500199514002033","Block 2033, Block Group 2, Census Tract 9514, Orleans County, Vermont","0","0","0"
"1000000US500199514002034","Block 2034, Block Group 2, Census Tract 9514, Orleans County, Vermont","20","18","2"
"1000000US500199514002035","Block 2035, Block Group 2, Census Tract 9514, Orleans County, Vermont","17","12","5"
"1000000US500199514002036","Block 2036, Block Group 2, Census Tract 9514, Orleans County, Vermont","27","25","2"
"1000000US500199514002037","Block 2037, Block Group 2, Census Tract 9514, Orleans County, Vermont","2","2","0"
"1000000US500199514002038","Block 2038, Block Group 2, Census Tract 9514, Orleans County, Vermont","0","0","0"
"1000000US500199514002039","Block 2039, Block Group 2, Census Tract 9514, Orleans County, Vermont","30","29","1"
"1000000US500199514002040","Block 2040, Block Group 2, Census Tract 9514, Orleans County, Vermont","10","7","3"
"1000000US500199514002041","Block 2041, Block Group 2, Census Tract 9514, Orleans County, Vermont","0","0","0"
"1000000US500199514002042","Block 2042, Block Group 2, Census Tract 9514, Orleans County, Vermont","1","1","0"
"1000000US500199514002043","Block 2043, Block Group 2, Census Tract 9514, Orleans County, Vermont","0","0","0"
"1000000US500199514002044","Block 2044, Block Group 2, Census Tract 9514, Orleans County, Vermont","0","0","0"
"1000000US500199514002045","Block 2045, Block Group 2, Census Tract 9514, Orleans County, Vermont","0","0","0"
"1000000US500199514002046","Block 2046, Block Group 2, Census Tract 9514, Orleans County, Vermont","0","0","0"
"1000000US500199514002047","Block 2047, Block Group 2, Census Tract 9514, Orleans County, Vermont","0","0","0"
"1000000US500199514002048","Block 2048, Block Group 2, Census Tract 9514, Orleans County, Vermont","0","0","0"
"1000000US500199514002049","Block 2049, Block Group 2, Census Tract 9514, Orleans County, Vermont","0","0","0"
"1000000US500199514002050","Block 2050, Block Group 2, Census Tract 9514, Orleans County, Vermont","0","0","0"
"1000000US500199514002051","Block 2051, Block Group 2, Census Tract 9514, Orleans County, Vermont","0","0","0"
"1000000US500199515001000","Block 1000, Block Group 1, Census Tract 9515, Orleans County, Vermont","0","0","0"
"1000000US500199515001001","Block 1001, Block Group 1, Census Tract 9515, Orleans County, Vermont","9","9","0"
"1000000US500199515001002","Block 1002, Block Group 1, Census Tract 9515, Orleans County, Vermont","22","14","8"
"1000000US500199515001003","Block 1003, Block Group 1, Census Tract 9515, Orleans County, Vermont","10","8","2"
"1000000US500199515001004","Block 1004, Block Group 1, Census Tract 9515, Orleans County, Vermont","2","2","0"
"1000000US500199515001005","Block 1005, Block Group 1, Census Tract 9515, Orleans County, Vermont","7","6","1"
"1000000US500199515001006","Block 1006, Block Group 1, Census Tract 9515, Orleans County, Vermont","0","0","0"
"1000000US500199515001007","Block 1007, Block Group 1, Census Tract 9515, Orleans County, Vermont","1","1","0"
"1000000US500199515001008","Block 1008, Block Group 1, Census Tract 9515, Orleans County, Vermont","11","9","2"
"1000000US500199515001009","Block 1009, Block Group 1, Census Tract 9515, Orleans County, Vermont","8","8","0"
"1000000US500199515001010","Block 1010, Block Group 1, Census Tract 9515, Orleans County, Vermont","0","0","0"
"1000000US500199515001011","Block 1011, Block Group 1, Census Tract 9515, Orleans County, Vermont","1","1","0"
"1000000US500199515001012","Block 1012, Block Group 1, Census Tract 9515, Orleans County, Vermont","6","6","0"
"1000000US500199515001013","Block 1013, Block Group 1, Census Tract 9515, Orleans County, Vermont","23","21","2"
"1000000US500199515001014","Block 1014, Block Group 1, Census Tract 9515, Orleans County, Vermont","12","8","4"
"1000000US500199515001015","Block 1015, Block Group 1, Census Tract 9515, Orleans County, Vermont","20","18","2"
"1000000US500199515001016","Block 1016, Block Group 1, Census Tract 9515, Orleans County, Vermont","15","14","1"
"1000000US500199515001017","Block 1017, Block Group 1, Census Tract 9515, Orleans County, Vermont","25","23","2"
"1000000US500199515001018","Block 1018, Block Group 1, Census Tract 9515, Orleans County, Vermont","13","8","5"
"1000000US500199515001019","Block 1019, Block Group 1, Census Tract 9515, Orleans County, Vermont","171","143","28"
"1000000US500199515001020","Block 1020, Block Group 1, Census Tract 9515, Orleans County, Vermont","14","12","2"
"1000000US500199515001021","Block 1021, Block Group 1, Census Tract 9515, Orleans County, Vermont","90","81","9"
"1000000US500199515001022","Block 1022, Block Group 1, Census Tract 9515, Orleans County, Vermont","59","55","4"
"1000000US500199515001023","Block 1023, Block Group 1, Census Tract 9515, Orleans County, Vermont","23","19","4"
"1000000US500199515001024","Block 1024, Block Group 1, Census Tract 9515, Orleans County, Vermont","86","73","13"
"1000000US500199515001025","Block 1025, Block Group 1, Census Tract 9515, Orleans County, Vermont","3","3","0"
"1000000US500199515001026","Block 1026, Block Group 1, Census Tract 9515, Orleans County, Vermont","72","62","10"
"1000000US500199515001027","Block 1027, Block Group 1, Census Tract 9515, Orleans County, Vermont","45","39","6"
"1000000US500199515001028","Block 1028, Block Group 1, Census Tract 9515, Orleans County, Vermont","16","13","3"
"1000000US500199515001029","Block 1029, Block Group 1, Census Tract 9515, Orleans County, Vermont","0","0","0"
"1000000US500199515001030","Block 1030, Block Group 1, Census Tract 9515, Orleans County, Vermont","0","0","0"
"1000000US500199515001031","Block 1031, Block Group 1, Census Tract 9515, Orleans County, Vermont","0","0","0"
"1000000US500199515001032","Block 1032, Block Group 1, Census Tract 9515, Orleans County, Vermont","11","2","9"
"1000000US500199515001033","Block 1033, Block Group 1, Census Tract 9515, Orleans County, Vermont","0","0","0"
"1000000US500199515002000","Block 2000, Block Group 2, Census Tract 9515, Orleans County, Vermont","5","3","2"
"1000000US500199515002001","Block 2001, Block Group 2, Census Tract 9515, Orleans County, Vermont","0","0","0"
"1000000US500199515002002","Block 2002, Block Group 2, Census Tract 9515, Orleans County, Vermont","5","4","1"
"1000000US500199515002003","Block 2003, Block Group 2, Census Tract 9515, Orleans County, Vermont","1","1","0"
"1000000US500199515002004","Block 2004, Block Group 2, Census Tract 9515, Orleans County, Vermont","0","0","0"
"1000000US500199515002005","Block 2005, Block Group 2, Census Tract 9515, Orleans County, Vermont","31","30","1"
"1000000US500199515002006","Block 2006, Block Group 2, Census Tract 9515, Orleans County, Vermont","64","44","20"
"1000000US500199515002007","Block 2007, Block Group 2, Census Tract 9515, Orleans County, Vermont","19","14","5"
"1000000US500199515002008","Block 2008, Block Group 2, Census Tract 9515, Orleans County, Vermont","12","11","1"
"1000000US500199515002009","Block 2009, Block Group 2, Census Tract 9515, Orleans County, Vermont","0","0","0"
"1000000US500199515002010","Block 2010, Block Group 2, Census Tract 9515, Orleans County, Vermont","0","0","0"
"1000000US500199515002011","Block 2011, Block Group 2, Census Tract 9515, Orleans County, Vermont","1","1","0"
"1000000US500199515002012","Block 2012, Block Group 2, Census Tract 9515, Orleans County, Vermont","6","0","6"
"1000000US500199515002013","Block 2013, Block Group 2, Census Tract 9515, Orleans County, Vermont","48","29","19"
"1000000US500199515002014","Block 2014, Block Group 2, Census Tract 9515, Orleans County, Vermont","79","47","32"
"1000000US500199515002015","Block 2015, Block Group 2, Census Tract 9515, Orleans County, Vermont","0","0","0"
"1000000US500199515002016","Block 2016, Block Group 2, Census Tract 9515, Orleans County, Vermont","0","0","0"
"1000000US500199515002017","Block 2017, Block Group 2, Census Tract 9515, Orleans County, Vermont","0","0","0"
"1000000US500199515002018","Block 2018, Block Group 2, Census Tract 9515, Orleans County, Vermont","0","0","0"
"1000000US500199515002019","Block 2019, Block Group 2, Census Tract 9515, Orleans County, Vermont","0","0","0"
"1000000US500199515002020","Block 2020, Block Group 2, Census Tract 9515, Orleans County, Vermont","0","0","0"
"1000000US500199515002021","Block 2021, Block Group 2, Census Tract 9515, Orleans County, Vermont","0","0","0"
"1000000US500199515002022","Block 2022, Block Group 2, Census Tract 9515, Orleans County, Vermont","0","0","0"
"1000000US500199515002023","Block 2023, Block Group 2, Census Tract 9515, Orleans County, Vermont","12","10","2"
"1000000US500199515002024","Block 2024, Block Group 2, Census Tract 9515, Orleans County, Vermont","6","6","0"
"1000000US500199515002025","Block 2025, Block Group 2, Census Tract 9515, Orleans County, Vermont","0","0","0"
"1000000US500199515002026","Block 2026, Block Group 2, Census Tract 9515, Orleans County, Vermont","0","0","0"
"1000000US500199515002027","Block 2027, Block Group 2, Census Tract 9515, Orleans County, Vermont","0","0","0"
"1000000US500199515002028","Block 2028, Block Group 2, Census Tract 9515, Orleans County, Vermont","1","1","0"
"1000000US500199515002029","Block 2029, Block Group 2, Census Tract 9515, Orleans County, Vermont","7","3","4"
"1000000US500199515002030","Block 2030, Block Group 2, Census Tract 9515, Orleans County, Vermont","0","0","0"
"1000000US500199515002031","Block 2031, Block Group 2, Census Tract 9515, Orleans County, Vermont","5","2","3"
"1000000US500199515002032","Block 2032, Block Group 2, Census Tract 9515, Orleans County, Vermont","1","1","0"
"1000000US500199515002033","Block 2033, Block Group 2, Census Tract 9515, Orleans County, Vermont","0","0","0"
"1000000US500199515002034","Block 2034, Block Group 2, Census Tract 9515, Orleans County, Vermont","0","0","0"
"1000000US500199515002035","Block 2035, Block Group 2, Census Tract 9515, Orleans County, Vermont","1","1","0"
"1000000US500199515002036","Block 2036, Block Group 2, Census Tract 9515, Orleans County, Vermont","0","0","0"
"1000000US500199515002037","Block 2037, Block Group 2, Census Tract 9515, Orleans County, Vermont","0","0","0"
"1000000US500199515002038","Block 2038, Block Group 2, Census Tract 9515, Orleans County, Vermont","0","0","0"
"1000000US500199515002039","Block 2039, Block Group 2, Census Tract 9515, Orleans County, Vermont","0","0","0"
"1000000US500199515002040","Block 2040, Block Group 2, Census Tract 9515, Orleans County, Vermont","0","0","0"
"1000000US500199515002041","Block 2041, Block Group 2, Census Tract 9515, Orleans County, Vermont","0","0","0"
"1000000US500199515002042","Block 2042, Block Group 2, Census Tract 9515, Orleans County, Vermont","0","0","0"
"1000000US500199515002043","Block 2043, Block Group 2, Census Tract 9515, Orleans County, Vermont","3","0","3"
"1000000US500199515002044","Block 2044, Block Group 2, Census Tract 9515, Orleans County, Vermont","1","1","0"
"1000000US500199515002045","Block 2045, Block Group 2, Census Tract 9515, Orleans County, Vermont","29","26","3"
"1000000US500199515002046","Block 2046, Block Group 2, Census Tract 9515, Orleans County, Vermont","56","36","20"
"1000000US500199515002047","Block 2047, Block Group 2, Census Tract 9515, Orleans County, Vermont","36","7","29"
"1000000US500199515002048","Block 2048, Block Group 2, Census Tract 9515, Orleans County, Vermont","67","56","11"
"1000000US500199515002049","Block 2049, Block Group 2, Census Tract 9515, Orleans County, Vermont","0","0","0"
"1000000US500199515002050","Block 2050, Block Group 2, Census Tract 9515, Orleans County, Vermont","11","11","0"
"1000000US500199515002051","Block 2051, Block Group 2, Census Tract 9515, Orleans County, Vermont","85","83","2"
"1000000US500199515002052","Block 2052, Block Group 2, Census Tract 9515, Orleans County, Vermont","17","16","1"
"1000000US500199515002053","Block 2053, Block Group 2, Census Tract 9515, Orleans County, Vermont","7","2","5"
"1000000US500199515002054","Block 2054, Block Group 2, Census Tract 9515, Orleans County, Vermont","0","0","0"
"1000000US500199515002055","Block 2055, Block Group 2, Census Tract 9515, Orleans County, Vermont","16","13","3"
"1000000US500199515002056","Block 2056, Block Group 2, Census Tract 9515, Orleans County, Vermont","0","0","0"
"1000000US500199515002057","Block 2057, Block Group 2, Census Tract 9515, Orleans County, Vermont","10","10","0"
"1000000US500199515002058","Block 2058, Block Group 2, Census Tract 9515, Orleans County, Vermont","0","0","0"
"1000000US500199515002059","Block 2059, Block Group 2, Census Tract 9515, Orleans County, Vermont","0","0","0"
"1000000US500199515002060","Block 2060, Block Group 2, Census Tract 9515, Orleans County, Vermont","12","9","3"
"1000000US500199515002061","Block 2061, Block Group 2, Census Tract 9515, Orleans County, Vermont","0","0","0"
"1000000US500199516001000","Block 1000, Block Group 1, Census Tract 9516, Orleans County, Vermont","0","0","0"
"1000000US500199516001001","Block 1001, Block Group 1, Census Tract 9516, Orleans County, Vermont","16","2","14"
"1000000US500199516001002","Block 1002, Block Group 1, Census Tract 9516, Orleans County, Vermont","0","0","0"
"1000000US500199516001003","Block 1003, Block Group 1, Census Tract 9516, Orleans County, Vermont","38","30","8"
"1000000US500199516001004","Block 1004, Block Group 1, Census Tract 9516, Orleans County, Vermont","8","2","6"
"1000000US500199516001005","Block 1005, Block Group 1, Census Tract 9516, Orleans County, Vermont","0","0","0"
"1000000US500199516001006","Block 1006, Block Group 1, Census Tract 9516, Orleans County, Vermont","0","0","0"
"1000000US500199516001007","Block 1007, Block Group 1, Census Tract 9516, Orleans County, Vermont","8","7","1"
"1000000US500199516001008","Block 1008, Block Group 1, Census Tract 9516, Orleans County, Vermont","13","11","2"
"1000000US500199516001009","Block 1009, Block Group 1, Census Tract 9516, Orleans County, Vermont","6","3","3"
"1000000US500199516001010","Block 1010, Block Group 1, Census Tract 9516, Orleans County, Vermont","2","2","0"
"1000000US500199516001011","Block 1011, Block Group 1, Census Tract 9516, Orleans County, Vermont","3","3","0"
"1000000US500199516001012","Block 1012, Block Group 1, Census Tract 9516, Orleans County, Vermont","0","0","0"
"1000000US500199516001013","Block 1013, Block Group 1, Census Tract 9516, Orleans County, Vermont","6","3","3"
"1000000US500199516001014","Block 1014, Block Group 1, Census Tract 9516, Orleans County, Vermont","15","6","9"
"1000000US500199516001015","Block 1015, Block Group 1, Census Tract 9516, Orleans County, Vermont","0","0","0"
"1000000US500199516001016","Block 1016, Block Group 1, Census Tract 9516, Orleans County, Vermont","0","0","0"
"1000000US500199516001017","Block 1017, Block Group 1, Census Tract 9516, Orleans County, Vermont","7","0","7"
"1000000US500199516001018","Block 1018, Block Group 1, Census Tract 9516, Orleans County, Vermont","0","0","0"
"1000000US500199516001019","Block 1019, Block Group 1, Census Tract 9516, Orleans County, Vermont","13","5","8"
"1000000US500199516001020","Block 1020, Block Group 1, Census Tract 9516, Orleans County, Vermont","31","26","5"
"1000000US500199516001021","Block 1021, Block Group 1, Census Tract 9516, Orleans County, Vermont","3","3","0"
"1000000US500199516001022","Block 1022, Block Group 1, Census Tract 9516, Orleans County, Vermont","9","9","0"
"1000000US500199516001023","Block 1023, Block Group 1, Census Tract 9516, Orleans County, Vermont","30","29","1"
"1000000US500199516001024","Block 1024, Block Group 1, Census Tract 9516, Orleans County, Vermont","1","1","0"
"1000000US500199516001025","Block 1025, Block Group 1, Census Tract 9516, Orleans County, Vermont","5","5","0"
"1000000US500199516001026","Block 1026, Block Group 1, Census Tract 9516, Orleans County, Vermont","0","0","0"
"1000000US500199516001027","Block 1027, Block Group 1, Census Tract 9516, Orleans County, Vermont","1","1","0"
"1000000US500199516001028","Block 1028, Block Group 1, Census Tract 9516, Orleans County, Vermont","3","3","0"
"1000000US500199516001029","Block 1029, Block Group 1, Census Tract 9516, Orleans County, Vermont","6","6","0"
"1000000US500199516001030","Block 1030, Block Group 1, Census Tract 9516, Orleans County, Vermont","0","0","0"
"1000000US500199516001031","Block 1031, Block Group 1, Census Tract 9516, Orleans County, Vermont","0","0","0"
"1000000US500199516001032","Block 1032, Block Group 1, Census Tract 9516, Orleans County, Vermont","1","1","0"
"1000000US500199516001033","Block 1033, Block Group 1, Census Tract 9516, Orleans County, Vermont","0","0","0"
"1000000US500199516001034","Block 1034, Block Group 1, Census Tract 9516, Orleans County, Vermont","0","0","0"
"1000000US500199516001035","Block 1035, Block Group 1, Census Tract 9516, Orleans County, Vermont","0","0","0"
"1000000US500199516001036","Block 1036, Block Group 1, Census Tract 9516, Orleans County, Vermont","0","0","0"
"1000000US500199516001037","Block 1037, Block Group 1, Census Tract 9516, Orleans County, Vermont","59","45","14"
"1000000US500199516001038","Block 1038, Block Group 1, Census Tract 9516, Orleans County, Vermont","5","5","0"
"1000000US500199516001039","Block 1039, Block Group 1, Census Tract 9516, Orleans County, Vermont","2","2","0"
"1000000US500199516001040","Block 1040, Block Group 1, Census Tract 9516, Orleans County, Vermont","0","0","0"
"1000000US500199516001041","Block 1041, Block Group 1, Census Tract 9516, Orleans County, Vermont","11","10","1"
"1000000US500199516001042","Block 1042, Block Group 1, Census Tract 9516, Orleans County, Vermont","15","13","2"
"1000000US500199516001043","Block 1043, Block Group 1, Census Tract 9516, Orleans County, Vermont","1","1","0"
"1000000US500199516001044","Block 1044, Block Group 1, Census Tract 9516, Orleans County, Vermont","97","37","60"
"1000000US500199516001045","Block 1045, Block Group 1, Census Tract 9516, Orleans County, Vermont","2","1","1"
"1000000US500199516001046","Block 1046, Block Group 1, Census Tract 9516, Orleans County, Vermont","0","0","0"
"1000000US500199516001047","Block 1047, Block Group 1, Census Tract 9516, Orleans County, Vermont","0","0","0"
"1000000US500199516001048","Block 1048, Block Group 1, Census Tract 9516, Orleans County, Vermont","0","0","0"
"1000000US500199516001049","Block 1049, Block Group 1, Census Tract 9516, Orleans County, Vermont","0","0","0"
"1000000US500199516001050","Block 1050, Block Group 1, Census Tract 9516, Orleans County, Vermont","0","0","0"
"1000000US500199516001051","Block 1051, Block Group 1, Census Tract 9516, Orleans County, Vermont","3","2","1"
"1000000US500199516001052","Block 1052, Block Group 1, Census Tract 9516, Orleans County, Vermont","0","0","0"
"1000000US500199516001053","Block 1053, Block Group 1, Census Tract 9516, Orleans County, Vermont","0","0","0"
"1000000US500199516001054","Block 1054, Block Group 1, Census Tract 9516, Orleans County, Vermont","9","7","2"
"1000000US500199516001055","Block 1055, Block Group 1, Census Tract 9516, Orleans County, Vermont","4","4","0"
"1000000US500199516001056","Block 1056, Block Group 1, Census Tract 9516, Orleans County, Vermont","0","0","0"
"1000000US500199516001057","Block 1057, Block Group 1, Census Tract 9516, Orleans County, Vermont","22","21","1"
"1000000US500199516001058","Block 1058, Block Group 1, Census Tract 9516, Orleans County, Vermont","6","5","1"
"1000000US500199516001059","Block 1059, Block Group 1, Census Tract 9516, Orleans County, Vermont","3","3","0"
"1000000US500199516001060","Block 1060, Block Group 1, Census Tract 9516, Orleans County, Vermont","6","5","1"
"1000000US500199516001061","Block 1061, Block Group 1, Census Tract 9516, Orleans County, Vermont","0","0","0"
"1000000US500199516001062","Block 1062, Block Group 1, Census Tract 9516, Orleans County, Vermont","13","11","2"
"1000000US500199516001063","Block 1063, Block Group 1, Census Tract 9516, Orleans County, Vermont","23","22","1"
"1000000US500199516001064","Block 1064, Block Group 1, Census Tract 9516, Orleans County, Vermont","9","8","1"
"1000000US500199516001065","Block 1065, Block Group 1, Census Tract 9516, Orleans County, Vermont","16","15","1"
"1000000US500199516001066","Block 1066, Block Group 1, Census Tract 9516, Orleans County, Vermont","11","11","0"
"1000000US500199516001067","Block 1067, Block Group 1, Census Tract 9516, Orleans County, Vermont","4","4","0"
"1000000US500199516001068","Block 1068, Block Group 1, Census Tract 9516, Orleans County, Vermont","12","11","1"
"1000000US500199516001069","Block 1069, Block Group 1, Census Tract 9516, Orleans County, Vermont","4","4","0"
"1000000US500199516001070","Block 1070, Block Group 1, Census Tract 9516, Orleans County, Vermont","0","0","0"
"1000000US500199516001071","Block 1071, Block Group 1, Census Tract 9516, Orleans County, Vermont","1","1","0"
"1000000US500199516001072","Block 1072, Block Group 1, Census Tract 9516, Orleans County, Vermont","1","1","0"
"1000000US500199516001073","Block 1073, Block Group 1, Census Tract 9516, Orleans County, Vermont","0","0","0"
"1000000US500199516001074","Block 1074, Block Group 1, Census Tract 9516, Orleans County, Vermont","0","0","0"
"1000000US500199516002000","Block 2000, Block Group 2, Census Tract 9516, Orleans County, Vermont","9","9","0"
"1000000US500199516002001","Block 2001, Block Group 2, Census Tract 9516, Orleans County, Vermont","4","3","1"
"1000000US500199516002002","Block 2002, Block Group 2, Census Tract 9516, Orleans County, Vermont","2","2","0"
"1000000US500199516002003","Block 2003, Block Group 2, Census Tract 9516, Orleans County, Vermont","9","9","0"
"1000000US500199516002004","Block 2004, Block Group 2, Census Tract 9516, Orleans County, Vermont","0","0","0"
"1000000US500199516002005","Block 2005, Block Group 2, Census Tract 9516, Orleans County, Vermont","20","18","2"
"1000000US500199516002006","Block 2006, Block Group 2, Census Tract 9516, Orleans County, Vermont","3","3","0"
"1000000US500199516002007","Block 2007, Block Group 2, Census Tract 9516, Orleans County, Vermont","1","1","0"
"1000000US500199516002008","Block 2008, Block Group 2, Census Tract 9516, Orleans County, Vermont","0","0","0"
"1000000US500199516002009","Block 2009, Block Group 2, Census Tract 9516, Orleans County, Vermont","12","11","1"
"1000000US500199516002010","Block 2010, Block Group 2, Census Tract 9516, Orleans County, Vermont","11","11","0"
"1000000US500199516002011","Block 2011, Block Group 2, Census Tract 9516, Orleans County, Vermont","7","7","0"
"1000000US500199516002012","Block 2012, Block Group 2, Census Tract 9516, Orleans County, Vermont","25","25","0"
"1000000US500199516002013","Block 2013, Block Group 2, Census Tract 9516, Orleans County, Vermont","1","1","0"
"1000000US500199516002014","Block 2014, Block Group 2, Census Tract 9516, Orleans County, Vermont","6","5","1"
"1000000US500199516002015","Block 2015, Block Group 2, Census Tract 9516, Orleans County, Vermont","0","0","0"
"1000000US500199516002016","Block 2016, Block Group 2, Census Tract 9516, Orleans County, Vermont","63","49","14"
"1000000US500199516002017","Block 2017, Block Group 2, Census Tract 9516, Orleans County, Vermont","0","0","0"
"1000000US500199516002018","Block 2018, Block Group 2, Census Tract 9516, Orleans County, Vermont","6","6","0"
"1000000US500199516002019","Block 2019, Block Group 2, Census Tract 9516, Orleans County, Vermont","2","1","1"
"1000000US500199516002020","Block 2020, Block Group 2, Census Tract 9516, Orleans County, Vermont","22","20","2"
"1000000US500199516002021","Block 2021, Block Group 2, Census Tract 9516, Orleans County, Vermont","34","30","4"
"1000000US500199516002022","Block 2022, Block Group 2, Census Tract 9516, Orleans County, Vermont","1","1","0"
"1000000US500199516002023","Block 2023, Block Group 2, Census Tract 9516, Orleans County, Vermont","6","6","0"
"1000000US500199516002024","Block 2024, Block Group 2, Census Tract 9516, Orleans County, Vermont","0","0","0"
"1000000US500199516002025","Block 2025, Block Group 2, Census Tract 9516, Orleans County, Vermont","18","14","4"
"1000000US500199516002026","Block 2026, Block Group 2, Census Tract 9516, Orleans County, Vermont","0","0","0"
"1000000US500199516002027","Block 2027, Block Group 2, Census Tract 9516, Orleans County, Vermont","17","15","2"
"1000000US500199516002028","Block 2028, Block Group 2, Census Tract 9516, Orleans County, Vermont","0","0","0"
"1000000US500199516002029","Block 2029, Block Group 2, Census Tract 9516, Orleans County, Vermont","1","1","0"
"1000000US500199516002030","Block 2030, Block Group 2, Census Tract 9516, Orleans County, Vermont","0","0","0"
"1000000US500199516002031","Block 2031, Block Group 2, Census Tract 9516, Orleans County, Vermont","15","6","9"
"1000000US500199516002032","Block 2032, Block Group 2, Census Tract 9516, Orleans County, Vermont","2","1","1"
"1000000US500199516002033","Block 2033, Block Group 2, Census Tract 9516, Orleans County, Vermont","7","2","5"
"1000000US500199516002034","Block 2034, Block Group 2, Census Tract 9516, Orleans County, Vermont","2","0","2"
"1000000US500199516003000","Block 3000, Block Group 3, Census Tract 9516, Orleans County, Vermont","1","1","0"
"1000000US500199516003001","Block 3001, Block Group 3, Census Tract 9516, Orleans County, Vermont","6","5","1"
"1000000US500199516003002","Block 3002, Block Group 3, Census Tract 9516, Orleans County, Vermont","0","0","0"
"1000000US500199516003003","Block 3003, Block Group 3, Census Tract 9516, Orleans County, Vermont","4","2","2"
"1000000US500199516003004","Block 3004, Block Group 3, Census Tract 9516, Orleans County, Vermont","0","0","0"
"1000000US500199516003005","Block 3005, Block Group 3, Census Tract 9516, Orleans County, Vermont","0","0","0"
"1000000US500199516003006","Block 3006, Block Group 3, Census Tract 9516, Orleans County, Vermont","1","1","0"
"1000000US500199516003007","Block 3007, Block Group 3, Census Tract 9516, Orleans County, Vermont","0","0","0"
"1000000US500199516003008","Block 3008, Block Group 3, Census Tract 9516, Orleans County, Vermont","0","0","0"
"1000000US500199516003009","Block 3009, Block Group 3, Census Tract 9516, Orleans County, Vermont","0","0","0"
"1000000US500199516003010","Block 3010, Block Group 3, Census Tract 9516, Orleans County, Vermont","0","0","0"
"1000000US500199516003011","Block 3011, Block Group 3, Census Tract 9516, Orleans County, Vermont","0","0","0"
"1000000US500199516003012","Block 3012, Block Group 3, Census Tract 9516, Orleans County, Vermont","0","0","0"
"1000000US500199516003013","Block 3013, Block Group 3, Census Tract 9516, Orleans County, Vermont","0","0","0"
"1000000US500199516003014","Block 3014, Block Group 3, Census Tract 9516, Orleans County, Vermont","4","4","0"
"1000000US500199516003015","Block 3015, Block Group 3, Census Tract 9516, Orleans County, Vermont","0","0","0"
"1000000US500199516003016","Block 3016, Block Group 3, Census Tract 9516, Orleans County, Vermont","0","0","0"
"1000000US500199516003017","Block 3017, Block Group 3, Census Tract 9516, Orleans County, Vermont","6","5","1"
"1000000US500199516003018","Block 3018, Block Group 3, Census Tract 9516, Orleans County, Vermont","1","1","0"
"1000000US500199516003019","Block 3019, Block Group 3, Census Tract 9516, Orleans County, Vermont","0","0","0"
"1000000US500199516003020","Block 3020, Block Group 3, Census Tract 9516, Orleans County, Vermont","7","7","0"
"1000000US500199516003021","Block 3021, Block Group 3, Census Tract 9516, Orleans County, Vermont","13","12","1"
"1000000US500199516003022","Block 3022, Block Group 3, Census Tract 9516, Orleans County, Vermont","0","0","0"
"1000000US500199516003023","Block 3023, Block Group 3, Census Tract 9516, Orleans County, Vermont","0","0","0"
"1000000US500199516003024","Block 3024, Block Group 3, Census Tract 9516, Orleans County, Vermont","3","3","0"
"1000000US500199516003025","Block 3025, Block Group 3, Census Tract 9516, Orleans County, Vermont","6","6","0"
"1000000US500199516003026","Block 3026, Block Group 3, Census Tract 9516, Orleans County, Vermont","0","0","0"
"1000000US500199516003027","Block 3027, Block Group 3, Census Tract 9516, Orleans County, Vermont","1","1","0"
"1000000US500199516003028","Block 3028, Block Group 3, Census Tract 9516, Orleans County, Vermont","29","25","4"
"1000000US500199516003029","Block 3029, Block Group 3, Census Tract 9516, Orleans County, Vermont","6","4","2"
"1000000US500199516003030","Block 3030, Block Group 3, Census Tract 9516, Orleans County, Vermont","3","2","1"
"1000000US500199516003031","Block 3031, Block Group 3, Census Tract 9516, Orleans County, Vermont","2","2","0"
"1000000US500199516003032","Block 3032, Block Group 3, Census Tract 9516, Orleans County, Vermont","0","0","0"
"1000000US500199516003033","Block 3033, Block Group 3, Census Tract 9516, Orleans County, Vermont","0","0","0"
"1000000US500199516003034","Block 3034, Block Group 3, Census Tract 9516, Orleans County, Vermont","0","0","0"
"1000000US500199516003035","Block 3035, Block Group 3, Census Tract 9516, Orleans County, Vermont","29","24","5"
"1000000US500199516003036","Block 3036, Block Group 3, Census Tract 9516, Orleans County, Vermont","14","12","2"
"1000000US500199516003037","Block 3037, Block Group 3, Census Tract 9516, Orleans County, Vermont","4","4","0"
"1000000US500199516003038","Block 3038, Block Group 3, Census Tract 9516, Orleans County, Vermont","47","41","6"
"1000000US500199516003039","Block 3039, Block Group 3, Census Tract 9516, Orleans County, Vermont","12","11","1"
"1000000US500199516003040","Block 3040, Block Group 3, Census Tract 9516, Orleans County, Vermont","0","0","0"
"1000000US500199516003041","Block 3041, Block Group 3, Census Tract 9516, Orleans County, Vermont","30","28","2"
"1000000US500199516003042","Block 3042, Block Group 3, Census Tract 9516, Orleans County, Vermont","6","2","4"
"1000000US500199516003043","Block 3043, Block Group 3, Census Tract 9516, Orleans County, Vermont","14","14","0"
"1000000US500199516003044","Block 3044, Block Group 3, Census Tract 9516, Orleans County, Vermont","17","14","3"
"1000000US500199516003045","Block 3045, Block Group 3, Census Tract 9516, Orleans County, Vermont","0","0","0"
"1000000US500199516003046","Block 3046, Block Group 3, Census Tract 9516, Orleans County, Vermont","18","11","7"
"1000000US500199516003047","Block 3047, Block Group 3, Census Tract 9516, Orleans County, Vermont","16","14","2"
"1000000US500199516003048","Block 3048, Block Group 3, Census Tract 9516, Orleans County, Vermont","15","12","3"
"1000000US500199516003049","Block 3049, Block Group 3, Census Tract 9516, Orleans County, Vermont","0","0","0"
"1000000US500199516003050","Block 3050, Block Group 3, Census Tract 9516, Orleans County, Vermont","24","18","6"
"1000000US500199516003051","Block 3051, Block Group 3, Census Tract 9516, Orleans County, Vermont","1","0","1"
"1000000US500199516003052","Block 3052, Block Group 3, Census Tract 9516, Orleans County, Vermont","0","0","0"
"1000000US500199516003053","Block 3053, Block Group 3, Census Tract 9516, Orleans County, Vermont","1","1","0"
"1000000US500199516003054","Block 3054, Block Group 3, Census Tract 9516, Orleans County, Vermont","0","0","0"
"1000000US500199516003055","Block 3055, Block Group 3, Census Tract 9516, Orleans County, Vermont","1","0","1"
"1000000US500199516003056","Block 3056, Block Group 3, Census Tract 9516, Orleans County, Vermont","0","0","0"
"1000000US500199516003057","Block 3057, Block Group 3, Census Tract 9516, Orleans County, Vermont","0","0","0"
"1000000US500199516003058","Block 3058, Block Group 3, Census Tract 9516, Orleans County, Vermont","6","2","4"
"1000000US500199516003059","Block 3059, Block Group 3, Census Tract 9516, Orleans County, Vermont","11","9","2"
"1000000US500199516003060","Block 3060, Block Group 3, Census Tract 9516, Orleans County, Vermont","0","0","0"
"1000000US500199516003061","Block 3061, Block Group 3, Census Tract 9516, Orleans County, Vermont","51","49","2"
"1000000US500199516003062","Block 3062, Block Group 3, Census Tract 9516, Orleans County, Vermont","0","0","0"
"1000000US500199516003063","Block 3063, Block Group 3, Census Tract 9516, Orleans County, Vermont","0","0","0"
"1000000US500199516003064","Block 3064, Block Group 3, Census Tract 9516, Orleans County, Vermont","1","1","0"
"1000000US500199516003065","Block 3065, Block Group 3, Census Tract 9516, Orleans County, Vermont","0","0","0"
"1000000US500199516003066","Block 3066, Block Group 3, Census Tract 9516, Orleans County, Vermont","23","22","1"
"1000000US500199516003067","Block 3067, Block Group 3, Census Tract 9516, Orleans County, Vermont","0","0","0"
"1000000US500199516003068","Block 3068, Block Group 3, Census Tract 9516, Orleans County, Vermont","5","5","0"
"1000000US500199516003069","Block 3069, Block Group 3, Census Tract 9516, Orleans County, Vermont","2","1","1"
"1000000US500199516003070","Block 3070, Block Group 3, Census Tract 9516, Orleans County, Vermont","0","0","0"
"1000000US500199516003071","Block 3071, Block Group 3, Census Tract 9516, Orleans County, Vermont","4","2","2"
"1000000US500199516003072","Block 3072, Block Group 3, Census Tract 9516, Orleans County, Vermont","1","0","1"
"1000000US500199516003073","Block 3073, Block Group 3, Census Tract 9516, Orleans County, Vermont","1","1","0"
"1000000US500199516003074","Block 3074, Block Group 3, Census Tract 9516, Orleans County, Vermont","1","1","0"
"1000000US500199516003075","Block 3075, Block Group 3, Census Tract 9516, Orleans County, Vermont","13","13","0"
"1000000US500199516003076","Block 3076, Block Group 3, Census Tract 9516, Orleans County, Vermont","0","0","0"
"1000000US500199516003077","Block 3077, Block Group 3, Census Tract 9516, Orleans County, Vermont","9","8","1"
"1000000US500199516003078","Block 3078, Block Group 3, Census Tract 9516, Orleans County, Vermont","0","0","0"
"1000000US500199516004000","Block 4000, Block Group 4, Census Tract 9516, Orleans County, Vermont","2","2","0"
"1000000US500199516004001","Block 4001, Block Group 4, Census Tract 9516, Orleans County, Vermont","1","1","0"
"1000000US500199516004002","Block 4002, Block Group 4, Census Tract 9516, Orleans County, Vermont","61","43","18"
"1000000US500199516004003","Block 4003, Block Group 4, Census Tract 9516, Orleans County, Vermont","6","6","0"
"1000000US500199516004004","Block 4004, Block Group 4, Census Tract 9516, Orleans County, Vermont","12","11","1"
"1000000US500199516004005","Block 4005, Block Group 4, Census Tract 9516, Orleans County, Vermont","33","24","9"
"1000000US500199516004006","Block 4006, Block Group 4, Census Tract 9516, Orleans County, Vermont","4","3","1"
"1000000US500199516004007","Block 4007, Block Group 4, Census Tract 9516, Orleans County, Vermont","0","0","0"
"1000000US500199516004008","Block 4008, Block Group 4, Census Tract 9516, Orleans County, Vermont","2","1","1"
"1000000US500199516004009","Block 4009, Block Group 4, Census Tract 9516, Orleans County, Vermont","0","0","0"
"1000000US500199516004010","Block 4010, Block Group 4, Census Tract 9516, Orleans County, Vermont","1","1","0"
"1000000US500199516004011","Block 4011, Block Group 4, Census Tract 9516, Orleans County, Vermont","8","7","1"
"1000000US500199516004012","Block 4012, Block Group 4, Census Tract 9516, Orleans County, Vermont","1","1","0"
"1000000US500199516004013","Block 4013, Block Group 4, Census Tract 9516, Orleans County, Vermont","0","0","0"
"1000000US500199516004014","Block 4014, Block Group 4, Census Tract 9516, Orleans County, Vermont","0","0","0"
"1000000US500199516004015","Block 4015, Block Group 4, Census Tract 9516, Orleans County, Vermont","0","0","0"
"1000000US500199516004016","Block 4016, Block Group 4, Census Tract 9516, Orleans County, Vermont","2","1","1"
"1000000US500199516004017","Block 4017, Block Group 4, Census Tract 9516, Orleans County, Vermont","0","0","0"
"1000000US500199516004018","Block 4018, Block Group 4, Census Tract 9516, Orleans County, Vermont","0","0","0"
"1000000US500199516004019","Block 4019, Block Group 4, Census Tract 9516, Orleans County, Vermont","12","10","2"
"1000000US500199516004020","Block 4020, Block Group 4, Census Tract 9516, Orleans County, Vermont","1","0","1"
"1000000US500199516004021","Block 4021, Block Group 4, Census Tract 9516, Orleans County, Vermont","0","0","0"
"1000000US500199516004022","Block 4022, Block Group 4, Census Tract 9516, Orleans County, Vermont","3","3","0"
"1000000US500199516004023","Block 4023, Block Group 4, Census Tract 9516, Orleans County, Vermont","0","0","0"
"1000000US500199516004024","Block 4024, Block Group 4, Census Tract 9516, Orleans County, Vermont","0","0","0"
"1000000US500199516004025","Block 4025, Block Group 4, Census Tract 9516, Orleans County, Vermont","5","2","3"
"1000000US500199516004026","Block 4026, Block Group 4, Census Tract 9516, Orleans County, Vermont","7","7","0"
"1000000US500199516004027","Block 4027, Block Group 4, Census Tract 9516, Orleans County, Vermont","6","5","1"
"1000000US500199516004028","Block 4028, Block Group 4, Census Tract 9516, Orleans County, Vermont","10","6","4"
"1000000US500199516004029","Block 4029, Block Group 4, Census Tract 9516, Orleans County, Vermont","40","36","4"
"1000000US500199516004030","Block 4030, Block Group 4, Census Tract 9516, Orleans County, Vermont","9","6","3"
"1000000US500199516004031","Block 4031, Block Group 4, Census Tract 9516, Orleans County, Vermont","8","8","0"
"1000000US500199516004032","Block 4032, Block Group 4, Census Tract 9516, Orleans County, Vermont","2","1","1"
"1000000US500199516004033","Block 4033, Block Group 4, Census Tract 9516, Orleans County, Vermont","0","0","0"
"1000000US500199516004034","Block 4034, Block Group 4, Census Tract 9516, Orleans County, Vermont","22","18","4"
"1000000US500199516004035","Block 4035, Block Group 4, Census Tract 9516, Orleans County, Vermont","5","2","3"
"1000000US500199516004036","Block 4036, Block Group 4, Census Tract 9516, Orleans County, Vermont","0","0","0"
"1000000US500199516004037","Block 4037, Block Group 4, Census Tract 9516, Orleans County, Vermont","34","29","5"
"1000000US500199516004038","Block 4038, Block Group 4, Census Tract 9516, Orleans County, Vermont","5","4","1"
"1000000US500199516004039","Block 4039, Block Group 4, Census Tract 9516, Orleans County, Vermont","0","0","0"
"1000000US500199516004040","Block 4040, Block Group 4, Census Tract 9516, Orleans County, Vermont","0","0","0"
"1000000US500199516004041","Block 4041, Block Group 4, Census Tract 9516, Orleans County, Vermont","0","0","0"
"1000000US500199516004042","Block 4042, Block Group 4, Census Tract 9516, Orleans County, Vermont","0","0","0"
"1000000US500199516004043","Block 4043, Block Group 4, Census Tract 9516, Orleans County, Vermont","0","0","0"
"1000000US500199516004044","Block 4044, Block Group 4, Census Tract 9516, Orleans County, Vermont","5","3","2"
"1000000US500199516004045","Block 4045, Block Group 4, Census Tract 9516, Orleans County, Vermont","2","2","0"
"1000000US500199516004046","Block 4046, Block Group 4, Census Tract 9516, Orleans County, Vermont","0","0","0"
"1000000US500199516004047","Block 4047, Block Group 4, Census Tract 9516, Orleans County, Vermont","0","0","0"
"1000000US500199516004048","Block 4048, Block Group 4, Census Tract 9516, Orleans County, Vermont","3","0","3"
"1000000US500199516004049","Block 4049, Block Group 4, Census Tract 9516, Orleans County, Vermont","1","0","1"
"1000000US500199516004050","Block 4050, Block Group 4, Census Tract 9516, Orleans County, Vermont","13","12","1"
"1000000US500199516004051","Block 4051, Block Group 4, Census Tract 9516, Orleans County, Vermont","0","0","0"
"1000000US500199516004052","Block 4052, Block Group 4, Census Tract 9516, Orleans County, Vermont","17","13","4"
"1000000US500199516004053","Block 4053, Block Group 4, Census Tract 9516, Orleans County, Vermont","14","7","7"
"1000000US500199516004054","Block 4054, Block Group 4, Census Tract 9516, Orleans County, Vermont","1","1","0"
"1000000US500199516004055","Block 4055, Block Group 4, Census Tract 9516, Orleans County, Vermont","0","0","0"
"1000000US500199516004056","Block 4056, Block Group 4, Census Tract 9516, Orleans County, Vermont","3","2","1"
"1000000US500199516004057","Block 4057, Block Group 4, Census Tract 9516, Orleans County, Vermont","6","6","0"
"1000000US500199516004058","Block 4058, Block Group 4, Census Tract 9516, Orleans County, Vermont","2","1","1"
"1000000US500199516004059","Block 4059, Block Group 4, Census Tract 9516, Orleans County, Vermont","1","1","0"
"1000000US500199516004060","Block 4060, Block Group 4, Census Tract 9516, Orleans County, Vermont","0","0","0"
"1000000US500199516005000","Block 5000, Block Group 5, Census Tract 9516, Orleans County, Vermont","2","1","1"
"1000000US500199516005001","Block 5001, Block Group 5, Census Tract 9516, Orleans County, Vermont","1","1","0"
"1000000US500199516005002","Block 5002, Block Group 5, Census Tract 9516, Orleans County, Vermont","31","19","12"
"1000000US500199516005003","Block 5003, Block Group 5, Census Tract 9516, Orleans County, Vermont","1","1","0"
"1000000US500199516005004","Block 5004, Block Group 5, Census Tract 9516, Orleans County, Vermont","0","0","0"
"1000000US500199516005005","Block 5005, Block Group 5, Census Tract 9516, Orleans County, Vermont","1","1","0"
"1000000US500199516005006","Block 5006, Block Group 5, Census Tract 9516, Orleans County, Vermont","0","0","0"
"1000000US500199516005007","Block 5007, Block Group 5, Census Tract 9516, Orleans County, Vermont","1","0","1"
"1000000US500199516005008","Block 5008, Block Group 5, Census Tract 9516, Orleans County, Vermont","0","0","0"
"1000000US500199516005009","Block 5009, Block Group 5, Census Tract 9516, Orleans County, Vermont","5","1","4"
"1000000US500199516005010","Block 5010, Block Group 5, Census Tract 9516, Orleans County, Vermont","0","0","0"
"1000000US500199516005011","Block 5011, Block Group 5, Census Tract 9516, Orleans County, Vermont","2","1","1"
"1000000US500199516005012","Block 5012, Block Group 5, Census Tract 9516, Orleans County, Vermont","43","25","18"
"1000000US500199516005013","Block 5013, Block Group 5, Census Tract 9516, Orleans County, Vermont","2","2","0"
"1000000US500199516005014","Block 5014, Block Group 5, Census Tract 9516, Orleans County, Vermont","0","0","0"
"1000000US500199516005015","Block 5015, Block Group 5, Census Tract 9516, Orleans County, Vermont","1","1","0"
"1000000US500199516005016","Block 5016, Block Group 5, Census Tract 9516, Orleans County, Vermont","336","53","283"
"1000000US500199516005017","Block 5017, Block Group 5, Census Tract 9516, Orleans County, Vermont","0","0","0"
"1000000US500199516005018","Block 5018, Block Group 5, Census Tract 9516, Orleans County, Vermont","36","0","36"
"1000000US500199516005019","Block 5019, Block Group 5, Census Tract 9516, Orleans County, Vermont","9","5","4"
"1000000US500199516005020","Block 5020, Block Group 5, Census Tract 9516, Orleans County, Vermont","0","0","0"
"1000000US500199516005021","Block 5021, Block Group 5, Census Tract 9516, Orleans County, Vermont","0","0","0"
"1000000US500199516005022","Block 5022, Block Group 5, Census Tract 9516, Orleans County, Vermont","12","2","10"
"1000000US500199516005023","Block 5023, Block Group 5, Census Tract 9516, Orleans County, Vermont","0","0","0"
"1000000US500199516005024","Block 5024, Block Group 5, Census Tract 9516, Orleans County, Vermont","0","0","0"
"1000000US500199516005025","Block 5025, Block Group 5, Census Tract 9516, Orleans County, Vermont","14","12","2"
"1000000US500199516005026","Block 5026, Block Group 5, Census Tract 9516, Orleans County, Vermont","3","0","3"
"1000000US500199516005027","Block 5027, Block Group 5, Census Tract 9516, Orleans County, Vermont","12","8","4"
"1000000US500199516005028","Block 5028, Block Group 5, Census Tract 9516, Orleans County, Vermont","0","0","0"
"1000000US500199516005029","Block 5029, Block Group 5, Census Tract 9516, Orleans County, Vermont","0","0","0"
"1000000US500199516005030","Block 5030, Block Group 5, Census Tract 9516, Orleans County, Vermont","2","2","0"
"1000000US500199516005031","Block 5031, Block Group 5, Census Tract 9516, Orleans County, Vermont","0","0","0"
"1000000US500199516005032","Block 5032, Block Group 5, Census Tract 9516, Orleans County, Vermont","0","0","0"
"1000000US500199516005033","Block 5033, Block Group 5, Census Tract 9516, Orleans County, Vermont","0","0","0"
"1000000US500199516005034","Block 5034, Block Group 5, Census Tract 9516, Orleans County, Vermont","0","0","0"
"1000000US500199516005035","Block 5035, Block Group 5, Census Tract 9516, Orleans County, Vermont","3","3","0"
"1000000US500199516005036","Block 5036, Block Group 5, Census Tract 9516, Orleans County, Vermont","1","1","0"
"1000000US500199516005037","Block 5037, Block Group 5, Census Tract 9516, Orleans County, Vermont","7","3","4"
"1000000US500199516005038","Block 5038, Block Group 5, Census Tract 9516, Orleans County, Vermont","10","1","9"
"1000000US500199516005039","Block 5039, Block Group 5, Census Tract 9516, Orleans County, Vermont","0","0","0"
"1000000US500199516005040","Block 5040, Block Group 5, Census Tract 9516, Orleans County, Vermont","0","0","0"
"1000000US500199516005041","Block 5041, Block Group 5, Census Tract 9516, Orleans County, Vermont","3","1","2"
"1000000US500199516005042","Block 5042, Block Group 5, Census Tract 9516, Orleans County, Vermont","5","5","0"
"1000000US500199516005043","Block 5043, Block Group 5, Census Tract 9516, Orleans County, Vermont","15","10","5"
"1000000US500199516005044","Block 5044, Block Group 5, Census Tract 9516, Orleans County, Vermont","2","2","0"
"1000000US500199516005045","Block 5045, Block Group 5, Census Tract 9516, Orleans County, Vermont","0","0","0"
"1000000US500199516005046","Block 5046, Block Group 5, Census Tract 9516, Orleans County, Vermont","0","0","0"
"1000000US500199516005047","Block 5047, Block Group 5, Census Tract 9516, Orleans County, Vermont","0","0","0"
"1000000US500199516005048","Block 5048, Block Group 5, Census Tract 9516, Orleans County, Vermont","1","1","0"
"1000000US500199516005049","Block 5049, Block Group 5, Census Tract 9516, Orleans County, Vermont","7","5","2"
"1000000US500199516005050","Block 5050, Block Group 5, Census Tract 9516, Orleans County, Vermont","22","14","8"
"1000000US500199516005051","Block 5051, Block Group 5, Census Tract 9516, Orleans County, Vermont","58","22","36"
"1000000US500199516005052","Block 5052, Block Group 5, Census Tract 9516, Orleans County, Vermont","4","2","2"
"1000000US500199516005053","Block 5053, Block Group 5, Census Tract 9516, Orleans County, Vermont","0","0","0"
"1000000US500199516005054","Block 5054, Block Group 5, Census Tract 9516, Orleans County, Vermont","0","0","0"
"1000000US500199516005055","Block 5055, Block Group 5, Census Tract 9516, Orleans County, Vermont","3","0","3"
"1000000US500199516005056","Block 5056, Block Group 5, Census Tract 9516, Orleans County, Vermont","1","0","1"
"1000000US500199516005057","Block 5057, Block Group 5, Census Tract 9516, Orleans County, Vermont","0","0","0"
"1000000US500199516005058","Block 5058, Block Group 5, Census Tract 9516, Orleans County, Vermont","0","0","0"
"1000000US500199516005059","Block 5059, Block Group 5, Census Tract 9516, Orleans County, Vermont","7","5","2"
"1000000US500199516005060","Block 5060, Block Group 5, Census Tract 9516, Orleans County, Vermont","5","2","3"
"1000000US500199516005061","Block 5061, Block Group 5, Census Tract 9516, Orleans County, Vermont","0","0","0"
"1000000US500199516005062","Block 5062, Block Group 5, Census Tract 9516, Orleans County, Vermont","16","10","6"
"1000000US500199516005063","Block 5063, Block Group 5, Census Tract 9516, Orleans County, Vermont","0","0","0"
"1000000US500199516005064","Block 5064, Block Group 5, Census Tract 9516, Orleans County, Vermont","14","11","3"
"1000000US500199516005065","Block 5065, Block Group 5, Census Tract 9516, Orleans County, Vermont","10","8","2"
"1000000US500199516005066","Block 5066, Block Group 5, Census Tract 9516, Orleans County, Vermont","0","0","0"
"1000000US500199516005067","Block 5067, Block Group 5, Census Tract 9516, Orleans County, Vermont","2","1","1"
"1000000US500199516005068","Block 5068, Block Group 5, Census Tract 9516, Orleans County, Vermont","91","54","37"
"1000000US500199516005069","Block 5069, Block Group 5, Census Tract 9516, Orleans County, Vermont","0","0","0"
"1000000US500199516005070","Block 5070, Block Group 5, Census Tract 9516, Orleans County, Vermont","0","0","0"
"1000000US500199516005071","Block 5071, Block Group 5, Census Tract 9516, Orleans County, Vermont","0","0","0"
"1000000US500199516005072","Block 5072, Block Group 5, Census Tract 9516, Orleans County, Vermont","11","6","5"
"1000000US500199516005073","Block 5073, Block Group 5, Census Tract 9516, Orleans County, Vermont","37","6","31"
"1000000US500199516005074","Block 5074, Block Group 5, Census Tract 9516, Orleans County, Vermont","5","4","1"
"1000000US500199516005075","Block 5075, Block Group 5, Census Tract 9516, Orleans County, Vermont","8","5","3"
"1000000US500199516005076","Block 5076, Block Group 5, Census Tract 9516, Orleans County, Vermont","10","3","7"
"1000000US500199516005077","Block 5077, Block Group 5, Census Tract 9516, Orleans County, Vermont","2","1","1"
"1000000US500199516005078","Block 5078, Block Group 5, Census Tract 9516, Orleans County, Vermont","9","9","0"
"1000000US500199516005079","Block 5079, Block Group 5, Census Tract 9516, Orleans County, Vermont","16","4","12"
"1000000US500199516005080","Block 5080, Block Group 5, Census Tract 9516, Orleans County, Vermont","0","0","0"
"1000000US500199516005081","Block 5081, Block Group 5, Census Tract 9516, Orleans County, Vermont","9","2","7"
"1000000US500199516005082","Block 5082, Block Group 5, Census Tract 9516, Orleans County, Vermont","33","27","6"
"1000000US500199516005083","Block 5083, Block Group 5, Census Tract 9516, Orleans County, Vermont","0","0","0"
"1000000US500199516005084","Block 5084, Block Group 5, Census Tract 9516, Orleans County, Vermont","3","3","0"
"1000000US500199516005085","Block 5085, Block Group 5, Census Tract 9516, Orleans County, Vermont","2","2","0"
"1000000US500199516005086","Block 5086, Block Group 5, Census Tract 9516, Orleans County, Vermont","1","0","1"
"1000000US500199516005087","Block 5087, Block Group 5, Census Tract 9516, Orleans County, Vermont","0","0","0"
"1000000US500199516005088","Block 5088, Block Group 5, Census Tract 9516, Orleans County, Vermont","5","3","2"
"1000000US500199516005089","Block 5089, Block Group 5, Census Tract 9516, Orleans County, Vermont","11","1","10"
"1000000US500199516005090","Block 5090, Block Group 5, Census Tract 9516, Orleans County, Vermont","1","0","1"
"1000000US500199516005091","Block 5091, Block Group 5, Census Tract 9516, Orleans County, Vermont","2","1","1"
"1000000US500199516005092","Block 5092, Block Group 5, Census Tract 9516, Orleans County, Vermont","0","0","0"
"1000000US500199516005093","Block 5093, Block Group 5, Census Tract 9516, Orleans County, Vermont","0","0","0"
"1000000US500199516005094","Block 5094, Block Group 5, Census Tract 9516, Orleans County, Vermont","15","14","1"
"1000000US500199516005095","Block 5095, Block Group 5, Census Tract 9516, Orleans County, Vermont","2","2","0"
"1000000US500199516005096","Block 5096, Block Group 5, Census Tract 9516, Orleans County, Vermont","3","3","0"
"1000000US500199516005097","Block 5097, Block Group 5, Census Tract 9516, Orleans County, Vermont","0","0","0"
"1000000US500199516005098","Block 5098, Block Group 5, Census Tract 9516, Orleans County, Vermont","0","0","0"
"1000000US500199516005099","Block 5099, Block Group 5, Census Tract 9516, Orleans County, Vermont","0","0","0"
"1000000US500199516005100","Block 5100, Block Group 5, Census Tract 9516, Orleans County, Vermont","0","0","0"
"1000000US500199516005101","Block 5101, Block Group 5, Census Tract 9516, Orleans County, Vermont","0","0","0"
"1000000US500199516005102","Block 5102, Block Group 5, Census Tract 9516, Orleans County, Vermont","2","0","2"
"1000000US500199516005103","Block 5103, Block Group 5, Census Tract 9516, Orleans County, Vermont","0","0","0"
"1000000US500199516005104","Block 5104, Block Group 5, Census Tract 9516, Orleans County, Vermont","0","0","0"
"1000000US500199516005105","Block 5105, Block Group 5, Census Tract 9516, Orleans County, Vermont","2","2","0"
"1000000US500199516005106","Block 5106, Block Group 5, Census Tract 9516, Orleans County, Vermont","1","1","0"
"1000000US500199516005107","Block 5107, Block Group 5, Census Tract 9516, Orleans County, Vermont","0","0","0"
"1000000US500199516005108","Block 5108, Block Group 5, Census Tract 9516, Orleans County, Vermont","2","2","0"
"1000000US500199516005109","Block 5109, Block Group 5, Census Tract 9516, Orleans County, Vermont","11","11","0"
"1000000US500199516005110","Block 5110, Block Group 5, Census Tract 9516, Orleans County, Vermont","7","5","2"
"1000000US500199516005111","Block 5111, Block Group 5, Census Tract 9516, Orleans County, Vermont","15","13","2"
"1000000US500199516005112","Block 5112, Block Group 5, Census Tract 9516, Orleans County, Vermont","0","0","0"
"1000000US500199516005113","Block 5113, Block Group 5, Census Tract 9516, Orleans County, Vermont","5","3","2"
"1000000US500199516005114","Block 5114, Block Group 5, Census Tract 9516, Orleans County, Vermont","0","0","0"
"1000000US500199516005115","Block 5115, Block Group 5, Census Tract 9516, Orleans County, Vermont","0","0","0"
"1000000US500199516005116","Block 5116, Block Group 5, Census Tract 9516, Orleans County, Vermont","10","8","2"
"1000000US500199516005117","Block 5117, Block Group 5, Census Tract 9516, Orleans County, Vermont","0","0","0"
"1000000US500199516005118","Block 5118, Block Group 5, Census Tract 9516, Orleans County, Vermont","8","6","2"
"1000000US500199516005119","Block 5119, Block Group 5, Census Tract 9516, Orleans County, Vermont","0","0","0"
"1000000US500199516005120","Block 5120, Block Group 5, Census Tract 9516, Orleans County, Vermont","4","3","1"
"1000000US500199516005121","Block 5121, Block Group 5, Census Tract 9516, Orleans County, Vermont","4","3","1"
"1000000US500199516005122","Block 5122, Block Group 5, Census Tract 9516, Orleans County, Vermont","0","0","0"
"1000000US500199516005123","Block 5123, Block Group 5, Census Tract 9516, Orleans County, Vermont","0","0","0"
"1000000US500199516005124","Block 5124, Block Group 5, Census Tract 9516, Orleans County, Vermont","0","0","0"
"1000000US500199516005125","Block 5125, Block Group 5, Census Tract 9516, Orleans County, Vermont","1","1","0"
"1000000US500199516005126","Block 5126, Block Group 5, Census Tract 9516, Orleans County, Vermont","0","0","0"
"1000000US500199516005127","Block 5127, Block Group 5, Census Tract 9516, Orleans County, Vermont","0","0","0"
"1000000US500199516005128","Block 5128, Block Group 5, Census Tract 9516, Orleans County, Vermont","0","0","0"
"1000000US500199517001000","Block 1000, Block Group 1, Census Tract 9517, Orleans County, Vermont","0","0","0"
"1000000US500199517001001","Block 1001, Block Group 1, Census Tract 9517, Orleans County, Vermont","1","0","1"
"1000000US500199517001002","Block 1002, Block Group 1, Census Tract 9517, Orleans County, Vermont","0","0","0"
"1000000US500199517001003","Block 1003, Block Group 1, Census Tract 9517, Orleans County, Vermont","10","4","6"
"1000000US500199517001004","Block 1004, Block Group 1, Census Tract 9517, Orleans County, Vermont","4","0","4"
"1000000US500199517001005","Block 1005, Block Group 1, Census Tract 9517, Orleans County, Vermont","22","13","9"
"1000000US500199517001006","Block 1006, Block Group 1, Census Tract 9517, Orleans County, Vermont","0","0","0"
"1000000US500199517001007","Block 1007, Block Group 1, Census Tract 9517, Orleans County, Vermont","22","12","10"
"1000000US500199517001008","Block 1008, Block Group 1, Census Tract 9517, Orleans County, Vermont","21","8","13"
"1000000US500199517001009","Block 1009, Block Group 1, Census Tract 9517, Orleans County, Vermont","1","0","1"
"1000000US500199517001010","Block 1010, Block Group 1, Census Tract 9517, Orleans County, Vermont","10","6","4"
"1000000US500199517001011","Block 1011, Block Group 1, Census Tract 9517, Orleans County, Vermont","4","2","2"
"1000000US500199517001012","Block 1012, Block Group 1, Census Tract 9517, Orleans County, Vermont","1","1","0"
"1000000US500199517001013","Block 1013, Block Group 1, Census Tract 9517, Orleans County, Vermont","0","0","0"
"1000000US500199517001014","Block 1014, Block Group 1, Census Tract 9517, Orleans County, Vermont","2","2","0"
"1000000US500199517001015","Block 1015, Block Group 1, Census Tract 9517, Orleans County, Vermont","12","11","1"
"1000000US500199517001016","Block 1016, Block Group 1, Census Tract 9517, Orleans County, Vermont","21","19","2"
"1000000US500199517001017","Block 1017, Block Group 1, Census Tract 9517, Orleans County, Vermont","5","3","2"
"1000000US500199517001018","Block 1018, Block Group 1, Census Tract 9517, Orleans County, Vermont","0","0","0"
"1000000US500199517001019","Block 1019, Block Group 1, Census Tract 9517, Orleans County, Vermont","0","0","0"
"1000000US500199517001020","Block 1020, Block Group 1, Census Tract 9517, Orleans County, Vermont","0","0","0"
"1000000US500199517001021","Block 1021, Block Group 1, Census Tract 9517, Orleans County, Vermont","56","23","33"
"1000000US500199517001022","Block 1022, Block Group 1, Census Tract 9517, Orleans County, Vermont","2","1","1"
"1000000US500199517001023","Block 1023, Block Group 1, Census Tract 9517, Orleans County, Vermont","0","0","0"
"1000000US500199517001024","Block 1024, Block Group 1, Census Tract 9517, Orleans County, Vermont","1","0","1"
"1000000US500199517001025","Block 1025, Block Group 1, Census Tract 9517, Orleans County, Vermont","2","2","0"
"1000000US500199517001026","Block 1026, Block Group 1, Census Tract 9517, Orleans County, Vermont","0","0","0"
"1000000US500199517001027","Block 1027, Block Group 1, Census Tract 9517, Orleans County, Vermont","2","2","0"
"1000000US500199517001028","Block 1028, Block Group 1, Census Tract 9517, Orleans County, Vermont","17","14","3"
"1000000US500199517001029","Block 1029, Block Group 1, Census Tract 9517, Orleans County, Vermont","6","5","1"
"1000000US500199517001030","Block 1030, Block Group 1, Census Tract 9517, Orleans County, Vermont","6","6","0"
"1000000US500199517001031","Block 1031, Block Group 1, Census Tract 9517, Orleans County, Vermont","0","0","0"
"1000000US500199517001032","Block 1032, Block Group 1, Census Tract 9517, Orleans County, Vermont","0","0","0"
"1000000US500199517001033","Block 1033, Block Group 1, Census Tract 9517, Orleans County, Vermont","9","7","2"
"1000000US500199517001034","Block 1034, Block Group 1, Census Tract 9517, Orleans County, Vermont","11","10","1"
"1000000US500199517001035","Block 1035, Block Group 1, Census Tract 9517, Orleans County, Vermont","0","0","0"
"1000000US500199517001036","Block 1036, Block Group 1, Census Tract 9517, Orleans County, Vermont","2","1","1"
"1000000US500199517001037","Block 1037, Block Group 1, Census Tract 9517, Orleans County, Vermont","4","4","0"
"1000000US500199517001038","Block 1038, Block Group 1, Census Tract 9517, Orleans County, Vermont","5","2","3"
"1000000US500199517001039","Block 1039, Block Group 1, Census Tract 9517, Orleans County, Vermont","14","9","5"
"1000000US500199517001040","Block 1040, Block Group 1, Census Tract 9517, Orleans County, Vermont","4","3","1"
"1000000US500199517001041","Block 1041, Block Group 1, Census Tract 9517, Orleans County, Vermont","8","5","3"
"1000000US500199517001042","Block 1042, Block Group 1, Census Tract 9517, Orleans County, Vermont","0","0","0"
"1000000US500199517001043","Block 1043, Block Group 1, Census Tract 9517, Orleans County, Vermont","3","2","1"
"1000000US500199517001044","Block 1044, Block Group 1, Census Tract 9517, Orleans County, Vermont","2","2","0"
"1000000US500199517001045","Block 1045, Block Group 1, Census Tract 9517, Orleans County, Vermont","3","2","1"
"1000000US500199517001046","Block 1046, Block Group 1, Census Tract 9517, Orleans County, Vermont","31","20","11"
"1000000US500199517001047","Block 1047, Block Group 1, Census Tract 9517, Orleans County, Vermont","0","0","0"
"1000000US500199517001048","Block 1048, Block Group 1, Census Tract 9517, Orleans County, Vermont","0","0","0"
"1000000US500199517001049","Block 1049, Block Group 1, Census Tract 9517, Orleans County, Vermont","1","0","1"
"1000000US500199517001050","Block 1050, Block Group 1, Census Tract 9517, Orleans County, Vermont","0","0","0"
"1000000US500199517001051","Block 1051, Block Group 1, Census Tract 9517, Orleans County, Vermont","14","10","4"
"1000000US500199517001052","Block 1052, Block Group 1, Census Tract 9517, Orleans County, Vermont","29","23","6"
"1000000US500199517001053","Block 1053, Block Group 1, Census Tract 9517, Orleans County, Vermont","0","0","0"
"1000000US500199517001054","Block 1054, Block Group 1, Census Tract 9517, Orleans County, Vermont","6","5","1"
"1000000US500199517001055","Block 1055, Block Group 1, Census Tract 9517, Orleans County, Vermont","7","6","1"
"1000000US500199517001056","Block 1056, Block Group 1, Census Tract 9517, Orleans County, Vermont","8","6","2"
"1000000US500199517001057","Block 1057, Block Group 1, Census Tract 9517, Orleans County, Vermont","0","0","0"
"1000000US500199517001058","Block 1058, Block Group 1, Census Tract 9517, Orleans County, Vermont","11","9","2"
"1000000US500199517001059","Block 1059, Block Group 1, Census Tract 9517, Orleans County, Vermont","17","15","2"
"1000000US500199517001060","Block 1060, Block Group 1, Census Tract 9517, Orleans County, Vermont","14","7","7"
"1000000US500199517001061","Block 1061, Block Group 1, Census Tract 9517, Orleans County, Vermont","44","29","15"
"1000000US500199517001062","Block 1062, Block Group 1, Census Tract 9517, Orleans County, Vermont","1","1","0"
"1000000US500199517001063","Block 1063, Block Group 1, Census Tract 9517, Orleans County, Vermont","1","1","0"
"1000000US500199517001064","Block 1064, Block Group 1, Census Tract 9517, Orleans County, Vermont","2","1","1"
"1000000US500199517001065","Block 1065, Block Group 1, Census Tract 9517, Orleans County, Vermont","5","5","0"
"1000000US500199517001066","Block 1066, Block Group 1, Census Tract 9517, Orleans County, Vermont","1","1","0"
"1000000US500199517001067","Block 1067, Block Group 1, Census Tract 9517, Orleans County, Vermont","11","10","1"
"1000000US500199517001068","Block 1068, Block Group 1, Census Tract 9517, Orleans County, Vermont","4","3","1"
"1000000US500199517001069","Block 1069, Block Group 1, Census Tract 9517, Orleans County, Vermont","0","0","0"
"1000000US500199517001070","Block 1070, Block Group 1, Census Tract 9517, Orleans County, Vermont","0","0","0"
"1000000US500199517001071","Block 1071, Block Group 1, Census Tract 9517, Orleans County, Vermont","0","0","0"
"1000000US500199517001072","Block 1072, Block Group 1, Census Tract 9517, Orleans County, Vermont","2","1","1"
"1000000US500199517001073","Block 1073, Block Group 1, Census Tract 9517, Orleans County, Vermont","2","2","0"
"1000000US500199517001074","Block 1074, Block Group 1, Census Tract 9517, Orleans County, Vermont","3","2","1"
"1000000US500199517001075","Block 1075, Block Group 1, Census Tract 9517, Orleans County, Vermont","2","2","0"
"1000000US500199517002000","Block 2000, Block Group 2, Census Tract 9517, Orleans County, Vermont","0","0","0"
"1000000US500199517002001","Block 2001, Block Group 2, Census Tract 9517, Orleans County, Vermont","11","10","1"
"1000000US500199517002002","Block 2002, Block Group 2, Census Tract 9517, Orleans County, Vermont","13","12","1"
"1000000US500199517002003","Block 2003, Block Group 2, Census Tract 9517, Orleans County, Vermont","11","10","1"
"1000000US500199517002004","Block 2004, Block Group 2, Census Tract 9517, Orleans County, Vermont","2","1","1"
"1000000US500199517002005","Block 2005, Block Group 2, Census Tract 9517, Orleans County, Vermont","18","16","2"
"1000000US500199517002006","Block 2006, Block Group 2, Census Tract 9517, Orleans County, Vermont","0","0","0"
"1000000US500199517002007","Block 2007, Block Group 2, Census Tract 9517, Orleans County, Vermont","2","2","0"
"1000000US500199517002008","Block 2008, Block Group 2, Census Tract 9517, Orleans County, Vermont","0","0","0"
"1000000US500199517002009","Block 2009, Block Group 2, Census Tract 9517, Orleans County, Vermont","0","0","0"
"1000000US500199517002010","Block 2010, Block Group 2, Census Tract 9517, Orleans County, Vermont","0","0","0"
"1000000US500199517002011","Block 2011, Block Group 2, Census Tract 9517, Orleans County, Vermont","0","0","0"
"1000000US500199517002012","Block 2012, Block Group 2, Census Tract 9517, Orleans County, Vermont","26","24","2"
"1000000US500199517002013","Block 2013, Block Group 2, Census Tract 9517, Orleans County, Vermont","0","0","0"
"1000000US500199517002014","Block 2014, Block Group 2, Census Tract 9517, Orleans County, Vermont","0","0","0"
"1000000US500199517002015","Block 2015, Block Group 2, Census Tract 9517, Orleans County, Vermont","0","0","0"
"1000000US500199517002016","Block 2016, Block Group 2, Census Tract 9517, Orleans County, Vermont","0","0","0"
"1000000US500199517002017","Block 2017, Block Group 2, Census Tract 9517, Orleans County, Vermont","0","0","0"
"1000000US500199517002018","Block 2018, Block Group 2, Census Tract 9517, Orleans County, Vermont","4","2","2"
"1000000US500199517002019","Block 2019, Block Group 2, Census Tract 9517, Orleans County, Vermont","6","5","1"
"1000000US500199517002020","Block 2020, Block Group 2, Census Tract 9517, Orleans County, Vermont","19","19","0"
"1000000US500199517002021","Block 2021, Block Group 2, Census Tract 9517, Orleans County, Vermont","7","5","2"
"1000000US500199517002022","Block 2022, Block Group 2, Census Tract 9517, Orleans County, Vermont","0","0","0"
"1000000US500199517002023","Block 2023, Block Group 2, Census Tract 9517, Orleans County, Vermont","0","0","0"
"1000000US500199517002024","Block 2024, Block Group 2, Census Tract 9517, Orleans County, Vermont","0","0","0"
"1000000US500199517002025","Block 2025, Block Group 2, Census Tract 9517, Orleans County, Vermont","0","0","0"
"1000000US500199517002026","Block 2026, Block Group 2, Census Tract 9517, Orleans County, Vermont","1","1","0"
"1000000US500199517002027","Block 2027, Block Group 2, Census Tract 9517, Orleans County, Vermont","4","3","1"
"1000000US500199517002028","Block 2028, Block Group 2, Census Tract 9517, Orleans County, Vermont","20","17","3"
"1000000US500199517002029","Block 2029, Block Group 2, Census Tract 9517, Orleans County, Vermont","2","2","0"
"1000000US500199517002030","Block 2030, Block Group 2, Census Tract 9517, Orleans County, Vermont","0","0","0"
"1000000US500199517002031","Block 2031, Block Group 2, Census Tract 9517, Orleans County, Vermont","0","0","0"
"1000000US500199517002032","Block 2032, Block Group 2, Census Tract 9517, Orleans County, Vermont","1","1","0"
"1000000US500199517002033","Block 2033, Block Group 2, Census Tract 9517, Orleans County, Vermont","0","0","0"
"1000000US500199517002034","Block 2034, Block Group 2, Census Tract 9517, Orleans County, Vermont","0","0","0"
"1000000US500199517002035","Block 2035, Block Group 2, Census Tract 9517, Orleans County, Vermont","0","0","0"
"1000000US500199517002036","Block 2036, Block Group 2, Census Tract 9517, Orleans County, Vermont","0","0","0"
"1000000US500199517002037","Block 2037, Block Group 2, Census Tract 9517, Orleans County, Vermont","0","0","0"
"1000000US500199517002038","Block 2038, Block Group 2, Census Tract 9517, Orleans County, Vermont","0","0","0"
"1000000US500199517002039","Block 2039, Block Group 2, Census Tract 9517, Orleans County, Vermont","15","13","2"
"1000000US500199517002040","Block 2040, Block Group 2, Census Tract 9517, Orleans County, Vermont","0","0","0"
"1000000US500199517002041","Block 2041, Block Group 2, Census Tract 9517, Orleans County, Vermont","9","5","4"
"1000000US500199517002042","Block 2042, Block Group 2, Census Tract 9517, Orleans County, Vermont","0","0","0"
"1000000US500199517002043","Block 2043, Block Group 2, Census Tract 9517, Orleans County, Vermont","2","1","1"
"1000000US500199517002044","Block 2044, Block Group 2, Census Tract 9517, Orleans County, Vermont","1","1","0"
"1000000US500199517002045","Block 2045, Block Group 2, Census Tract 9517, Orleans County, Vermont","21","13","8"
"1000000US500199517002046","Block 2046, Block Group 2, Census Tract 9517, Orleans County, Vermont","1","1","0"
"1000000US500199517002047","Block 2047, Block Group 2, Census Tract 9517, Orleans County, Vermont","0","0","0"
"1000000US500199517002048","Block 2048, Block Group 2, Census Tract 9517, Orleans County, Vermont","8","3","5"
"1000000US500199517002049","Block 2049, Block Group 2, Census Tract 9517, Orleans County, Vermont","30","21","9"
"1000000US500199517002050","Block 2050, Block Group 2, Census Tract 9517, Orleans County, Vermont","0","0","0"
"1000000US500199517002051","Block 2051, Block Group 2, Census Tract 9517, Orleans County, Vermont","0","0","0"
"1000000US500199517002052","Block 2052, Block Group 2, Census Tract 9517, Orleans County, Vermont","0","0","0"
"1000000US500199517002053","Block 2053, Block Group 2, Census Tract 9517, Orleans County, Vermont","0","0","0"
"1000000US500199517002054","Block 2054, Block Group 2, Census Tract 9517, Orleans County, Vermont","2","1","1"
"1000000US500199517002055","Block 2055, Block Group 2, Census Tract 9517, Orleans County, Vermont","0","0","0"
"1000000US500199517002056","Block 2056, Block Group 2, Census Tract 9517, Orleans County, Vermont","25","20","5"
"1000000US500199517002057","Block 2057, Block Group 2, Census Tract 9517, Orleans County, Vermont","13","11","2"
"1000000US500199517002058","Block 2058, Block Group 2, Census Tract 9517, Orleans County, Vermont","0","0","0"
"1000000US500199517002059","Block 2059, Block Group 2, Census Tract 9517, Orleans County, Vermont","0","0","0"
"1000000US500199517002060","Block 2060, Block Group 2, Census Tract 9517, Orleans County, Vermont","0","0","0"
"1000000US500199517002061","Block 2061, Block Group 2, Census Tract 9517, Orleans County, Vermont","16","16","0"
"1000000US500199517002062","Block 2062, Block Group 2, Census Tract 9517, Orleans County, Vermont","21","17","4"
"1000000US500199517002063","Block 2063, Block Group 2, Census Tract 9517, Orleans County, Vermont","0","0","0"
"1000000US500199517002064","Block 2064, Block Group 2, Census Tract 9517, Orleans County, Vermont","9","9","0"
"1000000US500199517002065","Block 2065, Block Group 2, Census Tract 9517, Orleans County, Vermont","6","5","1"
"1000000US500199517002066","Block 2066, Block Group 2, Census Tract 9517, Orleans County, Vermont","0","0","0"
"1000000US500199517002067","Block 2067, Block Group 2, Census Tract 9517, Orleans County, Vermont","3","3","0"
"1000000US500199517002068","Block 2068, Block Group 2, Census Tract 9517, Orleans County, Vermont","1","1","0"
"1000000US500199517002069","Block 2069, Block Group 2, Census Tract 9517, Orleans County, Vermont","2","2","0"
"1000000US500199517002070","Block 2070, Block Group 2, Census Tract 9517, Orleans County, Vermont","22","21","1"
"1000000US500199517002071","Block 2071, Block Group 2, Census Tract 9517, Orleans County, Vermont","1","1","0"
"1000000US500199517002072","Block 2072, Block Group 2, Census Tract 9517, Orleans County, Vermont","1","1","0"
"1000000US500199517002073","Block 2073, Block Group 2, Census Tract 9517, Orleans County, Vermont","23","19","4"
"1000000US500199517002074","Block 2074, Block Group 2, Census Tract 9517, Orleans County, Vermont","9","9","0"
"1000000US500199517002075","Block 2075, Block Group 2, Census Tract 9517, Orleans County, Vermont","19","16","3"
"1000000US500199517002076","Block 2076, Block Group 2, Census Tract 9517, Orleans County, Vermont","0","0","0"
"1000000US500199517002077","Block 2077, Block Group 2, Census Tract 9517, Orleans County, Vermont","0","0","0"
"1000000US500199517002078","Block 2078, Block Group 2, Census Tract 9517, Orleans County, Vermont","51","48","3"
"1000000US500199517002079","Block 2079, Block Group 2, Census Tract 9517, Orleans County, Vermont","8","6","2"
"1000000US500199517002080","Block 2080, Block Group 2, Census Tract 9517, Orleans County, Vermont","2","2","0"
"1000000US500199517002081","Block 2081, Block Group 2, Census Tract 9517, Orleans County, Vermont","0","0","0"
"1000000US500199517002082","Block 2082, Block Group 2, Census Tract 9517, Orleans County, Vermont","2","2","0"
"1000000US500199517002083","Block 2083, Block Group 2, Census Tract 9517, Orleans County, Vermont","10","10","0"
"1000000US500199517002084","Block 2084, Block Group 2, Census Tract 9517, Orleans County, Vermont","0","0","0"
"1000000US500199517002085","Block 2085, Block Group 2, Census Tract 9517, Orleans County, Vermont","0","0","0"
"1000000US500199517002086","Block 2086, Block Group 2, Census Tract 9517, Orleans County, Vermont","4","4","0"
"1000000US500199517002087","Block 2087, Block Group 2, Census Tract 9517, Orleans County, Vermont","11","10","1"
"1000000US500199517002088","Block 2088, Block Group 2, Census Tract 9517, Orleans County, Vermont","0","0","0"
"1000000US500199517002089","Block 2089, Block Group 2, Census Tract 9517, Orleans County, Vermont","0","0","0"
"1000000US500199517002090","Block 2090, Block Group 2, Census Tract 9517, Orleans County, Vermont","27","23","4"
"1000000US500199517002091","Block 2091, Block Group 2, Census Tract 9517, Orleans County, Vermont","12","12","0"
"1000000US500199517002092","Block 2092, Block Group 2, Census Tract 9517, Orleans County, Vermont","1","0","1"
"1000000US500199517002093","Block 2093, Block Group 2, Census Tract 9517, Orleans County, Vermont","0","0","0"
"1000000US500199517002094","Block 2094, Block Group 2, Census Tract 9517, Orleans County, Vermont","0","0","0"
"1000000US500199517002095","Block 2095, Block Group 2, Census Tract 9517, Orleans County, Vermont","0","0","0"
"1000000US500199517002096","Block 2096, Block Group 2, Census Tract 9517, Orleans County, Vermont","0","0","0"
"1000000US500199517002097","Block 2097, Block Group 2, Census Tract 9517, Orleans County, Vermont","1","0","1"
"1000000US500199517002098","Block 2098, Block Group 2, Census Tract 9517, Orleans County, Vermont","0","0","0"
"1000000US500199517002099","Block 2099, Block Group 2, Census Tract 9517, Orleans County, Vermont","0","0","0"
"1000000US500199517002100","Block 2100, Block Group 2, Census Tract 9517, Orleans County, Vermont","0","0","0"
"1000000US500199517002101","Block 2101, Block Group 2, Census Tract 9517, Orleans County, Vermont","0","0","0"
"1000000US500199517002102","Block 2102, Block Group 2, Census Tract 9517, Orleans County, Vermont","0","0","0"
"1000000US500199517002103","Block 2103, Block Group 2, Census Tract 9517, Orleans County, Vermont","0","0","0"
"1000000US500199517002104","Block 2104, Block Group 2, Census Tract 9517, Orleans County, Vermont","0","0","0"
"1000000US500199517002105","Block 2105, Block Group 2, Census Tract 9517, Orleans County, Vermont","1","1","0"
"1000000US500199517002106","Block 2106, Block Group 2, Census Tract 9517, Orleans County, Vermont","0","0","0"
"1000000US500199517002107","Block 2107, Block Group 2, Census Tract 9517, Orleans County, Vermont","0","0","0"
"1000000US500199517002108","Block 2108, Block Group 2, Census Tract 9517, Orleans County, Vermont","0","0","0"
"1000000US500199517002109","Block 2109, Block Group 2, Census Tract 9517, Orleans County, Vermont","0","0","0"
"1000000US500199517002110","Block 2110, Block Group 2, Census Tract 9517, Orleans County, Vermont","2","2","0"
"1000000US500199517002111","Block 2111, Block Group 2, Census Tract 9517, Orleans County, Vermont","0","0","0"
"1000000US500199517002112","Block 2112, Block Group 2, Census Tract 9517, Orleans County, Vermont","0","0","0"
"1000000US500199517002113","Block 2113, Block Group 2, Census Tract 9517, Orleans County, Vermont","2","2","0"
"1000000US500199517003000","Block 3000, Block Group 3, Census Tract 9517, Orleans County, Vermont","21","17","4"
"1000000US500199517003001","Block 3001, Block Group 3, Census Tract 9517, Orleans County, Vermont","0","0","0"
"1000000US500199517003002","Block 3002, Block Group 3, Census Tract 9517, Orleans County, Vermont","0","0","0"
"1000000US500199517003003","Block 3003, Block Group 3, Census Tract 9517, Orleans County, Vermont","2","2","0"
"1000000US500199517003004","Block 3004, Block Group 3, Census Tract 9517, Orleans County, Vermont","0","0","0"
"1000000US500199517003005","Block 3005, Block Group 3, Census Tract 9517, Orleans County, Vermont","0","0","0"
"1000000US500199517003006","Block 3006, Block Group 3, Census Tract 9517, Orleans County, Vermont","0","0","0"
"1000000US500199517003007","Block 3007, Block Group 3, Census Tract 9517, Orleans County, Vermont","34","29","5"
"1000000US500199517003008","Block 3008, Block Group 3, Census Tract 9517, Orleans County, Vermont","1","1","0"
"1000000US500199517003009","Block 3009, Block Group 3, Census Tract 9517, Orleans County, Vermont","0","0","0"
"1000000US500199517003010","Block 3010, Block Group 3, Census Tract 9517, Orleans County, Vermont","2","1","1"
"1000000US500199517003011","Block 3011, Block Group 3, Census Tract 9517, Orleans County, Vermont","0","0","0"
"1000000US500199517003012","Block 3012, Block Group 3, Census Tract 9517, Orleans County, Vermont","0","0","0"
"1000000US500199517003013","Block 3013, Block Group 3, Census Tract 9517, Orleans County, Vermont","3","3","0"
"1000000US500199517003014","Block 3014, Block Group 3, Census Tract 9517, Orleans County, Vermont","40","31","9"
"1000000US500199517003015","Block 3015, Block Group 3, Census Tract 9517, Orleans County, Vermont","3","1","2"
"1000000US500199517003016","Block 3016, Block Group 3, Census Tract 9517, Orleans County, Vermont","0","0","0"
"1000000US500199517003017","Block 3017, Block Group 3, Census Tract 9517, Orleans County, Vermont","7","4","3"
"1000000US500199517003018","Block 3018, Block Group 3, Census Tract 9517, Orleans County, Vermont","5","4","1"
"1000000US500199517003019","Block 3019, Block Group 3, Census Tract 9517, Orleans County, Vermont","3","0","3"
"1000000US500199517003020","Block 3020, Block Group 3, Census Tract 9517, Orleans County, Vermont","0","0","0"
"1000000US500199517003021","Block 3021, Block Group 3, Census Tract 9517, Orleans County, Vermont","23","16","7"
"1000000US500199517003022","Block 3022, Block Group 3, Census Tract 9517, Orleans County, Vermont","0","0","0"
"1000000US500199517003023","Block 3023, Block Group 3, Census Tract 9517, Orleans County, Vermont","0","0","0"
"1000000US500199517003024","Block 3024, Block Group 3, Census Tract 9517, Orleans County, Vermont","12","7","5"
"1000000US500199517003025","Block 3025, Block Group 3, Census Tract 9517, Orleans County, Vermont","3","3","0"
"1000000US500199517003026","Block 3026, Block Group 3, Census Tract 9517, Orleans County, Vermont","0","0","0"
"1000000US500199517003027","Block 3027, Block Group 3, Census Tract 9517, Orleans County, Vermont","1","1","0"
"1000000US500199517003028","Block 3028, Block Group 3, Census Tract 9517, Orleans County, Vermont","0","0","0"
"1000000US500199517003029","Block 3029, Block Group 3, Census Tract 9517, Orleans County, Vermont","0","0","0"
"1000000US500199517003030","Block 3030, Block Group 3, Census Tract 9517, Orleans County, Vermont","0","0","0"
"1000000US500199517003031","Block 3031, Block Group 3, Census Tract 9517, Orleans County, Vermont","11","10","1"
"1000000US500199517003032","Block 3032, Block Group 3, Census Tract 9517, Orleans County, Vermont","59","44","15"
"1000000US500199517003033","Block 3033, Block Group 3, Census Tract 9517, Orleans County, Vermont","24","23","1"
"1000000US500199517003034","Block 3034, Block Group 3, Census Tract 9517, Orleans County, Vermont","1","1","0"
"1000000US500199517003035","Block 3035, Block Group 3, Census Tract 9517, Orleans County, Vermont","51","32","19"
"1000000US500199517003036","Block 3036, Block Group 3, Census Tract 9517, Orleans County, Vermont","24","19","5"
"1000000US500199517003037","Block 3037, Block Group 3, Census Tract 9517, Orleans County, Vermont","2","1","1"
"1000000US500199517003038","Block 3038, Block Group 3, Census Tract 9517, Orleans County, Vermont","0","0","0"
"1000000US500199517003039","Block 3039, Block Group 3, Census Tract 9517, Orleans County, Vermont","0","0","0"
"1000000US500199517003040","Block 3040, Block Group 3, Census Tract 9517, Orleans County, Vermont","0","0","0"
"1000000US500199517003041","Block 3041, Block Group 3, Census Tract 9517, Orleans County, Vermont","0","0","0"
"1000000US500199517003042","Block 3042, Block Group 3, Census Tract 9517, Orleans County, Vermont","0","0","0"
"1000000US500199517003043","Block 3043, Block Group 3, Census Tract 9517, Orleans County, Vermont","0","0","0"
"1000000US500199517003044","Block 3044, Block Group 3, Census Tract 9517, Orleans County, Vermont","17","8","9"
"1000000US500199517003045","Block 3045, Block Group 3, Census Tract 9517, Orleans County, Vermont","0","0","0"
"1000000US500199517003046","Block 3046, Block Group 3, Census Tract 9517, Orleans County, Vermont","0","0","0"
"1000000US500199517003047","Block 3047, Block Group 3, Census Tract 9517, Orleans County, Vermont","3","1","2"
"1000000US500199517003048","Block 3048, Block Group 3, Census Tract 9517, Orleans County, Vermont","1","1","0"
"1000000US500199517003049","Block 3049, Block Group 3, Census Tract 9517, Orleans County, Vermont","7","6","1"
"1000000US500199517003050","Block 3050, Block Group 3, Census Tract 9517, Orleans County, Vermont","0","0","0"
"1000000US500199517003051","Block 3051, Block Group 3, Census Tract 9517, Orleans County, Vermont","1","1","0"
"1000000US500199517003052","Block 3052, Block Group 3, Census Tract 9517, Orleans County, Vermont","2","2","0"
"1000000US500199517003053","Block 3053, Block Group 3, Census Tract 9517, Orleans County, Vermont","0","0","0"
"1000000US500199517003054","Block 3054, Block Group 3, Census Tract 9517, Orleans County, Vermont","0","0","0"
"1000000US500199517003055","Block 3055, Block Group 3, Census Tract 9517, Orleans County, Vermont","12","11","1"
"1000000US500199517003056","Block 3056, Block Group 3, Census Tract 9517, Orleans County, Vermont","0","0","0"
"1000000US500199517003057","Block 3057, Block Group 3, Census Tract 9517, Orleans County, Vermont","0","0","0"
"1000000US500199517003058","Block 3058, Block Group 3, Census Tract 9517, Orleans County, Vermont","9","7","2"
"1000000US500199517003059","Block 3059, Block Group 3, Census Tract 9517, Orleans County, Vermont","11","10","1"
"1000000US500199517003060","Block 3060, Block Group 3, Census Tract 9517, Orleans County, Vermont","1","1","0"
"1000000US500199517003061","Block 3061, Block Group 3, Census Tract 9517, Orleans County, Vermont","3","3","0"
"1000000US500199517003062","Block 3062, Block Group 3, Census Tract 9517, Orleans County, Vermont","0","0","0"
"1000000US500199517003063","Block 3063, Block Group 3, Census Tract 9517, Orleans County, Vermont","0","0","0"
"1000000US500199517003064","Block 3064, Block Group 3, Census Tract 9517, Orleans County, Vermont","0","0","0"
"1000000US500199517003065","Block 3065, Block Group 3, Census Tract 9517, Orleans County, Vermont","1","1","0"
"1000000US500199517003066","Block 3066, Block Group 3, Census Tract 9517, Orleans County, Vermont","0","0","0"
"1000000US500199517003067","Block 3067, Block Group 3, Census Tract 9517, Orleans County, Vermont","0","0","0"
"1000000US500199517003068","Block 3068, Block Group 3, Census Tract 9517, Orleans County, Vermont","0","0","0"
"1000000US500199517003069","Block 3069, Block Group 3, Census Tract 9517, Orleans County, Vermont","0","0","0"
"1000000US500199517003070","Block 3070, Block Group 3, Census Tract 9517, Orleans County, Vermont","31","27","4"
"1000000US500199517003071","Block 3071, Block Group 3, Census Tract 9517, Orleans County, Vermont","15","14","1"
"1000000US500199517003072","Block 3072, Block Group 3, Census Tract 9517, Orleans County, Vermont","8","7","1"
"1000000US500199517003073","Block 3073, Block Group 3, Census Tract 9517, Orleans County, Vermont","10","8","2"
"1000000US500199517003074","Block 3074, Block Group 3, Census Tract 9517, Orleans County, Vermont","5","5","0"
"1000000US500199517003075","Block 3075, Block Group 3, Census Tract 9517, Orleans County, Vermont","15","11","4"
"1000000US500199517003076","Block 3076, Block Group 3, Census Tract 9517, Orleans County, Vermont","2","2","0"
"1000000US500199517003077","Block 3077, Block Group 3, Census Tract 9517, Orleans County, Vermont","2","2","0"
"1000000US500199517003078","Block 3078, Block Group 3, Census Tract 9517, Orleans County, Vermont","3","1","2"
"1000000US500199517003079","Block 3079, Block Group 3, Census Tract 9517, Orleans County, Vermont","1","1","0"
"1000000US500199517003080","Block 3080, Block Group 3, Census Tract 9517, Orleans County, Vermont","5","3","2"
"1000000US500199517003081","Block 3081, Block Group 3, Census Tract 9517, Orleans County, Vermont","0","0","0"
"1000000US500199517003082","Block 3082, Block Group 3, Census Tract 9517, Orleans County, Vermont","0","0","0"
"1000000US500199517003083","Block 3083, Block Group 3, Census Tract 9517, Orleans County, Vermont","0","0","0"
"1000000US500199517003084","Block 3084, Block Group 3, Census Tract 9517, Orleans County, Vermont","0","0","0"
"1000000US500199517003085","Block 3085, Block Group 3, Census Tract 9517, Orleans County, Vermont","0","0","0"
"1000000US500199517003086","Block 3086, Block Group 3, Census Tract 9517, Orleans County, Vermont","1","1","0"
"1000000US500199517003087","Block 3087, Block Group 3, Census Tract 9517, Orleans County, Vermont","13","11","2"
"1000000US500199517004000","Block 4000, Block Group 4, Census Tract 9517, Orleans County, Vermont","0","0","0"
"1000000US500199517004001","Block 4001, Block Group 4, Census Tract 9517, Orleans County, Vermont","3","1","2"
"1000000US500199517004002","Block 4002, Block Group 4, Census Tract 9517, Orleans County, Vermont","0","0","0"
"1000000US500199517004003","Block 4003, Block Group 4, Census Tract 9517, Orleans County, Vermont","2","1","1"
"1000000US500199517004004","Block 4004, Block Group 4, Census Tract 9517, Orleans County, Vermont","5","2","3"
"1000000US500199517004005","Block 4005, Block Group 4, Census Tract 9517, Orleans County, Vermont","1","1","0"
"1000000US500199517004006","Block 4006, Block Group 4, Census Tract 9517, Orleans County, Vermont","0","0","0"
"1000000US500199517004007","Block 4007, Block Group 4, Census Tract 9517, Orleans County, Vermont","12","10","2"
"1000000US500199517004008","Block 4008, Block Group 4, Census Tract 9517, Orleans County, Vermont","24","6","18"
"1000000US500199517004009","Block 4009, Block Group 4, Census Tract 9517, Orleans County, Vermont","0","0","0"
"1000000US500199517004010","Block 4010, Block Group 4, Census Tract 9517, Orleans County, Vermont","0","0","0"
"1000000US500199517004011","Block 4011, Block Group 4, Census Tract 9517, Orleans County, Vermont","27","15","12"
"1000000US500199517004012","Block 4012, Block Group 4, Census Tract 9517, Orleans County, Vermont","0","0","0"
"1000000US500199517004013","Block 4013, Block Group 4, Census Tract 9517, Orleans County, Vermont","0","0","0"
"1000000US500199517004014","Block 4014, Block Group 4, Census Tract 9517, Orleans County, Vermont","0","0","0"
"1000000US500199517004015","Block 4015, Block Group 4, Census Tract 9517, Orleans County, Vermont","1","1","0"
"1000000US500199517004016","Block 4016, Block Group 4, Census Tract 9517, Orleans County, Vermont","1","0","1"
"1000000US500199517004017","Block 4017, Block Group 4, Census Tract 9517, Orleans County, Vermont","0","0","0"
"1000000US500199517004018","Block 4018, Block Group 4, Census Tract 9517, Orleans County, Vermont","0","0","0"
"1000000US500199517004019","Block 4019, Block Group 4, Census Tract 9517, Orleans County, Vermont","0","0","0"
"1000000US500199517004020","Block 4020, Block Group 4, Census Tract 9517, Orleans County, Vermont","3","1","2"
"1000000US500199517004021","Block 4021, Block Group 4, Census Tract 9517, Orleans County, Vermont","76","56","20"
"1000000US500199517004022","Block 4022, Block Group 4, Census Tract 9517, Orleans County, Vermont","2","2","0"
"1000000US500199517004023","Block 4023, Block Group 4, Census Tract 9517, Orleans County, Vermont","1","0","1"
"1000000US500199517004024","Block 4024, Block Group 4, Census Tract 9517, Orleans County, Vermont","2","1","1"
"1000000US500199517004025","Block 4025, Block Group 4, Census Tract 9517, Orleans County, Vermont","1","1","0"
"1000000US500199517004026","Block 4026, Block Group 4, Census Tract 9517, Orleans County, Vermont","1","1","0"
"1000000US500199517004027","Block 4027, Block Group 4, Census Tract 9517, Orleans County, Vermont","0","0","0"
"1000000US500199517004028","Block 4028, Block Group 4, Census Tract 9517, Orleans County, Vermont","2","1","1"
"1000000US500199517004029","Block 4029, Block Group 4, Census Tract 9517, Orleans County, Vermont","0","0","0"
"1000000US500199517004030","Block 4030, Block Group 4, Census Tract 9517, Orleans County, Vermont","5","4","1"
"1000000US500199517004031","Block 4031, Block Group 4, Census Tract 9517, Orleans County, Vermont","0","0","0"
"1000000US500199517004032","Block 4032, Block Group 4, Census Tract 9517, Orleans County, Vermont","0","0","0"
"1000000US500199517004033","Block 4033, Block Group 4, Census Tract 9517, Orleans County, Vermont","3","2","1"
"1000000US500199517004034","Block 4034, Block Group 4, Census Tract 9517, Orleans County, Vermont","9","7","2"
"1000000US500199517004035","Block 4035, Block Group 4, Census Tract 9517, Orleans County, Vermont","0","0","0"
"1000000US500199517004036","Block 4036, Block Group 4, Census Tract 9517, Orleans County, Vermont","1","1","0"
"1000000US500199517004037","Block 4037, Block Group 4, Census Tract 9517, Orleans County, Vermont","0","0","0"
"1000000US500199517004038","Block 4038, Block Group 4, Census Tract 9517, Orleans County, Vermont","0","0","0"
"1000000US500199517004039","Block 4039, Block Group 4, Census Tract 9517, Orleans County, Vermont","0","0","0"
"1000000US500199517004040","Block 4040, Block Group 4, Census Tract 9517, Orleans County, Vermont","45","35","10"
"1000000US500199517004041","Block 4041, Block Group 4, Census Tract 9517, Orleans County, Vermont","0","0","0"
"1000000US500199517004042","Block 4042, Block Group 4, Census Tract 9517, Orleans County, Vermont","5","4","1"
"1000000US500199517004043","Block 4043, Block Group 4, Census Tract 9517, Orleans County, Vermont","9","9","0"
"1000000US500199517004044","Block 4044, Block Group 4, Census Tract 9517, Orleans County, Vermont","2","1","1"
"1000000US500199517004045","Block 4045, Block Group 4, Census Tract 9517, Orleans County, Vermont","0","0","0"
"1000000US500199517004046","Block 4046, Block Group 4, Census Tract 9517, Orleans County, Vermont","0","0","0"
"1000000US500199517004047","Block 4047, Block Group 4, Census Tract 9517, Orleans County, Vermont","0","0","0"
"1000000US500199517004048","Block 4048, Block Group 4, Census Tract 9517, Orleans County, Vermont","0","0","0"
"1000000US500199517004049","Block 4049, Block Group 4, Census Tract 9517, Orleans County, Vermont","3","3","0"
"1000000US500199517004050","Block 4050, Block Group 4, Census Tract 9517, Orleans County, Vermont","0","0","0"
"1000000US500199517004051","Block 4051, Block Group 4, Census Tract 9517, Orleans County, Vermont","14","12","2"
"1000000US500199517004052","Block 4052, Block Group 4, Census Tract 9517, Orleans County, Vermont","0","0","0"
"1000000US500199517004053","Block 4053, Block Group 4, Census Tract 9517, Orleans County, Vermont","9","7","2"
"1000000US500199517004054","Block 4054, Block Group 4, Census Tract 9517, Orleans County, Vermont","0","0","0"
"1000000US500199517004055","Block 4055, Block Group 4, Census Tract 9517, Orleans County, Vermont","1","1","0"
"1000000US500199517004056","Block 4056, Block Group 4, Census Tract 9517, Orleans County, Vermont","3","3","0"
"1000000US500199517004057","Block 4057, Block Group 4, Census Tract 9517, Orleans County, Vermont","2","1","1"
"1000000US500199517004058","Block 4058, Block Group 4, Census Tract 9517, Orleans County, Vermont","30","25","5"
"1000000US500199517004059","Block 4059, Block Group 4, Census Tract 9517, Orleans County, Vermont","3","3","0"
"1000000US500199517004060","Block 4060, Block Group 4, Census Tract 9517, Orleans County, Vermont","0","0","0"
"1000000US500199517004061","Block 4061, Block Group 4, Census Tract 9517, Orleans County, Vermont","2","1","1"
"1000000US500199517004062","Block 4062, Block Group 4, Census Tract 9517, Orleans County, Vermont","36","29","7"
"1000000US500199517004063","Block 4063, Block Group 4, Census Tract 9517, Orleans County, Vermont","0","0","0"
"1000000US500199517004064","Block 4064, Block Group 4, Census Tract 9517, Orleans County, Vermont","0","0","0"
"1000000US500199517004065","Block 4065, Block Group 4, Census Tract 9517, Orleans County, Vermont","17","16","1"
"1000000US500199517004066","Block 4066, Block Group 4, Census Tract 9517, Orleans County, Vermont","9","5","4"
"1000000US500199517004067","Block 4067, Block Group 4, Census Tract 9517, Orleans County, Vermont","1","1","0"
"1000000US500199517004068","Block 4068, Block Group 4, Census Tract 9517, Orleans County, Vermont","2","2","0"
"1000000US500199517004069","Block 4069, Block Group 4, Census Tract 9517, Orleans County, Vermont","7","7","0"
"1000000US500199517004070","Block 4070, Block Group 4, Census Tract 9517, Orleans County, Vermont","33","29","4"
"1000000US500199517004071","Block 4071, Block Group 4, Census Tract 9517, Orleans County, Vermont","1","1","0"
"1000000US500199517004072","Block 4072, Block Group 4, Census Tract 9517, Orleans County, Vermont","8","8","0"
"1000000US500199517004073","Block 4073, Block Group 4, Census Tract 9517, Orleans County, Vermont","0","0","0"
"1000000US500199517004074","Block 4074, Block Group 4, Census Tract 9517, Orleans County, Vermont","4","3","1"
"1000000US500199517004075","Block 4075, Block Group 4, Census Tract 9517, Orleans County, Vermont","12","11","1"
"1000000US500199517004076","Block 4076, Block Group 4, Census Tract 9517, Orleans County, Vermont","1","0","1"
"1000000US500199517004077","Block 4077, Block Group 4, Census Tract 9517, Orleans County, Vermont","11","8","3"
"1000000US500199517004078","Block 4078, Block Group 4, Census Tract 9517, Orleans County, Vermont","0","0","0"
"1000000US500199517004079","Block 4079, Block Group 4, Census Tract 9517, Orleans County, Vermont","0","0","0"
"1000000US500199517004080","Block 4080, Block Group 4, Census Tract 9517, Orleans County, Vermont","0","0","0"
"1000000US500199517004081","Block 4081, Block Group 4, Census Tract 9517, Orleans County, Vermont","0","0","0"
"1000000US500199517004082","Block 4082, Block Group 4, Census Tract 9517, Orleans County, Vermont","0","0","0"
"1000000US500199517004083","Block 4083, Block Group 4, Census Tract 9517, Orleans County, Vermont","3","1","2"
"1000000US500199517004084","Block 4084, Block Group 4, Census Tract 9517, Orleans County, Vermont","1","0","1"
"1000000US500199517004085","Block 4085, Block Group 4, Census Tract 9517, Orleans County, Vermont","1","1","0"
"1000000US500199517004086","Block 4086, Block Group 4, Census Tract 9517, Orleans County, Vermont","7","3","4"
"1000000US500199517004087","Block 4087, Block Group 4, Census Tract 9517, Orleans County, Vermont","4","4","0"
"1000000US500199517004088","Block 4088, Block Group 4, Census Tract 9517, Orleans County, Vermont","0","0","0"
"1000000US500199517004089","Block 4089, Block Group 4, Census Tract 9517, Orleans County, Vermont","0","0","0"
"1000000US500199517004090","Block 4090, Block Group 4, Census Tract 9517, Orleans County, Vermont","0","0","0"
"1000000US500199517004091","Block 4091, Block Group 4, Census Tract 9517, Orleans County, Vermont","0","0","0"
"1000000US500199517004092","Block 4092, Block Group 4, Census Tract 9517, Orleans County, Vermont","6","3","3"
"1000000US500199517004093","Block 4093, Block Group 4, Census Tract 9517, Orleans County, Vermont","2","2","0"
"1000000US500199517004094","Block 4094, Block Group 4, Census Tract 9517, Orleans County, Vermont","27","20","7"
"1000000US500199517004095","Block 4095, Block Group 4, Census Tract 9517, Orleans County, Vermont","0","0","0"
"1000000US500199517004096","Block 4096, Block Group 4, Census Tract 9517, Orleans County, Vermont","0","0","0"
"1000000US500199517004097","Block 4097, Block Group 4, Census Tract 9517, Orleans County, Vermont","3","3","0"
"1000000US500199517004098","Block 4098, Block Group 4, Census Tract 9517, Orleans County, Vermont","4","4","0"
"1000000US500199517004099","Block 4099, Block Group 4, Census Tract 9517, Orleans County, Vermont","27","23","4"
"1000000US500199517004100","Block 4100, Block Group 4, Census Tract 9517, Orleans County, Vermont","0","0","0"
"1000000US500199517004101","Block 4101, Block Group 4, Census Tract 9517, Orleans County, Vermont","0","0","0"
"1000000US500199517004102","Block 4102, Block Group 4, Census Tract 9517, Orleans County, Vermont","7","7","0"
"1000000US500199517004103","Block 4103, Block Group 4, Census Tract 9517, Orleans County, Vermont","6","5","1"
"1000000US500199517004104","Block 4104, Block Group 4, Census Tract 9517, Orleans County, Vermont","3","3","0"
"1000000US500199517004105","Block 4105, Block Group 4, Census Tract 9517, Orleans County, Vermont","6","6","0"
"1000000US500199517004106","Block 4106, Block Group 4, Census Tract 9517, Orleans County, Vermont","2","2","0"
"1000000US500199517004107","Block 4107, Block Group 4, Census Tract 9517, Orleans County, Vermont","13","13","0"
"1000000US500199517004108","Block 4108, Block Group 4, Census Tract 9517, Orleans County, Vermont","6","6","0"
"1000000US500199517004109","Block 4109, Block Group 4, Census Tract 9517, Orleans County, Vermont","25","21","4"
"1000000US500199517004110","Block 4110, Block Group 4, Census Tract 9517, Orleans County, Vermont","0","0","0"
"1000000US500199517004111","Block 4111, Block Group 4, Census Tract 9517, Orleans County, Vermont","18","15","3"
"1000000US500199517004112","Block 4112, Block Group 4, Census Tract 9517, Orleans County, Vermont","2","2","0"
"1000000US500199517004113","Block 4113, Block Group 4, Census Tract 9517, Orleans County, Vermont","1","1","0"
"1000000US500199517004114","Block 4114, Block Group 4, Census Tract 9517, Orleans County, Vermont","20","17","3"
"1000000US500199517004115","Block 4115, Block Group 4, Census Tract 9517, Orleans County, Vermont","2","1","1"
"1000000US500199517004116","Block 4116, Block Group 4, Census Tract 9517, Orleans County, Vermont","0","0","0"
"1000000US500199518001000","Block 1000, Block Group 1, Census Tract 9518, Orleans County, Vermont","8","7","1"
"1000000US500199518001001","Block 1001, Block Group 1, Census Tract 9518, Orleans County, Vermont","8","6","2"
"1000000US500199518001002","Block 1002, Block Group 1, Census Tract 9518, Orleans County, Vermont","12","9","3"
"1000000US500199518001003","Block 1003, Block Group 1, Census Tract 9518, Orleans County, Vermont","10","9","1"
"1000000US500199518001004","Block 1004, Block Group 1, Census Tract 9518, Orleans County, Vermont","0","0","0"
"1000000US500199518001005","Block 1005, Block Group 1, Census Tract 9518, Orleans County, Vermont","4","4","0"
"1000000US500199518001006","Block 1006, Block Group 1, Census Tract 9518, Orleans County, Vermont","1","1","0"
"1000000US500199518001007","Block 1007, Block Group 1, Census Tract 9518, Orleans County, Vermont","0","0","0"
"1000000US500199518001008","Block 1008, Block Group 1, Census Tract 9518, Orleans County, Vermont","0","0","0"
"1000000US500199518001009","Block 1009, Block Group 1, Census Tract 9518, Orleans County, Vermont","0","0","0"
"1000000US500199518001010","Block 1010, Block Group 1, Census Tract 9518, Orleans County, Vermont","0","0","0"
"1000000US500199518001011","Block 1011, Block Group 1, Census Tract 9518, Orleans County, Vermont","27","21","6"
"1000000US500199518001012","Block 1012, Block Group 1, Census Tract 9518, Orleans County, Vermont","2","1","1"
"1000000US500199518001013","Block 1013, Block Group 1, Census Tract 9518, Orleans County, Vermont","44","39","5"
"1000000US500199518001014","Block 1014, Block Group 1, Census Tract 9518, Orleans County, Vermont","5","3","2"
"1000000US500199518001015","Block 1015, Block Group 1, Census Tract 9518, Orleans County, Vermont","9","7","2"
"1000000US500199518001016","Block 1016, Block Group 1, Census Tract 9518, Orleans County, Vermont","9","6","3"
"1000000US500199518001017","Block 1017, Block Group 1, Census Tract 9518, Orleans County, Vermont","6","4","2"
"1000000US500199518001018","Block 1018, Block Group 1, Census Tract 9518, Orleans County, Vermont","0","0","0"
"1000000US500199518001019","Block 1019, Block Group 1, Census Tract 9518, Orleans County, Vermont","3","2","1"
"1000000US500199518001020","Block 1020, Block Group 1, Census Tract 9518, Orleans County, Vermont","11","11","0"
"1000000US500199518001021","Block 1021, Block Group 1, Census Tract 9518, Orleans County, Vermont","0","0","0"
"1000000US500199518001022","Block 1022, Block Group 1, Census Tract 9518, Orleans County, Vermont","17","14","3"
"1000000US500199518001023","Block 1023, Block Group 1, Census Tract 9518, Orleans County, Vermont","54","41","13"
"1000000US500199518001024","Block 1024, Block Group 1, Census Tract 9518, Orleans County, Vermont","3","3","0"
"1000000US500199518001025","Block 1025, Block Group 1, Census Tract 9518, Orleans County, Vermont","6","3","3"
"1000000US500199518001026","Block 1026, Block Group 1, Census Tract 9518, Orleans County, Vermont","14","3","11"
"1000000US500199518001027","Block 1027, Block Group 1, Census Tract 9518, Orleans County, Vermont","30","9","21"
"1000000US500199518001028","Block 1028, Block Group 1, Census Tract 9518, Orleans County, Vermont","0","0","0"
"1000000US500199518001029","Block 1029, Block Group 1, Census Tract 9518, Orleans County, Vermont","0","0","0"
"1000000US500199518001030","Block 1030, Block Group 1, Census Tract 9518, Orleans County, Vermont","0","0","0"
"1000000US500199518001031","Block 1031, Block Group 1, Census Tract 9518, Orleans County, Vermont","0","0","0"
"1000000US500199518001032","Block 1032, Block Group 1, Census Tract 9518, Orleans County, Vermont","0","0","0"
"1000000US500199518001033","Block 1033, Block Group 1, Census Tract 9518, Orleans County, Vermont","1","1","0"
"1000000US500199518001034","Block 1034, Block Group 1, Census Tract 9518, Orleans County, Vermont","0","0","0"
"1000000US500199518001035","Block 1035, Block Group 1, Census Tract 9518, Orleans County, Vermont","1","1","0"
"1000000US500199518001036","Block 1036, Block Group 1, Census Tract 9518, Orleans County, Vermont","79","54","25"
"1000000US500199518001037","Block 1037, Block Group 1, Census Tract 9518, Orleans County, Vermont","1","1","0"
"1000000US500199518001038","Block 1038, Block Group 1, Census Tract 9518, Orleans County, Vermont","29","2","27"
"1000000US500199518001039","Block 1039, Block Group 1, Census Tract 9518, Orleans County, Vermont","5","4","1"
"1000000US500199518001040","Block 1040, Block Group 1, Census Tract 9518, Orleans County, Vermont","0","0","0"
"1000000US500199518001041","Block 1041, Block Group 1, Census Tract 9518, Orleans County, Vermont","0","0","0"
"1000000US500199518001042","Block 1042, Block Group 1, Census Tract 9518, Orleans County, Vermont","0","0","0"
"1000000US500199518001043","Block 1043, Block Group 1, Census Tract 9518, Orleans County, Vermont","0","0","0"
"1000000US500199518001044","Block 1044, Block Group 1, Census Tract 9518, Orleans County, Vermont","0","0","0"
"1000000US500199518001045","Block 1045, Block Group 1, Census Tract 9518, Orleans County, Vermont","2","2","0"
"1000000US500199518001046","Block 1046, Block Group 1, Census Tract 9518, Orleans County, Vermont","5","1","4"
"1000000US500199518001047","Block 1047, Block Group 1, Census Tract 9518, Orleans County, Vermont","0","0","0"
"1000000US500199518001048","Block 1048, Block Group 1, Census Tract 9518, Orleans County, Vermont","0","0","0"
"1000000US500199518001049","Block 1049, Block Group 1, Census Tract 9518, Orleans County, Vermont","0","0","0"
"1000000US500199518001050","Block 1050, Block Group 1, Census Tract 9518, Orleans County, Vermont","1","0","1"
"1000000US500199518001051","Block 1051, Block Group 1, Census Tract 9518, Orleans County, Vermont","0","0","0"
"1000000US500199518001052","Block 1052, Block Group 1, Census Tract 9518, Orleans County, Vermont","0","0","0"
"1000000US500199518001053","Block 1053, Block Group 1, Census Tract 9518, Orleans County, Vermont","0","0","0"
"1000000US500199518001054","Block 1054, Block Group 1, Census Tract 9518, Orleans County, Vermont","0","0","0"
"1000000US500199518001055","Block 1055, Block Group 1, Census Tract 9518, Orleans County, Vermont","0","0","0"
"1000000US500199518001056","Block 1056, Block Group 1, Census Tract 9518, Orleans County, Vermont","28","5","23"
"1000000US500199518001057","Block 1057, Block Group 1, Census Tract 9518, Orleans County, Vermont","0","0","0"
"1000000US500199518001058","Block 1058, Block Group 1, Census Tract 9518, Orleans County, Vermont","0","0","0"
"1000000US500199518001059","Block 1059, Block Group 1, Census Tract 9518, Orleans County, Vermont","4","2","2"
"1000000US500199518001060","Block 1060, Block Group 1, Census Tract 9518, Orleans County, Vermont","0","0","0"
"1000000US500199518001061","Block 1061, Block Group 1, Census Tract 9518, Orleans County, Vermont","2","2","0"
"1000000US500199518001062","Block 1062, Block Group 1, Census Tract 9518, Orleans County, Vermont","2","2","0"
"1000000US500199518001063","Block 1063, Block Group 1, Census Tract 9518, Orleans County, Vermont","6","4","2"
"1000000US500199518001064","Block 1064, Block Group 1, Census Tract 9518, Orleans County, Vermont","13","13","0"
"1000000US500199518001065","Block 1065, Block Group 1, Census Tract 9518, Orleans County, Vermont","7","5","2"
"1000000US500199518001066","Block 1066, Block Group 1, Census Tract 9518, Orleans County, Vermont","14","11","3"
"1000000US500199518001067","Block 1067, Block Group 1, Census Tract 9518, Orleans County, Vermont","17","17","0"
"1000000US500199518001068","Block 1068, Block Group 1, Census Tract 9518, Orleans County, Vermont","6","6","0"
"1000000US500199518001069","Block 1069, Block Group 1, Census Tract 9518, Orleans County, Vermont","0","0","0"
"1000000US500199518001070","Block 1070, Block Group 1, Census Tract 9518, Orleans County, Vermont","4","2","2"
"1000000US500199518001071","Block 1071, Block Group 1, Census Tract 9518, Orleans County, Vermont","0","0","0"
"1000000US500199518001072","Block 1072, Block Group 1, Census Tract 9518, Orleans County, Vermont","0","0","0"
"1000000US500199518001073","Block 1073, Block Group 1, Census Tract 9518, Orleans County, Vermont","1","0","1"
"1000000US500199518002000","Block 2000, Block Group 2, Census Tract 9518, Orleans County, Vermont","0","0","0"
"1000000US500199518002001","Block 2001, Block Group 2, Census Tract 9518, Orleans County, Vermont","7","7","0"
"1000000US500199518002002","Block 2002, Block Group 2, Census Tract 9518, Orleans County, Vermont","0","0","0"
"1000000US500199518002003","Block 2003, Block Group 2, Census Tract 9518, Orleans County, Vermont","0","0","0"
"1000000US500199518002004","Block 2004, Block Group 2, Census Tract 9518, Orleans County, Vermont","5","5","0"
"1000000US500199518002005","Block 2005, Block Group 2, Census Tract 9518, Orleans County, Vermont","0","0","0"
"1000000US500199518002006","Block 2006, Block Group 2, Census Tract 9518, Orleans County, Vermont","0","0","0"
"1000000US500199518002007","Block 2007, Block Group 2, Census Tract 9518, Orleans County, Vermont","0","0","0"
"1000000US500199518002008","Block 2008, Block Group 2, Census Tract 9518, Orleans County, Vermont","0","0","0"
"1000000US500199518002009","Block 2009, Block Group 2, Census Tract 9518, Orleans County, Vermont","1","1","0"
"1000000US500199518002010","Block 2010, Block Group 2, Census Tract 9518, Orleans County, Vermont","0","0","0"
"1000000US500199518002011","Block 2011, Block Group 2, Census Tract 9518, Orleans County, Vermont","50","47","3"
"1000000US500199518002012","Block 2012, Block Group 2, Census Tract 9518, Orleans County, Vermont","0","0","0"
"1000000US500199518002013","Block 2013, Block Group 2, Census Tract 9518, Orleans County, Vermont","0","0","0"
"1000000US500199518002014","Block 2014, Block Group 2, Census Tract 9518, Orleans County, Vermont","0","0","0"
"1000000US500199518002015","Block 2015, Block Group 2, Census Tract 9518, Orleans County, Vermont","0","0","0"
"1000000US500199518002016","Block 2016, Block Group 2, Census Tract 9518, Orleans County, Vermont","0","0","0"
"1000000US500199518002017","Block 2017, Block Group 2, Census Tract 9518, Orleans County, Vermont","0","0","0"
"1000000US500199518002018","Block 2018, Block Group 2, Census Tract 9518, Orleans County, Vermont","17","12","5"
"1000000US500199518002019","Block 2019, Block Group 2, Census Tract 9518, Orleans County, Vermont","67","61","6"
"1000000US500199518002020","Block 2020, Block Group 2, Census Tract 9518, Orleans County, Vermont","0","0","0"
"1000000US500199518002021","Block 2021, Block Group 2, Census Tract 9518, Orleans County, Vermont","0","0","0"
"1000000US500199518002022","Block 2022, Block Group 2, Census Tract 9518, Orleans County, Vermont","0","0","0"
"1000000US500199518002023","Block 2023, Block Group 2, Census Tract 9518, Orleans County, Vermont","1","1","0"
"1000000US500199518002024","Block 2024, Block Group 2, Census Tract 9518, Orleans County, Vermont","0","0","0"
"1000000US500199518002025","Block 2025, Block Group 2, Census Tract 9518, Orleans County, Vermont","0","0","0"
"1000000US500199518002026","Block 2026, Block Group 2, Census Tract 9518, Orleans County, Vermont","0","0","0"
"1000000US500199518002027","Block 2027, Block Group 2, Census Tract 9518, Orleans County, Vermont","0","0","0"
"1000000US500199518002028","Block 2028, Block Group 2, Census Tract 9518, Orleans County, Vermont","0","0","0"
"1000000US500199518002029","Block 2029, Block Group 2, Census Tract 9518, Orleans County, Vermont","0","0","0"
"1000000US500199518002030","Block 2030, Block Group 2, Census Tract 9518, Orleans County, Vermont","0","0","0"
"1000000US500199518002031","Block 2031, Block Group 2, Census Tract 9518, Orleans County, Vermont","0","0","0"
"1000000US500199518002032","Block 2032, Block Group 2, Census Tract 9518, Orleans County, Vermont","0","0","0"
"1000000US500199518002033","Block 2033, Block Group 2, Census Tract 9518, Orleans County, Vermont","0","0","0"
"1000000US500199518002034","Block 2034, Block Group 2, Census Tract 9518, Orleans County, Vermont","0","0","0"
"1000000US500199518002035","Block 2035, Block Group 2, Census Tract 9518, Orleans County, Vermont","14","14","0"
"1000000US500199518002036","Block 2036, Block Group 2, Census Tract 9518, Orleans County, Vermont","9","9","0"
"1000000US500199518002037","Block 2037, Block Group 2, Census Tract 9518, Orleans County, Vermont","2","2","0"
"1000000US500199518002038","Block 2038, Block Group 2, Census Tract 9518, Orleans County, Vermont","16","11","5"
"1000000US500199518002039","Block 2039, Block Group 2, Census Tract 9518, Orleans County, Vermont","9","7","2"
"1000000US500199518002040","Block 2040, Block Group 2, Census Tract 9518, Orleans County, Vermont","0","0","0"
"1000000US500199518002041","Block 2041, Block Group 2, Census Tract 9518, Orleans County, Vermont","2","2","0"
"1000000US500199518002042","Block 2042, Block Group 2, Census Tract 9518, Orleans County, Vermont","0","0","0"
"1000000US500199518002043","Block 2043, Block Group 2, Census Tract 9518, Orleans County, Vermont","0","0","0"
"1000000US500199518002044","Block 2044, Block Group 2, Census Tract 9518, Orleans County, Vermont","0","0","0"
"1000000US500199518002045","Block 2045, Block Group 2, Census Tract 9518, Orleans County, Vermont","0","0","0"
"1000000US500199518002046","Block 2046, Block Group 2, Census Tract 9518, Orleans County, Vermont","33","29","4"
"1000000US500199518002047","Block 2047, Block Group 2, Census Tract 9518, Orleans County, Vermont","7","5","2"
"1000000US500199518002048","Block 2048, Block Group 2, Census Tract 9518, Orleans County, Vermont","0","0","0"
"1000000US500199518002049","Block 2049, Block Group 2, Census Tract 9518, Orleans County, Vermont","28","24","4"
"1000000US500199518002050","Block 2050, Block Group 2, Census Tract 9518, Orleans County, Vermont","10","8","2"
"1000000US500199518002051","Block 2051, Block Group 2, Census Tract 9518, Orleans County, Vermont","0","0","0"
"1000000US500199518002052","Block 2052, Block Group 2, Census Tract 9518, Orleans County, Vermont","0","0","0"
"1000000US500199518002053","Block 2053, Block Group 2, Census Tract 9518, Orleans County, Vermont","0","0","0"
"1000000US500199518002054","Block 2054, Block Group 2, Census Tract 9518, Orleans County, Vermont","0","0","0"
"1000000US500199518002055","Block 2055, Block Group 2, Census Tract 9518, Orleans County, Vermont","0","0","0"
"1000000US500199518002056","Block 2056, Block Group 2, Census Tract 9518, Orleans County, Vermont","0","0","0"
"1000000US500199518002057","Block 2057, Block Group 2, Census Tract 9518, Orleans County, Vermont","2","2","0"
"1000000US500199518002058","Block 2058, Block Group 2, Census Tract 9518, Orleans County, Vermont","7","6","1"
"1000000US500199518002059","Block 2059, Block Group 2, Census Tract 9518, Orleans County, Vermont","2","2","0"
"1000000US500199518002060","Block 2060, Block Group 2, Census Tract 9518, Orleans County, Vermont","9","8","1"
"1000000US500199518002061","Block 2061, Block Group 2, Census Tract 9518, Orleans County, Vermont","1","1","0"
"1000000US500199518002062","Block 2062, Block Group 2, Census Tract 9518, Orleans County, Vermont","12","11","1"
"1000000US500199518002063","Block 2063, Block Group 2, Census Tract 9518, Orleans County, Vermont","6","5","1"
"1000000US500199518002064","Block 2064, Block Group 2, Census Tract 9518, Orleans County, Vermont","6","5","1"
"1000000US500199518002065","Block 2065, Block Group 2, Census Tract 9518, Orleans County, Vermont","17","12","5"
"1000000US500199518002066","Block 2066, Block Group 2, Census Tract 9518, Orleans County, Vermont","13","13","0"
"1000000US500199518002067","Block 2067, Block Group 2, Census Tract 9518, Orleans County, Vermont","31","26","5"
"1000000US500199518002068","Block 2068, Block Group 2, Census Tract 9518, Orleans County, Vermont","34","31","3"
"1000000US500199518002069","Block 2069, Block Group 2, Census Tract 9518, Orleans County, Vermont","1","1","0"
"1000000US500199518002070","Block 2070, Block Group 2, Census Tract 9518, Orleans County, Vermont","0","0","0"
"1000000US500199518002071","Block 2071, Block Group 2, Census Tract 9518, Orleans County, Vermont","0","0","0"
"1000000US500199518002072","Block 2072, Block Group 2, Census Tract 9518, Orleans County, Vermont","0","0","0"
"1000000US500199518002073","Block 2073, Block Group 2, Census Tract 9518, Orleans County, Vermont","0","0","0"
"1000000US500199518002074","Block 2074, Block Group 2, Census Tract 9518, Orleans County, Vermont","0","0","0"
"1000000US500199518002075","Block 2075, Block Group 2, Census Tract 9518, Orleans County, Vermont","0","0","0"
"1000000US500199518002076","Block 2076, Block Group 2, Census Tract 9518, Orleans County, Vermont","0","0","0"
"1000000US500199518002077","Block 2077, Block Group 2, Census Tract 9518, Orleans County, Vermont","0","0","0"
"1000000US500199518002078","Block 2078, Block Group 2, Census Tract 9518, Orleans County, Vermont","0","0","0"
"1000000US500199518002079","Block 2079, Block Group 2, Census Tract 9518, Orleans County, Vermont","2","2","0"
"1000000US500199518002080","Block 2080, Block Group 2, Census Tract 9518, Orleans County, Vermont","1","0","1"
"1000000US500199518002081","Block 2081, Block Group 2, Census Tract 9518, Orleans County, Vermont","7","5","2"
"1000000US500199518002082","Block 2082, Block Group 2, Census Tract 9518, Orleans County, Vermont","13","11","2"
"1000000US500199518002083","Block 2083, Block Group 2, Census Tract 9518, Orleans County, Vermont","19","14","5"
"1000000US500199518002084","Block 2084, Block Group 2, Census Tract 9518, Orleans County, Vermont","1","0","1"
"1000000US500199518002085","Block 2085, Block Group 2, Census Tract 9518, Orleans County, Vermont","0","0","0"
"1000000US500199518002086","Block 2086, Block Group 2, Census Tract 9518, Orleans County, Vermont","0","0","0"
"1000000US500199518002087","Block 2087, Block Group 2, Census Tract 9518, Orleans County, Vermont","0","0","0"
"1000000US500199518002088","Block 2088, Block Group 2, Census Tract 9518, Orleans County, Vermont","0","0","0"
"1000000US500199518002089","Block 2089, Block Group 2, Census Tract 9518, Orleans County, Vermont","2","2","0"
"1000000US500199518002090","Block 2090, Block Group 2, Census Tract 9518, Orleans County, Vermont","0","0","0"
"1000000US500199518003000","Block 3000, Block Group 3, Census Tract 9518, Orleans County, Vermont","2","2","0"
"1000000US500199518003001","Block 3001, Block Group 3, Census Tract 9518, Orleans County, Vermont","0","0","0"
"1000000US500199518003002","Block 3002, Block Group 3, Census Tract 9518, Orleans County, Vermont","0","0","0"
"1000000US500199518003003","Block 3003, Block Group 3, Census Tract 9518, Orleans County, Vermont","0","0","0"
"1000000US500199518003004","Block 3004, Block Group 3, Census Tract 9518, Orleans County, Vermont","0","0","0"
"1000000US500199518003005","Block 3005, Block Group 3, Census Tract 9518, Orleans County, Vermont","5","5","0"
"1000000US500199518003006","Block 3006, Block Group 3, Census Tract 9518, Orleans County, Vermont","0","0","0"
"1000000US500199518003007","Block 3007, Block Group 3, Census Tract 9518, Orleans County, Vermont","2","2","0"
"1000000US500199518003008","Block 3008, Block Group 3, Census Tract 9518, Orleans County, Vermont","6","5","1"
"1000000US500199518003009","Block 3009, Block Group 3, Census Tract 9518, Orleans County, Vermont","0","0","0"
"1000000US500199518003010","Block 3010, Block Group 3, Census Tract 9518, Orleans County, Vermont","1","1","0"
"1000000US500199518003011","Block 3011, Block Group 3, Census Tract 9518, Orleans County, Vermont","0","0","0"
"1000000US500199518003012","Block 3012, Block Group 3, Census Tract 9518, Orleans County, Vermont","8","6","2"
"1000000US500199518003013","Block 3013, Block Group 3, Census Tract 9518, Orleans County, Vermont","3","2","1"
"1000000US500199518003014","Block 3014, Block Group 3, Census Tract 9518, Orleans County, Vermont","0","0","0"
"1000000US500199518003015","Block 3015, Block Group 3, Census Tract 9518, Orleans County, Vermont","4","4","0"
"1000000US500199518003016","Block 3016, Block Group 3, Census Tract 9518, Orleans County, Vermont","0","0","0"
"1000000US500199518003017","Block 3017, Block Group 3, Census Tract 9518, Orleans County, Vermont","10","8","2"
"1000000US500199518003018","Block 3018, Block Group 3, Census Tract 9518, Orleans County, Vermont","3","3","0"
"1000000US500199518003019","Block 3019, Block Group 3, Census Tract 9518, Orleans County, Vermont","0","0","0"
"1000000US500199518003020","Block 3020, Block Group 3, Census Tract 9518, Orleans County, Vermont","0","0","0"
"1000000US500199518003021","Block 3021, Block Group 3, Census Tract 9518, Orleans County, Vermont","0","0","0"
"1000000US500199518003022","Block 3022, Block Group 3, Census Tract 9518, Orleans County, Vermont","8","8","0"
"1000000US500199518003023","Block 3023, Block Group 3, Census Tract 9518, Orleans County, Vermont","1","1","0"
"1000000US500199518003024","Block 3024, Block Group 3, Census Tract 9518, Orleans County, Vermont","2","1","1"
"1000000US500199518003025","Block 3025, Block Group 3, Census Tract 9518, Orleans County, Vermont","0","0","0"
"1000000US500199518003026","Block 3026, Block Group 3, Census Tract 9518, Orleans County, Vermont","0","0","0"
"1000000US500199518003027","Block 3027, Block Group 3, Census Tract 9518, Orleans County, Vermont","0","0","0"
"1000000US500199518003028","Block 3028, Block Group 3, Census Tract 9518, Orleans County, Vermont","20","18","2"
"1000000US500199518003029","Block 3029, Block Group 3, Census Tract 9518, Orleans County, Vermont","5","5","0"
"1000000US500199518003030","Block 3030, Block Group 3, Census Tract 9518, Orleans County, Vermont","15","12","3"
"1000000US500199518003031","Block 3031, Block Group 3, Census Tract 9518, Orleans County, Vermont","0","0","0"
"1000000US500199518003032","Block 3032, Block Group 3, Census Tract 9518, Orleans County, Vermont","2","2","0"
"1000000US500199518003033","Block 3033, Block Group 3, Census Tract 9518, Orleans County, Vermont","0","0","0"
"1000000US500199518003034","Block 3034, Block Group 3, Census Tract 9518, Orleans County, Vermont","26","24","2"
"1000000US500199518003035","Block 3035, Block Group 3, Census Tract 9518, Orleans County, Vermont","6","6","0"
"1000000US500199518003036","Block 3036, Block Group 3, Census Tract 9518, Orleans County, Vermont","0","0","0"
"1000000US500199518003037","Block 3037, Block Group 3, Census Tract 9518, Orleans County, Vermont","3","2","1"
"1000000US500199518003038","Block 3038, Block Group 3, Census Tract 9518, Orleans County, Vermont","16","13","3"
"1000000US500199518003039","Block 3039, Block Group 3, Census Tract 9518, Orleans County, Vermont","2","2","0"
"1000000US500199518003040","Block 3040, Block Group 3, Census Tract 9518, Orleans County, Vermont","7","3","4"
"1000000US500199518003041","Block 3041, Block Group 3, Census Tract 9518, Orleans County, Vermont","0","0","0"
"1000000US500199518003042","Block 3042, Block Group 3, Census Tract 9518, Orleans County, Vermont","24","14","10"
"1000000US500199518003043","Block 3043, Block Group 3, Census Tract 9518, Orleans County, Vermont","1","1","0"
"1000000US500199518003044","Block 3044, Block Group 3, Census Tract 9518, Orleans County, Vermont","2","2","0"
"1000000US500199518003045","Block 3045, Block Group 3, Census Tract 9518, Orleans County, Vermont","0","0","0"
"1000000US500199518003046","Block 3046, Block Group 3, Census Tract 9518, Orleans County, Vermont","2","2","0"
"1000000US500199518003047","Block 3047, Block Group 3, Census Tract 9518, Orleans County, Vermont","0","0","0"
"1000000US500199518003048","Block 3048, Block Group 3, Census Tract 9518, Orleans County, Vermont","0","0","0"
"1000000US500199518003049","Block 3049, Block Group 3, Census Tract 9518, Orleans County, Vermont","12","8","4"
"1000000US500199518003050","Block 3050, Block Group 3, Census Tract 9518, Orleans County, Vermont","3","3","0"
"1000000US500199518003051","Block 3051, Block Group 3, Census Tract 9518, Orleans County, Vermont","0","0","0"
"1000000US500199518003052","Block 3052, Block Group 3, Census Tract 9518, Orleans County, Vermont","9","8","1"
"1000000US500199518003053","Block 3053, Block Group 3, Census Tract 9518, Orleans County, Vermont","1","1","0"
"1000000US500199518003054","Block 3054, Block Group 3, Census Tract 9518, Orleans County, Vermont","1","1","0"
"1000000US500199518003055","Block 3055, Block Group 3, Census Tract 9518, Orleans County, Vermont","0","0","0"
"1000000US500199518003056","Block 3056, Block Group 3, Census Tract 9518, Orleans County, Vermont","0","0","0"
"1000000US500199518003057","Block 3057, Block Group 3, Census Tract 9518, Orleans County, Vermont","0","0","0"
"1000000US500199518003058","Block 3058, Block Group 3, Census Tract 9518, Orleans County, Vermont","13","12","1"
"1000000US500199518003059","Block 3059, Block Group 3, Census Tract 9518, Orleans County, Vermont","2","0","2"
"1000000US500199518003060","Block 3060, Block Group 3, Census Tract 9518, Orleans County, Vermont","24","23","1"
"1000000US500199518003061","Block 3061, Block Group 3, Census Tract 9518, Orleans County, Vermont","0","0","0"
"1000000US500199518003062","Block 3062, Block Group 3, Census Tract 9518, Orleans County, Vermont","1","0","1"
"1000000US500199518003063","Block 3063, Block Group 3, Census Tract 9518, Orleans County, Vermont","0","0","0"
"1000000US500199518003064","Block 3064, Block Group 3, Census Tract 9518, Orleans County, Vermont","32","27","5"
"1000000US500199518003065","Block 3065, Block Group 3, Census Tract 9518, Orleans County, Vermont","24","22","2"
"1000000US500199518003066","Block 3066, Block Group 3, Census Tract 9518, Orleans County, Vermont","0","0","0"
"1000000US500199518003067","Block 3067, Block Group 3, Census Tract 9518, Orleans County, Vermont","2","2","0"
"1000000US500199518003068","Block 3068, Block Group 3, Census Tract 9518, Orleans County, Vermont","1","1","0"
"1000000US500199518003069","Block 3069, Block Group 3, Census Tract 9518, Orleans County, Vermont","23","17","6"
"1000000US500199518003070","Block 3070, Block Group 3, Census Tract 9518, Orleans County, Vermont","0","0","0"
"1000000US500199518003071","Block 3071, Block Group 3, Census Tract 9518, Orleans County, Vermont","9","8","1"
"1000000US500199518003072","Block 3072, Block Group 3, Census Tract 9518, Orleans County, Vermont","16","13","3"
"1000000US500199518003073","Block 3073, Block Group 3, Census Tract 9518, Orleans County, Vermont","29","19","10"
"1000000US500199518003074","Block 3074, Block Group 3, Census Tract 9518, Orleans County, Vermont","19","15","4"
"1000000US500199518003075","Block 3075, Block Group 3, Census Tract 9518, Orleans County, Vermont","6","1","5"
"1000000US500199518003076","Block 3076, Block Group 3, Census Tract 9518, Orleans County, Vermont","0","0","0"
"1000000US500199518003077","Block 3077, Block Group 3, Census Tract 9518, Orleans County, Vermont","16","11","5"
"1000000US500199518003078","Block 3078, Block Group 3, Census Tract 9518, Orleans County, Vermont","0","0","0"
"1000000US500199518003079","Block 3079, Block Group 3, Census Tract 9518, Orleans County, Vermont","0","0","0"
"1000000US500199518003080","Block 3080, Block Group 3, Census Tract 9518, Orleans County, Vermont","0","0","0"
"1000000US500199518003081","Block 3081, Block Group 3, Census Tract 9518, Orleans County, Vermont","0","0","0"
"1000000US500199518003082","Block 3082, Block Group 3, Census Tract 9518, Orleans County, Vermont","0","0","0"
"1000000US500199518003083","Block 3083, Block Group 3, Census Tract 9518, Orleans County, Vermont","0","0","0"
"1000000US500199518003084","Block 3084, Block Group 3, Census Tract 9518, Orleans County, Vermont","0","0","0"
"1000000US500199518003085","Block 3085, Block Group 3, Census Tract 9518, Orleans County, Vermont","10","9","1"
"1000000US500199518003086","Block 3086, Block Group 3, Census Tract 9518, Orleans County, Vermont","0","0","0"
"1000000US500199518003087","Block 3087, Block Group 3, Census Tract 9518, Orleans County, Vermont","1","0","1"
"1000000US500199518003088","Block 3088, Block Group 3, Census Tract 9518, Orleans County, Vermont","0","0","0"
"1000000US500199518003089","Block 3089, Block Group 3, Census Tract 9518, Orleans County, Vermont","0","0","0"
"1000000US500199518003090","Block 3090, Block Group 3, Census Tract 9518, Orleans County, Vermont","11","9","2"
"1000000US500199518003091","Block 3091, Block Group 3, Census Tract 9518, Orleans County, Vermont","1","1","0"
"1000000US500199518003092","Block 3092, Block Group 3, Census Tract 9518, Orleans County, Vermont","2","0","2"
"1000000US500199518003093","Block 3093, Block Group 3, Census Tract 9518, Orleans County, Vermont","7","7","0"
"1000000US500199518003094","Block 3094, Block Group 3, Census Tract 9518, Orleans County, Vermont","1","1","0"
"1000000US500199518003095","Block 3095, Block Group 3, Census Tract 9518, Orleans County, Vermont","3","2","1"
"1000000US500199518003096","Block 3096, Block Group 3, Census Tract 9518, Orleans County, Vermont","0","0","0"
"1000000US500199518003097","Block 3097, Block Group 3, Census Tract 9518, Orleans County, Vermont","54","43","11"
"1000000US500199518003098","Block 3098, Block Group 3, Census Tract 9518, Orleans County, Vermont","10","10","0"
"1000000US500199518003099","Block 3099, Block Group 3, Census Tract 9518, Orleans County, Vermont","20","19","1"
"1000000US500199518003100","Block 3100, Block Group 3, Census Tract 9518, Orleans County, Vermont","0","0","0"
"1000000US500199518003101","Block 3101, Block Group 3, Census Tract 9518, Orleans County, Vermont","0","0","0"
"1000000US500199518003102","Block 3102, Block Group 3, Census Tract 9518, Orleans County, Vermont","1","1","0"
"1000000US500199518003103","Block 3103, Block Group 3, Census Tract 9518, Orleans County, Vermont","0","0","0"
"1000000US500199518003104","Block 3104, Block Group 3, Census Tract 9518, Orleans County, Vermont","1","1","0"
"1000000US500199518003105","Block 3105, Block Group 3, Census Tract 9518, Orleans County, Vermont","1","0","1"
"1000000US500199518003106","Block 3106, Block Group 3, Census Tract 9518, Orleans County, Vermont","0","0","0"
"1000000US500199518003107","Block 3107, Block Group 3, Census Tract 9518, Orleans County, Vermont","0","0","0"
"1000000US500199518003108","Block 3108, Block Group 3, Census Tract 9518, Orleans County, Vermont","0","0","0"
"1000000US500199518003109","Block 3109, Block Group 3, Census Tract 9518, Orleans County, Vermont","0","0","0"
"1000000US500199518003110","Block 3110, Block Group 3, Census Tract 9518, Orleans County, Vermont","2","2","0"
"1000000US500199518003111","Block 3111, Block Group 3, Census Tract 9518, Orleans County, Vermont","1","1","0"
"1000000US500199518003112","Block 3112, Block Group 3, Census Tract 9518, Orleans County, Vermont","1","0","1"
"1000000US500199518003113","Block 3113, Block Group 3, Census Tract 9518, Orleans County, Vermont","0","0","0"
"1000000US500199518003114","Block 3114, Block Group 3, Census Tract 9518, Orleans County, Vermont","0","0","0"
"1000000US500199518003115","Block 3115, Block Group 3, Census Tract 9518, Orleans County, Vermont","0","0","0"
"1000000US500199519001000","Block 1000, Block Group 1, Census Tract 9519, Orleans County, Vermont","5","5","0"
"1000000US500199519001001","Block 1001, Block Group 1, Census Tract 9519, Orleans County, Vermont","3","3","0"
"1000000US500199519001002","Block 1002, Block Group 1, Census Tract 9519, Orleans County, Vermont","2","1","1"
"1000000US500199519001003","Block 1003, Block Group 1, Census Tract 9519, Orleans County, Vermont","1","1","0"
"1000000US500199519001004","Block 1004, Block Group 1, Census Tract 9519, Orleans County, Vermont","19","19","0"
"1000000US500199519001005","Block 1005, Block Group 1, Census Tract 9519, Orleans County, Vermont","0","0","0"
"1000000US500199519001006","Block 1006, Block Group 1, Census Tract 9519, Orleans County, Vermont","29","29","0"
"1000000US500199519001007","Block 1007, Block Group 1, Census Tract 9519, Orleans County, Vermont","0","0","0"
"1000000US500199519001008","Block 1008, Block Group 1, Census Tract 9519, Orleans County, Vermont","4","4","0"
"1000000US500199519001009","Block 1009, Block Group 1, Census Tract 9519, Orleans County, Vermont","0","0","0"
"1000000US500199519001010","Block 1010, Block Group 1, Census Tract 9519, Orleans County, Vermont","76","73","3"
"1000000US500199519001011","Block 1011, Block Group 1, Census Tract 9519, Orleans County, Vermont","3","3","0"
"1000000US500199519001012","Block 1012, Block Group 1, Census Tract 9519, Orleans County, Vermont","0","0","0"
"1000000US500199519001013","Block 1013, Block Group 1, Census Tract 9519, Orleans County, Vermont","0","0","0"
"1000000US500199519001014","Block 1014, Block Group 1, Census Tract 9519, Orleans County, Vermont","0","0","0"
"1000000US500199519001015","Block 1015, Block Group 1, Census Tract 9519, Orleans County, Vermont","1","1","0"
"1000000US500199519001016","Block 1016, Block Group 1, Census Tract 9519, Orleans County, Vermont","0","0","0"
"1000000US500199519001017","Block 1017, Block Group 1, Census Tract 9519, Orleans County, Vermont","0","0","0"
"1000000US500199519001018","Block 1018, Block Group 1, Census Tract 9519, Orleans County, Vermont","7","6","1"
"1000000US500199519001019","Block 1019, Block Group 1, Census Tract 9519, Orleans County, Vermont","49","39","10"
"1000000US500199519001020","Block 1020, Block Group 1, Census Tract 9519, Orleans County, Vermont","0","0","0"
"1000000US500199519001021","Block 1021, Block Group 1, Census Tract 9519, Orleans County, Vermont","3","3","0"
"1000000US500199519001022","Block 1022, Block Group 1, Census Tract 9519, Orleans County, Vermont","0","0","0"
"1000000US500199519001023","Block 1023, Block Group 1, Census Tract 9519, Orleans County, Vermont","0","0","0"
"1000000US500199519001024","Block 1024, Block Group 1, Census Tract 9519, Orleans County, Vermont","0","0","0"
"1000000US500199519001025","Block 1025, Block Group 1, Census Tract 9519, Orleans County, Vermont","0","0","0"
"1000000US500199519001026","Block 1026, Block Group 1, Census Tract 9519, Orleans County, Vermont","0","0","0"
"1000000US500199519001027","Block 1027, Block Group 1, Census Tract 9519, Orleans County, Vermont","0","0","0"
"1000000US500199519001028","Block 1028, Block Group 1, Census Tract 9519, Orleans County, Vermont","0","0","0"
"1000000US500199519001029","Block 1029, Block Group 1, Census Tract 9519, Orleans County, Vermont","0","0","0"
"1000000US500199519001030","Block 1030, Block Group 1, Census Tract 9519, Orleans County, Vermont","0","0","0"
"1000000US500199519001031","Block 1031, Block Group 1, Census Tract 9519, Orleans County, Vermont","29","25","4"
"1000000US500199519001032","Block 1032, Block Group 1, Census Tract 9519, Orleans County, Vermont","0","0","0"
"1000000US500199519001033","Block 1033, Block Group 1, Census Tract 9519, Orleans County, Vermont","0","0","0"
"1000000US500199519001034","Block 1034, Block Group 1, Census Tract 9519, Orleans County, Vermont","0","0","0"
"1000000US500199519001035","Block 1035, Block Group 1, Census Tract 9519, Orleans County, Vermont","17","13","4"
"1000000US500199519001036","Block 1036, Block Group 1, Census Tract 9519, Orleans County, Vermont","0","0","0"
"1000000US500199519001037","Block 1037, Block Group 1, Census Tract 9519, Orleans County, Vermont","0","0","0"
"1000000US500199519001038","Block 1038, Block Group 1, Census Tract 9519, Orleans County, Vermont","0","0","0"
"1000000US500199519001039","Block 1039, Block Group 1, Census Tract 9519, Orleans County, Vermont","0","0","0"
"1000000US500199519001040","Block 1040, Block Group 1, Census Tract 9519, Orleans County, Vermont","0","0","0"
"1000000US500199519001041","Block 1041, Block Group 1, Census Tract 9519, Orleans County, Vermont","6","6","0"
"1000000US500199519001042","Block 1042, Block Group 1, Census Tract 9519, Orleans County, Vermont","5","3","2"
"1000000US500199519001043","Block 1043, Block Group 1, Census Tract 9519, Orleans County, Vermont","0","0","0"
"1000000US500199519001044","Block 1044, Block Group 1, Census Tract 9519, Orleans County, Vermont","0","0","0"
"1000000US500199519001045","Block 1045, Block Group 1, Census Tract 9519, Orleans County, Vermont","3","3","0"
"1000000US500199519001046","Block 1046, Block Group 1, Census Tract 9519, Orleans County, Vermont","0","0","0"
"1000000US500199519001047","Block 1047, Block Group 1, Census Tract 9519, Orleans County, Vermont","0","0","0"
"1000000US500199519001048","Block 1048, Block Group 1, Census Tract 9519, Orleans County, Vermont","0","0","0"
"1000000US500199519001049","Block 1049, Block Group 1, Census Tract 9519, Orleans County, Vermont","0","0","0"
"1000000US500199519001050","Block 1050, Block Group 1, Census Tract 9519, Orleans County, Vermont","0","0","0"
"1000000US500199519001051","Block 1051, Block Group 1, Census Tract 9519, Orleans County, Vermont","0","0","0"
"1000000US500199519001052","Block 1052, Block Group 1, Census Tract 9519, Orleans County, Vermont","0","0","0"
"1000000US500199519001053","Block 1053, Block Group 1, Census Tract 9519, Orleans County, Vermont","0","0","0"
"1000000US500199519001054","Block 1054, Block Group 1, Census Tract 9519, Orleans County, Vermont","0","0","0"
"1000000US500199519001055","Block 1055, Block Group 1, Census Tract 9519, Orleans County, Vermont","0","0","0"
"1000000US500199519001056","Block 1056, Block Group 1, Census Tract 9519, Orleans County, Vermont","8","8","0"
"1000000US500199519001057","Block 1057, Block Group 1, Census Tract 9519, Orleans County, Vermont","0","0","0"
"1000000US500199519001058","Block 1058, Block Group 1, Census Tract 9519, Orleans County, Vermont","1","1","0"
"1000000US500199519001059","Block 1059, Block Group 1, Census Tract 9519, Orleans County, Vermont","2","2","0"
"1000000US500199519001060","Block 1060, Block Group 1, Census Tract 9519, Orleans County, Vermont","0","0","0"
"1000000US500199519001061","Block 1061, Block Group 1, Census Tract 9519, Orleans County, Vermont","0","0","0"
"1000000US500199519001062","Block 1062, Block Group 1, Census Tract 9519, Orleans County, Vermont","13","13","0"
"1000000US500199519001063","Block 1063, Block Group 1, Census Tract 9519, Orleans County, Vermont","0","0","0"
"1000000US500199519001064","Block 1064, Block Group 1, Census Tract 9519, Orleans County, Vermont","1","0","1"
"1000000US500199519001065","Block 1065, Block Group 1, Census Tract 9519, Orleans County, Vermont","0","0","0"
"1000000US500199519001066","Block 1066, Block Group 1, Census Tract 9519, Orleans County, Vermont","0","0","0"
"1000000US500199519001067","Block 1067, Block Group 1, Census Tract 9519, Orleans County, Vermont","0","0","0"
"1000000US500199519001068","Block 1068, Block Group 1, Census Tract 9519, Orleans County, Vermont","0","0","0"
"1000000US500199519001069","Block 1069, Block Group 1, Census Tract 9519, Orleans County, Vermont","0","0","0"
"1000000US500199519001070","Block 1070, Block Group 1, Census Tract 9519, Orleans County, Vermont","3","3","0"
"1000000US500199519001071","Block 1071, Block Group 1, Census Tract 9519, Orleans County, Vermont","10","10","0"
"1000000US500199519001072","Block 1072, Block Group 1, Census Tract 9519, Orleans County, Vermont","0","0","0"
"1000000US500199519001073","Block 1073, Block Group 1, Census Tract 9519, Orleans County, Vermont","5","4","1"
"1000000US500199519001074","Block 1074, Block Group 1, Census Tract 9519, Orleans County, Vermont","0","0","0"
"1000000US500199519001075","Block 1075, Block Group 1, Census Tract 9519, Orleans County, Vermont","0","0","0"
"1000000US500199519001076","Block 1076, Block Group 1, Census Tract 9519, Orleans County, Vermont","1","1","0"
"1000000US500199519001077","Block 1077, Block Group 1, Census Tract 9519, Orleans County, Vermont","0","0","0"
"1000000US500199519001078","Block 1078, Block Group 1, Census Tract 9519, Orleans County, Vermont","5","4","1"
"1000000US500199519001079","Block 1079, Block Group 1, Census Tract 9519, Orleans County, Vermont","5","3","2"
"1000000US500199519001080","Block 1080, Block Group 1, Census Tract 9519, Orleans County, Vermont","1","1","0"
"1000000US500199519001081","Block 1081, Block Group 1, Census Tract 9519, Orleans County, Vermont","0","0","0"
"1000000US500199519001082","Block 1082, Block Group 1, Census Tract 9519, Orleans County, Vermont","1","0","1"
"1000000US500199519001083","Block 1083, Block Group 1, Census Tract 9519, Orleans County, Vermont","0","0","0"
"1000000US500199519001084","Block 1084, Block Group 1, Census Tract 9519, Orleans County, Vermont","4","4","0"
"1000000US500199519001085","Block 1085, Block Group 1, Census Tract 9519, Orleans County, Vermont","0","0","0"
"1000000US500199519001086","Block 1086, Block Group 1, Census Tract 9519, Orleans County, Vermont","5","5","0"
"1000000US500199519001087","Block 1087, Block Group 1, Census Tract 9519, Orleans County, Vermont","35","34","1"
"1000000US500199519001088","Block 1088, Block Group 1, Census Tract 9519, Orleans County, Vermont","2","2","0"
"1000000US500199519001089","Block 1089, Block Group 1, Census Tract 9519, Orleans County, Vermont","1","1","0"
"1000000US500199519001090","Block 1090, Block Group 1, Census Tract 9519, Orleans County, Vermont","10","9","1"
"1000000US500199519001091","Block 1091, Block Group 1, Census Tract 9519, Orleans County, Vermont","0","0","0"
"1000000US500199519001092","Block 1092, Block Group 1, Census Tract 9519, Orleans County, Vermont","0","0","0"
"1000000US500199519001093","Block 1093, Block Group 1, Census Tract 9519, Orleans County, Vermont","42","39","3"
"1000000US500199519001094","Block 1094, Block Group 1, Census Tract 9519, Orleans County, Vermont","0","0","0"
"1000000US500199519001095","Block 1095, Block Group 1, Census Tract 9519, Orleans County, Vermont","0","0","0"
"1000000US500199519001096","Block 1096, Block Group 1, Census Tract 9519, Orleans County, Vermont","0","0","0"
"1000000US500199519001097","Block 1097, Block Group 1, Census Tract 9519, Orleans County, Vermont","0","0","0"
"1000000US500199519001098","Block 1098, Block Group 1, Census Tract 9519, Orleans County, Vermont","14","11","3"
"1000000US500199519001099","Block 1099, Block Group 1, Census Tract 9519, Orleans County, Vermont","16","10","6"
"1000000US500199519001100","Block 1100, Block Group 1, Census Tract 9519, Orleans County, Vermont","0","0","0"
"1000000US500199519001101","Block 1101, Block Group 1, Census Tract 9519, Orleans County, Vermont","0","0","0"
"1000000US500199519001102","Block 1102, Block Group 1, Census Tract 9519, Orleans County, Vermont","0","0","0"
"1000000US500199519001103","Block 1103, Block Group 1, Census Tract 9519, Orleans County, Vermont","0","0","0"
"1000000US500199519001104","Block 1104, Block Group 1, Census Tract 9519, Orleans County, Vermont","0","0","0"
"1000000US500199519001105","Block 1105, Block Group 1, Census Tract 9519, Orleans County, Vermont","0","0","0"
"1000000US500199519001106","Block 1106, Block Group 1, Census Tract 9519, Orleans County, Vermont","19","18","1"
"1000000US500199519001107","Block 1107, Block Group 1, Census Tract 9519, Orleans County, Vermont","0","0","0"
"1000000US500199519001108","Block 1108, Block Group 1, Census Tract 9519, Orleans County, Vermont","10","10","0"
"1000000US500199519001109","Block 1109, Block Group 1, Census Tract 9519, Orleans County, Vermont","0","0","0"
"1000000US500199519001110","Block 1110, Block Group 1, Census Tract 9519, Orleans County, Vermont","1","1","0"
"1000000US500199519002000","Block 2000, Block Group 2, Census Tract 9519, Orleans County, Vermont","6","6","0"
"1000000US500199519002001","Block 2001, Block Group 2, Census Tract 9519, Orleans County, Vermont","4","1","3"
"1000000US500199519002002","Block 2002, Block Group 2, Census Tract 9519, Orleans County, Vermont","0","0","0"
"1000000US500199519002003","Block 2003, Block Group 2, Census Tract 9519, Orleans County, Vermont","0","0","0"
"1000000US500199519002004","Block 2004, Block Group 2, Census Tract 9519, Orleans County, Vermont","0","0","0"
"1000000US500199519002005","Block 2005, Block Group 2, Census Tract 9519, Orleans County, Vermont","0","0","0"
"1000000US500199519002006","Block 2006, Block Group 2, Census Tract 9519, Orleans County, Vermont","15","14","1"
"1000000US500199519002007","Block 2007, Block Group 2, Census Tract 9519, Orleans County, Vermont","11","11","0"
"1000000US500199519002008","Block 2008, Block Group 2, Census Tract 9519, Orleans County, Vermont","6","5","1"
"1000000US500199519002009","Block 2009, Block Group 2, Census Tract 9519, Orleans County, Vermont","1","1","0"
"1000000US500199519002010","Block 2010, Block Group 2, Census Tract 9519, Orleans County, Vermont","13","13","0"
"1000000US500199519002011","Block 2011, Block Group 2, Census Tract 9519, Orleans County, Vermont","0","0","0"
"1000000US500199519002012","Block 2012, Block Group 2, Census Tract 9519, Orleans County, Vermont","53","36","17"
"1000000US500199519002013","Block 2013, Block Group 2, Census Tract 9519, Orleans County, Vermont","21","18","3"
"1000000US500199519002014","Block 2014, Block Group 2, Census Tract 9519, Orleans County, Vermont","0","0","0"
"1000000US500199519002015","Block 2015, Block Group 2, Census Tract 9519, Orleans County, Vermont","25","21","4"
"1000000US500199519002016","Block 2016, Block Group 2, Census Tract 9519, Orleans County, Vermont","3","0","3"
"1000000US500199519002017","Block 2017, Block Group 2, Census Tract 9519, Orleans County, Vermont","0","0","0"
"1000000US500199519002018","Block 2018, Block Group 2, Census Tract 9519, Orleans County, Vermont","0","0","0"
"1000000US500199519002019","Block 2019, Block Group 2, Census Tract 9519, Orleans County, Vermont","27","22","5"
"1000000US500199519002020","Block 2020, Block Group 2, Census Tract 9519, Orleans County, Vermont","0","0","0"
"1000000US500199519002021","Block 2021, Block Group 2, Census Tract 9519, Orleans County, Vermont","0","0","0"
"1000000US500199519002022","Block 2022, Block Group 2, Census Tract 9519, Orleans County, Vermont","28","23","5"
"1000000US500199519002023","Block 2023, Block Group 2, Census Tract 9519, Orleans County, Vermont","0","0","0"
"1000000US500199519002024","Block 2024, Block Group 2, Census Tract 9519, Orleans County, Vermont","0","0","0"
"1000000US500199519002025","Block 2025, Block Group 2, Census Tract 9519, Orleans County, Vermont","0","0","0"
"1000000US500199519002026","Block 2026, Block Group 2, Census Tract 9519, Orleans County, Vermont","57","49","8"
"1000000US500199519002027","Block 2027, Block Group 2, Census Tract 9519, Orleans County, Vermont","0","0","0"
"1000000US500199519002028","Block 2028, Block Group 2, Census Tract 9519, Orleans County, Vermont","10","10","0"
"1000000US500199519002029","Block 2029, Block Group 2, Census Tract 9519, Orleans County, Vermont","20","10","10"
"1000000US500199519002030","Block 2030, Block Group 2, Census Tract 9519, Orleans County, Vermont","0","0","0"
"1000000US500199519002031","Block 2031, Block Group 2, Census Tract 9519, Orleans County, Vermont","1","1","0"
"1000000US500199519002032","Block 2032, Block Group 2, Census Tract 9519, Orleans County, Vermont","4","3","1"
"1000000US500199519002033","Block 2033, Block Group 2, Census Tract 9519, Orleans County, Vermont","37","33","4"
"1000000US500199519002034","Block 2034, Block Group 2, Census Tract 9519, Orleans County, Vermont","21","18","3"
"1000000US500199519002035","Block 2035, Block Group 2, Census Tract 9519, Orleans County, Vermont","1","1","0"
"1000000US500199519002036","Block 2036, Block Group 2, Census Tract 9519, Orleans County, Vermont","0","0","0"
"1000000US500199519002037","Block 2037, Block Group 2, Census Tract 9519, Orleans County, Vermont","3","2","1"
"1000000US500199519002038","Block 2038, Block Group 2, Census Tract 9519, Orleans County, Vermont","0","0","0"
"1000000US500199519002039","Block 2039, Block Group 2, Census Tract 9519, Orleans County, Vermont","11","11","0"
"1000000US500199519002040","Block 2040, Block Group 2, Census Tract 9519, Orleans County, Vermont","1","1","0"
"1000000US500199519002041","Block 2041, Block Group 2, Census Tract 9519, Orleans County, Vermont","0","0","0"
"1000000US500199519002042","Block 2042, Block Group 2, Census Tract 9519, Orleans County, Vermont","1","0","1"
"1000000US500199519002043","Block 2043, Block Group 2, Census Tract 9519, Orleans County, Vermont","17","14","3"
"1000000US500199519002044","Block 2044, Block Group 2, Census Tract 9519, Orleans County, Vermont","0","0","0"
"1000000US500199519002045","Block 2045, Block Group 2, Census Tract 9519, Orleans County, Vermont","0","0","0"
"1000000US500199519002046","Block 2046, Block Group 2, Census Tract 9519, Orleans County, Vermont","0","0","0"
"1000000US500199519002047","Block 2047, Block Group 2, Census Tract 9519, Orleans County, Vermont","0","0","0"
"1000000US500199519002048","Block 2048, Block Group 2, Census Tract 9519, Orleans County, Vermont","0","0","0"
"1000000US500199519002049","Block 2049, Block Group 2, Census Tract 9519, Orleans County, Vermont","32","21","11"
"1000000US500199519002050","Block 2050, Block Group 2, Census Tract 9519, Orleans County, Vermont","0","0","0"
"1000000US500199519002051","Block 2051, Block Group 2, Census Tract 9519, Orleans County, Vermont","3","2","1"
"1000000US500199519002052","Block 2052, Block Group 2, Census Tract 9519, Orleans County, Vermont","4","3","1"
"1000000US500199519002053","Block 2053, Block Group 2, Census Tract 9519, Orleans County, Vermont","14","10","4"
"1000000US500199519002054","Block 2054, Block Group 2, Census Tract 9519, Orleans County, Vermont","4","4","0"
"1000000US500199519002055","Block 2055, Block Group 2, Census Tract 9519, Orleans County, Vermont","9","5","4"
"1000000US500199519002056","Block 2056, Block Group 2, Census Tract 9519, Orleans County, Vermont","1","1","0"
"1000000US500199519002057","Block 2057, Block Group 2, Census Tract 9519, Orleans County, Vermont","4","4","0"
"1000000US500199519002058","Block 2058, Block Group 2, Census Tract 9519, Orleans County, Vermont","0","0","0"
"1000000US500199519002059","Block 2059, Block Group 2, Census Tract 9519, Orleans County, Vermont","21","12","9"
"1000000US500199519002060","Block 2060, Block Group 2, Census Tract 9519, Orleans County, Vermont","0","0","0"
"1000000US500199519002061","Block 2061, Block Group 2, Census Tract 9519, Orleans County, Vermont","0","0","0"
"1000000US500199519002062","Block 2062, Block Group 2, Census Tract 9519, Orleans County, Vermont","0","0","0"
"1000000US500199519002063","Block 2063, Block Group 2, Census Tract 9519, Orleans County, Vermont","0","0","0"
"1000000US500199519002064","Block 2064, Block Group 2, Census Tract 9519, Orleans County, Vermont","3","2","1"
"1000000US500199519002065","Block 2065, Block Group 2, Census Tract 9519, Orleans County, Vermont","93","29","64"
"1000000US500199519002066","Block 2066, Block Group 2, Census Tract 9519, Orleans County, Vermont","22","3","19"
"1000000US500199519002067","Block 2067, Block Group 2, Census Tract 9519, Orleans County, Vermont","5","1","4"
"1000000US500199519002068","Block 2068, Block Group 2, Census Tract 9519, Orleans County, Vermont","9","4","5"
"1000000US500199519002069","Block 2069, Block Group 2, Census Tract 9519, Orleans County, Vermont","80","25","55"
"1000000US500199519002070","Block 2070, Block Group 2, Census Tract 9519, Orleans County, Vermont","0","0","0"
"1000000US500199519002071","Block 2071, Block Group 2, Census Tract 9519, Orleans County, Vermont","0","0","0"
"1000000US500199519002072","Block 2072, Block Group 2, Census Tract 9519, Orleans County, Vermont","0","0","0"
"1000000US500199519002073","Block 2073, Block Group 2, Census Tract 9519, Orleans County, Vermont","0","0","0"
"1000000US500199519002074","Block 2074, Block Group 2, Census Tract 9519, Orleans County, Vermont","0","0","0"
"1000000US500199519002075","Block 2075, Block Group 2, Census Tract 9519, Orleans County, Vermont","2","0","2"
"1000000US500199519002076","Block 2076, Block Group 2, Census Tract 9519, Orleans County, Vermont","1","0","1"
"1000000US500199519002077","Block 2077, Block Group 2, Census Tract 9519, Orleans County, Vermont","0","0","0"
"1000000US500199519002078","Block 2078, Block Group 2, Census Tract 9519, Orleans County, Vermont","0","0","0"
"1000000US500199519002079","Block 2079, Block Group 2, Census Tract 9519, Orleans County, Vermont","0","0","0"
"1000000US500199519002080","Block 2080, Block Group 2, Census Tract 9519, Orleans County, Vermont","0","0","0"
"1000000US500199519002081","Block 2081, Block Group 2, Census Tract 9519, Orleans County, Vermont","0","0","0"
"1000000US500199519002082","Block 2082, Block Group 2, Census Tract 9519, Orleans County, Vermont","2","2","0"
"1000000US500199519002083","Block 2083, Block Group 2, Census Tract 9519, Orleans County, Vermont","52","3","49"
"1000000US500199519002084","Block 2084, Block Group 2, Census Tract 9519, Orleans County, Vermont","3","0","3"
"1000000US500199519002085","Block 2085, Block Group 2, Census Tract 9519, Orleans County, Vermont","5","0","5"
"1000000US500199519002086","Block 2086, Block Group 2, Census Tract 9519, Orleans County, Vermont","0","0","0"
"1000000US500199519002087","Block 2087, Block Group 2, Census Tract 9519, Orleans County, Vermont","0","0","0"
"1000000US500199519002088","Block 2088, Block Group 2, Census Tract 9519, Orleans County, Vermont","0","0","0"
"1000000US500199519002089","Block 2089, Block Group 2, Census Tract 9519, Orleans County, Vermont","0","0","0"
"1000000US500199519002090","Block 2090, Block Group 2, Census Tract 9519, Orleans County, Vermont","21","6","15"
"1000000US500199519002091","Block 2091, Block Group 2, Census Tract 9519, Orleans County, Vermont","0","0","0"
"1000000US500199519002092","Block 2092, Block Group 2, Census Tract 9519, Orleans County, Vermont","0","0","0"
"1000000US500199519002093","Block 2093, Block Group 2, Census Tract 9519, Orleans County, Vermont","18","2","16"
"1000000US500199519002094","Block 2094, Block Group 2, Census Tract 9519, Orleans County, Vermont","0","0","0"
"1000000US500199519002095","Block 2095, Block Group 2, Census Tract 9519, Orleans County, Vermont","0","0","0"
"1000000US500199519002096","Block 2096, Block Group 2, Census Tract 9519, Orleans County, Vermont","65","26","39"
"1000000US500199519002097","Block 2097, Block Group 2, Census Tract 9519, Orleans County, Vermont","0","0","0"
"1000000US500199519002098","Block 2098, Block Group 2, Census Tract 9519, Orleans County, Vermont","0","0","0"
"1000000US500199519002099","Block 2099, Block Group 2, Census Tract 9519, Orleans County, Vermont","0","0","0"
"1000000US500199519002100","Block 2100, Block Group 2, Census Tract 9519, Orleans County, Vermont","5","0","5"
"1000000US500199519002101","Block 2101, Block Group 2, Census Tract 9519, Orleans County, Vermont","61","3","58"
"1000000US500199519002102","Block 2102, Block Group 2, Census Tract 9519, Orleans County, Vermont","0","0","0"
"1000000US500199519002103","Block 2103, Block Group 2, Census Tract 9519, Orleans County, Vermont","0","0","0"
"1000000US500199519002104","Block 2104, Block Group 2, Census Tract 9519, Orleans County, Vermont","0","0","0"
"1000000US500199519002105","Block 2105, Block Group 2, Census Tract 9519, Orleans County, Vermont","0","0","0"
"1000000US500199519002106","Block 2106, Block Group 2, Census Tract 9519, Orleans County, Vermont","0","0","0"
"1000000US500199519002107","Block 2107, Block Group 2, Census Tract 9519, Orleans County, Vermont","0","0","0"
"1000000US500199519002108","Block 2108, Block Group 2, Census Tract 9519, Orleans County, Vermont","0","0","0"
"1000000US500199519002109","Block 2109, Block Group 2, Census Tract 9519, Orleans County, Vermont","1","0","1"
"1000000US500199519002110","Block 2110, Block Group 2, Census Tract 9519, Orleans County, Vermont","69","10","59"
"1000000US500199519002111","Block 2111, Block Group 2, Census Tract 9519, Orleans County, Vermont","32","17","15"
"1000000US500199519002112","Block 2112, Block Group 2, Census Tract 9519, Orleans County, Vermont","0","0","0"
"1000000US500199519002113","Block 2113, Block Group 2, Census Tract 9519, Orleans County, Vermont","0","0","0"
"1000000US500199519002114","Block 2114, Block Group 2, Census Tract 9519, Orleans County, Vermont","0","0","0"
"1000000US500199519002115","Block 2115, Block Group 2, Census Tract 9519, Orleans County, Vermont","7","0","7"
"1000000US500199519002116","Block 2116, Block Group 2, Census Tract 9519, Orleans County, Vermont","7","4","3"
"1000000US500199519002117","Block 2117, Block Group 2, Census Tract 9519, Orleans County, Vermont","0","0","0"
"1000000US500199519002118","Block 2118, Block Group 2, Census Tract 9519, Orleans County, Vermont","0","0","0"
"1000000US500199519002119","Block 2119, Block Group 2, Census Tract 9519, Orleans County, Vermont","0","0","0"
"1000000US500199519002120","Block 2120, Block Group 2, Census Tract 9519, Orleans County, Vermont","1","1","0"
"1000000US500199519002121","Block 2121, Block Group 2, Census Tract 9519, Orleans County, Vermont","17","13","4"
"1000000US500199519002122","Block 2122, Block Group 2, Census Tract 9519, Orleans County, Vermont","1","0","1"
"1000000US500199519002123","Block 2123, Block Group 2, Census Tract 9519, Orleans County, Vermont","13","12","1"
"1000000US500199519002124","Block 2124, Block Group 2, Census Tract 9519, Orleans County, Vermont","4","3","1"
"1000000US500199519002125","Block 2125, Block Group 2, Census Tract 9519, Orleans County, Vermont","0","0","0"
"1000000US500199519002126","Block 2126, Block Group 2, Census Tract 9519, Orleans County, Vermont","0","0","0"
"1000000US500199519002127","Block 2127, Block Group 2, Census Tract 9519, Orleans County, Vermont","0","0","0"
"1000000US500199519002128","Block 2128, Block Group 2, Census Tract 9519, Orleans County, Vermont","2","1","1"
"1000000US500199519002129","Block 2129, Block Group 2, Census Tract 9519, Orleans County, Vermont","0","0","0"
"1000000US500199519002130","Block 2130, Block Group 2, Census Tract 9519, Orleans County, Vermont","17","11","6"
"1000000US500199519002131","Block 2131, Block Group 2, Census Tract 9519, Orleans County, Vermont","0","0","0"
"1000000US500199519002132","Block 2132, Block Group 2, Census Tract 9519, Orleans County, Vermont","0","0","0"
"1000000US500199519002133","Block 2133, Block Group 2, Census Tract 9519, Orleans County, Vermont","0","0","0"
"1000000US500199519002134","Block 2134, Block Group 2, Census Tract 9519, Orleans County, Vermont","0","0","0"
"1000000US500199520001000","Block 1000, Block Group 1, Census Tract 9520, Orleans County, Vermont","0","0","0"
"1000000US500199520001001","Block 1001, Block Group 1, Census Tract 9520, Orleans County, Vermont","0","0","0"
"1000000US500199520001002","Block 1002, Block Group 1, Census Tract 9520, Orleans County, Vermont","29","29","0"
"1000000US500199520001003","Block 1003, Block Group 1, Census Tract 9520, Orleans County, Vermont","5","4","1"
"1000000US500199520001004","Block 1004, Block Group 1, Census Tract 9520, Orleans County, Vermont","1","1","0"
"1000000US500199520001005","Block 1005, Block Group 1, Census Tract 9520, Orleans County, Vermont","1","1","0"
"1000000US500199520001006","Block 1006, Block Group 1, Census Tract 9520, Orleans County, Vermont","0","0","0"
"1000000US500199520001007","Block 1007, Block Group 1, Census Tract 9520, Orleans County, Vermont","17","15","2"
"1000000US500199520001008","Block 1008, Block Group 1, Census Tract 9520, Orleans County, Vermont","11","10","1"
"1000000US500199520001009","Block 1009, Block Group 1, Census Tract 9520, Orleans County, Vermont","2","2","0"
"1000000US500199520001010","Block 1010, Block Group 1, Census Tract 9520, Orleans County, Vermont","2","2","0"
"1000000US500199520001011","Block 1011, Block Group 1, Census Tract 9520, Orleans County, Vermont","0","0","0"
"1000000US500199520001012","Block 1012, Block Group 1, Census Tract 9520, Orleans County, Vermont","20","15","5"
"1000000US500199520001013","Block 1013, Block Group 1, Census Tract 9520, Orleans County, Vermont","0","0","0"
"1000000US500199520001014","Block 1014, Block Group 1, Census Tract 9520, Orleans County, Vermont","4","4","0"
"1000000US500199520001015","Block 1015, Block Group 1, Census Tract 9520, Orleans County, Vermont","22","11","11"
"1000000US500199520001016","Block 1016, Block Group 1, Census Tract 9520, Orleans County, Vermont","6","3","3"
"1000000US500199520001017","Block 1017, Block Group 1, Census Tract 9520, Orleans County, Vermont","0","0","0"
"1000000US500199520001018","Block 1018, Block Group 1, Census Tract 9520, Orleans County, Vermont","70","33","37"
"1000000US500199520001019","Block 1019, Block Group 1, Census Tract 9520, Orleans County, Vermont","1","1","0"
"1000000US500199520001020","Block 1020, Block Group 1, Census Tract 9520, Orleans County, Vermont","0","0","0"
"1000000US500199520001021","Block 1021, Block Group 1, Census Tract 9520, Orleans County, Vermont","0","0","0"
"1000000US500199520001022","Block 1022, Block Group 1, Census Tract 9520, Orleans County, Vermont","0","0","0"
"1000000US500199520001023","Block 1023, Block Group 1, Census Tract 9520, Orleans County, Vermont","1","1","0"
"1000000US500199520001024","Block 1024, Block Group 1, Census Tract 9520, Orleans County, Vermont","0","0","0"
"1000000US500199520001025","Block 1025, Block Group 1, Census Tract 9520, Orleans County, Vermont","1","0","1"
"1000000US500199520001026","Block 1026, Block Group 1, Census Tract 9520, Orleans County, Vermont","2","1","1"
"1000000US500199520001027","Block 1027, Block Group 1, Census Tract 9520, Orleans County, Vermont","0","0","0"
"1000000US500199520001028","Block 1028, Block Group 1, Census Tract 9520, Orleans County, Vermont","0","0","0"
"1000000US500199520001029","Block 1029, Block Group 1, Census Tract 9520, Orleans County, Vermont","0","0","0"
"1000000US500199520001030","Block 1030, Block Group 1, Census Tract 9520, Orleans County, Vermont","5","2","3"
"1000000US500199520001031","Block 1031, Block Group 1, Census Tract 9520, Orleans County, Vermont","13","11","2"
"1000000US500199520001032","Block 1032, Block Group 1, Census Tract 9520, Orleans County, Vermont","14","5","9"
"1000000US500199520001033","Block 1033, Block Group 1, Census Tract 9520, Orleans County, Vermont","31","6","25"
"1000000US500199520001034","Block 1034, Block Group 1, Census Tract 9520, Orleans County, Vermont","0","0","0"
"1000000US500199520001035","Block 1035, Block Group 1, Census Tract 9520, Orleans County, Vermont","0","0","0"
"1000000US500199520001036","Block 1036, Block Group 1, Census Tract 9520, Orleans County, Vermont","1","0","1"
"1000000US500199520001037","Block 1037, Block Group 1, Census Tract 9520, Orleans County, Vermont","0","0","0"
"1000000US500199520001038","Block 1038, Block Group 1, Census Tract 9520, Orleans County, Vermont","6","6","0"
"1000000US500199520001039","Block 1039, Block Group 1, Census Tract 9520, Orleans County, Vermont","4","4","0"
"1000000US500199520001040","Block 1040, Block Group 1, Census Tract 9520, Orleans County, Vermont","0","0","0"
"1000000US500199520001041","Block 1041, Block Group 1, Census Tract 9520, Orleans County, Vermont","21","12","9"
"1000000US500199520001042","Block 1042, Block Group 1, Census Tract 9520, Orleans County, Vermont","18","17","1"
"1000000US500199520001043","Block 1043, Block Group 1, Census Tract 9520, Orleans County, Vermont","6","4","2"
"1000000US500199520001044","Block 1044, Block Group 1, Census Tract 9520, Orleans County, Vermont","10","9","1"
"1000000US500199520001045","Block 1045, Block Group 1, Census Tract 9520, Orleans County, Vermont","10","10","0"
"1000000US500199520001046","Block 1046, Block Group 1, Census Tract 9520, Orleans County, Vermont","8","8","0"
"1000000US500199520001047","Block 1047, Block Group 1, Census Tract 9520, Orleans County, Vermont","0","0","0"
"1000000US500199520001048","Block 1048, Block Group 1, Census Tract 9520, Orleans County, Vermont","20","17","3"
"1000000US500199520001049","Block 1049, Block Group 1, Census Tract 9520, Orleans County, Vermont","17","16","1"
"1000000US500199520001050","Block 1050, Block Group 1, Census Tract 9520, Orleans County, Vermont","20","20","0"
"1000000US500199520001051","Block 1051, Block Group 1, Census Tract 9520, Orleans County, Vermont","3","3","0"
"1000000US500199520001052","Block 1052, Block Group 1, Census Tract 9520, Orleans County, Vermont","2","2","0"
"1000000US500199520001053","Block 1053, Block Group 1, Census Tract 9520, Orleans County, Vermont","2","2","0"
"1000000US500199520001054","Block 1054, Block Group 1, Census Tract 9520, Orleans County, Vermont","0","0","0"
"1000000US500199520001055","Block 1055, Block Group 1, Census Tract 9520, Orleans County, Vermont","15","12","3"
"1000000US500199520001056","Block 1056, Block Group 1, Census Tract 9520, Orleans County, Vermont","11","10","1"
"1000000US500199520001057","Block 1057, Block Group 1, Census Tract 9520, Orleans County, Vermont","0","0","0"
"1000000US500199520001058","Block 1058, Block Group 1, Census Tract 9520, Orleans County, Vermont","2","2","0"
"1000000US500199520001059","Block 1059, Block Group 1, Census Tract 9520, Orleans County, Vermont","7","6","1"
"1000000US500199520001060","Block 1060, Block Group 1, Census Tract 9520, Orleans County, Vermont","0","0","0"
"1000000US500199520001061","Block 1061, Block Group 1, Census Tract 9520, Orleans County, Vermont","6","4","2"
"1000000US500199520001062","Block 1062, Block Group 1, Census Tract 9520, Orleans County, Vermont","36","11","25"
"1000000US500199520001063","Block 1063, Block Group 1, Census Tract 9520, Orleans County, Vermont","0","0","0"
"1000000US500199520001064","Block 1064, Block Group 1, Census Tract 9520, Orleans County, Vermont","0","0","0"
"1000000US500199520001065","Block 1065, Block Group 1, Census Tract 9520, Orleans County, Vermont","0","0","0"
"1000000US500199520001066","Block 1066, Block Group 1, Census Tract 9520, Orleans County, Vermont","0","0","0"
"1000000US500199520001067","Block 1067, Block Group 1, Census Tract 9520, Orleans County, Vermont","0","0","0"
"1000000US500199520001068","Block 1068, Block Group 1, Census Tract 9520, Orleans County, Vermont","14","9","5"
"1000000US500199520001069","Block 1069, Block Group 1, Census Tract 9520, Orleans County, Vermont","3","2","1"
"1000000US500199520001070","Block 1070, Block Group 1, Census Tract 9520, Orleans County, Vermont","0","0","0"
"1000000US500199520001071","Block 1071, Block Group 1, Census Tract 9520, Orleans County, Vermont","3","2","1"
"1000000US500199520001072","Block 1072, Block Group 1, Census Tract 9520, Orleans County, Vermont","3","3","0"
"1000000US500199520001073","Block 1073, Block Group 1, Census Tract 9520, Orleans County, Vermont","0","0","0"
"1000000US500199520001074","Block 1074, Block Group 1, Census Tract 9520, Orleans County, Vermont","0","0","0"
"1000000US500199520001075","Block 1075, Block Group 1, Census Tract 9520, Orleans County, Vermont","0","0","0"
"1000000US500199520001076","Block 1076, Block Group 1, Census Tract 9520, Orleans County, Vermont","1","1","0"
"1000000US500199520001077","Block 1077, Block Group 1, Census Tract 9520, Orleans County, Vermont","1","0","1"
"1000000US500199520001078","Block 1078, Block Group 1, Census Tract 9520, Orleans County, Vermont","114","30","84"
"1000000US500199520001079","Block 1079, Block Group 1, Census Tract 9520, Orleans County, Vermont","0","0","0"
"1000000US500199520001080","Block 1080, Block Group 1, Census Tract 9520, Orleans County, Vermont","0","0","0"
"1000000US500199520001081","Block 1081, Block Group 1, Census Tract 9520, Orleans County, Vermont","0","0","0"
"1000000US500199520001082","Block 1082, Block Group 1, Census Tract 9520, Orleans County, Vermont","0","0","0"
"1000000US500199520001083","Block 1083, Block Group 1, Census Tract 9520, Orleans County, Vermont","7","4","3"
"1000000US500199520001084","Block 1084, Block Group 1, Census Tract 9520, Orleans County, Vermont","0","0","0"
"1000000US500199520001085","Block 1085, Block Group 1, Census Tract 9520, Orleans County, Vermont","15","10","5"
"1000000US500199520001086","Block 1086, Block Group 1, Census Tract 9520, Orleans County, Vermont","74","28","46"
"1000000US500199520001087","Block 1087, Block Group 1, Census Tract 9520, Orleans County, Vermont","0","0","0"
"1000000US500199520001088","Block 1088, Block Group 1, Census Tract 9520, Orleans County, Vermont","0","0","0"
"1000000US500199520001089","Block 1089, Block Group 1, Census Tract 9520, Orleans County, Vermont","0","0","0"
"1000000US500199520001090","Block 1090, Block Group 1, Census Tract 9520, Orleans County, Vermont","0","0","0"
"1000000US500199520001091","Block 1091, Block Group 1, Census Tract 9520, Orleans County, Vermont","0","0","0"
"1000000US500199520001092","Block 1092, Block Group 1, Census Tract 9520, Orleans County, Vermont","3","2","1"
"1000000US500199520001093","Block 1093, Block Group 1, Census Tract 9520, Orleans County, Vermont","0","0","0"
"1000000US500199520001094","Block 1094, Block Group 1, Census Tract 9520, Orleans County, Vermont","2","1","1"
"1000000US500199520001095","Block 1095, Block Group 1, Census Tract 9520, Orleans County, Vermont","22","20","2"
"1000000US500199520001096","Block 1096, Block Group 1, Census Tract 9520, Orleans County, Vermont","0","0","0"
"1000000US500199520001097","Block 1097, Block Group 1, Census Tract 9520, Orleans County, Vermont","0","0","0"
"1000000US500199520001098","Block 1098, Block Group 1, Census Tract 9520, Orleans County, Vermont","5","3","2"
"1000000US500199520001099","Block 1099, Block Group 1, Census Tract 9520, Orleans County, Vermont","0","0","0"
"1000000US500199520001100","Block 1100, Block Group 1, Census Tract 9520, Orleans County, Vermont","7","5","2"
"1000000US500199520001101","Block 1101, Block Group 1, Census Tract 9520, Orleans County, Vermont","0","0","0"
"1000000US500199520001102","Block 1102, Block Group 1, Census Tract 9520, Orleans County, Vermont","5","4","1"
"1000000US500199520001103","Block 1103, Block Group 1, Census Tract 9520, Orleans County, Vermont","0","0","0"
"1000000US500199520001104","Block 1104, Block Group 1, Census Tract 9520, Orleans County, Vermont","0","0","0"
"1000000US500199520001105","Block 1105, Block Group 1, Census Tract 9520, Orleans County, Vermont","0","0","0"
"1000000US500199520002000","Block 2000, Block Group 2, Census Tract 9520, Orleans County, Vermont","0","0","0"
"1000000US500199520002001","Block 2001, Block Group 2, Census Tract 9520, Orleans County, Vermont","4","4","0"
"1000000US500199520002002","Block 2002, Block Group 2, Census Tract 9520, Orleans County, Vermont","0","0","0"
"1000000US500199520002003","Block 2003, Block Group 2, Census Tract 9520, Orleans County, Vermont","0","0","0"
"1000000US500199520002004","Block 2004, Block Group 2, Census Tract 9520, Orleans County, Vermont","0","0","0"
"1000000US500199520002005","Block 2005, Block Group 2, Census Tract 9520, Orleans County, Vermont","0","0","0"
"1000000US500199520002006","Block 2006, Block Group 2, Census Tract 9520, Orleans County, Vermont","10","4","6"
"1000000US500199520002007","Block 2007, Block Group 2, Census Tract 9520, Orleans County, Vermont","2","2","0"
"1000000US500199520002008","Block 2008, Block Group 2, Census Tract 9520, Orleans County, Vermont","0","0","0"
"1000000US500199520002009","Block 2009, Block Group 2, Census Tract 9520, Orleans County, Vermont","31","20","11"
"1000000US500199520002010","Block 2010, Block Group 2, Census Tract 9520, Orleans County, Vermont","0","0","0"
"1000000US500199520002011","Block 2011, Block Group 2, Census Tract 9520, Orleans County, Vermont","0","0","0"
"1000000US500199520002012","Block 2012, Block Group 2, Census Tract 9520, Orleans County, Vermont","0","0","0"
"1000000US500199520002013","Block 2013, Block Group 2, Census Tract 9520, Orleans County, Vermont","0","0","0"
"1000000US500199520002014","Block 2014, Block Group 2, Census Tract 9520, Orleans County, Vermont","0","0","0"
"1000000US500199520002015","Block 2015, Block Group 2, Census Tract 9520, Orleans County, Vermont","0","0","0"
"1000000US500199520002016","Block 2016, Block Group 2, Census Tract 9520, Orleans County, Vermont","1","1","0"
"1000000US500199520002017","Block 2017, Block Group 2, Census Tract 9520, Orleans County, Vermont","0","0","0"
"1000000US500199520002018","Block 2018, Block Group 2, Census Tract 9520, Orleans County, Vermont","5","2","3"
"1000000US500199520002019","Block 2019, Block Group 2, Census Tract 9520, Orleans County, Vermont","6","3","3"
"1000000US500199520002020","Block 2020, Block Group 2, Census Tract 9520, Orleans County, Vermont","20","11","9"
"1000000US500199520002021","Block 2021, Block Group 2, Census Tract 9520, Orleans County, Vermont","0","0","0"
"1000000US500199520002022","Block 2022, Block Group 2, Census Tract 9520, Orleans County, Vermont","46","18","28"
"1000000US500199520002023","Block 2023, Block Group 2, Census Tract 9520, Orleans County, Vermont","17","8","9"
"1000000US500199520002024","Block 2024, Block Group 2, Census Tract 9520, Orleans County, Vermont","4","1","3"
"1000000US500199520002025","Block 2025, Block Group 2, Census Tract 9520, Orleans County, Vermont","0","0","0"
"1000000US500199520002026","Block 2026, Block Group 2, Census Tract 9520, Orleans County, Vermont","5","5","0"
"1000000US500199520002027","Block 2027, Block Group 2, Census Tract 9520, Orleans County, Vermont","16","12","4"
"1000000US500199520002028","Block 2028, Block Group 2, Census Tract 9520, Orleans County, Vermont","1","1","0"
"1000000US500199520002029","Block 2029, Block Group 2, Census Tract 9520, Orleans County, Vermont","14","12","2"
"1000000US500199520002030","Block 2030, Block Group 2, Census Tract 9520, Orleans County, Vermont","1","1","0"
"1000000US500199520002031","Block 2031, Block Group 2, Census Tract 9520, Orleans County, Vermont","0","0","0"
"1000000US500199520002032","Block 2032, Block Group 2, Census Tract 9520, Orleans County, Vermont","0","0","0"
"1000000US500199520002033","Block 2033, Block Group 2, Census Tract 9520, Orleans County, Vermont","8","7","1"
"1000000US500199520002034","Block 2034, Block Group 2, Census Tract 9520, Orleans County, Vermont","5","3","2"
"1000000US500199520002035","Block 2035, Block Group 2, Census Tract 9520, Orleans County, Vermont","2","2","0"
"1000000US500199520002036","Block 2036, Block Group 2, Census Tract 9520, Orleans County, Vermont","3","2","1"
"1000000US500199520002037","Block 2037, Block Group 2, Census Tract 9520, Orleans County, Vermont","4","4","0"
"1000000US500199520002038","Block 2038, Block Group 2, Census Tract 9520, Orleans County, Vermont","1","0","1"
"1000000US500199520002039","Block 2039, Block Group 2, Census Tract 9520, Orleans County, Vermont","1","1","0"
"1000000US500199520002040","Block 2040, Block Group 2, Census Tract 9520, Orleans County, Vermont","1","1","0"
"1000000US500199520002041","Block 2041, Block Group 2, Census Tract 9520, Orleans County, Vermont","16","9","7"
"1000000US500199520002042","Block 2042, Block Group 2, Census Tract 9520, Orleans County, Vermont","0","0","0"
"1000000US500199520002043","Block 2043, Block Group 2, Census Tract 9520, Orleans County, Vermont","0","0","0"
"1000000US500199520002044","Block 2044, Block Group 2, Census Tract 9520, Orleans County, Vermont","8","5","3"
"1000000US500199520002045","Block 2045, Block Group 2, Census Tract 9520, Orleans County, Vermont","0","0","0"
"1000000US500199520002046","Block 2046, Block Group 2, Census Tract 9520, Orleans County, Vermont","33","1","32"
"1000000US500199520002047","Block 2047, Block Group 2, Census Tract 9520, Orleans County, Vermont","0","0","0"
"1000000US500199520002048","Block 2048, Block Group 2, Census Tract 9520, Orleans County, Vermont","17","2","15"
"1000000US500199520002049","Block 2049, Block Group 2, Census Tract 9520, Orleans County, Vermont","1","1","0"
"1000000US500199520002050","Block 2050, Block Group 2, Census Tract 9520, Orleans County, Vermont","3","2","1"
"1000000US500199520002051","Block 2051, Block Group 2, Census Tract 9520, Orleans County, Vermont","0","0","0"
"1000000US500199520002052","Block 2052, Block Group 2, Census Tract 9520, Orleans County, Vermont","13","1","12"
"1000000US500199520002053","Block 2053, Block Group 2, Census Tract 9520, Orleans County, Vermont","18","7","11"
"1000000US500199520002054","Block 2054, Block Group 2, Census Tract 9520, Orleans County, Vermont","11","1","10"
"1000000US500199520002055","Block 2055, Block Group 2, Census Tract 9520, Orleans County, Vermont","0","0","0"
"1000000US500199520002056","Block 2056, Block Group 2, Census Tract 9520, Orleans County, Vermont","0","0","0"
"1000000US500199520002057","Block 2057, Block Group 2, Census Tract 9520, Orleans County, Vermont","8","4","4"
"1000000US500199520002058","Block 2058, Block Group 2, Census Tract 9520, Orleans County, Vermont","17","0","17"
"1000000US500199520002059","Block 2059, Block Group 2, Census Tract 9520, Orleans County, Vermont","0","0","0"
"1000000US500199520002060","Block 2060, Block Group 2, Census Tract 9520, Orleans County, Vermont","0","0","0"
"1000000US500199520002061","Block 2061, Block Group 2, Census Tract 9520, Orleans County, Vermont","0","0","0"
"1000000US500199520002062","Block 2062, Block Group 2, Census Tract 9520, Orleans County, Vermont","12","5","7"
"1000000US500199520002063","Block 2063, Block Group 2, Census Tract 9520, Orleans County, Vermont","0","0","0"
"1000000US500199520002064","Block 2064, Block Group 2, Census Tract 9520, Orleans County, Vermont","0","0","0"
"1000000US500199520002065","Block 2065, Block Group 2, Census Tract 9520, Orleans County, Vermont","6","0","6"
"1000000US500199520002066","Block 2066, Block Group 2, Census Tract 9520, Orleans County, Vermont","6","0","6"
"1000000US500199520002067","Block 2067, Block Group 2, Census Tract 9520, Orleans County, Vermont","4","2","2"
"1000000US500199520002068","Block 2068, Block Group 2, Census Tract 9520, Orleans County, Vermont","26","6","20"
"1000000US500199520002069","Block 2069, Block Group 2, Census Tract 9520, Orleans County, Vermont","0","0","0"
"1000000US500199520002070","Block 2070, Block Group 2, Census Tract 9520, Orleans County, Vermont","6","2","4"
"1000000US500199520002071","Block 2071, Block Group 2, Census Tract 9520, Orleans County, Vermont","0","0","0"
"1000000US500199520002072","Block 2072, Block Group 2, Census Tract 9520, Orleans County, Vermont","10","6","4"
"1000000US500199520002073","Block 2073, Block Group 2, Census Tract 9520, Orleans County, Vermont","128","9","119"
"1000000US500199520002074","Block 2074, Block Group 2, Census Tract 9520, Orleans County, Vermont","3","0","3"
"1000000US500199520002075","Block 2075, Block Group 2, Census Tract 9520, Orleans County, Vermont","0","0","0"
"1000000US500199520002076","Block 2076, Block Group 2, Census Tract 9520, Orleans County, Vermont","43","10","33"
"1000000US500199520002077","Block 2077, Block Group 2, Census Tract 9520, Orleans County, Vermont","0","0","0"
"1000000US500199520002078","Block 2078, Block Group 2, Census Tract 9520, Orleans County, Vermont","1","0","1"
"1000000US500199520002079","Block 2079, Block Group 2, Census Tract 9520, Orleans County, Vermont","4","1","3"
"1000000US500199520002080","Block 2080, Block Group 2, Census Tract 9520, Orleans County, Vermont","0","0","0"
"1000000US500199520002081","Block 2081, Block Group 2, Census Tract 9520, Orleans County, Vermont","5","2","3"
"1000000US500199520002082","Block 2082, Block Group 2, Census Tract 9520, Orleans County, Vermont","0","0","0"
"1000000US500199520002083","Block 2083, Block Group 2, Census Tract 9520, Orleans County, Vermont","1","1","0"
"1000000US500199520002084","Block 2084, Block Group 2, Census Tract 9520, Orleans County, Vermont","0","0","0"
"1000000US500199520002085","Block 2085, Block Group 2, Census Tract 9520, Orleans County, Vermont","0","0","0"
"1000000US500199520002086","Block 2086, Block Group 2, Census Tract 9520, Orleans County, Vermont","13","10","3"
"1000000US500199520002087","Block 2087, Block Group 2, Census Tract 9520, Orleans County, Vermont","0","0","0"
"1000000US500199520002088","Block 2088, Block Group 2, Census Tract 9520, Orleans County, Vermont","0","0","0"
"1000000US500199520002089","Block 2089, Block Group 2, Census Tract 9520, Orleans County, Vermont","0","0","0"
"1000000US500199520002090","Block 2090, Block Group 2, Census Tract 9520, Orleans County, Vermont","2","1","1"
"1000000US500199520002091","Block 2091, Block Group 2, Census Tract 9520, Orleans County, Vermont","3","3","0"
"1000000US500199520002092","Block 2092, Block Group 2, Census Tract 9520, Orleans County, Vermont","32","25","7"
"1000000US500199520002093","Block 2093, Block Group 2, Census Tract 9520, Orleans County, Vermont","1","1","0"
"1000000US500199520002094","Block 2094, Block Group 2, Census Tract 9520, Orleans County, Vermont","3","2","1"
"1000000US500199520002095","Block 2095, Block Group 2, Census Tract 9520, Orleans County, Vermont","10","6","4"
"1000000US500199520002096","Block 2096, Block Group 2, Census Tract 9520, Orleans County, Vermont","24","22","2"
"1000000US500199520002097","Block 2097, Block Group 2, Census Tract 9520, Orleans County, Vermont","0","0","0"
"1000000US500199520002098","Block 2098, Block Group 2, Census Tract 9520, Orleans County, Vermont","0","0","0"
"1000000US500199520002099","Block 2099, Block Group 2, Census Tract 9520, Orleans County, Vermont","21","17","4"
"1000000US500199520002100","Block 2100, Block Group 2, Census Tract 9520, Orleans County, Vermont","1","0","1"
"1000000US500199520002101","Block 2101, Block Group 2, Census Tract 9520, Orleans County, Vermont","0","0","0"
"1000000US500199520002102","Block 2102, Block Group 2, Census Tract 9520, Orleans County, Vermont","0","0","0"
"1000000US500199520002103","Block 2103, Block Group 2, Census Tract 9520, Orleans County, Vermont","1","1","0"
"1000000US500199520002104","Block 2104, Block Group 2, Census Tract 9520, Orleans County, Vermont","1","1","0"
"1000000US500199520002105","Block 2105, Block Group 2, Census Tract 9520, Orleans County, Vermont","0","0","0"
"1000000US500199520002106","Block 2106, Block Group 2, Census Tract 9520, Orleans County, Vermont","0","0","0"
"1000000US500199520002107","Block 2107, Block Group 2, Census Tract 9520, Orleans County, Vermont","11","8","3"
"1000000US500199520002108","Block 2108, Block Group 2, Census Tract 9520, Orleans County, Vermont","0","0","0"
"1000000US500199520002109","Block 2109, Block Group 2, Census Tract 9520, Orleans County, Vermont","17","17","0"
"1000000US500199520002110","Block 2110, Block Group 2, Census Tract 9520, Orleans County, Vermont","0","0","0"
"1000000US500199520002111","Block 2111, Block Group 2, Census Tract 9520, Orleans County, Vermont","0","0","0"
"1000000US500199520002112","Block 2112, Block Group 2, Census Tract 9520, Orleans County, Vermont","0","0","0"
"1000000US500199520002113","Block 2113, Block Group 2, Census Tract 9520, Orleans County, Vermont","1","1","0"
"1000000US500199520002114","Block 2114, Block Group 2, Census Tract 9520, Orleans County, Vermont","4","4","0"
"1000000US500199520002115","Block 2115, Block Group 2, Census Tract 9520, Orleans County, Vermont","6","5","1"
"1000000US500199520002116","Block 2116, Block Group 2, Census Tract 9520, Orleans County, Vermont","2","2","0"
"1000000US500199520002117","Block 2117, Block Group 2, Census Tract 9520, Orleans County, Vermont","1","1","0"
"1000000US500199520002118","Block 2118, Block Group 2, Census Tract 9520, Orleans County, Vermont","0","0","0"
"1000000US500219621001000","Block 1000, Block Group 1, Census Tract 9621, Rutland County, Vermont","0","0","0"
"1000000US500219621001001","Block 1001, Block Group 1, Census Tract 9621, Rutland County, Vermont","0","0","0"
"1000000US500219621001002","Block 1002, Block Group 1, Census Tract 9621, Rutland County, Vermont","25","11","14"
"1000000US500219621001003","Block 1003, Block Group 1, Census Tract 9621, Rutland County, Vermont","4","2","2"
"1000000US500219621001004","Block 1004, Block Group 1, Census Tract 9621, Rutland County, Vermont","94","43","51"
"1000000US500219621001005","Block 1005, Block Group 1, Census Tract 9621, Rutland County, Vermont","7","4","3"
"1000000US500219621001006","Block 1006, Block Group 1, Census Tract 9621, Rutland County, Vermont","7","6","1"
"1000000US500219621001007","Block 1007, Block Group 1, Census Tract 9621, Rutland County, Vermont","0","0","0"
"1000000US500219621001008","Block 1008, Block Group 1, Census Tract 9621, Rutland County, Vermont","9","4","5"
"1000000US500219621001009","Block 1009, Block Group 1, Census Tract 9621, Rutland County, Vermont","2","0","2"
"1000000US500219621001010","Block 1010, Block Group 1, Census Tract 9621, Rutland County, Vermont","5","2","3"
"1000000US500219621001011","Block 1011, Block Group 1, Census Tract 9621, Rutland County, Vermont","19","19","0"
"1000000US500219621001012","Block 1012, Block Group 1, Census Tract 9621, Rutland County, Vermont","0","0","0"
"1000000US500219621001013","Block 1013, Block Group 1, Census Tract 9621, Rutland County, Vermont","0","0","0"
"1000000US500219621001014","Block 1014, Block Group 1, Census Tract 9621, Rutland County, Vermont","24","13","11"
"1000000US500219621001015","Block 1015, Block Group 1, Census Tract 9621, Rutland County, Vermont","9","8","1"
"1000000US500219621001016","Block 1016, Block Group 1, Census Tract 9621, Rutland County, Vermont","0","0","0"
"1000000US500219621001017","Block 1017, Block Group 1, Census Tract 9621, Rutland County, Vermont","0","0","0"
"1000000US500219621001018","Block 1018, Block Group 1, Census Tract 9621, Rutland County, Vermont","16","10","6"
"1000000US500219621001019","Block 1019, Block Group 1, Census Tract 9621, Rutland County, Vermont","66","39","27"
"1000000US500219621001020","Block 1020, Block Group 1, Census Tract 9621, Rutland County, Vermont","7","7","0"
"1000000US500219621001021","Block 1021, Block Group 1, Census Tract 9621, Rutland County, Vermont","0","0","0"
"1000000US500219621001022","Block 1022, Block Group 1, Census Tract 9621, Rutland County, Vermont","11","10","1"
"1000000US500219621001023","Block 1023, Block Group 1, Census Tract 9621, Rutland County, Vermont","10","3","7"
"1000000US500219621001024","Block 1024, Block Group 1, Census Tract 9621, Rutland County, Vermont","0","0","0"
"1000000US500219621001025","Block 1025, Block Group 1, Census Tract 9621, Rutland County, Vermont","6","2","4"
"1000000US500219621001026","Block 1026, Block Group 1, Census Tract 9621, Rutland County, Vermont","7","5","2"
"1000000US500219621001027","Block 1027, Block Group 1, Census Tract 9621, Rutland County, Vermont","2","1","1"
"1000000US500219621001028","Block 1028, Block Group 1, Census Tract 9621, Rutland County, Vermont","1","1","0"
"1000000US500219621001029","Block 1029, Block Group 1, Census Tract 9621, Rutland County, Vermont","4","3","1"
"1000000US500219621001030","Block 1030, Block Group 1, Census Tract 9621, Rutland County, Vermont","66","28","38"
"1000000US500219621001031","Block 1031, Block Group 1, Census Tract 9621, Rutland County, Vermont","0","0","0"
"1000000US500219621001032","Block 1032, Block Group 1, Census Tract 9621, Rutland County, Vermont","0","0","0"
"1000000US500219621001033","Block 1033, Block Group 1, Census Tract 9621, Rutland County, Vermont","0","0","0"
"1000000US500219621001034","Block 1034, Block Group 1, Census Tract 9621, Rutland County, Vermont","8","5","3"
"1000000US500219621001035","Block 1035, Block Group 1, Census Tract 9621, Rutland County, Vermont","2","2","0"
"1000000US500219621001036","Block 1036, Block Group 1, Census Tract 9621, Rutland County, Vermont","7","4","3"
"1000000US500219621001037","Block 1037, Block Group 1, Census Tract 9621, Rutland County, Vermont","0","0","0"
"1000000US500219621001038","Block 1038, Block Group 1, Census Tract 9621, Rutland County, Vermont","1","0","1"
"1000000US500219621001039","Block 1039, Block Group 1, Census Tract 9621, Rutland County, Vermont","3","2","1"
"1000000US500219621001040","Block 1040, Block Group 1, Census Tract 9621, Rutland County, Vermont","1","1","0"
"1000000US500219621001041","Block 1041, Block Group 1, Census Tract 9621, Rutland County, Vermont","8","8","0"
"1000000US500219621001042","Block 1042, Block Group 1, Census Tract 9621, Rutland County, Vermont","0","0","0"
"1000000US500219621001043","Block 1043, Block Group 1, Census Tract 9621, Rutland County, Vermont","2","2","0"
"1000000US500219621001044","Block 1044, Block Group 1, Census Tract 9621, Rutland County, Vermont","2","0","2"
"1000000US500219621002000","Block 2000, Block Group 2, Census Tract 9621, Rutland County, Vermont","0","0","0"
"1000000US500219621002001","Block 2001, Block Group 2, Census Tract 9621, Rutland County, Vermont","0","0","0"
"1000000US500219621002002","Block 2002, Block Group 2, Census Tract 9621, Rutland County, Vermont","104","65","39"
"1000000US500219621002003","Block 2003, Block Group 2, Census Tract 9621, Rutland County, Vermont","0","0","0"
"1000000US500219621002004","Block 2004, Block Group 2, Census Tract 9621, Rutland County, Vermont","0","0","0"
"1000000US500219621002005","Block 2005, Block Group 2, Census Tract 9621, Rutland County, Vermont","0","0","0"
"1000000US500219621002006","Block 2006, Block Group 2, Census Tract 9621, Rutland County, Vermont","5","4","1"
"1000000US500219621002007","Block 2007, Block Group 2, Census Tract 9621, Rutland County, Vermont","9","5","4"
"1000000US500219621002008","Block 2008, Block Group 2, Census Tract 9621, Rutland County, Vermont","0","0","0"
"1000000US500219621002009","Block 2009, Block Group 2, Census Tract 9621, Rutland County, Vermont","0","0","0"
"1000000US500219621002010","Block 2010, Block Group 2, Census Tract 9621, Rutland County, Vermont","0","0","0"
"1000000US500219621002011","Block 2011, Block Group 2, Census Tract 9621, Rutland County, Vermont","0","0","0"
"1000000US500219621002012","Block 2012, Block Group 2, Census Tract 9621, Rutland County, Vermont","0","0","0"
"1000000US500219621002013","Block 2013, Block Group 2, Census Tract 9621, Rutland County, Vermont","52","37","15"
"1000000US500219621002014","Block 2014, Block Group 2, Census Tract 9621, Rutland County, Vermont","0","0","0"
"1000000US500219621002015","Block 2015, Block Group 2, Census Tract 9621, Rutland County, Vermont","5","5","0"
"1000000US500219621002016","Block 2016, Block Group 2, Census Tract 9621, Rutland County, Vermont","0","0","0"
"1000000US500219621002017","Block 2017, Block Group 2, Census Tract 9621, Rutland County, Vermont","0","0","0"
"1000000US500219621002018","Block 2018, Block Group 2, Census Tract 9621, Rutland County, Vermont","10","10","0"
"1000000US500219621002019","Block 2019, Block Group 2, Census Tract 9621, Rutland County, Vermont","0","0","0"
"1000000US500219621002020","Block 2020, Block Group 2, Census Tract 9621, Rutland County, Vermont","0","0","0"
"1000000US500219621002021","Block 2021, Block Group 2, Census Tract 9621, Rutland County, Vermont","0","0","0"
"1000000US500219621002022","Block 2022, Block Group 2, Census Tract 9621, Rutland County, Vermont","0","0","0"
"1000000US500219621002023","Block 2023, Block Group 2, Census Tract 9621, Rutland County, Vermont","0","0","0"
"1000000US500219621002024","Block 2024, Block Group 2, Census Tract 9621, Rutland County, Vermont","0","0","0"
"1000000US500219621002025","Block 2025, Block Group 2, Census Tract 9621, Rutland County, Vermont","3","1","2"
"1000000US500219621002026","Block 2026, Block Group 2, Census Tract 9621, Rutland County, Vermont","0","0","0"
"1000000US500219621002027","Block 2027, Block Group 2, Census Tract 9621, Rutland County, Vermont","0","0","0"
"1000000US500219621002028","Block 2028, Block Group 2, Census Tract 9621, Rutland County, Vermont","0","0","0"
"1000000US500219621002029","Block 2029, Block Group 2, Census Tract 9621, Rutland County, Vermont","2","2","0"
"1000000US500219621002030","Block 2030, Block Group 2, Census Tract 9621, Rutland County, Vermont","4","3","1"
"1000000US500219621002031","Block 2031, Block Group 2, Census Tract 9621, Rutland County, Vermont","6","0","6"
"1000000US500219621002032","Block 2032, Block Group 2, Census Tract 9621, Rutland County, Vermont","0","0","0"
"1000000US500219621002033","Block 2033, Block Group 2, Census Tract 9621, Rutland County, Vermont","0","0","0"
"1000000US500219621002034","Block 2034, Block Group 2, Census Tract 9621, Rutland County, Vermont","0","0","0"
"1000000US500219621002035","Block 2035, Block Group 2, Census Tract 9621, Rutland County, Vermont","1","0","1"
"1000000US500219621002036","Block 2036, Block Group 2, Census Tract 9621, Rutland County, Vermont","0","0","0"
"1000000US500219621002037","Block 2037, Block Group 2, Census Tract 9621, Rutland County, Vermont","0","0","0"
"1000000US500219621002038","Block 2038, Block Group 2, Census Tract 9621, Rutland County, Vermont","63","49","14"
"1000000US500219621002039","Block 2039, Block Group 2, Census Tract 9621, Rutland County, Vermont","0","0","0"
"1000000US500219621002040","Block 2040, Block Group 2, Census Tract 9621, Rutland County, Vermont","4","3","1"
"1000000US500219621002041","Block 2041, Block Group 2, Census Tract 9621, Rutland County, Vermont","1","0","1"
"1000000US500219621002042","Block 2042, Block Group 2, Census Tract 9621, Rutland County, Vermont","0","0","0"
"1000000US500219621002043","Block 2043, Block Group 2, Census Tract 9621, Rutland County, Vermont","1","1","0"
"1000000US500219621002044","Block 2044, Block Group 2, Census Tract 9621, Rutland County, Vermont","0","0","0"
"1000000US500219621002045","Block 2045, Block Group 2, Census Tract 9621, Rutland County, Vermont","0","0","0"
"1000000US500219621002046","Block 2046, Block Group 2, Census Tract 9621, Rutland County, Vermont","0","0","0"
"1000000US500219621002047","Block 2047, Block Group 2, Census Tract 9621, Rutland County, Vermont","56","48","8"
"1000000US500219621002048","Block 2048, Block Group 2, Census Tract 9621, Rutland County, Vermont","3","3","0"
"1000000US500219621002049","Block 2049, Block Group 2, Census Tract 9621, Rutland County, Vermont","0","0","0"
"1000000US500219621002050","Block 2050, Block Group 2, Census Tract 9621, Rutland County, Vermont","6","5","1"
"1000000US500219621002051","Block 2051, Block Group 2, Census Tract 9621, Rutland County, Vermont","12","12","0"
"1000000US500219621002052","Block 2052, Block Group 2, Census Tract 9621, Rutland County, Vermont","0","0","0"
"1000000US500219621002053","Block 2053, Block Group 2, Census Tract 9621, Rutland County, Vermont","108","87","21"
"1000000US500219621002054","Block 2054, Block Group 2, Census Tract 9621, Rutland County, Vermont","0","0","0"
"1000000US500219621002055","Block 2055, Block Group 2, Census Tract 9621, Rutland County, Vermont","6","4","2"
"1000000US500219621002056","Block 2056, Block Group 2, Census Tract 9621, Rutland County, Vermont","0","0","0"
"1000000US500219621002057","Block 2057, Block Group 2, Census Tract 9621, Rutland County, Vermont","15","11","4"
"1000000US500219621002058","Block 2058, Block Group 2, Census Tract 9621, Rutland County, Vermont","0","0","0"
"1000000US500219621002059","Block 2059, Block Group 2, Census Tract 9621, Rutland County, Vermont","4","3","1"
"1000000US500219621002060","Block 2060, Block Group 2, Census Tract 9621, Rutland County, Vermont","0","0","0"
"1000000US500219621002061","Block 2061, Block Group 2, Census Tract 9621, Rutland County, Vermont","0","0","0"
"1000000US500219621002062","Block 2062, Block Group 2, Census Tract 9621, Rutland County, Vermont","11","9","2"
"1000000US500219621002063","Block 2063, Block Group 2, Census Tract 9621, Rutland County, Vermont","0","0","0"
"1000000US500219621002064","Block 2064, Block Group 2, Census Tract 9621, Rutland County, Vermont","0","0","0"
"1000000US500219621002065","Block 2065, Block Group 2, Census Tract 9621, Rutland County, Vermont","13","12","1"
"1000000US500219621002066","Block 2066, Block Group 2, Census Tract 9621, Rutland County, Vermont","0","0","0"
"1000000US500219621002067","Block 2067, Block Group 2, Census Tract 9621, Rutland County, Vermont","14","12","2"
"1000000US500219621002068","Block 2068, Block Group 2, Census Tract 9621, Rutland County, Vermont","26","23","3"
"1000000US500219621002069","Block 2069, Block Group 2, Census Tract 9621, Rutland County, Vermont","21","18","3"
"1000000US500219621002070","Block 2070, Block Group 2, Census Tract 9621, Rutland County, Vermont","9","7","2"
"1000000US500219621002071","Block 2071, Block Group 2, Census Tract 9621, Rutland County, Vermont","8","7","1"
"1000000US500219621002072","Block 2072, Block Group 2, Census Tract 9621, Rutland County, Vermont","1","1","0"
"1000000US500219621002073","Block 2073, Block Group 2, Census Tract 9621, Rutland County, Vermont","4","4","0"
"1000000US500219621002074","Block 2074, Block Group 2, Census Tract 9621, Rutland County, Vermont","1","1","0"
"1000000US500219621002075","Block 2075, Block Group 2, Census Tract 9621, Rutland County, Vermont","2","1","1"
"1000000US500219621002076","Block 2076, Block Group 2, Census Tract 9621, Rutland County, Vermont","14","13","1"
"1000000US500219621002077","Block 2077, Block Group 2, Census Tract 9621, Rutland County, Vermont","18","15","3"
"1000000US500219621002078","Block 2078, Block Group 2, Census Tract 9621, Rutland County, Vermont","0","0","0"
"1000000US500219621002079","Block 2079, Block Group 2, Census Tract 9621, Rutland County, Vermont","3","3","0"
"1000000US500219621002080","Block 2080, Block Group 2, Census Tract 9621, Rutland County, Vermont","1","1","0"
"1000000US500219621002081","Block 2081, Block Group 2, Census Tract 9621, Rutland County, Vermont","4","3","1"
"1000000US500219621002082","Block 2082, Block Group 2, Census Tract 9621, Rutland County, Vermont","0","0","0"
"1000000US500219621002083","Block 2083, Block Group 2, Census Tract 9621, Rutland County, Vermont","0","0","0"
"1000000US500219621002084","Block 2084, Block Group 2, Census Tract 9621, Rutland County, Vermont","0","0","0"
"1000000US500219621002085","Block 2085, Block Group 2, Census Tract 9621, Rutland County, Vermont","0","0","0"
"1000000US500219621002086","Block 2086, Block Group 2, Census Tract 9621, Rutland County, Vermont","4","3","1"
"1000000US500219621002087","Block 2087, Block Group 2, Census Tract 9621, Rutland County, Vermont","0","0","0"
"1000000US500219621002088","Block 2088, Block Group 2, Census Tract 9621, Rutland County, Vermont","0","0","0"
"1000000US500219621002089","Block 2089, Block Group 2, Census Tract 9621, Rutland County, Vermont","1","1","0"
"1000000US500219621002090","Block 2090, Block Group 2, Census Tract 9621, Rutland County, Vermont","7","6","1"
"1000000US500219621002091","Block 2091, Block Group 2, Census Tract 9621, Rutland County, Vermont","0","0","0"
"1000000US500219621002092","Block 2092, Block Group 2, Census Tract 9621, Rutland County, Vermont","1","0","1"
"1000000US500219621002093","Block 2093, Block Group 2, Census Tract 9621, Rutland County, Vermont","2","1","1"
"1000000US500219622001000","Block 1000, Block Group 1, Census Tract 9622, Rutland County, Vermont","0","0","0"
"1000000US500219622001001","Block 1001, Block Group 1, Census Tract 9622, Rutland County, Vermont","0","0","0"
"1000000US500219622001002","Block 1002, Block Group 1, Census Tract 9622, Rutland County, Vermont","36","35","1"
"1000000US500219622001003","Block 1003, Block Group 1, Census Tract 9622, Rutland County, Vermont","0","0","0"
"1000000US500219622001004","Block 1004, Block Group 1, Census Tract 9622, Rutland County, Vermont","92","85","7"
"1000000US500219622001005","Block 1005, Block Group 1, Census Tract 9622, Rutland County, Vermont","14","14","0"
"1000000US500219622001006","Block 1006, Block Group 1, Census Tract 9622, Rutland County, Vermont","11","10","1"
"1000000US500219622001007","Block 1007, Block Group 1, Census Tract 9622, Rutland County, Vermont","1","1","0"
"1000000US500219622001008","Block 1008, Block Group 1, Census Tract 9622, Rutland County, Vermont","68","67","1"
"1000000US500219622001009","Block 1009, Block Group 1, Census Tract 9622, Rutland County, Vermont","3","3","0"
"1000000US500219622001010","Block 1010, Block Group 1, Census Tract 9622, Rutland County, Vermont","0","0","0"
"1000000US500219622001011","Block 1011, Block Group 1, Census Tract 9622, Rutland County, Vermont","13","13","0"
"1000000US500219622001012","Block 1012, Block Group 1, Census Tract 9622, Rutland County, Vermont","0","0","0"
"1000000US500219622001013","Block 1013, Block Group 1, Census Tract 9622, Rutland County, Vermont","3","3","0"
"1000000US500219622001014","Block 1014, Block Group 1, Census Tract 9622, Rutland County, Vermont","22","21","1"
"1000000US500219622001015","Block 1015, Block Group 1, Census Tract 9622, Rutland County, Vermont","71","58","13"
"1000000US500219622001016","Block 1016, Block Group 1, Census Tract 9622, Rutland County, Vermont","0","0","0"
"1000000US500219622001017","Block 1017, Block Group 1, Census Tract 9622, Rutland County, Vermont","0","0","0"
"1000000US500219622001018","Block 1018, Block Group 1, Census Tract 9622, Rutland County, Vermont","18","18","0"
"1000000US500219622001019","Block 1019, Block Group 1, Census Tract 9622, Rutland County, Vermont","1","1","0"
"1000000US500219622001020","Block 1020, Block Group 1, Census Tract 9622, Rutland County, Vermont","2","2","0"
"1000000US500219622001021","Block 1021, Block Group 1, Census Tract 9622, Rutland County, Vermont","22","20","2"
"1000000US500219622001022","Block 1022, Block Group 1, Census Tract 9622, Rutland County, Vermont","45","39","6"
"1000000US500219622001023","Block 1023, Block Group 1, Census Tract 9622, Rutland County, Vermont","0","0","0"
"1000000US500219622001024","Block 1024, Block Group 1, Census Tract 9622, Rutland County, Vermont","0","0","0"
"1000000US500219622001025","Block 1025, Block Group 1, Census Tract 9622, Rutland County, Vermont","0","0","0"
"1000000US500219622001026","Block 1026, Block Group 1, Census Tract 9622, Rutland County, Vermont","38","36","2"
"1000000US500219622001027","Block 1027, Block Group 1, Census Tract 9622, Rutland County, Vermont","0","0","0"
"1000000US500219622001028","Block 1028, Block Group 1, Census Tract 9622, Rutland County, Vermont","0","0","0"
"1000000US500219622001029","Block 1029, Block Group 1, Census Tract 9622, Rutland County, Vermont","28","28","0"
"1000000US500219622001030","Block 1030, Block Group 1, Census Tract 9622, Rutland County, Vermont","11","9","2"
"1000000US500219622001031","Block 1031, Block Group 1, Census Tract 9622, Rutland County, Vermont","81","75","6"
"1000000US500219622001032","Block 1032, Block Group 1, Census Tract 9622, Rutland County, Vermont","6","6","0"
"1000000US500219622001033","Block 1033, Block Group 1, Census Tract 9622, Rutland County, Vermont","3","3","0"
"1000000US500219622001034","Block 1034, Block Group 1, Census Tract 9622, Rutland County, Vermont","0","0","0"
"1000000US500219622001035","Block 1035, Block Group 1, Census Tract 9622, Rutland County, Vermont","0","0","0"
"1000000US500219622001036","Block 1036, Block Group 1, Census Tract 9622, Rutland County, Vermont","0","0","0"
"1000000US500219622001037","Block 1037, Block Group 1, Census Tract 9622, Rutland County, Vermont","0","0","0"
"1000000US500219622001038","Block 1038, Block Group 1, Census Tract 9622, Rutland County, Vermont","28","27","1"
"1000000US500219622001039","Block 1039, Block Group 1, Census Tract 9622, Rutland County, Vermont","9","9","0"
"1000000US500219622001040","Block 1040, Block Group 1, Census Tract 9622, Rutland County, Vermont","0","0","0"
"1000000US500219622001041","Block 1041, Block Group 1, Census Tract 9622, Rutland County, Vermont","0","0","0"
"1000000US500219622001042","Block 1042, Block Group 1, Census Tract 9622, Rutland County, Vermont","2","2","0"
"1000000US500219622001043","Block 1043, Block Group 1, Census Tract 9622, Rutland County, Vermont","15","14","1"
"1000000US500219622002000","Block 2000, Block Group 2, Census Tract 9622, Rutland County, Vermont","36","33","3"
"1000000US500219622002001","Block 2001, Block Group 2, Census Tract 9622, Rutland County, Vermont","0","0","0"
"1000000US500219622002002","Block 2002, Block Group 2, Census Tract 9622, Rutland County, Vermont","10","9","1"
"1000000US500219622002003","Block 2003, Block Group 2, Census Tract 9622, Rutland County, Vermont","4","3","1"
"1000000US500219622002004","Block 2004, Block Group 2, Census Tract 9622, Rutland County, Vermont","3","2","1"
"1000000US500219622002005","Block 2005, Block Group 2, Census Tract 9622, Rutland County, Vermont","9","8","1"
"1000000US500219622002006","Block 2006, Block Group 2, Census Tract 9622, Rutland County, Vermont","132","122","10"
"1000000US500219622002007","Block 2007, Block Group 2, Census Tract 9622, Rutland County, Vermont","8","7","1"
"1000000US500219622002008","Block 2008, Block Group 2, Census Tract 9622, Rutland County, Vermont","2","1","1"
"1000000US500219622002009","Block 2009, Block Group 2, Census Tract 9622, Rutland County, Vermont","62","55","7"
"1000000US500219622002010","Block 2010, Block Group 2, Census Tract 9622, Rutland County, Vermont","1","1","0"
"1000000US500219622002011","Block 2011, Block Group 2, Census Tract 9622, Rutland County, Vermont","16","16","0"
"1000000US500219622002012","Block 2012, Block Group 2, Census Tract 9622, Rutland County, Vermont","6","4","2"
"1000000US500219622002013","Block 2013, Block Group 2, Census Tract 9622, Rutland County, Vermont","8","7","1"
"1000000US500219622002014","Block 2014, Block Group 2, Census Tract 9622, Rutland County, Vermont","16","14","2"
"1000000US500219622002015","Block 2015, Block Group 2, Census Tract 9622, Rutland County, Vermont","24","21","3"
"1000000US500219622002016","Block 2016, Block Group 2, Census Tract 9622, Rutland County, Vermont","0","0","0"
"1000000US500219622002017","Block 2017, Block Group 2, Census Tract 9622, Rutland County, Vermont","3","3","0"
"1000000US500219622002018","Block 2018, Block Group 2, Census Tract 9622, Rutland County, Vermont","0","0","0"
"1000000US500219622002019","Block 2019, Block Group 2, Census Tract 9622, Rutland County, Vermont","5","5","0"
"1000000US500219622002020","Block 2020, Block Group 2, Census Tract 9622, Rutland County, Vermont","0","0","0"
"1000000US500219622002021","Block 2021, Block Group 2, Census Tract 9622, Rutland County, Vermont","43","37","6"
"1000000US500219622002022","Block 2022, Block Group 2, Census Tract 9622, Rutland County, Vermont","3","1","2"
"1000000US500219622002023","Block 2023, Block Group 2, Census Tract 9622, Rutland County, Vermont","35","27","8"
"1000000US500219622003000","Block 3000, Block Group 3, Census Tract 9622, Rutland County, Vermont","27","25","2"
"1000000US500219622003001","Block 3001, Block Group 3, Census Tract 9622, Rutland County, Vermont","11","8","3"
"1000000US500219622003002","Block 3002, Block Group 3, Census Tract 9622, Rutland County, Vermont","0","0","0"
"1000000US500219622003003","Block 3003, Block Group 3, Census Tract 9622, Rutland County, Vermont","6","4","2"
"1000000US500219622003004","Block 3004, Block Group 3, Census Tract 9622, Rutland County, Vermont","9","8","1"
"1000000US500219622003005","Block 3005, Block Group 3, Census Tract 9622, Rutland County, Vermont","48","42","6"
"1000000US500219622003006","Block 3006, Block Group 3, Census Tract 9622, Rutland County, Vermont","54","52","2"
"1000000US500219622003007","Block 3007, Block Group 3, Census Tract 9622, Rutland County, Vermont","0","0","0"
"1000000US500219622003008","Block 3008, Block Group 3, Census Tract 9622, Rutland County, Vermont","0","0","0"
"1000000US500219622003009","Block 3009, Block Group 3, Census Tract 9622, Rutland County, Vermont","0","0","0"
"1000000US500219622003010","Block 3010, Block Group 3, Census Tract 9622, Rutland County, Vermont","0","0","0"
"1000000US500219622003011","Block 3011, Block Group 3, Census Tract 9622, Rutland County, Vermont","0","0","0"
"1000000US500219622003012","Block 3012, Block Group 3, Census Tract 9622, Rutland County, Vermont","0","0","0"
"1000000US500219622003013","Block 3013, Block Group 3, Census Tract 9622, Rutland County, Vermont","22","19","3"
"1000000US500219622003014","Block 3014, Block Group 3, Census Tract 9622, Rutland County, Vermont","22","17","5"
"1000000US500219622003015","Block 3015, Block Group 3, Census Tract 9622, Rutland County, Vermont","15","14","1"
"1000000US500219622003016","Block 3016, Block Group 3, Census Tract 9622, Rutland County, Vermont","1","1","0"
"1000000US500219622003017","Block 3017, Block Group 3, Census Tract 9622, Rutland County, Vermont","0","0","0"
"1000000US500219622003018","Block 3018, Block Group 3, Census Tract 9622, Rutland County, Vermont","1","1","0"
"1000000US500219622003019","Block 3019, Block Group 3, Census Tract 9622, Rutland County, Vermont","0","0","0"
"1000000US500219622003020","Block 3020, Block Group 3, Census Tract 9622, Rutland County, Vermont","0","0","0"
"1000000US500219622003021","Block 3021, Block Group 3, Census Tract 9622, Rutland County, Vermont","3","2","1"
"1000000US500219622003022","Block 3022, Block Group 3, Census Tract 9622, Rutland County, Vermont","11","11","0"
"1000000US500219622003023","Block 3023, Block Group 3, Census Tract 9622, Rutland County, Vermont","14","9","5"
"1000000US500219622003024","Block 3024, Block Group 3, Census Tract 9622, Rutland County, Vermont","0","0","0"
"1000000US500219622003025","Block 3025, Block Group 3, Census Tract 9622, Rutland County, Vermont","21","20","1"
"1000000US500219622003026","Block 3026, Block Group 3, Census Tract 9622, Rutland County, Vermont","22","20","2"
"1000000US500219622003027","Block 3027, Block Group 3, Census Tract 9622, Rutland County, Vermont","2","2","0"
"1000000US500219622003028","Block 3028, Block Group 3, Census Tract 9622, Rutland County, Vermont","35","32","3"
"1000000US500219622003029","Block 3029, Block Group 3, Census Tract 9622, Rutland County, Vermont","0","0","0"
"1000000US500219622003030","Block 3030, Block Group 3, Census Tract 9622, Rutland County, Vermont","0","0","0"
"1000000US500219622003031","Block 3031, Block Group 3, Census Tract 9622, Rutland County, Vermont","9","8","1"
"1000000US500219622003032","Block 3032, Block Group 3, Census Tract 9622, Rutland County, Vermont","21","20","1"
"1000000US500219622003033","Block 3033, Block Group 3, Census Tract 9622, Rutland County, Vermont","41","35","6"
"1000000US500219622003034","Block 3034, Block Group 3, Census Tract 9622, Rutland County, Vermont","0","0","0"
"1000000US500219622003035","Block 3035, Block Group 3, Census Tract 9622, Rutland County, Vermont","3","3","0"
"1000000US500219622003036","Block 3036, Block Group 3, Census Tract 9622, Rutland County, Vermont","0","0","0"
"1000000US500219622003037","Block 3037, Block Group 3, Census Tract 9622, Rutland County, Vermont","0","0","0"
"1000000US500219622003038","Block 3038, Block Group 3, Census Tract 9622, Rutland County, Vermont","0","0","0"
"1000000US500219622003039","Block 3039, Block Group 3, Census Tract 9622, Rutland County, Vermont","6","6","0"
"1000000US500219622003040","Block 3040, Block Group 3, Census Tract 9622, Rutland County, Vermont","9","7","2"
"1000000US500219622003041","Block 3041, Block Group 3, Census Tract 9622, Rutland County, Vermont","1","1","0"
"1000000US500219622003042","Block 3042, Block Group 3, Census Tract 9622, Rutland County, Vermont","5","4","1"
"1000000US500219622003043","Block 3043, Block Group 3, Census Tract 9622, Rutland County, Vermont","7","6","1"
"1000000US500219622003044","Block 3044, Block Group 3, Census Tract 9622, Rutland County, Vermont","5","3","2"
"1000000US500219622003045","Block 3045, Block Group 3, Census Tract 9622, Rutland County, Vermont","7","7","0"
"1000000US500219622003046","Block 3046, Block Group 3, Census Tract 9622, Rutland County, Vermont","1","1","0"
"1000000US500219622003047","Block 3047, Block Group 3, Census Tract 9622, Rutland County, Vermont","1","1","0"
"1000000US500219622003048","Block 3048, Block Group 3, Census Tract 9622, Rutland County, Vermont","0","0","0"
"1000000US500219622003049","Block 3049, Block Group 3, Census Tract 9622, Rutland County, Vermont","0","0","0"
"1000000US500219622003050","Block 3050, Block Group 3, Census Tract 9622, Rutland County, Vermont","0","0","0"
"1000000US500219622003051","Block 3051, Block Group 3, Census Tract 9622, Rutland County, Vermont","2","2","0"
"1000000US500219622003052","Block 3052, Block Group 3, Census Tract 9622, Rutland County, Vermont","0","0","0"
"1000000US500219622003053","Block 3053, Block Group 3, Census Tract 9622, Rutland County, Vermont","0","0","0"
"1000000US500219622004000","Block 4000, Block Group 4, Census Tract 9622, Rutland County, Vermont","29","29","0"
"1000000US500219622004001","Block 4001, Block Group 4, Census Tract 9622, Rutland County, Vermont","0","0","0"
"1000000US500219622004002","Block 4002, Block Group 4, Census Tract 9622, Rutland County, Vermont","1","0","1"
"1000000US500219622004003","Block 4003, Block Group 4, Census Tract 9622, Rutland County, Vermont","53","49","4"
"1000000US500219622004004","Block 4004, Block Group 4, Census Tract 9622, Rutland County, Vermont","0","0","0"
"1000000US500219622004005","Block 4005, Block Group 4, Census Tract 9622, Rutland County, Vermont","69","59","10"
"1000000US500219622004006","Block 4006, Block Group 4, Census Tract 9622, Rutland County, Vermont","29","29","0"
"1000000US500219622004007","Block 4007, Block Group 4, Census Tract 9622, Rutland County, Vermont","12","11","1"
"1000000US500219622004008","Block 4008, Block Group 4, Census Tract 9622, Rutland County, Vermont","43","41","2"
"1000000US500219622004009","Block 4009, Block Group 4, Census Tract 9622, Rutland County, Vermont","39","38","1"
"1000000US500219622004010","Block 4010, Block Group 4, Census Tract 9622, Rutland County, Vermont","14","14","0"
"1000000US500219622004011","Block 4011, Block Group 4, Census Tract 9622, Rutland County, Vermont","9","9","0"
"1000000US500219622004012","Block 4012, Block Group 4, Census Tract 9622, Rutland County, Vermont","5","5","0"
"1000000US500219622004013","Block 4013, Block Group 4, Census Tract 9622, Rutland County, Vermont","7","7","0"
"1000000US500219622004014","Block 4014, Block Group 4, Census Tract 9622, Rutland County, Vermont","0","0","0"
"1000000US500219622004015","Block 4015, Block Group 4, Census Tract 9622, Rutland County, Vermont","2","2","0"
"1000000US500219622004016","Block 4016, Block Group 4, Census Tract 9622, Rutland County, Vermont","0","0","0"
"1000000US500219622004017","Block 4017, Block Group 4, Census Tract 9622, Rutland County, Vermont","1","1","0"
"1000000US500219622004018","Block 4018, Block Group 4, Census Tract 9622, Rutland County, Vermont","5","5","0"
"1000000US500219622004019","Block 4019, Block Group 4, Census Tract 9622, Rutland County, Vermont","3","3","0"
"1000000US500219622004020","Block 4020, Block Group 4, Census Tract 9622, Rutland County, Vermont","0","0","0"
"1000000US500219622004021","Block 4021, Block Group 4, Census Tract 9622, Rutland County, Vermont","0","0","0"
"1000000US500219622004022","Block 4022, Block Group 4, Census Tract 9622, Rutland County, Vermont","0","0","0"
"1000000US500219622004023","Block 4023, Block Group 4, Census Tract 9622, Rutland County, Vermont","0","0","0"
"1000000US500219622004024","Block 4024, Block Group 4, Census Tract 9622, Rutland County, Vermont","0","0","0"
"1000000US500219622004025","Block 4025, Block Group 4, Census Tract 9622, Rutland County, Vermont","0","0","0"
"1000000US500219622004026","Block 4026, Block Group 4, Census Tract 9622, Rutland County, Vermont","0","0","0"
"1000000US500219622004027","Block 4027, Block Group 4, Census Tract 9622, Rutland County, Vermont","22","16","6"
"1000000US500219622004028","Block 4028, Block Group 4, Census Tract 9622, Rutland County, Vermont","0","0","0"
"1000000US500219622004029","Block 4029, Block Group 4, Census Tract 9622, Rutland County, Vermont","0","0","0"
"1000000US500219622004030","Block 4030, Block Group 4, Census Tract 9622, Rutland County, Vermont","0","0","0"
"1000000US500219622004031","Block 4031, Block Group 4, Census Tract 9622, Rutland County, Vermont","0","0","0"
"1000000US500219623001000","Block 1000, Block Group 1, Census Tract 9623, Rutland County, Vermont","18","13","5"
"1000000US500219623001001","Block 1001, Block Group 1, Census Tract 9623, Rutland County, Vermont","8","7","1"
"1000000US500219623001002","Block 1002, Block Group 1, Census Tract 9623, Rutland County, Vermont","7","7","0"
"1000000US500219623001003","Block 1003, Block Group 1, Census Tract 9623, Rutland County, Vermont","2","1","1"
"1000000US500219623001004","Block 1004, Block Group 1, Census Tract 9623, Rutland County, Vermont","0","0","0"
"1000000US500219623001005","Block 1005, Block Group 1, Census Tract 9623, Rutland County, Vermont","14","13","1"
"1000000US500219623001006","Block 1006, Block Group 1, Census Tract 9623, Rutland County, Vermont","0","0","0"
"1000000US500219623001007","Block 1007, Block Group 1, Census Tract 9623, Rutland County, Vermont","7","7","0"
"1000000US500219623001008","Block 1008, Block Group 1, Census Tract 9623, Rutland County, Vermont","10","7","3"
"1000000US500219623001009","Block 1009, Block Group 1, Census Tract 9623, Rutland County, Vermont","0","0","0"
"1000000US500219623001010","Block 1010, Block Group 1, Census Tract 9623, Rutland County, Vermont","11","9","2"
"1000000US500219623001011","Block 1011, Block Group 1, Census Tract 9623, Rutland County, Vermont","55","51","4"
"1000000US500219623001012","Block 1012, Block Group 1, Census Tract 9623, Rutland County, Vermont","0","0","0"
"1000000US500219623001013","Block 1013, Block Group 1, Census Tract 9623, Rutland County, Vermont","0","0","0"
"1000000US500219623001014","Block 1014, Block Group 1, Census Tract 9623, Rutland County, Vermont","9","7","2"
"1000000US500219623001015","Block 1015, Block Group 1, Census Tract 9623, Rutland County, Vermont","0","0","0"
"1000000US500219623001016","Block 1016, Block Group 1, Census Tract 9623, Rutland County, Vermont","0","0","0"
"1000000US500219623001017","Block 1017, Block Group 1, Census Tract 9623, Rutland County, Vermont","0","0","0"
"1000000US500219623001018","Block 1018, Block Group 1, Census Tract 9623, Rutland County, Vermont","0","0","0"
"1000000US500219623001019","Block 1019, Block Group 1, Census Tract 9623, Rutland County, Vermont","4","4","0"
"1000000US500219623001020","Block 1020, Block Group 1, Census Tract 9623, Rutland County, Vermont","2","2","0"
"1000000US500219623001021","Block 1021, Block Group 1, Census Tract 9623, Rutland County, Vermont","0","0","0"
"1000000US500219623001022","Block 1022, Block Group 1, Census Tract 9623, Rutland County, Vermont","31","18","13"
"1000000US500219623001023","Block 1023, Block Group 1, Census Tract 9623, Rutland County, Vermont","0","0","0"
"1000000US500219623001024","Block 1024, Block Group 1, Census Tract 9623, Rutland County, Vermont","0","0","0"
"1000000US500219623001025","Block 1025, Block Group 1, Census Tract 9623, Rutland County, Vermont","29","4","25"
"1000000US500219623001026","Block 1026, Block Group 1, Census Tract 9623, Rutland County, Vermont","0","0","0"
"1000000US500219623001027","Block 1027, Block Group 1, Census Tract 9623, Rutland County, Vermont","45","30","15"
"1000000US500219623001028","Block 1028, Block Group 1, Census Tract 9623, Rutland County, Vermont","0","0","0"
"1000000US500219623001029","Block 1029, Block Group 1, Census Tract 9623, Rutland County, Vermont","0","0","0"
"1000000US500219623001030","Block 1030, Block Group 1, Census Tract 9623, Rutland County, Vermont","34","18","16"
"1000000US500219623001031","Block 1031, Block Group 1, Census Tract 9623, Rutland County, Vermont","8","6","2"
"1000000US500219623001032","Block 1032, Block Group 1, Census Tract 9623, Rutland County, Vermont","1","0","1"
"1000000US500219623001033","Block 1033, Block Group 1, Census Tract 9623, Rutland County, Vermont","24","4","20"
"1000000US500219623001034","Block 1034, Block Group 1, Census Tract 9623, Rutland County, Vermont","0","0","0"
"1000000US500219623001035","Block 1035, Block Group 1, Census Tract 9623, Rutland County, Vermont","0","0","0"
"1000000US500219623001036","Block 1036, Block Group 1, Census Tract 9623, Rutland County, Vermont","0","0","0"
"1000000US500219623001037","Block 1037, Block Group 1, Census Tract 9623, Rutland County, Vermont","19","13","6"
"1000000US500219623001038","Block 1038, Block Group 1, Census Tract 9623, Rutland County, Vermont","24","4","20"
"1000000US500219623001039","Block 1039, Block Group 1, Census Tract 9623, Rutland County, Vermont","0","0","0"
"1000000US500219623001040","Block 1040, Block Group 1, Census Tract 9623, Rutland County, Vermont","0","0","0"
"1000000US500219623001041","Block 1041, Block Group 1, Census Tract 9623, Rutland County, Vermont","5","2","3"
"1000000US500219623001042","Block 1042, Block Group 1, Census Tract 9623, Rutland County, Vermont","0","0","0"
"1000000US500219623001043","Block 1043, Block Group 1, Census Tract 9623, Rutland County, Vermont","2","0","2"
"1000000US500219623001044","Block 1044, Block Group 1, Census Tract 9623, Rutland County, Vermont","0","0","0"
"1000000US500219623001045","Block 1045, Block Group 1, Census Tract 9623, Rutland County, Vermont","8","2","6"
"1000000US500219623001046","Block 1046, Block Group 1, Census Tract 9623, Rutland County, Vermont","0","0","0"
"1000000US500219623001047","Block 1047, Block Group 1, Census Tract 9623, Rutland County, Vermont","0","0","0"
"1000000US500219623001048","Block 1048, Block Group 1, Census Tract 9623, Rutland County, Vermont","0","0","0"
"1000000US500219623001049","Block 1049, Block Group 1, Census Tract 9623, Rutland County, Vermont","4","1","3"
"1000000US500219623001050","Block 1050, Block Group 1, Census Tract 9623, Rutland County, Vermont","9","7","2"
"1000000US500219623001051","Block 1051, Block Group 1, Census Tract 9623, Rutland County, Vermont","1","1","0"
"1000000US500219623001052","Block 1052, Block Group 1, Census Tract 9623, Rutland County, Vermont","1","1","0"
"1000000US500219623001053","Block 1053, Block Group 1, Census Tract 9623, Rutland County, Vermont","0","0","0"
"1000000US500219623001054","Block 1054, Block Group 1, Census Tract 9623, Rutland County, Vermont","0","0","0"
"1000000US500219623001055","Block 1055, Block Group 1, Census Tract 9623, Rutland County, Vermont","0","0","0"
"1000000US500219623001056","Block 1056, Block Group 1, Census Tract 9623, Rutland County, Vermont","0","0","0"
"1000000US500219623001057","Block 1057, Block Group 1, Census Tract 9623, Rutland County, Vermont","0","0","0"
"1000000US500219623002000","Block 2000, Block Group 2, Census Tract 9623, Rutland County, Vermont","2","2","0"
"1000000US500219623002001","Block 2001, Block Group 2, Census Tract 9623, Rutland County, Vermont","0","0","0"
"1000000US500219623002002","Block 2002, Block Group 2, Census Tract 9623, Rutland County, Vermont","30","21","9"
"1000000US500219623002003","Block 2003, Block Group 2, Census Tract 9623, Rutland County, Vermont","14","11","3"
"1000000US500219623002004","Block 2004, Block Group 2, Census Tract 9623, Rutland County, Vermont","0","0","0"
"1000000US500219623002005","Block 2005, Block Group 2, Census Tract 9623, Rutland County, Vermont","4","1","3"
"1000000US500219623002006","Block 2006, Block Group 2, Census Tract 9623, Rutland County, Vermont","0","0","0"
"1000000US500219623002007","Block 2007, Block Group 2, Census Tract 9623, Rutland County, Vermont","0","0","0"
"1000000US500219623002008","Block 2008, Block Group 2, Census Tract 9623, Rutland County, Vermont","0","0","0"
"1000000US500219623002009","Block 2009, Block Group 2, Census Tract 9623, Rutland County, Vermont","0","0","0"
"1000000US500219623002010","Block 2010, Block Group 2, Census Tract 9623, Rutland County, Vermont","1","0","1"
"1000000US500219623002011","Block 2011, Block Group 2, Census Tract 9623, Rutland County, Vermont","0","0","0"
"1000000US500219623002012","Block 2012, Block Group 2, Census Tract 9623, Rutland County, Vermont","1","1","0"
"1000000US500219623002013","Block 2013, Block Group 2, Census Tract 9623, Rutland County, Vermont","3","2","1"
"1000000US500219623002014","Block 2014, Block Group 2, Census Tract 9623, Rutland County, Vermont","8","3","5"
"1000000US500219623002015","Block 2015, Block Group 2, Census Tract 9623, Rutland County, Vermont","0","0","0"
"1000000US500219623002016","Block 2016, Block Group 2, Census Tract 9623, Rutland County, Vermont","3","2","1"
"1000000US500219623002017","Block 2017, Block Group 2, Census Tract 9623, Rutland County, Vermont","0","0","0"
"1000000US500219623002018","Block 2018, Block Group 2, Census Tract 9623, Rutland County, Vermont","57","23","34"
"1000000US500219623002019","Block 2019, Block Group 2, Census Tract 9623, Rutland County, Vermont","0","0","0"
"1000000US500219623002020","Block 2020, Block Group 2, Census Tract 9623, Rutland County, Vermont","2","0","2"
"1000000US500219623002021","Block 2021, Block Group 2, Census Tract 9623, Rutland County, Vermont","0","0","0"
"1000000US500219623002022","Block 2022, Block Group 2, Census Tract 9623, Rutland County, Vermont","18","1","17"
"1000000US500219623002023","Block 2023, Block Group 2, Census Tract 9623, Rutland County, Vermont","0","0","0"
"1000000US500219623002024","Block 2024, Block Group 2, Census Tract 9623, Rutland County, Vermont","0","0","0"
"1000000US500219623002025","Block 2025, Block Group 2, Census Tract 9623, Rutland County, Vermont","0","0","0"
"1000000US500219623002026","Block 2026, Block Group 2, Census Tract 9623, Rutland County, Vermont","0","0","0"
"1000000US500219623002027","Block 2027, Block Group 2, Census Tract 9623, Rutland County, Vermont","4","0","4"
"1000000US500219623002028","Block 2028, Block Group 2, Census Tract 9623, Rutland County, Vermont","0","0","0"
"1000000US500219623002029","Block 2029, Block Group 2, Census Tract 9623, Rutland County, Vermont","0","0","0"
"1000000US500219623002030","Block 2030, Block Group 2, Census Tract 9623, Rutland County, Vermont","16","2","14"
"1000000US500219623002031","Block 2031, Block Group 2, Census Tract 9623, Rutland County, Vermont","19","3","16"
"1000000US500219623002032","Block 2032, Block Group 2, Census Tract 9623, Rutland County, Vermont","0","0","0"
"1000000US500219623002033","Block 2033, Block Group 2, Census Tract 9623, Rutland County, Vermont","6","4","2"
"1000000US500219623002034","Block 2034, Block Group 2, Census Tract 9623, Rutland County, Vermont","3","2","1"
"1000000US500219623002035","Block 2035, Block Group 2, Census Tract 9623, Rutland County, Vermont","0","0","0"
"1000000US500219623002036","Block 2036, Block Group 2, Census Tract 9623, Rutland County, Vermont","4","3","1"
"1000000US500219623002037","Block 2037, Block Group 2, Census Tract 9623, Rutland County, Vermont","0","0","0"
"1000000US500219623002038","Block 2038, Block Group 2, Census Tract 9623, Rutland County, Vermont","0","0","0"
"1000000US500219623002039","Block 2039, Block Group 2, Census Tract 9623, Rutland County, Vermont","7","6","1"
"1000000US500219623002040","Block 2040, Block Group 2, Census Tract 9623, Rutland County, Vermont","0","0","0"
"1000000US500219623002041","Block 2041, Block Group 2, Census Tract 9623, Rutland County, Vermont","4","3","1"
"1000000US500219623002042","Block 2042, Block Group 2, Census Tract 9623, Rutland County, Vermont","16","3","13"
"1000000US500219623002043","Block 2043, Block Group 2, Census Tract 9623, Rutland County, Vermont","56","13","43"
"1000000US500219623002044","Block 2044, Block Group 2, Census Tract 9623, Rutland County, Vermont","0","0","0"
"1000000US500219623002045","Block 2045, Block Group 2, Census Tract 9623, Rutland County, Vermont","0","0","0"
"1000000US500219623002046","Block 2046, Block Group 2, Census Tract 9623, Rutland County, Vermont","0","0","0"
"1000000US500219623002047","Block 2047, Block Group 2, Census Tract 9623, Rutland County, Vermont","0","0","0"
"1000000US500219623002048","Block 2048, Block Group 2, Census Tract 9623, Rutland County, Vermont","0","0","0"
"1000000US500219623002049","Block 2049, Block Group 2, Census Tract 9623, Rutland County, Vermont","16","1","15"
"1000000US500219623002050","Block 2050, Block Group 2, Census Tract 9623, Rutland County, Vermont","3","0","3"
"1000000US500219623002051","Block 2051, Block Group 2, Census Tract 9623, Rutland County, Vermont","1","0","1"
"1000000US500219623002052","Block 2052, Block Group 2, Census Tract 9623, Rutland County, Vermont","0","0","0"
"1000000US500219623002053","Block 2053, Block Group 2, Census Tract 9623, Rutland County, Vermont","1","0","1"
"1000000US500219623002054","Block 2054, Block Group 2, Census Tract 9623, Rutland County, Vermont","4","4","0"
"1000000US500219623002055","Block 2055, Block Group 2, Census Tract 9623, Rutland County, Vermont","0","0","0"
"1000000US500219623002056","Block 2056, Block Group 2, Census Tract 9623, Rutland County, Vermont","15","9","6"
"1000000US500219623002057","Block 2057, Block Group 2, Census Tract 9623, Rutland County, Vermont","0","0","0"
"1000000US500219623002058","Block 2058, Block Group 2, Census Tract 9623, Rutland County, Vermont","0","0","0"
"1000000US500219623002059","Block 2059, Block Group 2, Census Tract 9623, Rutland County, Vermont","1","1","0"
"1000000US500219623002060","Block 2060, Block Group 2, Census Tract 9623, Rutland County, Vermont","24","12","12"
"1000000US500219623002061","Block 2061, Block Group 2, Census Tract 9623, Rutland County, Vermont","0","0","0"
"1000000US500219623002062","Block 2062, Block Group 2, Census Tract 9623, Rutland County, Vermont","0","0","0"
"1000000US500219623002063","Block 2063, Block Group 2, Census Tract 9623, Rutland County, Vermont","0","0","0"
"1000000US500219623002064","Block 2064, Block Group 2, Census Tract 9623, Rutland County, Vermont","0","0","0"
"1000000US500219623002065","Block 2065, Block Group 2, Census Tract 9623, Rutland County, Vermont","1","1","0"
"1000000US500219623002066","Block 2066, Block Group 2, Census Tract 9623, Rutland County, Vermont","0","0","0"
"1000000US500219623002067","Block 2067, Block Group 2, Census Tract 9623, Rutland County, Vermont","0","0","0"
"1000000US500219623002068","Block 2068, Block Group 2, Census Tract 9623, Rutland County, Vermont","0","0","0"
"1000000US500219623002069","Block 2069, Block Group 2, Census Tract 9623, Rutland County, Vermont","1","1","0"
"1000000US500219623002070","Block 2070, Block Group 2, Census Tract 9623, Rutland County, Vermont","8","7","1"
"1000000US500219623002071","Block 2071, Block Group 2, Census Tract 9623, Rutland County, Vermont","32","19","13"
"1000000US500219623002072","Block 2072, Block Group 2, Census Tract 9623, Rutland County, Vermont","0","0","0"
"1000000US500219623002073","Block 2073, Block Group 2, Census Tract 9623, Rutland County, Vermont","0","0","0"
"1000000US500219623002074","Block 2074, Block Group 2, Census Tract 9623, Rutland County, Vermont","0","0","0"
"1000000US500219623002075","Block 2075, Block Group 2, Census Tract 9623, Rutland County, Vermont","0","0","0"
"1000000US500219623002076","Block 2076, Block Group 2, Census Tract 9623, Rutland County, Vermont","10","3","7"
"1000000US500219623002077","Block 2077, Block Group 2, Census Tract 9623, Rutland County, Vermont","39","29","10"
"1000000US500219623002078","Block 2078, Block Group 2, Census Tract 9623, Rutland County, Vermont","17","13","4"
"1000000US500219623002079","Block 2079, Block Group 2, Census Tract 9623, Rutland County, Vermont","0","0","0"
"1000000US500219623002080","Block 2080, Block Group 2, Census Tract 9623, Rutland County, Vermont","0","0","0"
"1000000US500219623002081","Block 2081, Block Group 2, Census Tract 9623, Rutland County, Vermont","12","11","1"
"1000000US500219623002082","Block 2082, Block Group 2, Census Tract 9623, Rutland County, Vermont","1","0","1"
"1000000US500219623002083","Block 2083, Block Group 2, Census Tract 9623, Rutland County, Vermont","0","0","0"
"1000000US500219623002084","Block 2084, Block Group 2, Census Tract 9623, Rutland County, Vermont","5","2","3"
"1000000US500219623002085","Block 2085, Block Group 2, Census Tract 9623, Rutland County, Vermont","0","0","0"
"1000000US500219623002086","Block 2086, Block Group 2, Census Tract 9623, Rutland County, Vermont","0","0","0"
"1000000US500219623002087","Block 2087, Block Group 2, Census Tract 9623, Rutland County, Vermont","0","0","0"
"1000000US500219623002088","Block 2088, Block Group 2, Census Tract 9623, Rutland County, Vermont","20","18","2"
"1000000US500219623002089","Block 2089, Block Group 2, Census Tract 9623, Rutland County, Vermont","0","0","0"
"1000000US500219623002090","Block 2090, Block Group 2, Census Tract 9623, Rutland County, Vermont","24","21","3"
"1000000US500219623002091","Block 2091, Block Group 2, Census Tract 9623, Rutland County, Vermont","3","2","1"
"1000000US500219623002092","Block 2092, Block Group 2, Census Tract 9623, Rutland County, Vermont","4","4","0"
"1000000US500219623002093","Block 2093, Block Group 2, Census Tract 9623, Rutland County, Vermont","1","1","0"
"1000000US500219623002094","Block 2094, Block Group 2, Census Tract 9623, Rutland County, Vermont","9","9","0"
"1000000US500219623002095","Block 2095, Block Group 2, Census Tract 9623, Rutland County, Vermont","4","3","1"
"1000000US500219623002096","Block 2096, Block Group 2, Census Tract 9623, Rutland County, Vermont","20","13","7"
"1000000US500219623002097","Block 2097, Block Group 2, Census Tract 9623, Rutland County, Vermont","32","12","20"
"1000000US500219623002098","Block 2098, Block Group 2, Census Tract 9623, Rutland County, Vermont","0","0","0"
"1000000US500219623002099","Block 2099, Block Group 2, Census Tract 9623, Rutland County, Vermont","7","5","2"
"1000000US500219623002100","Block 2100, Block Group 2, Census Tract 9623, Rutland County, Vermont","3","3","0"
"1000000US500219623002101","Block 2101, Block Group 2, Census Tract 9623, Rutland County, Vermont","2","2","0"
"1000000US500219623002102","Block 2102, Block Group 2, Census Tract 9623, Rutland County, Vermont","0","0","0"
"1000000US500219623002103","Block 2103, Block Group 2, Census Tract 9623, Rutland County, Vermont","4","3","1"
"1000000US500219623002104","Block 2104, Block Group 2, Census Tract 9623, Rutland County, Vermont","0","0","0"
"1000000US500219623002105","Block 2105, Block Group 2, Census Tract 9623, Rutland County, Vermont","0","0","0"
"1000000US500219623002106","Block 2106, Block Group 2, Census Tract 9623, Rutland County, Vermont","0","0","0"
"1000000US500219623002107","Block 2107, Block Group 2, Census Tract 9623, Rutland County, Vermont","0","0","0"
"1000000US500219623002108","Block 2108, Block Group 2, Census Tract 9623, Rutland County, Vermont","0","0","0"
"1000000US500219623002109","Block 2109, Block Group 2, Census Tract 9623, Rutland County, Vermont","0","0","0"
"1000000US500219623002110","Block 2110, Block Group 2, Census Tract 9623, Rutland County, Vermont","0","0","0"
"1000000US500219623003000","Block 3000, Block Group 3, Census Tract 9623, Rutland County, Vermont","2","1","1"
"1000000US500219623003001","Block 3001, Block Group 3, Census Tract 9623, Rutland County, Vermont","5","3","2"
"1000000US500219623003002","Block 3002, Block Group 3, Census Tract 9623, Rutland County, Vermont","10","5","5"
"1000000US500219623003003","Block 3003, Block Group 3, Census Tract 9623, Rutland County, Vermont","0","0","0"
"1000000US500219623003004","Block 3004, Block Group 3, Census Tract 9623, Rutland County, Vermont","0","0","0"
"1000000US500219623003005","Block 3005, Block Group 3, Census Tract 9623, Rutland County, Vermont","1","1","0"
"1000000US500219623003006","Block 3006, Block Group 3, Census Tract 9623, Rutland County, Vermont","5","5","0"
"1000000US500219623003007","Block 3007, Block Group 3, Census Tract 9623, Rutland County, Vermont","9","1","8"
"1000000US500219623003008","Block 3008, Block Group 3, Census Tract 9623, Rutland County, Vermont","2","2","0"
"1000000US500219623003009","Block 3009, Block Group 3, Census Tract 9623, Rutland County, Vermont","0","0","0"
"1000000US500219623003010","Block 3010, Block Group 3, Census Tract 9623, Rutland County, Vermont","0","0","0"
"1000000US500219623003011","Block 3011, Block Group 3, Census Tract 9623, Rutland County, Vermont","7","2","5"
"1000000US500219623003012","Block 3012, Block Group 3, Census Tract 9623, Rutland County, Vermont","0","0","0"
"1000000US500219623003013","Block 3013, Block Group 3, Census Tract 9623, Rutland County, Vermont","29","4","25"
"1000000US500219623003014","Block 3014, Block Group 3, Census Tract 9623, Rutland County, Vermont","0","0","0"
"1000000US500219623003015","Block 3015, Block Group 3, Census Tract 9623, Rutland County, Vermont","0","0","0"
"1000000US500219623003016","Block 3016, Block Group 3, Census Tract 9623, Rutland County, Vermont","0","0","0"
"1000000US500219623003017","Block 3017, Block Group 3, Census Tract 9623, Rutland County, Vermont","2","1","1"
"1000000US500219623003018","Block 3018, Block Group 3, Census Tract 9623, Rutland County, Vermont","2","2","0"
"1000000US500219623003019","Block 3019, Block Group 3, Census Tract 9623, Rutland County, Vermont","1","1","0"
"1000000US500219623003020","Block 3020, Block Group 3, Census Tract 9623, Rutland County, Vermont","0","0","0"
"1000000US500219623003021","Block 3021, Block Group 3, Census Tract 9623, Rutland County, Vermont","8","6","2"
"1000000US500219623003022","Block 3022, Block Group 3, Census Tract 9623, Rutland County, Vermont","0","0","0"
"1000000US500219623003023","Block 3023, Block Group 3, Census Tract 9623, Rutland County, Vermont","0","0","0"
"1000000US500219623003024","Block 3024, Block Group 3, Census Tract 9623, Rutland County, Vermont","28","26","2"
"1000000US500219623003025","Block 3025, Block Group 3, Census Tract 9623, Rutland County, Vermont","15","15","0"
"1000000US500219623003026","Block 3026, Block Group 3, Census Tract 9623, Rutland County, Vermont","1","0","1"
"1000000US500219623003027","Block 3027, Block Group 3, Census Tract 9623, Rutland County, Vermont","14","10","4"
"1000000US500219623003028","Block 3028, Block Group 3, Census Tract 9623, Rutland County, Vermont","0","0","0"
"1000000US500219623003029","Block 3029, Block Group 3, Census Tract 9623, Rutland County, Vermont","15","4","11"
"1000000US500219623003030","Block 3030, Block Group 3, Census Tract 9623, Rutland County, Vermont","7","3","4"
"1000000US500219623003031","Block 3031, Block Group 3, Census Tract 9623, Rutland County, Vermont","55","19","36"
"1000000US500219623003032","Block 3032, Block Group 3, Census Tract 9623, Rutland County, Vermont","14","4","10"
"1000000US500219623003033","Block 3033, Block Group 3, Census Tract 9623, Rutland County, Vermont","0","0","0"
"1000000US500219623003034","Block 3034, Block Group 3, Census Tract 9623, Rutland County, Vermont","1","0","1"
"1000000US500219623003035","Block 3035, Block Group 3, Census Tract 9623, Rutland County, Vermont","0","0","0"
"1000000US500219623003036","Block 3036, Block Group 3, Census Tract 9623, Rutland County, Vermont","17","13","4"
"1000000US500219623003037","Block 3037, Block Group 3, Census Tract 9623, Rutland County, Vermont","0","0","0"
"1000000US500219623003038","Block 3038, Block Group 3, Census Tract 9623, Rutland County, Vermont","0","0","0"
"1000000US500219623003039","Block 3039, Block Group 3, Census Tract 9623, Rutland County, Vermont","1","1","0"
"1000000US500219623003040","Block 3040, Block Group 3, Census Tract 9623, Rutland County, Vermont","5","4","1"
"1000000US500219623003041","Block 3041, Block Group 3, Census Tract 9623, Rutland County, Vermont","8","7","1"
"1000000US500219623003042","Block 3042, Block Group 3, Census Tract 9623, Rutland County, Vermont","14","13","1"
"1000000US500219623003043","Block 3043, Block Group 3, Census Tract 9623, Rutland County, Vermont","0","0","0"
"1000000US500219623003044","Block 3044, Block Group 3, Census Tract 9623, Rutland County, Vermont","1","1","0"
"1000000US500219623003045","Block 3045, Block Group 3, Census Tract 9623, Rutland County, Vermont","10","7","3"
"1000000US500219623003046","Block 3046, Block Group 3, Census Tract 9623, Rutland County, Vermont","0","0","0"
"1000000US500219623003047","Block 3047, Block Group 3, Census Tract 9623, Rutland County, Vermont","5","4","1"
"1000000US500219623003048","Block 3048, Block Group 3, Census Tract 9623, Rutland County, Vermont","0","0","0"
"1000000US500219623003049","Block 3049, Block Group 3, Census Tract 9623, Rutland County, Vermont","11","10","1"
"1000000US500219623003050","Block 3050, Block Group 3, Census Tract 9623, Rutland County, Vermont","5","5","0"
"1000000US500219623003051","Block 3051, Block Group 3, Census Tract 9623, Rutland County, Vermont","1","1","0"
"1000000US500219623003052","Block 3052, Block Group 3, Census Tract 9623, Rutland County, Vermont","0","0","0"
"1000000US500219623003053","Block 3053, Block Group 3, Census Tract 9623, Rutland County, Vermont","0","0","0"
"1000000US500219623003054","Block 3054, Block Group 3, Census Tract 9623, Rutland County, Vermont","17","15","2"
"1000000US500219623003055","Block 3055, Block Group 3, Census Tract 9623, Rutland County, Vermont","7","6","1"
"1000000US500219623003056","Block 3056, Block Group 3, Census Tract 9623, Rutland County, Vermont","0","0","0"
"1000000US500219623003057","Block 3057, Block Group 3, Census Tract 9623, Rutland County, Vermont","4","4","0"
"1000000US500219623003058","Block 3058, Block Group 3, Census Tract 9623, Rutland County, Vermont","5","5","0"
"1000000US500219623003059","Block 3059, Block Group 3, Census Tract 9623, Rutland County, Vermont","26","20","6"
"1000000US500219623003060","Block 3060, Block Group 3, Census Tract 9623, Rutland County, Vermont","0","0","0"
"1000000US500219623003061","Block 3061, Block Group 3, Census Tract 9623, Rutland County, Vermont","33","31","2"
"1000000US500219623003062","Block 3062, Block Group 3, Census Tract 9623, Rutland County, Vermont","0","0","0"
"1000000US500219623003063","Block 3063, Block Group 3, Census Tract 9623, Rutland County, Vermont","15","15","0"
"1000000US500219623003064","Block 3064, Block Group 3, Census Tract 9623, Rutland County, Vermont","0","0","0"
"1000000US500219623003065","Block 3065, Block Group 3, Census Tract 9623, Rutland County, Vermont","44","37","7"
"1000000US500219623003066","Block 3066, Block Group 3, Census Tract 9623, Rutland County, Vermont","10","10","0"
"1000000US500219623003067","Block 3067, Block Group 3, Census Tract 9623, Rutland County, Vermont","4","3","1"
"1000000US500219623003068","Block 3068, Block Group 3, Census Tract 9623, Rutland County, Vermont","10","9","1"
"1000000US500219623003069","Block 3069, Block Group 3, Census Tract 9623, Rutland County, Vermont","0","0","0"
"1000000US500219623003070","Block 3070, Block Group 3, Census Tract 9623, Rutland County, Vermont","2","2","0"
"1000000US500219623003071","Block 3071, Block Group 3, Census Tract 9623, Rutland County, Vermont","0","0","0"
"1000000US500219623003072","Block 3072, Block Group 3, Census Tract 9623, Rutland County, Vermont","1","1","0"
"1000000US500219623003073","Block 3073, Block Group 3, Census Tract 9623, Rutland County, Vermont","1","1","0"
"1000000US500219623003074","Block 3074, Block Group 3, Census Tract 9623, Rutland County, Vermont","13","12","1"
"1000000US500219623003075","Block 3075, Block Group 3, Census Tract 9623, Rutland County, Vermont","0","0","0"
"1000000US500219623003076","Block 3076, Block Group 3, Census Tract 9623, Rutland County, Vermont","0","0","0"
"1000000US500219623003077","Block 3077, Block Group 3, Census Tract 9623, Rutland County, Vermont","14","12","2"
"1000000US500219623003078","Block 3078, Block Group 3, Census Tract 9623, Rutland County, Vermont","17","15","2"
"1000000US500219623003079","Block 3079, Block Group 3, Census Tract 9623, Rutland County, Vermont","0","0","0"
"1000000US500219623003080","Block 3080, Block Group 3, Census Tract 9623, Rutland County, Vermont","0","0","0"
"1000000US500219623003081","Block 3081, Block Group 3, Census Tract 9623, Rutland County, Vermont","9","7","2"
"1000000US500219623003082","Block 3082, Block Group 3, Census Tract 9623, Rutland County, Vermont","0","0","0"
"1000000US500219623003083","Block 3083, Block Group 3, Census Tract 9623, Rutland County, Vermont","9","8","1"
"1000000US500219623003084","Block 3084, Block Group 3, Census Tract 9623, Rutland County, Vermont","0","0","0"
"1000000US500219623003085","Block 3085, Block Group 3, Census Tract 9623, Rutland County, Vermont","4","4","0"
"1000000US500219623003086","Block 3086, Block Group 3, Census Tract 9623, Rutland County, Vermont","0","0","0"
"1000000US500219623003087","Block 3087, Block Group 3, Census Tract 9623, Rutland County, Vermont","0","0","0"
"1000000US500219623003088","Block 3088, Block Group 3, Census Tract 9623, Rutland County, Vermont","1","1","0"
"1000000US500219623003089","Block 3089, Block Group 3, Census Tract 9623, Rutland County, Vermont","16","14","2"
"1000000US500219623003090","Block 3090, Block Group 3, Census Tract 9623, Rutland County, Vermont","4","4","0"
"1000000US500219623003091","Block 3091, Block Group 3, Census Tract 9623, Rutland County, Vermont","0","0","0"
"1000000US500219623003092","Block 3092, Block Group 3, Census Tract 9623, Rutland County, Vermont","0","0","0"
"1000000US500219623003093","Block 3093, Block Group 3, Census Tract 9623, Rutland County, Vermont","2","1","1"
"1000000US500219623003094","Block 3094, Block Group 3, Census Tract 9623, Rutland County, Vermont","2","0","2"
"1000000US500219623003095","Block 3095, Block Group 3, Census Tract 9623, Rutland County, Vermont","0","0","0"
"1000000US500219623003096","Block 3096, Block Group 3, Census Tract 9623, Rutland County, Vermont","0","0","0"
"1000000US500219623003097","Block 3097, Block Group 3, Census Tract 9623, Rutland County, Vermont","0","0","0"
"1000000US500219623003098","Block 3098, Block Group 3, Census Tract 9623, Rutland County, Vermont","0","0","0"
"1000000US500219623003099","Block 3099, Block Group 3, Census Tract 9623, Rutland County, Vermont","0","0","0"
"1000000US500219623003100","Block 3100, Block Group 3, Census Tract 9623, Rutland County, Vermont","1","1","0"
"1000000US500219623003101","Block 3101, Block Group 3, Census Tract 9623, Rutland County, Vermont","1","1","0"
"1000000US500219623003102","Block 3102, Block Group 3, Census Tract 9623, Rutland County, Vermont","0","0","0"
"1000000US500219623003103","Block 3103, Block Group 3, Census Tract 9623, Rutland County, Vermont","0","0","0"
"1000000US500219623003104","Block 3104, Block Group 3, Census Tract 9623, Rutland County, Vermont","0","0","0"
"1000000US500219623003105","Block 3105, Block Group 3, Census Tract 9623, Rutland County, Vermont","0","0","0"
"1000000US500219623003106","Block 3106, Block Group 3, Census Tract 9623, Rutland County, Vermont","0","0","0"
"1000000US500219623003107","Block 3107, Block Group 3, Census Tract 9623, Rutland County, Vermont","0","0","0"
"1000000US500219623004000","Block 4000, Block Group 4, Census Tract 9623, Rutland County, Vermont","6","4","2"
"1000000US500219623004001","Block 4001, Block Group 4, Census Tract 9623, Rutland County, Vermont","1","1","0"
"1000000US500219623004002","Block 4002, Block Group 4, Census Tract 9623, Rutland County, Vermont","0","0","0"
"1000000US500219623004003","Block 4003, Block Group 4, Census Tract 9623, Rutland County, Vermont","5","4","1"
"1000000US500219623004004","Block 4004, Block Group 4, Census Tract 9623, Rutland County, Vermont","0","0","0"
"1000000US500219623004005","Block 4005, Block Group 4, Census Tract 9623, Rutland County, Vermont","0","0","0"
"1000000US500219623004006","Block 4006, Block Group 4, Census Tract 9623, Rutland County, Vermont","12","9","3"
"1000000US500219623004007","Block 4007, Block Group 4, Census Tract 9623, Rutland County, Vermont","2","2","0"
"1000000US500219623004008","Block 4008, Block Group 4, Census Tract 9623, Rutland County, Vermont","5","5","0"
"1000000US500219623004009","Block 4009, Block Group 4, Census Tract 9623, Rutland County, Vermont","0","0","0"
"1000000US500219623004010","Block 4010, Block Group 4, Census Tract 9623, Rutland County, Vermont","0","0","0"
"1000000US500219623004011","Block 4011, Block Group 4, Census Tract 9623, Rutland County, Vermont","0","0","0"
"1000000US500219623004012","Block 4012, Block Group 4, Census Tract 9623, Rutland County, Vermont","2","1","1"
"1000000US500219623004013","Block 4013, Block Group 4, Census Tract 9623, Rutland County, Vermont","0","0","0"
"1000000US500219623004014","Block 4014, Block Group 4, Census Tract 9623, Rutland County, Vermont","0","0","0"
"1000000US500219623004015","Block 4015, Block Group 4, Census Tract 9623, Rutland County, Vermont","3","3","0"
"1000000US500219623004016","Block 4016, Block Group 4, Census Tract 9623, Rutland County, Vermont","0","0","0"
"1000000US500219623004017","Block 4017, Block Group 4, Census Tract 9623, Rutland County, Vermont","1","1","0"
"1000000US500219623004018","Block 4018, Block Group 4, Census Tract 9623, Rutland County, Vermont","13","11","2"
"1000000US500219623004019","Block 4019, Block Group 4, Census Tract 9623, Rutland County, Vermont","2","2","0"
"1000000US500219623004020","Block 4020, Block Group 4, Census Tract 9623, Rutland County, Vermont","0","0","0"
"1000000US500219623004021","Block 4021, Block Group 4, Census Tract 9623, Rutland County, Vermont","15","12","3"
"1000000US500219623004022","Block 4022, Block Group 4, Census Tract 9623, Rutland County, Vermont","1","1","0"
"1000000US500219623004023","Block 4023, Block Group 4, Census Tract 9623, Rutland County, Vermont","6","6","0"
"1000000US500219623004024","Block 4024, Block Group 4, Census Tract 9623, Rutland County, Vermont","3","3","0"
"1000000US500219623004025","Block 4025, Block Group 4, Census Tract 9623, Rutland County, Vermont","0","0","0"
"1000000US500219623004026","Block 4026, Block Group 4, Census Tract 9623, Rutland County, Vermont","22","20","2"
"1000000US500219623004027","Block 4027, Block Group 4, Census Tract 9623, Rutland County, Vermont","0","0","0"
"1000000US500219623004028","Block 4028, Block Group 4, Census Tract 9623, Rutland County, Vermont","10","9","1"
"1000000US500219623004029","Block 4029, Block Group 4, Census Tract 9623, Rutland County, Vermont","4","4","0"
"1000000US500219623004030","Block 4030, Block Group 4, Census Tract 9623, Rutland County, Vermont","15","11","4"
"1000000US500219623004031","Block 4031, Block Group 4, Census Tract 9623, Rutland County, Vermont","0","0","0"
"1000000US500219623004032","Block 4032, Block Group 4, Census Tract 9623, Rutland County, Vermont","0","0","0"
"1000000US500219623004033","Block 4033, Block Group 4, Census Tract 9623, Rutland County, Vermont","0","0","0"
"1000000US500219623004034","Block 4034, Block Group 4, Census Tract 9623, Rutland County, Vermont","0","0","0"
"1000000US500219623004035","Block 4035, Block Group 4, Census Tract 9623, Rutland County, Vermont","3","3","0"
"1000000US500219623004036","Block 4036, Block Group 4, Census Tract 9623, Rutland County, Vermont","0","0","0"
"1000000US500219623004037","Block 4037, Block Group 4, Census Tract 9623, Rutland County, Vermont","0","0","0"
"1000000US500219623004038","Block 4038, Block Group 4, Census Tract 9623, Rutland County, Vermont","0","0","0"
"1000000US500219623004039","Block 4039, Block Group 4, Census Tract 9623, Rutland County, Vermont","0","0","0"
"1000000US500219623004040","Block 4040, Block Group 4, Census Tract 9623, Rutland County, Vermont","0","0","0"
"1000000US500219623004041","Block 4041, Block Group 4, Census Tract 9623, Rutland County, Vermont","0","0","0"
"1000000US500219623004042","Block 4042, Block Group 4, Census Tract 9623, Rutland County, Vermont","0","0","0"
"1000000US500219623004043","Block 4043, Block Group 4, Census Tract 9623, Rutland County, Vermont","0","0","0"
"1000000US500219623004044","Block 4044, Block Group 4, Census Tract 9623, Rutland County, Vermont","0","0","0"
"1000000US500219623004045","Block 4045, Block Group 4, Census Tract 9623, Rutland County, Vermont","0","0","0"
"1000000US500219623004046","Block 4046, Block Group 4, Census Tract 9623, Rutland County, Vermont","0","0","0"
"1000000US500219623004047","Block 4047, Block Group 4, Census Tract 9623, Rutland County, Vermont","0","0","0"
"1000000US500219623004048","Block 4048, Block Group 4, Census Tract 9623, Rutland County, Vermont","0","0","0"
"1000000US500219623004049","Block 4049, Block Group 4, Census Tract 9623, Rutland County, Vermont","0","0","0"
"1000000US500219623004050","Block 4050, Block Group 4, Census Tract 9623, Rutland County, Vermont","0","0","0"
"1000000US500219624001000","Block 1000, Block Group 1, Census Tract 9624, Rutland County, Vermont","30","27","3"
"1000000US500219624001001","Block 1001, Block Group 1, Census Tract 9624, Rutland County, Vermont","1","1","0"
"1000000US500219624001002","Block 1002, Block Group 1, Census Tract 9624, Rutland County, Vermont","10","9","1"
"1000000US500219624001003","Block 1003, Block Group 1, Census Tract 9624, Rutland County, Vermont","2","2","0"
"1000000US500219624001004","Block 1004, Block Group 1, Census Tract 9624, Rutland County, Vermont","3","2","1"
"1000000US500219624001005","Block 1005, Block Group 1, Census Tract 9624, Rutland County, Vermont","25","25","0"
"1000000US500219624001006","Block 1006, Block Group 1, Census Tract 9624, Rutland County, Vermont","0","0","0"
"1000000US500219624001007","Block 1007, Block Group 1, Census Tract 9624, Rutland County, Vermont","0","0","0"
"1000000US500219624001008","Block 1008, Block Group 1, Census Tract 9624, Rutland County, Vermont","60","51","9"
"1000000US500219624001009","Block 1009, Block Group 1, Census Tract 9624, Rutland County, Vermont","0","0","0"
"1000000US500219624001010","Block 1010, Block Group 1, Census Tract 9624, Rutland County, Vermont","24","22","2"
"1000000US500219624001011","Block 1011, Block Group 1, Census Tract 9624, Rutland County, Vermont","64","61","3"
"1000000US500219624001012","Block 1012, Block Group 1, Census Tract 9624, Rutland County, Vermont","2","2","0"
"1000000US500219624001013","Block 1013, Block Group 1, Census Tract 9624, Rutland County, Vermont","0","0","0"
"1000000US500219624001014","Block 1014, Block Group 1, Census Tract 9624, Rutland County, Vermont","38","38","0"
"1000000US500219624001015","Block 1015, Block Group 1, Census Tract 9624, Rutland County, Vermont","0","0","0"
"1000000US500219624001016","Block 1016, Block Group 1, Census Tract 9624, Rutland County, Vermont","0","0","0"
"1000000US500219624001017","Block 1017, Block Group 1, Census Tract 9624, Rutland County, Vermont","8","8","0"
"1000000US500219624001018","Block 1018, Block Group 1, Census Tract 9624, Rutland County, Vermont","11","10","1"
"1000000US500219624001019","Block 1019, Block Group 1, Census Tract 9624, Rutland County, Vermont","0","0","0"
"1000000US500219624001020","Block 1020, Block Group 1, Census Tract 9624, Rutland County, Vermont","9","9","0"
"1000000US500219624001021","Block 1021, Block Group 1, Census Tract 9624, Rutland County, Vermont","17","17","0"
"1000000US500219624001022","Block 1022, Block Group 1, Census Tract 9624, Rutland County, Vermont","2","0","2"
"1000000US500219624001023","Block 1023, Block Group 1, Census Tract 9624, Rutland County, Vermont","0","0","0"
"1000000US500219624001024","Block 1024, Block Group 1, Census Tract 9624, Rutland County, Vermont","4","4","0"
"1000000US500219624001025","Block 1025, Block Group 1, Census Tract 9624, Rutland County, Vermont","17","15","2"
"1000000US500219624001026","Block 1026, Block Group 1, Census Tract 9624, Rutland County, Vermont","37","32","5"
"1000000US500219624001027","Block 1027, Block Group 1, Census Tract 9624, Rutland County, Vermont","11","10","1"
"1000000US500219624001028","Block 1028, Block Group 1, Census Tract 9624, Rutland County, Vermont","10","9","1"
"1000000US500219624001029","Block 1029, Block Group 1, Census Tract 9624, Rutland County, Vermont","0","0","0"
"1000000US500219624001030","Block 1030, Block Group 1, Census Tract 9624, Rutland County, Vermont","49","44","5"
"1000000US500219624001031","Block 1031, Block Group 1, Census Tract 9624, Rutland County, Vermont","2","2","0"
"1000000US500219624001032","Block 1032, Block Group 1, Census Tract 9624, Rutland County, Vermont","10","8","2"
"1000000US500219624001033","Block 1033, Block Group 1, Census Tract 9624, Rutland County, Vermont","6","5","1"
"1000000US500219624001034","Block 1034, Block Group 1, Census Tract 9624, Rutland County, Vermont","6","5","1"
"1000000US500219624001035","Block 1035, Block Group 1, Census Tract 9624, Rutland County, Vermont","6","5","1"
"1000000US500219624001036","Block 1036, Block Group 1, Census Tract 9624, Rutland County, Vermont","52","35","17"
"1000000US500219624001037","Block 1037, Block Group 1, Census Tract 9624, Rutland County, Vermont","0","0","0"
"1000000US500219624001038","Block 1038, Block Group 1, Census Tract 9624, Rutland County, Vermont","0","0","0"
"1000000US500219624001039","Block 1039, Block Group 1, Census Tract 9624, Rutland County, Vermont","1","1","0"
"1000000US500219624001040","Block 1040, Block Group 1, Census Tract 9624, Rutland County, Vermont","33","32","1"
"1000000US500219624001041","Block 1041, Block Group 1, Census Tract 9624, Rutland County, Vermont","1","1","0"
"1000000US500219624001042","Block 1042, Block Group 1, Census Tract 9624, Rutland County, Vermont","11","11","0"
"1000000US500219624001043","Block 1043, Block Group 1, Census Tract 9624, Rutland County, Vermont","0","0","0"
"1000000US500219624001044","Block 1044, Block Group 1, Census Tract 9624, Rutland County, Vermont","0","0","0"
"1000000US500219624001045","Block 1045, Block Group 1, Census Tract 9624, Rutland County, Vermont","0","0","0"
"1000000US500219624001046","Block 1046, Block Group 1, Census Tract 9624, Rutland County, Vermont","53","45","8"
"1000000US500219624001047","Block 1047, Block Group 1, Census Tract 9624, Rutland County, Vermont","22","19","3"
"1000000US500219624001048","Block 1048, Block Group 1, Census Tract 9624, Rutland County, Vermont","0","0","0"
"1000000US500219624001049","Block 1049, Block Group 1, Census Tract 9624, Rutland County, Vermont","6","5","1"
"1000000US500219624001050","Block 1050, Block Group 1, Census Tract 9624, Rutland County, Vermont","0","0","0"
"1000000US500219624001051","Block 1051, Block Group 1, Census Tract 9624, Rutland County, Vermont","1","1","0"
"1000000US500219624001052","Block 1052, Block Group 1, Census Tract 9624, Rutland County, Vermont","5","3","2"
"1000000US500219624001053","Block 1053, Block Group 1, Census Tract 9624, Rutland County, Vermont","0","0","0"
"1000000US500219624001054","Block 1054, Block Group 1, Census Tract 9624, Rutland County, Vermont","0","0","0"
"1000000US500219624001055","Block 1055, Block Group 1, Census Tract 9624, Rutland County, Vermont","0","0","0"
"1000000US500219624001056","Block 1056, Block Group 1, Census Tract 9624, Rutland County, Vermont","4","4","0"
"1000000US500219624001057","Block 1057, Block Group 1, Census Tract 9624, Rutland County, Vermont","4","4","0"
"1000000US500219624001058","Block 1058, Block Group 1, Census Tract 9624, Rutland County, Vermont","3","2","1"
"1000000US500219624001059","Block 1059, Block Group 1, Census Tract 9624, Rutland County, Vermont","0","0","0"
"1000000US500219624001060","Block 1060, Block Group 1, Census Tract 9624, Rutland County, Vermont","0","0","0"
"1000000US500219624001061","Block 1061, Block Group 1, Census Tract 9624, Rutland County, Vermont","0","0","0"
"1000000US500219624002000","Block 2000, Block Group 2, Census Tract 9624, Rutland County, Vermont","8","8","0"
"1000000US500219624002001","Block 2001, Block Group 2, Census Tract 9624, Rutland County, Vermont","34","29","5"
"1000000US500219624002002","Block 2002, Block Group 2, Census Tract 9624, Rutland County, Vermont","0","0","0"
"1000000US500219624002003","Block 2003, Block Group 2, Census Tract 9624, Rutland County, Vermont","0","0","0"
"1000000US500219624002004","Block 2004, Block Group 2, Census Tract 9624, Rutland County, Vermont","0","0","0"
"1000000US500219624002005","Block 2005, Block Group 2, Census Tract 9624, Rutland County, Vermont","0","0","0"
"1000000US500219624002006","Block 2006, Block Group 2, Census Tract 9624, Rutland County, Vermont","0","0","0"
"1000000US500219624002007","Block 2007, Block Group 2, Census Tract 9624, Rutland County, Vermont","0","0","0"
"1000000US500219624002008","Block 2008, Block Group 2, Census Tract 9624, Rutland County, Vermont","0","0","0"
"1000000US500219624002009","Block 2009, Block Group 2, Census Tract 9624, Rutland County, Vermont","4","4","0"
"1000000US500219624002010","Block 2010, Block Group 2, Census Tract 9624, Rutland County, Vermont","0","0","0"
"1000000US500219624002011","Block 2011, Block Group 2, Census Tract 9624, Rutland County, Vermont","0","0","0"
"1000000US500219624002012","Block 2012, Block Group 2, Census Tract 9624, Rutland County, Vermont","5","4","1"
"1000000US500219624002013","Block 2013, Block Group 2, Census Tract 9624, Rutland County, Vermont","1","1","0"
"1000000US500219624002014","Block 2014, Block Group 2, Census Tract 9624, Rutland County, Vermont","5","5","0"
"1000000US500219624002015","Block 2015, Block Group 2, Census Tract 9624, Rutland County, Vermont","45","30","15"
"1000000US500219624002016","Block 2016, Block Group 2, Census Tract 9624, Rutland County, Vermont","2","2","0"
"1000000US500219624002017","Block 2017, Block Group 2, Census Tract 9624, Rutland County, Vermont","8","7","1"
"1000000US500219624002018","Block 2018, Block Group 2, Census Tract 9624, Rutland County, Vermont","1","1","0"
"1000000US500219624002019","Block 2019, Block Group 2, Census Tract 9624, Rutland County, Vermont","0","0","0"
"1000000US500219624002020","Block 2020, Block Group 2, Census Tract 9624, Rutland County, Vermont","1","1","0"
"1000000US500219624002021","Block 2021, Block Group 2, Census Tract 9624, Rutland County, Vermont","0","0","0"
"1000000US500219624002022","Block 2022, Block Group 2, Census Tract 9624, Rutland County, Vermont","0","0","0"
"1000000US500219624002023","Block 2023, Block Group 2, Census Tract 9624, Rutland County, Vermont","4","3","1"
"1000000US500219624002024","Block 2024, Block Group 2, Census Tract 9624, Rutland County, Vermont","1","1","0"
"1000000US500219624002025","Block 2025, Block Group 2, Census Tract 9624, Rutland County, Vermont","0","0","0"
"1000000US500219624002026","Block 2026, Block Group 2, Census Tract 9624, Rutland County, Vermont","23","22","1"
"1000000US500219624002027","Block 2027, Block Group 2, Census Tract 9624, Rutland County, Vermont","0","0","0"
"1000000US500219624002028","Block 2028, Block Group 2, Census Tract 9624, Rutland County, Vermont","0","0","0"
"1000000US500219624002029","Block 2029, Block Group 2, Census Tract 9624, Rutland County, Vermont","11","10","1"
"1000000US500219624002030","Block 2030, Block Group 2, Census Tract 9624, Rutland County, Vermont","0","0","0"
"1000000US500219624002031","Block 2031, Block Group 2, Census Tract 9624, Rutland County, Vermont","14","14","0"
"1000000US500219624002032","Block 2032, Block Group 2, Census Tract 9624, Rutland County, Vermont","0","0","0"
"1000000US500219624002033","Block 2033, Block Group 2, Census Tract 9624, Rutland County, Vermont","0","0","0"
"1000000US500219624002034","Block 2034, Block Group 2, Census Tract 9624, Rutland County, Vermont","4","4","0"
"1000000US500219624002035","Block 2035, Block Group 2, Census Tract 9624, Rutland County, Vermont","0","0","0"
"1000000US500219624002036","Block 2036, Block Group 2, Census Tract 9624, Rutland County, Vermont","0","0","0"
"1000000US500219624002037","Block 2037, Block Group 2, Census Tract 9624, Rutland County, Vermont","0","0","0"
"1000000US500219624002038","Block 2038, Block Group 2, Census Tract 9624, Rutland County, Vermont","0","0","0"
"1000000US500219624002039","Block 2039, Block Group 2, Census Tract 9624, Rutland County, Vermont","19","15","4"
"1000000US500219624002040","Block 2040, Block Group 2, Census Tract 9624, Rutland County, Vermont","0","0","0"
"1000000US500219624002041","Block 2041, Block Group 2, Census Tract 9624, Rutland County, Vermont","24","23","1"
"1000000US500219624002042","Block 2042, Block Group 2, Census Tract 9624, Rutland County, Vermont","0","0","0"
"1000000US500219624002043","Block 2043, Block Group 2, Census Tract 9624, Rutland County, Vermont","6","6","0"
"1000000US500219624002044","Block 2044, Block Group 2, Census Tract 9624, Rutland County, Vermont","1","1","0"
"1000000US500219624002045","Block 2045, Block Group 2, Census Tract 9624, Rutland County, Vermont","0","0","0"
"1000000US500219624002046","Block 2046, Block Group 2, Census Tract 9624, Rutland County, Vermont","19","17","2"
"1000000US500219624002047","Block 2047, Block Group 2, Census Tract 9624, Rutland County, Vermont","17","16","1"
"1000000US500219624002048","Block 2048, Block Group 2, Census Tract 9624, Rutland County, Vermont","8","6","2"
"1000000US500219624002049","Block 2049, Block Group 2, Census Tract 9624, Rutland County, Vermont","0","0","0"
"1000000US500219624002050","Block 2050, Block Group 2, Census Tract 9624, Rutland County, Vermont","0","0","0"
"1000000US500219624002051","Block 2051, Block Group 2, Census Tract 9624, Rutland County, Vermont","7","3","4"
"1000000US500219624002052","Block 2052, Block Group 2, Census Tract 9624, Rutland County, Vermont","0","0","0"
"1000000US500219624002053","Block 2053, Block Group 2, Census Tract 9624, Rutland County, Vermont","4","4","0"
"1000000US500219624002054","Block 2054, Block Group 2, Census Tract 9624, Rutland County, Vermont","0","0","0"
"1000000US500219624002055","Block 2055, Block Group 2, Census Tract 9624, Rutland County, Vermont","0","0","0"
"1000000US500219624002056","Block 2056, Block Group 2, Census Tract 9624, Rutland County, Vermont","0","0","0"
"1000000US500219624002057","Block 2057, Block Group 2, Census Tract 9624, Rutland County, Vermont","19","13","6"
"1000000US500219624002058","Block 2058, Block Group 2, Census Tract 9624, Rutland County, Vermont","39","33","6"
"1000000US500219624002059","Block 2059, Block Group 2, Census Tract 9624, Rutland County, Vermont","1","1","0"
"1000000US500219624002060","Block 2060, Block Group 2, Census Tract 9624, Rutland County, Vermont","0","0","0"
"1000000US500219624002061","Block 2061, Block Group 2, Census Tract 9624, Rutland County, Vermont","0","0","0"
"1000000US500219624002062","Block 2062, Block Group 2, Census Tract 9624, Rutland County, Vermont","0","0","0"
"1000000US500219624002063","Block 2063, Block Group 2, Census Tract 9624, Rutland County, Vermont","0","0","0"
"1000000US500219624002064","Block 2064, Block Group 2, Census Tract 9624, Rutland County, Vermont","0","0","0"
"1000000US500219624002065","Block 2065, Block Group 2, Census Tract 9624, Rutland County, Vermont","13","10","3"
"1000000US500219624002066","Block 2066, Block Group 2, Census Tract 9624, Rutland County, Vermont","29","27","2"
"1000000US500219624002067","Block 2067, Block Group 2, Census Tract 9624, Rutland County, Vermont","49","48","1"
"1000000US500219624002068","Block 2068, Block Group 2, Census Tract 9624, Rutland County, Vermont","4","4","0"
"1000000US500219624002069","Block 2069, Block Group 2, Census Tract 9624, Rutland County, Vermont","13","13","0"
"1000000US500219624002070","Block 2070, Block Group 2, Census Tract 9624, Rutland County, Vermont","6","6","0"
"1000000US500219624002071","Block 2071, Block Group 2, Census Tract 9624, Rutland County, Vermont","31","29","2"
"1000000US500219624002072","Block 2072, Block Group 2, Census Tract 9624, Rutland County, Vermont","18","16","2"
"1000000US500219624002073","Block 2073, Block Group 2, Census Tract 9624, Rutland County, Vermont","0","0","0"
"1000000US500219624002074","Block 2074, Block Group 2, Census Tract 9624, Rutland County, Vermont","116","109","7"
"1000000US500219624002075","Block 2075, Block Group 2, Census Tract 9624, Rutland County, Vermont","0","0","0"
"1000000US500219624002076","Block 2076, Block Group 2, Census Tract 9624, Rutland County, Vermont","11","10","1"
"1000000US500219624002077","Block 2077, Block Group 2, Census Tract 9624, Rutland County, Vermont","0","0","0"
"1000000US500219624002078","Block 2078, Block Group 2, Census Tract 9624, Rutland County, Vermont","0","0","0"
"1000000US500219624002079","Block 2079, Block Group 2, Census Tract 9624, Rutland County, Vermont","18","16","2"
"1000000US500219624002080","Block 2080, Block Group 2, Census Tract 9624, Rutland County, Vermont","0","0","0"
"1000000US500219624002081","Block 2081, Block Group 2, Census Tract 9624, Rutland County, Vermont","0","0","0"
"1000000US500219624002082","Block 2082, Block Group 2, Census Tract 9624, Rutland County, Vermont","2","2","0"
"1000000US500219624002083","Block 2083, Block Group 2, Census Tract 9624, Rutland County, Vermont","0","0","0"
"1000000US500219624002084","Block 2084, Block Group 2, Census Tract 9624, Rutland County, Vermont","9","9","0"
"1000000US500219624002085","Block 2085, Block Group 2, Census Tract 9624, Rutland County, Vermont","15","15","0"
"1000000US500219624002086","Block 2086, Block Group 2, Census Tract 9624, Rutland County, Vermont","30","28","2"
"1000000US500219624002087","Block 2087, Block Group 2, Census Tract 9624, Rutland County, Vermont","14","13","1"
"1000000US500219624002088","Block 2088, Block Group 2, Census Tract 9624, Rutland County, Vermont","31","30","1"
"1000000US500219624002089","Block 2089, Block Group 2, Census Tract 9624, Rutland County, Vermont","17","17","0"
"1000000US500219624002090","Block 2090, Block Group 2, Census Tract 9624, Rutland County, Vermont","0","0","0"
"1000000US500219624002091","Block 2091, Block Group 2, Census Tract 9624, Rutland County, Vermont","4","4","0"
"1000000US500219624002092","Block 2092, Block Group 2, Census Tract 9624, Rutland County, Vermont","0","0","0"
"1000000US500219624002093","Block 2093, Block Group 2, Census Tract 9624, Rutland County, Vermont","1","1","0"
"1000000US500219625001000","Block 1000, Block Group 1, Census Tract 9625, Rutland County, Vermont","26","24","2"
"1000000US500219625001001","Block 1001, Block Group 1, Census Tract 9625, Rutland County, Vermont","1","0","1"
"1000000US500219625001002","Block 1002, Block Group 1, Census Tract 9625, Rutland County, Vermont","1","0","1"
"1000000US500219625001003","Block 1003, Block Group 1, Census Tract 9625, Rutland County, Vermont","41","41","0"
"1000000US500219625001004","Block 1004, Block Group 1, Census Tract 9625, Rutland County, Vermont","2","2","0"
"1000000US500219625001005","Block 1005, Block Group 1, Census Tract 9625, Rutland County, Vermont","50","47","3"
"1000000US500219625001006","Block 1006, Block Group 1, Census Tract 9625, Rutland County, Vermont","23","23","0"
"1000000US500219625001007","Block 1007, Block Group 1, Census Tract 9625, Rutland County, Vermont","8","6","2"
"1000000US500219625001008","Block 1008, Block Group 1, Census Tract 9625, Rutland County, Vermont","0","0","0"
"1000000US500219625001009","Block 1009, Block Group 1, Census Tract 9625, Rutland County, Vermont","1","1","0"
"1000000US500219625001010","Block 1010, Block Group 1, Census Tract 9625, Rutland County, Vermont","0","0","0"
"1000000US500219625001011","Block 1011, Block Group 1, Census Tract 9625, Rutland County, Vermont","0","0","0"
"1000000US500219625001012","Block 1012, Block Group 1, Census Tract 9625, Rutland County, Vermont","36","34","2"
"1000000US500219625001013","Block 1013, Block Group 1, Census Tract 9625, Rutland County, Vermont","19","18","1"
"1000000US500219625001014","Block 1014, Block Group 1, Census Tract 9625, Rutland County, Vermont","6","5","1"
"1000000US500219625001015","Block 1015, Block Group 1, Census Tract 9625, Rutland County, Vermont","5","5","0"
"1000000US500219625001016","Block 1016, Block Group 1, Census Tract 9625, Rutland County, Vermont","0","0","0"
"1000000US500219625001017","Block 1017, Block Group 1, Census Tract 9625, Rutland County, Vermont","30","29","1"
"1000000US500219625001018","Block 1018, Block Group 1, Census Tract 9625, Rutland County, Vermont","20","17","3"
"1000000US500219625001019","Block 1019, Block Group 1, Census Tract 9625, Rutland County, Vermont","12","11","1"
"1000000US500219625001020","Block 1020, Block Group 1, Census Tract 9625, Rutland County, Vermont","7","7","0"
"1000000US500219625001021","Block 1021, Block Group 1, Census Tract 9625, Rutland County, Vermont","18","18","0"
"1000000US500219625001022","Block 1022, Block Group 1, Census Tract 9625, Rutland County, Vermont","50","48","2"
"1000000US500219625001023","Block 1023, Block Group 1, Census Tract 9625, Rutland County, Vermont","0","0","0"
"1000000US500219625001024","Block 1024, Block Group 1, Census Tract 9625, Rutland County, Vermont","0","0","0"
"1000000US500219625002000","Block 2000, Block Group 2, Census Tract 9625, Rutland County, Vermont","106","102","4"
"1000000US500219625002001","Block 2001, Block Group 2, Census Tract 9625, Rutland County, Vermont","5","5","0"
"1000000US500219625002002","Block 2002, Block Group 2, Census Tract 9625, Rutland County, Vermont","5","5","0"
"1000000US500219625002003","Block 2003, Block Group 2, Census Tract 9625, Rutland County, Vermont","10","9","1"
"1000000US500219625002004","Block 2004, Block Group 2, Census Tract 9625, Rutland County, Vermont","26","25","1"
"1000000US500219625002005","Block 2005, Block Group 2, Census Tract 9625, Rutland County, Vermont","6","5","1"
"1000000US500219625002006","Block 2006, Block Group 2, Census Tract 9625, Rutland County, Vermont","6","6","0"
"1000000US500219625002007","Block 2007, Block Group 2, Census Tract 9625, Rutland County, Vermont","20","16","4"
"1000000US500219625002008","Block 2008, Block Group 2, Census Tract 9625, Rutland County, Vermont","7","7","0"
"1000000US500219625002009","Block 2009, Block Group 2, Census Tract 9625, Rutland County, Vermont","20","17","3"
"1000000US500219625002010","Block 2010, Block Group 2, Census Tract 9625, Rutland County, Vermont","1","1","0"
"1000000US500219625002011","Block 2011, Block Group 2, Census Tract 9625, Rutland County, Vermont","6","6","0"
"1000000US500219625002012","Block 2012, Block Group 2, Census Tract 9625, Rutland County, Vermont","0","0","0"
"1000000US500219625002013","Block 2013, Block Group 2, Census Tract 9625, Rutland County, Vermont","27","23","4"
"1000000US500219625002014","Block 2014, Block Group 2, Census Tract 9625, Rutland County, Vermont","0","0","0"
"1000000US500219625002015","Block 2015, Block Group 2, Census Tract 9625, Rutland County, Vermont","0","0","0"
"1000000US500219625002016","Block 2016, Block Group 2, Census Tract 9625, Rutland County, Vermont","7","5","2"
"1000000US500219625002017","Block 2017, Block Group 2, Census Tract 9625, Rutland County, Vermont","5","5","0"
"1000000US500219625002018","Block 2018, Block Group 2, Census Tract 9625, Rutland County, Vermont","0","0","0"
"1000000US500219625002019","Block 2019, Block Group 2, Census Tract 9625, Rutland County, Vermont","0","0","0"
"1000000US500219625002020","Block 2020, Block Group 2, Census Tract 9625, Rutland County, Vermont","0","0","0"
"1000000US500219625002021","Block 2021, Block Group 2, Census Tract 9625, Rutland County, Vermont","0","0","0"
"1000000US500219625002022","Block 2022, Block Group 2, Census Tract 9625, Rutland County, Vermont","79","75","4"
"1000000US500219625002023","Block 2023, Block Group 2, Census Tract 9625, Rutland County, Vermont","7","6","1"
"1000000US500219625002024","Block 2024, Block Group 2, Census Tract 9625, Rutland County, Vermont","11","11","0"
"1000000US500219625002025","Block 2025, Block Group 2, Census Tract 9625, Rutland County, Vermont","0","0","0"
"1000000US500219625002026","Block 2026, Block Group 2, Census Tract 9625, Rutland County, Vermont","9","8","1"
"1000000US500219625002027","Block 2027, Block Group 2, Census Tract 9625, Rutland County, Vermont","22","20","2"
"1000000US500219625002028","Block 2028, Block Group 2, Census Tract 9625, Rutland County, Vermont","22","9","13"
"1000000US500219625002029","Block 2029, Block Group 2, Census Tract 9625, Rutland County, Vermont","1","1","0"
"1000000US500219625002030","Block 2030, Block Group 2, Census Tract 9625, Rutland County, Vermont","0","0","0"
"1000000US500219625002031","Block 2031, Block Group 2, Census Tract 9625, Rutland County, Vermont","0","0","0"
"1000000US500219625002032","Block 2032, Block Group 2, Census Tract 9625, Rutland County, Vermont","8","8","0"
"1000000US500219625002033","Block 2033, Block Group 2, Census Tract 9625, Rutland County, Vermont","8","6","2"
"1000000US500219625002034","Block 2034, Block Group 2, Census Tract 9625, Rutland County, Vermont","0","0","0"
"1000000US500219626001000","Block 1000, Block Group 1, Census Tract 9626, Rutland County, Vermont","3","3","0"
"1000000US500219626001001","Block 1001, Block Group 1, Census Tract 9626, Rutland County, Vermont","1","1","0"
"1000000US500219626001002","Block 1002, Block Group 1, Census Tract 9626, Rutland County, Vermont","2","2","0"
"1000000US500219626001003","Block 1003, Block Group 1, Census Tract 9626, Rutland County, Vermont","4","4","0"
"1000000US500219626001004","Block 1004, Block Group 1, Census Tract 9626, Rutland County, Vermont","20","14","6"
"1000000US500219626001005","Block 1005, Block Group 1, Census Tract 9626, Rutland County, Vermont","8","8","0"
"1000000US500219626001006","Block 1006, Block Group 1, Census Tract 9626, Rutland County, Vermont","5","5","0"
"1000000US500219626001007","Block 1007, Block Group 1, Census Tract 9626, Rutland County, Vermont","0","0","0"
"1000000US500219626001008","Block 1008, Block Group 1, Census Tract 9626, Rutland County, Vermont","19","17","2"
"1000000US500219626001009","Block 1009, Block Group 1, Census Tract 9626, Rutland County, Vermont","4","4","0"
"1000000US500219626001010","Block 1010, Block Group 1, Census Tract 9626, Rutland County, Vermont","1","1","0"
"1000000US500219626001011","Block 1011, Block Group 1, Census Tract 9626, Rutland County, Vermont","0","0","0"
"1000000US500219626001012","Block 1012, Block Group 1, Census Tract 9626, Rutland County, Vermont","3","3","0"
"1000000US500219626001013","Block 1013, Block Group 1, Census Tract 9626, Rutland County, Vermont","56","51","5"
"1000000US500219626001014","Block 1014, Block Group 1, Census Tract 9626, Rutland County, Vermont","0","0","0"
"1000000US500219626001015","Block 1015, Block Group 1, Census Tract 9626, Rutland County, Vermont","0","0","0"
"1000000US500219626001016","Block 1016, Block Group 1, Census Tract 9626, Rutland County, Vermont","1","1","0"
"1000000US500219626001017","Block 1017, Block Group 1, Census Tract 9626, Rutland County, Vermont","0","0","0"
"1000000US500219626001018","Block 1018, Block Group 1, Census Tract 9626, Rutland County, Vermont","2","1","1"
"1000000US500219626001019","Block 1019, Block Group 1, Census Tract 9626, Rutland County, Vermont","3","3","0"
"1000000US500219626001020","Block 1020, Block Group 1, Census Tract 9626, Rutland County, Vermont","0","0","0"
"1000000US500219626001021","Block 1021, Block Group 1, Census Tract 9626, Rutland County, Vermont","0","0","0"
"1000000US500219626001022","Block 1022, Block Group 1, Census Tract 9626, Rutland County, Vermont","0","0","0"
"1000000US500219626001023","Block 1023, Block Group 1, Census Tract 9626, Rutland County, Vermont","6","6","0"
"1000000US500219626001024","Block 1024, Block Group 1, Census Tract 9626, Rutland County, Vermont","2","2","0"
"1000000US500219626001025","Block 1025, Block Group 1, Census Tract 9626, Rutland County, Vermont","0","0","0"
"1000000US500219626001026","Block 1026, Block Group 1, Census Tract 9626, Rutland County, Vermont","0","0","0"
"1000000US500219626001027","Block 1027, Block Group 1, Census Tract 9626, Rutland County, Vermont","0","0","0"
"1000000US500219626001028","Block 1028, Block Group 1, Census Tract 9626, Rutland County, Vermont","0","0","0"
"1000000US500219626001029","Block 1029, Block Group 1, Census Tract 9626, Rutland County, Vermont","5","5","0"
"1000000US500219626001030","Block 1030, Block Group 1, Census Tract 9626, Rutland County, Vermont","30","24","6"
"1000000US500219626001031","Block 1031, Block Group 1, Census Tract 9626, Rutland County, Vermont","0","0","0"
"1000000US500219626001032","Block 1032, Block Group 1, Census Tract 9626, Rutland County, Vermont","0","0","0"
"1000000US500219626001033","Block 1033, Block Group 1, Census Tract 9626, Rutland County, Vermont","0","0","0"
"1000000US500219626001034","Block 1034, Block Group 1, Census Tract 9626, Rutland County, Vermont","0","0","0"
"1000000US500219626001035","Block 1035, Block Group 1, Census Tract 9626, Rutland County, Vermont","24","22","2"
"1000000US500219626001036","Block 1036, Block Group 1, Census Tract 9626, Rutland County, Vermont","159","153","6"
"1000000US500219626001037","Block 1037, Block Group 1, Census Tract 9626, Rutland County, Vermont","10","8","2"
"1000000US500219626001038","Block 1038, Block Group 1, Census Tract 9626, Rutland County, Vermont","1","1","0"
"1000000US500219626001039","Block 1039, Block Group 1, Census Tract 9626, Rutland County, Vermont","17","17","0"
"1000000US500219626001040","Block 1040, Block Group 1, Census Tract 9626, Rutland County, Vermont","10","9","1"
"1000000US500219626001041","Block 1041, Block Group 1, Census Tract 9626, Rutland County, Vermont","17","16","1"
"1000000US500219626001042","Block 1042, Block Group 1, Census Tract 9626, Rutland County, Vermont","0","0","0"
"1000000US500219626001043","Block 1043, Block Group 1, Census Tract 9626, Rutland County, Vermont","40","37","3"
"1000000US500219626001044","Block 1044, Block Group 1, Census Tract 9626, Rutland County, Vermont","18","18","0"
"1000000US500219626001045","Block 1045, Block Group 1, Census Tract 9626, Rutland County, Vermont","64","57","7"
"1000000US500219626001046","Block 1046, Block Group 1, Census Tract 9626, Rutland County, Vermont","28","25","3"
"1000000US500219626001047","Block 1047, Block Group 1, Census Tract 9626, Rutland County, Vermont","8","8","0"
"1000000US500219626001048","Block 1048, Block Group 1, Census Tract 9626, Rutland County, Vermont","0","0","0"
"1000000US500219626001049","Block 1049, Block Group 1, Census Tract 9626, Rutland County, Vermont","13","13","0"
"1000000US500219626001050","Block 1050, Block Group 1, Census Tract 9626, Rutland County, Vermont","14","14","0"
"1000000US500219626001051","Block 1051, Block Group 1, Census Tract 9626, Rutland County, Vermont","0","0","0"
"1000000US500219626001052","Block 1052, Block Group 1, Census Tract 9626, Rutland County, Vermont","3","2","1"
"1000000US500219626002000","Block 2000, Block Group 2, Census Tract 9626, Rutland County, Vermont","2","2","0"
"1000000US500219626002001","Block 2001, Block Group 2, Census Tract 9626, Rutland County, Vermont","0","0","0"
"1000000US500219626002002","Block 2002, Block Group 2, Census Tract 9626, Rutland County, Vermont","0","0","0"
"1000000US500219626002003","Block 2003, Block Group 2, Census Tract 9626, Rutland County, Vermont","0","0","0"
"1000000US500219626002004","Block 2004, Block Group 2, Census Tract 9626, Rutland County, Vermont","0","0","0"
"1000000US500219626002005","Block 2005, Block Group 2, Census Tract 9626, Rutland County, Vermont","0","0","0"
"1000000US500219626002006","Block 2006, Block Group 2, Census Tract 9626, Rutland County, Vermont","0","0","0"
"1000000US500219626002007","Block 2007, Block Group 2, Census Tract 9626, Rutland County, Vermont","0","0","0"
"1000000US500219626002008","Block 2008, Block Group 2, Census Tract 9626, Rutland County, Vermont","26","22","4"
"1000000US500219626002009","Block 2009, Block Group 2, Census Tract 9626, Rutland County, Vermont","0","0","0"
"1000000US500219626002010","Block 2010, Block Group 2, Census Tract 9626, Rutland County, Vermont","48","29","19"
"1000000US500219626002011","Block 2011, Block Group 2, Census Tract 9626, Rutland County, Vermont","19","18","1"
"1000000US500219626002012","Block 2012, Block Group 2, Census Tract 9626, Rutland County, Vermont","40","35","5"
"1000000US500219626002013","Block 2013, Block Group 2, Census Tract 9626, Rutland County, Vermont","7","6","1"
"1000000US500219626002014","Block 2014, Block Group 2, Census Tract 9626, Rutland County, Vermont","0","0","0"
"1000000US500219626002015","Block 2015, Block Group 2, Census Tract 9626, Rutland County, Vermont","10","10","0"
"1000000US500219626002016","Block 2016, Block Group 2, Census Tract 9626, Rutland County, Vermont","0","0","0"
"1000000US500219626002017","Block 2017, Block Group 2, Census Tract 9626, Rutland County, Vermont","0","0","0"
"1000000US500219626002018","Block 2018, Block Group 2, Census Tract 9626, Rutland County, Vermont","4","4","0"
"1000000US500219626002019","Block 2019, Block Group 2, Census Tract 9626, Rutland County, Vermont","14","13","1"
"1000000US500219626002020","Block 2020, Block Group 2, Census Tract 9626, Rutland County, Vermont","26","21","5"
"1000000US500219626002021","Block 2021, Block Group 2, Census Tract 9626, Rutland County, Vermont","0","0","0"
"1000000US500219626002022","Block 2022, Block Group 2, Census Tract 9626, Rutland County, Vermont","55","53","2"
"1000000US500219626002023","Block 2023, Block Group 2, Census Tract 9626, Rutland County, Vermont","0","0","0"
"1000000US500219626002024","Block 2024, Block Group 2, Census Tract 9626, Rutland County, Vermont","0","0","0"
"1000000US500219626002025","Block 2025, Block Group 2, Census Tract 9626, Rutland County, Vermont","0","0","0"
"1000000US500219626002026","Block 2026, Block Group 2, Census Tract 9626, Rutland County, Vermont","0","0","0"
"1000000US500219626002027","Block 2027, Block Group 2, Census Tract 9626, Rutland County, Vermont","0","0","0"
"1000000US500219626002028","Block 2028, Block Group 2, Census Tract 9626, Rutland County, Vermont","0","0","0"
"1000000US500219626002029","Block 2029, Block Group 2, Census Tract 9626, Rutland County, Vermont","0","0","0"
"1000000US500219626002030","Block 2030, Block Group 2, Census Tract 9626, Rutland County, Vermont","0","0","0"
"1000000US500219626002031","Block 2031, Block Group 2, Census Tract 9626, Rutland County, Vermont","0","0","0"
"1000000US500219626002032","Block 2032, Block Group 2, Census Tract 9626, Rutland County, Vermont","0","0","0"
"1000000US500219626002033","Block 2033, Block Group 2, Census Tract 9626, Rutland County, Vermont","0","0","0"
"1000000US500219626002034","Block 2034, Block Group 2, Census Tract 9626, Rutland County, Vermont","0","0","0"
"1000000US500219626002035","Block 2035, Block Group 2, Census Tract 9626, Rutland County, Vermont","0","0","0"
"1000000US500219626002036","Block 2036, Block Group 2, Census Tract 9626, Rutland County, Vermont","0","0","0"
"1000000US500219626002037","Block 2037, Block Group 2, Census Tract 9626, Rutland County, Vermont","1","1","0"
"1000000US500219626002038","Block 2038, Block Group 2, Census Tract 9626, Rutland County, Vermont","0","0","0"
"1000000US500219626002039","Block 2039, Block Group 2, Census Tract 9626, Rutland County, Vermont","0","0","0"
"1000000US500219626002040","Block 2040, Block Group 2, Census Tract 9626, Rutland County, Vermont","28","28","0"
"1000000US500219626002041","Block 2041, Block Group 2, Census Tract 9626, Rutland County, Vermont","0","0","0"
"1000000US500219626002042","Block 2042, Block Group 2, Census Tract 9626, Rutland County, Vermont","0","0","0"
"1000000US500219626002043","Block 2043, Block Group 2, Census Tract 9626, Rutland County, Vermont","0","0","0"
"1000000US500219626002044","Block 2044, Block Group 2, Census Tract 9626, Rutland County, Vermont","0","0","0"
"1000000US500219626002045","Block 2045, Block Group 2, Census Tract 9626, Rutland County, Vermont","0","0","0"
"1000000US500219626002046","Block 2046, Block Group 2, Census Tract 9626, Rutland County, Vermont","3","3","0"
"1000000US500219626002047","Block 2047, Block Group 2, Census Tract 9626, Rutland County, Vermont","21","19","2"
"1000000US500219626002048","Block 2048, Block Group 2, Census Tract 9626, Rutland County, Vermont","0","0","0"
"1000000US500219626002049","Block 2049, Block Group 2, Census Tract 9626, Rutland County, Vermont","0","0","0"
"1000000US500219626002050","Block 2050, Block Group 2, Census Tract 9626, Rutland County, Vermont","0","0","0"
"1000000US500219626002051","Block 2051, Block Group 2, Census Tract 9626, Rutland County, Vermont","1","1","0"
"1000000US500219626002052","Block 2052, Block Group 2, Census Tract 9626, Rutland County, Vermont","13","11","2"
"1000000US500219626002053","Block 2053, Block Group 2, Census Tract 9626, Rutland County, Vermont","93","90","3"
"1000000US500219626002054","Block 2054, Block Group 2, Census Tract 9626, Rutland County, Vermont","0","0","0"
"1000000US500219626002055","Block 2055, Block Group 2, Census Tract 9626, Rutland County, Vermont","14","13","1"
"1000000US500219626002056","Block 2056, Block Group 2, Census Tract 9626, Rutland County, Vermont","6","6","0"
"1000000US500219626002057","Block 2057, Block Group 2, Census Tract 9626, Rutland County, Vermont","6","6","0"
"1000000US500219626002058","Block 2058, Block Group 2, Census Tract 9626, Rutland County, Vermont","18","15","3"
"1000000US500219626002059","Block 2059, Block Group 2, Census Tract 9626, Rutland County, Vermont","2","2","0"
"1000000US500219626002060","Block 2060, Block Group 2, Census Tract 9626, Rutland County, Vermont","18","17","1"
"1000000US500219627001000","Block 1000, Block Group 1, Census Tract 9627, Rutland County, Vermont","9","9","0"
"1000000US500219627001001","Block 1001, Block Group 1, Census Tract 9627, Rutland County, Vermont","34","28","6"
"1000000US500219627001002","Block 1002, Block Group 1, Census Tract 9627, Rutland County, Vermont","0","0","0"
"1000000US500219627001003","Block 1003, Block Group 1, Census Tract 9627, Rutland County, Vermont","86","76","10"
"1000000US500219627001004","Block 1004, Block Group 1, Census Tract 9627, Rutland County, Vermont","7","7","0"
"1000000US500219627001005","Block 1005, Block Group 1, Census Tract 9627, Rutland County, Vermont","0","0","0"
"1000000US500219627001006","Block 1006, Block Group 1, Census Tract 9627, Rutland County, Vermont","27","27","0"
"1000000US500219627001007","Block 1007, Block Group 1, Census Tract 9627, Rutland County, Vermont","17","17","0"
"1000000US500219627001008","Block 1008, Block Group 1, Census Tract 9627, Rutland County, Vermont","0","0","0"
"1000000US500219627001009","Block 1009, Block Group 1, Census Tract 9627, Rutland County, Vermont","37","36","1"
"1000000US500219627001010","Block 1010, Block Group 1, Census Tract 9627, Rutland County, Vermont","23","22","1"
"1000000US500219627001011","Block 1011, Block Group 1, Census Tract 9627, Rutland County, Vermont","0","0","0"
"1000000US500219627001012","Block 1012, Block Group 1, Census Tract 9627, Rutland County, Vermont","35","32","3"
"1000000US500219627001013","Block 1013, Block Group 1, Census Tract 9627, Rutland County, Vermont","4","4","0"
"1000000US500219627001014","Block 1014, Block Group 1, Census Tract 9627, Rutland County, Vermont","57","54","3"
"1000000US500219627001015","Block 1015, Block Group 1, Census Tract 9627, Rutland County, Vermont","12","10","2"
"1000000US500219627001016","Block 1016, Block Group 1, Census Tract 9627, Rutland County, Vermont","14","14","0"
"1000000US500219627001017","Block 1017, Block Group 1, Census Tract 9627, Rutland County, Vermont","0","0","0"
"1000000US500219627001018","Block 1018, Block Group 1, Census Tract 9627, Rutland County, Vermont","9","9","0"
"1000000US500219627001019","Block 1019, Block Group 1, Census Tract 9627, Rutland County, Vermont","10","9","1"
"1000000US500219627001020","Block 1020, Block Group 1, Census Tract 9627, Rutland County, Vermont","0","0","0"
"1000000US500219627001021","Block 1021, Block Group 1, Census Tract 9627, Rutland County, Vermont","18","18","0"
"1000000US500219627001022","Block 1022, Block Group 1, Census Tract 9627, Rutland County, Vermont","114","103","11"
"1000000US500219627001023","Block 1023, Block Group 1, Census Tract 9627, Rutland County, Vermont","0","0","0"
"1000000US500219627001024","Block 1024, Block Group 1, Census Tract 9627, Rutland County, Vermont","3","2","1"
"1000000US500219627001025","Block 1025, Block Group 1, Census Tract 9627, Rutland County, Vermont","0","0","0"
"1000000US500219627001026","Block 1026, Block Group 1, Census Tract 9627, Rutland County, Vermont","29","24","5"
"1000000US500219627001027","Block 1027, Block Group 1, Census Tract 9627, Rutland County, Vermont","5","5","0"
"1000000US500219627001028","Block 1028, Block Group 1, Census Tract 9627, Rutland County, Vermont","14","14","0"
"1000000US500219627001029","Block 1029, Block Group 1, Census Tract 9627, Rutland County, Vermont","0","0","0"
"1000000US500219627001030","Block 1030, Block Group 1, Census Tract 9627, Rutland County, Vermont","0","0","0"
"1000000US500219627001031","Block 1031, Block Group 1, Census Tract 9627, Rutland County, Vermont","0","0","0"
"1000000US500219627001032","Block 1032, Block Group 1, Census Tract 9627, Rutland County, Vermont","2","2","0"
"1000000US500219627001033","Block 1033, Block Group 1, Census Tract 9627, Rutland County, Vermont","18","18","0"
"1000000US500219627001034","Block 1034, Block Group 1, Census Tract 9627, Rutland County, Vermont","8","8","0"
"1000000US500219627001035","Block 1035, Block Group 1, Census Tract 9627, Rutland County, Vermont","16","16","0"
"1000000US500219627001036","Block 1036, Block Group 1, Census Tract 9627, Rutland County, Vermont","8","8","0"
"1000000US500219627001037","Block 1037, Block Group 1, Census Tract 9627, Rutland County, Vermont","7","7","0"
"1000000US500219627001038","Block 1038, Block Group 1, Census Tract 9627, Rutland County, Vermont","1","1","0"
"1000000US500219627001039","Block 1039, Block Group 1, Census Tract 9627, Rutland County, Vermont","20","20","0"
"1000000US500219627001040","Block 1040, Block Group 1, Census Tract 9627, Rutland County, Vermont","0","0","0"
"1000000US500219627001041","Block 1041, Block Group 1, Census Tract 9627, Rutland County, Vermont","5","5","0"
"1000000US500219627001042","Block 1042, Block Group 1, Census Tract 9627, Rutland County, Vermont","1","0","1"
"1000000US500219627002000","Block 2000, Block Group 2, Census Tract 9627, Rutland County, Vermont","15","13","2"
"1000000US500219627002001","Block 2001, Block Group 2, Census Tract 9627, Rutland County, Vermont","4","3","1"
"1000000US500219627002002","Block 2002, Block Group 2, Census Tract 9627, Rutland County, Vermont","26","24","2"
"1000000US500219627002003","Block 2003, Block Group 2, Census Tract 9627, Rutland County, Vermont","0","0","0"
"1000000US500219627002004","Block 2004, Block Group 2, Census Tract 9627, Rutland County, Vermont","7","7","0"
"1000000US500219627002005","Block 2005, Block Group 2, Census Tract 9627, Rutland County, Vermont","6","6","0"
"1000000US500219627002006","Block 2006, Block Group 2, Census Tract 9627, Rutland County, Vermont","114","107","7"
"1000000US500219627002007","Block 2007, Block Group 2, Census Tract 9627, Rutland County, Vermont","2","2","0"
"1000000US500219627002008","Block 2008, Block Group 2, Census Tract 9627, Rutland County, Vermont","9","9","0"
"1000000US500219627002009","Block 2009, Block Group 2, Census Tract 9627, Rutland County, Vermont","0","0","0"
"1000000US500219627002010","Block 2010, Block Group 2, Census Tract 9627, Rutland County, Vermont","0","0","0"
"1000000US500219627002011","Block 2011, Block Group 2, Census Tract 9627, Rutland County, Vermont","7","7","0"
"1000000US500219627002012","Block 2012, Block Group 2, Census Tract 9627, Rutland County, Vermont","22","21","1"
"1000000US500219627002013","Block 2013, Block Group 2, Census Tract 9627, Rutland County, Vermont","26","26","0"
"1000000US500219627002014","Block 2014, Block Group 2, Census Tract 9627, Rutland County, Vermont","1","1","0"
"1000000US500219627002015","Block 2015, Block Group 2, Census Tract 9627, Rutland County, Vermont","0","0","0"
"1000000US500219627002016","Block 2016, Block Group 2, Census Tract 9627, Rutland County, Vermont","4","4","0"
"1000000US500219627002017","Block 2017, Block Group 2, Census Tract 9627, Rutland County, Vermont","0","0","0"
"1000000US500219627002018","Block 2018, Block Group 2, Census Tract 9627, Rutland County, Vermont","0","0","0"
"1000000US500219627002019","Block 2019, Block Group 2, Census Tract 9627, Rutland County, Vermont","0","0","0"
"1000000US500219627002020","Block 2020, Block Group 2, Census Tract 9627, Rutland County, Vermont","0","0","0"
"1000000US500219627002021","Block 2021, Block Group 2, Census Tract 9627, Rutland County, Vermont","0","0","0"
"1000000US500219627002022","Block 2022, Block Group 2, Census Tract 9627, Rutland County, Vermont","9","8","1"
"1000000US500219627002023","Block 2023, Block Group 2, Census Tract 9627, Rutland County, Vermont","0","0","0"
"1000000US500219627002024","Block 2024, Block Group 2, Census Tract 9627, Rutland County, Vermont","12","12","0"
"1000000US500219627002025","Block 2025, Block Group 2, Census Tract 9627, Rutland County, Vermont","0","0","0"
"1000000US500219627002026","Block 2026, Block Group 2, Census Tract 9627, Rutland County, Vermont","2","2","0"
"1000000US500219627002027","Block 2027, Block Group 2, Census Tract 9627, Rutland County, Vermont","0","0","0"
"1000000US500219627002028","Block 2028, Block Group 2, Census Tract 9627, Rutland County, Vermont","3","3","0"
"1000000US500219627002029","Block 2029, Block Group 2, Census Tract 9627, Rutland County, Vermont","0","0","0"
"1000000US500219627002030","Block 2030, Block Group 2, Census Tract 9627, Rutland County, Vermont","0","0","0"
"1000000US500219627002031","Block 2031, Block Group 2, Census Tract 9627, Rutland County, Vermont","2","2","0"
"1000000US500219627002032","Block 2032, Block Group 2, Census Tract 9627, Rutland County, Vermont","0","0","0"
"1000000US500219627002033","Block 2033, Block Group 2, Census Tract 9627, Rutland County, Vermont","0","0","0"
"1000000US500219627002034","Block 2034, Block Group 2, Census Tract 9627, Rutland County, Vermont","1","1","0"
"1000000US500219627002035","Block 2035, Block Group 2, Census Tract 9627, Rutland County, Vermont","0","0","0"
"1000000US500219627002036","Block 2036, Block Group 2, Census Tract 9627, Rutland County, Vermont","0","0","0"
"1000000US500219627002037","Block 2037, Block Group 2, Census Tract 9627, Rutland County, Vermont","0","0","0"
"1000000US500219627002038","Block 2038, Block Group 2, Census Tract 9627, Rutland County, Vermont","9","9","0"
"1000000US500219627002039","Block 2039, Block Group 2, Census Tract 9627, Rutland County, Vermont","31","26","5"
"1000000US500219627002040","Block 2040, Block Group 2, Census Tract 9627, Rutland County, Vermont","1","0","1"
"1000000US500219627002041","Block 2041, Block Group 2, Census Tract 9627, Rutland County, Vermont","1","1","0"
"1000000US500219627002042","Block 2042, Block Group 2, Census Tract 9627, Rutland County, Vermont","0","0","0"
"1000000US500219627002043","Block 2043, Block Group 2, Census Tract 9627, Rutland County, Vermont","0","0","0"
"1000000US500219627002044","Block 2044, Block Group 2, Census Tract 9627, Rutland County, Vermont","2","2","0"
"1000000US500219627002045","Block 2045, Block Group 2, Census Tract 9627, Rutland County, Vermont","0","0","0"
"1000000US500219627002046","Block 2046, Block Group 2, Census Tract 9627, Rutland County, Vermont","0","0","0"
"1000000US500219627002047","Block 2047, Block Group 2, Census Tract 9627, Rutland County, Vermont","6","6","0"
"1000000US500219627002048","Block 2048, Block Group 2, Census Tract 9627, Rutland County, Vermont","0","0","0"
"1000000US500219627002049","Block 2049, Block Group 2, Census Tract 9627, Rutland County, Vermont","0","0","0"
"1000000US500219627002050","Block 2050, Block Group 2, Census Tract 9627, Rutland County, Vermont","0","0","0"
"1000000US500219627002051","Block 2051, Block Group 2, Census Tract 9627, Rutland County, Vermont","0","0","0"
"1000000US500219627002052","Block 2052, Block Group 2, Census Tract 9627, Rutland County, Vermont","10","9","1"
"1000000US500219627002053","Block 2053, Block Group 2, Census Tract 9627, Rutland County, Vermont","0","0","0"
"1000000US500219627002054","Block 2054, Block Group 2, Census Tract 9627, Rutland County, Vermont","0","0","0"
"1000000US500219627002055","Block 2055, Block Group 2, Census Tract 9627, Rutland County, Vermont","0","0","0"
"1000000US500219627002056","Block 2056, Block Group 2, Census Tract 9627, Rutland County, Vermont","0","0","0"
"1000000US500219627002057","Block 2057, Block Group 2, Census Tract 9627, Rutland County, Vermont","5","5","0"
"1000000US500219627002058","Block 2058, Block Group 2, Census Tract 9627, Rutland County, Vermont","17","14","3"
"1000000US500219627002059","Block 2059, Block Group 2, Census Tract 9627, Rutland County, Vermont","0","0","0"
"1000000US500219627002060","Block 2060, Block Group 2, Census Tract 9627, Rutland County, Vermont","0","0","0"
"1000000US500219627002061","Block 2061, Block Group 2, Census Tract 9627, Rutland County, Vermont","36","34","2"
"1000000US500219627002062","Block 2062, Block Group 2, Census Tract 9627, Rutland County, Vermont","9","9","0"
"1000000US500219627002063","Block 2063, Block Group 2, Census Tract 9627, Rutland County, Vermont","8","8","0"
"1000000US500219627002064","Block 2064, Block Group 2, Census Tract 9627, Rutland County, Vermont","0","0","0"
"1000000US500219627002065","Block 2065, Block Group 2, Census Tract 9627, Rutland County, Vermont","5","5","0"
"1000000US500219627002066","Block 2066, Block Group 2, Census Tract 9627, Rutland County, Vermont","24","24","0"
"1000000US500219627002067","Block 2067, Block Group 2, Census Tract 9627, Rutland County, Vermont","0","0","0"
"1000000US500219627002068","Block 2068, Block Group 2, Census Tract 9627, Rutland County, Vermont","29","28","1"
"1000000US500219627002069","Block 2069, Block Group 2, Census Tract 9627, Rutland County, Vermont","0","0","0"
"1000000US500219627002070","Block 2070, Block Group 2, Census Tract 9627, Rutland County, Vermont","5","5","0"
"1000000US500219627002071","Block 2071, Block Group 2, Census Tract 9627, Rutland County, Vermont","0","0","0"
"1000000US500219627002072","Block 2072, Block Group 2, Census Tract 9627, Rutland County, Vermont","0","0","0"
"1000000US500219627002073","Block 2073, Block Group 2, Census Tract 9627, Rutland County, Vermont","0","0","0"
"1000000US500219627002074","Block 2074, Block Group 2, Census Tract 9627, Rutland County, Vermont","0","0","0"
"1000000US500219627002075","Block 2075, Block Group 2, Census Tract 9627, Rutland County, Vermont","0","0","0"
"1000000US500219627002076","Block 2076, Block Group 2, Census Tract 9627, Rutland County, Vermont","0","0","0"
"1000000US500219627002077","Block 2077, Block Group 2, Census Tract 9627, Rutland County, Vermont","0","0","0"
"1000000US500219627002078","Block 2078, Block Group 2, Census Tract 9627, Rutland County, Vermont","0","0","0"
"1000000US500219627002079","Block 2079, Block Group 2, Census Tract 9627, Rutland County, Vermont","0","0","0"
"1000000US500219627002080","Block 2080, Block Group 2, Census Tract 9627, Rutland County, Vermont","0","0","0"
"1000000US500219627002081","Block 2081, Block Group 2, Census Tract 9627, Rutland County, Vermont","0","0","0"
"1000000US500219627002082","Block 2082, Block Group 2, Census Tract 9627, Rutland County, Vermont","0","0","0"
"1000000US500219627002083","Block 2083, Block Group 2, Census Tract 9627, Rutland County, Vermont","0","0","0"
"1000000US500219627002084","Block 2084, Block Group 2, Census Tract 9627, Rutland County, Vermont","0","0","0"
"1000000US500219627002085","Block 2085, Block Group 2, Census Tract 9627, Rutland County, Vermont","0","0","0"
"1000000US500219627002086","Block 2086, Block Group 2, Census Tract 9627, Rutland County, Vermont","0","0","0"
"1000000US500219627002087","Block 2087, Block Group 2, Census Tract 9627, Rutland County, Vermont","4","4","0"
"1000000US500219627003000","Block 3000, Block Group 3, Census Tract 9627, Rutland County, Vermont","51","46","5"
"1000000US500219627003001","Block 3001, Block Group 3, Census Tract 9627, Rutland County, Vermont","1","1","0"
"1000000US500219627003002","Block 3002, Block Group 3, Census Tract 9627, Rutland County, Vermont","222","203","19"
"1000000US500219627003003","Block 3003, Block Group 3, Census Tract 9627, Rutland County, Vermont","4","4","0"
"1000000US500219627003004","Block 3004, Block Group 3, Census Tract 9627, Rutland County, Vermont","10","8","2"
"1000000US500219627003005","Block 3005, Block Group 3, Census Tract 9627, Rutland County, Vermont","2","2","0"
"1000000US500219627003006","Block 3006, Block Group 3, Census Tract 9627, Rutland County, Vermont","0","0","0"
"1000000US500219627003007","Block 3007, Block Group 3, Census Tract 9627, Rutland County, Vermont","5","5","0"
"1000000US500219627003008","Block 3008, Block Group 3, Census Tract 9627, Rutland County, Vermont","0","0","0"
"1000000US500219627003009","Block 3009, Block Group 3, Census Tract 9627, Rutland County, Vermont","7","7","0"
"1000000US500219627003010","Block 3010, Block Group 3, Census Tract 9627, Rutland County, Vermont","12","10","2"
"1000000US500219627003011","Block 3011, Block Group 3, Census Tract 9627, Rutland County, Vermont","76","74","2"
"1000000US500219627003012","Block 3012, Block Group 3, Census Tract 9627, Rutland County, Vermont","4","3","1"
"1000000US500219627003013","Block 3013, Block Group 3, Census Tract 9627, Rutland County, Vermont","18","17","1"
"1000000US500219627003014","Block 3014, Block Group 3, Census Tract 9627, Rutland County, Vermont","14","14","0"
"1000000US500219627003015","Block 3015, Block Group 3, Census Tract 9627, Rutland County, Vermont","11","11","0"
"1000000US500219627003016","Block 3016, Block Group 3, Census Tract 9627, Rutland County, Vermont","17","17","0"
"1000000US500219627003017","Block 3017, Block Group 3, Census Tract 9627, Rutland County, Vermont","4","4","0"
"1000000US500219627003018","Block 3018, Block Group 3, Census Tract 9627, Rutland County, Vermont","8","7","1"
"1000000US500219627003019","Block 3019, Block Group 3, Census Tract 9627, Rutland County, Vermont","2","2","0"
"1000000US500219627003020","Block 3020, Block Group 3, Census Tract 9627, Rutland County, Vermont","0","0","0"
"1000000US500219627003021","Block 3021, Block Group 3, Census Tract 9627, Rutland County, Vermont","2","2","0"
"1000000US500219627003022","Block 3022, Block Group 3, Census Tract 9627, Rutland County, Vermont","105","103","2"
"1000000US500219627003023","Block 3023, Block Group 3, Census Tract 9627, Rutland County, Vermont","18","18","0"
"1000000US500219627003024","Block 3024, Block Group 3, Census Tract 9627, Rutland County, Vermont","0","0","0"
"1000000US500219627003025","Block 3025, Block Group 3, Census Tract 9627, Rutland County, Vermont","14","14","0"
"1000000US500219627003026","Block 3026, Block Group 3, Census Tract 9627, Rutland County, Vermont","0","0","0"
"1000000US500219627003027","Block 3027, Block Group 3, Census Tract 9627, Rutland County, Vermont","0","0","0"
"1000000US500219627003028","Block 3028, Block Group 3, Census Tract 9627, Rutland County, Vermont","1","1","0"
"1000000US500219627003029","Block 3029, Block Group 3, Census Tract 9627, Rutland County, Vermont","2","1","1"
"1000000US500219627003030","Block 3030, Block Group 3, Census Tract 9627, Rutland County, Vermont","17","16","1"
"1000000US500219627003031","Block 3031, Block Group 3, Census Tract 9627, Rutland County, Vermont","66","65","1"
"1000000US500219627003032","Block 3032, Block Group 3, Census Tract 9627, Rutland County, Vermont","5","5","0"
"1000000US500219627003033","Block 3033, Block Group 3, Census Tract 9627, Rutland County, Vermont","0","0","0"
"1000000US500219627003034","Block 3034, Block Group 3, Census Tract 9627, Rutland County, Vermont","0","0","0"
"1000000US500219627003035","Block 3035, Block Group 3, Census Tract 9627, Rutland County, Vermont","0","0","0"
"1000000US500219627003036","Block 3036, Block Group 3, Census Tract 9627, Rutland County, Vermont","21","15","6"
"1000000US500219627003037","Block 3037, Block Group 3, Census Tract 9627, Rutland County, Vermont","2","2","0"
"1000000US500219627003038","Block 3038, Block Group 3, Census Tract 9627, Rutland County, Vermont","19","19","0"
"1000000US500219627003039","Block 3039, Block Group 3, Census Tract 9627, Rutland County, Vermont","0","0","0"
"1000000US500219627003040","Block 3040, Block Group 3, Census Tract 9627, Rutland County, Vermont","0","0","0"
"1000000US500219627003041","Block 3041, Block Group 3, Census Tract 9627, Rutland County, Vermont","0","0","0"
"1000000US500219627003042","Block 3042, Block Group 3, Census Tract 9627, Rutland County, Vermont","0","0","0"
"1000000US500219627003043","Block 3043, Block Group 3, Census Tract 9627, Rutland County, Vermont","0","0","0"
"1000000US500219627003044","Block 3044, Block Group 3, Census Tract 9627, Rutland County, Vermont","0","0","0"
"1000000US500219627003045","Block 3045, Block Group 3, Census Tract 9627, Rutland County, Vermont","0","0","0"
"1000000US500219627003046","Block 3046, Block Group 3, Census Tract 9627, Rutland County, Vermont","0","0","0"
"1000000US500219627003047","Block 3047, Block Group 3, Census Tract 9627, Rutland County, Vermont","0","0","0"
"1000000US500219627003048","Block 3048, Block Group 3, Census Tract 9627, Rutland County, Vermont","7","6","1"
"1000000US500219628001000","Block 1000, Block Group 1, Census Tract 9628, Rutland County, Vermont","58","30","28"
"1000000US500219628001001","Block 1001, Block Group 1, Census Tract 9628, Rutland County, Vermont","2","0","2"
"1000000US500219628001002","Block 1002, Block Group 1, Census Tract 9628, Rutland County, Vermont","0","0","0"
"1000000US500219628001003","Block 1003, Block Group 1, Census Tract 9628, Rutland County, Vermont","0","0","0"
"1000000US500219628001004","Block 1004, Block Group 1, Census Tract 9628, Rutland County, Vermont","2","2","0"
"1000000US500219628001005","Block 1005, Block Group 1, Census Tract 9628, Rutland County, Vermont","0","0","0"
"1000000US500219628001006","Block 1006, Block Group 1, Census Tract 9628, Rutland County, Vermont","0","0","0"
"1000000US500219628001007","Block 1007, Block Group 1, Census Tract 9628, Rutland County, Vermont","6","6","0"
"1000000US500219628001008","Block 1008, Block Group 1, Census Tract 9628, Rutland County, Vermont","0","0","0"
"1000000US500219628001009","Block 1009, Block Group 1, Census Tract 9628, Rutland County, Vermont","1","1","0"
"1000000US500219628001010","Block 1010, Block Group 1, Census Tract 9628, Rutland County, Vermont","0","0","0"
"1000000US500219628001011","Block 1011, Block Group 1, Census Tract 9628, Rutland County, Vermont","2","1","1"
"1000000US500219628001012","Block 1012, Block Group 1, Census Tract 9628, Rutland County, Vermont","2","1","1"
"1000000US500219628001013","Block 1013, Block Group 1, Census Tract 9628, Rutland County, Vermont","48","14","34"
"1000000US500219628001014","Block 1014, Block Group 1, Census Tract 9628, Rutland County, Vermont","0","0","0"
"1000000US500219628001015","Block 1015, Block Group 1, Census Tract 9628, Rutland County, Vermont","60","17","43"
"1000000US500219628001016","Block 1016, Block Group 1, Census Tract 9628, Rutland County, Vermont","2","1","1"
"1000000US500219628001017","Block 1017, Block Group 1, Census Tract 9628, Rutland County, Vermont","2","1","1"
"1000000US500219628001018","Block 1018, Block Group 1, Census Tract 9628, Rutland County, Vermont","0","0","0"
"1000000US500219628001019","Block 1019, Block Group 1, Census Tract 9628, Rutland County, Vermont","4","2","2"
"1000000US500219628001020","Block 1020, Block Group 1, Census Tract 9628, Rutland County, Vermont","55","28","27"
"1000000US500219628001021","Block 1021, Block Group 1, Census Tract 9628, Rutland County, Vermont","0","0","0"
"1000000US500219628001022","Block 1022, Block Group 1, Census Tract 9628, Rutland County, Vermont","2","2","0"
"1000000US500219628001023","Block 1023, Block Group 1, Census Tract 9628, Rutland County, Vermont","0","0","0"
"1000000US500219628001024","Block 1024, Block Group 1, Census Tract 9628, Rutland County, Vermont","0","0","0"
"1000000US500219628001025","Block 1025, Block Group 1, Census Tract 9628, Rutland County, Vermont","0","0","0"
"1000000US500219628001026","Block 1026, Block Group 1, Census Tract 9628, Rutland County, Vermont","0","0","0"
"1000000US500219628001027","Block 1027, Block Group 1, Census Tract 9628, Rutland County, Vermont","331","72","259"
"1000000US500219628001028","Block 1028, Block Group 1, Census Tract 9628, Rutland County, Vermont","0","0","0"
"1000000US500219628001029","Block 1029, Block Group 1, Census Tract 9628, Rutland County, Vermont","1","1","0"
"1000000US500219628001030","Block 1030, Block Group 1, Census Tract 9628, Rutland County, Vermont","1","1","0"
"1000000US500219628001031","Block 1031, Block Group 1, Census Tract 9628, Rutland County, Vermont","11","3","8"
"1000000US500219628001032","Block 1032, Block Group 1, Census Tract 9628, Rutland County, Vermont","18","3","15"
"1000000US500219628001033","Block 1033, Block Group 1, Census Tract 9628, Rutland County, Vermont","17","5","12"
"1000000US500219628001034","Block 1034, Block Group 1, Census Tract 9628, Rutland County, Vermont","5","0","5"
"1000000US500219628001035","Block 1035, Block Group 1, Census Tract 9628, Rutland County, Vermont","100","33","67"
"1000000US500219628001036","Block 1036, Block Group 1, Census Tract 9628, Rutland County, Vermont","734","47","687"
"1000000US500219628001037","Block 1037, Block Group 1, Census Tract 9628, Rutland County, Vermont","0","0","0"
"1000000US500219628001038","Block 1038, Block Group 1, Census Tract 9628, Rutland County, Vermont","0","0","0"
"1000000US500219628001039","Block 1039, Block Group 1, Census Tract 9628, Rutland County, Vermont","6","3","3"
"1000000US500219628001040","Block 1040, Block Group 1, Census Tract 9628, Rutland County, Vermont","0","0","0"
"1000000US500219628001041","Block 1041, Block Group 1, Census Tract 9628, Rutland County, Vermont","0","0","0"
"1000000US500219628001042","Block 1042, Block Group 1, Census Tract 9628, Rutland County, Vermont","0","0","0"
"1000000US500219628001043","Block 1043, Block Group 1, Census Tract 9628, Rutland County, Vermont","0","0","0"
"1000000US500219628001044","Block 1044, Block Group 1, Census Tract 9628, Rutland County, Vermont","0","0","0"
"1000000US500219628001045","Block 1045, Block Group 1, Census Tract 9628, Rutland County, Vermont","0","0","0"
"1000000US500219628001046","Block 1046, Block Group 1, Census Tract 9628, Rutland County, Vermont","364","8","356"
"1000000US500219628001047","Block 1047, Block Group 1, Census Tract 9628, Rutland County, Vermont","19","3","16"
"1000000US500219628001048","Block 1048, Block Group 1, Census Tract 9628, Rutland County, Vermont","0","0","0"
"1000000US500219628001049","Block 1049, Block Group 1, Census Tract 9628, Rutland County, Vermont","0","0","0"
"1000000US500219628001050","Block 1050, Block Group 1, Census Tract 9628, Rutland County, Vermont","0","0","0"
"1000000US500219628001051","Block 1051, Block Group 1, Census Tract 9628, Rutland County, Vermont","19","2","17"
"1000000US500219628001052","Block 1052, Block Group 1, Census Tract 9628, Rutland County, Vermont","0","0","0"
"1000000US500219628001053","Block 1053, Block Group 1, Census Tract 9628, Rutland County, Vermont","0","0","0"
"1000000US500219628001054","Block 1054, Block Group 1, Census Tract 9628, Rutland County, Vermont","0","0","0"
"1000000US500219628001055","Block 1055, Block Group 1, Census Tract 9628, Rutland County, Vermont","33","0","33"
"1000000US500219628001056","Block 1056, Block Group 1, Census Tract 9628, Rutland County, Vermont","3","0","3"
"1000000US500219628001057","Block 1057, Block Group 1, Census Tract 9628, Rutland County, Vermont","0","0","0"
"1000000US500219628001058","Block 1058, Block Group 1, Census Tract 9628, Rutland County, Vermont","68","24","44"
"1000000US500219628001059","Block 1059, Block Group 1, Census Tract 9628, Rutland County, Vermont","1","0","1"
"1000000US500219628001060","Block 1060, Block Group 1, Census Tract 9628, Rutland County, Vermont","8","4","4"
"1000000US500219628001061","Block 1061, Block Group 1, Census Tract 9628, Rutland County, Vermont","0","0","0"
"1000000US500219628001062","Block 1062, Block Group 1, Census Tract 9628, Rutland County, Vermont","2","1","1"
"1000000US500219628001063","Block 1063, Block Group 1, Census Tract 9628, Rutland County, Vermont","9","2","7"
"1000000US500219628001064","Block 1064, Block Group 1, Census Tract 9628, Rutland County, Vermont","0","0","0"
"1000000US500219628001065","Block 1065, Block Group 1, Census Tract 9628, Rutland County, Vermont","1","0","1"
"1000000US500219628001066","Block 1066, Block Group 1, Census Tract 9628, Rutland County, Vermont","5","4","1"
"1000000US500219628001067","Block 1067, Block Group 1, Census Tract 9628, Rutland County, Vermont","60","21","39"
"1000000US500219628001068","Block 1068, Block Group 1, Census Tract 9628, Rutland County, Vermont","2","1","1"
"1000000US500219628001069","Block 1069, Block Group 1, Census Tract 9628, Rutland County, Vermont","0","0","0"
"1000000US500219628001070","Block 1070, Block Group 1, Census Tract 9628, Rutland County, Vermont","0","0","0"
"1000000US500219628001071","Block 1071, Block Group 1, Census Tract 9628, Rutland County, Vermont","52","17","35"
"1000000US500219628001072","Block 1072, Block Group 1, Census Tract 9628, Rutland County, Vermont","0","0","0"
"1000000US500219628001073","Block 1073, Block Group 1, Census Tract 9628, Rutland County, Vermont","20","4","16"
"1000000US500219628001074","Block 1074, Block Group 1, Census Tract 9628, Rutland County, Vermont","0","0","0"
"1000000US500219628001075","Block 1075, Block Group 1, Census Tract 9628, Rutland County, Vermont","0","0","0"
"1000000US500219628001076","Block 1076, Block Group 1, Census Tract 9628, Rutland County, Vermont","1","1","0"
"1000000US500219628001077","Block 1077, Block Group 1, Census Tract 9628, Rutland County, Vermont","3","2","1"
"1000000US500219628001078","Block 1078, Block Group 1, Census Tract 9628, Rutland County, Vermont","0","0","0"
"1000000US500219628001079","Block 1079, Block Group 1, Census Tract 9628, Rutland County, Vermont","0","0","0"
"1000000US500219628001080","Block 1080, Block Group 1, Census Tract 9628, Rutland County, Vermont","10","0","10"
"1000000US500219628001081","Block 1081, Block Group 1, Census Tract 9628, Rutland County, Vermont","0","0","0"
"1000000US500219628001082","Block 1082, Block Group 1, Census Tract 9628, Rutland County, Vermont","0","0","0"
"1000000US500219628001083","Block 1083, Block Group 1, Census Tract 9628, Rutland County, Vermont","1","1","0"
"1000000US500219628001084","Block 1084, Block Group 1, Census Tract 9628, Rutland County, Vermont","0","0","0"
"1000000US500219628001085","Block 1085, Block Group 1, Census Tract 9628, Rutland County, Vermont","0","0","0"
"1000000US500219628001086","Block 1086, Block Group 1, Census Tract 9628, Rutland County, Vermont","0","0","0"
"1000000US500219628001087","Block 1087, Block Group 1, Census Tract 9628, Rutland County, Vermont","2","0","2"
"1000000US500219628001088","Block 1088, Block Group 1, Census Tract 9628, Rutland County, Vermont","23","2","21"
"1000000US500219628001089","Block 1089, Block Group 1, Census Tract 9628, Rutland County, Vermont","272","6","266"
"1000000US500219628001090","Block 1090, Block Group 1, Census Tract 9628, Rutland County, Vermont","1","0","1"
"1000000US500219628001091","Block 1091, Block Group 1, Census Tract 9628, Rutland County, Vermont","17","0","17"
"1000000US500219628001092","Block 1092, Block Group 1, Census Tract 9628, Rutland County, Vermont","7","2","5"
"1000000US500219628001093","Block 1093, Block Group 1, Census Tract 9628, Rutland County, Vermont","1","0","1"
"1000000US500219628001094","Block 1094, Block Group 1, Census Tract 9628, Rutland County, Vermont","2","2","0"
"1000000US500219628001095","Block 1095, Block Group 1, Census Tract 9628, Rutland County, Vermont","0","0","0"
"1000000US500219628001096","Block 1096, Block Group 1, Census Tract 9628, Rutland County, Vermont","0","0","0"
"1000000US500219628001097","Block 1097, Block Group 1, Census Tract 9628, Rutland County, Vermont","0","0","0"
"1000000US500219628001098","Block 1098, Block Group 1, Census Tract 9628, Rutland County, Vermont","0","0","0"
"1000000US500219628001099","Block 1099, Block Group 1, Census Tract 9628, Rutland County, Vermont","0","0","0"
"1000000US500219628001100","Block 1100, Block Group 1, Census Tract 9628, Rutland County, Vermont","0","0","0"
"1000000US500219628001101","Block 1101, Block Group 1, Census Tract 9628, Rutland County, Vermont","111","1","110"
"1000000US500219628001102","Block 1102, Block Group 1, Census Tract 9628, Rutland County, Vermont","0","0","0"
"1000000US500219628001103","Block 1103, Block Group 1, Census Tract 9628, Rutland County, Vermont","21","6","15"
"1000000US500219628001104","Block 1104, Block Group 1, Census Tract 9628, Rutland County, Vermont","1","0","1"
"1000000US500219628001105","Block 1105, Block Group 1, Census Tract 9628, Rutland County, Vermont","0","0","0"
"1000000US500219628001106","Block 1106, Block Group 1, Census Tract 9628, Rutland County, Vermont","0","0","0"
"1000000US500219628001107","Block 1107, Block Group 1, Census Tract 9628, Rutland County, Vermont","0","0","0"
"1000000US500219628001108","Block 1108, Block Group 1, Census Tract 9628, Rutland County, Vermont","0","0","0"
"1000000US500219628001109","Block 1109, Block Group 1, Census Tract 9628, Rutland County, Vermont","0","0","0"
"1000000US500219628002000","Block 2000, Block Group 2, Census Tract 9628, Rutland County, Vermont","1","1","0"
"1000000US500219628002001","Block 2001, Block Group 2, Census Tract 9628, Rutland County, Vermont","217","131","86"
"1000000US500219628002002","Block 2002, Block Group 2, Census Tract 9628, Rutland County, Vermont","0","0","0"
"1000000US500219628002003","Block 2003, Block Group 2, Census Tract 9628, Rutland County, Vermont","4","2","2"
"1000000US500219628002004","Block 2004, Block Group 2, Census Tract 9628, Rutland County, Vermont","5","1","4"
"1000000US500219628002005","Block 2005, Block Group 2, Census Tract 9628, Rutland County, Vermont","46","23","23"
"1000000US500219628002006","Block 2006, Block Group 2, Census Tract 9628, Rutland County, Vermont","0","0","0"
"1000000US500219628002007","Block 2007, Block Group 2, Census Tract 9628, Rutland County, Vermont","0","0","0"
"1000000US500219628002008","Block 2008, Block Group 2, Census Tract 9628, Rutland County, Vermont","4","4","0"
"1000000US500219628002009","Block 2009, Block Group 2, Census Tract 9628, Rutland County, Vermont","7","7","0"
"1000000US500219628002010","Block 2010, Block Group 2, Census Tract 9628, Rutland County, Vermont","3","1","2"
"1000000US500219628002011","Block 2011, Block Group 2, Census Tract 9628, Rutland County, Vermont","4","4","0"
"1000000US500219628002012","Block 2012, Block Group 2, Census Tract 9628, Rutland County, Vermont","0","0","0"
"1000000US500219628002013","Block 2013, Block Group 2, Census Tract 9628, Rutland County, Vermont","0","0","0"
"1000000US500219628002014","Block 2014, Block Group 2, Census Tract 9628, Rutland County, Vermont","130","114","16"
"1000000US500219628002015","Block 2015, Block Group 2, Census Tract 9628, Rutland County, Vermont","7","7","0"
"1000000US500219628002016","Block 2016, Block Group 2, Census Tract 9628, Rutland County, Vermont","0","0","0"
"1000000US500219628002017","Block 2017, Block Group 2, Census Tract 9628, Rutland County, Vermont","0","0","0"
"1000000US500219628002018","Block 2018, Block Group 2, Census Tract 9628, Rutland County, Vermont","10","10","0"
"1000000US500219628002019","Block 2019, Block Group 2, Census Tract 9628, Rutland County, Vermont","0","0","0"
"1000000US500219628002020","Block 2020, Block Group 2, Census Tract 9628, Rutland County, Vermont","0","0","0"
"1000000US500219628002021","Block 2021, Block Group 2, Census Tract 9628, Rutland County, Vermont","0","0","0"
"1000000US500219628002022","Block 2022, Block Group 2, Census Tract 9628, Rutland County, Vermont","0","0","0"
"1000000US500219628002023","Block 2023, Block Group 2, Census Tract 9628, Rutland County, Vermont","11","10","1"
"1000000US500219628002024","Block 2024, Block Group 2, Census Tract 9628, Rutland County, Vermont","0","0","0"
"1000000US500219628002025","Block 2025, Block Group 2, Census Tract 9628, Rutland County, Vermont","95","43","52"
"1000000US500219628002026","Block 2026, Block Group 2, Census Tract 9628, Rutland County, Vermont","3","3","0"
"1000000US500219628002027","Block 2027, Block Group 2, Census Tract 9628, Rutland County, Vermont","0","0","0"
"1000000US500219628002028","Block 2028, Block Group 2, Census Tract 9628, Rutland County, Vermont","0","0","0"
"1000000US500219628002029","Block 2029, Block Group 2, Census Tract 9628, Rutland County, Vermont","6","5","1"
"1000000US500219628002030","Block 2030, Block Group 2, Census Tract 9628, Rutland County, Vermont","0","0","0"
"1000000US500219628002031","Block 2031, Block Group 2, Census Tract 9628, Rutland County, Vermont","1","1","0"
"1000000US500219628002032","Block 2032, Block Group 2, Census Tract 9628, Rutland County, Vermont","17","10","7"
"1000000US500219628002033","Block 2033, Block Group 2, Census Tract 9628, Rutland County, Vermont","0","0","0"
"1000000US500219628002034","Block 2034, Block Group 2, Census Tract 9628, Rutland County, Vermont","0","0","0"
"1000000US500219628002035","Block 2035, Block Group 2, Census Tract 9628, Rutland County, Vermont","0","0","0"
"1000000US500219628002036","Block 2036, Block Group 2, Census Tract 9628, Rutland County, Vermont","48","44","4"
"1000000US500219628002037","Block 2037, Block Group 2, Census Tract 9628, Rutland County, Vermont","0","0","0"
"1000000US500219628002038","Block 2038, Block Group 2, Census Tract 9628, Rutland County, Vermont","2","0","2"
"1000000US500219628002039","Block 2039, Block Group 2, Census Tract 9628, Rutland County, Vermont","7","2","5"
"1000000US500219628002040","Block 2040, Block Group 2, Census Tract 9628, Rutland County, Vermont","0","0","0"
"1000000US500219628002041","Block 2041, Block Group 2, Census Tract 9628, Rutland County, Vermont","0","0","0"
"1000000US500219628002042","Block 2042, Block Group 2, Census Tract 9628, Rutland County, Vermont","0","0","0"
"1000000US500219628002043","Block 2043, Block Group 2, Census Tract 9628, Rutland County, Vermont","3","2","1"
"1000000US500219628002044","Block 2044, Block Group 2, Census Tract 9628, Rutland County, Vermont","1","1","0"
"1000000US500219628002045","Block 2045, Block Group 2, Census Tract 9628, Rutland County, Vermont","50","49","1"
"1000000US500219628002046","Block 2046, Block Group 2, Census Tract 9628, Rutland County, Vermont","1","0","1"
"1000000US500219628002047","Block 2047, Block Group 2, Census Tract 9628, Rutland County, Vermont","0","0","0"
"1000000US500219628003000","Block 3000, Block Group 3, Census Tract 9628, Rutland County, Vermont","37","23","14"
"1000000US500219628003001","Block 3001, Block Group 3, Census Tract 9628, Rutland County, Vermont","0","0","0"
"1000000US500219628003002","Block 3002, Block Group 3, Census Tract 9628, Rutland County, Vermont","0","0","0"
"1000000US500219628003003","Block 3003, Block Group 3, Census Tract 9628, Rutland County, Vermont","1","0","1"
"1000000US500219628003004","Block 3004, Block Group 3, Census Tract 9628, Rutland County, Vermont","0","0","0"
"1000000US500219628003005","Block 3005, Block Group 3, Census Tract 9628, Rutland County, Vermont","0","0","0"
"1000000US500219628003006","Block 3006, Block Group 3, Census Tract 9628, Rutland County, Vermont","0","0","0"
"1000000US500219628003007","Block 3007, Block Group 3, Census Tract 9628, Rutland County, Vermont","0","0","0"
"1000000US500219628003008","Block 3008, Block Group 3, Census Tract 9628, Rutland County, Vermont","0","0","0"
"1000000US500219628003009","Block 3009, Block Group 3, Census Tract 9628, Rutland County, Vermont","29","22","7"
"1000000US500219628003010","Block 3010, Block Group 3, Census Tract 9628, Rutland County, Vermont","3","3","0"
"1000000US500219628003011","Block 3011, Block Group 3, Census Tract 9628, Rutland County, Vermont","1","0","1"
"1000000US500219628003012","Block 3012, Block Group 3, Census Tract 9628, Rutland County, Vermont","1","1","0"
"1000000US500219628003013","Block 3013, Block Group 3, Census Tract 9628, Rutland County, Vermont","1","1","0"
"1000000US500219628003014","Block 3014, Block Group 3, Census Tract 9628, Rutland County, Vermont","7","6","1"
"1000000US500219628003015","Block 3015, Block Group 3, Census Tract 9628, Rutland County, Vermont","0","0","0"
"1000000US500219628003016","Block 3016, Block Group 3, Census Tract 9628, Rutland County, Vermont","22","20","2"
"1000000US500219628003017","Block 3017, Block Group 3, Census Tract 9628, Rutland County, Vermont","86","73","13"
"1000000US500219628003018","Block 3018, Block Group 3, Census Tract 9628, Rutland County, Vermont","1","1","0"
"1000000US500219628003019","Block 3019, Block Group 3, Census Tract 9628, Rutland County, Vermont","5","3","2"
"1000000US500219628003020","Block 3020, Block Group 3, Census Tract 9628, Rutland County, Vermont","11","10","1"
"1000000US500219628003021","Block 3021, Block Group 3, Census Tract 9628, Rutland County, Vermont","4","4","0"
"1000000US500219628003022","Block 3022, Block Group 3, Census Tract 9628, Rutland County, Vermont","4","4","0"
"1000000US500219628003023","Block 3023, Block Group 3, Census Tract 9628, Rutland County, Vermont","0","0","0"
"1000000US500219628003024","Block 3024, Block Group 3, Census Tract 9628, Rutland County, Vermont","12","11","1"
"1000000US500219628003025","Block 3025, Block Group 3, Census Tract 9628, Rutland County, Vermont","1","1","0"
"1000000US500219628003026","Block 3026, Block Group 3, Census Tract 9628, Rutland County, Vermont","14","12","2"
"1000000US500219628003027","Block 3027, Block Group 3, Census Tract 9628, Rutland County, Vermont","29","24","5"
"1000000US500219628003028","Block 3028, Block Group 3, Census Tract 9628, Rutland County, Vermont","1","1","0"
"1000000US500219628003029","Block 3029, Block Group 3, Census Tract 9628, Rutland County, Vermont","28","20","8"
"1000000US500219628003030","Block 3030, Block Group 3, Census Tract 9628, Rutland County, Vermont","0","0","0"
"1000000US500219628003031","Block 3031, Block Group 3, Census Tract 9628, Rutland County, Vermont","4","4","0"
"1000000US500219628003032","Block 3032, Block Group 3, Census Tract 9628, Rutland County, Vermont","17","13","4"
"1000000US500219628003033","Block 3033, Block Group 3, Census Tract 9628, Rutland County, Vermont","0","0","0"
"1000000US500219628003034","Block 3034, Block Group 3, Census Tract 9628, Rutland County, Vermont","0","0","0"
"1000000US500219628003035","Block 3035, Block Group 3, Census Tract 9628, Rutland County, Vermont","24","11","13"
"1000000US500219628003036","Block 3036, Block Group 3, Census Tract 9628, Rutland County, Vermont","13","11","2"
"1000000US500219628003037","Block 3037, Block Group 3, Census Tract 9628, Rutland County, Vermont","21","18","3"
"1000000US500219628003038","Block 3038, Block Group 3, Census Tract 9628, Rutland County, Vermont","0","0","0"
"1000000US500219628003039","Block 3039, Block Group 3, Census Tract 9628, Rutland County, Vermont","0","0","0"
"1000000US500219628003040","Block 3040, Block Group 3, Census Tract 9628, Rutland County, Vermont","6","6","0"
"1000000US500219628003041","Block 3041, Block Group 3, Census Tract 9628, Rutland County, Vermont","24","16","8"
"1000000US500219628003042","Block 3042, Block Group 3, Census Tract 9628, Rutland County, Vermont","0","0","0"
"1000000US500219628003043","Block 3043, Block Group 3, Census Tract 9628, Rutland County, Vermont","1","1","0"
"1000000US500219628003044","Block 3044, Block Group 3, Census Tract 9628, Rutland County, Vermont","5","4","1"
"1000000US500219628003045","Block 3045, Block Group 3, Census Tract 9628, Rutland County, Vermont","3","3","0"
"1000000US500219628003046","Block 3046, Block Group 3, Census Tract 9628, Rutland County, Vermont","2","1","1"
"1000000US500219628003047","Block 3047, Block Group 3, Census Tract 9628, Rutland County, Vermont","7","7","0"
"1000000US500219628003048","Block 3048, Block Group 3, Census Tract 9628, Rutland County, Vermont","12","11","1"
"1000000US500219628003049","Block 3049, Block Group 3, Census Tract 9628, Rutland County, Vermont","2","2","0"
"1000000US500219628003050","Block 3050, Block Group 3, Census Tract 9628, Rutland County, Vermont","1","1","0"
"1000000US500219628003051","Block 3051, Block Group 3, Census Tract 9628, Rutland County, Vermont","4","3","1"
"1000000US500219628003052","Block 3052, Block Group 3, Census Tract 9628, Rutland County, Vermont","1","0","1"
"1000000US500219628003053","Block 3053, Block Group 3, Census Tract 9628, Rutland County, Vermont","0","0","0"
"1000000US500219628003054","Block 3054, Block Group 3, Census Tract 9628, Rutland County, Vermont","0","0","0"
"1000000US500219628003055","Block 3055, Block Group 3, Census Tract 9628, Rutland County, Vermont","0","0","0"
"1000000US500219628003056","Block 3056, Block Group 3, Census Tract 9628, Rutland County, Vermont","1","0","1"
"1000000US500219628003057","Block 3057, Block Group 3, Census Tract 9628, Rutland County, Vermont","16","13","3"
"1000000US500219628003058","Block 3058, Block Group 3, Census Tract 9628, Rutland County, Vermont","20","16","4"
"1000000US500219628003059","Block 3059, Block Group 3, Census Tract 9628, Rutland County, Vermont","0","0","0"
"1000000US500219628003060","Block 3060, Block Group 3, Census Tract 9628, Rutland County, Vermont","0","0","0"
"1000000US500219628003061","Block 3061, Block Group 3, Census Tract 9628, Rutland County, Vermont","18","10","8"
"1000000US500219628003062","Block 3062, Block Group 3, Census Tract 9628, Rutland County, Vermont","0","0","0"
"1000000US500219628003063","Block 3063, Block Group 3, Census Tract 9628, Rutland County, Vermont","0","0","0"
"1000000US500219628003064","Block 3064, Block Group 3, Census Tract 9628, Rutland County, Vermont","0","0","0"
"1000000US500219628003065","Block 3065, Block Group 3, Census Tract 9628, Rutland County, Vermont","11","10","1"
"1000000US500219628003066","Block 3066, Block Group 3, Census Tract 9628, Rutland County, Vermont","0","0","0"
"1000000US500219628003067","Block 3067, Block Group 3, Census Tract 9628, Rutland County, Vermont","6","6","0"
"1000000US500219628003068","Block 3068, Block Group 3, Census Tract 9628, Rutland County, Vermont","2","1","1"
"1000000US500219628003069","Block 3069, Block Group 3, Census Tract 9628, Rutland County, Vermont","0","0","0"
"1000000US500219628003070","Block 3070, Block Group 3, Census Tract 9628, Rutland County, Vermont","1","1","0"
"1000000US500219628003071","Block 3071, Block Group 3, Census Tract 9628, Rutland County, Vermont","18","13","5"
"1000000US500219628003072","Block 3072, Block Group 3, Census Tract 9628, Rutland County, Vermont","0","0","0"
"1000000US500219628003073","Block 3073, Block Group 3, Census Tract 9628, Rutland County, Vermont","4","3","1"
"1000000US500219628003074","Block 3074, Block Group 3, Census Tract 9628, Rutland County, Vermont","13","11","2"
"1000000US500219628003075","Block 3075, Block Group 3, Census Tract 9628, Rutland County, Vermont","3","2","1"
"1000000US500219628003076","Block 3076, Block Group 3, Census Tract 9628, Rutland County, Vermont","6","4","2"
"1000000US500219628003077","Block 3077, Block Group 3, Census Tract 9628, Rutland County, Vermont","1","1","0"
"1000000US500219628003078","Block 3078, Block Group 3, Census Tract 9628, Rutland County, Vermont","0","0","0"
"1000000US500219628003079","Block 3079, Block Group 3, Census Tract 9628, Rutland County, Vermont","0","0","0"
"1000000US500219628003080","Block 3080, Block Group 3, Census Tract 9628, Rutland County, Vermont","2","2","0"
"1000000US500219628003081","Block 3081, Block Group 3, Census Tract 9628, Rutland County, Vermont","0","0","0"
"1000000US500219628003082","Block 3082, Block Group 3, Census Tract 9628, Rutland County, Vermont","1","1","0"
"1000000US500219628003083","Block 3083, Block Group 3, Census Tract 9628, Rutland County, Vermont","0","0","0"
"1000000US500219628003084","Block 3084, Block Group 3, Census Tract 9628, Rutland County, Vermont","0","0","0"
"1000000US500219628003085","Block 3085, Block Group 3, Census Tract 9628, Rutland County, Vermont","0","0","0"
"1000000US500219630001000","Block 1000, Block Group 1, Census Tract 9630, Rutland County, Vermont","89","86","3"
"1000000US500219630001001","Block 1001, Block Group 1, Census Tract 9630, Rutland County, Vermont","28","26","2"
"1000000US500219630001002","Block 1002, Block Group 1, Census Tract 9630, Rutland County, Vermont","9","9","0"
"1000000US500219630001003","Block 1003, Block Group 1, Census Tract 9630, Rutland County, Vermont","5","5","0"
"1000000US500219630001004","Block 1004, Block Group 1, Census Tract 9630, Rutland County, Vermont","4","4","0"
"1000000US500219630001005","Block 1005, Block Group 1, Census Tract 9630, Rutland County, Vermont","10","8","2"
"1000000US500219630001006","Block 1006, Block Group 1, Census Tract 9630, Rutland County, Vermont","6","6","0"
"1000000US500219630001007","Block 1007, Block Group 1, Census Tract 9630, Rutland County, Vermont","8","8","0"
"1000000US500219630001008","Block 1008, Block Group 1, Census Tract 9630, Rutland County, Vermont","2","2","0"
"1000000US500219630001009","Block 1009, Block Group 1, Census Tract 9630, Rutland County, Vermont","6","6","0"
"1000000US500219630001010","Block 1010, Block Group 1, Census Tract 9630, Rutland County, Vermont","14","14","0"
"1000000US500219630001011","Block 1011, Block Group 1, Census Tract 9630, Rutland County, Vermont","6","6","0"
"1000000US500219630001012","Block 1012, Block Group 1, Census Tract 9630, Rutland County, Vermont","0","0","0"
"1000000US500219630001013","Block 1013, Block Group 1, Census Tract 9630, Rutland County, Vermont","7","6","1"
"1000000US500219630001014","Block 1014, Block Group 1, Census Tract 9630, Rutland County, Vermont","3","3","0"
"1000000US500219630001015","Block 1015, Block Group 1, Census Tract 9630, Rutland County, Vermont","0","0","0"
"1000000US500219630001016","Block 1016, Block Group 1, Census Tract 9630, Rutland County, Vermont","0","0","0"
"1000000US500219630001017","Block 1017, Block Group 1, Census Tract 9630, Rutland County, Vermont","11","11","0"
"1000000US500219630001018","Block 1018, Block Group 1, Census Tract 9630, Rutland County, Vermont","11","10","1"
"1000000US500219630001019","Block 1019, Block Group 1, Census Tract 9630, Rutland County, Vermont","12","12","0"
"1000000US500219630001020","Block 1020, Block Group 1, Census Tract 9630, Rutland County, Vermont","31","29","2"
"1000000US500219630001021","Block 1021, Block Group 1, Census Tract 9630, Rutland County, Vermont","8","8","0"
"1000000US500219630001022","Block 1022, Block Group 1, Census Tract 9630, Rutland County, Vermont","0","0","0"
"1000000US500219630001023","Block 1023, Block Group 1, Census Tract 9630, Rutland County, Vermont","28","28","0"
"1000000US500219630001024","Block 1024, Block Group 1, Census Tract 9630, Rutland County, Vermont","11","11","0"
"1000000US500219630001025","Block 1025, Block Group 1, Census Tract 9630, Rutland County, Vermont","8","8","0"
"1000000US500219630001026","Block 1026, Block Group 1, Census Tract 9630, Rutland County, Vermont","16","16","0"
"1000000US500219630001027","Block 1027, Block Group 1, Census Tract 9630, Rutland County, Vermont","38","37","1"
"1000000US500219630001028","Block 1028, Block Group 1, Census Tract 9630, Rutland County, Vermont","0","0","0"
"1000000US500219630002000","Block 2000, Block Group 2, Census Tract 9630, Rutland County, Vermont","24","22","2"
"1000000US500219630002001","Block 2001, Block Group 2, Census Tract 9630, Rutland County, Vermont","4","3","1"
"1000000US500219630002002","Block 2002, Block Group 2, Census Tract 9630, Rutland County, Vermont","6","5","1"
"1000000US500219630002003","Block 2003, Block Group 2, Census Tract 9630, Rutland County, Vermont","14","14","0"
"1000000US500219630002004","Block 2004, Block Group 2, Census Tract 9630, Rutland County, Vermont","12","12","0"
"1000000US500219630002005","Block 2005, Block Group 2, Census Tract 9630, Rutland County, Vermont","23","22","1"
"1000000US500219630002006","Block 2006, Block Group 2, Census Tract 9630, Rutland County, Vermont","52","49","3"
"1000000US500219630002007","Block 2007, Block Group 2, Census Tract 9630, Rutland County, Vermont","32","32","0"
"1000000US500219630002008","Block 2008, Block Group 2, Census Tract 9630, Rutland County, Vermont","10","10","0"
"1000000US500219630002009","Block 2009, Block Group 2, Census Tract 9630, Rutland County, Vermont","7","6","1"
"1000000US500219630002010","Block 2010, Block Group 2, Census Tract 9630, Rutland County, Vermont","34","32","2"
"1000000US500219630002011","Block 2011, Block Group 2, Census Tract 9630, Rutland County, Vermont","33","31","2"
"1000000US500219630002012","Block 2012, Block Group 2, Census Tract 9630, Rutland County, Vermont","42","41","1"
"1000000US500219630002013","Block 2013, Block Group 2, Census Tract 9630, Rutland County, Vermont","12","12","0"
"1000000US500219630002014","Block 2014, Block Group 2, Census Tract 9630, Rutland County, Vermont","9","9","0"
"1000000US500219630002015","Block 2015, Block Group 2, Census Tract 9630, Rutland County, Vermont","10","8","2"
"1000000US500219630002016","Block 2016, Block Group 2, Census Tract 9630, Rutland County, Vermont","49","40","9"
"1000000US500219630002017","Block 2017, Block Group 2, Census Tract 9630, Rutland County, Vermont","28","27","1"
"1000000US500219630003000","Block 3000, Block Group 3, Census Tract 9630, Rutland County, Vermont","2","2","0"
"1000000US500219630003001","Block 3001, Block Group 3, Census Tract 9630, Rutland County, Vermont","20","20","0"
"1000000US500219630003002","Block 3002, Block Group 3, Census Tract 9630, Rutland County, Vermont","81","74","7"
"1000000US500219630003003","Block 3003, Block Group 3, Census Tract 9630, Rutland County, Vermont","9","9","0"
"1000000US500219630003004","Block 3004, Block Group 3, Census Tract 9630, Rutland County, Vermont","9","9","0"
"1000000US500219630003005","Block 3005, Block Group 3, Census Tract 9630, Rutland County, Vermont","0","0","0"
"1000000US500219630003006","Block 3006, Block Group 3, Census Tract 9630, Rutland County, Vermont","18","15","3"
"1000000US500219630003007","Block 3007, Block Group 3, Census Tract 9630, Rutland County, Vermont","9","7","2"
"1000000US500219630003008","Block 3008, Block Group 3, Census Tract 9630, Rutland County, Vermont","10","9","1"
"1000000US500219630003009","Block 3009, Block Group 3, Census Tract 9630, Rutland County, Vermont","32","31","1"
"1000000US500219630003010","Block 3010, Block Group 3, Census Tract 9630, Rutland County, Vermont","28","27","1"
"1000000US500219630003011","Block 3011, Block Group 3, Census Tract 9630, Rutland County, Vermont","19","18","1"
"1000000US500219630003012","Block 3012, Block Group 3, Census Tract 9630, Rutland County, Vermont","7","6","1"
"1000000US500219630003013","Block 3013, Block Group 3, Census Tract 9630, Rutland County, Vermont","0","0","0"
"1000000US500219630003014","Block 3014, Block Group 3, Census Tract 9630, Rutland County, Vermont","6","5","1"
"1000000US500219630003015","Block 3015, Block Group 3, Census Tract 9630, Rutland County, Vermont","76","73","3"
"1000000US500219630003016","Block 3016, Block Group 3, Census Tract 9630, Rutland County, Vermont","20","20","0"
"1000000US500219630003017","Block 3017, Block Group 3, Census Tract 9630, Rutland County, Vermont","11","11","0"
"1000000US500219630003018","Block 3018, Block Group 3, Census Tract 9630, Rutland County, Vermont","20","20","0"
"1000000US500219630003019","Block 3019, Block Group 3, Census Tract 9630, Rutland County, Vermont","8","8","0"
"1000000US500219630003020","Block 3020, Block Group 3, Census Tract 9630, Rutland County, Vermont","29","26","3"
"1000000US500219630003021","Block 3021, Block Group 3, Census Tract 9630, Rutland County, Vermont","12","12","0"
"1000000US500219630003022","Block 3022, Block Group 3, Census Tract 9630, Rutland County, Vermont","15","14","1"
"1000000US500219630003023","Block 3023, Block Group 3, Census Tract 9630, Rutland County, Vermont","19","19","0"
"1000000US500219630003024","Block 3024, Block Group 3, Census Tract 9630, Rutland County, Vermont","41","39","2"
"1000000US500219630003025","Block 3025, Block Group 3, Census Tract 9630, Rutland County, Vermont","9","9","0"
"1000000US500219630003026","Block 3026, Block Group 3, Census Tract 9630, Rutland County, Vermont","5","5","0"
"1000000US500219630003027","Block 3027, Block Group 3, Census Tract 9630, Rutland County, Vermont","6","6","0"
"1000000US500219630003028","Block 3028, Block Group 3, Census Tract 9630, Rutland County, Vermont","10","10","0"
"1000000US500219630003029","Block 3029, Block Group 3, Census Tract 9630, Rutland County, Vermont","8","8","0"
"1000000US500219630003030","Block 3030, Block Group 3, Census Tract 9630, Rutland County, Vermont","10","10","0"
"1000000US500219630003031","Block 3031, Block Group 3, Census Tract 9630, Rutland County, Vermont","14","13","1"
"1000000US500219630004000","Block 4000, Block Group 4, Census Tract 9630, Rutland County, Vermont","0","0","0"
"1000000US500219630004001","Block 4001, Block Group 4, Census Tract 9630, Rutland County, Vermont","24","20","4"
"1000000US500219630004002","Block 4002, Block Group 4, Census Tract 9630, Rutland County, Vermont","13","11","2"
"1000000US500219630004003","Block 4003, Block Group 4, Census Tract 9630, Rutland County, Vermont","2","2","0"
"1000000US500219630004004","Block 4004, Block Group 4, Census Tract 9630, Rutland County, Vermont","95","93","2"
"1000000US500219630004005","Block 4005, Block Group 4, Census Tract 9630, Rutland County, Vermont","38","37","1"
"1000000US500219630004006","Block 4006, Block Group 4, Census Tract 9630, Rutland County, Vermont","16","16","0"
"1000000US500219630004007","Block 4007, Block Group 4, Census Tract 9630, Rutland County, Vermont","12","12","0"
"1000000US500219630004008","Block 4008, Block Group 4, Census Tract 9630, Rutland County, Vermont","27","27","0"
"1000000US500219630004009","Block 4009, Block Group 4, Census Tract 9630, Rutland County, Vermont","24","24","0"
"1000000US500219630004010","Block 4010, Block Group 4, Census Tract 9630, Rutland County, Vermont","24","23","1"
"1000000US500219630005000","Block 5000, Block Group 5, Census Tract 9630, Rutland County, Vermont","66","64","2"
"1000000US500219630005001","Block 5001, Block Group 5, Census Tract 9630, Rutland County, Vermont","0","0","0"
"1000000US500219630005002","Block 5002, Block Group 5, Census Tract 9630, Rutland County, Vermont","15","14","1"
"1000000US500219630005003","Block 5003, Block Group 5, Census Tract 9630, Rutland County, Vermont","32","29","3"
"1000000US500219630005004","Block 5004, Block Group 5, Census Tract 9630, Rutland County, Vermont","22","21","1"
"1000000US500219630005005","Block 5005, Block Group 5, Census Tract 9630, Rutland County, Vermont","30","30","0"
"1000000US500219630005006","Block 5006, Block Group 5, Census Tract 9630, Rutland County, Vermont","7","7","0"
"1000000US500219630005007","Block 5007, Block Group 5, Census Tract 9630, Rutland County, Vermont","118","107","11"
"1000000US500219630005008","Block 5008, Block Group 5, Census Tract 9630, Rutland County, Vermont","41","34","7"
"1000000US500219630005009","Block 5009, Block Group 5, Census Tract 9630, Rutland County, Vermont","41","40","1"
"1000000US500219630005010","Block 5010, Block Group 5, Census Tract 9630, Rutland County, Vermont","54","45","9"
"1000000US500219630005011","Block 5011, Block Group 5, Census Tract 9630, Rutland County, Vermont","56","45","11"
"1000000US500219631001000","Block 1000, Block Group 1, Census Tract 9631, Rutland County, Vermont","27","26","1"
"1000000US500219631001001","Block 1001, Block Group 1, Census Tract 9631, Rutland County, Vermont","27","25","2"
"1000000US500219631001002","Block 1002, Block Group 1, Census Tract 9631, Rutland County, Vermont","79","77","2"
"1000000US500219631001003","Block 1003, Block Group 1, Census Tract 9631, Rutland County, Vermont","20","20","0"
"1000000US500219631001004","Block 1004, Block Group 1, Census Tract 9631, Rutland County, Vermont","46","41","5"
"1000000US500219631001005","Block 1005, Block Group 1, Census Tract 9631, Rutland County, Vermont","26","24","2"
"1000000US500219631001006","Block 1006, Block Group 1, Census Tract 9631, Rutland County, Vermont","55","47","8"
"1000000US500219631001007","Block 1007, Block Group 1, Census Tract 9631, Rutland County, Vermont","28","24","4"
"1000000US500219631001008","Block 1008, Block Group 1, Census Tract 9631, Rutland County, Vermont","25","23","2"
"1000000US500219631001009","Block 1009, Block Group 1, Census Tract 9631, Rutland County, Vermont","35","33","2"
"1000000US500219631001010","Block 1010, Block Group 1, Census Tract 9631, Rutland County, Vermont","43","37","6"
"1000000US500219631001011","Block 1011, Block Group 1, Census Tract 9631, Rutland County, Vermont","48","43","5"
"1000000US500219631001012","Block 1012, Block Group 1, Census Tract 9631, Rutland County, Vermont","31","30","1"
"1000000US500219631001013","Block 1013, Block Group 1, Census Tract 9631, Rutland County, Vermont","35","35","0"
"1000000US500219631001014","Block 1014, Block Group 1, Census Tract 9631, Rutland County, Vermont","34","28","6"
"1000000US500219631002000","Block 2000, Block Group 2, Census Tract 9631, Rutland County, Vermont","22","21","1"
"1000000US500219631002001","Block 2001, Block Group 2, Census Tract 9631, Rutland County, Vermont","18","13","5"
"1000000US500219631002002","Block 2002, Block Group 2, Census Tract 9631, Rutland County, Vermont","28","25","3"
"1000000US500219631002003","Block 2003, Block Group 2, Census Tract 9631, Rutland County, Vermont","16","15","1"
"1000000US500219631002004","Block 2004, Block Group 2, Census Tract 9631, Rutland County, Vermont","26","25","1"
"1000000US500219631002005","Block 2005, Block Group 2, Census Tract 9631, Rutland County, Vermont","9","9","0"
"1000000US500219631002006","Block 2006, Block Group 2, Census Tract 9631, Rutland County, Vermont","24","21","3"
"1000000US500219631002007","Block 2007, Block Group 2, Census Tract 9631, Rutland County, Vermont","26","23","3"
"1000000US500219631002008","Block 2008, Block Group 2, Census Tract 9631, Rutland County, Vermont","15","14","1"
"1000000US500219631002009","Block 2009, Block Group 2, Census Tract 9631, Rutland County, Vermont","91","86","5"
"1000000US500219631002010","Block 2010, Block Group 2, Census Tract 9631, Rutland County, Vermont","62","61","1"
"1000000US500219631002011","Block 2011, Block Group 2, Census Tract 9631, Rutland County, Vermont","24","20","4"
"1000000US500219631002012","Block 2012, Block Group 2, Census Tract 9631, Rutland County, Vermont","60","54","6"
"1000000US500219631002013","Block 2013, Block Group 2, Census Tract 9631, Rutland County, Vermont","31","25","6"
"1000000US500219631002014","Block 2014, Block Group 2, Census Tract 9631, Rutland County, Vermont","57","53","4"
"1000000US500219631002015","Block 2015, Block Group 2, Census Tract 9631, Rutland County, Vermont","41","37","4"
"1000000US500219631003000","Block 3000, Block Group 3, Census Tract 9631, Rutland County, Vermont","0","0","0"
"1000000US500219631003001","Block 3001, Block Group 3, Census Tract 9631, Rutland County, Vermont","20","16","4"
"1000000US500219631003002","Block 3002, Block Group 3, Census Tract 9631, Rutland County, Vermont","38","34","4"
"1000000US500219631003003","Block 3003, Block Group 3, Census Tract 9631, Rutland County, Vermont","24","22","2"
"1000000US500219631003004","Block 3004, Block Group 3, Census Tract 9631, Rutland County, Vermont","61","55","6"
"1000000US500219631003005","Block 3005, Block Group 3, Census Tract 9631, Rutland County, Vermont","74","74","0"
"1000000US500219631003006","Block 3006, Block Group 3, Census Tract 9631, Rutland County, Vermont","79","62","17"
"1000000US500219631003007","Block 3007, Block Group 3, Census Tract 9631, Rutland County, Vermont","48","26","22"
"1000000US500219631003008","Block 3008, Block Group 3, Census Tract 9631, Rutland County, Vermont","26","25","1"
"1000000US500219631003009","Block 3009, Block Group 3, Census Tract 9631, Rutland County, Vermont","56","49","7"
"1000000US500219631003010","Block 3010, Block Group 3, Census Tract 9631, Rutland County, Vermont","11","10","1"
"1000000US500219631003011","Block 3011, Block Group 3, Census Tract 9631, Rutland County, Vermont","72","67","5"
"1000000US500219631003012","Block 3012, Block Group 3, Census Tract 9631, Rutland County, Vermont","23","13","10"
"1000000US500219631003013","Block 3013, Block Group 3, Census Tract 9631, Rutland County, Vermont","14","14","0"
"1000000US500219631003014","Block 3014, Block Group 3, Census Tract 9631, Rutland County, Vermont","0","0","0"
"1000000US500219631003015","Block 3015, Block Group 3, Census Tract 9631, Rutland County, Vermont","22","20","2"
"1000000US500219631003016","Block 3016, Block Group 3, Census Tract 9631, Rutland County, Vermont","14","12","2"
"1000000US500219631003017","Block 3017, Block Group 3, Census Tract 9631, Rutland County, Vermont","0","0","0"
"1000000US500219631003018","Block 3018, Block Group 3, Census Tract 9631, Rutland County, Vermont","0","0","0"
"1000000US500219631003019","Block 3019, Block Group 3, Census Tract 9631, Rutland County, Vermont","13","13","0"
"1000000US500219631003020","Block 3020, Block Group 3, Census Tract 9631, Rutland County, Vermont","31","29","2"
"1000000US500219631003021","Block 3021, Block Group 3, Census Tract 9631, Rutland County, Vermont","11","11","0"
"1000000US500219631003022","Block 3022, Block Group 3, Census Tract 9631, Rutland County, Vermont","79","77","2"
"1000000US500219632001000","Block 1000, Block Group 1, Census Tract 9632, Rutland County, Vermont","19","18","1"
"1000000US500219632001001","Block 1001, Block Group 1, Census Tract 9632, Rutland County, Vermont","26","25","1"
"1000000US500219632001002","Block 1002, Block Group 1, Census Tract 9632, Rutland County, Vermont","13","12","1"
"1000000US500219632001003","Block 1003, Block Group 1, Census Tract 9632, Rutland County, Vermont","51","50","1"
"1000000US500219632001004","Block 1004, Block Group 1, Census Tract 9632, Rutland County, Vermont","24","22","2"
"1000000US500219632001005","Block 1005, Block Group 1, Census Tract 9632, Rutland County, Vermont","29","28","1"
"1000000US500219632001006","Block 1006, Block Group 1, Census Tract 9632, Rutland County, Vermont","7","7","0"
"1000000US500219632001007","Block 1007, Block Group 1, Census Tract 9632, Rutland County, Vermont","23","22","1"
"1000000US500219632001008","Block 1008, Block Group 1, Census Tract 9632, Rutland County, Vermont","16","16","0"
"1000000US500219632001009","Block 1009, Block Group 1, Census Tract 9632, Rutland County, Vermont","24","23","1"
"1000000US500219632001010","Block 1010, Block Group 1, Census Tract 9632, Rutland County, Vermont","62","54","8"
"1000000US500219632002000","Block 2000, Block Group 2, Census Tract 9632, Rutland County, Vermont","0","0","0"
"1000000US500219632002001","Block 2001, Block Group 2, Census Tract 9632, Rutland County, Vermont","64","51","13"
"1000000US500219632002002","Block 2002, Block Group 2, Census Tract 9632, Rutland County, Vermont","27","25","2"
"1000000US500219632002003","Block 2003, Block Group 2, Census Tract 9632, Rutland County, Vermont","58","54","4"
"1000000US500219632002004","Block 2004, Block Group 2, Census Tract 9632, Rutland County, Vermont","8","8","0"
"1000000US500219632002005","Block 2005, Block Group 2, Census Tract 9632, Rutland County, Vermont","3","3","0"
"1000000US500219632002006","Block 2006, Block Group 2, Census Tract 9632, Rutland County, Vermont","20","20","0"
"1000000US500219632002007","Block 2007, Block Group 2, Census Tract 9632, Rutland County, Vermont","0","0","0"
"1000000US500219632002008","Block 2008, Block Group 2, Census Tract 9632, Rutland County, Vermont","0","0","0"
"1000000US500219632002009","Block 2009, Block Group 2, Census Tract 9632, Rutland County, Vermont","26","26","0"
"1000000US500219632002010","Block 2010, Block Group 2, Census Tract 9632, Rutland County, Vermont","1","1","0"
"1000000US500219632002011","Block 2011, Block Group 2, Census Tract 9632, Rutland County, Vermont","28","28","0"
"1000000US500219632002012","Block 2012, Block Group 2, Census Tract 9632, Rutland County, Vermont","32","29","3"
"1000000US500219632002013","Block 2013, Block Group 2, Census Tract 9632, Rutland County, Vermont","7","5","2"
"1000000US500219632002014","Block 2014, Block Group 2, Census Tract 9632, Rutland County, Vermont","22","20","2"
"1000000US500219632002015","Block 2015, Block Group 2, Census Tract 9632, Rutland County, Vermont","12","11","1"
"1000000US500219632002016","Block 2016, Block Group 2, Census Tract 9632, Rutland County, Vermont","20","19","1"
"1000000US500219632003000","Block 3000, Block Group 3, Census Tract 9632, Rutland County, Vermont","0","0","0"
"1000000US500219632003001","Block 3001, Block Group 3, Census Tract 9632, Rutland County, Vermont","0","0","0"
"1000000US500219632003002","Block 3002, Block Group 3, Census Tract 9632, Rutland County, Vermont","211","202","9"
"1000000US500219632003003","Block 3003, Block Group 3, Census Tract 9632, Rutland County, Vermont","14","14","0"
"1000000US500219632003004","Block 3004, Block Group 3, Census Tract 9632, Rutland County, Vermont","19","17","2"
"1000000US500219632003005","Block 3005, Block Group 3, Census Tract 9632, Rutland County, Vermont","18","18","0"
"1000000US500219632003006","Block 3006, Block Group 3, Census Tract 9632, Rutland County, Vermont","30","30","0"
"1000000US500219632003007","Block 3007, Block Group 3, Census Tract 9632, Rutland County, Vermont","0","0","0"
"1000000US500219632003008","Block 3008, Block Group 3, Census Tract 9632, Rutland County, Vermont","28","25","3"
"1000000US500219632003009","Block 3009, Block Group 3, Census Tract 9632, Rutland County, Vermont","0","0","0"
"1000000US500219632003010","Block 3010, Block Group 3, Census Tract 9632, Rutland County, Vermont","15","14","1"
"1000000US500219632003011","Block 3011, Block Group 3, Census Tract 9632, Rutland County, Vermont","19","18","1"
"1000000US500219632003012","Block 3012, Block Group 3, Census Tract 9632, Rutland County, Vermont","19","17","2"
"1000000US500219632003013","Block 3013, Block Group 3, Census Tract 9632, Rutland County, Vermont","0","0","0"
"1000000US500219632003014","Block 3014, Block Group 3, Census Tract 9632, Rutland County, Vermont","0","0","0"
"1000000US500219632003015","Block 3015, Block Group 3, Census Tract 9632, Rutland County, Vermont","0","0","0"
"1000000US500219632003016","Block 3016, Block Group 3, Census Tract 9632, Rutland County, Vermont","0","0","0"
"1000000US500219632003017","Block 3017, Block Group 3, Census Tract 9632, Rutland County, Vermont","15","13","2"
"1000000US500219632003018","Block 3018, Block Group 3, Census Tract 9632, Rutland County, Vermont","6","6","0"
"1000000US500219632003019","Block 3019, Block Group 3, Census Tract 9632, Rutland County, Vermont","11","9","2"
"1000000US500219632003020","Block 3020, Block Group 3, Census Tract 9632, Rutland County, Vermont","0","0","0"
"1000000US500219632003021","Block 3021, Block Group 3, Census Tract 9632, Rutland County, Vermont","0","0","0"
"1000000US500219632004000","Block 4000, Block Group 4, Census Tract 9632, Rutland County, Vermont","5","5","0"
"1000000US500219632004001","Block 4001, Block Group 4, Census Tract 9632, Rutland County, Vermont","0","0","0"
"1000000US500219632004002","Block 4002, Block Group 4, Census Tract 9632, Rutland County, Vermont","7","6","1"
"1000000US500219632004003","Block 4003, Block Group 4, Census Tract 9632, Rutland County, Vermont","0","0","0"
"1000000US500219632004004","Block 4004, Block Group 4, Census Tract 9632, Rutland County, Vermont","66","56","10"
"1000000US500219632004005","Block 4005, Block Group 4, Census Tract 9632, Rutland County, Vermont","74","62","12"
"1000000US500219632004006","Block 4006, Block Group 4, Census Tract 9632, Rutland County, Vermont","70","61","9"
"1000000US500219632004007","Block 4007, Block Group 4, Census Tract 9632, Rutland County, Vermont","78","64","14"
"1000000US500219632004008","Block 4008, Block Group 4, Census Tract 9632, Rutland County, Vermont","0","0","0"
"1000000US500219632004009","Block 4009, Block Group 4, Census Tract 9632, Rutland County, Vermont","28","25","3"
"1000000US500219632004010","Block 4010, Block Group 4, Census Tract 9632, Rutland County, Vermont","9","7","2"
"1000000US500219632004011","Block 4011, Block Group 4, Census Tract 9632, Rutland County, Vermont","49","47","2"
"1000000US500219632004012","Block 4012, Block Group 4, Census Tract 9632, Rutland County, Vermont","70","63","7"
"1000000US500219632004013","Block 4013, Block Group 4, Census Tract 9632, Rutland County, Vermont","0","0","0"
"1000000US500219633001000","Block 1000, Block Group 1, Census Tract 9633, Rutland County, Vermont","7","7","0"
"1000000US500219633001001","Block 1001, Block Group 1, Census Tract 9633, Rutland County, Vermont","13","11","2"
"1000000US500219633001002","Block 1002, Block Group 1, Census Tract 9633, Rutland County, Vermont","28","28","0"
"1000000US500219633001003","Block 1003, Block Group 1, Census Tract 9633, Rutland County, Vermont","13","13","0"
"1000000US500219633001004","Block 1004, Block Group 1, Census Tract 9633, Rutland County, Vermont","9","8","1"
"1000000US500219633001005","Block 1005, Block Group 1, Census Tract 9633, Rutland County, Vermont","80","75","5"
"1000000US500219633001006","Block 1006, Block Group 1, Census Tract 9633, Rutland County, Vermont","18","17","1"
"1000000US500219633001007","Block 1007, Block Group 1, Census Tract 9633, Rutland County, Vermont","1","1","0"
"1000000US500219633001008","Block 1008, Block Group 1, Census Tract 9633, Rutland County, Vermont","0","0","0"
"1000000US500219633001009","Block 1009, Block Group 1, Census Tract 9633, Rutland County, Vermont","0","0","0"
"1000000US500219633001010","Block 1010, Block Group 1, Census Tract 9633, Rutland County, Vermont","153","150","3"
"1000000US500219633001011","Block 1011, Block Group 1, Census Tract 9633, Rutland County, Vermont","33","33","0"
"1000000US500219633001012","Block 1012, Block Group 1, Census Tract 9633, Rutland County, Vermont","48","45","3"
"1000000US500219633001013","Block 1013, Block Group 1, Census Tract 9633, Rutland County, Vermont","0","0","0"
"1000000US500219633001014","Block 1014, Block Group 1, Census Tract 9633, Rutland County, Vermont","24","19","5"
"1000000US500219633001015","Block 1015, Block Group 1, Census Tract 9633, Rutland County, Vermont","8","8","0"
"1000000US500219633001016","Block 1016, Block Group 1, Census Tract 9633, Rutland County, Vermont","0","0","0"
"1000000US500219633001017","Block 1017, Block Group 1, Census Tract 9633, Rutland County, Vermont","5","4","1"
"1000000US500219633001018","Block 1018, Block Group 1, Census Tract 9633, Rutland County, Vermont","37","32","5"
"1000000US500219633001019","Block 1019, Block Group 1, Census Tract 9633, Rutland County, Vermont","26","23","3"
"1000000US500219633001020","Block 1020, Block Group 1, Census Tract 9633, Rutland County, Vermont","0","0","0"
"1000000US500219633001021","Block 1021, Block Group 1, Census Tract 9633, Rutland County, Vermont","0","0","0"
"1000000US500219633001022","Block 1022, Block Group 1, Census Tract 9633, Rutland County, Vermont","11","10","1"
"1000000US500219633001023","Block 1023, Block Group 1, Census Tract 9633, Rutland County, Vermont","17","15","2"
"1000000US500219633001024","Block 1024, Block Group 1, Census Tract 9633, Rutland County, Vermont","4","4","0"
"1000000US500219633001025","Block 1025, Block Group 1, Census Tract 9633, Rutland County, Vermont","0","0","0"
"1000000US500219633001026","Block 1026, Block Group 1, Census Tract 9633, Rutland County, Vermont","0","0","0"
"1000000US500219633001027","Block 1027, Block Group 1, Census Tract 9633, Rutland County, Vermont","2","2","0"
"1000000US500219633001028","Block 1028, Block Group 1, Census Tract 9633, Rutland County, Vermont","0","0","0"
"1000000US500219633001029","Block 1029, Block Group 1, Census Tract 9633, Rutland County, Vermont","5","5","0"
"1000000US500219633001030","Block 1030, Block Group 1, Census Tract 9633, Rutland County, Vermont","10","9","1"
"1000000US500219633001031","Block 1031, Block Group 1, Census Tract 9633, Rutland County, Vermont","44","42","2"
"1000000US500219633001032","Block 1032, Block Group 1, Census Tract 9633, Rutland County, Vermont","10","10","0"
"1000000US500219633001033","Block 1033, Block Group 1, Census Tract 9633, Rutland County, Vermont","16","16","0"
"1000000US500219633002000","Block 2000, Block Group 2, Census Tract 9633, Rutland County, Vermont","216","210","6"
"1000000US500219633002001","Block 2001, Block Group 2, Census Tract 9633, Rutland County, Vermont","18","16","2"
"1000000US500219633002002","Block 2002, Block Group 2, Census Tract 9633, Rutland County, Vermont","26","24","2"
"1000000US500219633002003","Block 2003, Block Group 2, Census Tract 9633, Rutland County, Vermont","36","31","5"
"1000000US500219633002004","Block 2004, Block Group 2, Census Tract 9633, Rutland County, Vermont","20","18","2"
"1000000US500219633002005","Block 2005, Block Group 2, Census Tract 9633, Rutland County, Vermont","31","30","1"
"1000000US500219633002006","Block 2006, Block Group 2, Census Tract 9633, Rutland County, Vermont","15","13","2"
"1000000US500219633002007","Block 2007, Block Group 2, Census Tract 9633, Rutland County, Vermont","0","0","0"
"1000000US500219633002008","Block 2008, Block Group 2, Census Tract 9633, Rutland County, Vermont","15","14","1"
"1000000US500219633002009","Block 2009, Block Group 2, Census Tract 9633, Rutland County, Vermont","18","15","3"
"1000000US500219633002010","Block 2010, Block Group 2, Census Tract 9633, Rutland County, Vermont","5","4","1"
"1000000US500219633002011","Block 2011, Block Group 2, Census Tract 9633, Rutland County, Vermont","3","3","0"
"1000000US500219633002012","Block 2012, Block Group 2, Census Tract 9633, Rutland County, Vermont","1","1","0"
"1000000US500219633002013","Block 2013, Block Group 2, Census Tract 9633, Rutland County, Vermont","0","0","0"
"1000000US500219633002014","Block 2014, Block Group 2, Census Tract 9633, Rutland County, Vermont","0","0","0"
"1000000US500219633002015","Block 2015, Block Group 2, Census Tract 9633, Rutland County, Vermont","18","17","1"
"1000000US500219633002016","Block 2016, Block Group 2, Census Tract 9633, Rutland County, Vermont","9","9","0"
"1000000US500219633003000","Block 3000, Block Group 3, Census Tract 9633, Rutland County, Vermont","0","0","0"
"1000000US500219633003001","Block 3001, Block Group 3, Census Tract 9633, Rutland County, Vermont","39","32","7"
"1000000US500219633003002","Block 3002, Block Group 3, Census Tract 9633, Rutland County, Vermont","38","33","5"
"1000000US500219633003003","Block 3003, Block Group 3, Census Tract 9633, Rutland County, Vermont","64","56","8"
"1000000US500219633003004","Block 3004, Block Group 3, Census Tract 9633, Rutland County, Vermont","55","46","9"
"1000000US500219633003005","Block 3005, Block Group 3, Census Tract 9633, Rutland County, Vermont","0","0","0"
"1000000US500219633003006","Block 3006, Block Group 3, Census Tract 9633, Rutland County, Vermont","4","4","0"
"1000000US500219633003007","Block 3007, Block Group 3, Census Tract 9633, Rutland County, Vermont","0","0","0"
"1000000US500219633003008","Block 3008, Block Group 3, Census Tract 9633, Rutland County, Vermont","0","0","0"
"1000000US500219633003009","Block 3009, Block Group 3, Census Tract 9633, Rutland County, Vermont","0","0","0"
"1000000US500219633003010","Block 3010, Block Group 3, Census Tract 9633, Rutland County, Vermont","5","4","1"
"1000000US500219633003011","Block 3011, Block Group 3, Census Tract 9633, Rutland County, Vermont","0","0","0"
"1000000US500219633003012","Block 3012, Block Group 3, Census Tract 9633, Rutland County, Vermont","0","0","0"
"1000000US500219633003013","Block 3013, Block Group 3, Census Tract 9633, Rutland County, Vermont","0","0","0"
"1000000US500219633003014","Block 3014, Block Group 3, Census Tract 9633, Rutland County, Vermont","69","59","10"
"1000000US500219633003015","Block 3015, Block Group 3, Census Tract 9633, Rutland County, Vermont","59","49","10"
"1000000US500219633003016","Block 3016, Block Group 3, Census Tract 9633, Rutland County, Vermont","58","48","10"
"1000000US500219633003017","Block 3017, Block Group 3, Census Tract 9633, Rutland County, Vermont","2","2","0"
"1000000US500219633003018","Block 3018, Block Group 3, Census Tract 9633, Rutland County, Vermont","29","28","1"
"1000000US500219633003019","Block 3019, Block Group 3, Census Tract 9633, Rutland County, Vermont","15","10","5"
"1000000US500219633003020","Block 3020, Block Group 3, Census Tract 9633, Rutland County, Vermont","0","0","0"
"1000000US500219633003021","Block 3021, Block Group 3, Census Tract 9633, Rutland County, Vermont","0","0","0"
"1000000US500219633003022","Block 3022, Block Group 3, Census Tract 9633, Rutland County, Vermont","0","0","0"
"1000000US500219633003023","Block 3023, Block Group 3, Census Tract 9633, Rutland County, Vermont","0","0","0"
"1000000US500219633003024","Block 3024, Block Group 3, Census Tract 9633, Rutland County, Vermont","0","0","0"
"1000000US500219633003025","Block 3025, Block Group 3, Census Tract 9633, Rutland County, Vermont","8","6","2"
"1000000US500219633003026","Block 3026, Block Group 3, Census Tract 9633, Rutland County, Vermont","26","25","1"
"1000000US500219633003027","Block 3027, Block Group 3, Census Tract 9633, Rutland County, Vermont","11","11","0"
"1000000US500219633003028","Block 3028, Block Group 3, Census Tract 9633, Rutland County, Vermont","0","0","0"
"1000000US500219633004000","Block 4000, Block Group 4, Census Tract 9633, Rutland County, Vermont","0","0","0"
"1000000US500219633004001","Block 4001, Block Group 4, Census Tract 9633, Rutland County, Vermont","25","22","3"
"1000000US500219633004002","Block 4002, Block Group 4, Census Tract 9633, Rutland County, Vermont","42","35","7"
"1000000US500219633004003","Block 4003, Block Group 4, Census Tract 9633, Rutland County, Vermont","2","2","0"
"1000000US500219633004004","Block 4004, Block Group 4, Census Tract 9633, Rutland County, Vermont","70","63","7"
"1000000US500219633004005","Block 4005, Block Group 4, Census Tract 9633, Rutland County, Vermont","34","29","5"
"1000000US500219633004006","Block 4006, Block Group 4, Census Tract 9633, Rutland County, Vermont","0","0","0"
"1000000US500219633004007","Block 4007, Block Group 4, Census Tract 9633, Rutland County, Vermont","26","25","1"
"1000000US500219633004008","Block 4008, Block Group 4, Census Tract 9633, Rutland County, Vermont","0","0","0"
"1000000US500219633004009","Block 4009, Block Group 4, Census Tract 9633, Rutland County, Vermont","45","35","10"
"1000000US500219633004010","Block 4010, Block Group 4, Census Tract 9633, Rutland County, Vermont","46","40","6"
"1000000US500219633004011","Block 4011, Block Group 4, Census Tract 9633, Rutland County, Vermont","18","16","2"
"1000000US500219633004012","Block 4012, Block Group 4, Census Tract 9633, Rutland County, Vermont","3","3","0"
"1000000US500219633004013","Block 4013, Block Group 4, Census Tract 9633, Rutland County, Vermont","33","27","6"
"1000000US500219633004014","Block 4014, Block Group 4, Census Tract 9633, Rutland County, Vermont","24","19","5"
"1000000US500219633005000","Block 5000, Block Group 5, Census Tract 9633, Rutland County, Vermont","25","23","2"
"1000000US500219633005001","Block 5001, Block Group 5, Census Tract 9633, Rutland County, Vermont","30","25","5"
"1000000US500219633005002","Block 5002, Block Group 5, Census Tract 9633, Rutland County, Vermont","19","15","4"
"1000000US500219633005003","Block 5003, Block Group 5, Census Tract 9633, Rutland County, Vermont","26","24","2"
"1000000US500219633005004","Block 5004, Block Group 5, Census Tract 9633, Rutland County, Vermont","19","17","2"
"1000000US500219633005005","Block 5005, Block Group 5, Census Tract 9633, Rutland County, Vermont","34","29","5"
"1000000US500219633005006","Block 5006, Block Group 5, Census Tract 9633, Rutland County, Vermont","11","9","2"
"1000000US500219633005007","Block 5007, Block Group 5, Census Tract 9633, Rutland County, Vermont","107","102","5"
"1000000US500219633006000","Block 6000, Block Group 6, Census Tract 9633, Rutland County, Vermont","0","0","0"
"1000000US500219633006001","Block 6001, Block Group 6, Census Tract 9633, Rutland County, Vermont","0","0","0"
"1000000US500219633006002","Block 6002, Block Group 6, Census Tract 9633, Rutland County, Vermont","0","0","0"
"1000000US500219633006003","Block 6003, Block Group 6, Census Tract 9633, Rutland County, Vermont","0","0","0"
"1000000US500219633006004","Block 6004, Block Group 6, Census Tract 9633, Rutland County, Vermont","0","0","0"
"1000000US500219633006005","Block 6005, Block Group 6, Census Tract 9633, Rutland County, Vermont","0","0","0"
"1000000US500219633006006","Block 6006, Block Group 6, Census Tract 9633, Rutland County, Vermont","0","0","0"
"1000000US500219633006007","Block 6007, Block Group 6, Census Tract 9633, Rutland County, Vermont","1","1","0"
"1000000US500219633006008","Block 6008, Block Group 6, Census Tract 9633, Rutland County, Vermont","28","26","2"
"1000000US500219633006009","Block 6009, Block Group 6, Census Tract 9633, Rutland County, Vermont","46","42","4"
"1000000US500219633006010","Block 6010, Block Group 6, Census Tract 9633, Rutland County, Vermont","75","67","8"
"1000000US500219633006011","Block 6011, Block Group 6, Census Tract 9633, Rutland County, Vermont","0","0","0"
"1000000US500219633006012","Block 6012, Block Group 6, Census Tract 9633, Rutland County, Vermont","19","15","4"
"1000000US500219633006013","Block 6013, Block Group 6, Census Tract 9633, Rutland County, Vermont","25","23","2"
"1000000US500219633006014","Block 6014, Block Group 6, Census Tract 9633, Rutland County, Vermont","4","4","0"
"1000000US500219633006015","Block 6015, Block Group 6, Census Tract 9633, Rutland County, Vermont","6","6","0"
"1000000US500219633006016","Block 6016, Block Group 6, Census Tract 9633, Rutland County, Vermont","1","1","0"
"1000000US500219633006017","Block 6017, Block Group 6, Census Tract 9633, Rutland County, Vermont","5","5","0"
"1000000US500219633006018","Block 6018, Block Group 6, Census Tract 9633, Rutland County, Vermont","0","0","0"
"1000000US500219633006019","Block 6019, Block Group 6, Census Tract 9633, Rutland County, Vermont","0","0","0"
"1000000US500219633006020","Block 6020, Block Group 6, Census Tract 9633, Rutland County, Vermont","0","0","0"
"1000000US500219633006021","Block 6021, Block Group 6, Census Tract 9633, Rutland County, Vermont","0","0","0"
"1000000US500219633006022","Block 6022, Block Group 6, Census Tract 9633, Rutland County, Vermont","0","0","0"
"1000000US500219633006023","Block 6023, Block Group 6, Census Tract 9633, Rutland County, Vermont","0","0","0"
"1000000US500219633006024","Block 6024, Block Group 6, Census Tract 9633, Rutland County, Vermont","168","154","14"
"1000000US500219633006025","Block 6025, Block Group 6, Census Tract 9633, Rutland County, Vermont","39","37","2"
"1000000US500219633006026","Block 6026, Block Group 6, Census Tract 9633, Rutland County, Vermont","0","0","0"
"1000000US500219633006027","Block 6027, Block Group 6, Census Tract 9633, Rutland County, Vermont","0","0","0"
"1000000US500219633006028","Block 6028, Block Group 6, Census Tract 9633, Rutland County, Vermont","0","0","0"
"1000000US500219633006029","Block 6029, Block Group 6, Census Tract 9633, Rutland County, Vermont","0","0","0"
"1000000US500219633006030","Block 6030, Block Group 6, Census Tract 9633, Rutland County, Vermont","0","0","0"
"1000000US500219633006031","Block 6031, Block Group 6, Census Tract 9633, Rutland County, Vermont","0","0","0"
"1000000US500219633006032","Block 6032, Block Group 6, Census Tract 9633, Rutland County, Vermont","0","0","0"
"1000000US500219633006033","Block 6033, Block Group 6, Census Tract 9633, Rutland County, Vermont","10","10","0"
"1000000US500219633006034","Block 6034, Block Group 6, Census Tract 9633, Rutland County, Vermont","6","6","0"
"1000000US500219633006035","Block 6035, Block Group 6, Census Tract 9633, Rutland County, Vermont","38","38","0"
"1000000US500219633006036","Block 6036, Block Group 6, Census Tract 9633, Rutland County, Vermont","0","0","0"
"1000000US500219633006037","Block 6037, Block Group 6, Census Tract 9633, Rutland County, Vermont","0","0","0"
"1000000US500219633006038","Block 6038, Block Group 6, Census Tract 9633, Rutland County, Vermont","0","0","0"
"1000000US500219633006039","Block 6039, Block Group 6, Census Tract 9633, Rutland County, Vermont","0","0","0"
"1000000US500219633006040","Block 6040, Block Group 6, Census Tract 9633, Rutland County, Vermont","0","0","0"
"1000000US500219633006041","Block 6041, Block Group 6, Census Tract 9633, Rutland County, Vermont","0","0","0"
"1000000US500219633006042","Block 6042, Block Group 6, Census Tract 9633, Rutland County, Vermont","0","0","0"
"1000000US500219633006043","Block 6043, Block Group 6, Census Tract 9633, Rutland County, Vermont","3","3","0"
"1000000US500219633006044","Block 6044, Block Group 6, Census Tract 9633, Rutland County, Vermont","0","0","0"
"1000000US500219633006045","Block 6045, Block Group 6, Census Tract 9633, Rutland County, Vermont","15","14","1"
"1000000US500219633006046","Block 6046, Block Group 6, Census Tract 9633, Rutland County, Vermont","19","17","2"
"1000000US500219633006047","Block 6047, Block Group 6, Census Tract 9633, Rutland County, Vermont","0","0","0"
"1000000US500219634001000","Block 1000, Block Group 1, Census Tract 9634, Rutland County, Vermont","0","0","0"
"1000000US500219634001001","Block 1001, Block Group 1, Census Tract 9634, Rutland County, Vermont","1","0","1"
"1000000US500219634001002","Block 1002, Block Group 1, Census Tract 9634, Rutland County, Vermont","1","1","0"
"1000000US500219634001003","Block 1003, Block Group 1, Census Tract 9634, Rutland County, Vermont","0","0","0"
"1000000US500219634001004","Block 1004, Block Group 1, Census Tract 9634, Rutland County, Vermont","0","0","0"
"1000000US500219634001005","Block 1005, Block Group 1, Census Tract 9634, Rutland County, Vermont","0","0","0"
"1000000US500219634001006","Block 1006, Block Group 1, Census Tract 9634, Rutland County, Vermont","0","0","0"
"1000000US500219634001007","Block 1007, Block Group 1, Census Tract 9634, Rutland County, Vermont","1","1","0"
"1000000US500219634001008","Block 1008, Block Group 1, Census Tract 9634, Rutland County, Vermont","13","13","0"
"1000000US500219634001009","Block 1009, Block Group 1, Census Tract 9634, Rutland County, Vermont","5","5","0"
"1000000US500219634001010","Block 1010, Block Group 1, Census Tract 9634, Rutland County, Vermont","4","4","0"
"1000000US500219634001011","Block 1011, Block Group 1, Census Tract 9634, Rutland County, Vermont","0","0","0"
"1000000US500219634001012","Block 1012, Block Group 1, Census Tract 9634, Rutland County, Vermont","0","0","0"
"1000000US500219634001013","Block 1013, Block Group 1, Census Tract 9634, Rutland County, Vermont","31","31","0"
"1000000US500219634001014","Block 1014, Block Group 1, Census Tract 9634, Rutland County, Vermont","21","19","2"
"1000000US500219634001015","Block 1015, Block Group 1, Census Tract 9634, Rutland County, Vermont","7","7","0"
"1000000US500219634001016","Block 1016, Block Group 1, Census Tract 9634, Rutland County, Vermont","31","27","4"
"1000000US500219634001017","Block 1017, Block Group 1, Census Tract 9634, Rutland County, Vermont","15","15","0"
"1000000US500219634001018","Block 1018, Block Group 1, Census Tract 9634, Rutland County, Vermont","9","8","1"
"1000000US500219634001019","Block 1019, Block Group 1, Census Tract 9634, Rutland County, Vermont","7","6","1"
"1000000US500219634001020","Block 1020, Block Group 1, Census Tract 9634, Rutland County, Vermont","0","0","0"
"1000000US500219634001021","Block 1021, Block Group 1, Census Tract 9634, Rutland County, Vermont","13","12","1"
"1000000US500219634001022","Block 1022, Block Group 1, Census Tract 9634, Rutland County, Vermont","0","0","0"
"1000000US500219634001023","Block 1023, Block Group 1, Census Tract 9634, Rutland County, Vermont","17","16","1"
"1000000US500219634001024","Block 1024, Block Group 1, Census Tract 9634, Rutland County, Vermont","0","0","0"
"1000000US500219634001025","Block 1025, Block Group 1, Census Tract 9634, Rutland County, Vermont","0","0","0"
"1000000US500219634001026","Block 1026, Block Group 1, Census Tract 9634, Rutland County, Vermont","0","0","0"
"1000000US500219634001027","Block 1027, Block Group 1, Census Tract 9634, Rutland County, Vermont","2","1","1"
"1000000US500219634001028","Block 1028, Block Group 1, Census Tract 9634, Rutland County, Vermont","0","0","0"
"1000000US500219634001029","Block 1029, Block Group 1, Census Tract 9634, Rutland County, Vermont","0","0","0"
"1000000US500219634001030","Block 1030, Block Group 1, Census Tract 9634, Rutland County, Vermont","0","0","0"
"1000000US500219634001031","Block 1031, Block Group 1, Census Tract 9634, Rutland County, Vermont","11","11","0"
"1000000US500219634001032","Block 1032, Block Group 1, Census Tract 9634, Rutland County, Vermont","0","0","0"
"1000000US500219634001033","Block 1033, Block Group 1, Census Tract 9634, Rutland County, Vermont","17","16","1"
"1000000US500219634001034","Block 1034, Block Group 1, Census Tract 9634, Rutland County, Vermont","19","15","4"
"1000000US500219634001035","Block 1035, Block Group 1, Census Tract 9634, Rutland County, Vermont","20","20","0"
"1000000US500219634001036","Block 1036, Block Group 1, Census Tract 9634, Rutland County, Vermont","0","0","0"
"1000000US500219634001037","Block 1037, Block Group 1, Census Tract 9634, Rutland County, Vermont","5","5","0"
"1000000US500219634001038","Block 1038, Block Group 1, Census Tract 9634, Rutland County, Vermont","0","0","0"
"1000000US500219634001039","Block 1039, Block Group 1, Census Tract 9634, Rutland County, Vermont","25","25","0"
"1000000US500219634001040","Block 1040, Block Group 1, Census Tract 9634, Rutland County, Vermont","2","2","0"
"1000000US500219634001041","Block 1041, Block Group 1, Census Tract 9634, Rutland County, Vermont","1","1","0"
"1000000US500219634001042","Block 1042, Block Group 1, Census Tract 9634, Rutland County, Vermont","3","3","0"
"1000000US500219634001043","Block 1043, Block Group 1, Census Tract 9634, Rutland County, Vermont","1","1","0"
"1000000US500219634001044","Block 1044, Block Group 1, Census Tract 9634, Rutland County, Vermont","37","33","4"
"1000000US500219634001045","Block 1045, Block Group 1, Census Tract 9634, Rutland County, Vermont","2","2","0"
"1000000US500219634001046","Block 1046, Block Group 1, Census Tract 9634, Rutland County, Vermont","5","3","2"
"1000000US500219634001047","Block 1047, Block Group 1, Census Tract 9634, Rutland County, Vermont","6","5","1"
"1000000US500219634001048","Block 1048, Block Group 1, Census Tract 9634, Rutland County, Vermont","0","0","0"
"1000000US500219634001049","Block 1049, Block Group 1, Census Tract 9634, Rutland County, Vermont","0","0","0"
"1000000US500219634001050","Block 1050, Block Group 1, Census Tract 9634, Rutland County, Vermont","0","0","0"
"1000000US500219634001051","Block 1051, Block Group 1, Census Tract 9634, Rutland County, Vermont","2","1","1"
"1000000US500219634001052","Block 1052, Block Group 1, Census Tract 9634, Rutland County, Vermont","9","9","0"
"1000000US500219634001053","Block 1053, Block Group 1, Census Tract 9634, Rutland County, Vermont","1","0","1"
"1000000US500219634001054","Block 1054, Block Group 1, Census Tract 9634, Rutland County, Vermont","1","1","0"
"1000000US500219634001055","Block 1055, Block Group 1, Census Tract 9634, Rutland County, Vermont","0","0","0"
"1000000US500219634001056","Block 1056, Block Group 1, Census Tract 9634, Rutland County, Vermont","0","0","0"
"1000000US500219634001057","Block 1057, Block Group 1, Census Tract 9634, Rutland County, Vermont","0","0","0"
"1000000US500219634001058","Block 1058, Block Group 1, Census Tract 9634, Rutland County, Vermont","0","0","0"
"1000000US500219634001059","Block 1059, Block Group 1, Census Tract 9634, Rutland County, Vermont","0","0","0"
"1000000US500219634001060","Block 1060, Block Group 1, Census Tract 9634, Rutland County, Vermont","60","57","3"
"1000000US500219634001061","Block 1061, Block Group 1, Census Tract 9634, Rutland County, Vermont","5","5","0"
"1000000US500219634001062","Block 1062, Block Group 1, Census Tract 9634, Rutland County, Vermont","5","5","0"
"1000000US500219634001063","Block 1063, Block Group 1, Census Tract 9634, Rutland County, Vermont","0","0","0"
"1000000US500219634001064","Block 1064, Block Group 1, Census Tract 9634, Rutland County, Vermont","34","33","1"
"1000000US500219634001065","Block 1065, Block Group 1, Census Tract 9634, Rutland County, Vermont","0","0","0"
"1000000US500219634001066","Block 1066, Block Group 1, Census Tract 9634, Rutland County, Vermont","3","3","0"
"1000000US500219634001067","Block 1067, Block Group 1, Census Tract 9634, Rutland County, Vermont","17","14","3"
"1000000US500219634001068","Block 1068, Block Group 1, Census Tract 9634, Rutland County, Vermont","0","0","0"
"1000000US500219634001069","Block 1069, Block Group 1, Census Tract 9634, Rutland County, Vermont","0","0","0"
"1000000US500219634001070","Block 1070, Block Group 1, Census Tract 9634, Rutland County, Vermont","1","1","0"
"1000000US500219634001071","Block 1071, Block Group 1, Census Tract 9634, Rutland County, Vermont","0","0","0"
"1000000US500219634001072","Block 1072, Block Group 1, Census Tract 9634, Rutland County, Vermont","0","0","0"
"1000000US500219634002000","Block 2000, Block Group 2, Census Tract 9634, Rutland County, Vermont","13","11","2"
"1000000US500219634002001","Block 2001, Block Group 2, Census Tract 9634, Rutland County, Vermont","0","0","0"
"1000000US500219634002002","Block 2002, Block Group 2, Census Tract 9634, Rutland County, Vermont","0","0","0"
"1000000US500219634002003","Block 2003, Block Group 2, Census Tract 9634, Rutland County, Vermont","0","0","0"
"1000000US500219634002004","Block 2004, Block Group 2, Census Tract 9634, Rutland County, Vermont","7","7","0"
"1000000US500219634002005","Block 2005, Block Group 2, Census Tract 9634, Rutland County, Vermont","43","39","4"
"1000000US500219634002006","Block 2006, Block Group 2, Census Tract 9634, Rutland County, Vermont","1","0","1"
"1000000US500219634002007","Block 2007, Block Group 2, Census Tract 9634, Rutland County, Vermont","14","12","2"
"1000000US500219634002008","Block 2008, Block Group 2, Census Tract 9634, Rutland County, Vermont","0","0","0"
"1000000US500219634002009","Block 2009, Block Group 2, Census Tract 9634, Rutland County, Vermont","6","6","0"
"1000000US500219634002010","Block 2010, Block Group 2, Census Tract 9634, Rutland County, Vermont","13","13","0"
"1000000US500219634002011","Block 2011, Block Group 2, Census Tract 9634, Rutland County, Vermont","0","0","0"
"1000000US500219634002012","Block 2012, Block Group 2, Census Tract 9634, Rutland County, Vermont","86","82","4"
"1000000US500219634002013","Block 2013, Block Group 2, Census Tract 9634, Rutland County, Vermont","0","0","0"
"1000000US500219634002014","Block 2014, Block Group 2, Census Tract 9634, Rutland County, Vermont","14","14","0"
"1000000US500219634002015","Block 2015, Block Group 2, Census Tract 9634, Rutland County, Vermont","1","1","0"
"1000000US500219634002016","Block 2016, Block Group 2, Census Tract 9634, Rutland County, Vermont","0","0","0"
"1000000US500219634002017","Block 2017, Block Group 2, Census Tract 9634, Rutland County, Vermont","2","2","0"
"1000000US500219634002018","Block 2018, Block Group 2, Census Tract 9634, Rutland County, Vermont","0","0","0"
"1000000US500219634002019","Block 2019, Block Group 2, Census Tract 9634, Rutland County, Vermont","0","0","0"
"1000000US500219634002020","Block 2020, Block Group 2, Census Tract 9634, Rutland County, Vermont","0","0","0"
"1000000US500219634002021","Block 2021, Block Group 2, Census Tract 9634, Rutland County, Vermont","0","0","0"
"1000000US500219634002022","Block 2022, Block Group 2, Census Tract 9634, Rutland County, Vermont","6","2","4"
"1000000US500219634002023","Block 2023, Block Group 2, Census Tract 9634, Rutland County, Vermont","0","0","0"
"1000000US500219634002024","Block 2024, Block Group 2, Census Tract 9634, Rutland County, Vermont","2","2","0"
"1000000US500219634002025","Block 2025, Block Group 2, Census Tract 9634, Rutland County, Vermont","5","5","0"
"1000000US500219634002026","Block 2026, Block Group 2, Census Tract 9634, Rutland County, Vermont","13","12","1"
"1000000US500219634002027","Block 2027, Block Group 2, Census Tract 9634, Rutland County, Vermont","1","1","0"
"1000000US500219634002028","Block 2028, Block Group 2, Census Tract 9634, Rutland County, Vermont","0","0","0"
"1000000US500219634002029","Block 2029, Block Group 2, Census Tract 9634, Rutland County, Vermont","33","29","4"
"1000000US500219634002030","Block 2030, Block Group 2, Census Tract 9634, Rutland County, Vermont","0","0","0"
"1000000US500219634002031","Block 2031, Block Group 2, Census Tract 9634, Rutland County, Vermont","0","0","0"
"1000000US500219634002032","Block 2032, Block Group 2, Census Tract 9634, Rutland County, Vermont","1","1","0"
"1000000US500219634002033","Block 2033, Block Group 2, Census Tract 9634, Rutland County, Vermont","0","0","0"
"1000000US500219634002034","Block 2034, Block Group 2, Census Tract 9634, Rutland County, Vermont","1","1","0"
"1000000US500219634002035","Block 2035, Block Group 2, Census Tract 9634, Rutland County, Vermont","8","6","2"
"1000000US500219634002036","Block 2036, Block Group 2, Census Tract 9634, Rutland County, Vermont","0","0","0"
"1000000US500219634002037","Block 2037, Block Group 2, Census Tract 9634, Rutland County, Vermont","3","3","0"
"1000000US500219634002038","Block 2038, Block Group 2, Census Tract 9634, Rutland County, Vermont","6","6","0"
"1000000US500219634002039","Block 2039, Block Group 2, Census Tract 9634, Rutland County, Vermont","1","1","0"
"1000000US500219634002040","Block 2040, Block Group 2, Census Tract 9634, Rutland County, Vermont","2","2","0"
"1000000US500219634002041","Block 2041, Block Group 2, Census Tract 9634, Rutland County, Vermont","25","24","1"
"1000000US500219634002042","Block 2042, Block Group 2, Census Tract 9634, Rutland County, Vermont","0","0","0"
"1000000US500219634002043","Block 2043, Block Group 2, Census Tract 9634, Rutland County, Vermont","2","2","0"
"1000000US500219634002044","Block 2044, Block Group 2, Census Tract 9634, Rutland County, Vermont","0","0","0"
"1000000US500219634002045","Block 2045, Block Group 2, Census Tract 9634, Rutland County, Vermont","30","27","3"
"1000000US500219634002046","Block 2046, Block Group 2, Census Tract 9634, Rutland County, Vermont","2","2","0"
"1000000US500219634002047","Block 2047, Block Group 2, Census Tract 9634, Rutland County, Vermont","3","3","0"
"1000000US500219634002048","Block 2048, Block Group 2, Census Tract 9634, Rutland County, Vermont","0","0","0"
"1000000US500219634002049","Block 2049, Block Group 2, Census Tract 9634, Rutland County, Vermont","31","28","3"
"1000000US500219634002050","Block 2050, Block Group 2, Census Tract 9634, Rutland County, Vermont","0","0","0"
"1000000US500219634002051","Block 2051, Block Group 2, Census Tract 9634, Rutland County, Vermont","61","57","4"
"1000000US500219634002052","Block 2052, Block Group 2, Census Tract 9634, Rutland County, Vermont","38","35","3"
"1000000US500219634002053","Block 2053, Block Group 2, Census Tract 9634, Rutland County, Vermont","3","2","1"
"1000000US500219634002054","Block 2054, Block Group 2, Census Tract 9634, Rutland County, Vermont","0","0","0"
"1000000US500219634002055","Block 2055, Block Group 2, Census Tract 9634, Rutland County, Vermont","0","0","0"
"1000000US500219634002056","Block 2056, Block Group 2, Census Tract 9634, Rutland County, Vermont","18","15","3"
"1000000US500219634002057","Block 2057, Block Group 2, Census Tract 9634, Rutland County, Vermont","4","4","0"
"1000000US500219634002058","Block 2058, Block Group 2, Census Tract 9634, Rutland County, Vermont","1","1","0"
"1000000US500219634002059","Block 2059, Block Group 2, Census Tract 9634, Rutland County, Vermont","9","9","0"
"1000000US500219634002060","Block 2060, Block Group 2, Census Tract 9634, Rutland County, Vermont","27","24","3"
"1000000US500219634002061","Block 2061, Block Group 2, Census Tract 9634, Rutland County, Vermont","0","0","0"
"1000000US500219634002062","Block 2062, Block Group 2, Census Tract 9634, Rutland County, Vermont","25","23","2"
"1000000US500219634002063","Block 2063, Block Group 2, Census Tract 9634, Rutland County, Vermont","22","21","1"
"1000000US500219634002064","Block 2064, Block Group 2, Census Tract 9634, Rutland County, Vermont","12","10","2"
"1000000US500219634002065","Block 2065, Block Group 2, Census Tract 9634, Rutland County, Vermont","5","4","1"
"1000000US500219634002066","Block 2066, Block Group 2, Census Tract 9634, Rutland County, Vermont","0","0","0"
"1000000US500219634002067","Block 2067, Block Group 2, Census Tract 9634, Rutland County, Vermont","0","0","0"
"1000000US500219634002068","Block 2068, Block Group 2, Census Tract 9634, Rutland County, Vermont","7","5","2"
"1000000US500219634002069","Block 2069, Block Group 2, Census Tract 9634, Rutland County, Vermont","7","5","2"
"1000000US500219634002070","Block 2070, Block Group 2, Census Tract 9634, Rutland County, Vermont","30","27","3"
"1000000US500219634002071","Block 2071, Block Group 2, Census Tract 9634, Rutland County, Vermont","0","0","0"
"1000000US500219634002072","Block 2072, Block Group 2, Census Tract 9634, Rutland County, Vermont","1","1","0"
"1000000US500219634002073","Block 2073, Block Group 2, Census Tract 9634, Rutland County, Vermont","0","0","0"
"1000000US500219634002074","Block 2074, Block Group 2, Census Tract 9634, Rutland County, Vermont","1","1","0"
"1000000US500219634002075","Block 2075, Block Group 2, Census Tract 9634, Rutland County, Vermont","0","0","0"
"1000000US500219634002076","Block 2076, Block Group 2, Census Tract 9634, Rutland County, Vermont","18","18","0"
"1000000US500219634002077","Block 2077, Block Group 2, Census Tract 9634, Rutland County, Vermont","0","0","0"
"1000000US500219634002078","Block 2078, Block Group 2, Census Tract 9634, Rutland County, Vermont","1","1","0"
"1000000US500219634002079","Block 2079, Block Group 2, Census Tract 9634, Rutland County, Vermont","4","4","0"
"1000000US500219634002080","Block 2080, Block Group 2, Census Tract 9634, Rutland County, Vermont","6","5","1"
"1000000US500219634002081","Block 2081, Block Group 2, Census Tract 9634, Rutland County, Vermont","0","0","0"
"1000000US500219634002082","Block 2082, Block Group 2, Census Tract 9634, Rutland County, Vermont","4","4","0"
"1000000US500219634002083","Block 2083, Block Group 2, Census Tract 9634, Rutland County, Vermont","0","0","0"
"1000000US500219634002084","Block 2084, Block Group 2, Census Tract 9634, Rutland County, Vermont","0","0","0"
"1000000US500219634002085","Block 2085, Block Group 2, Census Tract 9634, Rutland County, Vermont","4","3","1"
"1000000US500219634002086","Block 2086, Block Group 2, Census Tract 9634, Rutland County, Vermont","1","1","0"
"1000000US500219634002087","Block 2087, Block Group 2, Census Tract 9634, Rutland County, Vermont","0","0","0"
"1000000US500219634002088","Block 2088, Block Group 2, Census Tract 9634, Rutland County, Vermont","11","9","2"
"1000000US500219634002089","Block 2089, Block Group 2, Census Tract 9634, Rutland County, Vermont","1","1","0"
"1000000US500219634002090","Block 2090, Block Group 2, Census Tract 9634, Rutland County, Vermont","0","0","0"
"1000000US500219635001000","Block 1000, Block Group 1, Census Tract 9635, Rutland County, Vermont","0","0","0"
"1000000US500219635001001","Block 1001, Block Group 1, Census Tract 9635, Rutland County, Vermont","0","0","0"
"1000000US500219635001002","Block 1002, Block Group 1, Census Tract 9635, Rutland County, Vermont","0","0","0"
"1000000US500219635001003","Block 1003, Block Group 1, Census Tract 9635, Rutland County, Vermont","0","0","0"
"1000000US500219635001004","Block 1004, Block Group 1, Census Tract 9635, Rutland County, Vermont","0","0","0"
"1000000US500219635001005","Block 1005, Block Group 1, Census Tract 9635, Rutland County, Vermont","13","12","1"
"1000000US500219635001006","Block 1006, Block Group 1, Census Tract 9635, Rutland County, Vermont","0","0","0"
"1000000US500219635001007","Block 1007, Block Group 1, Census Tract 9635, Rutland County, Vermont","4","4","0"
"1000000US500219635001008","Block 1008, Block Group 1, Census Tract 9635, Rutland County, Vermont","7","7","0"
"1000000US500219635001009","Block 1009, Block Group 1, Census Tract 9635, Rutland County, Vermont","20","14","6"
"1000000US500219635001010","Block 1010, Block Group 1, Census Tract 9635, Rutland County, Vermont","2","2","0"
"1000000US500219635001011","Block 1011, Block Group 1, Census Tract 9635, Rutland County, Vermont","6","6","0"
"1000000US500219635001012","Block 1012, Block Group 1, Census Tract 9635, Rutland County, Vermont","8","8","0"
"1000000US500219635001013","Block 1013, Block Group 1, Census Tract 9635, Rutland County, Vermont","0","0","0"
"1000000US500219635001014","Block 1014, Block Group 1, Census Tract 9635, Rutland County, Vermont","25","21","4"
"1000000US500219635001015","Block 1015, Block Group 1, Census Tract 9635, Rutland County, Vermont","0","0","0"
"1000000US500219635001016","Block 1016, Block Group 1, Census Tract 9635, Rutland County, Vermont","3","3","0"
"1000000US500219635001017","Block 1017, Block Group 1, Census Tract 9635, Rutland County, Vermont","0","0","0"
"1000000US500219635001018","Block 1018, Block Group 1, Census Tract 9635, Rutland County, Vermont","4","4","0"
"1000000US500219635001019","Block 1019, Block Group 1, Census Tract 9635, Rutland County, Vermont","18","15","3"
"1000000US500219635001020","Block 1020, Block Group 1, Census Tract 9635, Rutland County, Vermont","4","4","0"
"1000000US500219635001021","Block 1021, Block Group 1, Census Tract 9635, Rutland County, Vermont","4","3","1"
"1000000US500219635001022","Block 1022, Block Group 1, Census Tract 9635, Rutland County, Vermont","3","3","0"
"1000000US500219635001023","Block 1023, Block Group 1, Census Tract 9635, Rutland County, Vermont","3","3","0"
"1000000US500219635001024","Block 1024, Block Group 1, Census Tract 9635, Rutland County, Vermont","0","0","0"
"1000000US500219635001025","Block 1025, Block Group 1, Census Tract 9635, Rutland County, Vermont","26","19","7"
"1000000US500219635001026","Block 1026, Block Group 1, Census Tract 9635, Rutland County, Vermont","7","7","0"
"1000000US500219635001027","Block 1027, Block Group 1, Census Tract 9635, Rutland County, Vermont","9","9","0"
"1000000US500219635001028","Block 1028, Block Group 1, Census Tract 9635, Rutland County, Vermont","0","0","0"
"1000000US500219635001029","Block 1029, Block Group 1, Census Tract 9635, Rutland County, Vermont","6","6","0"
"1000000US500219635001030","Block 1030, Block Group 1, Census Tract 9635, Rutland County, Vermont","21","21","0"
"1000000US500219635001031","Block 1031, Block Group 1, Census Tract 9635, Rutland County, Vermont","0","0","0"
"1000000US500219635001032","Block 1032, Block Group 1, Census Tract 9635, Rutland County, Vermont","0","0","0"
"1000000US500219635002000","Block 2000, Block Group 2, Census Tract 9635, Rutland County, Vermont","5","5","0"
"1000000US500219635002001","Block 2001, Block Group 2, Census Tract 9635, Rutland County, Vermont","2","2","0"
"1000000US500219635002002","Block 2002, Block Group 2, Census Tract 9635, Rutland County, Vermont","0","0","0"
"1000000US500219635002003","Block 2003, Block Group 2, Census Tract 9635, Rutland County, Vermont","4","4","0"
"1000000US500219635002004","Block 2004, Block Group 2, Census Tract 9635, Rutland County, Vermont","0","0","0"
"1000000US500219635002005","Block 2005, Block Group 2, Census Tract 9635, Rutland County, Vermont","3","2","1"
"1000000US500219635002006","Block 2006, Block Group 2, Census Tract 9635, Rutland County, Vermont","0","0","0"
"1000000US500219635002007","Block 2007, Block Group 2, Census Tract 9635, Rutland County, Vermont","18","12","6"
"1000000US500219635002008","Block 2008, Block Group 2, Census Tract 9635, Rutland County, Vermont","0","0","0"
"1000000US500219635002009","Block 2009, Block Group 2, Census Tract 9635, Rutland County, Vermont","4","3","1"
"1000000US500219635002010","Block 2010, Block Group 2, Census Tract 9635, Rutland County, Vermont","1","1","0"
"1000000US500219635002011","Block 2011, Block Group 2, Census Tract 9635, Rutland County, Vermont","0","0","0"
"1000000US500219635002012","Block 2012, Block Group 2, Census Tract 9635, Rutland County, Vermont","9","8","1"
"1000000US500219635002013","Block 2013, Block Group 2, Census Tract 9635, Rutland County, Vermont","0","0","0"
"1000000US500219635002014","Block 2014, Block Group 2, Census Tract 9635, Rutland County, Vermont","0","0","0"
"1000000US500219635002015","Block 2015, Block Group 2, Census Tract 9635, Rutland County, Vermont","3","3","0"
"1000000US500219635002016","Block 2016, Block Group 2, Census Tract 9635, Rutland County, Vermont","5","3","2"
"1000000US500219635002017","Block 2017, Block Group 2, Census Tract 9635, Rutland County, Vermont","0","0","0"
"1000000US500219635002018","Block 2018, Block Group 2, Census Tract 9635, Rutland County, Vermont","0","0","0"
"1000000US500219635002019","Block 2019, Block Group 2, Census Tract 9635, Rutland County, Vermont","8","6","2"
"1000000US500219635002020","Block 2020, Block Group 2, Census Tract 9635, Rutland County, Vermont","12","11","1"
"1000000US500219635002021","Block 2021, Block Group 2, Census Tract 9635, Rutland County, Vermont","1","1","0"
"1000000US500219635002022","Block 2022, Block Group 2, Census Tract 9635, Rutland County, Vermont","0","0","0"
"1000000US500219635002023","Block 2023, Block Group 2, Census Tract 9635, Rutland County, Vermont","1","1","0"
"1000000US500219635002024","Block 2024, Block Group 2, Census Tract 9635, Rutland County, Vermont","27","22","5"
"1000000US500219635002025","Block 2025, Block Group 2, Census Tract 9635, Rutland County, Vermont","8","8","0"
"1000000US500219635002026","Block 2026, Block Group 2, Census Tract 9635, Rutland County, Vermont","1","0","1"
"1000000US500219635002027","Block 2027, Block Group 2, Census Tract 9635, Rutland County, Vermont","10","9","1"
"1000000US500219635002028","Block 2028, Block Group 2, Census Tract 9635, Rutland County, Vermont","2","2","0"
"1000000US500219635002029","Block 2029, Block Group 2, Census Tract 9635, Rutland County, Vermont","11","11","0"
"1000000US500219635002030","Block 2030, Block Group 2, Census Tract 9635, Rutland County, Vermont","87","24","63"
"1000000US500219635002031","Block 2031, Block Group 2, Census Tract 9635, Rutland County, Vermont","0","0","0"
"1000000US500219635002032","Block 2032, Block Group 2, Census Tract 9635, Rutland County, Vermont","0","0","0"
"1000000US500219635002033","Block 2033, Block Group 2, Census Tract 9635, Rutland County, Vermont","0","0","0"
"1000000US500219635002034","Block 2034, Block Group 2, Census Tract 9635, Rutland County, Vermont","11","10","1"
"1000000US500219635002035","Block 2035, Block Group 2, Census Tract 9635, Rutland County, Vermont","12","12","0"
"1000000US500219635002036","Block 2036, Block Group 2, Census Tract 9635, Rutland County, Vermont","8","8","0"
"1000000US500219635002037","Block 2037, Block Group 2, Census Tract 9635, Rutland County, Vermont","72","58","14"
"1000000US500219635002038","Block 2038, Block Group 2, Census Tract 9635, Rutland County, Vermont","5","3","2"
"1000000US500219635002039","Block 2039, Block Group 2, Census Tract 9635, Rutland County, Vermont","2","2","0"
"1000000US500219635002040","Block 2040, Block Group 2, Census Tract 9635, Rutland County, Vermont","1","0","1"
"1000000US500219635002041","Block 2041, Block Group 2, Census Tract 9635, Rutland County, Vermont","5","3","2"
"1000000US500219635002042","Block 2042, Block Group 2, Census Tract 9635, Rutland County, Vermont","2","2","0"
"1000000US500219635002043","Block 2043, Block Group 2, Census Tract 9635, Rutland County, Vermont","4","4","0"
"1000000US500219635002044","Block 2044, Block Group 2, Census Tract 9635, Rutland County, Vermont","13","12","1"
"1000000US500219635002045","Block 2045, Block Group 2, Census Tract 9635, Rutland County, Vermont","1","1","0"
"1000000US500219635002046","Block 2046, Block Group 2, Census Tract 9635, Rutland County, Vermont","0","0","0"
"1000000US500219635002047","Block 2047, Block Group 2, Census Tract 9635, Rutland County, Vermont","3","1","2"
"1000000US500219635002048","Block 2048, Block Group 2, Census Tract 9635, Rutland County, Vermont","0","0","0"
"1000000US500219635002049","Block 2049, Block Group 2, Census Tract 9635, Rutland County, Vermont","1","0","1"
"1000000US500219635002050","Block 2050, Block Group 2, Census Tract 9635, Rutland County, Vermont","0","0","0"
"1000000US500219635003000","Block 3000, Block Group 3, Census Tract 9635, Rutland County, Vermont","64","46","18"
"1000000US500219635003001","Block 3001, Block Group 3, Census Tract 9635, Rutland County, Vermont","3","3","0"
"1000000US500219635003002","Block 3002, Block Group 3, Census Tract 9635, Rutland County, Vermont","0","0","0"
"1000000US500219635003003","Block 3003, Block Group 3, Census Tract 9635, Rutland County, Vermont","0","0","0"
"1000000US500219635003004","Block 3004, Block Group 3, Census Tract 9635, Rutland County, Vermont","5","3","2"
"1000000US500219635003005","Block 3005, Block Group 3, Census Tract 9635, Rutland County, Vermont","53","42","11"
"1000000US500219635003006","Block 3006, Block Group 3, Census Tract 9635, Rutland County, Vermont","0","0","0"
"1000000US500219635003007","Block 3007, Block Group 3, Census Tract 9635, Rutland County, Vermont","9","6","3"
"1000000US500219635003008","Block 3008, Block Group 3, Census Tract 9635, Rutland County, Vermont","0","0","0"
"1000000US500219635003009","Block 3009, Block Group 3, Census Tract 9635, Rutland County, Vermont","0","0","0"
"1000000US500219635003010","Block 3010, Block Group 3, Census Tract 9635, Rutland County, Vermont","3","3","0"
"1000000US500219635003011","Block 3011, Block Group 3, Census Tract 9635, Rutland County, Vermont","5","5","0"
"1000000US500219635003012","Block 3012, Block Group 3, Census Tract 9635, Rutland County, Vermont","5","5","0"
"1000000US500219635003013","Block 3013, Block Group 3, Census Tract 9635, Rutland County, Vermont","0","0","0"
"1000000US500219635003014","Block 3014, Block Group 3, Census Tract 9635, Rutland County, Vermont","35","30","5"
"1000000US500219635003015","Block 3015, Block Group 3, Census Tract 9635, Rutland County, Vermont","26","16","10"
"1000000US500219635003016","Block 3016, Block Group 3, Census Tract 9635, Rutland County, Vermont","3","2","1"
"1000000US500219635003017","Block 3017, Block Group 3, Census Tract 9635, Rutland County, Vermont","33","17","16"
"1000000US500219635003018","Block 3018, Block Group 3, Census Tract 9635, Rutland County, Vermont","0","0","0"
"1000000US500219635003019","Block 3019, Block Group 3, Census Tract 9635, Rutland County, Vermont","0","0","0"
"1000000US500219635003020","Block 3020, Block Group 3, Census Tract 9635, Rutland County, Vermont","0","0","0"
"1000000US500219635003021","Block 3021, Block Group 3, Census Tract 9635, Rutland County, Vermont","1","1","0"
"1000000US500219635003022","Block 3022, Block Group 3, Census Tract 9635, Rutland County, Vermont","0","0","0"
"1000000US500219635003023","Block 3023, Block Group 3, Census Tract 9635, Rutland County, Vermont","13","8","5"
"1000000US500219635003024","Block 3024, Block Group 3, Census Tract 9635, Rutland County, Vermont","0","0","0"
"1000000US500219635003025","Block 3025, Block Group 3, Census Tract 9635, Rutland County, Vermont","0","0","0"
"1000000US500219635003026","Block 3026, Block Group 3, Census Tract 9635, Rutland County, Vermont","0","0","0"
"1000000US500219635003027","Block 3027, Block Group 3, Census Tract 9635, Rutland County, Vermont","20","19","1"
"1000000US500219635003028","Block 3028, Block Group 3, Census Tract 9635, Rutland County, Vermont","0","0","0"
"1000000US500219635003029","Block 3029, Block Group 3, Census Tract 9635, Rutland County, Vermont","0","0","0"
"1000000US500219635003030","Block 3030, Block Group 3, Census Tract 9635, Rutland County, Vermont","0","0","0"
"1000000US500219635003031","Block 3031, Block Group 3, Census Tract 9635, Rutland County, Vermont","43","30","13"
"1000000US500219635003032","Block 3032, Block Group 3, Census Tract 9635, Rutland County, Vermont","0","0","0"
"1000000US500219635003033","Block 3033, Block Group 3, Census Tract 9635, Rutland County, Vermont","0","0","0"
"1000000US500219635003034","Block 3034, Block Group 3, Census Tract 9635, Rutland County, Vermont","0","0","0"
"1000000US500219635003035","Block 3035, Block Group 3, Census Tract 9635, Rutland County, Vermont","0","0","0"
"1000000US500219635003036","Block 3036, Block Group 3, Census Tract 9635, Rutland County, Vermont","0","0","0"
"1000000US500219635003037","Block 3037, Block Group 3, Census Tract 9635, Rutland County, Vermont","13","9","4"
"1000000US500219635003038","Block 3038, Block Group 3, Census Tract 9635, Rutland County, Vermont","0","0","0"
"1000000US500219635003039","Block 3039, Block Group 3, Census Tract 9635, Rutland County, Vermont","13","12","1"
"1000000US500219635003040","Block 3040, Block Group 3, Census Tract 9635, Rutland County, Vermont","2","2","0"
"1000000US500219635003041","Block 3041, Block Group 3, Census Tract 9635, Rutland County, Vermont","28","22","6"
"1000000US500219635003042","Block 3042, Block Group 3, Census Tract 9635, Rutland County, Vermont","16","13","3"
"1000000US500219635003043","Block 3043, Block Group 3, Census Tract 9635, Rutland County, Vermont","2","1","1"
"1000000US500219635003044","Block 3044, Block Group 3, Census Tract 9635, Rutland County, Vermont","12","10","2"
"1000000US500219635003045","Block 3045, Block Group 3, Census Tract 9635, Rutland County, Vermont","3","2","1"
"1000000US500219635003046","Block 3046, Block Group 3, Census Tract 9635, Rutland County, Vermont","6","5","1"
"1000000US500219635003047","Block 3047, Block Group 3, Census Tract 9635, Rutland County, Vermont","0","0","0"
"1000000US500219635003048","Block 3048, Block Group 3, Census Tract 9635, Rutland County, Vermont","0","0","0"
"1000000US500219635003049","Block 3049, Block Group 3, Census Tract 9635, Rutland County, Vermont","10","9","1"
"1000000US500219636001000","Block 1000, Block Group 1, Census Tract 9636, Rutland County, Vermont","23","18","5"
"1000000US500219636001001","Block 1001, Block Group 1, Census Tract 9636, Rutland County, Vermont","0","0","0"
"1000000US500219636001002","Block 1002, Block Group 1, Census Tract 9636, Rutland County, Vermont","3","3","0"
"1000000US500219636001003","Block 1003, Block Group 1, Census Tract 9636, Rutland County, Vermont","6","6","0"
"1000000US500219636001004","Block 1004, Block Group 1, Census Tract 9636, Rutland County, Vermont","0","0","0"
"1000000US500219636001005","Block 1005, Block Group 1, Census Tract 9636, Rutland County, Vermont","2","2","0"
"1000000US500219636001006","Block 1006, Block Group 1, Census Tract 9636, Rutland County, Vermont","0","0","0"
"1000000US500219636001007","Block 1007, Block Group 1, Census Tract 9636, Rutland County, Vermont","1","1","0"
"1000000US500219636001008","Block 1008, Block Group 1, Census Tract 9636, Rutland County, Vermont","0","0","0"
"1000000US500219636001009","Block 1009, Block Group 1, Census Tract 9636, Rutland County, Vermont","1","1","0"
"1000000US500219636001010","Block 1010, Block Group 1, Census Tract 9636, Rutland County, Vermont","92","80","12"
"1000000US500219636001011","Block 1011, Block Group 1, Census Tract 9636, Rutland County, Vermont","3","3","0"
"1000000US500219636001012","Block 1012, Block Group 1, Census Tract 9636, Rutland County, Vermont","6","5","1"
"1000000US500219636001013","Block 1013, Block Group 1, Census Tract 9636, Rutland County, Vermont","0","0","0"
"1000000US500219636001014","Block 1014, Block Group 1, Census Tract 9636, Rutland County, Vermont","5","5","0"
"1000000US500219636001015","Block 1015, Block Group 1, Census Tract 9636, Rutland County, Vermont","0","0","0"
"1000000US500219636001016","Block 1016, Block Group 1, Census Tract 9636, Rutland County, Vermont","0","0","0"
"1000000US500219636001017","Block 1017, Block Group 1, Census Tract 9636, Rutland County, Vermont","0","0","0"
"1000000US500219636001018","Block 1018, Block Group 1, Census Tract 9636, Rutland County, Vermont","0","0","0"
"1000000US500219636001019","Block 1019, Block Group 1, Census Tract 9636, Rutland County, Vermont","2","2","0"
"1000000US500219636001020","Block 1020, Block Group 1, Census Tract 9636, Rutland County, Vermont","2","1","1"
"1000000US500219636001021","Block 1021, Block Group 1, Census Tract 9636, Rutland County, Vermont","14","12","2"
"1000000US500219636001022","Block 1022, Block Group 1, Census Tract 9636, Rutland County, Vermont","42","31","11"
"1000000US500219636001023","Block 1023, Block Group 1, Census Tract 9636, Rutland County, Vermont","1","1","0"
"1000000US500219636001024","Block 1024, Block Group 1, Census Tract 9636, Rutland County, Vermont","4","1","3"
"1000000US500219636001025","Block 1025, Block Group 1, Census Tract 9636, Rutland County, Vermont","0","0","0"
"1000000US500219636001026","Block 1026, Block Group 1, Census Tract 9636, Rutland County, Vermont","3","2","1"
"1000000US500219636001027","Block 1027, Block Group 1, Census Tract 9636, Rutland County, Vermont","0","0","0"
"1000000US500219636001028","Block 1028, Block Group 1, Census Tract 9636, Rutland County, Vermont","9","5","4"
"1000000US500219636001029","Block 1029, Block Group 1, Census Tract 9636, Rutland County, Vermont","56","24","32"
"1000000US500219636001030","Block 1030, Block Group 1, Census Tract 9636, Rutland County, Vermont","4","0","4"
"1000000US500219636001031","Block 1031, Block Group 1, Census Tract 9636, Rutland County, Vermont","0","0","0"
"1000000US500219636001032","Block 1032, Block Group 1, Census Tract 9636, Rutland County, Vermont","18","4","14"
"1000000US500219636001033","Block 1033, Block Group 1, Census Tract 9636, Rutland County, Vermont","3","2","1"
"1000000US500219636001034","Block 1034, Block Group 1, Census Tract 9636, Rutland County, Vermont","0","0","0"
"1000000US500219636001035","Block 1035, Block Group 1, Census Tract 9636, Rutland County, Vermont","7","5","2"
"1000000US500219636001036","Block 1036, Block Group 1, Census Tract 9636, Rutland County, Vermont","1","1","0"
"1000000US500219636001037","Block 1037, Block Group 1, Census Tract 9636, Rutland County, Vermont","1","1","0"
"1000000US500219636001038","Block 1038, Block Group 1, Census Tract 9636, Rutland County, Vermont","0","0","0"
"1000000US500219636001039","Block 1039, Block Group 1, Census Tract 9636, Rutland County, Vermont","48","13","35"
"1000000US500219636001040","Block 1040, Block Group 1, Census Tract 9636, Rutland County, Vermont","1","0","1"
"1000000US500219636001041","Block 1041, Block Group 1, Census Tract 9636, Rutland County, Vermont","91","42","49"
"1000000US500219636001042","Block 1042, Block Group 1, Census Tract 9636, Rutland County, Vermont","0","0","0"
"1000000US500219636001043","Block 1043, Block Group 1, Census Tract 9636, Rutland County, Vermont","7","2","5"
"1000000US500219636001044","Block 1044, Block Group 1, Census Tract 9636, Rutland County, Vermont","0","0","0"
"1000000US500219636001045","Block 1045, Block Group 1, Census Tract 9636, Rutland County, Vermont","14","8","6"
"1000000US500219636001046","Block 1046, Block Group 1, Census Tract 9636, Rutland County, Vermont","13","1","12"
"1000000US500219636001047","Block 1047, Block Group 1, Census Tract 9636, Rutland County, Vermont","2","2","0"
"1000000US500219636001048","Block 1048, Block Group 1, Census Tract 9636, Rutland County, Vermont","2","1","1"
"1000000US500219636001049","Block 1049, Block Group 1, Census Tract 9636, Rutland County, Vermont","20","9","11"
"1000000US500219636001050","Block 1050, Block Group 1, Census Tract 9636, Rutland County, Vermont","6","2","4"
"1000000US500219636001051","Block 1051, Block Group 1, Census Tract 9636, Rutland County, Vermont","2","2","0"
"1000000US500219636001052","Block 1052, Block Group 1, Census Tract 9636, Rutland County, Vermont","0","0","0"
"1000000US500219636001053","Block 1053, Block Group 1, Census Tract 9636, Rutland County, Vermont","2","0","2"
"1000000US500219636001054","Block 1054, Block Group 1, Census Tract 9636, Rutland County, Vermont","0","0","0"
"1000000US500219636001055","Block 1055, Block Group 1, Census Tract 9636, Rutland County, Vermont","0","0","0"
"1000000US500219636001056","Block 1056, Block Group 1, Census Tract 9636, Rutland County, Vermont","0","0","0"
"1000000US500219636001057","Block 1057, Block Group 1, Census Tract 9636, Rutland County, Vermont","0","0","0"
"1000000US500219636001058","Block 1058, Block Group 1, Census Tract 9636, Rutland County, Vermont","62","11","51"
"1000000US500219636001059","Block 1059, Block Group 1, Census Tract 9636, Rutland County, Vermont","0","0","0"
"1000000US500219636001060","Block 1060, Block Group 1, Census Tract 9636, Rutland County, Vermont","0","0","0"
"1000000US500219636001061","Block 1061, Block Group 1, Census Tract 9636, Rutland County, Vermont","0","0","0"
"1000000US500219636001062","Block 1062, Block Group 1, Census Tract 9636, Rutland County, Vermont","0","0","0"
"1000000US500219636001063","Block 1063, Block Group 1, Census Tract 9636, Rutland County, Vermont","2","0","2"
"1000000US500219636001064","Block 1064, Block Group 1, Census Tract 9636, Rutland County, Vermont","0","0","0"
"1000000US500219636001065","Block 1065, Block Group 1, Census Tract 9636, Rutland County, Vermont","0","0","0"
"1000000US500219636001066","Block 1066, Block Group 1, Census Tract 9636, Rutland County, Vermont","104","74","30"
"1000000US500219636001067","Block 1067, Block Group 1, Census Tract 9636, Rutland County, Vermont","0","0","0"
"1000000US500219636001068","Block 1068, Block Group 1, Census Tract 9636, Rutland County, Vermont","0","0","0"
"1000000US500219636001069","Block 1069, Block Group 1, Census Tract 9636, Rutland County, Vermont","10","10","0"
"1000000US500219636001070","Block 1070, Block Group 1, Census Tract 9636, Rutland County, Vermont","7","3","4"
"1000000US500219636001071","Block 1071, Block Group 1, Census Tract 9636, Rutland County, Vermont","9","5","4"
"1000000US500219636001072","Block 1072, Block Group 1, Census Tract 9636, Rutland County, Vermont","0","0","0"
"1000000US500219636001073","Block 1073, Block Group 1, Census Tract 9636, Rutland County, Vermont","0","0","0"
"1000000US500219636001074","Block 1074, Block Group 1, Census Tract 9636, Rutland County, Vermont","0","0","0"
"1000000US500219636001075","Block 1075, Block Group 1, Census Tract 9636, Rutland County, Vermont","6","2","4"
"1000000US500219636001076","Block 1076, Block Group 1, Census Tract 9636, Rutland County, Vermont","93","37","56"
"1000000US500219636001077","Block 1077, Block Group 1, Census Tract 9636, Rutland County, Vermont","0","0","0"
"1000000US500219636001078","Block 1078, Block Group 1, Census Tract 9636, Rutland County, Vermont","1","0","1"
"1000000US500219636001079","Block 1079, Block Group 1, Census Tract 9636, Rutland County, Vermont","0","0","0"
"1000000US500219636001080","Block 1080, Block Group 1, Census Tract 9636, Rutland County, Vermont","2","0","2"
"1000000US500219636001081","Block 1081, Block Group 1, Census Tract 9636, Rutland County, Vermont","0","0","0"
"1000000US500219636001082","Block 1082, Block Group 1, Census Tract 9636, Rutland County, Vermont","38","38","0"
"1000000US500219636001083","Block 1083, Block Group 1, Census Tract 9636, Rutland County, Vermont","1","1","0"
"1000000US500219636001084","Block 1084, Block Group 1, Census Tract 9636, Rutland County, Vermont","0","0","0"
"1000000US500219636001085","Block 1085, Block Group 1, Census Tract 9636, Rutland County, Vermont","0","0","0"
"1000000US500219636001086","Block 1086, Block Group 1, Census Tract 9636, Rutland County, Vermont","30","9","21"
"1000000US500219636001087","Block 1087, Block Group 1, Census Tract 9636, Rutland County, Vermont","20","7","13"
"1000000US500219636001088","Block 1088, Block Group 1, Census Tract 9636, Rutland County, Vermont","0","0","0"
"1000000US500219636001089","Block 1089, Block Group 1, Census Tract 9636, Rutland County, Vermont","0","0","0"
"1000000US500219636001090","Block 1090, Block Group 1, Census Tract 9636, Rutland County, Vermont","22","6","16"
"1000000US500219636001091","Block 1091, Block Group 1, Census Tract 9636, Rutland County, Vermont","0","0","0"
"1000000US500219636001092","Block 1092, Block Group 1, Census Tract 9636, Rutland County, Vermont","37","14","23"
"1000000US500219636001093","Block 1093, Block Group 1, Census Tract 9636, Rutland County, Vermont","0","0","0"
"1000000US500219636001094","Block 1094, Block Group 1, Census Tract 9636, Rutland County, Vermont","24","3","21"
"1000000US500219636001095","Block 1095, Block Group 1, Census Tract 9636, Rutland County, Vermont","1","0","1"
"1000000US500219636001096","Block 1096, Block Group 1, Census Tract 9636, Rutland County, Vermont","0","0","0"
"1000000US500219636001097","Block 1097, Block Group 1, Census Tract 9636, Rutland County, Vermont","0","0","0"
"1000000US500219636001098","Block 1098, Block Group 1, Census Tract 9636, Rutland County, Vermont","1","1","0"
"1000000US500219636001099","Block 1099, Block Group 1, Census Tract 9636, Rutland County, Vermont","8","1","7"
"1000000US500219636001100","Block 1100, Block Group 1, Census Tract 9636, Rutland County, Vermont","7","6","1"
"1000000US500219636001101","Block 1101, Block Group 1, Census Tract 9636, Rutland County, Vermont","0","0","0"
"1000000US500219636001102","Block 1102, Block Group 1, Census Tract 9636, Rutland County, Vermont","0","0","0"
"1000000US500219636001103","Block 1103, Block Group 1, Census Tract 9636, Rutland County, Vermont","10","1","9"
"1000000US500219636001104","Block 1104, Block Group 1, Census Tract 9636, Rutland County, Vermont","17","3","14"
"1000000US500219636001105","Block 1105, Block Group 1, Census Tract 9636, Rutland County, Vermont","0","0","0"
"1000000US500219636001106","Block 1106, Block Group 1, Census Tract 9636, Rutland County, Vermont","0","0","0"
"1000000US500219636001107","Block 1107, Block Group 1, Census Tract 9636, Rutland County, Vermont","0","0","0"
"1000000US500219636001108","Block 1108, Block Group 1, Census Tract 9636, Rutland County, Vermont","0","0","0"
"1000000US500219636001109","Block 1109, Block Group 1, Census Tract 9636, Rutland County, Vermont","0","0","0"
"1000000US500219636001110","Block 1110, Block Group 1, Census Tract 9636, Rutland County, Vermont","0","0","0"
"1000000US500219636001111","Block 1111, Block Group 1, Census Tract 9636, Rutland County, Vermont","0","0","0"
"1000000US500219636001112","Block 1112, Block Group 1, Census Tract 9636, Rutland County, Vermont","0","0","0"
"1000000US500219636001113","Block 1113, Block Group 1, Census Tract 9636, Rutland County, Vermont","15","3","12"
"1000000US500219636001114","Block 1114, Block Group 1, Census Tract 9636, Rutland County, Vermont","5","4","1"
"1000000US500219636001115","Block 1115, Block Group 1, Census Tract 9636, Rutland County, Vermont","0","0","0"
"1000000US500219636001116","Block 1116, Block Group 1, Census Tract 9636, Rutland County, Vermont","0","0","0"
"1000000US500219636001117","Block 1117, Block Group 1, Census Tract 9636, Rutland County, Vermont","3","3","0"
"1000000US500219636001118","Block 1118, Block Group 1, Census Tract 9636, Rutland County, Vermont","0","0","0"
"1000000US500219636001119","Block 1119, Block Group 1, Census Tract 9636, Rutland County, Vermont","7","6","1"
"1000000US500219636001120","Block 1120, Block Group 1, Census Tract 9636, Rutland County, Vermont","32","28","4"
"1000000US500219636001121","Block 1121, Block Group 1, Census Tract 9636, Rutland County, Vermont","0","0","0"
"1000000US500219636001122","Block 1122, Block Group 1, Census Tract 9636, Rutland County, Vermont","0","0","0"
"1000000US500219636001123","Block 1123, Block Group 1, Census Tract 9636, Rutland County, Vermont","2","2","0"
"1000000US500219636001124","Block 1124, Block Group 1, Census Tract 9636, Rutland County, Vermont","4","4","0"
"1000000US500219636001125","Block 1125, Block Group 1, Census Tract 9636, Rutland County, Vermont","0","0","0"
"1000000US500219636001126","Block 1126, Block Group 1, Census Tract 9636, Rutland County, Vermont","0","0","0"
"1000000US500219636001127","Block 1127, Block Group 1, Census Tract 9636, Rutland County, Vermont","0","0","0"
"1000000US500219636001128","Block 1128, Block Group 1, Census Tract 9636, Rutland County, Vermont","0","0","0"
"1000000US500219636001129","Block 1129, Block Group 1, Census Tract 9636, Rutland County, Vermont","0","0","0"
"1000000US500219636001130","Block 1130, Block Group 1, Census Tract 9636, Rutland County, Vermont","1","1","0"
"1000000US500219636001131","Block 1131, Block Group 1, Census Tract 9636, Rutland County, Vermont","0","0","0"
"1000000US500219636001132","Block 1132, Block Group 1, Census Tract 9636, Rutland County, Vermont","4","4","0"
"1000000US500219636002000","Block 2000, Block Group 2, Census Tract 9636, Rutland County, Vermont","0","0","0"
"1000000US500219636002001","Block 2001, Block Group 2, Census Tract 9636, Rutland County, Vermont","0","0","0"
"1000000US500219636002002","Block 2002, Block Group 2, Census Tract 9636, Rutland County, Vermont","0","0","0"
"1000000US500219636002003","Block 2003, Block Group 2, Census Tract 9636, Rutland County, Vermont","0","0","0"
"1000000US500219636002004","Block 2004, Block Group 2, Census Tract 9636, Rutland County, Vermont","56","50","6"
"1000000US500219636002005","Block 2005, Block Group 2, Census Tract 9636, Rutland County, Vermont","22","19","3"
"1000000US500219636002006","Block 2006, Block Group 2, Census Tract 9636, Rutland County, Vermont","0","0","0"
"1000000US500219636002007","Block 2007, Block Group 2, Census Tract 9636, Rutland County, Vermont","0","0","0"
"1000000US500219636002008","Block 2008, Block Group 2, Census Tract 9636, Rutland County, Vermont","1","1","0"
"1000000US500219636002009","Block 2009, Block Group 2, Census Tract 9636, Rutland County, Vermont","0","0","0"
"1000000US500219636002010","Block 2010, Block Group 2, Census Tract 9636, Rutland County, Vermont","44","39","5"
"1000000US500219636002011","Block 2011, Block Group 2, Census Tract 9636, Rutland County, Vermont","13","11","2"
"1000000US500219636002012","Block 2012, Block Group 2, Census Tract 9636, Rutland County, Vermont","0","0","0"
"1000000US500219636002013","Block 2013, Block Group 2, Census Tract 9636, Rutland County, Vermont","2","2","0"
"1000000US500219636002014","Block 2014, Block Group 2, Census Tract 9636, Rutland County, Vermont","28","27","1"
"1000000US500219636002015","Block 2015, Block Group 2, Census Tract 9636, Rutland County, Vermont","9","9","0"
"1000000US500219636002016","Block 2016, Block Group 2, Census Tract 9636, Rutland County, Vermont","0","0","0"
"1000000US500219636002017","Block 2017, Block Group 2, Census Tract 9636, Rutland County, Vermont","0","0","0"
"1000000US500219636002018","Block 2018, Block Group 2, Census Tract 9636, Rutland County, Vermont","0","0","0"
"1000000US500219636002019","Block 2019, Block Group 2, Census Tract 9636, Rutland County, Vermont","6","6","0"
"1000000US500219636002020","Block 2020, Block Group 2, Census Tract 9636, Rutland County, Vermont","0","0","0"
"1000000US500219636002021","Block 2021, Block Group 2, Census Tract 9636, Rutland County, Vermont","0","0","0"
"1000000US500219636002022","Block 2022, Block Group 2, Census Tract 9636, Rutland County, Vermont","0","0","0"
"1000000US500219636002023","Block 2023, Block Group 2, Census Tract 9636, Rutland County, Vermont","0","0","0"
"1000000US500219636002024","Block 2024, Block Group 2, Census Tract 9636, Rutland County, Vermont","6","6","0"
"1000000US500219636002025","Block 2025, Block Group 2, Census Tract 9636, Rutland County, Vermont","0","0","0"
"1000000US500219636002026","Block 2026, Block Group 2, Census Tract 9636, Rutland County, Vermont","0","0","0"
"1000000US500219636002027","Block 2027, Block Group 2, Census Tract 9636, Rutland County, Vermont","17","16","1"
"1000000US500219636002028","Block 2028, Block Group 2, Census Tract 9636, Rutland County, Vermont","24","21","3"
"1000000US500219636002029","Block 2029, Block Group 2, Census Tract 9636, Rutland County, Vermont","9","9","0"
"1000000US500219636002030","Block 2030, Block Group 2, Census Tract 9636, Rutland County, Vermont","17","17","0"
"1000000US500219636002031","Block 2031, Block Group 2, Census Tract 9636, Rutland County, Vermont","17","16","1"
"1000000US500219636002032","Block 2032, Block Group 2, Census Tract 9636, Rutland County, Vermont","0","0","0"
"1000000US500219636002033","Block 2033, Block Group 2, Census Tract 9636, Rutland County, Vermont","33","33","0"
"1000000US500219636002034","Block 2034, Block Group 2, Census Tract 9636, Rutland County, Vermont","2","1","1"
"1000000US500219636002035","Block 2035, Block Group 2, Census Tract 9636, Rutland County, Vermont","17","16","1"
"1000000US500219636002036","Block 2036, Block Group 2, Census Tract 9636, Rutland County, Vermont","1","1","0"
"1000000US500219636002037","Block 2037, Block Group 2, Census Tract 9636, Rutland County, Vermont","8","8","0"
"1000000US500219636002038","Block 2038, Block Group 2, Census Tract 9636, Rutland County, Vermont","8","8","0"
"1000000US500219636002039","Block 2039, Block Group 2, Census Tract 9636, Rutland County, Vermont","0","0","0"
"1000000US500219636002040","Block 2040, Block Group 2, Census Tract 9636, Rutland County, Vermont","2","2","0"
"1000000US500219636002041","Block 2041, Block Group 2, Census Tract 9636, Rutland County, Vermont","0","0","0"
"1000000US500219636002042","Block 2042, Block Group 2, Census Tract 9636, Rutland County, Vermont","42","38","4"
"1000000US500219636002043","Block 2043, Block Group 2, Census Tract 9636, Rutland County, Vermont","0","0","0"
"1000000US500219636002044","Block 2044, Block Group 2, Census Tract 9636, Rutland County, Vermont","10","10","0"
"1000000US500219636002045","Block 2045, Block Group 2, Census Tract 9636, Rutland County, Vermont","17","15","2"
"1000000US500219636002046","Block 2046, Block Group 2, Census Tract 9636, Rutland County, Vermont","0","0","0"
"1000000US500219636002047","Block 2047, Block Group 2, Census Tract 9636, Rutland County, Vermont","38","36","2"
"1000000US500219636002048","Block 2048, Block Group 2, Census Tract 9636, Rutland County, Vermont","0","0","0"
"1000000US500219636002049","Block 2049, Block Group 2, Census Tract 9636, Rutland County, Vermont","3","3","0"
"1000000US500219636002050","Block 2050, Block Group 2, Census Tract 9636, Rutland County, Vermont","0","0","0"
"1000000US500219636002051","Block 2051, Block Group 2, Census Tract 9636, Rutland County, Vermont","16","16","0"
"1000000US500219636002052","Block 2052, Block Group 2, Census Tract 9636, Rutland County, Vermont","4","4","0"
"1000000US500219636002053","Block 2053, Block Group 2, Census Tract 9636, Rutland County, Vermont","75","73","2"
"1000000US500219636002054","Block 2054, Block Group 2, Census Tract 9636, Rutland County, Vermont","0","0","0"
"1000000US500219636002055","Block 2055, Block Group 2, Census Tract 9636, Rutland County, Vermont","0","0","0"
"1000000US500219636002056","Block 2056, Block Group 2, Census Tract 9636, Rutland County, Vermont","0","0","0"
"1000000US500219636002057","Block 2057, Block Group 2, Census Tract 9636, Rutland County, Vermont","0","0","0"
"1000000US500219636002058","Block 2058, Block Group 2, Census Tract 9636, Rutland County, Vermont","93","82","11"
"1000000US500219636002059","Block 2059, Block Group 2, Census Tract 9636, Rutland County, Vermont","0","0","0"
"1000000US500219636002060","Block 2060, Block Group 2, Census Tract 9636, Rutland County, Vermont","0","0","0"
"1000000US500219636002061","Block 2061, Block Group 2, Census Tract 9636, Rutland County, Vermont","0","0","0"
"1000000US500219636002062","Block 2062, Block Group 2, Census Tract 9636, Rutland County, Vermont","0","0","0"
"1000000US500219636002063","Block 2063, Block Group 2, Census Tract 9636, Rutland County, Vermont","0","0","0"
"1000000US500219636002064","Block 2064, Block Group 2, Census Tract 9636, Rutland County, Vermont","33","28","5"
"1000000US500219636002065","Block 2065, Block Group 2, Census Tract 9636, Rutland County, Vermont","5","4","1"
"1000000US500219636002066","Block 2066, Block Group 2, Census Tract 9636, Rutland County, Vermont","2","2","0"
"1000000US500219636002067","Block 2067, Block Group 2, Census Tract 9636, Rutland County, Vermont","27","26","1"
"1000000US500219636002068","Block 2068, Block Group 2, Census Tract 9636, Rutland County, Vermont","10","6","4"
"1000000US500219636002069","Block 2069, Block Group 2, Census Tract 9636, Rutland County, Vermont","7","5","2"
"1000000US500219636002070","Block 2070, Block Group 2, Census Tract 9636, Rutland County, Vermont","70","66","4"
"1000000US500219636002071","Block 2071, Block Group 2, Census Tract 9636, Rutland County, Vermont","12","12","0"
"1000000US500219636002072","Block 2072, Block Group 2, Census Tract 9636, Rutland County, Vermont","0","0","0"
"1000000US500219636002073","Block 2073, Block Group 2, Census Tract 9636, Rutland County, Vermont","0","0","0"
"1000000US500219636002074","Block 2074, Block Group 2, Census Tract 9636, Rutland County, Vermont","0","0","0"
"1000000US500219636002075","Block 2075, Block Group 2, Census Tract 9636, Rutland County, Vermont","0","0","0"
"1000000US500219636002076","Block 2076, Block Group 2, Census Tract 9636, Rutland County, Vermont","0","0","0"
"1000000US500219636002077","Block 2077, Block Group 2, Census Tract 9636, Rutland County, Vermont","0","0","0"
"1000000US500219636002078","Block 2078, Block Group 2, Census Tract 9636, Rutland County, Vermont","0","0","0"
"1000000US500219636002079","Block 2079, Block Group 2, Census Tract 9636, Rutland County, Vermont","0","0","0"
"1000000US500219636002080","Block 2080, Block Group 2, Census Tract 9636, Rutland County, Vermont","0","0","0"
"1000000US500219636002081","Block 2081, Block Group 2, Census Tract 9636, Rutland County, Vermont","0","0","0"
"1000000US500219636002082","Block 2082, Block Group 2, Census Tract 9636, Rutland County, Vermont","0","0","0"
"1000000US500219636002083","Block 2083, Block Group 2, Census Tract 9636, Rutland County, Vermont","0","0","0"
"1000000US500219636002084","Block 2084, Block Group 2, Census Tract 9636, Rutland County, Vermont","0","0","0"
"1000000US500219636002085","Block 2085, Block Group 2, Census Tract 9636, Rutland County, Vermont","0","0","0"
"1000000US500219636002086","Block 2086, Block Group 2, Census Tract 9636, Rutland County, Vermont","31","30","1"
"1000000US500219636002087","Block 2087, Block Group 2, Census Tract 9636, Rutland County, Vermont","0","0","0"
"1000000US500219636002088","Block 2088, Block Group 2, Census Tract 9636, Rutland County, Vermont","0","0","0"
"1000000US500219636002089","Block 2089, Block Group 2, Census Tract 9636, Rutland County, Vermont","0","0","0"
"1000000US500219636002090","Block 2090, Block Group 2, Census Tract 9636, Rutland County, Vermont","1","1","0"
"1000000US500219636002091","Block 2091, Block Group 2, Census Tract 9636, Rutland County, Vermont","0","0","0"
"1000000US500219636002092","Block 2092, Block Group 2, Census Tract 9636, Rutland County, Vermont","13","12","1"
"1000000US500219636002093","Block 2093, Block Group 2, Census Tract 9636, Rutland County, Vermont","21","20","1"
"1000000US500219636002094","Block 2094, Block Group 2, Census Tract 9636, Rutland County, Vermont","24","24","0"
"1000000US500219636002095","Block 2095, Block Group 2, Census Tract 9636, Rutland County, Vermont","34","30","4"
"1000000US500219636002096","Block 2096, Block Group 2, Census Tract 9636, Rutland County, Vermont","0","0","0"
"1000000US500219636002097","Block 2097, Block Group 2, Census Tract 9636, Rutland County, Vermont","6","6","0"
"1000000US500219636002098","Block 2098, Block Group 2, Census Tract 9636, Rutland County, Vermont","1","1","0"
"1000000US500219636002099","Block 2099, Block Group 2, Census Tract 9636, Rutland County, Vermont","1","1","0"
"1000000US500219636002100","Block 2100, Block Group 2, Census Tract 9636, Rutland County, Vermont","1","1","0"
"1000000US500219636002101","Block 2101, Block Group 2, Census Tract 9636, Rutland County, Vermont","6","4","2"
"1000000US500219636002102","Block 2102, Block Group 2, Census Tract 9636, Rutland County, Vermont","6","6","0"
"1000000US500219636002103","Block 2103, Block Group 2, Census Tract 9636, Rutland County, Vermont","5","5","0"
"1000000US500219636002104","Block 2104, Block Group 2, Census Tract 9636, Rutland County, Vermont","8","6","2"
"1000000US500219636002105","Block 2105, Block Group 2, Census Tract 9636, Rutland County, Vermont","0","0","0"
"1000000US500219636002106","Block 2106, Block Group 2, Census Tract 9636, Rutland County, Vermont","3","3","0"
"1000000US500219636002107","Block 2107, Block Group 2, Census Tract 9636, Rutland County, Vermont","12","12","0"
"1000000US500219636002108","Block 2108, Block Group 2, Census Tract 9636, Rutland County, Vermont","0","0","0"
"1000000US500219636002109","Block 2109, Block Group 2, Census Tract 9636, Rutland County, Vermont","7","6","1"
"1000000US500219636002110","Block 2110, Block Group 2, Census Tract 9636, Rutland County, Vermont","5","5","0"
"1000000US500219636002111","Block 2111, Block Group 2, Census Tract 9636, Rutland County, Vermont","6","6","0"
"1000000US500219636002112","Block 2112, Block Group 2, Census Tract 9636, Rutland County, Vermont","0","0","0"
"1000000US500219636002113","Block 2113, Block Group 2, Census Tract 9636, Rutland County, Vermont","29","26","3"
"1000000US500219636002114","Block 2114, Block Group 2, Census Tract 9636, Rutland County, Vermont","2","2","0"
"1000000US500219636002115","Block 2115, Block Group 2, Census Tract 9636, Rutland County, Vermont","4","4","0"
"1000000US500219636002116","Block 2116, Block Group 2, Census Tract 9636, Rutland County, Vermont","2","2","0"
"1000000US500219636002117","Block 2117, Block Group 2, Census Tract 9636, Rutland County, Vermont","31","31","0"
"1000000US500219636002118","Block 2118, Block Group 2, Census Tract 9636, Rutland County, Vermont","18","17","1"
"1000000US500219636002119","Block 2119, Block Group 2, Census Tract 9636, Rutland County, Vermont","0","0","0"
"1000000US500219636002120","Block 2120, Block Group 2, Census Tract 9636, Rutland County, Vermont","2","2","0"
"1000000US500219636002121","Block 2121, Block Group 2, Census Tract 9636, Rutland County, Vermont","1","1","0"
"1000000US500219636002122","Block 2122, Block Group 2, Census Tract 9636, Rutland County, Vermont","9","9","0"
"1000000US500219636002123","Block 2123, Block Group 2, Census Tract 9636, Rutland County, Vermont","0","0","0"
"1000000US500219636002124","Block 2124, Block Group 2, Census Tract 9636, Rutland County, Vermont","1","1","0"
"1000000US500219636002125","Block 2125, Block Group 2, Census Tract 9636, Rutland County, Vermont","0","0","0"
"1000000US500219636002126","Block 2126, Block Group 2, Census Tract 9636, Rutland County, Vermont","0","0","0"
"1000000US500219636002127","Block 2127, Block Group 2, Census Tract 9636, Rutland County, Vermont","0","0","0"
"1000000US500219636002128","Block 2128, Block Group 2, Census Tract 9636, Rutland County, Vermont","0","0","0"
"1000000US500219636002129","Block 2129, Block Group 2, Census Tract 9636, Rutland County, Vermont","0","0","0"
"1000000US500219636002130","Block 2130, Block Group 2, Census Tract 9636, Rutland County, Vermont","4","2","2"
"1000000US500219636002131","Block 2131, Block Group 2, Census Tract 9636, Rutland County, Vermont","0","0","0"
"1000000US500219636002132","Block 2132, Block Group 2, Census Tract 9636, Rutland County, Vermont","11","9","2"
"1000000US500219636002133","Block 2133, Block Group 2, Census Tract 9636, Rutland County, Vermont","3","3","0"
"1000000US500219636002134","Block 2134, Block Group 2, Census Tract 9636, Rutland County, Vermont","0","0","0"
"1000000US500219636002135","Block 2135, Block Group 2, Census Tract 9636, Rutland County, Vermont","0","0","0"
"1000000US500219636002136","Block 2136, Block Group 2, Census Tract 9636, Rutland County, Vermont","0","0","0"
"1000000US500219636002137","Block 2137, Block Group 2, Census Tract 9636, Rutland County, Vermont","0","0","0"
"1000000US500219636002138","Block 2138, Block Group 2, Census Tract 9636, Rutland County, Vermont","0","0","0"
"1000000US500219636002139","Block 2139, Block Group 2, Census Tract 9636, Rutland County, Vermont","0","0","0"
"1000000US500219636002140","Block 2140, Block Group 2, Census Tract 9636, Rutland County, Vermont","0","0","0"
"1000000US500219636002141","Block 2141, Block Group 2, Census Tract 9636, Rutland County, Vermont","0","0","0"
"1000000US500219637001000","Block 1000, Block Group 1, Census Tract 9637, Rutland County, Vermont","0","0","0"
"1000000US500219637001001","Block 1001, Block Group 1, Census Tract 9637, Rutland County, Vermont","0","0","0"
"1000000US500219637001002","Block 1002, Block Group 1, Census Tract 9637, Rutland County, Vermont","29","25","4"
"1000000US500219637001003","Block 1003, Block Group 1, Census Tract 9637, Rutland County, Vermont","1","0","1"
"1000000US500219637001004","Block 1004, Block Group 1, Census Tract 9637, Rutland County, Vermont","0","0","0"
"1000000US500219637001005","Block 1005, Block Group 1, Census Tract 9637, Rutland County, Vermont","1","1","0"
"1000000US500219637001006","Block 1006, Block Group 1, Census Tract 9637, Rutland County, Vermont","35","26","9"
"1000000US500219637001007","Block 1007, Block Group 1, Census Tract 9637, Rutland County, Vermont","0","0","0"
"1000000US500219637001008","Block 1008, Block Group 1, Census Tract 9637, Rutland County, Vermont","0","0","0"
"1000000US500219637001009","Block 1009, Block Group 1, Census Tract 9637, Rutland County, Vermont","0","0","0"
"1000000US500219637001010","Block 1010, Block Group 1, Census Tract 9637, Rutland County, Vermont","0","0","0"
"1000000US500219637001011","Block 1011, Block Group 1, Census Tract 9637, Rutland County, Vermont","0","0","0"
"1000000US500219637001012","Block 1012, Block Group 1, Census Tract 9637, Rutland County, Vermont","11","11","0"
"1000000US500219637001013","Block 1013, Block Group 1, Census Tract 9637, Rutland County, Vermont","0","0","0"
"1000000US500219637001014","Block 1014, Block Group 1, Census Tract 9637, Rutland County, Vermont","5","5","0"
"1000000US500219637001015","Block 1015, Block Group 1, Census Tract 9637, Rutland County, Vermont","0","0","0"
"1000000US500219637001016","Block 1016, Block Group 1, Census Tract 9637, Rutland County, Vermont","0","0","0"
"1000000US500219637001017","Block 1017, Block Group 1, Census Tract 9637, Rutland County, Vermont","0","0","0"
"1000000US500219637001018","Block 1018, Block Group 1, Census Tract 9637, Rutland County, Vermont","0","0","0"
"1000000US500219637001019","Block 1019, Block Group 1, Census Tract 9637, Rutland County, Vermont","1","1","0"
"1000000US500219637001020","Block 1020, Block Group 1, Census Tract 9637, Rutland County, Vermont","0","0","0"
"1000000US500219637001021","Block 1021, Block Group 1, Census Tract 9637, Rutland County, Vermont","0","0","0"
"1000000US500219637001022","Block 1022, Block Group 1, Census Tract 9637, Rutland County, Vermont","0","0","0"
"1000000US500219637001023","Block 1023, Block Group 1, Census Tract 9637, Rutland County, Vermont","0","0","0"
"1000000US500219637001024","Block 1024, Block Group 1, Census Tract 9637, Rutland County, Vermont","0","0","0"
"1000000US500219637001025","Block 1025, Block Group 1, Census Tract 9637, Rutland County, Vermont","0","0","0"
"1000000US500219637001026","Block 1026, Block Group 1, Census Tract 9637, Rutland County, Vermont","0","0","0"
"1000000US500219637001027","Block 1027, Block Group 1, Census Tract 9637, Rutland County, Vermont","0","0","0"
"1000000US500219637001028","Block 1028, Block Group 1, Census Tract 9637, Rutland County, Vermont","3","3","0"
"1000000US500219637001029","Block 1029, Block Group 1, Census Tract 9637, Rutland County, Vermont","27","26","1"
"1000000US500219637001030","Block 1030, Block Group 1, Census Tract 9637, Rutland County, Vermont","17","17","0"
"1000000US500219637001031","Block 1031, Block Group 1, Census Tract 9637, Rutland County, Vermont","0","0","0"
"1000000US500219637001032","Block 1032, Block Group 1, Census Tract 9637, Rutland County, Vermont","0","0","0"
"1000000US500219637001033","Block 1033, Block Group 1, Census Tract 9637, Rutland County, Vermont","0","0","0"
"1000000US500219637001034","Block 1034, Block Group 1, Census Tract 9637, Rutland County, Vermont","36","33","3"
"1000000US500219637001035","Block 1035, Block Group 1, Census Tract 9637, Rutland County, Vermont","73","67","6"
"1000000US500219637001036","Block 1036, Block Group 1, Census Tract 9637, Rutland County, Vermont","0","0","0"
"1000000US500219637001037","Block 1037, Block Group 1, Census Tract 9637, Rutland County, Vermont","19","17","2"
"1000000US500219637001038","Block 1038, Block Group 1, Census Tract 9637, Rutland County, Vermont","0","0","0"
"1000000US500219637001039","Block 1039, Block Group 1, Census Tract 9637, Rutland County, Vermont","0","0","0"
"1000000US500219637001040","Block 1040, Block Group 1, Census Tract 9637, Rutland County, Vermont","56","49","7"
"1000000US500219637001041","Block 1041, Block Group 1, Census Tract 9637, Rutland County, Vermont","27","25","2"
"1000000US500219637001042","Block 1042, Block Group 1, Census Tract 9637, Rutland County, Vermont","9","8","1"
"1000000US500219637001043","Block 1043, Block Group 1, Census Tract 9637, Rutland County, Vermont","101","95","6"
"1000000US500219637001044","Block 1044, Block Group 1, Census Tract 9637, Rutland County, Vermont","0","0","0"
"1000000US500219637001045","Block 1045, Block Group 1, Census Tract 9637, Rutland County, Vermont","0","0","0"
"1000000US500219637001046","Block 1046, Block Group 1, Census Tract 9637, Rutland County, Vermont","0","0","0"
"1000000US500219637001047","Block 1047, Block Group 1, Census Tract 9637, Rutland County, Vermont","23","21","2"
"1000000US500219637001048","Block 1048, Block Group 1, Census Tract 9637, Rutland County, Vermont","34","34","0"
"1000000US500219637001049","Block 1049, Block Group 1, Census Tract 9637, Rutland County, Vermont","33","31","2"
"1000000US500219637001050","Block 1050, Block Group 1, Census Tract 9637, Rutland County, Vermont","8","6","2"
"1000000US500219637001051","Block 1051, Block Group 1, Census Tract 9637, Rutland County, Vermont","29","24","5"
"1000000US500219637001052","Block 1052, Block Group 1, Census Tract 9637, Rutland County, Vermont","33","27","6"
"1000000US500219637001053","Block 1053, Block Group 1, Census Tract 9637, Rutland County, Vermont","15","13","2"
"1000000US500219637001054","Block 1054, Block Group 1, Census Tract 9637, Rutland County, Vermont","38","29","9"
"1000000US500219637001055","Block 1055, Block Group 1, Census Tract 9637, Rutland County, Vermont","7","6","1"
"1000000US500219637001056","Block 1056, Block Group 1, Census Tract 9637, Rutland County, Vermont","26","26","0"
"1000000US500219637001057","Block 1057, Block Group 1, Census Tract 9637, Rutland County, Vermont","15","13","2"
"1000000US500219637001058","Block 1058, Block Group 1, Census Tract 9637, Rutland County, Vermont","0","0","0"
"1000000US500219637001059","Block 1059, Block Group 1, Census Tract 9637, Rutland County, Vermont","0","0","0"
"1000000US500219637001060","Block 1060, Block Group 1, Census Tract 9637, Rutland County, Vermont","0","0","0"
"1000000US500219637002000","Block 2000, Block Group 2, Census Tract 9637, Rutland County, Vermont","46","40","6"
"1000000US500219637002001","Block 2001, Block Group 2, Census Tract 9637, Rutland County, Vermont","0","0","0"
"1000000US500219637002002","Block 2002, Block Group 2, Census Tract 9637, Rutland County, Vermont","0","0","0"
"1000000US500219637002003","Block 2003, Block Group 2, Census Tract 9637, Rutland County, Vermont","0","0","0"
"1000000US500219637002004","Block 2004, Block Group 2, Census Tract 9637, Rutland County, Vermont","22","22","0"
"1000000US500219637002005","Block 2005, Block Group 2, Census Tract 9637, Rutland County, Vermont","0","0","0"
"1000000US500219637002006","Block 2006, Block Group 2, Census Tract 9637, Rutland County, Vermont","0","0","0"
"1000000US500219637002007","Block 2007, Block Group 2, Census Tract 9637, Rutland County, Vermont","38","36","2"
"1000000US500219637002008","Block 2008, Block Group 2, Census Tract 9637, Rutland County, Vermont","51","45","6"
"1000000US500219637002009","Block 2009, Block Group 2, Census Tract 9637, Rutland County, Vermont","0","0","0"
"1000000US500219637002010","Block 2010, Block Group 2, Census Tract 9637, Rutland County, Vermont","1","1","0"
"1000000US500219637002011","Block 2011, Block Group 2, Census Tract 9637, Rutland County, Vermont","0","0","0"
"1000000US500219637002012","Block 2012, Block Group 2, Census Tract 9637, Rutland County, Vermont","0","0","0"
"1000000US500219637002013","Block 2013, Block Group 2, Census Tract 9637, Rutland County, Vermont","0","0","0"
"1000000US500219637002014","Block 2014, Block Group 2, Census Tract 9637, Rutland County, Vermont","2","2","0"
"1000000US500219637002015","Block 2015, Block Group 2, Census Tract 9637, Rutland County, Vermont","44","30","14"
"1000000US500219637002016","Block 2016, Block Group 2, Census Tract 9637, Rutland County, Vermont","10","7","3"
"1000000US500219637002017","Block 2017, Block Group 2, Census Tract 9637, Rutland County, Vermont","10","9","1"
"1000000US500219637002018","Block 2018, Block Group 2, Census Tract 9637, Rutland County, Vermont","20","15","5"
"1000000US500219637002019","Block 2019, Block Group 2, Census Tract 9637, Rutland County, Vermont","20","19","1"
"1000000US500219637002020","Block 2020, Block Group 2, Census Tract 9637, Rutland County, Vermont","0","0","0"
"1000000US500219637002021","Block 2021, Block Group 2, Census Tract 9637, Rutland County, Vermont","0","0","0"
"1000000US500219637002022","Block 2022, Block Group 2, Census Tract 9637, Rutland County, Vermont","0","0","0"
"1000000US500219637002023","Block 2023, Block Group 2, Census Tract 9637, Rutland County, Vermont","0","0","0"
"1000000US500219637002024","Block 2024, Block Group 2, Census Tract 9637, Rutland County, Vermont","5","4","1"
"1000000US500219637002025","Block 2025, Block Group 2, Census Tract 9637, Rutland County, Vermont","0","0","0"
"1000000US500219637002026","Block 2026, Block Group 2, Census Tract 9637, Rutland County, Vermont","0","0","0"
"1000000US500219637002027","Block 2027, Block Group 2, Census Tract 9637, Rutland County, Vermont","39","33","6"
"1000000US500219637002028","Block 2028, Block Group 2, Census Tract 9637, Rutland County, Vermont","0","0","0"
"1000000US500219637002029","Block 2029, Block Group 2, Census Tract 9637, Rutland County, Vermont","0","0","0"
"1000000US500219637002030","Block 2030, Block Group 2, Census Tract 9637, Rutland County, Vermont","0","0","0"
"1000000US500219637002031","Block 2031, Block Group 2, Census Tract 9637, Rutland County, Vermont","49","43","6"
"1000000US500219637002032","Block 2032, Block Group 2, Census Tract 9637, Rutland County, Vermont","8","8","0"
"1000000US500219637002033","Block 2033, Block Group 2, Census Tract 9637, Rutland County, Vermont","17","17","0"
"1000000US500219637002034","Block 2034, Block Group 2, Census Tract 9637, Rutland County, Vermont","0","0","0"
"1000000US500219637002035","Block 2035, Block Group 2, Census Tract 9637, Rutland County, Vermont","0","0","0"
"1000000US500219637002036","Block 2036, Block Group 2, Census Tract 9637, Rutland County, Vermont","19","18","1"
"1000000US500219637002037","Block 2037, Block Group 2, Census Tract 9637, Rutland County, Vermont","0","0","0"
"1000000US500219637002038","Block 2038, Block Group 2, Census Tract 9637, Rutland County, Vermont","0","0","0"
"1000000US500219637002039","Block 2039, Block Group 2, Census Tract 9637, Rutland County, Vermont","0","0","0"
"1000000US500219637002040","Block 2040, Block Group 2, Census Tract 9637, Rutland County, Vermont","0","0","0"
"1000000US500219637002041","Block 2041, Block Group 2, Census Tract 9637, Rutland County, Vermont","12","11","1"
"1000000US500219637002042","Block 2042, Block Group 2, Census Tract 9637, Rutland County, Vermont","26","22","4"
"1000000US500219637002043","Block 2043, Block Group 2, Census Tract 9637, Rutland County, Vermont","5","5","0"
"1000000US500219637002044","Block 2044, Block Group 2, Census Tract 9637, Rutland County, Vermont","5","4","1"
"1000000US500219637002045","Block 2045, Block Group 2, Census Tract 9637, Rutland County, Vermont","0","0","0"
"1000000US500219637002046","Block 2046, Block Group 2, Census Tract 9637, Rutland County, Vermont","36","33","3"
"1000000US500219637002047","Block 2047, Block Group 2, Census Tract 9637, Rutland County, Vermont","0","0","0"
"1000000US500219637002048","Block 2048, Block Group 2, Census Tract 9637, Rutland County, Vermont","0","0","0"
"1000000US500219637002049","Block 2049, Block Group 2, Census Tract 9637, Rutland County, Vermont","11","9","2"
"1000000US500219637002050","Block 2050, Block Group 2, Census Tract 9637, Rutland County, Vermont","0","0","0"
"1000000US500219637002051","Block 2051, Block Group 2, Census Tract 9637, Rutland County, Vermont","0","0","0"
"1000000US500219637002052","Block 2052, Block Group 2, Census Tract 9637, Rutland County, Vermont","1","1","0"
"1000000US500219637002053","Block 2053, Block Group 2, Census Tract 9637, Rutland County, Vermont","0","0","0"
"1000000US500219637002054","Block 2054, Block Group 2, Census Tract 9637, Rutland County, Vermont","24","20","4"
"1000000US500219637002055","Block 2055, Block Group 2, Census Tract 9637, Rutland County, Vermont","0","0","0"
"1000000US500219637002056","Block 2056, Block Group 2, Census Tract 9637, Rutland County, Vermont","0","0","0"
"1000000US500219637002057","Block 2057, Block Group 2, Census Tract 9637, Rutland County, Vermont","0","0","0"
"1000000US500219637002058","Block 2058, Block Group 2, Census Tract 9637, Rutland County, Vermont","0","0","0"
"1000000US500219637002059","Block 2059, Block Group 2, Census Tract 9637, Rutland County, Vermont","0","0","0"
"1000000US500219637002060","Block 2060, Block Group 2, Census Tract 9637, Rutland County, Vermont","0","0","0"
"1000000US500219637002061","Block 2061, Block Group 2, Census Tract 9637, Rutland County, Vermont","0","0","0"
"1000000US500219637002062","Block 2062, Block Group 2, Census Tract 9637, Rutland County, Vermont","0","0","0"
"1000000US500219637002063","Block 2063, Block Group 2, Census Tract 9637, Rutland County, Vermont","0","0","0"
"1000000US500219637002064","Block 2064, Block Group 2, Census Tract 9637, Rutland County, Vermont","1","1","0"
"1000000US500219637002065","Block 2065, Block Group 2, Census Tract 9637, Rutland County, Vermont","0","0","0"
"1000000US500219637002066","Block 2066, Block Group 2, Census Tract 9637, Rutland County, Vermont","1","1","0"
"1000000US500219637002067","Block 2067, Block Group 2, Census Tract 9637, Rutland County, Vermont","12","11","1"
"1000000US500219637002068","Block 2068, Block Group 2, Census Tract 9637, Rutland County, Vermont","5","4","1"
"1000000US500219637002069","Block 2069, Block Group 2, Census Tract 9637, Rutland County, Vermont","0","0","0"
"1000000US500219637002070","Block 2070, Block Group 2, Census Tract 9637, Rutland County, Vermont","0","0","0"
"1000000US500219637002071","Block 2071, Block Group 2, Census Tract 9637, Rutland County, Vermont","0","0","0"
"1000000US500219637002072","Block 2072, Block Group 2, Census Tract 9637, Rutland County, Vermont","0","0","0"
"1000000US500219637002073","Block 2073, Block Group 2, Census Tract 9637, Rutland County, Vermont","6","4","2"
"1000000US500219637002074","Block 2074, Block Group 2, Census Tract 9637, Rutland County, Vermont","0","0","0"
"1000000US500219637002075","Block 2075, Block Group 2, Census Tract 9637, Rutland County, Vermont","0","0","0"
"1000000US500219637002076","Block 2076, Block Group 2, Census Tract 9637, Rutland County, Vermont","0","0","0"
"1000000US500219637002077","Block 2077, Block Group 2, Census Tract 9637, Rutland County, Vermont","10","8","2"
"1000000US500219637002078","Block 2078, Block Group 2, Census Tract 9637, Rutland County, Vermont","6","6","0"
"1000000US500219637002079","Block 2079, Block Group 2, Census Tract 9637, Rutland County, Vermont","8","7","1"
"1000000US500219637002080","Block 2080, Block Group 2, Census Tract 9637, Rutland County, Vermont","0","0","0"
"1000000US500219637002081","Block 2081, Block Group 2, Census Tract 9637, Rutland County, Vermont","0","0","0"
"1000000US500219637002082","Block 2082, Block Group 2, Census Tract 9637, Rutland County, Vermont","0","0","0"
"1000000US500219637002083","Block 2083, Block Group 2, Census Tract 9637, Rutland County, Vermont","0","0","0"
"1000000US500219638001000","Block 1000, Block Group 1, Census Tract 9638, Rutland County, Vermont","52","37","15"
"1000000US500219638001001","Block 1001, Block Group 1, Census Tract 9638, Rutland County, Vermont","0","0","0"
"1000000US500219638001002","Block 1002, Block Group 1, Census Tract 9638, Rutland County, Vermont","0","0","0"
"1000000US500219638001003","Block 1003, Block Group 1, Census Tract 9638, Rutland County, Vermont","0","0","0"
"1000000US500219638001004","Block 1004, Block Group 1, Census Tract 9638, Rutland County, Vermont","0","0","0"
"1000000US500219638001005","Block 1005, Block Group 1, Census Tract 9638, Rutland County, Vermont","4","4","0"
"1000000US500219638001006","Block 1006, Block Group 1, Census Tract 9638, Rutland County, Vermont","6","4","2"
"1000000US500219638001007","Block 1007, Block Group 1, Census Tract 9638, Rutland County, Vermont","1","1","0"
"1000000US500219638001008","Block 1008, Block Group 1, Census Tract 9638, Rutland County, Vermont","0","0","0"
"1000000US500219638001009","Block 1009, Block Group 1, Census Tract 9638, Rutland County, Vermont","1","0","1"
"1000000US500219638001010","Block 1010, Block Group 1, Census Tract 9638, Rutland County, Vermont","0","0","0"
"1000000US500219638001011","Block 1011, Block Group 1, Census Tract 9638, Rutland County, Vermont","2","2","0"
"1000000US500219638001012","Block 1012, Block Group 1, Census Tract 9638, Rutland County, Vermont","3","2","1"
"1000000US500219638001013","Block 1013, Block Group 1, Census Tract 9638, Rutland County, Vermont","1","1","0"
"1000000US500219638001014","Block 1014, Block Group 1, Census Tract 9638, Rutland County, Vermont","1","1","0"
"1000000US500219638001015","Block 1015, Block Group 1, Census Tract 9638, Rutland County, Vermont","4","4","0"
"1000000US500219638001016","Block 1016, Block Group 1, Census Tract 9638, Rutland County, Vermont","0","0","0"
"1000000US500219638001017","Block 1017, Block Group 1, Census Tract 9638, Rutland County, Vermont","4","3","1"
"1000000US500219638001018","Block 1018, Block Group 1, Census Tract 9638, Rutland County, Vermont","0","0","0"
"1000000US500219638001019","Block 1019, Block Group 1, Census Tract 9638, Rutland County, Vermont","13","12","1"
"1000000US500219638001020","Block 1020, Block Group 1, Census Tract 9638, Rutland County, Vermont","14","14","0"
"1000000US500219638001021","Block 1021, Block Group 1, Census Tract 9638, Rutland County, Vermont","1","1","0"
"1000000US500219638001022","Block 1022, Block Group 1, Census Tract 9638, Rutland County, Vermont","0","0","0"
"1000000US500219638001023","Block 1023, Block Group 1, Census Tract 9638, Rutland County, Vermont","13","10","3"
"1000000US500219638001024","Block 1024, Block Group 1, Census Tract 9638, Rutland County, Vermont","1","1","0"
"1000000US500219638001025","Block 1025, Block Group 1, Census Tract 9638, Rutland County, Vermont","3","3","0"
"1000000US500219638001026","Block 1026, Block Group 1, Census Tract 9638, Rutland County, Vermont","0","0","0"
"1000000US500219638001027","Block 1027, Block Group 1, Census Tract 9638, Rutland County, Vermont","1","0","1"
"1000000US500219638001028","Block 1028, Block Group 1, Census Tract 9638, Rutland County, Vermont","53","47","6"
"1000000US500219638001029","Block 1029, Block Group 1, Census Tract 9638, Rutland County, Vermont","1","0","1"
"1000000US500219638001030","Block 1030, Block Group 1, Census Tract 9638, Rutland County, Vermont","0","0","0"
"1000000US500219638001031","Block 1031, Block Group 1, Census Tract 9638, Rutland County, Vermont","0","0","0"
"1000000US500219638001032","Block 1032, Block Group 1, Census Tract 9638, Rutland County, Vermont","1","1","0"
"1000000US500219638001033","Block 1033, Block Group 1, Census Tract 9638, Rutland County, Vermont","6","6","0"
"1000000US500219638001034","Block 1034, Block Group 1, Census Tract 9638, Rutland County, Vermont","4","4","0"
"1000000US500219638001035","Block 1035, Block Group 1, Census Tract 9638, Rutland County, Vermont","1","1","0"
"1000000US500219638001036","Block 1036, Block Group 1, Census Tract 9638, Rutland County, Vermont","2","2","0"
"1000000US500219638001037","Block 1037, Block Group 1, Census Tract 9638, Rutland County, Vermont","93","88","5"
"1000000US500219638001038","Block 1038, Block Group 1, Census Tract 9638, Rutland County, Vermont","0","0","0"
"1000000US500219638001039","Block 1039, Block Group 1, Census Tract 9638, Rutland County, Vermont","1","1","0"
"1000000US500219638001040","Block 1040, Block Group 1, Census Tract 9638, Rutland County, Vermont","14","12","2"
"1000000US500219638001041","Block 1041, Block Group 1, Census Tract 9638, Rutland County, Vermont","29","22","7"
"1000000US500219638001042","Block 1042, Block Group 1, Census Tract 9638, Rutland County, Vermont","6","6","0"
"1000000US500219638001043","Block 1043, Block Group 1, Census Tract 9638, Rutland County, Vermont","0","0","0"
"1000000US500219638001044","Block 1044, Block Group 1, Census Tract 9638, Rutland County, Vermont","0","0","0"
"1000000US500219638001045","Block 1045, Block Group 1, Census Tract 9638, Rutland County, Vermont","0","0","0"
"1000000US500219638001046","Block 1046, Block Group 1, Census Tract 9638, Rutland County, Vermont","1","0","1"
"1000000US500219638001047","Block 1047, Block Group 1, Census Tract 9638, Rutland County, Vermont","39","30","9"
"1000000US500219638001048","Block 1048, Block Group 1, Census Tract 9638, Rutland County, Vermont","0","0","0"
"1000000US500219638001049","Block 1049, Block Group 1, Census Tract 9638, Rutland County, Vermont","0","0","0"
"1000000US500219638001050","Block 1050, Block Group 1, Census Tract 9638, Rutland County, Vermont","13","12","1"
"1000000US500219638001051","Block 1051, Block Group 1, Census Tract 9638, Rutland County, Vermont","9","9","0"
"1000000US500219638001052","Block 1052, Block Group 1, Census Tract 9638, Rutland County, Vermont","4","3","1"
"1000000US500219638001053","Block 1053, Block Group 1, Census Tract 9638, Rutland County, Vermont","0","0","0"
"1000000US500219638001054","Block 1054, Block Group 1, Census Tract 9638, Rutland County, Vermont","1","1","0"
"1000000US500219638001055","Block 1055, Block Group 1, Census Tract 9638, Rutland County, Vermont","0","0","0"
"1000000US500219638001056","Block 1056, Block Group 1, Census Tract 9638, Rutland County, Vermont","9","8","1"
"1000000US500219638001057","Block 1057, Block Group 1, Census Tract 9638, Rutland County, Vermont","0","0","0"
"1000000US500219638001058","Block 1058, Block Group 1, Census Tract 9638, Rutland County, Vermont","1","1","0"
"1000000US500219638001059","Block 1059, Block Group 1, Census Tract 9638, Rutland County, Vermont","0","0","0"
"1000000US500219638001060","Block 1060, Block Group 1, Census Tract 9638, Rutland County, Vermont","18","17","1"
"1000000US500219638001061","Block 1061, Block Group 1, Census Tract 9638, Rutland County, Vermont","16","13","3"
"1000000US500219638001062","Block 1062, Block Group 1, Census Tract 9638, Rutland County, Vermont","49","40","9"
"1000000US500219638001063","Block 1063, Block Group 1, Census Tract 9638, Rutland County, Vermont","0","0","0"
"1000000US500219638001064","Block 1064, Block Group 1, Census Tract 9638, Rutland County, Vermont","0","0","0"
"1000000US500219638001065","Block 1065, Block Group 1, Census Tract 9638, Rutland County, Vermont","0","0","0"
"1000000US500219638001066","Block 1066, Block Group 1, Census Tract 9638, Rutland County, Vermont","0","0","0"
"1000000US500219638001067","Block 1067, Block Group 1, Census Tract 9638, Rutland County, Vermont","0","0","0"
"1000000US500219638001068","Block 1068, Block Group 1, Census Tract 9638, Rutland County, Vermont","4","4","0"
"1000000US500219638001069","Block 1069, Block Group 1, Census Tract 9638, Rutland County, Vermont","26","24","2"
"1000000US500219638001070","Block 1070, Block Group 1, Census Tract 9638, Rutland County, Vermont","0","0","0"
"1000000US500219638001071","Block 1071, Block Group 1, Census Tract 9638, Rutland County, Vermont","0","0","0"
"1000000US500219638001072","Block 1072, Block Group 1, Census Tract 9638, Rutland County, Vermont","0","0","0"
"1000000US500219638001073","Block 1073, Block Group 1, Census Tract 9638, Rutland County, Vermont","0","0","0"
"1000000US500219638001074","Block 1074, Block Group 1, Census Tract 9638, Rutland County, Vermont","36","36","0"
"1000000US500219638001075","Block 1075, Block Group 1, Census Tract 9638, Rutland County, Vermont","0","0","0"
"1000000US500219638002000","Block 2000, Block Group 2, Census Tract 9638, Rutland County, Vermont","0","0","0"
"1000000US500219638002001","Block 2001, Block Group 2, Census Tract 9638, Rutland County, Vermont","9","8","1"
"1000000US500219638002002","Block 2002, Block Group 2, Census Tract 9638, Rutland County, Vermont","2","2","0"
"1000000US500219638002003","Block 2003, Block Group 2, Census Tract 9638, Rutland County, Vermont","0","0","0"
"1000000US500219638002004","Block 2004, Block Group 2, Census Tract 9638, Rutland County, Vermont","0","0","0"
"1000000US500219638002005","Block 2005, Block Group 2, Census Tract 9638, Rutland County, Vermont","0","0","0"
"1000000US500219638002006","Block 2006, Block Group 2, Census Tract 9638, Rutland County, Vermont","1","1","0"
"1000000US500219638002007","Block 2007, Block Group 2, Census Tract 9638, Rutland County, Vermont","2","2","0"
"1000000US500219638002008","Block 2008, Block Group 2, Census Tract 9638, Rutland County, Vermont","2","2","0"
"1000000US500219638002009","Block 2009, Block Group 2, Census Tract 9638, Rutland County, Vermont","0","0","0"
"1000000US500219638002010","Block 2010, Block Group 2, Census Tract 9638, Rutland County, Vermont","0","0","0"
"1000000US500219638002011","Block 2011, Block Group 2, Census Tract 9638, Rutland County, Vermont","3","3","0"
"1000000US500219638002012","Block 2012, Block Group 2, Census Tract 9638, Rutland County, Vermont","0","0","0"
"1000000US500219638002013","Block 2013, Block Group 2, Census Tract 9638, Rutland County, Vermont","0","0","0"
"1000000US500219638002014","Block 2014, Block Group 2, Census Tract 9638, Rutland County, Vermont","7","6","1"
"1000000US500219638002015","Block 2015, Block Group 2, Census Tract 9638, Rutland County, Vermont","0","0","0"
"1000000US500219638002016","Block 2016, Block Group 2, Census Tract 9638, Rutland County, Vermont","0","0","0"
"1000000US500219638002017","Block 2017, Block Group 2, Census Tract 9638, Rutland County, Vermont","0","0","0"
"1000000US500219638002018","Block 2018, Block Group 2, Census Tract 9638, Rutland County, Vermont","12","12","0"
"1000000US500219638002019","Block 2019, Block Group 2, Census Tract 9638, Rutland County, Vermont","2","2","0"
"1000000US500219638002020","Block 2020, Block Group 2, Census Tract 9638, Rutland County, Vermont","11","11","0"
"1000000US500219638002021","Block 2021, Block Group 2, Census Tract 9638, Rutland County, Vermont","0","0","0"
"1000000US500219638002022","Block 2022, Block Group 2, Census Tract 9638, Rutland County, Vermont","2","2","0"
"1000000US500219638002023","Block 2023, Block Group 2, Census Tract 9638, Rutland County, Vermont","0","0","0"
"1000000US500219638002024","Block 2024, Block Group 2, Census Tract 9638, Rutland County, Vermont","3","3","0"
"1000000US500219638002025","Block 2025, Block Group 2, Census Tract 9638, Rutland County, Vermont","0","0","0"
"1000000US500219638002026","Block 2026, Block Group 2, Census Tract 9638, Rutland County, Vermont","0","0","0"
"1000000US500219638002027","Block 2027, Block Group 2, Census Tract 9638, Rutland County, Vermont","10","9","1"
"1000000US500219638002028","Block 2028, Block Group 2, Census Tract 9638, Rutland County, Vermont","0","0","0"
"1000000US500219638002029","Block 2029, Block Group 2, Census Tract 9638, Rutland County, Vermont","3","3","0"
"1000000US500219638002030","Block 2030, Block Group 2, Census Tract 9638, Rutland County, Vermont","0","0","0"
"1000000US500219638002031","Block 2031, Block Group 2, Census Tract 9638, Rutland County, Vermont","13","12","1"
"1000000US500219638002032","Block 2032, Block Group 2, Census Tract 9638, Rutland County, Vermont","0","0","0"
"1000000US500219638002033","Block 2033, Block Group 2, Census Tract 9638, Rutland County, Vermont","0","0","0"
"1000000US500219638002034","Block 2034, Block Group 2, Census Tract 9638, Rutland County, Vermont","0","0","0"
"1000000US500219638002035","Block 2035, Block Group 2, Census Tract 9638, Rutland County, Vermont","3","3","0"
"1000000US500219638002036","Block 2036, Block Group 2, Census Tract 9638, Rutland County, Vermont","0","0","0"
"1000000US500219638002037","Block 2037, Block Group 2, Census Tract 9638, Rutland County, Vermont","0","0","0"
"1000000US500219638002038","Block 2038, Block Group 2, Census Tract 9638, Rutland County, Vermont","1","1","0"
"1000000US500219638002039","Block 2039, Block Group 2, Census Tract 9638, Rutland County, Vermont","5","4","1"
"1000000US500219638002040","Block 2040, Block Group 2, Census Tract 9638, Rutland County, Vermont","44","40","4"
"1000000US500219638002041","Block 2041, Block Group 2, Census Tract 9638, Rutland County, Vermont","0","0","0"
"1000000US500219638002042","Block 2042, Block Group 2, Census Tract 9638, Rutland County, Vermont","2","2","0"
"1000000US500219638002043","Block 2043, Block Group 2, Census Tract 9638, Rutland County, Vermont","0","0","0"
"1000000US500219638002044","Block 2044, Block Group 2, Census Tract 9638, Rutland County, Vermont","0","0","0"
"1000000US500219638002045","Block 2045, Block Group 2, Census Tract 9638, Rutland County, Vermont","0","0","0"
"1000000US500219638002046","Block 2046, Block Group 2, Census Tract 9638, Rutland County, Vermont","0","0","0"
"1000000US500219638002047","Block 2047, Block Group 2, Census Tract 9638, Rutland County, Vermont","13","12","1"
"1000000US500219638002048","Block 2048, Block Group 2, Census Tract 9638, Rutland County, Vermont","60","51","9"
"1000000US500219638002049","Block 2049, Block Group 2, Census Tract 9638, Rutland County, Vermont","0","0","0"
"1000000US500219638002050","Block 2050, Block Group 2, Census Tract 9638, Rutland County, Vermont","2","1","1"
"1000000US500219638002051","Block 2051, Block Group 2, Census Tract 9638, Rutland County, Vermont","21","18","3"
"1000000US500219638002052","Block 2052, Block Group 2, Census Tract 9638, Rutland County, Vermont","24","23","1"
"1000000US500219638002053","Block 2053, Block Group 2, Census Tract 9638, Rutland County, Vermont","58","50","8"
"1000000US500219638002054","Block 2054, Block Group 2, Census Tract 9638, Rutland County, Vermont","36","32","4"
"1000000US500219638002055","Block 2055, Block Group 2, Census Tract 9638, Rutland County, Vermont","0","0","0"
"1000000US500219638002056","Block 2056, Block Group 2, Census Tract 9638, Rutland County, Vermont","11","10","1"
"1000000US500219638002057","Block 2057, Block Group 2, Census Tract 9638, Rutland County, Vermont","0","0","0"
"1000000US500219638002058","Block 2058, Block Group 2, Census Tract 9638, Rutland County, Vermont","0","0","0"
"1000000US500219638002059","Block 2059, Block Group 2, Census Tract 9638, Rutland County, Vermont","0","0","0"
"1000000US500219638002060","Block 2060, Block Group 2, Census Tract 9638, Rutland County, Vermont","0","0","0"
"1000000US500219638002061","Block 2061, Block Group 2, Census Tract 9638, Rutland County, Vermont","38","29","9"
"1000000US500219638002062","Block 2062, Block Group 2, Census Tract 9638, Rutland County, Vermont","38","37","1"
"1000000US500219638002063","Block 2063, Block Group 2, Census Tract 9638, Rutland County, Vermont","1","1","0"
"1000000US500219638002064","Block 2064, Block Group 2, Census Tract 9638, Rutland County, Vermont","0","0","0"
"1000000US500219638002065","Block 2065, Block Group 2, Census Tract 9638, Rutland County, Vermont","48","44","4"
"1000000US500219638002066","Block 2066, Block Group 2, Census Tract 9638, Rutland County, Vermont","40","37","3"
"1000000US500219638002067","Block 2067, Block Group 2, Census Tract 9638, Rutland County, Vermont","0","0","0"
"1000000US500219638002068","Block 2068, Block Group 2, Census Tract 9638, Rutland County, Vermont","0","0","0"
"1000000US500219638002069","Block 2069, Block Group 2, Census Tract 9638, Rutland County, Vermont","0","0","0"
"1000000US500219638002070","Block 2070, Block Group 2, Census Tract 9638, Rutland County, Vermont","10","9","1"
"1000000US500219638002071","Block 2071, Block Group 2, Census Tract 9638, Rutland County, Vermont","0","0","0"
"1000000US500219638002072","Block 2072, Block Group 2, Census Tract 9638, Rutland County, Vermont","22","17","5"
"1000000US500219638002073","Block 2073, Block Group 2, Census Tract 9638, Rutland County, Vermont","19","16","3"
"1000000US500219638002074","Block 2074, Block Group 2, Census Tract 9638, Rutland County, Vermont","2","2","0"
"1000000US500219638002075","Block 2075, Block Group 2, Census Tract 9638, Rutland County, Vermont","0","0","0"
"1000000US500219638002076","Block 2076, Block Group 2, Census Tract 9638, Rutland County, Vermont","0","0","0"
"1000000US500219638003000","Block 3000, Block Group 3, Census Tract 9638, Rutland County, Vermont","0","0","0"
"1000000US500219638003001","Block 3001, Block Group 3, Census Tract 9638, Rutland County, Vermont","57","44","13"
"1000000US500219638003002","Block 3002, Block Group 3, Census Tract 9638, Rutland County, Vermont","3","3","0"
"1000000US500219638003003","Block 3003, Block Group 3, Census Tract 9638, Rutland County, Vermont","6","1","5"
"1000000US500219638003004","Block 3004, Block Group 3, Census Tract 9638, Rutland County, Vermont","0","0","0"
"1000000US500219638003005","Block 3005, Block Group 3, Census Tract 9638, Rutland County, Vermont","1","1","0"
"1000000US500219638003006","Block 3006, Block Group 3, Census Tract 9638, Rutland County, Vermont","2","2","0"
"1000000US500219638003007","Block 3007, Block Group 3, Census Tract 9638, Rutland County, Vermont","2","1","1"
"1000000US500219638003008","Block 3008, Block Group 3, Census Tract 9638, Rutland County, Vermont","5","2","3"
"1000000US500219638003009","Block 3009, Block Group 3, Census Tract 9638, Rutland County, Vermont","67","13","54"
"1000000US500219638003010","Block 3010, Block Group 3, Census Tract 9638, Rutland County, Vermont","1","0","1"
"1000000US500219638003011","Block 3011, Block Group 3, Census Tract 9638, Rutland County, Vermont","0","0","0"
"1000000US500219638003012","Block 3012, Block Group 3, Census Tract 9638, Rutland County, Vermont","0","0","0"
"1000000US500219638003013","Block 3013, Block Group 3, Census Tract 9638, Rutland County, Vermont","39","6","33"
"1000000US500219638003014","Block 3014, Block Group 3, Census Tract 9638, Rutland County, Vermont","0","0","0"
"1000000US500219638003015","Block 3015, Block Group 3, Census Tract 9638, Rutland County, Vermont","28","9","19"
"1000000US500219638003016","Block 3016, Block Group 3, Census Tract 9638, Rutland County, Vermont","1","0","1"
"1000000US500219638003017","Block 3017, Block Group 3, Census Tract 9638, Rutland County, Vermont","5","0","5"
"1000000US500219638003018","Block 3018, Block Group 3, Census Tract 9638, Rutland County, Vermont","2","2","0"
"1000000US500219638003019","Block 3019, Block Group 3, Census Tract 9638, Rutland County, Vermont","2","2","0"
"1000000US500219638003020","Block 3020, Block Group 3, Census Tract 9638, Rutland County, Vermont","0","0","0"
"1000000US500219638003021","Block 3021, Block Group 3, Census Tract 9638, Rutland County, Vermont","153","50","103"
"1000000US500219638003022","Block 3022, Block Group 3, Census Tract 9638, Rutland County, Vermont","13","3","10"
"1000000US500219638003023","Block 3023, Block Group 3, Census Tract 9638, Rutland County, Vermont","0","0","0"
"1000000US500219638003024","Block 3024, Block Group 3, Census Tract 9638, Rutland County, Vermont","0","0","0"
"1000000US500219638003025","Block 3025, Block Group 3, Census Tract 9638, Rutland County, Vermont","0","0","0"
"1000000US500219638003026","Block 3026, Block Group 3, Census Tract 9638, Rutland County, Vermont","0","0","0"
"1000000US500219638003027","Block 3027, Block Group 3, Census Tract 9638, Rutland County, Vermont","0","0","0"
"1000000US500219638003028","Block 3028, Block Group 3, Census Tract 9638, Rutland County, Vermont","0","0","0"
"1000000US500219638003029","Block 3029, Block Group 3, Census Tract 9638, Rutland County, Vermont","0","0","0"
"1000000US500219638003030","Block 3030, Block Group 3, Census Tract 9638, Rutland County, Vermont","0","0","0"
"1000000US500219638003031","Block 3031, Block Group 3, Census Tract 9638, Rutland County, Vermont","12","10","2"
"1000000US500219638003032","Block 3032, Block Group 3, Census Tract 9638, Rutland County, Vermont","1","0","1"
"1000000US500219638003033","Block 3033, Block Group 3, Census Tract 9638, Rutland County, Vermont","0","0","0"
"1000000US500219638003034","Block 3034, Block Group 3, Census Tract 9638, Rutland County, Vermont","2","2","0"
"1000000US500219638003035","Block 3035, Block Group 3, Census Tract 9638, Rutland County, Vermont","0","0","0"
"1000000US500219638003036","Block 3036, Block Group 3, Census Tract 9638, Rutland County, Vermont","0","0","0"
"1000000US500219638003037","Block 3037, Block Group 3, Census Tract 9638, Rutland County, Vermont","0","0","0"
"1000000US500219638003038","Block 3038, Block Group 3, Census Tract 9638, Rutland County, Vermont","0","0","0"
"1000000US500219638003039","Block 3039, Block Group 3, Census Tract 9638, Rutland County, Vermont","0","0","0"
"1000000US500219638003040","Block 3040, Block Group 3, Census Tract 9638, Rutland County, Vermont","0","0","0"
"1000000US500219638003041","Block 3041, Block Group 3, Census Tract 9638, Rutland County, Vermont","5","0","5"
"1000000US500219638003042","Block 3042, Block Group 3, Census Tract 9638, Rutland County, Vermont","0","0","0"
"1000000US500219638003043","Block 3043, Block Group 3, Census Tract 9638, Rutland County, Vermont","23","18","5"
"1000000US500219638003044","Block 3044, Block Group 3, Census Tract 9638, Rutland County, Vermont","28","25","3"
"1000000US500219638003045","Block 3045, Block Group 3, Census Tract 9638, Rutland County, Vermont","0","0","0"
"1000000US500219638003046","Block 3046, Block Group 3, Census Tract 9638, Rutland County, Vermont","6","5","1"
"1000000US500219638003047","Block 3047, Block Group 3, Census Tract 9638, Rutland County, Vermont","0","0","0"
"1000000US500219638003048","Block 3048, Block Group 3, Census Tract 9638, Rutland County, Vermont","20","18","2"
"1000000US500219638003049","Block 3049, Block Group 3, Census Tract 9638, Rutland County, Vermont","3","3","0"
"1000000US500219638003050","Block 3050, Block Group 3, Census Tract 9638, Rutland County, Vermont","0","0","0"
"1000000US500219638003051","Block 3051, Block Group 3, Census Tract 9638, Rutland County, Vermont","5","4","1"
"1000000US500219638003052","Block 3052, Block Group 3, Census Tract 9638, Rutland County, Vermont","17","17","0"
"1000000US500219638003053","Block 3053, Block Group 3, Census Tract 9638, Rutland County, Vermont","0","0","0"
"1000000US500219638003054","Block 3054, Block Group 3, Census Tract 9638, Rutland County, Vermont","5","1","4"
"1000000US500219638003055","Block 3055, Block Group 3, Census Tract 9638, Rutland County, Vermont","1","0","1"
"1000000US500219638003056","Block 3056, Block Group 3, Census Tract 9638, Rutland County, Vermont","4","3","1"
"1000000US500219638003057","Block 3057, Block Group 3, Census Tract 9638, Rutland County, Vermont","0","0","0"
"1000000US500219638003058","Block 3058, Block Group 3, Census Tract 9638, Rutland County, Vermont","1","0","1"
"1000000US500219638003059","Block 3059, Block Group 3, Census Tract 9638, Rutland County, Vermont","0","0","0"
"1000000US500219638003060","Block 3060, Block Group 3, Census Tract 9638, Rutland County, Vermont","0","0","0"
"1000000US500219638003061","Block 3061, Block Group 3, Census Tract 9638, Rutland County, Vermont","8","0","8"
"1000000US500219638003062","Block 3062, Block Group 3, Census Tract 9638, Rutland County, Vermont","0","0","0"
"1000000US500219638003063","Block 3063, Block Group 3, Census Tract 9638, Rutland County, Vermont","0","0","0"
"1000000US500219638003064","Block 3064, Block Group 3, Census Tract 9638, Rutland County, Vermont","0","0","0"
"1000000US500219638004000","Block 4000, Block Group 4, Census Tract 9638, Rutland County, Vermont","1","1","0"
"1000000US500219638004001","Block 4001, Block Group 4, Census Tract 9638, Rutland County, Vermont","56","28","28"
"1000000US500219638004002","Block 4002, Block Group 4, Census Tract 9638, Rutland County, Vermont","16","5","11"
"1000000US500219638004003","Block 4003, Block Group 4, Census Tract 9638, Rutland County, Vermont","3","3","0"
"1000000US500219638004004","Block 4004, Block Group 4, Census Tract 9638, Rutland County, Vermont","1","1","0"
"1000000US500219638004005","Block 4005, Block Group 4, Census Tract 9638, Rutland County, Vermont","35","13","22"
"1000000US500219638004006","Block 4006, Block Group 4, Census Tract 9638, Rutland County, Vermont","28","23","5"
"1000000US500219638004007","Block 4007, Block Group 4, Census Tract 9638, Rutland County, Vermont","2","1","1"
"1000000US500219638004008","Block 4008, Block Group 4, Census Tract 9638, Rutland County, Vermont","0","0","0"
"1000000US500219638004009","Block 4009, Block Group 4, Census Tract 9638, Rutland County, Vermont","34","8","26"
"1000000US500219638004010","Block 4010, Block Group 4, Census Tract 9638, Rutland County, Vermont","0","0","0"
"1000000US500219638004011","Block 4011, Block Group 4, Census Tract 9638, Rutland County, Vermont","0","0","0"
"1000000US500219638004012","Block 4012, Block Group 4, Census Tract 9638, Rutland County, Vermont","0","0","0"
"1000000US500219638004013","Block 4013, Block Group 4, Census Tract 9638, Rutland County, Vermont","17","4","13"
"1000000US500219638004014","Block 4014, Block Group 4, Census Tract 9638, Rutland County, Vermont","15","8","7"
"1000000US500219638004015","Block 4015, Block Group 4, Census Tract 9638, Rutland County, Vermont","1","0","1"
"1000000US500219638004016","Block 4016, Block Group 4, Census Tract 9638, Rutland County, Vermont","3","3","0"
"1000000US500219638004017","Block 4017, Block Group 4, Census Tract 9638, Rutland County, Vermont","8","8","0"
"1000000US500219638004018","Block 4018, Block Group 4, Census Tract 9638, Rutland County, Vermont","2","2","0"
"1000000US500219638004019","Block 4019, Block Group 4, Census Tract 9638, Rutland County, Vermont","0","0","0"
"1000000US500219638004020","Block 4020, Block Group 4, Census Tract 9638, Rutland County, Vermont","32","27","5"
"1000000US500219638004021","Block 4021, Block Group 4, Census Tract 9638, Rutland County, Vermont","0","0","0"
"1000000US500219638004022","Block 4022, Block Group 4, Census Tract 9638, Rutland County, Vermont","3","3","0"
"1000000US500219638004023","Block 4023, Block Group 4, Census Tract 9638, Rutland County, Vermont","77","47","30"
"1000000US500219638004024","Block 4024, Block Group 4, Census Tract 9638, Rutland County, Vermont","1","1","0"
"1000000US500219638004025","Block 4025, Block Group 4, Census Tract 9638, Rutland County, Vermont","14","7","7"
"1000000US500219638004026","Block 4026, Block Group 4, Census Tract 9638, Rutland County, Vermont","0","0","0"
"1000000US500219638004027","Block 4027, Block Group 4, Census Tract 9638, Rutland County, Vermont","26","5","21"
"1000000US500219638004028","Block 4028, Block Group 4, Census Tract 9638, Rutland County, Vermont","43","2","41"
"1000000US500219638004029","Block 4029, Block Group 4, Census Tract 9638, Rutland County, Vermont","0","0","0"
"1000000US500219638004030","Block 4030, Block Group 4, Census Tract 9638, Rutland County, Vermont","5","0","5"
"1000000US500219638004031","Block 4031, Block Group 4, Census Tract 9638, Rutland County, Vermont","0","0","0"
"1000000US500219638004032","Block 4032, Block Group 4, Census Tract 9638, Rutland County, Vermont","0","0","0"
"1000000US500219638004033","Block 4033, Block Group 4, Census Tract 9638, Rutland County, Vermont","0","0","0"
"1000000US500219638004034","Block 4034, Block Group 4, Census Tract 9638, Rutland County, Vermont","0","0","0"
"1000000US500219638004035","Block 4035, Block Group 4, Census Tract 9638, Rutland County, Vermont","23","12","11"
"1000000US500219638004036","Block 4036, Block Group 4, Census Tract 9638, Rutland County, Vermont","0","0","0"
"1000000US500219638004037","Block 4037, Block Group 4, Census Tract 9638, Rutland County, Vermont","33","9","24"
"1000000US500219638004038","Block 4038, Block Group 4, Census Tract 9638, Rutland County, Vermont","2","0","2"
"1000000US500219638004039","Block 4039, Block Group 4, Census Tract 9638, Rutland County, Vermont","56","19","37"
"1000000US500219638004040","Block 4040, Block Group 4, Census Tract 9638, Rutland County, Vermont","1","1","0"
"1000000US500219638004041","Block 4041, Block Group 4, Census Tract 9638, Rutland County, Vermont","11","5","6"
"1000000US500219638004042","Block 4042, Block Group 4, Census Tract 9638, Rutland County, Vermont","8","1","7"
"1000000US500219638004043","Block 4043, Block Group 4, Census Tract 9638, Rutland County, Vermont","0","0","0"
"1000000US500219638004044","Block 4044, Block Group 4, Census Tract 9638, Rutland County, Vermont","12","10","2"
"1000000US500219638004045","Block 4045, Block Group 4, Census Tract 9638, Rutland County, Vermont","0","0","0"
"1000000US500219638004046","Block 4046, Block Group 4, Census Tract 9638, Rutland County, Vermont","57","34","23"
"1000000US500219638004047","Block 4047, Block Group 4, Census Tract 9638, Rutland County, Vermont","9","7","2"
"1000000US500219638004048","Block 4048, Block Group 4, Census Tract 9638, Rutland County, Vermont","9","9","0"
"1000000US500219638004049","Block 4049, Block Group 4, Census Tract 9638, Rutland County, Vermont","28","23","5"
"1000000US500219638004050","Block 4050, Block Group 4, Census Tract 9638, Rutland County, Vermont","1","1","0"
"1000000US500219638004051","Block 4051, Block Group 4, Census Tract 9638, Rutland County, Vermont","0","0","0"
"1000000US500219638004052","Block 4052, Block Group 4, Census Tract 9638, Rutland County, Vermont","23","17","6"
"1000000US500219638004053","Block 4053, Block Group 4, Census Tract 9638, Rutland County, Vermont","5","5","0"
"1000000US500219638004054","Block 4054, Block Group 4, Census Tract 9638, Rutland County, Vermont","6","6","0"
"1000000US500219638004055","Block 4055, Block Group 4, Census Tract 9638, Rutland County, Vermont","53","32","21"
"1000000US500219638004056","Block 4056, Block Group 4, Census Tract 9638, Rutland County, Vermont","0","0","0"
"1000000US500219638004057","Block 4057, Block Group 4, Census Tract 9638, Rutland County, Vermont","7","3","4"
"1000000US500219638004058","Block 4058, Block Group 4, Census Tract 9638, Rutland County, Vermont","20","13","7"
"1000000US500219638004059","Block 4059, Block Group 4, Census Tract 9638, Rutland County, Vermont","0","0","0"
"1000000US500219638004060","Block 4060, Block Group 4, Census Tract 9638, Rutland County, Vermont","6","3","3"
"1000000US500219638004061","Block 4061, Block Group 4, Census Tract 9638, Rutland County, Vermont","15","11","4"
"1000000US500219638004062","Block 4062, Block Group 4, Census Tract 9638, Rutland County, Vermont","1","1","0"
"1000000US500219638004063","Block 4063, Block Group 4, Census Tract 9638, Rutland County, Vermont","3","2","1"
"1000000US500219638004064","Block 4064, Block Group 4, Census Tract 9638, Rutland County, Vermont","5","4","1"
"1000000US500219638004065","Block 4065, Block Group 4, Census Tract 9638, Rutland County, Vermont","18","16","2"
"1000000US500219638004066","Block 4066, Block Group 4, Census Tract 9638, Rutland County, Vermont","6","5","1"
"1000000US500219638004067","Block 4067, Block Group 4, Census Tract 9638, Rutland County, Vermont","4","1","3"
"1000000US500219638004068","Block 4068, Block Group 4, Census Tract 9638, Rutland County, Vermont","14","10","4"
"1000000US500219638004069","Block 4069, Block Group 4, Census Tract 9638, Rutland County, Vermont","0","0","0"
"1000000US500219638004070","Block 4070, Block Group 4, Census Tract 9638, Rutland County, Vermont","0","0","0"
"1000000US500219638004071","Block 4071, Block Group 4, Census Tract 9638, Rutland County, Vermont","0","0","0"
"1000000US500219638004072","Block 4072, Block Group 4, Census Tract 9638, Rutland County, Vermont","0","0","0"
"1000000US500219638004073","Block 4073, Block Group 4, Census Tract 9638, Rutland County, Vermont","0","0","0"
"1000000US500219638004074","Block 4074, Block Group 4, Census Tract 9638, Rutland County, Vermont","35","30","5"
"1000000US500219638004075","Block 4075, Block Group 4, Census Tract 9638, Rutland County, Vermont","2","2","0"
"1000000US500219638004076","Block 4076, Block Group 4, Census Tract 9638, Rutland County, Vermont","17","15","2"
"1000000US500219638004077","Block 4077, Block Group 4, Census Tract 9638, Rutland County, Vermont","0","0","0"
"1000000US500219638004078","Block 4078, Block Group 4, Census Tract 9638, Rutland County, Vermont","0","0","0"
"1000000US500219638004079","Block 4079, Block Group 4, Census Tract 9638, Rutland County, Vermont","3","2","1"
"1000000US500219638004080","Block 4080, Block Group 4, Census Tract 9638, Rutland County, Vermont","1","0","1"
"1000000US500219638004081","Block 4081, Block Group 4, Census Tract 9638, Rutland County, Vermont","6","3","3"
"1000000US500219638004082","Block 4082, Block Group 4, Census Tract 9638, Rutland County, Vermont","0","0","0"
"1000000US500219638004083","Block 4083, Block Group 4, Census Tract 9638, Rutland County, Vermont","0","0","0"
"1000000US500219638004084","Block 4084, Block Group 4, Census Tract 9638, Rutland County, Vermont","0","0","0"
"1000000US500219638004085","Block 4085, Block Group 4, Census Tract 9638, Rutland County, Vermont","3","3","0"
"1000000US500219638004086","Block 4086, Block Group 4, Census Tract 9638, Rutland County, Vermont","1","0","1"
"1000000US500219640001000","Block 1000, Block Group 1, Census Tract 9640, Rutland County, Vermont","3","3","0"
"1000000US500219640001001","Block 1001, Block Group 1, Census Tract 9640, Rutland County, Vermont","0","0","0"
"1000000US500219640001002","Block 1002, Block Group 1, Census Tract 9640, Rutland County, Vermont","8","8","0"
"1000000US500219640001003","Block 1003, Block Group 1, Census Tract 9640, Rutland County, Vermont","0","0","0"
"1000000US500219640001004","Block 1004, Block Group 1, Census Tract 9640, Rutland County, Vermont","1","0","1"
"1000000US500219640001005","Block 1005, Block Group 1, Census Tract 9640, Rutland County, Vermont","0","0","0"
"1000000US500219640001006","Block 1006, Block Group 1, Census Tract 9640, Rutland County, Vermont","1","0","1"
"1000000US500219640001007","Block 1007, Block Group 1, Census Tract 9640, Rutland County, Vermont","5","4","1"
"1000000US500219640001008","Block 1008, Block Group 1, Census Tract 9640, Rutland County, Vermont","2","2","0"
"1000000US500219640001009","Block 1009, Block Group 1, Census Tract 9640, Rutland County, Vermont","0","0","0"
"1000000US500219640001010","Block 1010, Block Group 1, Census Tract 9640, Rutland County, Vermont","0","0","0"
"1000000US500219640001011","Block 1011, Block Group 1, Census Tract 9640, Rutland County, Vermont","10","10","0"
"1000000US500219640001012","Block 1012, Block Group 1, Census Tract 9640, Rutland County, Vermont","9","8","1"
"1000000US500219640001013","Block 1013, Block Group 1, Census Tract 9640, Rutland County, Vermont","28","25","3"
"1000000US500219640001014","Block 1014, Block Group 1, Census Tract 9640, Rutland County, Vermont","131","121","10"
"1000000US500219640001015","Block 1015, Block Group 1, Census Tract 9640, Rutland County, Vermont","0","0","0"
"1000000US500219640001016","Block 1016, Block Group 1, Census Tract 9640, Rutland County, Vermont","0","0","0"
"1000000US500219640001017","Block 1017, Block Group 1, Census Tract 9640, Rutland County, Vermont","1","1","0"
"1000000US500219640001018","Block 1018, Block Group 1, Census Tract 9640, Rutland County, Vermont","26","24","2"
"1000000US500219640001019","Block 1019, Block Group 1, Census Tract 9640, Rutland County, Vermont","1","1","0"
"1000000US500219640001020","Block 1020, Block Group 1, Census Tract 9640, Rutland County, Vermont","1","1","0"
"1000000US500219640001021","Block 1021, Block Group 1, Census Tract 9640, Rutland County, Vermont","0","0","0"
"1000000US500219640001022","Block 1022, Block Group 1, Census Tract 9640, Rutland County, Vermont","0","0","0"
"1000000US500219640001023","Block 1023, Block Group 1, Census Tract 9640, Rutland County, Vermont","0","0","0"
"1000000US500219640001024","Block 1024, Block Group 1, Census Tract 9640, Rutland County, Vermont","6","5","1"
"1000000US500219640001025","Block 1025, Block Group 1, Census Tract 9640, Rutland County, Vermont","0","0","0"
"1000000US500219640001026","Block 1026, Block Group 1, Census Tract 9640, Rutland County, Vermont","25","24","1"
"1000000US500219640001027","Block 1027, Block Group 1, Census Tract 9640, Rutland County, Vermont","64","62","2"
"1000000US500219640001028","Block 1028, Block Group 1, Census Tract 9640, Rutland County, Vermont","23","21","2"
"1000000US500219640001029","Block 1029, Block Group 1, Census Tract 9640, Rutland County, Vermont","15","13","2"
"1000000US500219640001030","Block 1030, Block Group 1, Census Tract 9640, Rutland County, Vermont","20","18","2"
"1000000US500219640001031","Block 1031, Block Group 1, Census Tract 9640, Rutland County, Vermont","12","9","3"
"1000000US500219640001032","Block 1032, Block Group 1, Census Tract 9640, Rutland County, Vermont","5","5","0"
"1000000US500219640001033","Block 1033, Block Group 1, Census Tract 9640, Rutland County, Vermont","0","0","0"
"1000000US500219640001034","Block 1034, Block Group 1, Census Tract 9640, Rutland County, Vermont","4","4","0"
"1000000US500219640001035","Block 1035, Block Group 1, Census Tract 9640, Rutland County, Vermont","1","1","0"
"1000000US500219640001036","Block 1036, Block Group 1, Census Tract 9640, Rutland County, Vermont","4","4","0"
"1000000US500219640001037","Block 1037, Block Group 1, Census Tract 9640, Rutland County, Vermont","1","1","0"
"1000000US500219640001038","Block 1038, Block Group 1, Census Tract 9640, Rutland County, Vermont","10","10","0"
"1000000US500219640001039","Block 1039, Block Group 1, Census Tract 9640, Rutland County, Vermont","3","3","0"
"1000000US500219640002000","Block 2000, Block Group 2, Census Tract 9640, Rutland County, Vermont","1","1","0"
"1000000US500219640002001","Block 2001, Block Group 2, Census Tract 9640, Rutland County, Vermont","2","1","1"
"1000000US500219640002002","Block 2002, Block Group 2, Census Tract 9640, Rutland County, Vermont","5","4","1"
"1000000US500219640002003","Block 2003, Block Group 2, Census Tract 9640, Rutland County, Vermont","0","0","0"
"1000000US500219640002004","Block 2004, Block Group 2, Census Tract 9640, Rutland County, Vermont","0","0","0"
"1000000US500219640002005","Block 2005, Block Group 2, Census Tract 9640, Rutland County, Vermont","2","2","0"
"1000000US500219640002006","Block 2006, Block Group 2, Census Tract 9640, Rutland County, Vermont","0","0","0"
"1000000US500219640002007","Block 2007, Block Group 2, Census Tract 9640, Rutland County, Vermont","58","41","17"
"1000000US500219640002008","Block 2008, Block Group 2, Census Tract 9640, Rutland County, Vermont","0","0","0"
"1000000US500219640002009","Block 2009, Block Group 2, Census Tract 9640, Rutland County, Vermont","76","71","5"
"1000000US500219640002010","Block 2010, Block Group 2, Census Tract 9640, Rutland County, Vermont","0","0","0"
"1000000US500219640002011","Block 2011, Block Group 2, Census Tract 9640, Rutland County, Vermont","8","8","0"
"1000000US500219640002012","Block 2012, Block Group 2, Census Tract 9640, Rutland County, Vermont","0","0","0"
"1000000US500219640002013","Block 2013, Block Group 2, Census Tract 9640, Rutland County, Vermont","28","23","5"
"1000000US500219640002014","Block 2014, Block Group 2, Census Tract 9640, Rutland County, Vermont","4","4","0"
"1000000US500219640002015","Block 2015, Block Group 2, Census Tract 9640, Rutland County, Vermont","0","0","0"
"1000000US500219640002016","Block 2016, Block Group 2, Census Tract 9640, Rutland County, Vermont","0","0","0"
"1000000US500219640002017","Block 2017, Block Group 2, Census Tract 9640, Rutland County, Vermont","17","11","6"
"1000000US500219640002018","Block 2018, Block Group 2, Census Tract 9640, Rutland County, Vermont","6","6","0"
"1000000US500219640002019","Block 2019, Block Group 2, Census Tract 9640, Rutland County, Vermont","0","0","0"
"1000000US500219640002020","Block 2020, Block Group 2, Census Tract 9640, Rutland County, Vermont","21","16","5"
"1000000US500219640002021","Block 2021, Block Group 2, Census Tract 9640, Rutland County, Vermont","0","0","0"
"1000000US500219640002022","Block 2022, Block Group 2, Census Tract 9640, Rutland County, Vermont","8","4","4"
"1000000US500219640002023","Block 2023, Block Group 2, Census Tract 9640, Rutland County, Vermont","20","14","6"
"1000000US500219640002024","Block 2024, Block Group 2, Census Tract 9640, Rutland County, Vermont","0","0","0"
"1000000US500219640002025","Block 2025, Block Group 2, Census Tract 9640, Rutland County, Vermont","0","0","0"
"1000000US500219640002026","Block 2026, Block Group 2, Census Tract 9640, Rutland County, Vermont","0","0","0"
"1000000US500219640002027","Block 2027, Block Group 2, Census Tract 9640, Rutland County, Vermont","0","0","0"
"1000000US500219640002028","Block 2028, Block Group 2, Census Tract 9640, Rutland County, Vermont","3","3","0"
"1000000US500219640002029","Block 2029, Block Group 2, Census Tract 9640, Rutland County, Vermont","6","3","3"
"1000000US500219640002030","Block 2030, Block Group 2, Census Tract 9640, Rutland County, Vermont","1","1","0"
"1000000US500219640002031","Block 2031, Block Group 2, Census Tract 9640, Rutland County, Vermont","0","0","0"
"1000000US500219640002032","Block 2032, Block Group 2, Census Tract 9640, Rutland County, Vermont","1","0","1"
"1000000US500219640002033","Block 2033, Block Group 2, Census Tract 9640, Rutland County, Vermont","3","3","0"
"1000000US500219640002034","Block 2034, Block Group 2, Census Tract 9640, Rutland County, Vermont","1","1","0"
"1000000US500219640002035","Block 2035, Block Group 2, Census Tract 9640, Rutland County, Vermont","3","3","0"
"1000000US500219640002036","Block 2036, Block Group 2, Census Tract 9640, Rutland County, Vermont","1","1","0"
"1000000US500219640002037","Block 2037, Block Group 2, Census Tract 9640, Rutland County, Vermont","0","0","0"
"1000000US500219640002038","Block 2038, Block Group 2, Census Tract 9640, Rutland County, Vermont","14","12","2"
"1000000US500219640002039","Block 2039, Block Group 2, Census Tract 9640, Rutland County, Vermont","8","8","0"
"1000000US500219640002040","Block 2040, Block Group 2, Census Tract 9640, Rutland County, Vermont","0","0","0"
"1000000US500219640002041","Block 2041, Block Group 2, Census Tract 9640, Rutland County, Vermont","9","5","4"
"1000000US500219640002042","Block 2042, Block Group 2, Census Tract 9640, Rutland County, Vermont","2","2","0"
"1000000US500219640002043","Block 2043, Block Group 2, Census Tract 9640, Rutland County, Vermont","0","0","0"
"1000000US500219640002044","Block 2044, Block Group 2, Census Tract 9640, Rutland County, Vermont","1","1","0"
"1000000US500219640002045","Block 2045, Block Group 2, Census Tract 9640, Rutland County, Vermont","0","0","0"
"1000000US500219640002046","Block 2046, Block Group 2, Census Tract 9640, Rutland County, Vermont","4","2","2"
"1000000US500219640002047","Block 2047, Block Group 2, Census Tract 9640, Rutland County, Vermont","59","25","34"
"1000000US500219640002048","Block 2048, Block Group 2, Census Tract 9640, Rutland County, Vermont","0","0","0"
"1000000US500219640002049","Block 2049, Block Group 2, Census Tract 9640, Rutland County, Vermont","0","0","0"
"1000000US500219640002050","Block 2050, Block Group 2, Census Tract 9640, Rutland County, Vermont","0","0","0"
"1000000US500219640002051","Block 2051, Block Group 2, Census Tract 9640, Rutland County, Vermont","0","0","0"
"1000000US500219640002052","Block 2052, Block Group 2, Census Tract 9640, Rutland County, Vermont","0","0","0"
"1000000US500219640002053","Block 2053, Block Group 2, Census Tract 9640, Rutland County, Vermont","0","0","0"
"1000000US500219640002054","Block 2054, Block Group 2, Census Tract 9640, Rutland County, Vermont","0","0","0"
"1000000US500219640002055","Block 2055, Block Group 2, Census Tract 9640, Rutland County, Vermont","0","0","0"
"1000000US500219640002056","Block 2056, Block Group 2, Census Tract 9640, Rutland County, Vermont","23","20","3"
"1000000US500219640002057","Block 2057, Block Group 2, Census Tract 9640, Rutland County, Vermont","13","8","5"
"1000000US500219640002058","Block 2058, Block Group 2, Census Tract 9640, Rutland County, Vermont","19","18","1"
"1000000US500219640002059","Block 2059, Block Group 2, Census Tract 9640, Rutland County, Vermont","2","2","0"
"1000000US500219640002060","Block 2060, Block Group 2, Census Tract 9640, Rutland County, Vermont","4","4","0"
"1000000US500219640002061","Block 2061, Block Group 2, Census Tract 9640, Rutland County, Vermont","22","15","7"
"1000000US500219640002062","Block 2062, Block Group 2, Census Tract 9640, Rutland County, Vermont","0","0","0"
"1000000US500219640002063","Block 2063, Block Group 2, Census Tract 9640, Rutland County, Vermont","0","0","0"
"1000000US500219640002064","Block 2064, Block Group 2, Census Tract 9640, Rutland County, Vermont","0","0","0"
"1000000US500219640002065","Block 2065, Block Group 2, Census Tract 9640, Rutland County, Vermont","0","0","0"
"1000000US500219640002066","Block 2066, Block Group 2, Census Tract 9640, Rutland County, Vermont","0","0","0"
"1000000US500219640002067","Block 2067, Block Group 2, Census Tract 9640, Rutland County, Vermont","0","0","0"
"1000000US500219640002068","Block 2068, Block Group 2, Census Tract 9640, Rutland County, Vermont","4","4","0"
"1000000US500219640002069","Block 2069, Block Group 2, Census Tract 9640, Rutland County, Vermont","0","0","0"
"1000000US500219640002070","Block 2070, Block Group 2, Census Tract 9640, Rutland County, Vermont","0","0","0"
"1000000US500219640002071","Block 2071, Block Group 2, Census Tract 9640, Rutland County, Vermont","0","0","0"
"1000000US500219640002072","Block 2072, Block Group 2, Census Tract 9640, Rutland County, Vermont","7","2","5"
"1000000US500219640002073","Block 2073, Block Group 2, Census Tract 9640, Rutland County, Vermont","51","34","17"
"1000000US500219640002074","Block 2074, Block Group 2, Census Tract 9640, Rutland County, Vermont","0","0","0"
"1000000US500219640002075","Block 2075, Block Group 2, Census Tract 9640, Rutland County, Vermont","0","0","0"
"1000000US500219640002076","Block 2076, Block Group 2, Census Tract 9640, Rutland County, Vermont","17","17","0"
"1000000US500219640002077","Block 2077, Block Group 2, Census Tract 9640, Rutland County, Vermont","0","0","0"
"1000000US500219640002078","Block 2078, Block Group 2, Census Tract 9640, Rutland County, Vermont","0","0","0"
"1000000US500219640002079","Block 2079, Block Group 2, Census Tract 9640, Rutland County, Vermont","42","29","13"
"1000000US500219640002080","Block 2080, Block Group 2, Census Tract 9640, Rutland County, Vermont","0","0","0"
"1000000US500219640002081","Block 2081, Block Group 2, Census Tract 9640, Rutland County, Vermont","38","26","12"
"1000000US500219640002082","Block 2082, Block Group 2, Census Tract 9640, Rutland County, Vermont","0","0","0"
"1000000US500219640002083","Block 2083, Block Group 2, Census Tract 9640, Rutland County, Vermont","2","2","0"
"1000000US500219640002084","Block 2084, Block Group 2, Census Tract 9640, Rutland County, Vermont","0","0","0"
"1000000US500219640002085","Block 2085, Block Group 2, Census Tract 9640, Rutland County, Vermont","0","0","0"
"1000000US500219640002086","Block 2086, Block Group 2, Census Tract 9640, Rutland County, Vermont","0","0","0"
"1000000US500219640002087","Block 2087, Block Group 2, Census Tract 9640, Rutland County, Vermont","0","0","0"
"1000000US500219640002088","Block 2088, Block Group 2, Census Tract 9640, Rutland County, Vermont","18","13","5"
"1000000US500219640002089","Block 2089, Block Group 2, Census Tract 9640, Rutland County, Vermont","0","0","0"
"1000000US500219640002090","Block 2090, Block Group 2, Census Tract 9640, Rutland County, Vermont","17","10","7"
"1000000US500219640002091","Block 2091, Block Group 2, Census Tract 9640, Rutland County, Vermont","0","0","0"
"1000000US500219640002092","Block 2092, Block Group 2, Census Tract 9640, Rutland County, Vermont","0","0","0"
"1000000US500219640002093","Block 2093, Block Group 2, Census Tract 9640, Rutland County, Vermont","9","8","1"
"1000000US500219640002094","Block 2094, Block Group 2, Census Tract 9640, Rutland County, Vermont","0","0","0"
"1000000US500219640002095","Block 2095, Block Group 2, Census Tract 9640, Rutland County, Vermont","4","4","0"
"1000000US500219640002096","Block 2096, Block Group 2, Census Tract 9640, Rutland County, Vermont","4","2","2"
"1000000US500219640002097","Block 2097, Block Group 2, Census Tract 9640, Rutland County, Vermont","0","0","0"
"1000000US500219640002098","Block 2098, Block Group 2, Census Tract 9640, Rutland County, Vermont","0","0","0"
"1000000US500219640002099","Block 2099, Block Group 2, Census Tract 9640, Rutland County, Vermont","0","0","0"
"1000000US500219640002100","Block 2100, Block Group 2, Census Tract 9640, Rutland County, Vermont","0","0","0"
"1000000US500219640002101","Block 2101, Block Group 2, Census Tract 9640, Rutland County, Vermont","0","0","0"
"1000000US500219640002102","Block 2102, Block Group 2, Census Tract 9640, Rutland County, Vermont","0","0","0"
"1000000US500219640002103","Block 2103, Block Group 2, Census Tract 9640, Rutland County, Vermont","0","0","0"
"1000000US500219640002104","Block 2104, Block Group 2, Census Tract 9640, Rutland County, Vermont","0","0","0"
"1000000US500219640002105","Block 2105, Block Group 2, Census Tract 9640, Rutland County, Vermont","0","0","0"
"1000000US500219640002106","Block 2106, Block Group 2, Census Tract 9640, Rutland County, Vermont","0","0","0"
"1000000US500219640002107","Block 2107, Block Group 2, Census Tract 9640, Rutland County, Vermont","0","0","0"
"1000000US500219640002108","Block 2108, Block Group 2, Census Tract 9640, Rutland County, Vermont","0","0","0"
"1000000US500219640002109","Block 2109, Block Group 2, Census Tract 9640, Rutland County, Vermont","0","0","0"
"1000000US500219640002110","Block 2110, Block Group 2, Census Tract 9640, Rutland County, Vermont","0","0","0"
"1000000US500219640003000","Block 3000, Block Group 3, Census Tract 9640, Rutland County, Vermont","9","4","5"
"1000000US500219640003001","Block 3001, Block Group 3, Census Tract 9640, Rutland County, Vermont","2","1","1"
"1000000US500219640003002","Block 3002, Block Group 3, Census Tract 9640, Rutland County, Vermont","47","6","41"
"1000000US500219640003003","Block 3003, Block Group 3, Census Tract 9640, Rutland County, Vermont","0","0","0"
"1000000US500219640003004","Block 3004, Block Group 3, Census Tract 9640, Rutland County, Vermont","0","0","0"
"1000000US500219640003005","Block 3005, Block Group 3, Census Tract 9640, Rutland County, Vermont","12","5","7"
"1000000US500219640003006","Block 3006, Block Group 3, Census Tract 9640, Rutland County, Vermont","1","0","1"
"1000000US500219640003007","Block 3007, Block Group 3, Census Tract 9640, Rutland County, Vermont","3","2","1"
"1000000US500219640003008","Block 3008, Block Group 3, Census Tract 9640, Rutland County, Vermont","3","2","1"
"1000000US500219640003009","Block 3009, Block Group 3, Census Tract 9640, Rutland County, Vermont","12","6","6"
"1000000US500219640003010","Block 3010, Block Group 3, Census Tract 9640, Rutland County, Vermont","1","1","0"
"1000000US500219640003011","Block 3011, Block Group 3, Census Tract 9640, Rutland County, Vermont","1","1","0"
"1000000US500219640003012","Block 3012, Block Group 3, Census Tract 9640, Rutland County, Vermont","1","1","0"
"1000000US500219640003013","Block 3013, Block Group 3, Census Tract 9640, Rutland County, Vermont","6","6","0"
"1000000US500219640003014","Block 3014, Block Group 3, Census Tract 9640, Rutland County, Vermont","1","0","1"
"1000000US500219640003015","Block 3015, Block Group 3, Census Tract 9640, Rutland County, Vermont","3","2","1"
"1000000US500219640003016","Block 3016, Block Group 3, Census Tract 9640, Rutland County, Vermont","1","1","0"
"1000000US500219640003017","Block 3017, Block Group 3, Census Tract 9640, Rutland County, Vermont","2","1","1"
"1000000US500219640003018","Block 3018, Block Group 3, Census Tract 9640, Rutland County, Vermont","21","9","12"
"1000000US500219640003019","Block 3019, Block Group 3, Census Tract 9640, Rutland County, Vermont","2","2","0"
"1000000US500219640003020","Block 3020, Block Group 3, Census Tract 9640, Rutland County, Vermont","0","0","0"
"1000000US500219640003021","Block 3021, Block Group 3, Census Tract 9640, Rutland County, Vermont","4","4","0"
"1000000US500219640003022","Block 3022, Block Group 3, Census Tract 9640, Rutland County, Vermont","11","7","4"
"1000000US500219640003023","Block 3023, Block Group 3, Census Tract 9640, Rutland County, Vermont","1","0","1"
"1000000US500219640003024","Block 3024, Block Group 3, Census Tract 9640, Rutland County, Vermont","0","0","0"
"1000000US500219640003025","Block 3025, Block Group 3, Census Tract 9640, Rutland County, Vermont","12","7","5"
"1000000US500219640003026","Block 3026, Block Group 3, Census Tract 9640, Rutland County, Vermont","0","0","0"
"1000000US500219640003027","Block 3027, Block Group 3, Census Tract 9640, Rutland County, Vermont","5","4","1"
"1000000US500219640003028","Block 3028, Block Group 3, Census Tract 9640, Rutland County, Vermont","48","34","14"
"1000000US500219640003029","Block 3029, Block Group 3, Census Tract 9640, Rutland County, Vermont","0","0","0"
"1000000US500219640003030","Block 3030, Block Group 3, Census Tract 9640, Rutland County, Vermont","7","5","2"
"1000000US500219640003031","Block 3031, Block Group 3, Census Tract 9640, Rutland County, Vermont","6","3","3"
"1000000US500219640003032","Block 3032, Block Group 3, Census Tract 9640, Rutland County, Vermont","10","5","5"
"1000000US500219640003033","Block 3033, Block Group 3, Census Tract 9640, Rutland County, Vermont","0","0","0"
"1000000US500219640003034","Block 3034, Block Group 3, Census Tract 9640, Rutland County, Vermont","15","11","4"
"1000000US500219640003035","Block 3035, Block Group 3, Census Tract 9640, Rutland County, Vermont","20","9","11"
"1000000US500219640003036","Block 3036, Block Group 3, Census Tract 9640, Rutland County, Vermont","17","10","7"
"1000000US500219640003037","Block 3037, Block Group 3, Census Tract 9640, Rutland County, Vermont","8","4","4"
"1000000US500219640003038","Block 3038, Block Group 3, Census Tract 9640, Rutland County, Vermont","10","1","9"
"1000000US500219640003039","Block 3039, Block Group 3, Census Tract 9640, Rutland County, Vermont","4","1","3"
"1000000US500219640003040","Block 3040, Block Group 3, Census Tract 9640, Rutland County, Vermont","9","5","4"
"1000000US500219640003041","Block 3041, Block Group 3, Census Tract 9640, Rutland County, Vermont","11","6","5"
"1000000US500219640003042","Block 3042, Block Group 3, Census Tract 9640, Rutland County, Vermont","13","10","3"
"1000000US500219640003043","Block 3043, Block Group 3, Census Tract 9640, Rutland County, Vermont","1","0","1"
"1000000US500219640003044","Block 3044, Block Group 3, Census Tract 9640, Rutland County, Vermont","8","7","1"
"1000000US500219640003045","Block 3045, Block Group 3, Census Tract 9640, Rutland County, Vermont","2","2","0"
"1000000US500219640003046","Block 3046, Block Group 3, Census Tract 9640, Rutland County, Vermont","5","1","4"
"1000000US500219640003047","Block 3047, Block Group 3, Census Tract 9640, Rutland County, Vermont","0","0","0"
"1000000US500219640003048","Block 3048, Block Group 3, Census Tract 9640, Rutland County, Vermont","1","0","1"
"1000000US500219640003049","Block 3049, Block Group 3, Census Tract 9640, Rutland County, Vermont","10","7","3"
"1000000US500219640003050","Block 3050, Block Group 3, Census Tract 9640, Rutland County, Vermont","5","3","2"
"1000000US500219640003051","Block 3051, Block Group 3, Census Tract 9640, Rutland County, Vermont","10","9","1"
"1000000US500219640003052","Block 3052, Block Group 3, Census Tract 9640, Rutland County, Vermont","2","2","0"
"1000000US500219640003053","Block 3053, Block Group 3, Census Tract 9640, Rutland County, Vermont","1","1","0"
"1000000US500219640003054","Block 3054, Block Group 3, Census Tract 9640, Rutland County, Vermont","3","2","1"
"1000000US500219640003055","Block 3055, Block Group 3, Census Tract 9640, Rutland County, Vermont","0","0","0"
"1000000US500219640003056","Block 3056, Block Group 3, Census Tract 9640, Rutland County, Vermont","0","0","0"
"1000000US500219640003057","Block 3057, Block Group 3, Census Tract 9640, Rutland County, Vermont","0","0","0"
"1000000US500219640003058","Block 3058, Block Group 3, Census Tract 9640, Rutland County, Vermont","3","0","3"
"1000000US500219640003059","Block 3059, Block Group 3, Census Tract 9640, Rutland County, Vermont","18","9","9"
"1000000US500219640003060","Block 3060, Block Group 3, Census Tract 9640, Rutland County, Vermont","4","4","0"
"1000000US500219640003061","Block 3061, Block Group 3, Census Tract 9640, Rutland County, Vermont","2","1","1"
"1000000US500219640003062","Block 3062, Block Group 3, Census Tract 9640, Rutland County, Vermont","0","0","0"
"1000000US500219640003063","Block 3063, Block Group 3, Census Tract 9640, Rutland County, Vermont","1","1","0"
"1000000US500219640003064","Block 3064, Block Group 3, Census Tract 9640, Rutland County, Vermont","9","5","4"
"1000000US500219640003065","Block 3065, Block Group 3, Census Tract 9640, Rutland County, Vermont","0","0","0"
"1000000US500219640003066","Block 3066, Block Group 3, Census Tract 9640, Rutland County, Vermont","100","46","54"
"1000000US500219640003067","Block 3067, Block Group 3, Census Tract 9640, Rutland County, Vermont","0","0","0"
"1000000US500219640003068","Block 3068, Block Group 3, Census Tract 9640, Rutland County, Vermont","0","0","0"
"1000000US500219640003069","Block 3069, Block Group 3, Census Tract 9640, Rutland County, Vermont","6","4","2"
"1000000US500219640003070","Block 3070, Block Group 3, Census Tract 9640, Rutland County, Vermont","2","1","1"
"1000000US500219640003071","Block 3071, Block Group 3, Census Tract 9640, Rutland County, Vermont","0","0","0"
"1000000US500219640003072","Block 3072, Block Group 3, Census Tract 9640, Rutland County, Vermont","9","2","7"
"1000000US500219640003073","Block 3073, Block Group 3, Census Tract 9640, Rutland County, Vermont","35","14","21"
"1000000US500219640003074","Block 3074, Block Group 3, Census Tract 9640, Rutland County, Vermont","8","2","6"
"1000000US500219640003075","Block 3075, Block Group 3, Census Tract 9640, Rutland County, Vermont","2","2","0"
"1000000US500219640003076","Block 3076, Block Group 3, Census Tract 9640, Rutland County, Vermont","6","0","6"
"1000000US500219640003077","Block 3077, Block Group 3, Census Tract 9640, Rutland County, Vermont","6","6","0"
"1000000US500219640003078","Block 3078, Block Group 3, Census Tract 9640, Rutland County, Vermont","8","6","2"
"1000000US500219640003079","Block 3079, Block Group 3, Census Tract 9640, Rutland County, Vermont","124","54","70"
"1000000US500219640003080","Block 3080, Block Group 3, Census Tract 9640, Rutland County, Vermont","6","1","5"
"1000000US500219640003081","Block 3081, Block Group 3, Census Tract 9640, Rutland County, Vermont","3","1","2"
"1000000US500219640003082","Block 3082, Block Group 3, Census Tract 9640, Rutland County, Vermont","1","0","1"
"1000000US500219640003083","Block 3083, Block Group 3, Census Tract 9640, Rutland County, Vermont","7","4","3"
"1000000US500219640003084","Block 3084, Block Group 3, Census Tract 9640, Rutland County, Vermont","4","4","0"
"1000000US500219640003085","Block 3085, Block Group 3, Census Tract 9640, Rutland County, Vermont","5","3","2"
"1000000US500219640003086","Block 3086, Block Group 3, Census Tract 9640, Rutland County, Vermont","3","3","0"
"1000000US500219640003087","Block 3087, Block Group 3, Census Tract 9640, Rutland County, Vermont","3","3","0"
"1000000US500219640003088","Block 3088, Block Group 3, Census Tract 9640, Rutland County, Vermont","4","2","2"
"1000000US500219640003089","Block 3089, Block Group 3, Census Tract 9640, Rutland County, Vermont","2","2","0"
"1000000US500219640003090","Block 3090, Block Group 3, Census Tract 9640, Rutland County, Vermont","0","0","0"
"1000000US500219640003091","Block 3091, Block Group 3, Census Tract 9640, Rutland County, Vermont","0","0","0"
"1000000US500219640003092","Block 3092, Block Group 3, Census Tract 9640, Rutland County, Vermont","0","0","0"
"1000000US500219640003093","Block 3093, Block Group 3, Census Tract 9640, Rutland County, Vermont","0","0","0"
"1000000US500219640003094","Block 3094, Block Group 3, Census Tract 9640, Rutland County, Vermont","0","0","0"
"1000000US500219640003095","Block 3095, Block Group 3, Census Tract 9640, Rutland County, Vermont","2","1","1"
"1000000US500219640003096","Block 3096, Block Group 3, Census Tract 9640, Rutland County, Vermont","84","53","31"
"1000000US500219640003097","Block 3097, Block Group 3, Census Tract 9640, Rutland County, Vermont","0","0","0"
"1000000US500219640003098","Block 3098, Block Group 3, Census Tract 9640, Rutland County, Vermont","0","0","0"
"1000000US500219640003099","Block 3099, Block Group 3, Census Tract 9640, Rutland County, Vermont","6","1","5"
"1000000US500219640003100","Block 3100, Block Group 3, Census Tract 9640, Rutland County, Vermont","5","4","1"
"1000000US500219640003101","Block 3101, Block Group 3, Census Tract 9640, Rutland County, Vermont","0","0","0"
"1000000US500219640003102","Block 3102, Block Group 3, Census Tract 9640, Rutland County, Vermont","5","2","3"
"1000000US500219640003103","Block 3103, Block Group 3, Census Tract 9640, Rutland County, Vermont","26","16","10"
"1000000US500219640003104","Block 3104, Block Group 3, Census Tract 9640, Rutland County, Vermont","6","3","3"
"1000000US500219640003105","Block 3105, Block Group 3, Census Tract 9640, Rutland County, Vermont","30","12","18"
"1000000US500219640003106","Block 3106, Block Group 3, Census Tract 9640, Rutland County, Vermont","4","3","1"
"1000000US500219640003107","Block 3107, Block Group 3, Census Tract 9640, Rutland County, Vermont","2","0","2"
"1000000US500219640003108","Block 3108, Block Group 3, Census Tract 9640, Rutland County, Vermont","1","1","0"
"1000000US500219640003109","Block 3109, Block Group 3, Census Tract 9640, Rutland County, Vermont","40","16","24"
"1000000US500219640003110","Block 3110, Block Group 3, Census Tract 9640, Rutland County, Vermont","5","2","3"
"1000000US500219640003111","Block 3111, Block Group 3, Census Tract 9640, Rutland County, Vermont","4","4","0"
"1000000US500219640003112","Block 3112, Block Group 3, Census Tract 9640, Rutland County, Vermont","7","6","1"
"1000000US500219640003113","Block 3113, Block Group 3, Census Tract 9640, Rutland County, Vermont","2","0","2"
"1000000US500219640003114","Block 3114, Block Group 3, Census Tract 9640, Rutland County, Vermont","15","5","10"
"1000000US500219640003115","Block 3115, Block Group 3, Census Tract 9640, Rutland County, Vermont","30","22","8"
"1000000US500219640003116","Block 3116, Block Group 3, Census Tract 9640, Rutland County, Vermont","0","0","0"
"1000000US500219640003117","Block 3117, Block Group 3, Census Tract 9640, Rutland County, Vermont","1","0","1"
"1000000US500219642001000","Block 1000, Block Group 1, Census Tract 9642, Rutland County, Vermont","0","0","0"
"1000000US500219642001001","Block 1001, Block Group 1, Census Tract 9642, Rutland County, Vermont","0","0","0"
"1000000US500219642001002","Block 1002, Block Group 1, Census Tract 9642, Rutland County, Vermont","0","0","0"
"1000000US500219642001003","Block 1003, Block Group 1, Census Tract 9642, Rutland County, Vermont","14","11","3"
"1000000US500219642001004","Block 1004, Block Group 1, Census Tract 9642, Rutland County, Vermont","29","25","4"
"1000000US500219642001005","Block 1005, Block Group 1, Census Tract 9642, Rutland County, Vermont","18","16","2"
"1000000US500219642001006","Block 1006, Block Group 1, Census Tract 9642, Rutland County, Vermont","1","1","0"
"1000000US500219642001007","Block 1007, Block Group 1, Census Tract 9642, Rutland County, Vermont","6","5","1"
"1000000US500219642001008","Block 1008, Block Group 1, Census Tract 9642, Rutland County, Vermont","3","3","0"
"1000000US500219642001009","Block 1009, Block Group 1, Census Tract 9642, Rutland County, Vermont","0","0","0"
"1000000US500219642001010","Block 1010, Block Group 1, Census Tract 9642, Rutland County, Vermont","0","0","0"
"1000000US500219642001011","Block 1011, Block Group 1, Census Tract 9642, Rutland County, Vermont","0","0","0"
"1000000US500219642001012","Block 1012, Block Group 1, Census Tract 9642, Rutland County, Vermont","5","4","1"
"1000000US500219642001013","Block 1013, Block Group 1, Census Tract 9642, Rutland County, Vermont","0","0","0"
"1000000US500219642001014","Block 1014, Block Group 1, Census Tract 9642, Rutland County, Vermont","13","11","2"
"1000000US500219642001015","Block 1015, Block Group 1, Census Tract 9642, Rutland County, Vermont","19","15","4"
"1000000US500219642001016","Block 1016, Block Group 1, Census Tract 9642, Rutland County, Vermont","43","30","13"
"1000000US500219642001017","Block 1017, Block Group 1, Census Tract 9642, Rutland County, Vermont","1","1","0"
"1000000US500219642001018","Block 1018, Block Group 1, Census Tract 9642, Rutland County, Vermont","22","20","2"
"1000000US500219642001019","Block 1019, Block Group 1, Census Tract 9642, Rutland County, Vermont","43","31","12"
"1000000US500219642001020","Block 1020, Block Group 1, Census Tract 9642, Rutland County, Vermont","0","0","0"
"1000000US500219642001021","Block 1021, Block Group 1, Census Tract 9642, Rutland County, Vermont","42","27","15"
"1000000US500219642001022","Block 1022, Block Group 1, Census Tract 9642, Rutland County, Vermont","0","0","0"
"1000000US500219642001023","Block 1023, Block Group 1, Census Tract 9642, Rutland County, Vermont","0","0","0"
"1000000US500219642001024","Block 1024, Block Group 1, Census Tract 9642, Rutland County, Vermont","6","5","1"
"1000000US500219642001025","Block 1025, Block Group 1, Census Tract 9642, Rutland County, Vermont","4","3","1"
"1000000US500219642001026","Block 1026, Block Group 1, Census Tract 9642, Rutland County, Vermont","47","32","15"
"1000000US500219642001027","Block 1027, Block Group 1, Census Tract 9642, Rutland County, Vermont","2","1","1"
"1000000US500219642001028","Block 1028, Block Group 1, Census Tract 9642, Rutland County, Vermont","0","0","0"
"1000000US500219642001029","Block 1029, Block Group 1, Census Tract 9642, Rutland County, Vermont","41","24","17"
"1000000US500219642001030","Block 1030, Block Group 1, Census Tract 9642, Rutland County, Vermont","1","1","0"
"1000000US500219642001031","Block 1031, Block Group 1, Census Tract 9642, Rutland County, Vermont","0","0","0"
"1000000US500219642001032","Block 1032, Block Group 1, Census Tract 9642, Rutland County, Vermont","0","0","0"
"1000000US500219642001033","Block 1033, Block Group 1, Census Tract 9642, Rutland County, Vermont","0","0","0"
"1000000US500219642001034","Block 1034, Block Group 1, Census Tract 9642, Rutland County, Vermont","0","0","0"
"1000000US500219642001035","Block 1035, Block Group 1, Census Tract 9642, Rutland County, Vermont","0","0","0"
"1000000US500219642001036","Block 1036, Block Group 1, Census Tract 9642, Rutland County, Vermont","0","0","0"
"1000000US500219642001037","Block 1037, Block Group 1, Census Tract 9642, Rutland County, Vermont","1","0","1"
"1000000US500219642001038","Block 1038, Block Group 1, Census Tract 9642, Rutland County, Vermont","0","0","0"
"1000000US500219642001039","Block 1039, Block Group 1, Census Tract 9642, Rutland County, Vermont","9","5","4"
"1000000US500219642001040","Block 1040, Block Group 1, Census Tract 9642, Rutland County, Vermont","2","2","0"
"1000000US500219642001041","Block 1041, Block Group 1, Census Tract 9642, Rutland County, Vermont","10","5","5"
"1000000US500219642001042","Block 1042, Block Group 1, Census Tract 9642, Rutland County, Vermont","11","8","3"
"1000000US500219642001043","Block 1043, Block Group 1, Census Tract 9642, Rutland County, Vermont","3","2","1"
"1000000US500219642001044","Block 1044, Block Group 1, Census Tract 9642, Rutland County, Vermont","0","0","0"
"1000000US500219642001045","Block 1045, Block Group 1, Census Tract 9642, Rutland County, Vermont","1","1","0"
"1000000US500219642001046","Block 1046, Block Group 1, Census Tract 9642, Rutland County, Vermont","2","1","1"
"1000000US500219642001047","Block 1047, Block Group 1, Census Tract 9642, Rutland County, Vermont","58","40","18"
"1000000US500219642001048","Block 1048, Block Group 1, Census Tract 9642, Rutland County, Vermont","0","0","0"
"1000000US500219642001049","Block 1049, Block Group 1, Census Tract 9642, Rutland County, Vermont","0","0","0"
"1000000US500219642001050","Block 1050, Block Group 1, Census Tract 9642, Rutland County, Vermont","0","0","0"
"1000000US500219642001051","Block 1051, Block Group 1, Census Tract 9642, Rutland County, Vermont","3","3","0"
"1000000US500219642001052","Block 1052, Block Group 1, Census Tract 9642, Rutland County, Vermont","0","0","0"
"1000000US500219642001053","Block 1053, Block Group 1, Census Tract 9642, Rutland County, Vermont","2","1","1"
"1000000US500219642001054","Block 1054, Block Group 1, Census Tract 9642, Rutland County, Vermont","2","0","2"
"1000000US500219642001055","Block 1055, Block Group 1, Census Tract 9642, Rutland County, Vermont","5","4","1"
"1000000US500219642001056","Block 1056, Block Group 1, Census Tract 9642, Rutland County, Vermont","1","1","0"
"1000000US500219642001057","Block 1057, Block Group 1, Census Tract 9642, Rutland County, Vermont","6","5","1"
"1000000US500219642001058","Block 1058, Block Group 1, Census Tract 9642, Rutland County, Vermont","25","18","7"
"1000000US500219642001059","Block 1059, Block Group 1, Census Tract 9642, Rutland County, Vermont","0","0","0"
"1000000US500219642001060","Block 1060, Block Group 1, Census Tract 9642, Rutland County, Vermont","0","0","0"
"1000000US500219642001061","Block 1061, Block Group 1, Census Tract 9642, Rutland County, Vermont","0","0","0"
"1000000US500219642001062","Block 1062, Block Group 1, Census Tract 9642, Rutland County, Vermont","81","66","15"
"1000000US500219642001063","Block 1063, Block Group 1, Census Tract 9642, Rutland County, Vermont","7","6","1"
"1000000US500219642001064","Block 1064, Block Group 1, Census Tract 9642, Rutland County, Vermont","15","12","3"
"1000000US500219642001065","Block 1065, Block Group 1, Census Tract 9642, Rutland County, Vermont","0","0","0"
"1000000US500219642001066","Block 1066, Block Group 1, Census Tract 9642, Rutland County, Vermont","0","0","0"
"1000000US500219642001067","Block 1067, Block Group 1, Census Tract 9642, Rutland County, Vermont","0","0","0"
"1000000US500219642001068","Block 1068, Block Group 1, Census Tract 9642, Rutland County, Vermont","0","0","0"
"1000000US500219642001069","Block 1069, Block Group 1, Census Tract 9642, Rutland County, Vermont","0","0","0"
"1000000US500219642001070","Block 1070, Block Group 1, Census Tract 9642, Rutland County, Vermont","0","0","0"
"1000000US500219642001071","Block 1071, Block Group 1, Census Tract 9642, Rutland County, Vermont","0","0","0"
"1000000US500219642001072","Block 1072, Block Group 1, Census Tract 9642, Rutland County, Vermont","1","1","0"
"1000000US500219642001073","Block 1073, Block Group 1, Census Tract 9642, Rutland County, Vermont","0","0","0"
"1000000US500219642001074","Block 1074, Block Group 1, Census Tract 9642, Rutland County, Vermont","0","0","0"
"1000000US500219642001075","Block 1075, Block Group 1, Census Tract 9642, Rutland County, Vermont","0","0","0"
"1000000US500219642001076","Block 1076, Block Group 1, Census Tract 9642, Rutland County, Vermont","2","2","0"
"1000000US500219642001077","Block 1077, Block Group 1, Census Tract 9642, Rutland County, Vermont","11","7","4"
"1000000US500219642001078","Block 1078, Block Group 1, Census Tract 9642, Rutland County, Vermont","5","5","0"
"1000000US500219642001079","Block 1079, Block Group 1, Census Tract 9642, Rutland County, Vermont","9","7","2"
"1000000US500219642001080","Block 1080, Block Group 1, Census Tract 9642, Rutland County, Vermont","1","0","1"
"1000000US500219642001081","Block 1081, Block Group 1, Census Tract 9642, Rutland County, Vermont","6","3","3"
"1000000US500219642001082","Block 1082, Block Group 1, Census Tract 9642, Rutland County, Vermont","1","1","0"
"1000000US500219642001083","Block 1083, Block Group 1, Census Tract 9642, Rutland County, Vermont","5","4","1"
"1000000US500219642001084","Block 1084, Block Group 1, Census Tract 9642, Rutland County, Vermont","0","0","0"
"1000000US500219642001085","Block 1085, Block Group 1, Census Tract 9642, Rutland County, Vermont","8","5","3"
"1000000US500219642001086","Block 1086, Block Group 1, Census Tract 9642, Rutland County, Vermont","13","11","2"
"1000000US500219642001087","Block 1087, Block Group 1, Census Tract 9642, Rutland County, Vermont","25","19","6"
"1000000US500219642001088","Block 1088, Block Group 1, Census Tract 9642, Rutland County, Vermont","17","15","2"
"1000000US500219642001089","Block 1089, Block Group 1, Census Tract 9642, Rutland County, Vermont","0","0","0"
"1000000US500219642001090","Block 1090, Block Group 1, Census Tract 9642, Rutland County, Vermont","25","23","2"
"1000000US500219642001091","Block 1091, Block Group 1, Census Tract 9642, Rutland County, Vermont","1","1","0"
"1000000US500219642002000","Block 2000, Block Group 2, Census Tract 9642, Rutland County, Vermont","0","0","0"
"1000000US500219642002001","Block 2001, Block Group 2, Census Tract 9642, Rutland County, Vermont","5","5","0"
"1000000US500219642002002","Block 2002, Block Group 2, Census Tract 9642, Rutland County, Vermont","0","0","0"
"1000000US500219642002003","Block 2003, Block Group 2, Census Tract 9642, Rutland County, Vermont","0","0","0"
"1000000US500219642002004","Block 2004, Block Group 2, Census Tract 9642, Rutland County, Vermont","0","0","0"
"1000000US500219642002005","Block 2005, Block Group 2, Census Tract 9642, Rutland County, Vermont","0","0","0"
"1000000US500219642002006","Block 2006, Block Group 2, Census Tract 9642, Rutland County, Vermont","0","0","0"
"1000000US500219642002007","Block 2007, Block Group 2, Census Tract 9642, Rutland County, Vermont","0","0","0"
"1000000US500219642002008","Block 2008, Block Group 2, Census Tract 9642, Rutland County, Vermont","0","0","0"
"1000000US500219642002009","Block 2009, Block Group 2, Census Tract 9642, Rutland County, Vermont","0","0","0"
"1000000US500219642002010","Block 2010, Block Group 2, Census Tract 9642, Rutland County, Vermont","0","0","0"
"1000000US500219642002011","Block 2011, Block Group 2, Census Tract 9642, Rutland County, Vermont","0","0","0"
"1000000US500219642002012","Block 2012, Block Group 2, Census Tract 9642, Rutland County, Vermont","0","0","0"
"1000000US500219642002013","Block 2013, Block Group 2, Census Tract 9642, Rutland County, Vermont","0","0","0"
"1000000US500219642002014","Block 2014, Block Group 2, Census Tract 9642, Rutland County, Vermont","0","0","0"
"1000000US500219642002015","Block 2015, Block Group 2, Census Tract 9642, Rutland County, Vermont","0","0","0"
"1000000US500219642002016","Block 2016, Block Group 2, Census Tract 9642, Rutland County, Vermont","0","0","0"
"1000000US500219642002017","Block 2017, Block Group 2, Census Tract 9642, Rutland County, Vermont","0","0","0"
"1000000US500219642002018","Block 2018, Block Group 2, Census Tract 9642, Rutland County, Vermont","0","0","0"
"1000000US500219642002019","Block 2019, Block Group 2, Census Tract 9642, Rutland County, Vermont","0","0","0"
"1000000US500219642002020","Block 2020, Block Group 2, Census Tract 9642, Rutland County, Vermont","24","14","10"
"1000000US500219642002021","Block 2021, Block Group 2, Census Tract 9642, Rutland County, Vermont","0","0","0"
"1000000US500219642002022","Block 2022, Block Group 2, Census Tract 9642, Rutland County, Vermont","0","0","0"
"1000000US500219642002023","Block 2023, Block Group 2, Census Tract 9642, Rutland County, Vermont","0","0","0"
"1000000US500219642002024","Block 2024, Block Group 2, Census Tract 9642, Rutland County, Vermont","20","15","5"
"1000000US500219642002025","Block 2025, Block Group 2, Census Tract 9642, Rutland County, Vermont","2","2","0"
"1000000US500219642002026","Block 2026, Block Group 2, Census Tract 9642, Rutland County, Vermont","7","5","2"
"1000000US500219642002027","Block 2027, Block Group 2, Census Tract 9642, Rutland County, Vermont","1","1","0"
"1000000US500219642002028","Block 2028, Block Group 2, Census Tract 9642, Rutland County, Vermont","0","0","0"
"1000000US500219642002029","Block 2029, Block Group 2, Census Tract 9642, Rutland County, Vermont","4","4","0"
"1000000US500219642002030","Block 2030, Block Group 2, Census Tract 9642, Rutland County, Vermont","14","14","0"
"1000000US500219642002031","Block 2031, Block Group 2, Census Tract 9642, Rutland County, Vermont","2","2","0"
"1000000US500219642002032","Block 2032, Block Group 2, Census Tract 9642, Rutland County, Vermont","1","1","0"
"1000000US500219642002033","Block 2033, Block Group 2, Census Tract 9642, Rutland County, Vermont","0","0","0"
"1000000US500219642002034","Block 2034, Block Group 2, Census Tract 9642, Rutland County, Vermont","0","0","0"
"1000000US500219642002035","Block 2035, Block Group 2, Census Tract 9642, Rutland County, Vermont","10","8","2"
"1000000US500219642002036","Block 2036, Block Group 2, Census Tract 9642, Rutland County, Vermont","4","3","1"
"1000000US500219642002037","Block 2037, Block Group 2, Census Tract 9642, Rutland County, Vermont","0","0","0"
"1000000US500219642002038","Block 2038, Block Group 2, Census Tract 9642, Rutland County, Vermont","2","2","0"
"1000000US500219642002039","Block 2039, Block Group 2, Census Tract 9642, Rutland County, Vermont","11","9","2"
"1000000US500219642002040","Block 2040, Block Group 2, Census Tract 9642, Rutland County, Vermont","7","7","0"
"1000000US500219642002041","Block 2041, Block Group 2, Census Tract 9642, Rutland County, Vermont","16","12","4"
"1000000US500219642002042","Block 2042, Block Group 2, Census Tract 9642, Rutland County, Vermont","0","0","0"
"1000000US500219642002043","Block 2043, Block Group 2, Census Tract 9642, Rutland County, Vermont","0","0","0"
"1000000US500219642002044","Block 2044, Block Group 2, Census Tract 9642, Rutland County, Vermont","1","1","0"
"1000000US500219642002045","Block 2045, Block Group 2, Census Tract 9642, Rutland County, Vermont","1","1","0"
"1000000US500219642002046","Block 2046, Block Group 2, Census Tract 9642, Rutland County, Vermont","0","0","0"
"1000000US500219642002047","Block 2047, Block Group 2, Census Tract 9642, Rutland County, Vermont","0","0","0"
"1000000US500219642002048","Block 2048, Block Group 2, Census Tract 9642, Rutland County, Vermont","7","4","3"
"1000000US500219642002049","Block 2049, Block Group 2, Census Tract 9642, Rutland County, Vermont","0","0","0"
"1000000US500219642002050","Block 2050, Block Group 2, Census Tract 9642, Rutland County, Vermont","1","1","0"
"1000000US500219642002051","Block 2051, Block Group 2, Census Tract 9642, Rutland County, Vermont","11","3","8"
"1000000US500219642002052","Block 2052, Block Group 2, Census Tract 9642, Rutland County, Vermont","0","0","0"
"1000000US500219642002053","Block 2053, Block Group 2, Census Tract 9642, Rutland County, Vermont","0","0","0"
"1000000US500219642002054","Block 2054, Block Group 2, Census Tract 9642, Rutland County, Vermont","0","0","0"
"1000000US500219642002055","Block 2055, Block Group 2, Census Tract 9642, Rutland County, Vermont","2","2","0"
"1000000US500219642002056","Block 2056, Block Group 2, Census Tract 9642, Rutland County, Vermont","0","0","0"
"1000000US500219642002057","Block 2057, Block Group 2, Census Tract 9642, Rutland County, Vermont","0","0","0"
"1000000US500219643001000","Block 1000, Block Group 1, Census Tract 9643, Rutland County, Vermont","16","10","6"
"1000000US500219643001001","Block 1001, Block Group 1, Census Tract 9643, Rutland County, Vermont","0","0","0"
"1000000US500219643001002","Block 1002, Block Group 1, Census Tract 9643, Rutland County, Vermont","70","47","23"
"1000000US500219643001003","Block 1003, Block Group 1, Census Tract 9643, Rutland County, Vermont","1","1","0"
"1000000US500219643001004","Block 1004, Block Group 1, Census Tract 9643, Rutland County, Vermont","0","0","0"
"1000000US500219643001005","Block 1005, Block Group 1, Census Tract 9643, Rutland County, Vermont","6","6","0"
"1000000US500219643001006","Block 1006, Block Group 1, Census Tract 9643, Rutland County, Vermont","6","3","3"
"1000000US500219643001007","Block 1007, Block Group 1, Census Tract 9643, Rutland County, Vermont","3","2","1"
"1000000US500219643001008","Block 1008, Block Group 1, Census Tract 9643, Rutland County, Vermont","40","32","8"
"1000000US500219643001009","Block 1009, Block Group 1, Census Tract 9643, Rutland County, Vermont","6","6","0"
"1000000US500219643001010","Block 1010, Block Group 1, Census Tract 9643, Rutland County, Vermont","2","2","0"
"1000000US500219643001011","Block 1011, Block Group 1, Census Tract 9643, Rutland County, Vermont","4","4","0"
"1000000US500219643001012","Block 1012, Block Group 1, Census Tract 9643, Rutland County, Vermont","3","3","0"
"1000000US500219643001013","Block 1013, Block Group 1, Census Tract 9643, Rutland County, Vermont","5","3","2"
"1000000US500219643001014","Block 1014, Block Group 1, Census Tract 9643, Rutland County, Vermont","9","8","1"
"1000000US500219643001015","Block 1015, Block Group 1, Census Tract 9643, Rutland County, Vermont","11","9","2"
"1000000US500219643001016","Block 1016, Block Group 1, Census Tract 9643, Rutland County, Vermont","3","3","0"
"1000000US500219643001017","Block 1017, Block Group 1, Census Tract 9643, Rutland County, Vermont","13","11","2"
"1000000US500219643001018","Block 1018, Block Group 1, Census Tract 9643, Rutland County, Vermont","10","8","2"
"1000000US500219643001019","Block 1019, Block Group 1, Census Tract 9643, Rutland County, Vermont","41","33","8"
"1000000US500219643001020","Block 1020, Block Group 1, Census Tract 9643, Rutland County, Vermont","0","0","0"
"1000000US500219643001021","Block 1021, Block Group 1, Census Tract 9643, Rutland County, Vermont","0","0","0"
"1000000US500219643001022","Block 1022, Block Group 1, Census Tract 9643, Rutland County, Vermont","1","1","0"
"1000000US500219643001023","Block 1023, Block Group 1, Census Tract 9643, Rutland County, Vermont","0","0","0"
"1000000US500219643001024","Block 1024, Block Group 1, Census Tract 9643, Rutland County, Vermont","4","3","1"
"1000000US500219643001025","Block 1025, Block Group 1, Census Tract 9643, Rutland County, Vermont","49","40","9"
"1000000US500219643001026","Block 1026, Block Group 1, Census Tract 9643, Rutland County, Vermont","3","2","1"
"1000000US500219643001027","Block 1027, Block Group 1, Census Tract 9643, Rutland County, Vermont","0","0","0"
"1000000US500219643001028","Block 1028, Block Group 1, Census Tract 9643, Rutland County, Vermont","23","17","6"
"1000000US500219643001029","Block 1029, Block Group 1, Census Tract 9643, Rutland County, Vermont","2","1","1"
"1000000US500219643001030","Block 1030, Block Group 1, Census Tract 9643, Rutland County, Vermont","0","0","0"
"1000000US500219643001031","Block 1031, Block Group 1, Census Tract 9643, Rutland County, Vermont","1","1","0"
"1000000US500219643001032","Block 1032, Block Group 1, Census Tract 9643, Rutland County, Vermont","4","4","0"
"1000000US500219643001033","Block 1033, Block Group 1, Census Tract 9643, Rutland County, Vermont","0","0","0"
"1000000US500219643001034","Block 1034, Block Group 1, Census Tract 9643, Rutland County, Vermont","2","0","2"
"1000000US500219643001035","Block 1035, Block Group 1, Census Tract 9643, Rutland County, Vermont","0","0","0"
"1000000US500219643001036","Block 1036, Block Group 1, Census Tract 9643, Rutland County, Vermont","3","3","0"
"1000000US500219643001037","Block 1037, Block Group 1, Census Tract 9643, Rutland County, Vermont","0","0","0"
"1000000US500219643002000","Block 2000, Block Group 2, Census Tract 9643, Rutland County, Vermont","16","15","1"
"1000000US500219643002001","Block 2001, Block Group 2, Census Tract 9643, Rutland County, Vermont","0","0","0"
"1000000US500219643002002","Block 2002, Block Group 2, Census Tract 9643, Rutland County, Vermont","9","8","1"
"1000000US500219643002003","Block 2003, Block Group 2, Census Tract 9643, Rutland County, Vermont","2","2","0"
"1000000US500219643002004","Block 2004, Block Group 2, Census Tract 9643, Rutland County, Vermont","0","0","0"
"1000000US500219643002005","Block 2005, Block Group 2, Census Tract 9643, Rutland County, Vermont","6","5","1"
"1000000US500219643002006","Block 2006, Block Group 2, Census Tract 9643, Rutland County, Vermont","12","12","0"
"1000000US500219643002007","Block 2007, Block Group 2, Census Tract 9643, Rutland County, Vermont","1","1","0"
"1000000US500219643002008","Block 2008, Block Group 2, Census Tract 9643, Rutland County, Vermont","0","0","0"
"1000000US500219643002009","Block 2009, Block Group 2, Census Tract 9643, Rutland County, Vermont","1","0","1"
"1000000US500219643002010","Block 2010, Block Group 2, Census Tract 9643, Rutland County, Vermont","5","2","3"
"1000000US500219643002011","Block 2011, Block Group 2, Census Tract 9643, Rutland County, Vermont","0","0","0"
"1000000US500219643002012","Block 2012, Block Group 2, Census Tract 9643, Rutland County, Vermont","0","0","0"
"1000000US500219643002013","Block 2013, Block Group 2, Census Tract 9643, Rutland County, Vermont","0","0","0"
"1000000US500219643002014","Block 2014, Block Group 2, Census Tract 9643, Rutland County, Vermont","6","3","3"
"1000000US500219643002015","Block 2015, Block Group 2, Census Tract 9643, Rutland County, Vermont","1","0","1"
"1000000US500219643002016","Block 2016, Block Group 2, Census Tract 9643, Rutland County, Vermont","1","1","0"
"1000000US500219643002017","Block 2017, Block Group 2, Census Tract 9643, Rutland County, Vermont","13","12","1"
"1000000US500219643002018","Block 2018, Block Group 2, Census Tract 9643, Rutland County, Vermont","0","0","0"
"1000000US500219643002019","Block 2019, Block Group 2, Census Tract 9643, Rutland County, Vermont","0","0","0"
"1000000US500219643002020","Block 2020, Block Group 2, Census Tract 9643, Rutland County, Vermont","0","0","0"
"1000000US500219643002021","Block 2021, Block Group 2, Census Tract 9643, Rutland County, Vermont","4","3","1"
"1000000US500219643002022","Block 2022, Block Group 2, Census Tract 9643, Rutland County, Vermont","19","18","1"
"1000000US500219643002023","Block 2023, Block Group 2, Census Tract 9643, Rutland County, Vermont","0","0","0"
"1000000US500219643002024","Block 2024, Block Group 2, Census Tract 9643, Rutland County, Vermont","1","1","0"
"1000000US500219643002025","Block 2025, Block Group 2, Census Tract 9643, Rutland County, Vermont","0","0","0"
"1000000US500219643002026","Block 2026, Block Group 2, Census Tract 9643, Rutland County, Vermont","8","5","3"
"1000000US500219643002027","Block 2027, Block Group 2, Census Tract 9643, Rutland County, Vermont","0","0","0"
"1000000US500219643002028","Block 2028, Block Group 2, Census Tract 9643, Rutland County, Vermont","1","0","1"
"1000000US500219643002029","Block 2029, Block Group 2, Census Tract 9643, Rutland County, Vermont","0","0","0"
"1000000US500219643002030","Block 2030, Block Group 2, Census Tract 9643, Rutland County, Vermont","0","0","0"
"1000000US500219643002031","Block 2031, Block Group 2, Census Tract 9643, Rutland County, Vermont","80","69","11"
"1000000US500219643002032","Block 2032, Block Group 2, Census Tract 9643, Rutland County, Vermont","1","1","0"
"1000000US500219643002033","Block 2033, Block Group 2, Census Tract 9643, Rutland County, Vermont","9","8","1"
"1000000US500219643002034","Block 2034, Block Group 2, Census Tract 9643, Rutland County, Vermont","1","1","0"
"1000000US500219643002035","Block 2035, Block Group 2, Census Tract 9643, Rutland County, Vermont","0","0","0"
"1000000US500219643002036","Block 2036, Block Group 2, Census Tract 9643, Rutland County, Vermont","4","4","0"
"1000000US500219643002037","Block 2037, Block Group 2, Census Tract 9643, Rutland County, Vermont","14","9","5"
"1000000US500219643002038","Block 2038, Block Group 2, Census Tract 9643, Rutland County, Vermont","10","8","2"
"1000000US500219643002039","Block 2039, Block Group 2, Census Tract 9643, Rutland County, Vermont","37","33","4"
"1000000US500219643002040","Block 2040, Block Group 2, Census Tract 9643, Rutland County, Vermont","17","13","4"
"1000000US500219643002041","Block 2041, Block Group 2, Census Tract 9643, Rutland County, Vermont","13","9","4"
"1000000US500219643002042","Block 2042, Block Group 2, Census Tract 9643, Rutland County, Vermont","1","1","0"
"1000000US500219643002043","Block 2043, Block Group 2, Census Tract 9643, Rutland County, Vermont","20","8","12"
"1000000US500219643002044","Block 2044, Block Group 2, Census Tract 9643, Rutland County, Vermont","0","0","0"
"1000000US500219643002045","Block 2045, Block Group 2, Census Tract 9643, Rutland County, Vermont","10","5","5"
"1000000US500219643002046","Block 2046, Block Group 2, Census Tract 9643, Rutland County, Vermont","0","0","0"
"1000000US500219643002047","Block 2047, Block Group 2, Census Tract 9643, Rutland County, Vermont","0","0","0"
"1000000US500219643002048","Block 2048, Block Group 2, Census Tract 9643, Rutland County, Vermont","15","12","3"
"1000000US500219643002049","Block 2049, Block Group 2, Census Tract 9643, Rutland County, Vermont","29","21","8"
"1000000US500219643002050","Block 2050, Block Group 2, Census Tract 9643, Rutland County, Vermont","0","0","0"
"1000000US500219643002051","Block 2051, Block Group 2, Census Tract 9643, Rutland County, Vermont","15","11","4"
"1000000US500219643002052","Block 2052, Block Group 2, Census Tract 9643, Rutland County, Vermont","0","0","0"
"1000000US500219643002053","Block 2053, Block Group 2, Census Tract 9643, Rutland County, Vermont","0","0","0"
"1000000US500219643002054","Block 2054, Block Group 2, Census Tract 9643, Rutland County, Vermont","0","0","0"
"1000000US500219643002055","Block 2055, Block Group 2, Census Tract 9643, Rutland County, Vermont","1","1","0"
"1000000US500219643002056","Block 2056, Block Group 2, Census Tract 9643, Rutland County, Vermont","0","0","0"
"1000000US500219643002057","Block 2057, Block Group 2, Census Tract 9643, Rutland County, Vermont","4","4","0"
"1000000US500219643002058","Block 2058, Block Group 2, Census Tract 9643, Rutland County, Vermont","1","1","0"
"1000000US500219643002059","Block 2059, Block Group 2, Census Tract 9643, Rutland County, Vermont","0","0","0"
"1000000US500219643002060","Block 2060, Block Group 2, Census Tract 9643, Rutland County, Vermont","0","0","0"
"1000000US500219643002061","Block 2061, Block Group 2, Census Tract 9643, Rutland County, Vermont","3","2","1"
"1000000US500219643002062","Block 2062, Block Group 2, Census Tract 9643, Rutland County, Vermont","0","0","0"
"1000000US500219643002063","Block 2063, Block Group 2, Census Tract 9643, Rutland County, Vermont","0","0","0"
"1000000US500219643002064","Block 2064, Block Group 2, Census Tract 9643, Rutland County, Vermont","10","9","1"
"1000000US500219643002065","Block 2065, Block Group 2, Census Tract 9643, Rutland County, Vermont","0","0","0"
"1000000US500219643002066","Block 2066, Block Group 2, Census Tract 9643, Rutland County, Vermont","21","19","2"
"1000000US500219643002067","Block 2067, Block Group 2, Census Tract 9643, Rutland County, Vermont","0","0","0"
"1000000US500219643002068","Block 2068, Block Group 2, Census Tract 9643, Rutland County, Vermont","0","0","0"
"1000000US500219643002069","Block 2069, Block Group 2, Census Tract 9643, Rutland County, Vermont","5","4","1"
"1000000US500219643002070","Block 2070, Block Group 2, Census Tract 9643, Rutland County, Vermont","0","0","0"
"1000000US500219643002071","Block 2071, Block Group 2, Census Tract 9643, Rutland County, Vermont","0","0","0"
"1000000US500219643002072","Block 2072, Block Group 2, Census Tract 9643, Rutland County, Vermont","1","1","0"
"1000000US500219643002073","Block 2073, Block Group 2, Census Tract 9643, Rutland County, Vermont","0","0","0"
"1000000US500219643002074","Block 2074, Block Group 2, Census Tract 9643, Rutland County, Vermont","0","0","0"
"1000000US500219643002075","Block 2075, Block Group 2, Census Tract 9643, Rutland County, Vermont","2","1","1"
"1000000US500219643002076","Block 2076, Block Group 2, Census Tract 9643, Rutland County, Vermont","0","0","0"
"1000000US500219643002077","Block 2077, Block Group 2, Census Tract 9643, Rutland County, Vermont","0","0","0"
"1000000US500239540001000","Block 1000, Block Group 1, Census Tract 9540, Washington County, Vermont","0","0","0"
"1000000US500239540001001","Block 1001, Block Group 1, Census Tract 9540, Washington County, Vermont","21","6","15"
"1000000US500239540001002","Block 1002, Block Group 1, Census Tract 9540, Washington County, Vermont","2","2","0"
"1000000US500239540001003","Block 1003, Block Group 1, Census Tract 9540, Washington County, Vermont","0","0","0"
"1000000US500239540001004","Block 1004, Block Group 1, Census Tract 9540, Washington County, Vermont","14","8","6"
"1000000US500239540001005","Block 1005, Block Group 1, Census Tract 9540, Washington County, Vermont","28","25","3"
"1000000US500239540001006","Block 1006, Block Group 1, Census Tract 9540, Washington County, Vermont","46","44","2"
"1000000US500239540001007","Block 1007, Block Group 1, Census Tract 9540, Washington County, Vermont","8","8","0"
"1000000US500239540001008","Block 1008, Block Group 1, Census Tract 9540, Washington County, Vermont","9","5","4"
"1000000US500239540001009","Block 1009, Block Group 1, Census Tract 9540, Washington County, Vermont","17","11","6"
"1000000US500239540001010","Block 1010, Block Group 1, Census Tract 9540, Washington County, Vermont","1","1","0"
"1000000US500239540001011","Block 1011, Block Group 1, Census Tract 9540, Washington County, Vermont","1","0","1"
"1000000US500239540001012","Block 1012, Block Group 1, Census Tract 9540, Washington County, Vermont","0","0","0"
"1000000US500239540001013","Block 1013, Block Group 1, Census Tract 9540, Washington County, Vermont","88","59","29"
"1000000US500239540001014","Block 1014, Block Group 1, Census Tract 9540, Washington County, Vermont","2","1","1"
"1000000US500239540001015","Block 1015, Block Group 1, Census Tract 9540, Washington County, Vermont","1","1","0"
"1000000US500239540001016","Block 1016, Block Group 1, Census Tract 9540, Washington County, Vermont","7","7","0"
"1000000US500239540001017","Block 1017, Block Group 1, Census Tract 9540, Washington County, Vermont","27","23","4"
"1000000US500239540001018","Block 1018, Block Group 1, Census Tract 9540, Washington County, Vermont","36","8","28"
"1000000US500239540001019","Block 1019, Block Group 1, Census Tract 9540, Washington County, Vermont","0","0","0"
"1000000US500239540001020","Block 1020, Block Group 1, Census Tract 9540, Washington County, Vermont","1","0","1"
"1000000US500239540001021","Block 1021, Block Group 1, Census Tract 9540, Washington County, Vermont","0","0","0"
"1000000US500239540001022","Block 1022, Block Group 1, Census Tract 9540, Washington County, Vermont","0","0","0"
"1000000US500239540001023","Block 1023, Block Group 1, Census Tract 9540, Washington County, Vermont","0","0","0"
"1000000US500239540001024","Block 1024, Block Group 1, Census Tract 9540, Washington County, Vermont","25","21","4"
"1000000US500239540001025","Block 1025, Block Group 1, Census Tract 9540, Washington County, Vermont","0","0","0"
"1000000US500239540001026","Block 1026, Block Group 1, Census Tract 9540, Washington County, Vermont","12","10","2"
"1000000US500239540001027","Block 1027, Block Group 1, Census Tract 9540, Washington County, Vermont","0","0","0"
"1000000US500239540001028","Block 1028, Block Group 1, Census Tract 9540, Washington County, Vermont","2","2","0"
"1000000US500239540001029","Block 1029, Block Group 1, Census Tract 9540, Washington County, Vermont","0","0","0"
"1000000US500239540001030","Block 1030, Block Group 1, Census Tract 9540, Washington County, Vermont","15","14","1"
"1000000US500239540001031","Block 1031, Block Group 1, Census Tract 9540, Washington County, Vermont","0","0","0"
"1000000US500239540001032","Block 1032, Block Group 1, Census Tract 9540, Washington County, Vermont","7","4","3"
"1000000US500239540001033","Block 1033, Block Group 1, Census Tract 9540, Washington County, Vermont","0","0","0"
"1000000US500239540001034","Block 1034, Block Group 1, Census Tract 9540, Washington County, Vermont","25","16","9"
"1000000US500239540001035","Block 1035, Block Group 1, Census Tract 9540, Washington County, Vermont","0","0","0"
"1000000US500239540001036","Block 1036, Block Group 1, Census Tract 9540, Washington County, Vermont","0","0","0"
"1000000US500239540001037","Block 1037, Block Group 1, Census Tract 9540, Washington County, Vermont","1","0","1"
"1000000US500239540001038","Block 1038, Block Group 1, Census Tract 9540, Washington County, Vermont","1","1","0"
"1000000US500239540001039","Block 1039, Block Group 1, Census Tract 9540, Washington County, Vermont","10","5","5"
"1000000US500239540001040","Block 1040, Block Group 1, Census Tract 9540, Washington County, Vermont","17","13","4"
"1000000US500239540001041","Block 1041, Block Group 1, Census Tract 9540, Washington County, Vermont","1","1","0"
"1000000US500239540001042","Block 1042, Block Group 1, Census Tract 9540, Washington County, Vermont","6","4","2"
"1000000US500239540001043","Block 1043, Block Group 1, Census Tract 9540, Washington County, Vermont","0","0","0"
"1000000US500239540001044","Block 1044, Block Group 1, Census Tract 9540, Washington County, Vermont","1","1","0"
"1000000US500239540001045","Block 1045, Block Group 1, Census Tract 9540, Washington County, Vermont","4","4","0"
"1000000US500239540001046","Block 1046, Block Group 1, Census Tract 9540, Washington County, Vermont","2","2","0"
"1000000US500239540001047","Block 1047, Block Group 1, Census Tract 9540, Washington County, Vermont","8","3","5"
"1000000US500239540001048","Block 1048, Block Group 1, Census Tract 9540, Washington County, Vermont","1","1","0"
"1000000US500239540001049","Block 1049, Block Group 1, Census Tract 9540, Washington County, Vermont","7","5","2"
"1000000US500239540001050","Block 1050, Block Group 1, Census Tract 9540, Washington County, Vermont","11","9","2"
"1000000US500239540001051","Block 1051, Block Group 1, Census Tract 9540, Washington County, Vermont","20","15","5"
"1000000US500239540001052","Block 1052, Block Group 1, Census Tract 9540, Washington County, Vermont","16","14","2"
"1000000US500239540001053","Block 1053, Block Group 1, Census Tract 9540, Washington County, Vermont","47","39","8"
"1000000US500239540001054","Block 1054, Block Group 1, Census Tract 9540, Washington County, Vermont","2","0","2"
"1000000US500239540001055","Block 1055, Block Group 1, Census Tract 9540, Washington County, Vermont","8","7","1"
"1000000US500239540001056","Block 1056, Block Group 1, Census Tract 9540, Washington County, Vermont","0","0","0"
"1000000US500239540001057","Block 1057, Block Group 1, Census Tract 9540, Washington County, Vermont","7","6","1"
"1000000US500239540001058","Block 1058, Block Group 1, Census Tract 9540, Washington County, Vermont","6","6","0"
"1000000US500239540001059","Block 1059, Block Group 1, Census Tract 9540, Washington County, Vermont","33","28","5"
"1000000US500239540001060","Block 1060, Block Group 1, Census Tract 9540, Washington County, Vermont","5","4","1"
"1000000US500239540001061","Block 1061, Block Group 1, Census Tract 9540, Washington County, Vermont","5","4","1"
"1000000US500239540001062","Block 1062, Block Group 1, Census Tract 9540, Washington County, Vermont","0","0","0"
"1000000US500239540001063","Block 1063, Block Group 1, Census Tract 9540, Washington County, Vermont","5","5","0"
"1000000US500239540001064","Block 1064, Block Group 1, Census Tract 9540, Washington County, Vermont","3","3","0"
"1000000US500239540001065","Block 1065, Block Group 1, Census Tract 9540, Washington County, Vermont","10","2","8"
"1000000US500239540001066","Block 1066, Block Group 1, Census Tract 9540, Washington County, Vermont","0","0","0"
"1000000US500239540001067","Block 1067, Block Group 1, Census Tract 9540, Washington County, Vermont","18","15","3"
"1000000US500239540001068","Block 1068, Block Group 1, Census Tract 9540, Washington County, Vermont","0","0","0"
"1000000US500239540001069","Block 1069, Block Group 1, Census Tract 9540, Washington County, Vermont","19","13","6"
"1000000US500239540001070","Block 1070, Block Group 1, Census Tract 9540, Washington County, Vermont","0","0","0"
"1000000US500239540001071","Block 1071, Block Group 1, Census Tract 9540, Washington County, Vermont","9","9","0"
"1000000US500239540001072","Block 1072, Block Group 1, Census Tract 9540, Washington County, Vermont","0","0","0"
"1000000US500239540001073","Block 1073, Block Group 1, Census Tract 9540, Washington County, Vermont","0","0","0"
"1000000US500239540001074","Block 1074, Block Group 1, Census Tract 9540, Washington County, Vermont","0","0","0"
"1000000US500239540001075","Block 1075, Block Group 1, Census Tract 9540, Washington County, Vermont","0","0","0"
"1000000US500239540001076","Block 1076, Block Group 1, Census Tract 9540, Washington County, Vermont","7","5","2"
"1000000US500239540001077","Block 1077, Block Group 1, Census Tract 9540, Washington County, Vermont","0","0","0"
"1000000US500239540001078","Block 1078, Block Group 1, Census Tract 9540, Washington County, Vermont","0","0","0"
"1000000US500239540001079","Block 1079, Block Group 1, Census Tract 9540, Washington County, Vermont","0","0","0"
"1000000US500239540001080","Block 1080, Block Group 1, Census Tract 9540, Washington County, Vermont","6","4","2"
"1000000US500239540001081","Block 1081, Block Group 1, Census Tract 9540, Washington County, Vermont","0","0","0"
"1000000US500239540001082","Block 1082, Block Group 1, Census Tract 9540, Washington County, Vermont","0","0","0"
"1000000US500239540001083","Block 1083, Block Group 1, Census Tract 9540, Washington County, Vermont","0","0","0"
"1000000US500239540001084","Block 1084, Block Group 1, Census Tract 9540, Washington County, Vermont","1","1","0"
"1000000US500239540001085","Block 1085, Block Group 1, Census Tract 9540, Washington County, Vermont","0","0","0"
"1000000US500239540001086","Block 1086, Block Group 1, Census Tract 9540, Washington County, Vermont","0","0","0"
"1000000US500239540001087","Block 1087, Block Group 1, Census Tract 9540, Washington County, Vermont","1","1","0"
"1000000US500239540001088","Block 1088, Block Group 1, Census Tract 9540, Washington County, Vermont","1","1","0"
"1000000US500239540001089","Block 1089, Block Group 1, Census Tract 9540, Washington County, Vermont","0","0","0"
"1000000US500239540001090","Block 1090, Block Group 1, Census Tract 9540, Washington County, Vermont","0","0","0"
"1000000US500239540001091","Block 1091, Block Group 1, Census Tract 9540, Washington County, Vermont","0","0","0"
"1000000US500239540001092","Block 1092, Block Group 1, Census Tract 9540, Washington County, Vermont","0","0","0"
"1000000US500239540001093","Block 1093, Block Group 1, Census Tract 9540, Washington County, Vermont","0","0","0"
"1000000US500239540001094","Block 1094, Block Group 1, Census Tract 9540, Washington County, Vermont","0","0","0"
"1000000US500239540001095","Block 1095, Block Group 1, Census Tract 9540, Washington County, Vermont","0","0","0"
"1000000US500239540001096","Block 1096, Block Group 1, Census Tract 9540, Washington County, Vermont","4","4","0"
"1000000US500239540001097","Block 1097, Block Group 1, Census Tract 9540, Washington County, Vermont","1","1","0"
"1000000US500239540001098","Block 1098, Block Group 1, Census Tract 9540, Washington County, Vermont","0","0","0"
"1000000US500239540001099","Block 1099, Block Group 1, Census Tract 9540, Washington County, Vermont","0","0","0"
"1000000US500239540001100","Block 1100, Block Group 1, Census Tract 9540, Washington County, Vermont","0","0","0"
"1000000US500239540001101","Block 1101, Block Group 1, Census Tract 9540, Washington County, Vermont","2","1","1"
"1000000US500239540001102","Block 1102, Block Group 1, Census Tract 9540, Washington County, Vermont","0","0","0"
"1000000US500239540001103","Block 1103, Block Group 1, Census Tract 9540, Washington County, Vermont","0","0","0"
"1000000US500239540001104","Block 1104, Block Group 1, Census Tract 9540, Washington County, Vermont","32","30","2"
"1000000US500239540001105","Block 1105, Block Group 1, Census Tract 9540, Washington County, Vermont","24","15","9"
"1000000US500239540001106","Block 1106, Block Group 1, Census Tract 9540, Washington County, Vermont","1","1","0"
"1000000US500239540001107","Block 1107, Block Group 1, Census Tract 9540, Washington County, Vermont","2","2","0"
"1000000US500239540001108","Block 1108, Block Group 1, Census Tract 9540, Washington County, Vermont","0","0","0"
"1000000US500239540001109","Block 1109, Block Group 1, Census Tract 9540, Washington County, Vermont","1","1","0"
"1000000US500239540001110","Block 1110, Block Group 1, Census Tract 9540, Washington County, Vermont","0","0","0"
"1000000US500239540001111","Block 1111, Block Group 1, Census Tract 9540, Washington County, Vermont","6","4","2"
"1000000US500239540001112","Block 1112, Block Group 1, Census Tract 9540, Washington County, Vermont","0","0","0"
"1000000US500239540001113","Block 1113, Block Group 1, Census Tract 9540, Washington County, Vermont","0","0","0"
"1000000US500239540001114","Block 1114, Block Group 1, Census Tract 9540, Washington County, Vermont","0","0","0"
"1000000US500239540001115","Block 1115, Block Group 1, Census Tract 9540, Washington County, Vermont","1","1","0"
"1000000US500239540001116","Block 1116, Block Group 1, Census Tract 9540, Washington County, Vermont","3","3","0"
"1000000US500239540001117","Block 1117, Block Group 1, Census Tract 9540, Washington County, Vermont","0","0","0"
"1000000US500239540001118","Block 1118, Block Group 1, Census Tract 9540, Washington County, Vermont","0","0","0"
"1000000US500239540002000","Block 2000, Block Group 2, Census Tract 9540, Washington County, Vermont","14","12","2"
"1000000US500239540002001","Block 2001, Block Group 2, Census Tract 9540, Washington County, Vermont","0","0","0"
"1000000US500239540002002","Block 2002, Block Group 2, Census Tract 9540, Washington County, Vermont","5","5","0"
"1000000US500239540002003","Block 2003, Block Group 2, Census Tract 9540, Washington County, Vermont","73","56","17"
"1000000US500239540002004","Block 2004, Block Group 2, Census Tract 9540, Washington County, Vermont","0","0","0"
"1000000US500239540002005","Block 2005, Block Group 2, Census Tract 9540, Washington County, Vermont","2","1","1"
"1000000US500239540002006","Block 2006, Block Group 2, Census Tract 9540, Washington County, Vermont","5","0","5"
"1000000US500239540002007","Block 2007, Block Group 2, Census Tract 9540, Washington County, Vermont","0","0","0"
"1000000US500239540002008","Block 2008, Block Group 2, Census Tract 9540, Washington County, Vermont","18","17","1"
"1000000US500239540002009","Block 2009, Block Group 2, Census Tract 9540, Washington County, Vermont","0","0","0"
"1000000US500239540002010","Block 2010, Block Group 2, Census Tract 9540, Washington County, Vermont","0","0","0"
"1000000US500239540002011","Block 2011, Block Group 2, Census Tract 9540, Washington County, Vermont","0","0","0"
"1000000US500239540002012","Block 2012, Block Group 2, Census Tract 9540, Washington County, Vermont","2","2","0"
"1000000US500239540002013","Block 2013, Block Group 2, Census Tract 9540, Washington County, Vermont","2","2","0"
"1000000US500239540002014","Block 2014, Block Group 2, Census Tract 9540, Washington County, Vermont","0","0","0"
"1000000US500239540002015","Block 2015, Block Group 2, Census Tract 9540, Washington County, Vermont","2","1","1"
"1000000US500239540002016","Block 2016, Block Group 2, Census Tract 9540, Washington County, Vermont","2","2","0"
"1000000US500239540002017","Block 2017, Block Group 2, Census Tract 9540, Washington County, Vermont","10","10","0"
"1000000US500239540002018","Block 2018, Block Group 2, Census Tract 9540, Washington County, Vermont","1","1","0"
"1000000US500239540002019","Block 2019, Block Group 2, Census Tract 9540, Washington County, Vermont","2","2","0"
"1000000US500239540002020","Block 2020, Block Group 2, Census Tract 9540, Washington County, Vermont","0","0","0"
"1000000US500239540002021","Block 2021, Block Group 2, Census Tract 9540, Washington County, Vermont","2","2","0"
"1000000US500239540002022","Block 2022, Block Group 2, Census Tract 9540, Washington County, Vermont","10","9","1"
"1000000US500239540002023","Block 2023, Block Group 2, Census Tract 9540, Washington County, Vermont","0","0","0"
"1000000US500239540002024","Block 2024, Block Group 2, Census Tract 9540, Washington County, Vermont","0","0","0"
"1000000US500239540002025","Block 2025, Block Group 2, Census Tract 9540, Washington County, Vermont","19","16","3"
"1000000US500239540002026","Block 2026, Block Group 2, Census Tract 9540, Washington County, Vermont","0","0","0"
"1000000US500239540002027","Block 2027, Block Group 2, Census Tract 9540, Washington County, Vermont","2","1","1"
"1000000US500239540002028","Block 2028, Block Group 2, Census Tract 9540, Washington County, Vermont","3","2","1"
"1000000US500239540002029","Block 2029, Block Group 2, Census Tract 9540, Washington County, Vermont","0","0","0"
"1000000US500239540002030","Block 2030, Block Group 2, Census Tract 9540, Washington County, Vermont","8","8","0"
"1000000US500239540002031","Block 2031, Block Group 2, Census Tract 9540, Washington County, Vermont","0","0","0"
"1000000US500239540002032","Block 2032, Block Group 2, Census Tract 9540, Washington County, Vermont","0","0","0"
"1000000US500239540002033","Block 2033, Block Group 2, Census Tract 9540, Washington County, Vermont","0","0","0"
"1000000US500239540002034","Block 2034, Block Group 2, Census Tract 9540, Washington County, Vermont","5","5","0"
"1000000US500239540002035","Block 2035, Block Group 2, Census Tract 9540, Washington County, Vermont","19","18","1"
"1000000US500239540002036","Block 2036, Block Group 2, Census Tract 9540, Washington County, Vermont","0","0","0"
"1000000US500239540002037","Block 2037, Block Group 2, Census Tract 9540, Washington County, Vermont","0","0","0"
"1000000US500239540002038","Block 2038, Block Group 2, Census Tract 9540, Washington County, Vermont","1","0","1"
"1000000US500239540002039","Block 2039, Block Group 2, Census Tract 9540, Washington County, Vermont","31","29","2"
"1000000US500239540002040","Block 2040, Block Group 2, Census Tract 9540, Washington County, Vermont","1","1","0"
"1000000US500239540002041","Block 2041, Block Group 2, Census Tract 9540, Washington County, Vermont","0","0","0"
"1000000US500239540002042","Block 2042, Block Group 2, Census Tract 9540, Washington County, Vermont","3","3","0"
"1000000US500239540002043","Block 2043, Block Group 2, Census Tract 9540, Washington County, Vermont","0","0","0"
"1000000US500239540002044","Block 2044, Block Group 2, Census Tract 9540, Washington County, Vermont","1","0","1"
"1000000US500239540002045","Block 2045, Block Group 2, Census Tract 9540, Washington County, Vermont","25","25","0"
"1000000US500239540002046","Block 2046, Block Group 2, Census Tract 9540, Washington County, Vermont","0","0","0"
"1000000US500239540002047","Block 2047, Block Group 2, Census Tract 9540, Washington County, Vermont","0","0","0"
"1000000US500239540002048","Block 2048, Block Group 2, Census Tract 9540, Washington County, Vermont","22","20","2"
"1000000US500239540002049","Block 2049, Block Group 2, Census Tract 9540, Washington County, Vermont","9","9","0"
"1000000US500239540002050","Block 2050, Block Group 2, Census Tract 9540, Washington County, Vermont","0","0","0"
"1000000US500239540002051","Block 2051, Block Group 2, Census Tract 9540, Washington County, Vermont","7","7","0"
"1000000US500239540002052","Block 2052, Block Group 2, Census Tract 9540, Washington County, Vermont","2","2","0"
"1000000US500239540002053","Block 2053, Block Group 2, Census Tract 9540, Washington County, Vermont","3","3","0"
"1000000US500239540002054","Block 2054, Block Group 2, Census Tract 9540, Washington County, Vermont","3","3","0"
"1000000US500239540002055","Block 2055, Block Group 2, Census Tract 9540, Washington County, Vermont","4","4","0"
"1000000US500239540002056","Block 2056, Block Group 2, Census Tract 9540, Washington County, Vermont","9","9","0"
"1000000US500239540002057","Block 2057, Block Group 2, Census Tract 9540, Washington County, Vermont","18","16","2"
"1000000US500239540002058","Block 2058, Block Group 2, Census Tract 9540, Washington County, Vermont","0","0","0"
"1000000US500239540002059","Block 2059, Block Group 2, Census Tract 9540, Washington County, Vermont","4","4","0"
"1000000US500239540002060","Block 2060, Block Group 2, Census Tract 9540, Washington County, Vermont","4","4","0"
"1000000US500239540002061","Block 2061, Block Group 2, Census Tract 9540, Washington County, Vermont","6","6","0"
"1000000US500239540002062","Block 2062, Block Group 2, Census Tract 9540, Washington County, Vermont","1","1","0"
"1000000US500239540002063","Block 2063, Block Group 2, Census Tract 9540, Washington County, Vermont","4","4","0"
"1000000US500239540002064","Block 2064, Block Group 2, Census Tract 9540, Washington County, Vermont","14","11","3"
"1000000US500239540002065","Block 2065, Block Group 2, Census Tract 9540, Washington County, Vermont","20","15","5"
"1000000US500239540002066","Block 2066, Block Group 2, Census Tract 9540, Washington County, Vermont","8","7","1"
"1000000US500239540002067","Block 2067, Block Group 2, Census Tract 9540, Washington County, Vermont","0","0","0"
"1000000US500239540002068","Block 2068, Block Group 2, Census Tract 9540, Washington County, Vermont","0","0","0"
"1000000US500239540002069","Block 2069, Block Group 2, Census Tract 9540, Washington County, Vermont","0","0","0"
"1000000US500239540002070","Block 2070, Block Group 2, Census Tract 9540, Washington County, Vermont","0","0","0"
"1000000US500239540002071","Block 2071, Block Group 2, Census Tract 9540, Washington County, Vermont","0","0","0"
"1000000US500239540002072","Block 2072, Block Group 2, Census Tract 9540, Washington County, Vermont","4","4","0"
"1000000US500239540002073","Block 2073, Block Group 2, Census Tract 9540, Washington County, Vermont","0","0","0"
"1000000US500239540002074","Block 2074, Block Group 2, Census Tract 9540, Washington County, Vermont","0","0","0"
"1000000US500239540002075","Block 2075, Block Group 2, Census Tract 9540, Washington County, Vermont","0","0","0"
"1000000US500239540002076","Block 2076, Block Group 2, Census Tract 9540, Washington County, Vermont","0","0","0"
"1000000US500239540002077","Block 2077, Block Group 2, Census Tract 9540, Washington County, Vermont","0","0","0"
"1000000US500239540002078","Block 2078, Block Group 2, Census Tract 9540, Washington County, Vermont","0","0","0"
"1000000US500239540002079","Block 2079, Block Group 2, Census Tract 9540, Washington County, Vermont","4","4","0"
"1000000US500239540002080","Block 2080, Block Group 2, Census Tract 9540, Washington County, Vermont","5","5","0"
"1000000US500239540002081","Block 2081, Block Group 2, Census Tract 9540, Washington County, Vermont","0","0","0"
"1000000US500239540002082","Block 2082, Block Group 2, Census Tract 9540, Washington County, Vermont","8","8","0"
"1000000US500239540002083","Block 2083, Block Group 2, Census Tract 9540, Washington County, Vermont","1","1","0"
"1000000US500239540002084","Block 2084, Block Group 2, Census Tract 9540, Washington County, Vermont","0","0","0"
"1000000US500239540002085","Block 2085, Block Group 2, Census Tract 9540, Washington County, Vermont","0","0","0"
"1000000US500239540002086","Block 2086, Block Group 2, Census Tract 9540, Washington County, Vermont","4","4","0"
"1000000US500239540002087","Block 2087, Block Group 2, Census Tract 9540, Washington County, Vermont","0","0","0"
"1000000US500239540002088","Block 2088, Block Group 2, Census Tract 9540, Washington County, Vermont","0","0","0"
"1000000US500239540002089","Block 2089, Block Group 2, Census Tract 9540, Washington County, Vermont","0","0","0"
"1000000US500239540002090","Block 2090, Block Group 2, Census Tract 9540, Washington County, Vermont","3","2","1"
"1000000US500239540002091","Block 2091, Block Group 2, Census Tract 9540, Washington County, Vermont","0","0","0"
"1000000US500239540002092","Block 2092, Block Group 2, Census Tract 9540, Washington County, Vermont","0","0","0"
"1000000US500239540002093","Block 2093, Block Group 2, Census Tract 9540, Washington County, Vermont","1","1","0"
"1000000US500239540002094","Block 2094, Block Group 2, Census Tract 9540, Washington County, Vermont","4","4","0"
"1000000US500239540002095","Block 2095, Block Group 2, Census Tract 9540, Washington County, Vermont","3","2","1"
"1000000US500239540002096","Block 2096, Block Group 2, Census Tract 9540, Washington County, Vermont","1","0","1"
"1000000US500239540002097","Block 2097, Block Group 2, Census Tract 9540, Washington County, Vermont","0","0","0"
"1000000US500239540002098","Block 2098, Block Group 2, Census Tract 9540, Washington County, Vermont","6","6","0"
"1000000US500239540002099","Block 2099, Block Group 2, Census Tract 9540, Washington County, Vermont","4","4","0"
"1000000US500239540002100","Block 2100, Block Group 2, Census Tract 9540, Washington County, Vermont","0","0","0"
"1000000US500239540002101","Block 2101, Block Group 2, Census Tract 9540, Washington County, Vermont","0","0","0"
"1000000US500239540002102","Block 2102, Block Group 2, Census Tract 9540, Washington County, Vermont","2","2","0"
"1000000US500239540002103","Block 2103, Block Group 2, Census Tract 9540, Washington County, Vermont","0","0","0"
"1000000US500239540002104","Block 2104, Block Group 2, Census Tract 9540, Washington County, Vermont","22","21","1"
"1000000US500239540002105","Block 2105, Block Group 2, Census Tract 9540, Washington County, Vermont","5","5","0"
"1000000US500239540002106","Block 2106, Block Group 2, Census Tract 9540, Washington County, Vermont","0","0","0"
"1000000US500239540002107","Block 2107, Block Group 2, Census Tract 9540, Washington County, Vermont","2","2","0"
"1000000US500239540002108","Block 2108, Block Group 2, Census Tract 9540, Washington County, Vermont","49","26","23"
"1000000US500239540002109","Block 2109, Block Group 2, Census Tract 9540, Washington County, Vermont","7","7","0"
"1000000US500239540002110","Block 2110, Block Group 2, Census Tract 9540, Washington County, Vermont","0","0","0"
"1000000US500239540002111","Block 2111, Block Group 2, Census Tract 9540, Washington County, Vermont","0","0","0"
"1000000US500239540002112","Block 2112, Block Group 2, Census Tract 9540, Washington County, Vermont","2","2","0"
"1000000US500239540002113","Block 2113, Block Group 2, Census Tract 9540, Washington County, Vermont","16","15","1"
"1000000US500239540002114","Block 2114, Block Group 2, Census Tract 9540, Washington County, Vermont","1","1","0"
"1000000US500239540002115","Block 2115, Block Group 2, Census Tract 9540, Washington County, Vermont","0","0","0"
"1000000US500239540002116","Block 2116, Block Group 2, Census Tract 9540, Washington County, Vermont","0","0","0"
"1000000US500239540002117","Block 2117, Block Group 2, Census Tract 9540, Washington County, Vermont","1","0","1"
"1000000US500239540002118","Block 2118, Block Group 2, Census Tract 9540, Washington County, Vermont","10","9","1"
"1000000US500239540002119","Block 2119, Block Group 2, Census Tract 9540, Washington County, Vermont","9","8","1"
"1000000US500239540002120","Block 2120, Block Group 2, Census Tract 9540, Washington County, Vermont","22","21","1"
"1000000US500239540002121","Block 2121, Block Group 2, Census Tract 9540, Washington County, Vermont","0","0","0"
"1000000US500239540002122","Block 2122, Block Group 2, Census Tract 9540, Washington County, Vermont","2","2","0"
"1000000US500239540002123","Block 2123, Block Group 2, Census Tract 9540, Washington County, Vermont","0","0","0"
"1000000US500239540002124","Block 2124, Block Group 2, Census Tract 9540, Washington County, Vermont","0","0","0"
"1000000US500239540002125","Block 2125, Block Group 2, Census Tract 9540, Washington County, Vermont","0","0","0"
"1000000US500239540002126","Block 2126, Block Group 2, Census Tract 9540, Washington County, Vermont","0","0","0"
"1000000US500239540002127","Block 2127, Block Group 2, Census Tract 9540, Washington County, Vermont","2","1","1"
"1000000US500239540002128","Block 2128, Block Group 2, Census Tract 9540, Washington County, Vermont","60","57","3"
"1000000US500239540002129","Block 2129, Block Group 2, Census Tract 9540, Washington County, Vermont","6","6","0"
"1000000US500239540002130","Block 2130, Block Group 2, Census Tract 9540, Washington County, Vermont","9","9","0"
"1000000US500239540002131","Block 2131, Block Group 2, Census Tract 9540, Washington County, Vermont","2","2","0"
"1000000US500239540002132","Block 2132, Block Group 2, Census Tract 9540, Washington County, Vermont","2","2","0"
"1000000US500239540002133","Block 2133, Block Group 2, Census Tract 9540, Washington County, Vermont","0","0","0"
"1000000US500239540002134","Block 2134, Block Group 2, Census Tract 9540, Washington County, Vermont","1","1","0"
"1000000US500239540002135","Block 2135, Block Group 2, Census Tract 9540, Washington County, Vermont","0","0","0"
"1000000US500239540002136","Block 2136, Block Group 2, Census Tract 9540, Washington County, Vermont","2","1","1"
"1000000US500239540002137","Block 2137, Block Group 2, Census Tract 9540, Washington County, Vermont","2","2","0"
"1000000US500239540002138","Block 2138, Block Group 2, Census Tract 9540, Washington County, Vermont","27","26","1"
"1000000US500239540002139","Block 2139, Block Group 2, Census Tract 9540, Washington County, Vermont","3","2","1"
"1000000US500239540002140","Block 2140, Block Group 2, Census Tract 9540, Washington County, Vermont","0","0","0"
"1000000US500239540002141","Block 2141, Block Group 2, Census Tract 9540, Washington County, Vermont","0","0","0"
"1000000US500239540002142","Block 2142, Block Group 2, Census Tract 9540, Washington County, Vermont","3","3","0"
"1000000US500239540002143","Block 2143, Block Group 2, Census Tract 9540, Washington County, Vermont","3","2","1"
"1000000US500239540002144","Block 2144, Block Group 2, Census Tract 9540, Washington County, Vermont","3","2","1"
"1000000US500239540002145","Block 2145, Block Group 2, Census Tract 9540, Washington County, Vermont","0","0","0"
"1000000US500239540002146","Block 2146, Block Group 2, Census Tract 9540, Washington County, Vermont","0","0","0"
"1000000US500239540003000","Block 3000, Block Group 3, Census Tract 9540, Washington County, Vermont","24","22","2"
"1000000US500239540003001","Block 3001, Block Group 3, Census Tract 9540, Washington County, Vermont","30","28","2"
"1000000US500239540003002","Block 3002, Block Group 3, Census Tract 9540, Washington County, Vermont","0","0","0"
"1000000US500239540003003","Block 3003, Block Group 3, Census Tract 9540, Washington County, Vermont","0","0","0"
"1000000US500239540003004","Block 3004, Block Group 3, Census Tract 9540, Washington County, Vermont","35","34","1"
"1000000US500239540003005","Block 3005, Block Group 3, Census Tract 9540, Washington County, Vermont","3","2","1"
"1000000US500239540003006","Block 3006, Block Group 3, Census Tract 9540, Washington County, Vermont","0","0","0"
"1000000US500239540003007","Block 3007, Block Group 3, Census Tract 9540, Washington County, Vermont","0","0","0"
"1000000US500239540003008","Block 3008, Block Group 3, Census Tract 9540, Washington County, Vermont","4","4","0"
"1000000US500239540003009","Block 3009, Block Group 3, Census Tract 9540, Washington County, Vermont","21","18","3"
"1000000US500239540003010","Block 3010, Block Group 3, Census Tract 9540, Washington County, Vermont","0","0","0"
"1000000US500239540003011","Block 3011, Block Group 3, Census Tract 9540, Washington County, Vermont","0","0","0"
"1000000US500239540003012","Block 3012, Block Group 3, Census Tract 9540, Washington County, Vermont","10","6","4"
"1000000US500239540003013","Block 3013, Block Group 3, Census Tract 9540, Washington County, Vermont","22","20","2"
"1000000US500239540003014","Block 3014, Block Group 3, Census Tract 9540, Washington County, Vermont","10","9","1"
"1000000US500239540003015","Block 3015, Block Group 3, Census Tract 9540, Washington County, Vermont","0","0","0"
"1000000US500239540003016","Block 3016, Block Group 3, Census Tract 9540, Washington County, Vermont","1","1","0"
"1000000US500239540003017","Block 3017, Block Group 3, Census Tract 9540, Washington County, Vermont","0","0","0"
"1000000US500239540003018","Block 3018, Block Group 3, Census Tract 9540, Washington County, Vermont","1","1","0"
"1000000US500239540003019","Block 3019, Block Group 3, Census Tract 9540, Washington County, Vermont","0","0","0"
"1000000US500239540003020","Block 3020, Block Group 3, Census Tract 9540, Washington County, Vermont","0","0","0"
"1000000US500239540003021","Block 3021, Block Group 3, Census Tract 9540, Washington County, Vermont","0","0","0"
"1000000US500239540003022","Block 3022, Block Group 3, Census Tract 9540, Washington County, Vermont","33","29","4"
"1000000US500239540003023","Block 3023, Block Group 3, Census Tract 9540, Washington County, Vermont","1","1","0"
"1000000US500239540003024","Block 3024, Block Group 3, Census Tract 9540, Washington County, Vermont","12","11","1"
"1000000US500239540003025","Block 3025, Block Group 3, Census Tract 9540, Washington County, Vermont","0","0","0"
"1000000US500239540003026","Block 3026, Block Group 3, Census Tract 9540, Washington County, Vermont","16","16","0"
"1000000US500239540003027","Block 3027, Block Group 3, Census Tract 9540, Washington County, Vermont","1","1","0"
"1000000US500239540003028","Block 3028, Block Group 3, Census Tract 9540, Washington County, Vermont","0","0","0"
"1000000US500239540003029","Block 3029, Block Group 3, Census Tract 9540, Washington County, Vermont","0","0","0"
"1000000US500239540003030","Block 3030, Block Group 3, Census Tract 9540, Washington County, Vermont","0","0","0"
"1000000US500239540003031","Block 3031, Block Group 3, Census Tract 9540, Washington County, Vermont","0","0","0"
"1000000US500239540003032","Block 3032, Block Group 3, Census Tract 9540, Washington County, Vermont","31","28","3"
"1000000US500239540003033","Block 3033, Block Group 3, Census Tract 9540, Washington County, Vermont","8","8","0"
"1000000US500239540003034","Block 3034, Block Group 3, Census Tract 9540, Washington County, Vermont","29","29","0"
"1000000US500239540003035","Block 3035, Block Group 3, Census Tract 9540, Washington County, Vermont","0","0","0"
"1000000US500239540003036","Block 3036, Block Group 3, Census Tract 9540, Washington County, Vermont","4","4","0"
"1000000US500239540003037","Block 3037, Block Group 3, Census Tract 9540, Washington County, Vermont","8","8","0"
"1000000US500239540003038","Block 3038, Block Group 3, Census Tract 9540, Washington County, Vermont","2","2","0"
"1000000US500239540003039","Block 3039, Block Group 3, Census Tract 9540, Washington County, Vermont","0","0","0"
"1000000US500239540003040","Block 3040, Block Group 3, Census Tract 9540, Washington County, Vermont","30","29","1"
"1000000US500239540003041","Block 3041, Block Group 3, Census Tract 9540, Washington County, Vermont","17","17","0"
"1000000US500239540003042","Block 3042, Block Group 3, Census Tract 9540, Washington County, Vermont","8","7","1"
"1000000US500239540003043","Block 3043, Block Group 3, Census Tract 9540, Washington County, Vermont","4","4","0"
"1000000US500239540003044","Block 3044, Block Group 3, Census Tract 9540, Washington County, Vermont","6","4","2"
"1000000US500239540003045","Block 3045, Block Group 3, Census Tract 9540, Washington County, Vermont","1","0","1"
"1000000US500239540003046","Block 3046, Block Group 3, Census Tract 9540, Washington County, Vermont","13","13","0"
"1000000US500239540003047","Block 3047, Block Group 3, Census Tract 9540, Washington County, Vermont","25","25","0"
"1000000US500239540003048","Block 3048, Block Group 3, Census Tract 9540, Washington County, Vermont","30","29","1"
"1000000US500239540003049","Block 3049, Block Group 3, Census Tract 9540, Washington County, Vermont","9","9","0"
"1000000US500239540003050","Block 3050, Block Group 3, Census Tract 9540, Washington County, Vermont","0","0","0"
"1000000US500239540003051","Block 3051, Block Group 3, Census Tract 9540, Washington County, Vermont","5","5","0"
"1000000US500239540003052","Block 3052, Block Group 3, Census Tract 9540, Washington County, Vermont","1","1","0"
"1000000US500239540003053","Block 3053, Block Group 3, Census Tract 9540, Washington County, Vermont","6","6","0"
"1000000US500239540003054","Block 3054, Block Group 3, Census Tract 9540, Washington County, Vermont","19","16","3"
"1000000US500239540003055","Block 3055, Block Group 3, Census Tract 9540, Washington County, Vermont","0","0","0"
"1000000US500239540003056","Block 3056, Block Group 3, Census Tract 9540, Washington County, Vermont","3","3","0"
"1000000US500239540003057","Block 3057, Block Group 3, Census Tract 9540, Washington County, Vermont","0","0","0"
"1000000US500239540003058","Block 3058, Block Group 3, Census Tract 9540, Washington County, Vermont","1","1","0"
"1000000US500239540003059","Block 3059, Block Group 3, Census Tract 9540, Washington County, Vermont","14","13","1"
"1000000US500239540003060","Block 3060, Block Group 3, Census Tract 9540, Washington County, Vermont","2","2","0"
"1000000US500239540003061","Block 3061, Block Group 3, Census Tract 9540, Washington County, Vermont","9","9","0"
"1000000US500239540003062","Block 3062, Block Group 3, Census Tract 9540, Washington County, Vermont","0","0","0"
"1000000US500239540003063","Block 3063, Block Group 3, Census Tract 9540, Washington County, Vermont","6","6","0"
"1000000US500239540003064","Block 3064, Block Group 3, Census Tract 9540, Washington County, Vermont","9","9","0"
"1000000US500239540003065","Block 3065, Block Group 3, Census Tract 9540, Washington County, Vermont","3","3","0"
"1000000US500239540003066","Block 3066, Block Group 3, Census Tract 9540, Washington County, Vermont","0","0","0"
"1000000US500239540003067","Block 3067, Block Group 3, Census Tract 9540, Washington County, Vermont","0","0","0"
"1000000US500239540003068","Block 3068, Block Group 3, Census Tract 9540, Washington County, Vermont","7","7","0"
"1000000US500239540003069","Block 3069, Block Group 3, Census Tract 9540, Washington County, Vermont","10","8","2"
"1000000US500239540003070","Block 3070, Block Group 3, Census Tract 9540, Washington County, Vermont","6","5","1"
"1000000US500239540003071","Block 3071, Block Group 3, Census Tract 9540, Washington County, Vermont","0","0","0"
"1000000US500239540003072","Block 3072, Block Group 3, Census Tract 9540, Washington County, Vermont","15","15","0"
"1000000US500239541001000","Block 1000, Block Group 1, Census Tract 9541, Washington County, Vermont","0","0","0"
"1000000US500239541001001","Block 1001, Block Group 1, Census Tract 9541, Washington County, Vermont","3","1","2"
"1000000US500239541001002","Block 1002, Block Group 1, Census Tract 9541, Washington County, Vermont","91","38","53"
"1000000US500239541001003","Block 1003, Block Group 1, Census Tract 9541, Washington County, Vermont","0","0","0"
"1000000US500239541001004","Block 1004, Block Group 1, Census Tract 9541, Washington County, Vermont","0","0","0"
"1000000US500239541001005","Block 1005, Block Group 1, Census Tract 9541, Washington County, Vermont","0","0","0"
"1000000US500239541001006","Block 1006, Block Group 1, Census Tract 9541, Washington County, Vermont","0","0","0"
"1000000US500239541001007","Block 1007, Block Group 1, Census Tract 9541, Washington County, Vermont","0","0","0"
"1000000US500239541001008","Block 1008, Block Group 1, Census Tract 9541, Washington County, Vermont","0","0","0"
"1000000US500239541001009","Block 1009, Block Group 1, Census Tract 9541, Washington County, Vermont","0","0","0"
"1000000US500239541001010","Block 1010, Block Group 1, Census Tract 9541, Washington County, Vermont","4","1","3"
"1000000US500239541001011","Block 1011, Block Group 1, Census Tract 9541, Washington County, Vermont","2","0","2"
"1000000US500239541001012","Block 1012, Block Group 1, Census Tract 9541, Washington County, Vermont","0","0","0"
"1000000US500239541001013","Block 1013, Block Group 1, Census Tract 9541, Washington County, Vermont","0","0","0"
"1000000US500239541001014","Block 1014, Block Group 1, Census Tract 9541, Washington County, Vermont","0","0","0"
"1000000US500239541001015","Block 1015, Block Group 1, Census Tract 9541, Washington County, Vermont","0","0","0"
"1000000US500239541001016","Block 1016, Block Group 1, Census Tract 9541, Washington County, Vermont","0","0","0"
"1000000US500239541001017","Block 1017, Block Group 1, Census Tract 9541, Washington County, Vermont","0","0","0"
"1000000US500239541001018","Block 1018, Block Group 1, Census Tract 9541, Washington County, Vermont","1","1","0"
"1000000US500239541001019","Block 1019, Block Group 1, Census Tract 9541, Washington County, Vermont","0","0","0"
"1000000US500239541001020","Block 1020, Block Group 1, Census Tract 9541, Washington County, Vermont","13","11","2"
"1000000US500239541001021","Block 1021, Block Group 1, Census Tract 9541, Washington County, Vermont","41","31","10"
"1000000US500239541001022","Block 1022, Block Group 1, Census Tract 9541, Washington County, Vermont","0","0","0"
"1000000US500239541001023","Block 1023, Block Group 1, Census Tract 9541, Washington County, Vermont","2","1","1"
"1000000US500239541001024","Block 1024, Block Group 1, Census Tract 9541, Washington County, Vermont","26","15","11"
"1000000US500239541001025","Block 1025, Block Group 1, Census Tract 9541, Washington County, Vermont","0","0","0"
"1000000US500239541001026","Block 1026, Block Group 1, Census Tract 9541, Washington County, Vermont","22","6","16"
"1000000US500239541001027","Block 1027, Block Group 1, Census Tract 9541, Washington County, Vermont","8","5","3"
"1000000US500239541001028","Block 1028, Block Group 1, Census Tract 9541, Washington County, Vermont","33","12","21"
"1000000US500239541001029","Block 1029, Block Group 1, Census Tract 9541, Washington County, Vermont","5","5","0"
"1000000US500239541001030","Block 1030, Block Group 1, Census Tract 9541, Washington County, Vermont","9","1","8"
"1000000US500239541001031","Block 1031, Block Group 1, Census Tract 9541, Washington County, Vermont","5","5","0"
"1000000US500239541001032","Block 1032, Block Group 1, Census Tract 9541, Washington County, Vermont","6","3","3"
"1000000US500239541001033","Block 1033, Block Group 1, Census Tract 9541, Washington County, Vermont","5","4","1"
"1000000US500239541001034","Block 1034, Block Group 1, Census Tract 9541, Washington County, Vermont","19","11","8"
"1000000US500239541001035","Block 1035, Block Group 1, Census Tract 9541, Washington County, Vermont","0","0","0"
"1000000US500239541001036","Block 1036, Block Group 1, Census Tract 9541, Washington County, Vermont","0","0","0"
"1000000US500239541001037","Block 1037, Block Group 1, Census Tract 9541, Washington County, Vermont","33","27","6"
"1000000US500239541001038","Block 1038, Block Group 1, Census Tract 9541, Washington County, Vermont","2","1","1"
"1000000US500239541001039","Block 1039, Block Group 1, Census Tract 9541, Washington County, Vermont","0","0","0"
"1000000US500239541001040","Block 1040, Block Group 1, Census Tract 9541, Washington County, Vermont","4","2","2"
"1000000US500239541001041","Block 1041, Block Group 1, Census Tract 9541, Washington County, Vermont","10","6","4"
"1000000US500239541001042","Block 1042, Block Group 1, Census Tract 9541, Washington County, Vermont","0","0","0"
"1000000US500239541001043","Block 1043, Block Group 1, Census Tract 9541, Washington County, Vermont","0","0","0"
"1000000US500239541001044","Block 1044, Block Group 1, Census Tract 9541, Washington County, Vermont","12","7","5"
"1000000US500239541001045","Block 1045, Block Group 1, Census Tract 9541, Washington County, Vermont","34","24","10"
"1000000US500239541001046","Block 1046, Block Group 1, Census Tract 9541, Washington County, Vermont","3","3","0"
"1000000US500239541001047","Block 1047, Block Group 1, Census Tract 9541, Washington County, Vermont","1","1","0"
"1000000US500239541001048","Block 1048, Block Group 1, Census Tract 9541, Washington County, Vermont","24","23","1"
"1000000US500239541001049","Block 1049, Block Group 1, Census Tract 9541, Washington County, Vermont","1","1","0"
"1000000US500239541001050","Block 1050, Block Group 1, Census Tract 9541, Washington County, Vermont","0","0","0"
"1000000US500239541001051","Block 1051, Block Group 1, Census Tract 9541, Washington County, Vermont","3","2","1"
"1000000US500239541001052","Block 1052, Block Group 1, Census Tract 9541, Washington County, Vermont","4","3","1"
"1000000US500239541001053","Block 1053, Block Group 1, Census Tract 9541, Washington County, Vermont","0","0","0"
"1000000US500239541001054","Block 1054, Block Group 1, Census Tract 9541, Washington County, Vermont","0","0","0"
"1000000US500239541001055","Block 1055, Block Group 1, Census Tract 9541, Washington County, Vermont","3","1","2"
"1000000US500239541001056","Block 1056, Block Group 1, Census Tract 9541, Washington County, Vermont","0","0","0"
"1000000US500239541001057","Block 1057, Block Group 1, Census Tract 9541, Washington County, Vermont","11","1","10"
"1000000US500239541001058","Block 1058, Block Group 1, Census Tract 9541, Washington County, Vermont","0","0","0"
"1000000US500239541001059","Block 1059, Block Group 1, Census Tract 9541, Washington County, Vermont","2","1","1"
"1000000US500239541001060","Block 1060, Block Group 1, Census Tract 9541, Washington County, Vermont","0","0","0"
"1000000US500239541001061","Block 1061, Block Group 1, Census Tract 9541, Washington County, Vermont","0","0","0"
"1000000US500239541001062","Block 1062, Block Group 1, Census Tract 9541, Washington County, Vermont","2","0","2"
"1000000US500239541001063","Block 1063, Block Group 1, Census Tract 9541, Washington County, Vermont","0","0","0"
"1000000US500239541001064","Block 1064, Block Group 1, Census Tract 9541, Washington County, Vermont","0","0","0"
"1000000US500239541001065","Block 1065, Block Group 1, Census Tract 9541, Washington County, Vermont","0","0","0"
"1000000US500239541001066","Block 1066, Block Group 1, Census Tract 9541, Washington County, Vermont","35","21","14"
"1000000US500239541001067","Block 1067, Block Group 1, Census Tract 9541, Washington County, Vermont","11","2","9"
"1000000US500239541001068","Block 1068, Block Group 1, Census Tract 9541, Washington County, Vermont","0","0","0"
"1000000US500239541001069","Block 1069, Block Group 1, Census Tract 9541, Washington County, Vermont","0","0","0"
"1000000US500239541001070","Block 1070, Block Group 1, Census Tract 9541, Washington County, Vermont","6","1","5"
"1000000US500239541001071","Block 1071, Block Group 1, Census Tract 9541, Washington County, Vermont","0","0","0"
"1000000US500239541001072","Block 1072, Block Group 1, Census Tract 9541, Washington County, Vermont","6","6","0"
"1000000US500239541001073","Block 1073, Block Group 1, Census Tract 9541, Washington County, Vermont","0","0","0"
"1000000US500239541001074","Block 1074, Block Group 1, Census Tract 9541, Washington County, Vermont","0","0","0"
"1000000US500239541001075","Block 1075, Block Group 1, Census Tract 9541, Washington County, Vermont","25","21","4"
"1000000US500239541001076","Block 1076, Block Group 1, Census Tract 9541, Washington County, Vermont","0","0","0"
"1000000US500239541001077","Block 1077, Block Group 1, Census Tract 9541, Washington County, Vermont","29","17","12"
"1000000US500239541001078","Block 1078, Block Group 1, Census Tract 9541, Washington County, Vermont","12","2","10"
"1000000US500239541001079","Block 1079, Block Group 1, Census Tract 9541, Washington County, Vermont","0","0","0"
"1000000US500239541001080","Block 1080, Block Group 1, Census Tract 9541, Washington County, Vermont","0","0","0"
"1000000US500239541001081","Block 1081, Block Group 1, Census Tract 9541, Washington County, Vermont","41","19","22"
"1000000US500239541001082","Block 1082, Block Group 1, Census Tract 9541, Washington County, Vermont","0","0","0"
"1000000US500239541001083","Block 1083, Block Group 1, Census Tract 9541, Washington County, Vermont","0","0","0"
"1000000US500239541001084","Block 1084, Block Group 1, Census Tract 9541, Washington County, Vermont","0","0","0"
"1000000US500239541001085","Block 1085, Block Group 1, Census Tract 9541, Washington County, Vermont","0","0","0"
"1000000US500239541001086","Block 1086, Block Group 1, Census Tract 9541, Washington County, Vermont","5","3","2"
"1000000US500239541001087","Block 1087, Block Group 1, Census Tract 9541, Washington County, Vermont","16","14","2"
"1000000US500239541001088","Block 1088, Block Group 1, Census Tract 9541, Washington County, Vermont","0","0","0"
"1000000US500239541001089","Block 1089, Block Group 1, Census Tract 9541, Washington County, Vermont","0","0","0"
"1000000US500239541001090","Block 1090, Block Group 1, Census Tract 9541, Washington County, Vermont","7","2","5"
"1000000US500239541001091","Block 1091, Block Group 1, Census Tract 9541, Washington County, Vermont","0","0","0"
"1000000US500239541001092","Block 1092, Block Group 1, Census Tract 9541, Washington County, Vermont","1","0","1"
"1000000US500239541001093","Block 1093, Block Group 1, Census Tract 9541, Washington County, Vermont","0","0","0"
"1000000US500239541001094","Block 1094, Block Group 1, Census Tract 9541, Washington County, Vermont","0","0","0"
"1000000US500239541001095","Block 1095, Block Group 1, Census Tract 9541, Washington County, Vermont","0","0","0"
"1000000US500239541001096","Block 1096, Block Group 1, Census Tract 9541, Washington County, Vermont","22","7","15"
"1000000US500239541001097","Block 1097, Block Group 1, Census Tract 9541, Washington County, Vermont","0","0","0"
"1000000US500239541001098","Block 1098, Block Group 1, Census Tract 9541, Washington County, Vermont","0","0","0"
"1000000US500239541001099","Block 1099, Block Group 1, Census Tract 9541, Washington County, Vermont","3","3","0"
"1000000US500239541001100","Block 1100, Block Group 1, Census Tract 9541, Washington County, Vermont","2","2","0"
"1000000US500239541001101","Block 1101, Block Group 1, Census Tract 9541, Washington County, Vermont","5","5","0"
"1000000US500239541001102","Block 1102, Block Group 1, Census Tract 9541, Washington County, Vermont","14","2","12"
"1000000US500239541001103","Block 1103, Block Group 1, Census Tract 9541, Washington County, Vermont","0","0","0"
"1000000US500239541001104","Block 1104, Block Group 1, Census Tract 9541, Washington County, Vermont","6","1","5"
"1000000US500239541001105","Block 1105, Block Group 1, Census Tract 9541, Washington County, Vermont","0","0","0"
"1000000US500239541001106","Block 1106, Block Group 1, Census Tract 9541, Washington County, Vermont","8","8","0"
"1000000US500239541001107","Block 1107, Block Group 1, Census Tract 9541, Washington County, Vermont","3","1","2"
"1000000US500239541001108","Block 1108, Block Group 1, Census Tract 9541, Washington County, Vermont","0","0","0"
"1000000US500239541001109","Block 1109, Block Group 1, Census Tract 9541, Washington County, Vermont","6","6","0"
"1000000US500239541001110","Block 1110, Block Group 1, Census Tract 9541, Washington County, Vermont","0","0","0"
"1000000US500239541001111","Block 1111, Block Group 1, Census Tract 9541, Washington County, Vermont","0","0","0"
"1000000US500239541001112","Block 1112, Block Group 1, Census Tract 9541, Washington County, Vermont","0","0","0"
"1000000US500239541001113","Block 1113, Block Group 1, Census Tract 9541, Washington County, Vermont","5","2","3"
"1000000US500239541001114","Block 1114, Block Group 1, Census Tract 9541, Washington County, Vermont","1","0","1"
"1000000US500239541001115","Block 1115, Block Group 1, Census Tract 9541, Washington County, Vermont","0","0","0"
"1000000US500239541002000","Block 2000, Block Group 2, Census Tract 9541, Washington County, Vermont","10","6","4"
"1000000US500239541002001","Block 2001, Block Group 2, Census Tract 9541, Washington County, Vermont","0","0","0"
"1000000US500239541002002","Block 2002, Block Group 2, Census Tract 9541, Washington County, Vermont","5","4","1"
"1000000US500239541002003","Block 2003, Block Group 2, Census Tract 9541, Washington County, Vermont","11","11","0"
"1000000US500239541002004","Block 2004, Block Group 2, Census Tract 9541, Washington County, Vermont","0","0","0"
"1000000US500239541002005","Block 2005, Block Group 2, Census Tract 9541, Washington County, Vermont","18","10","8"
"1000000US500239541002006","Block 2006, Block Group 2, Census Tract 9541, Washington County, Vermont","0","0","0"
"1000000US500239541002007","Block 2007, Block Group 2, Census Tract 9541, Washington County, Vermont","2","1","1"
"1000000US500239541002008","Block 2008, Block Group 2, Census Tract 9541, Washington County, Vermont","11","8","3"
"1000000US500239541002009","Block 2009, Block Group 2, Census Tract 9541, Washington County, Vermont","0","0","0"
"1000000US500239541002010","Block 2010, Block Group 2, Census Tract 9541, Washington County, Vermont","7","7","0"
"1000000US500239541002011","Block 2011, Block Group 2, Census Tract 9541, Washington County, Vermont","17","14","3"
"1000000US500239541002012","Block 2012, Block Group 2, Census Tract 9541, Washington County, Vermont","8","8","0"
"1000000US500239541002013","Block 2013, Block Group 2, Census Tract 9541, Washington County, Vermont","5","3","2"
"1000000US500239541002014","Block 2014, Block Group 2, Census Tract 9541, Washington County, Vermont","3","2","1"
"1000000US500239541002015","Block 2015, Block Group 2, Census Tract 9541, Washington County, Vermont","3","3","0"
"1000000US500239541002016","Block 2016, Block Group 2, Census Tract 9541, Washington County, Vermont","29","24","5"
"1000000US500239541002017","Block 2017, Block Group 2, Census Tract 9541, Washington County, Vermont","2","2","0"
"1000000US500239541002018","Block 2018, Block Group 2, Census Tract 9541, Washington County, Vermont","0","0","0"
"1000000US500239541002019","Block 2019, Block Group 2, Census Tract 9541, Washington County, Vermont","15","12","3"
"1000000US500239541002020","Block 2020, Block Group 2, Census Tract 9541, Washington County, Vermont","3","2","1"
"1000000US500239541002021","Block 2021, Block Group 2, Census Tract 9541, Washington County, Vermont","8","7","1"
"1000000US500239541002022","Block 2022, Block Group 2, Census Tract 9541, Washington County, Vermont","1","1","0"
"1000000US500239541002023","Block 2023, Block Group 2, Census Tract 9541, Washington County, Vermont","0","0","0"
"1000000US500239541002024","Block 2024, Block Group 2, Census Tract 9541, Washington County, Vermont","10","10","0"
"1000000US500239541002025","Block 2025, Block Group 2, Census Tract 9541, Washington County, Vermont","0","0","0"
"1000000US500239541002026","Block 2026, Block Group 2, Census Tract 9541, Washington County, Vermont","1","1","0"
"1000000US500239541002027","Block 2027, Block Group 2, Census Tract 9541, Washington County, Vermont","3","3","0"
"1000000US500239541002028","Block 2028, Block Group 2, Census Tract 9541, Washington County, Vermont","13","12","1"
"1000000US500239541002029","Block 2029, Block Group 2, Census Tract 9541, Washington County, Vermont","0","0","0"
"1000000US500239541002030","Block 2030, Block Group 2, Census Tract 9541, Washington County, Vermont","0","0","0"
"1000000US500239541002031","Block 2031, Block Group 2, Census Tract 9541, Washington County, Vermont","22","20","2"
"1000000US500239541002032","Block 2032, Block Group 2, Census Tract 9541, Washington County, Vermont","0","0","0"
"1000000US500239541002033","Block 2033, Block Group 2, Census Tract 9541, Washington County, Vermont","15","14","1"
"1000000US500239541002034","Block 2034, Block Group 2, Census Tract 9541, Washington County, Vermont","0","0","0"
"1000000US500239541002035","Block 2035, Block Group 2, Census Tract 9541, Washington County, Vermont","30","25","5"
"1000000US500239541002036","Block 2036, Block Group 2, Census Tract 9541, Washington County, Vermont","5","4","1"
"1000000US500239541002037","Block 2037, Block Group 2, Census Tract 9541, Washington County, Vermont","1","0","1"
"1000000US500239541002038","Block 2038, Block Group 2, Census Tract 9541, Washington County, Vermont","8","6","2"
"1000000US500239541002039","Block 2039, Block Group 2, Census Tract 9541, Washington County, Vermont","2","2","0"
"1000000US500239541002040","Block 2040, Block Group 2, Census Tract 9541, Washington County, Vermont","14","13","1"
"1000000US500239541002041","Block 2041, Block Group 2, Census Tract 9541, Washington County, Vermont","9","9","0"
"1000000US500239541002042","Block 2042, Block Group 2, Census Tract 9541, Washington County, Vermont","0","0","0"
"1000000US500239541002043","Block 2043, Block Group 2, Census Tract 9541, Washington County, Vermont","14","14","0"
"1000000US500239541002044","Block 2044, Block Group 2, Census Tract 9541, Washington County, Vermont","0","0","0"
"1000000US500239541002045","Block 2045, Block Group 2, Census Tract 9541, Washington County, Vermont","0","0","0"
"1000000US500239541002046","Block 2046, Block Group 2, Census Tract 9541, Washington County, Vermont","0","0","0"
"1000000US500239541002047","Block 2047, Block Group 2, Census Tract 9541, Washington County, Vermont","2","2","0"
"1000000US500239541002048","Block 2048, Block Group 2, Census Tract 9541, Washington County, Vermont","3","3","0"
"1000000US500239541002049","Block 2049, Block Group 2, Census Tract 9541, Washington County, Vermont","30","25","5"
"1000000US500239541002050","Block 2050, Block Group 2, Census Tract 9541, Washington County, Vermont","0","0","0"
"1000000US500239541002051","Block 2051, Block Group 2, Census Tract 9541, Washington County, Vermont","1","1","0"
"1000000US500239541002052","Block 2052, Block Group 2, Census Tract 9541, Washington County, Vermont","16","15","1"
"1000000US500239541002053","Block 2053, Block Group 2, Census Tract 9541, Washington County, Vermont","0","0","0"
"1000000US500239541002054","Block 2054, Block Group 2, Census Tract 9541, Washington County, Vermont","0","0","0"
"1000000US500239541002055","Block 2055, Block Group 2, Census Tract 9541, Washington County, Vermont","15","12","3"
"1000000US500239541002056","Block 2056, Block Group 2, Census Tract 9541, Washington County, Vermont","0","0","0"
"1000000US500239541002057","Block 2057, Block Group 2, Census Tract 9541, Washington County, Vermont","0","0","0"
"1000000US500239541002058","Block 2058, Block Group 2, Census Tract 9541, Washington County, Vermont","1","1","0"
"1000000US500239541002059","Block 2059, Block Group 2, Census Tract 9541, Washington County, Vermont","0","0","0"
"1000000US500239541002060","Block 2060, Block Group 2, Census Tract 9541, Washington County, Vermont","7","6","1"
"1000000US500239541002061","Block 2061, Block Group 2, Census Tract 9541, Washington County, Vermont","9","7","2"
"1000000US500239541002062","Block 2062, Block Group 2, Census Tract 9541, Washington County, Vermont","11","10","1"
"1000000US500239541003000","Block 3000, Block Group 3, Census Tract 9541, Washington County, Vermont","12","8","4"
"1000000US500239541003001","Block 3001, Block Group 3, Census Tract 9541, Washington County, Vermont","0","0","0"
"1000000US500239541003002","Block 3002, Block Group 3, Census Tract 9541, Washington County, Vermont","0","0","0"
"1000000US500239541003003","Block 3003, Block Group 3, Census Tract 9541, Washington County, Vermont","0","0","0"
"1000000US500239541003004","Block 3004, Block Group 3, Census Tract 9541, Washington County, Vermont","0","0","0"
"1000000US500239541003005","Block 3005, Block Group 3, Census Tract 9541, Washington County, Vermont","25","4","21"
"1000000US500239541003006","Block 3006, Block Group 3, Census Tract 9541, Washington County, Vermont","15","11","4"
"1000000US500239541003007","Block 3007, Block Group 3, Census Tract 9541, Washington County, Vermont","0","0","0"
"1000000US500239541003008","Block 3008, Block Group 3, Census Tract 9541, Washington County, Vermont","1","1","0"
"1000000US500239541003009","Block 3009, Block Group 3, Census Tract 9541, Washington County, Vermont","4","4","0"
"1000000US500239541003010","Block 3010, Block Group 3, Census Tract 9541, Washington County, Vermont","1","1","0"
"1000000US500239541003011","Block 3011, Block Group 3, Census Tract 9541, Washington County, Vermont","0","0","0"
"1000000US500239541003012","Block 3012, Block Group 3, Census Tract 9541, Washington County, Vermont","24","24","0"
"1000000US500239541003013","Block 3013, Block Group 3, Census Tract 9541, Washington County, Vermont","0","0","0"
"1000000US500239541003014","Block 3014, Block Group 3, Census Tract 9541, Washington County, Vermont","6","5","1"
"1000000US500239541003015","Block 3015, Block Group 3, Census Tract 9541, Washington County, Vermont","75","33","42"
"1000000US500239541003016","Block 3016, Block Group 3, Census Tract 9541, Washington County, Vermont","0","0","0"
"1000000US500239541003017","Block 3017, Block Group 3, Census Tract 9541, Washington County, Vermont","0","0","0"
"1000000US500239541003018","Block 3018, Block Group 3, Census Tract 9541, Washington County, Vermont","0","0","0"
"1000000US500239541003019","Block 3019, Block Group 3, Census Tract 9541, Washington County, Vermont","10","9","1"
"1000000US500239541003020","Block 3020, Block Group 3, Census Tract 9541, Washington County, Vermont","19","16","3"
"1000000US500239541003021","Block 3021, Block Group 3, Census Tract 9541, Washington County, Vermont","19","19","0"
"1000000US500239541003022","Block 3022, Block Group 3, Census Tract 9541, Washington County, Vermont","4","3","1"
"1000000US500239541003023","Block 3023, Block Group 3, Census Tract 9541, Washington County, Vermont","5","5","0"
"1000000US500239541003024","Block 3024, Block Group 3, Census Tract 9541, Washington County, Vermont","14","14","0"
"1000000US500239541003025","Block 3025, Block Group 3, Census Tract 9541, Washington County, Vermont","0","0","0"
"1000000US500239541003026","Block 3026, Block Group 3, Census Tract 9541, Washington County, Vermont","1","0","1"
"1000000US500239541003027","Block 3027, Block Group 3, Census Tract 9541, Washington County, Vermont","14","13","1"
"1000000US500239541003028","Block 3028, Block Group 3, Census Tract 9541, Washington County, Vermont","3","3","0"
"1000000US500239541003029","Block 3029, Block Group 3, Census Tract 9541, Washington County, Vermont","2","2","0"
"1000000US500239541003030","Block 3030, Block Group 3, Census Tract 9541, Washington County, Vermont","1","1","0"
"1000000US500239541003031","Block 3031, Block Group 3, Census Tract 9541, Washington County, Vermont","14","10","4"
"1000000US500239541003032","Block 3032, Block Group 3, Census Tract 9541, Washington County, Vermont","6","6","0"
"1000000US500239541003033","Block 3033, Block Group 3, Census Tract 9541, Washington County, Vermont","1","1","0"
"1000000US500239541003034","Block 3034, Block Group 3, Census Tract 9541, Washington County, Vermont","2","2","0"
"1000000US500239541003035","Block 3035, Block Group 3, Census Tract 9541, Washington County, Vermont","34","27","7"
"1000000US500239541003036","Block 3036, Block Group 3, Census Tract 9541, Washington County, Vermont","0","0","0"
"1000000US500239541003037","Block 3037, Block Group 3, Census Tract 9541, Washington County, Vermont","10","7","3"
"1000000US500239541003038","Block 3038, Block Group 3, Census Tract 9541, Washington County, Vermont","3","3","0"
"1000000US500239541003039","Block 3039, Block Group 3, Census Tract 9541, Washington County, Vermont","1","1","0"
"1000000US500239541003040","Block 3040, Block Group 3, Census Tract 9541, Washington County, Vermont","1","0","1"
"1000000US500239541003041","Block 3041, Block Group 3, Census Tract 9541, Washington County, Vermont","0","0","0"
"1000000US500239541003042","Block 3042, Block Group 3, Census Tract 9541, Washington County, Vermont","10","9","1"
"1000000US500239541003043","Block 3043, Block Group 3, Census Tract 9541, Washington County, Vermont","1","1","0"
"1000000US500239541003044","Block 3044, Block Group 3, Census Tract 9541, Washington County, Vermont","11","11","0"
"1000000US500239541003045","Block 3045, Block Group 3, Census Tract 9541, Washington County, Vermont","0","0","0"
"1000000US500239541003046","Block 3046, Block Group 3, Census Tract 9541, Washington County, Vermont","0","0","0"
"1000000US500239541003047","Block 3047, Block Group 3, Census Tract 9541, Washington County, Vermont","0","0","0"
"1000000US500239541003048","Block 3048, Block Group 3, Census Tract 9541, Washington County, Vermont","0","0","0"
"1000000US500239541003049","Block 3049, Block Group 3, Census Tract 9541, Washington County, Vermont","6","6","0"
"1000000US500239541003050","Block 3050, Block Group 3, Census Tract 9541, Washington County, Vermont","4","4","0"
"1000000US500239541003051","Block 3051, Block Group 3, Census Tract 9541, Washington County, Vermont","0","0","0"
"1000000US500239541003052","Block 3052, Block Group 3, Census Tract 9541, Washington County, Vermont","4","3","1"
"1000000US500239541003053","Block 3053, Block Group 3, Census Tract 9541, Washington County, Vermont","0","0","0"
"1000000US500239541003054","Block 3054, Block Group 3, Census Tract 9541, Washington County, Vermont","0","0","0"
"1000000US500239541003055","Block 3055, Block Group 3, Census Tract 9541, Washington County, Vermont","0","0","0"
"1000000US500239541003056","Block 3056, Block Group 3, Census Tract 9541, Washington County, Vermont","48","39","9"
"1000000US500239541003057","Block 3057, Block Group 3, Census Tract 9541, Washington County, Vermont","0","0","0"
"1000000US500239541003058","Block 3058, Block Group 3, Census Tract 9541, Washington County, Vermont","19","19","0"
"1000000US500239541003059","Block 3059, Block Group 3, Census Tract 9541, Washington County, Vermont","11","10","1"
"1000000US500239541003060","Block 3060, Block Group 3, Census Tract 9541, Washington County, Vermont","1","0","1"
"1000000US500239541003061","Block 3061, Block Group 3, Census Tract 9541, Washington County, Vermont","0","0","0"
"1000000US500239542001000","Block 1000, Block Group 1, Census Tract 9542, Washington County, Vermont","88","69","19"
"1000000US500239542001001","Block 1001, Block Group 1, Census Tract 9542, Washington County, Vermont","0","0","0"
"1000000US500239542001002","Block 1002, Block Group 1, Census Tract 9542, Washington County, Vermont","37","35","2"
"1000000US500239542001003","Block 1003, Block Group 1, Census Tract 9542, Washington County, Vermont","15","13","2"
"1000000US500239542001004","Block 1004, Block Group 1, Census Tract 9542, Washington County, Vermont","9","9","0"
"1000000US500239542001005","Block 1005, Block Group 1, Census Tract 9542, Washington County, Vermont","0","0","0"
"1000000US500239542001006","Block 1006, Block Group 1, Census Tract 9542, Washington County, Vermont","0","0","0"
"1000000US500239542001007","Block 1007, Block Group 1, Census Tract 9542, Washington County, Vermont","2","1","1"
"1000000US500239542001008","Block 1008, Block Group 1, Census Tract 9542, Washington County, Vermont","7","6","1"
"1000000US500239542001009","Block 1009, Block Group 1, Census Tract 9542, Washington County, Vermont","0","0","0"
"1000000US500239542001010","Block 1010, Block Group 1, Census Tract 9542, Washington County, Vermont","4","4","0"
"1000000US500239542001011","Block 1011, Block Group 1, Census Tract 9542, Washington County, Vermont","1","1","0"
"1000000US500239542001012","Block 1012, Block Group 1, Census Tract 9542, Washington County, Vermont","2","1","1"
"1000000US500239542001013","Block 1013, Block Group 1, Census Tract 9542, Washington County, Vermont","0","0","0"
"1000000US500239542001014","Block 1014, Block Group 1, Census Tract 9542, Washington County, Vermont","3","3","0"
"1000000US500239542001015","Block 1015, Block Group 1, Census Tract 9542, Washington County, Vermont","4","4","0"
"1000000US500239542001016","Block 1016, Block Group 1, Census Tract 9542, Washington County, Vermont","3","3","0"
"1000000US500239542001017","Block 1017, Block Group 1, Census Tract 9542, Washington County, Vermont","0","0","0"
"1000000US500239542001018","Block 1018, Block Group 1, Census Tract 9542, Washington County, Vermont","9","8","1"
"1000000US500239542001019","Block 1019, Block Group 1, Census Tract 9542, Washington County, Vermont","0","0","0"
"1000000US500239542001020","Block 1020, Block Group 1, Census Tract 9542, Washington County, Vermont","37","34","3"
"1000000US500239542001021","Block 1021, Block Group 1, Census Tract 9542, Washington County, Vermont","0","0","0"
"1000000US500239542001022","Block 1022, Block Group 1, Census Tract 9542, Washington County, Vermont","0","0","0"
"1000000US500239542001023","Block 1023, Block Group 1, Census Tract 9542, Washington County, Vermont","0","0","0"
"1000000US500239542001024","Block 1024, Block Group 1, Census Tract 9542, Washington County, Vermont","0","0","0"
"1000000US500239542001025","Block 1025, Block Group 1, Census Tract 9542, Washington County, Vermont","0","0","0"
"1000000US500239542001026","Block 1026, Block Group 1, Census Tract 9542, Washington County, Vermont","4","3","1"
"1000000US500239542001027","Block 1027, Block Group 1, Census Tract 9542, Washington County, Vermont","30","17","13"
"1000000US500239542001028","Block 1028, Block Group 1, Census Tract 9542, Washington County, Vermont","0","0","0"
"1000000US500239542001029","Block 1029, Block Group 1, Census Tract 9542, Washington County, Vermont","0","0","0"
"1000000US500239542001030","Block 1030, Block Group 1, Census Tract 9542, Washington County, Vermont","4","4","0"
"1000000US500239542001031","Block 1031, Block Group 1, Census Tract 9542, Washington County, Vermont","1","1","0"
"1000000US500239542001032","Block 1032, Block Group 1, Census Tract 9542, Washington County, Vermont","27","25","2"
"1000000US500239542001033","Block 1033, Block Group 1, Census Tract 9542, Washington County, Vermont","7","7","0"
"1000000US500239542001034","Block 1034, Block Group 1, Census Tract 9542, Washington County, Vermont","6","5","1"
"1000000US500239542001035","Block 1035, Block Group 1, Census Tract 9542, Washington County, Vermont","18","18","0"
"1000000US500239542001036","Block 1036, Block Group 1, Census Tract 9542, Washington County, Vermont","0","0","0"
"1000000US500239542001037","Block 1037, Block Group 1, Census Tract 9542, Washington County, Vermont","0","0","0"
"1000000US500239542001038","Block 1038, Block Group 1, Census Tract 9542, Washington County, Vermont","8","8","0"
"1000000US500239542001039","Block 1039, Block Group 1, Census Tract 9542, Washington County, Vermont","12","11","1"
"1000000US500239542001040","Block 1040, Block Group 1, Census Tract 9542, Washington County, Vermont","9","9","0"
"1000000US500239542001041","Block 1041, Block Group 1, Census Tract 9542, Washington County, Vermont","5","5","0"
"1000000US500239542001042","Block 1042, Block Group 1, Census Tract 9542, Washington County, Vermont","2","2","0"
"1000000US500239542001043","Block 1043, Block Group 1, Census Tract 9542, Washington County, Vermont","0","0","0"
"1000000US500239542001044","Block 1044, Block Group 1, Census Tract 9542, Washington County, Vermont","0","0","0"
"1000000US500239542001045","Block 1045, Block Group 1, Census Tract 9542, Washington County, Vermont","65","58","7"
"1000000US500239542001046","Block 1046, Block Group 1, Census Tract 9542, Washington County, Vermont","0","0","0"
"1000000US500239542001047","Block 1047, Block Group 1, Census Tract 9542, Washington County, Vermont","0","0","0"
"1000000US500239542001048","Block 1048, Block Group 1, Census Tract 9542, Washington County, Vermont","0","0","0"
"1000000US500239542001049","Block 1049, Block Group 1, Census Tract 9542, Washington County, Vermont","22","22","0"
"1000000US500239542001050","Block 1050, Block Group 1, Census Tract 9542, Washington County, Vermont","4","4","0"
"1000000US500239542002000","Block 2000, Block Group 2, Census Tract 9542, Washington County, Vermont","110","94","16"
"1000000US500239542002001","Block 2001, Block Group 2, Census Tract 9542, Washington County, Vermont","5","3","2"
"1000000US500239542002002","Block 2002, Block Group 2, Census Tract 9542, Washington County, Vermont","0","0","0"
"1000000US500239542002003","Block 2003, Block Group 2, Census Tract 9542, Washington County, Vermont","57","52","5"
"1000000US500239542002004","Block 2004, Block Group 2, Census Tract 9542, Washington County, Vermont","0","0","0"
"1000000US500239542002005","Block 2005, Block Group 2, Census Tract 9542, Washington County, Vermont","16","11","5"
"1000000US500239542002006","Block 2006, Block Group 2, Census Tract 9542, Washington County, Vermont","23","20","3"
"1000000US500239542002007","Block 2007, Block Group 2, Census Tract 9542, Washington County, Vermont","0","0","0"
"1000000US500239542002008","Block 2008, Block Group 2, Census Tract 9542, Washington County, Vermont","24","21","3"
"1000000US500239542002009","Block 2009, Block Group 2, Census Tract 9542, Washington County, Vermont","8","7","1"
"1000000US500239542002010","Block 2010, Block Group 2, Census Tract 9542, Washington County, Vermont","10","9","1"
"1000000US500239542002011","Block 2011, Block Group 2, Census Tract 9542, Washington County, Vermont","4","3","1"
"1000000US500239542002012","Block 2012, Block Group 2, Census Tract 9542, Washington County, Vermont","0","0","0"
"1000000US500239542002013","Block 2013, Block Group 2, Census Tract 9542, Washington County, Vermont","4","4","0"
"1000000US500239542002014","Block 2014, Block Group 2, Census Tract 9542, Washington County, Vermont","0","0","0"
"1000000US500239542002015","Block 2015, Block Group 2, Census Tract 9542, Washington County, Vermont","0","0","0"
"1000000US500239542002016","Block 2016, Block Group 2, Census Tract 9542, Washington County, Vermont","37","33","4"
"1000000US500239542002017","Block 2017, Block Group 2, Census Tract 9542, Washington County, Vermont","0","0","0"
"1000000US500239542002018","Block 2018, Block Group 2, Census Tract 9542, Washington County, Vermont","27","26","1"
"1000000US500239542002019","Block 2019, Block Group 2, Census Tract 9542, Washington County, Vermont","1","1","0"
"1000000US500239542002020","Block 2020, Block Group 2, Census Tract 9542, Washington County, Vermont","0","0","0"
"1000000US500239542002021","Block 2021, Block Group 2, Census Tract 9542, Washington County, Vermont","2","2","0"
"1000000US500239542002022","Block 2022, Block Group 2, Census Tract 9542, Washington County, Vermont","5","5","0"
"1000000US500239542002023","Block 2023, Block Group 2, Census Tract 9542, Washington County, Vermont","0","0","0"
"1000000US500239542002024","Block 2024, Block Group 2, Census Tract 9542, Washington County, Vermont","0","0","0"
"1000000US500239542002025","Block 2025, Block Group 2, Census Tract 9542, Washington County, Vermont","0","0","0"
"1000000US500239542002026","Block 2026, Block Group 2, Census Tract 9542, Washington County, Vermont","8","8","0"
"1000000US500239542002027","Block 2027, Block Group 2, Census Tract 9542, Washington County, Vermont","20","20","0"
"1000000US500239542002028","Block 2028, Block Group 2, Census Tract 9542, Washington County, Vermont","61","58","3"
"1000000US500239542002029","Block 2029, Block Group 2, Census Tract 9542, Washington County, Vermont","13","12","1"
"1000000US500239542002030","Block 2030, Block Group 2, Census Tract 9542, Washington County, Vermont","12","11","1"
"1000000US500239542002031","Block 2031, Block Group 2, Census Tract 9542, Washington County, Vermont","10","9","1"
"1000000US500239542002032","Block 2032, Block Group 2, Census Tract 9542, Washington County, Vermont","1","1","0"
"1000000US500239542002033","Block 2033, Block Group 2, Census Tract 9542, Washington County, Vermont","0","0","0"
"1000000US500239542002034","Block 2034, Block Group 2, Census Tract 9542, Washington County, Vermont","0","0","0"
"1000000US500239542002035","Block 2035, Block Group 2, Census Tract 9542, Washington County, Vermont","0","0","0"
"1000000US500239542002036","Block 2036, Block Group 2, Census Tract 9542, Washington County, Vermont","0","0","0"
"1000000US500239542002037","Block 2037, Block Group 2, Census Tract 9542, Washington County, Vermont","29","27","2"
"1000000US500239542002038","Block 2038, Block Group 2, Census Tract 9542, Washington County, Vermont","35","34","1"
"1000000US500239542002039","Block 2039, Block Group 2, Census Tract 9542, Washington County, Vermont","61","57","4"
"1000000US500239542002040","Block 2040, Block Group 2, Census Tract 9542, Washington County, Vermont","0","0","0"
"1000000US500239542002041","Block 2041, Block Group 2, Census Tract 9542, Washington County, Vermont","0","0","0"
"1000000US500239542002042","Block 2042, Block Group 2, Census Tract 9542, Washington County, Vermont","0","0","0"
"1000000US500239542002043","Block 2043, Block Group 2, Census Tract 9542, Washington County, Vermont","30","18","12"
"1000000US500239542002044","Block 2044, Block Group 2, Census Tract 9542, Washington County, Vermont","2","1","1"
"1000000US500239542002045","Block 2045, Block Group 2, Census Tract 9542, Washington County, Vermont","0","0","0"
"1000000US500239542002046","Block 2046, Block Group 2, Census Tract 9542, Washington County, Vermont","1","1","0"
"1000000US500239542002047","Block 2047, Block Group 2, Census Tract 9542, Washington County, Vermont","0","0","0"
"1000000US500239542002048","Block 2048, Block Group 2, Census Tract 9542, Washington County, Vermont","0","0","0"
"1000000US500239542002049","Block 2049, Block Group 2, Census Tract 9542, Washington County, Vermont","0","0","0"
"1000000US500239542002050","Block 2050, Block Group 2, Census Tract 9542, Washington County, Vermont","0","0","0"
"1000000US500239542002051","Block 2051, Block Group 2, Census Tract 9542, Washington County, Vermont","0","0","0"
"1000000US500239542002052","Block 2052, Block Group 2, Census Tract 9542, Washington County, Vermont","5","4","1"
"1000000US500239542002053","Block 2053, Block Group 2, Census Tract 9542, Washington County, Vermont","0","0","0"
"1000000US500239542002054","Block 2054, Block Group 2, Census Tract 9542, Washington County, Vermont","0","0","0"
"1000000US500239542002055","Block 2055, Block Group 2, Census Tract 9542, Washington County, Vermont","0","0","0"
"1000000US500239542002056","Block 2056, Block Group 2, Census Tract 9542, Washington County, Vermont","0","0","0"
"1000000US500239542002057","Block 2057, Block Group 2, Census Tract 9542, Washington County, Vermont","0","0","0"
"1000000US500239542002058","Block 2058, Block Group 2, Census Tract 9542, Washington County, Vermont","0","0","0"
"1000000US500239542002059","Block 2059, Block Group 2, Census Tract 9542, Washington County, Vermont","12","10","2"
"1000000US500239542002060","Block 2060, Block Group 2, Census Tract 9542, Washington County, Vermont","0","0","0"
"1000000US500239542002061","Block 2061, Block Group 2, Census Tract 9542, Washington County, Vermont","4","4","0"
"1000000US500239542002062","Block 2062, Block Group 2, Census Tract 9542, Washington County, Vermont","0","0","0"
"1000000US500239542002063","Block 2063, Block Group 2, Census Tract 9542, Washington County, Vermont","0","0","0"
"1000000US500239542002064","Block 2064, Block Group 2, Census Tract 9542, Washington County, Vermont","4","4","0"
"1000000US500239542002065","Block 2065, Block Group 2, Census Tract 9542, Washington County, Vermont","8","8","0"
"1000000US500239542002066","Block 2066, Block Group 2, Census Tract 9542, Washington County, Vermont","0","0","0"
"1000000US500239542002067","Block 2067, Block Group 2, Census Tract 9542, Washington County, Vermont","0","0","0"
"1000000US500239542002068","Block 2068, Block Group 2, Census Tract 9542, Washington County, Vermont","0","0","0"
"1000000US500239542002069","Block 2069, Block Group 2, Census Tract 9542, Washington County, Vermont","0","0","0"
"1000000US500239542002070","Block 2070, Block Group 2, Census Tract 9542, Washington County, Vermont","29","29","0"
"1000000US500239542002071","Block 2071, Block Group 2, Census Tract 9542, Washington County, Vermont","1","1","0"
"1000000US500239542002072","Block 2072, Block Group 2, Census Tract 9542, Washington County, Vermont","2","2","0"
"1000000US500239542002073","Block 2073, Block Group 2, Census Tract 9542, Washington County, Vermont","33","33","0"
"1000000US500239542002074","Block 2074, Block Group 2, Census Tract 9542, Washington County, Vermont","17","15","2"
"1000000US500239542002075","Block 2075, Block Group 2, Census Tract 9542, Washington County, Vermont","0","0","0"
"1000000US500239542002076","Block 2076, Block Group 2, Census Tract 9542, Washington County, Vermont","6","4","2"
"1000000US500239542002077","Block 2077, Block Group 2, Census Tract 9542, Washington County, Vermont","7","7","0"
"1000000US500239542002078","Block 2078, Block Group 2, Census Tract 9542, Washington County, Vermont","4","4","0"
"1000000US500239542002079","Block 2079, Block Group 2, Census Tract 9542, Washington County, Vermont","0","0","0"
"1000000US500239542002080","Block 2080, Block Group 2, Census Tract 9542, Washington County, Vermont","0","0","0"
"1000000US500239542002081","Block 2081, Block Group 2, Census Tract 9542, Washington County, Vermont","0","0","0"
"1000000US500239542002082","Block 2082, Block Group 2, Census Tract 9542, Washington County, Vermont","0","0","0"
"1000000US500239542002083","Block 2083, Block Group 2, Census Tract 9542, Washington County, Vermont","2","2","0"
"1000000US500239542002084","Block 2084, Block Group 2, Census Tract 9542, Washington County, Vermont","0","0","0"
"1000000US500239542002085","Block 2085, Block Group 2, Census Tract 9542, Washington County, Vermont","0","0","0"
"1000000US500239542002086","Block 2086, Block Group 2, Census Tract 9542, Washington County, Vermont","0","0","0"
"1000000US500239542002087","Block 2087, Block Group 2, Census Tract 9542, Washington County, Vermont","14","12","2"
"1000000US500239543001000","Block 1000, Block Group 1, Census Tract 9543, Washington County, Vermont","38","34","4"
"1000000US500239543001001","Block 1001, Block Group 1, Census Tract 9543, Washington County, Vermont","39","36","3"
"1000000US500239543001002","Block 1002, Block Group 1, Census Tract 9543, Washington County, Vermont","47","43","4"
"1000000US500239543001003","Block 1003, Block Group 1, Census Tract 9543, Washington County, Vermont","29","28","1"
"1000000US500239543001004","Block 1004, Block Group 1, Census Tract 9543, Washington County, Vermont","67","60","7"
"1000000US500239543001005","Block 1005, Block Group 1, Census Tract 9543, Washington County, Vermont","3","3","0"
"1000000US500239543001006","Block 1006, Block Group 1, Census Tract 9543, Washington County, Vermont","29","28","1"
"1000000US500239543001007","Block 1007, Block Group 1, Census Tract 9543, Washington County, Vermont","111","106","5"
"1000000US500239543001008","Block 1008, Block Group 1, Census Tract 9543, Washington County, Vermont","0","0","0"
"1000000US500239543001009","Block 1009, Block Group 1, Census Tract 9543, Washington County, Vermont","3","3","0"
"1000000US500239543001010","Block 1010, Block Group 1, Census Tract 9543, Washington County, Vermont","41","35","6"
"1000000US500239543001011","Block 1011, Block Group 1, Census Tract 9543, Washington County, Vermont","93","92","1"
"1000000US500239543001012","Block 1012, Block Group 1, Census Tract 9543, Washington County, Vermont","12","12","0"
"1000000US500239543001013","Block 1013, Block Group 1, Census Tract 9543, Washington County, Vermont","23","23","0"
"1000000US500239543001014","Block 1014, Block Group 1, Census Tract 9543, Washington County, Vermont","7","7","0"
"1000000US500239543001015","Block 1015, Block Group 1, Census Tract 9543, Washington County, Vermont","70","65","5"
"1000000US500239543001016","Block 1016, Block Group 1, Census Tract 9543, Washington County, Vermont","1","1","0"
"1000000US500239543001017","Block 1017, Block Group 1, Census Tract 9543, Washington County, Vermont","46","41","5"
"1000000US500239543001018","Block 1018, Block Group 1, Census Tract 9543, Washington County, Vermont","5","5","0"
"1000000US500239543001019","Block 1019, Block Group 1, Census Tract 9543, Washington County, Vermont","0","0","0"
"1000000US500239543001020","Block 1020, Block Group 1, Census Tract 9543, Washington County, Vermont","5","4","1"
"1000000US500239543001021","Block 1021, Block Group 1, Census Tract 9543, Washington County, Vermont","21","14","7"
"1000000US500239543001022","Block 1022, Block Group 1, Census Tract 9543, Washington County, Vermont","0","0","0"
"1000000US500239543001023","Block 1023, Block Group 1, Census Tract 9543, Washington County, Vermont","0","0","0"
"1000000US500239543001024","Block 1024, Block Group 1, Census Tract 9543, Washington County, Vermont","2","2","0"
"1000000US500239543001025","Block 1025, Block Group 1, Census Tract 9543, Washington County, Vermont","5","4","1"
"1000000US500239543001026","Block 1026, Block Group 1, Census Tract 9543, Washington County, Vermont","2","2","0"
"1000000US500239543001027","Block 1027, Block Group 1, Census Tract 9543, Washington County, Vermont","1","1","0"
"1000000US500239543001028","Block 1028, Block Group 1, Census Tract 9543, Washington County, Vermont","2","2","0"
"1000000US500239543001029","Block 1029, Block Group 1, Census Tract 9543, Washington County, Vermont","11","11","0"
"1000000US500239543001030","Block 1030, Block Group 1, Census Tract 9543, Washington County, Vermont","5","3","2"
"1000000US500239543001031","Block 1031, Block Group 1, Census Tract 9543, Washington County, Vermont","5","4","1"
"1000000US500239543001032","Block 1032, Block Group 1, Census Tract 9543, Washington County, Vermont","0","0","0"
"1000000US500239543001033","Block 1033, Block Group 1, Census Tract 9543, Washington County, Vermont","3","3","0"
"1000000US500239543001034","Block 1034, Block Group 1, Census Tract 9543, Washington County, Vermont","11","8","3"
"1000000US500239543001035","Block 1035, Block Group 1, Census Tract 9543, Washington County, Vermont","5","5","0"
"1000000US500239543001036","Block 1036, Block Group 1, Census Tract 9543, Washington County, Vermont","0","0","0"
"1000000US500239543001037","Block 1037, Block Group 1, Census Tract 9543, Washington County, Vermont","0","0","0"
"1000000US500239543001038","Block 1038, Block Group 1, Census Tract 9543, Washington County, Vermont","0","0","0"
"1000000US500239543001039","Block 1039, Block Group 1, Census Tract 9543, Washington County, Vermont","0","0","0"
"1000000US500239543001040","Block 1040, Block Group 1, Census Tract 9543, Washington County, Vermont","0","0","0"
"1000000US500239543001041","Block 1041, Block Group 1, Census Tract 9543, Washington County, Vermont","0","0","0"
"1000000US500239543001042","Block 1042, Block Group 1, Census Tract 9543, Washington County, Vermont","0","0","0"
"1000000US500239543001043","Block 1043, Block Group 1, Census Tract 9543, Washington County, Vermont","15","15","0"
"1000000US500239543001044","Block 1044, Block Group 1, Census Tract 9543, Washington County, Vermont","27","27","0"
"1000000US500239543001045","Block 1045, Block Group 1, Census Tract 9543, Washington County, Vermont","3","3","0"
"1000000US500239543001046","Block 1046, Block Group 1, Census Tract 9543, Washington County, Vermont","2","2","0"
"1000000US500239543001047","Block 1047, Block Group 1, Census Tract 9543, Washington County, Vermont","1","1","0"
"1000000US500239543001048","Block 1048, Block Group 1, Census Tract 9543, Washington County, Vermont","2","2","0"
"1000000US500239543002000","Block 2000, Block Group 2, Census Tract 9543, Washington County, Vermont","141","123","18"
"1000000US500239543002001","Block 2001, Block Group 2, Census Tract 9543, Washington County, Vermont","7","7","0"
"1000000US500239543002002","Block 2002, Block Group 2, Census Tract 9543, Washington County, Vermont","1","1","0"
"1000000US500239543002003","Block 2003, Block Group 2, Census Tract 9543, Washington County, Vermont","33","29","4"
"1000000US500239543002004","Block 2004, Block Group 2, Census Tract 9543, Washington County, Vermont","0","0","0"
"1000000US500239543002005","Block 2005, Block Group 2, Census Tract 9543, Washington County, Vermont","0","0","0"
"1000000US500239543002006","Block 2006, Block Group 2, Census Tract 9543, Washington County, Vermont","0","0","0"
"1000000US500239543002007","Block 2007, Block Group 2, Census Tract 9543, Washington County, Vermont","0","0","0"
"1000000US500239543002008","Block 2008, Block Group 2, Census Tract 9543, Washington County, Vermont","0","0","0"
"1000000US500239543002009","Block 2009, Block Group 2, Census Tract 9543, Washington County, Vermont","0","0","0"
"1000000US500239543002010","Block 2010, Block Group 2, Census Tract 9543, Washington County, Vermont","0","0","0"
"1000000US500239543002011","Block 2011, Block Group 2, Census Tract 9543, Washington County, Vermont","10","8","2"
"1000000US500239543002012","Block 2012, Block Group 2, Census Tract 9543, Washington County, Vermont","0","0","0"
"1000000US500239543002013","Block 2013, Block Group 2, Census Tract 9543, Washington County, Vermont","0","0","0"
"1000000US500239543002014","Block 2014, Block Group 2, Census Tract 9543, Washington County, Vermont","0","0","0"
"1000000US500239543002015","Block 2015, Block Group 2, Census Tract 9543, Washington County, Vermont","0","0","0"
"1000000US500239543002016","Block 2016, Block Group 2, Census Tract 9543, Washington County, Vermont","0","0","0"
"1000000US500239543002017","Block 2017, Block Group 2, Census Tract 9543, Washington County, Vermont","0","0","0"
"1000000US500239543002018","Block 2018, Block Group 2, Census Tract 9543, Washington County, Vermont","0","0","0"
"1000000US500239543002019","Block 2019, Block Group 2, Census Tract 9543, Washington County, Vermont","0","0","0"
"1000000US500239543002020","Block 2020, Block Group 2, Census Tract 9543, Washington County, Vermont","0","0","0"
"1000000US500239543002021","Block 2021, Block Group 2, Census Tract 9543, Washington County, Vermont","0","0","0"
"1000000US500239543002022","Block 2022, Block Group 2, Census Tract 9543, Washington County, Vermont","0","0","0"
"1000000US500239543002023","Block 2023, Block Group 2, Census Tract 9543, Washington County, Vermont","0","0","0"
"1000000US500239543002024","Block 2024, Block Group 2, Census Tract 9543, Washington County, Vermont","0","0","0"
"1000000US500239543002025","Block 2025, Block Group 2, Census Tract 9543, Washington County, Vermont","0","0","0"
"1000000US500239543002026","Block 2026, Block Group 2, Census Tract 9543, Washington County, Vermont","0","0","0"
"1000000US500239543002027","Block 2027, Block Group 2, Census Tract 9543, Washington County, Vermont","0","0","0"
"1000000US500239543002028","Block 2028, Block Group 2, Census Tract 9543, Washington County, Vermont","0","0","0"
"1000000US500239543002029","Block 2029, Block Group 2, Census Tract 9543, Washington County, Vermont","0","0","0"
"1000000US500239543002030","Block 2030, Block Group 2, Census Tract 9543, Washington County, Vermont","0","0","0"
"1000000US500239543002031","Block 2031, Block Group 2, Census Tract 9543, Washington County, Vermont","0","0","0"
"1000000US500239543002032","Block 2032, Block Group 2, Census Tract 9543, Washington County, Vermont","0","0","0"
"1000000US500239543002033","Block 2033, Block Group 2, Census Tract 9543, Washington County, Vermont","1","1","0"
"1000000US500239543002034","Block 2034, Block Group 2, Census Tract 9543, Washington County, Vermont","0","0","0"
"1000000US500239543002035","Block 2035, Block Group 2, Census Tract 9543, Washington County, Vermont","0","0","0"
"1000000US500239543002036","Block 2036, Block Group 2, Census Tract 9543, Washington County, Vermont","0","0","0"
"1000000US500239543002037","Block 2037, Block Group 2, Census Tract 9543, Washington County, Vermont","0","0","0"
"1000000US500239543002038","Block 2038, Block Group 2, Census Tract 9543, Washington County, Vermont","0","0","0"
"1000000US500239543002039","Block 2039, Block Group 2, Census Tract 9543, Washington County, Vermont","0","0","0"
"1000000US500239543002040","Block 2040, Block Group 2, Census Tract 9543, Washington County, Vermont","0","0","0"
"1000000US500239543002041","Block 2041, Block Group 2, Census Tract 9543, Washington County, Vermont","0","0","0"
"1000000US500239543002042","Block 2042, Block Group 2, Census Tract 9543, Washington County, Vermont","0","0","0"
"1000000US500239543002043","Block 2043, Block Group 2, Census Tract 9543, Washington County, Vermont","0","0","0"
"1000000US500239543002044","Block 2044, Block Group 2, Census Tract 9543, Washington County, Vermont","0","0","0"
"1000000US500239543002045","Block 2045, Block Group 2, Census Tract 9543, Washington County, Vermont","0","0","0"
"1000000US500239543002046","Block 2046, Block Group 2, Census Tract 9543, Washington County, Vermont","0","0","0"
"1000000US500239543002047","Block 2047, Block Group 2, Census Tract 9543, Washington County, Vermont","0","0","0"
"1000000US500239543002048","Block 2048, Block Group 2, Census Tract 9543, Washington County, Vermont","0","0","0"
"1000000US500239543002049","Block 2049, Block Group 2, Census Tract 9543, Washington County, Vermont","0","0","0"
"1000000US500239543002050","Block 2050, Block Group 2, Census Tract 9543, Washington County, Vermont","0","0","0"
"1000000US500239543002051","Block 2051, Block Group 2, Census Tract 9543, Washington County, Vermont","0","0","0"
"1000000US500239543002052","Block 2052, Block Group 2, Census Tract 9543, Washington County, Vermont","0","0","0"
"1000000US500239543002053","Block 2053, Block Group 2, Census Tract 9543, Washington County, Vermont","0","0","0"
"1000000US500239543002054","Block 2054, Block Group 2, Census Tract 9543, Washington County, Vermont","7","3","4"
"1000000US500239543002055","Block 2055, Block Group 2, Census Tract 9543, Washington County, Vermont","0","0","0"
"1000000US500239543002056","Block 2056, Block Group 2, Census Tract 9543, Washington County, Vermont","0","0","0"
"1000000US500239543002057","Block 2057, Block Group 2, Census Tract 9543, Washington County, Vermont","0","0","0"
"1000000US500239543002058","Block 2058, Block Group 2, Census Tract 9543, Washington County, Vermont","0","0","0"
"1000000US500239543002059","Block 2059, Block Group 2, Census Tract 9543, Washington County, Vermont","0","0","0"
"1000000US500239543002060","Block 2060, Block Group 2, Census Tract 9543, Washington County, Vermont","0","0","0"
"1000000US500239543002061","Block 2061, Block Group 2, Census Tract 9543, Washington County, Vermont","0","0","0"
"1000000US500239543002062","Block 2062, Block Group 2, Census Tract 9543, Washington County, Vermont","3","3","0"
"1000000US500239543002063","Block 2063, Block Group 2, Census Tract 9543, Washington County, Vermont","0","0","0"
"1000000US500239543002064","Block 2064, Block Group 2, Census Tract 9543, Washington County, Vermont","176","162","14"
"1000000US500239543002065","Block 2065, Block Group 2, Census Tract 9543, Washington County, Vermont","0","0","0"
"1000000US500239543002066","Block 2066, Block Group 2, Census Tract 9543, Washington County, Vermont","0","0","0"
"1000000US500239543002067","Block 2067, Block Group 2, Census Tract 9543, Washington County, Vermont","4","3","1"
"1000000US500239543002068","Block 2068, Block Group 2, Census Tract 9543, Washington County, Vermont","19","19","0"
"1000000US500239543002069","Block 2069, Block Group 2, Census Tract 9543, Washington County, Vermont","8","8","0"
"1000000US500239543002070","Block 2070, Block Group 2, Census Tract 9543, Washington County, Vermont","5","4","1"
"1000000US500239543002071","Block 2071, Block Group 2, Census Tract 9543, Washington County, Vermont","0","0","0"
"1000000US500239543002072","Block 2072, Block Group 2, Census Tract 9543, Washington County, Vermont","2","2","0"
"1000000US500239543002073","Block 2073, Block Group 2, Census Tract 9543, Washington County, Vermont","37","34","3"
"1000000US500239543002074","Block 2074, Block Group 2, Census Tract 9543, Washington County, Vermont","6","5","1"
"1000000US500239543002075","Block 2075, Block Group 2, Census Tract 9543, Washington County, Vermont","1","1","0"
"1000000US500239543002076","Block 2076, Block Group 2, Census Tract 9543, Washington County, Vermont","39","34","5"
"1000000US500239543002077","Block 2077, Block Group 2, Census Tract 9543, Washington County, Vermont","0","0","0"
"1000000US500239543002078","Block 2078, Block Group 2, Census Tract 9543, Washington County, Vermont","18","16","2"
"1000000US500239543002079","Block 2079, Block Group 2, Census Tract 9543, Washington County, Vermont","0","0","0"
"1000000US500239543002080","Block 2080, Block Group 2, Census Tract 9543, Washington County, Vermont","56","52","4"
"1000000US500239543002081","Block 2081, Block Group 2, Census Tract 9543, Washington County, Vermont","10","10","0"
"1000000US500239543002082","Block 2082, Block Group 2, Census Tract 9543, Washington County, Vermont","4","4","0"
"1000000US500239543002083","Block 2083, Block Group 2, Census Tract 9543, Washington County, Vermont","4","4","0"
"1000000US500239543002084","Block 2084, Block Group 2, Census Tract 9543, Washington County, Vermont","0","0","0"
"1000000US500239543002085","Block 2085, Block Group 2, Census Tract 9543, Washington County, Vermont","0","0","0"
"1000000US500239543002086","Block 2086, Block Group 2, Census Tract 9543, Washington County, Vermont","0","0","0"
"1000000US500239543002087","Block 2087, Block Group 2, Census Tract 9543, Washington County, Vermont","0","0","0"
"1000000US500239543002088","Block 2088, Block Group 2, Census Tract 9543, Washington County, Vermont","0","0","0"
"1000000US500239543002089","Block 2089, Block Group 2, Census Tract 9543, Washington County, Vermont","0","0","0"
"1000000US500239543002090","Block 2090, Block Group 2, Census Tract 9543, Washington County, Vermont","65","62","3"
"1000000US500239543002091","Block 2091, Block Group 2, Census Tract 9543, Washington County, Vermont","4","4","0"
"1000000US500239543002092","Block 2092, Block Group 2, Census Tract 9543, Washington County, Vermont","14","13","1"
"1000000US500239543002093","Block 2093, Block Group 2, Census Tract 9543, Washington County, Vermont","2","2","0"
"1000000US500239543002094","Block 2094, Block Group 2, Census Tract 9543, Washington County, Vermont","1","1","0"
"1000000US500239543002095","Block 2095, Block Group 2, Census Tract 9543, Washington County, Vermont","2","2","0"
"1000000US500239543002096","Block 2096, Block Group 2, Census Tract 9543, Washington County, Vermont","0","0","0"
"1000000US500239543002097","Block 2097, Block Group 2, Census Tract 9543, Washington County, Vermont","0","0","0"
"1000000US500239543002098","Block 2098, Block Group 2, Census Tract 9543, Washington County, Vermont","0","0","0"
"1000000US500239543002099","Block 2099, Block Group 2, Census Tract 9543, Washington County, Vermont","0","0","0"
"1000000US500239543002100","Block 2100, Block Group 2, Census Tract 9543, Washington County, Vermont","0","0","0"
"1000000US500239543002101","Block 2101, Block Group 2, Census Tract 9543, Washington County, Vermont","115","108","7"
"1000000US500239543002102","Block 2102, Block Group 2, Census Tract 9543, Washington County, Vermont","1","1","0"
"1000000US500239543002103","Block 2103, Block Group 2, Census Tract 9543, Washington County, Vermont","17","17","0"
"1000000US500239543002104","Block 2104, Block Group 2, Census Tract 9543, Washington County, Vermont","0","0","0"
"1000000US500239543002105","Block 2105, Block Group 2, Census Tract 9543, Washington County, Vermont","0","0","0"
"1000000US500239543002106","Block 2106, Block Group 2, Census Tract 9543, Washington County, Vermont","3","3","0"
"1000000US500239543002107","Block 2107, Block Group 2, Census Tract 9543, Washington County, Vermont","4","4","0"
"1000000US500239543002108","Block 2108, Block Group 2, Census Tract 9543, Washington County, Vermont","0","0","0"
"1000000US500239543002109","Block 2109, Block Group 2, Census Tract 9543, Washington County, Vermont","0","0","0"
"1000000US500239543002110","Block 2110, Block Group 2, Census Tract 9543, Washington County, Vermont","0","0","0"
"1000000US500239543002111","Block 2111, Block Group 2, Census Tract 9543, Washington County, Vermont","0","0","0"
"1000000US500239543002112","Block 2112, Block Group 2, Census Tract 9543, Washington County, Vermont","1","1","0"
"1000000US500239543003000","Block 3000, Block Group 3, Census Tract 9543, Washington County, Vermont","0","0","0"
"1000000US500239543003001","Block 3001, Block Group 3, Census Tract 9543, Washington County, Vermont","0","0","0"
"1000000US500239543003002","Block 3002, Block Group 3, Census Tract 9543, Washington County, Vermont","36","35","1"
"1000000US500239543003003","Block 3003, Block Group 3, Census Tract 9543, Washington County, Vermont","1","1","0"
"1000000US500239543003004","Block 3004, Block Group 3, Census Tract 9543, Washington County, Vermont","4","4","0"
"1000000US500239543003005","Block 3005, Block Group 3, Census Tract 9543, Washington County, Vermont","0","0","0"
"1000000US500239543003006","Block 3006, Block Group 3, Census Tract 9543, Washington County, Vermont","0","0","0"
"1000000US500239543003007","Block 3007, Block Group 3, Census Tract 9543, Washington County, Vermont","0","0","0"
"1000000US500239543003008","Block 3008, Block Group 3, Census Tract 9543, Washington County, Vermont","15","15","0"
"1000000US500239543003009","Block 3009, Block Group 3, Census Tract 9543, Washington County, Vermont","8","8","0"
"1000000US500239543003010","Block 3010, Block Group 3, Census Tract 9543, Washington County, Vermont","0","0","0"
"1000000US500239543003011","Block 3011, Block Group 3, Census Tract 9543, Washington County, Vermont","0","0","0"
"1000000US500239543003012","Block 3012, Block Group 3, Census Tract 9543, Washington County, Vermont","16","16","0"
"1000000US500239543003013","Block 3013, Block Group 3, Census Tract 9543, Washington County, Vermont","9","8","1"
"1000000US500239543003014","Block 3014, Block Group 3, Census Tract 9543, Washington County, Vermont","0","0","0"
"1000000US500239543003015","Block 3015, Block Group 3, Census Tract 9543, Washington County, Vermont","3","3","0"
"1000000US500239543003016","Block 3016, Block Group 3, Census Tract 9543, Washington County, Vermont","25","23","2"
"1000000US500239543003017","Block 3017, Block Group 3, Census Tract 9543, Washington County, Vermont","15","15","0"
"1000000US500239543003018","Block 3018, Block Group 3, Census Tract 9543, Washington County, Vermont","0","0","0"
"1000000US500239543003019","Block 3019, Block Group 3, Census Tract 9543, Washington County, Vermont","0","0","0"
"1000000US500239543003020","Block 3020, Block Group 3, Census Tract 9543, Washington County, Vermont","0","0","0"
"1000000US500239543003021","Block 3021, Block Group 3, Census Tract 9543, Washington County, Vermont","0","0","0"
"1000000US500239543003022","Block 3022, Block Group 3, Census Tract 9543, Washington County, Vermont","0","0","0"
"1000000US500239543003023","Block 3023, Block Group 3, Census Tract 9543, Washington County, Vermont","1","1","0"
"1000000US500239543003024","Block 3024, Block Group 3, Census Tract 9543, Washington County, Vermont","4","4","0"
"1000000US500239543003025","Block 3025, Block Group 3, Census Tract 9543, Washington County, Vermont","11","10","1"
"1000000US500239543003026","Block 3026, Block Group 3, Census Tract 9543, Washington County, Vermont","0","0","0"
"1000000US500239543003027","Block 3027, Block Group 3, Census Tract 9543, Washington County, Vermont","0","0","0"
"1000000US500239543003028","Block 3028, Block Group 3, Census Tract 9543, Washington County, Vermont","28","26","2"
"1000000US500239543003029","Block 3029, Block Group 3, Census Tract 9543, Washington County, Vermont","14","13","1"
"1000000US500239543003030","Block 3030, Block Group 3, Census Tract 9543, Washington County, Vermont","31","29","2"
"1000000US500239543003031","Block 3031, Block Group 3, Census Tract 9543, Washington County, Vermont","68","63","5"
"1000000US500239543003032","Block 3032, Block Group 3, Census Tract 9543, Washington County, Vermont","23","23","0"
"1000000US500239543003033","Block 3033, Block Group 3, Census Tract 9543, Washington County, Vermont","0","0","0"
"1000000US500239543003034","Block 3034, Block Group 3, Census Tract 9543, Washington County, Vermont","0","0","0"
"1000000US500239543003035","Block 3035, Block Group 3, Census Tract 9543, Washington County, Vermont","1","0","1"
"1000000US500239543003036","Block 3036, Block Group 3, Census Tract 9543, Washington County, Vermont","0","0","0"
"1000000US500239543003037","Block 3037, Block Group 3, Census Tract 9543, Washington County, Vermont","0","0","0"
"1000000US500239543003038","Block 3038, Block Group 3, Census Tract 9543, Washington County, Vermont","0","0","0"
"1000000US500239543004000","Block 4000, Block Group 4, Census Tract 9543, Washington County, Vermont","32","31","1"
"1000000US500239543004001","Block 4001, Block Group 4, Census Tract 9543, Washington County, Vermont","0","0","0"
"1000000US500239543004002","Block 4002, Block Group 4, Census Tract 9543, Washington County, Vermont","4","3","1"
"1000000US500239543004003","Block 4003, Block Group 4, Census Tract 9543, Washington County, Vermont","8","8","0"
"1000000US500239543004004","Block 4004, Block Group 4, Census Tract 9543, Washington County, Vermont","37","35","2"
"1000000US500239543004005","Block 4005, Block Group 4, Census Tract 9543, Washington County, Vermont","4","4","0"
"1000000US500239543004006","Block 4006, Block Group 4, Census Tract 9543, Washington County, Vermont","0","0","0"
"1000000US500239543004007","Block 4007, Block Group 4, Census Tract 9543, Washington County, Vermont","43","42","1"
"1000000US500239543004008","Block 4008, Block Group 4, Census Tract 9543, Washington County, Vermont","3","3","0"
"1000000US500239543004009","Block 4009, Block Group 4, Census Tract 9543, Washington County, Vermont","3","3","0"
"1000000US500239543004010","Block 4010, Block Group 4, Census Tract 9543, Washington County, Vermont","9","9","0"
"1000000US500239543004011","Block 4011, Block Group 4, Census Tract 9543, Washington County, Vermont","94","85","9"
"1000000US500239543004012","Block 4012, Block Group 4, Census Tract 9543, Washington County, Vermont","1","1","0"
"1000000US500239543004013","Block 4013, Block Group 4, Census Tract 9543, Washington County, Vermont","63","60","3"
"1000000US500239543004014","Block 4014, Block Group 4, Census Tract 9543, Washington County, Vermont","0","0","0"
"1000000US500239543004015","Block 4015, Block Group 4, Census Tract 9543, Washington County, Vermont","43","34","9"
"1000000US500239543004016","Block 4016, Block Group 4, Census Tract 9543, Washington County, Vermont","11","11","0"
"1000000US500239543004017","Block 4017, Block Group 4, Census Tract 9543, Washington County, Vermont","0","0","0"
"1000000US500239543004018","Block 4018, Block Group 4, Census Tract 9543, Washington County, Vermont","8","8","0"
"1000000US500239543004019","Block 4019, Block Group 4, Census Tract 9543, Washington County, Vermont","0","0","0"
"1000000US500239543004020","Block 4020, Block Group 4, Census Tract 9543, Washington County, Vermont","0","0","0"
"1000000US500239543004021","Block 4021, Block Group 4, Census Tract 9543, Washington County, Vermont","0","0","0"
"1000000US500239543004022","Block 4022, Block Group 4, Census Tract 9543, Washington County, Vermont","2","2","0"
"1000000US500239543004023","Block 4023, Block Group 4, Census Tract 9543, Washington County, Vermont","23","22","1"
"1000000US500239543004024","Block 4024, Block Group 4, Census Tract 9543, Washington County, Vermont","58","52","6"
"1000000US500239543004025","Block 4025, Block Group 4, Census Tract 9543, Washington County, Vermont","1","1","0"
"1000000US500239543004026","Block 4026, Block Group 4, Census Tract 9543, Washington County, Vermont","4","4","0"
"1000000US500239543004027","Block 4027, Block Group 4, Census Tract 9543, Washington County, Vermont","0","0","0"
"1000000US500239543004028","Block 4028, Block Group 4, Census Tract 9543, Washington County, Vermont","0","0","0"
"1000000US500239543004029","Block 4029, Block Group 4, Census Tract 9543, Washington County, Vermont","6","4","2"
"1000000US500239543004030","Block 4030, Block Group 4, Census Tract 9543, Washington County, Vermont","0","0","0"
"1000000US500239543004031","Block 4031, Block Group 4, Census Tract 9543, Washington County, Vermont","0","0","0"
"1000000US500239543004032","Block 4032, Block Group 4, Census Tract 9543, Washington County, Vermont","0","0","0"
"1000000US500239543004033","Block 4033, Block Group 4, Census Tract 9543, Washington County, Vermont","2","2","0"
"1000000US500239544001000","Block 1000, Block Group 1, Census Tract 9544, Washington County, Vermont","0","0","0"
"1000000US500239544001001","Block 1001, Block Group 1, Census Tract 9544, Washington County, Vermont","0","0","0"
"1000000US500239544001002","Block 1002, Block Group 1, Census Tract 9544, Washington County, Vermont","0","0","0"
"1000000US500239544001003","Block 1003, Block Group 1, Census Tract 9544, Washington County, Vermont","0","0","0"
"1000000US500239544001004","Block 1004, Block Group 1, Census Tract 9544, Washington County, Vermont","3","2","1"
"1000000US500239544001005","Block 1005, Block Group 1, Census Tract 9544, Washington County, Vermont","0","0","0"
"1000000US500239544001006","Block 1006, Block Group 1, Census Tract 9544, Washington County, Vermont","12","12","0"
"1000000US500239544001007","Block 1007, Block Group 1, Census Tract 9544, Washington County, Vermont","3","3","0"
"1000000US500239544001008","Block 1008, Block Group 1, Census Tract 9544, Washington County, Vermont","0","0","0"
"1000000US500239544001009","Block 1009, Block Group 1, Census Tract 9544, Washington County, Vermont","3","3","0"
"1000000US500239544001010","Block 1010, Block Group 1, Census Tract 9544, Washington County, Vermont","125","104","21"
"1000000US500239544001011","Block 1011, Block Group 1, Census Tract 9544, Washington County, Vermont","1","0","1"
"1000000US500239544001012","Block 1012, Block Group 1, Census Tract 9544, Washington County, Vermont","1","1","0"
"1000000US500239544001013","Block 1013, Block Group 1, Census Tract 9544, Washington County, Vermont","0","0","0"
"1000000US500239544001014","Block 1014, Block Group 1, Census Tract 9544, Washington County, Vermont","1","1","0"
"1000000US500239544001015","Block 1015, Block Group 1, Census Tract 9544, Washington County, Vermont","0","0","0"
"1000000US500239544001016","Block 1016, Block Group 1, Census Tract 9544, Washington County, Vermont","2","1","1"
"1000000US500239544001017","Block 1017, Block Group 1, Census Tract 9544, Washington County, Vermont","3","3","0"
"1000000US500239544001018","Block 1018, Block Group 1, Census Tract 9544, Washington County, Vermont","0","0","0"
"1000000US500239544001019","Block 1019, Block Group 1, Census Tract 9544, Washington County, Vermont","11","10","1"
"1000000US500239544001020","Block 1020, Block Group 1, Census Tract 9544, Washington County, Vermont","0","0","0"
"1000000US500239544001021","Block 1021, Block Group 1, Census Tract 9544, Washington County, Vermont","0","0","0"
"1000000US500239544001022","Block 1022, Block Group 1, Census Tract 9544, Washington County, Vermont","12","11","1"
"1000000US500239544001023","Block 1023, Block Group 1, Census Tract 9544, Washington County, Vermont","17","17","0"
"1000000US500239544001024","Block 1024, Block Group 1, Census Tract 9544, Washington County, Vermont","0","0","0"
"1000000US500239544001025","Block 1025, Block Group 1, Census Tract 9544, Washington County, Vermont","0","0","0"
"1000000US500239544001026","Block 1026, Block Group 1, Census Tract 9544, Washington County, Vermont","2","2","0"
"1000000US500239544001027","Block 1027, Block Group 1, Census Tract 9544, Washington County, Vermont","5","4","1"
"1000000US500239544001028","Block 1028, Block Group 1, Census Tract 9544, Washington County, Vermont","1","1","0"
"1000000US500239544001029","Block 1029, Block Group 1, Census Tract 9544, Washington County, Vermont","6","5","1"
"1000000US500239544001030","Block 1030, Block Group 1, Census Tract 9544, Washington County, Vermont","0","0","0"
"1000000US500239544001031","Block 1031, Block Group 1, Census Tract 9544, Washington County, Vermont","0","0","0"
"1000000US500239544001032","Block 1032, Block Group 1, Census Tract 9544, Washington County, Vermont","0","0","0"
"1000000US500239544001033","Block 1033, Block Group 1, Census Tract 9544, Washington County, Vermont","79","66","13"
"1000000US500239544001034","Block 1034, Block Group 1, Census Tract 9544, Washington County, Vermont","6","6","0"
"1000000US500239544001035","Block 1035, Block Group 1, Census Tract 9544, Washington County, Vermont","0","0","0"
"1000000US500239544001036","Block 1036, Block Group 1, Census Tract 9544, Washington County, Vermont","0","0","0"
"1000000US500239544001037","Block 1037, Block Group 1, Census Tract 9544, Washington County, Vermont","0","0","0"
"1000000US500239544001038","Block 1038, Block Group 1, Census Tract 9544, Washington County, Vermont","14","11","3"
"1000000US500239544001039","Block 1039, Block Group 1, Census Tract 9544, Washington County, Vermont","1","1","0"
"1000000US500239544001040","Block 1040, Block Group 1, Census Tract 9544, Washington County, Vermont","0","0","0"
"1000000US500239544001041","Block 1041, Block Group 1, Census Tract 9544, Washington County, Vermont","30","26","4"
"1000000US500239544001042","Block 1042, Block Group 1, Census Tract 9544, Washington County, Vermont","3","3","0"
"1000000US500239544001043","Block 1043, Block Group 1, Census Tract 9544, Washington County, Vermont","41","31","10"
"1000000US500239544001044","Block 1044, Block Group 1, Census Tract 9544, Washington County, Vermont","15","11","4"
"1000000US500239544001045","Block 1045, Block Group 1, Census Tract 9544, Washington County, Vermont","46","43","3"
"1000000US500239544001046","Block 1046, Block Group 1, Census Tract 9544, Washington County, Vermont","18","16","2"
"1000000US500239544001047","Block 1047, Block Group 1, Census Tract 9544, Washington County, Vermont","0","0","0"
"1000000US500239544001048","Block 1048, Block Group 1, Census Tract 9544, Washington County, Vermont","1","1","0"
"1000000US500239544001049","Block 1049, Block Group 1, Census Tract 9544, Washington County, Vermont","8","7","1"
"1000000US500239544001050","Block 1050, Block Group 1, Census Tract 9544, Washington County, Vermont","6","6","0"
"1000000US500239544001051","Block 1051, Block Group 1, Census Tract 9544, Washington County, Vermont","0","0","0"
"1000000US500239544001052","Block 1052, Block Group 1, Census Tract 9544, Washington County, Vermont","0","0","0"
"1000000US500239544001053","Block 1053, Block Group 1, Census Tract 9544, Washington County, Vermont","0","0","0"
"1000000US500239544001054","Block 1054, Block Group 1, Census Tract 9544, Washington County, Vermont","4","4","0"
"1000000US500239544001055","Block 1055, Block Group 1, Census Tract 9544, Washington County, Vermont","4","2","2"
"1000000US500239544001056","Block 1056, Block Group 1, Census Tract 9544, Washington County, Vermont","0","0","0"
"1000000US500239544001057","Block 1057, Block Group 1, Census Tract 9544, Washington County, Vermont","0","0","0"
"1000000US500239544001058","Block 1058, Block Group 1, Census Tract 9544, Washington County, Vermont","3","2","1"
"1000000US500239544001059","Block 1059, Block Group 1, Census Tract 9544, Washington County, Vermont","4","3","1"
"1000000US500239544001060","Block 1060, Block Group 1, Census Tract 9544, Washington County, Vermont","0","0","0"
"1000000US500239544001061","Block 1061, Block Group 1, Census Tract 9544, Washington County, Vermont","1","1","0"
"1000000US500239544001062","Block 1062, Block Group 1, Census Tract 9544, Washington County, Vermont","1","1","0"
"1000000US500239544001063","Block 1063, Block Group 1, Census Tract 9544, Washington County, Vermont","0","0","0"
"1000000US500239544001064","Block 1064, Block Group 1, Census Tract 9544, Washington County, Vermont","0","0","0"
"1000000US500239544001065","Block 1065, Block Group 1, Census Tract 9544, Washington County, Vermont","9","8","1"
"1000000US500239544001066","Block 1066, Block Group 1, Census Tract 9544, Washington County, Vermont","0","0","0"
"1000000US500239544001067","Block 1067, Block Group 1, Census Tract 9544, Washington County, Vermont","1","1","0"
"1000000US500239544002000","Block 2000, Block Group 2, Census Tract 9544, Washington County, Vermont","0","0","0"
"1000000US500239544002001","Block 2001, Block Group 2, Census Tract 9544, Washington County, Vermont","21","16","5"
"1000000US500239544002002","Block 2002, Block Group 2, Census Tract 9544, Washington County, Vermont","0","0","0"
"1000000US500239544002003","Block 2003, Block Group 2, Census Tract 9544, Washington County, Vermont","15","15","0"
"1000000US500239544002004","Block 2004, Block Group 2, Census Tract 9544, Washington County, Vermont","22","21","1"
"1000000US500239544002005","Block 2005, Block Group 2, Census Tract 9544, Washington County, Vermont","5","5","0"
"1000000US500239544002006","Block 2006, Block Group 2, Census Tract 9544, Washington County, Vermont","0","0","0"
"1000000US500239544002007","Block 2007, Block Group 2, Census Tract 9544, Washington County, Vermont","0","0","0"
"1000000US500239544002008","Block 2008, Block Group 2, Census Tract 9544, Washington County, Vermont","0","0","0"
"1000000US500239544002009","Block 2009, Block Group 2, Census Tract 9544, Washington County, Vermont","8","8","0"
"1000000US500239544002010","Block 2010, Block Group 2, Census Tract 9544, Washington County, Vermont","4","3","1"
"1000000US500239544002011","Block 2011, Block Group 2, Census Tract 9544, Washington County, Vermont","16","15","1"
"1000000US500239544002012","Block 2012, Block Group 2, Census Tract 9544, Washington County, Vermont","7","7","0"
"1000000US500239544002013","Block 2013, Block Group 2, Census Tract 9544, Washington County, Vermont","15","14","1"
"1000000US500239544002014","Block 2014, Block Group 2, Census Tract 9544, Washington County, Vermont","3","2","1"
"1000000US500239544002015","Block 2015, Block Group 2, Census Tract 9544, Washington County, Vermont","27","25","2"
"1000000US500239544002016","Block 2016, Block Group 2, Census Tract 9544, Washington County, Vermont","2","2","0"
"1000000US500239544002017","Block 2017, Block Group 2, Census Tract 9544, Washington County, Vermont","2","2","0"
"1000000US500239544002018","Block 2018, Block Group 2, Census Tract 9544, Washington County, Vermont","47","42","5"
"1000000US500239544002019","Block 2019, Block Group 2, Census Tract 9544, Washington County, Vermont","4","4","0"
"1000000US500239544002020","Block 2020, Block Group 2, Census Tract 9544, Washington County, Vermont","4","4","0"
"1000000US500239544002021","Block 2021, Block Group 2, Census Tract 9544, Washington County, Vermont","0","0","0"
"1000000US500239544002022","Block 2022, Block Group 2, Census Tract 9544, Washington County, Vermont","2","2","0"
"1000000US500239544002023","Block 2023, Block Group 2, Census Tract 9544, Washington County, Vermont","0","0","0"
"1000000US500239544002024","Block 2024, Block Group 2, Census Tract 9544, Washington County, Vermont","0","0","0"
"1000000US500239544002025","Block 2025, Block Group 2, Census Tract 9544, Washington County, Vermont","0","0","0"
"1000000US500239544002026","Block 2026, Block Group 2, Census Tract 9544, Washington County, Vermont","0","0","0"
"1000000US500239544002027","Block 2027, Block Group 2, Census Tract 9544, Washington County, Vermont","0","0","0"
"1000000US500239544002028","Block 2028, Block Group 2, Census Tract 9544, Washington County, Vermont","42","37","5"
"1000000US500239544002029","Block 2029, Block Group 2, Census Tract 9544, Washington County, Vermont","0","0","0"
"1000000US500239544002030","Block 2030, Block Group 2, Census Tract 9544, Washington County, Vermont","0","0","0"
"1000000US500239544002031","Block 2031, Block Group 2, Census Tract 9544, Washington County, Vermont","2","1","1"
"1000000US500239544002032","Block 2032, Block Group 2, Census Tract 9544, Washington County, Vermont","0","0","0"
"1000000US500239544002033","Block 2033, Block Group 2, Census Tract 9544, Washington County, Vermont","0","0","0"
"1000000US500239544002034","Block 2034, Block Group 2, Census Tract 9544, Washington County, Vermont","0","0","0"
"1000000US500239544002035","Block 2035, Block Group 2, Census Tract 9544, Washington County, Vermont","0","0","0"
"1000000US500239544002036","Block 2036, Block Group 2, Census Tract 9544, Washington County, Vermont","0","0","0"
"1000000US500239544002037","Block 2037, Block Group 2, Census Tract 9544, Washington County, Vermont","6","5","1"
"1000000US500239544002038","Block 2038, Block Group 2, Census Tract 9544, Washington County, Vermont","0","0","0"
"1000000US500239544002039","Block 2039, Block Group 2, Census Tract 9544, Washington County, Vermont","5","5","0"
"1000000US500239544002040","Block 2040, Block Group 2, Census Tract 9544, Washington County, Vermont","20","18","2"
"1000000US500239544002041","Block 2041, Block Group 2, Census Tract 9544, Washington County, Vermont","2","2","0"
"1000000US500239544002042","Block 2042, Block Group 2, Census Tract 9544, Washington County, Vermont","0","0","0"
"1000000US500239544002043","Block 2043, Block Group 2, Census Tract 9544, Washington County, Vermont","0","0","0"
"1000000US500239544002044","Block 2044, Block Group 2, Census Tract 9544, Washington County, Vermont","5","3","2"
"1000000US500239544002045","Block 2045, Block Group 2, Census Tract 9544, Washington County, Vermont","0","0","0"
"1000000US500239544002046","Block 2046, Block Group 2, Census Tract 9544, Washington County, Vermont","0","0","0"
"1000000US500239544002047","Block 2047, Block Group 2, Census Tract 9544, Washington County, Vermont","0","0","0"
"1000000US500239544002048","Block 2048, Block Group 2, Census Tract 9544, Washington County, Vermont","6","6","0"
"1000000US500239544002049","Block 2049, Block Group 2, Census Tract 9544, Washington County, Vermont","2","2","0"
"1000000US500239544003000","Block 3000, Block Group 3, Census Tract 9544, Washington County, Vermont","0","0","0"
"1000000US500239544003001","Block 3001, Block Group 3, Census Tract 9544, Washington County, Vermont","0","0","0"
"1000000US500239544003002","Block 3002, Block Group 3, Census Tract 9544, Washington County, Vermont","0","0","0"
"1000000US500239544003003","Block 3003, Block Group 3, Census Tract 9544, Washington County, Vermont","0","0","0"
"1000000US500239544003004","Block 3004, Block Group 3, Census Tract 9544, Washington County, Vermont","0","0","0"
"1000000US500239544003005","Block 3005, Block Group 3, Census Tract 9544, Washington County, Vermont","0","0","0"
"1000000US500239544003006","Block 3006, Block Group 3, Census Tract 9544, Washington County, Vermont","3","2","1"
"1000000US500239544003007","Block 3007, Block Group 3, Census Tract 9544, Washington County, Vermont","0","0","0"
"1000000US500239544003008","Block 3008, Block Group 3, Census Tract 9544, Washington County, Vermont","0","0","0"
"1000000US500239544003009","Block 3009, Block Group 3, Census Tract 9544, Washington County, Vermont","0","0","0"
"1000000US500239544003010","Block 3010, Block Group 3, Census Tract 9544, Washington County, Vermont","3","3","0"
"1000000US500239544003011","Block 3011, Block Group 3, Census Tract 9544, Washington County, Vermont","0","0","0"
"1000000US500239544003012","Block 3012, Block Group 3, Census Tract 9544, Washington County, Vermont","0","0","0"
"1000000US500239544003013","Block 3013, Block Group 3, Census Tract 9544, Washington County, Vermont","287","219","68"
"1000000US500239544003014","Block 3014, Block Group 3, Census Tract 9544, Washington County, Vermont","2","2","0"
"1000000US500239544003015","Block 3015, Block Group 3, Census Tract 9544, Washington County, Vermont","2","1","1"
"1000000US500239544003016","Block 3016, Block Group 3, Census Tract 9544, Washington County, Vermont","0","0","0"
"1000000US500239544003017","Block 3017, Block Group 3, Census Tract 9544, Washington County, Vermont","0","0","0"
"1000000US500239544003018","Block 3018, Block Group 3, Census Tract 9544, Washington County, Vermont","3","3","0"
"1000000US500239544003019","Block 3019, Block Group 3, Census Tract 9544, Washington County, Vermont","28","24","4"
"1000000US500239544003020","Block 3020, Block Group 3, Census Tract 9544, Washington County, Vermont","1","0","1"
"1000000US500239544003021","Block 3021, Block Group 3, Census Tract 9544, Washington County, Vermont","4","4","0"
"1000000US500239544003022","Block 3022, Block Group 3, Census Tract 9544, Washington County, Vermont","0","0","0"
"1000000US500239544003023","Block 3023, Block Group 3, Census Tract 9544, Washington County, Vermont","12","11","1"
"1000000US500239544003024","Block 3024, Block Group 3, Census Tract 9544, Washington County, Vermont","1","1","0"
"1000000US500239544003025","Block 3025, Block Group 3, Census Tract 9544, Washington County, Vermont","2","2","0"
"1000000US500239544003026","Block 3026, Block Group 3, Census Tract 9544, Washington County, Vermont","16","16","0"
"1000000US500239544003027","Block 3027, Block Group 3, Census Tract 9544, Washington County, Vermont","0","0","0"
"1000000US500239544003028","Block 3028, Block Group 3, Census Tract 9544, Washington County, Vermont","1","0","1"
"1000000US500239544003029","Block 3029, Block Group 3, Census Tract 9544, Washington County, Vermont","2","0","2"
"1000000US500239544003030","Block 3030, Block Group 3, Census Tract 9544, Washington County, Vermont","0","0","0"
"1000000US500239544003031","Block 3031, Block Group 3, Census Tract 9544, Washington County, Vermont","0","0","0"
"1000000US500239544003032","Block 3032, Block Group 3, Census Tract 9544, Washington County, Vermont","1","1","0"
"1000000US500239544003033","Block 3033, Block Group 3, Census Tract 9544, Washington County, Vermont","1","0","1"
"1000000US500239544003034","Block 3034, Block Group 3, Census Tract 9544, Washington County, Vermont","20","20","0"
"1000000US500239544003035","Block 3035, Block Group 3, Census Tract 9544, Washington County, Vermont","7","7","0"
"1000000US500239544003036","Block 3036, Block Group 3, Census Tract 9544, Washington County, Vermont","1","1","0"
"1000000US500239544003037","Block 3037, Block Group 3, Census Tract 9544, Washington County, Vermont","4","4","0"
"1000000US500239544003038","Block 3038, Block Group 3, Census Tract 9544, Washington County, Vermont","4","4","0"
"1000000US500239544003039","Block 3039, Block Group 3, Census Tract 9544, Washington County, Vermont","1","1","0"
"1000000US500239544003040","Block 3040, Block Group 3, Census Tract 9544, Washington County, Vermont","13","13","0"
"1000000US500239544003041","Block 3041, Block Group 3, Census Tract 9544, Washington County, Vermont","1","1","0"
"1000000US500239544003042","Block 3042, Block Group 3, Census Tract 9544, Washington County, Vermont","1","1","0"
"1000000US500239544003043","Block 3043, Block Group 3, Census Tract 9544, Washington County, Vermont","0","0","0"
"1000000US500239544003044","Block 3044, Block Group 3, Census Tract 9544, Washington County, Vermont","0","0","0"
"1000000US500239544003045","Block 3045, Block Group 3, Census Tract 9544, Washington County, Vermont","0","0","0"
"1000000US500239544003046","Block 3046, Block Group 3, Census Tract 9544, Washington County, Vermont","2","1","1"
"1000000US500239544003047","Block 3047, Block Group 3, Census Tract 9544, Washington County, Vermont","30","30","0"
"1000000US500239544003048","Block 3048, Block Group 3, Census Tract 9544, Washington County, Vermont","5","5","0"
"1000000US500239544003049","Block 3049, Block Group 3, Census Tract 9544, Washington County, Vermont","1","1","0"
"1000000US500239544003050","Block 3050, Block Group 3, Census Tract 9544, Washington County, Vermont","8","7","1"
"1000000US500239544003051","Block 3051, Block Group 3, Census Tract 9544, Washington County, Vermont","1","1","0"
"1000000US500239544003052","Block 3052, Block Group 3, Census Tract 9544, Washington County, Vermont","1","1","0"
"1000000US500239544003053","Block 3053, Block Group 3, Census Tract 9544, Washington County, Vermont","9","9","0"
"1000000US500239544003054","Block 3054, Block Group 3, Census Tract 9544, Washington County, Vermont","3","3","0"
"1000000US500239544003055","Block 3055, Block Group 3, Census Tract 9544, Washington County, Vermont","0","0","0"
"1000000US500239544003056","Block 3056, Block Group 3, Census Tract 9544, Washington County, Vermont","3","2","1"
"1000000US500239544003057","Block 3057, Block Group 3, Census Tract 9544, Washington County, Vermont","0","0","0"
"1000000US500239544003058","Block 3058, Block Group 3, Census Tract 9544, Washington County, Vermont","1","1","0"
"1000000US500239544003059","Block 3059, Block Group 3, Census Tract 9544, Washington County, Vermont","1","1","0"
"1000000US500239544003060","Block 3060, Block Group 3, Census Tract 9544, Washington County, Vermont","0","0","0"
"1000000US500239544003061","Block 3061, Block Group 3, Census Tract 9544, Washington County, Vermont","0","0","0"
"1000000US500239544003062","Block 3062, Block Group 3, Census Tract 9544, Washington County, Vermont","8","6","2"
"1000000US500239544003063","Block 3063, Block Group 3, Census Tract 9544, Washington County, Vermont","4","4","0"
"1000000US500239544003064","Block 3064, Block Group 3, Census Tract 9544, Washington County, Vermont","1","1","0"
"1000000US500239544003065","Block 3065, Block Group 3, Census Tract 9544, Washington County, Vermont","6","6","0"
"1000000US500239544003066","Block 3066, Block Group 3, Census Tract 9544, Washington County, Vermont","41","39","2"
"1000000US500239544003067","Block 3067, Block Group 3, Census Tract 9544, Washington County, Vermont","1","1","0"
"1000000US500239544003068","Block 3068, Block Group 3, Census Tract 9544, Washington County, Vermont","2","2","0"
"1000000US500239544003069","Block 3069, Block Group 3, Census Tract 9544, Washington County, Vermont","2","2","0"
"1000000US500239544003070","Block 3070, Block Group 3, Census Tract 9544, Washington County, Vermont","0","0","0"
"1000000US500239544003071","Block 3071, Block Group 3, Census Tract 9544, Washington County, Vermont","3","3","0"
"1000000US500239544003072","Block 3072, Block Group 3, Census Tract 9544, Washington County, Vermont","49","47","2"
"1000000US500239544003073","Block 3073, Block Group 3, Census Tract 9544, Washington County, Vermont","0","0","0"
"1000000US500239544003074","Block 3074, Block Group 3, Census Tract 9544, Washington County, Vermont","33","30","3"
"1000000US500239544003075","Block 3075, Block Group 3, Census Tract 9544, Washington County, Vermont","0","0","0"
"1000000US500239544003076","Block 3076, Block Group 3, Census Tract 9544, Washington County, Vermont","0","0","0"
"1000000US500239544003077","Block 3077, Block Group 3, Census Tract 9544, Washington County, Vermont","3","3","0"
"1000000US500239544003078","Block 3078, Block Group 3, Census Tract 9544, Washington County, Vermont","0","0","0"
"1000000US500239545001000","Block 1000, Block Group 1, Census Tract 9545, Washington County, Vermont","0","0","0"
"1000000US500239545001001","Block 1001, Block Group 1, Census Tract 9545, Washington County, Vermont","2","2","0"
"1000000US500239545001002","Block 1002, Block Group 1, Census Tract 9545, Washington County, Vermont","0","0","0"
"1000000US500239545001003","Block 1003, Block Group 1, Census Tract 9545, Washington County, Vermont","0","0","0"
"1000000US500239545001004","Block 1004, Block Group 1, Census Tract 9545, Washington County, Vermont","1","1","0"
"1000000US500239545001005","Block 1005, Block Group 1, Census Tract 9545, Washington County, Vermont","0","0","0"
"1000000US500239545001006","Block 1006, Block Group 1, Census Tract 9545, Washington County, Vermont","1","1","0"
"1000000US500239545001007","Block 1007, Block Group 1, Census Tract 9545, Washington County, Vermont","4","4","0"
"1000000US500239545001008","Block 1008, Block Group 1, Census Tract 9545, Washington County, Vermont","4","4","0"
"1000000US500239545001009","Block 1009, Block Group 1, Census Tract 9545, Washington County, Vermont","86","78","8"
"1000000US500239545001010","Block 1010, Block Group 1, Census Tract 9545, Washington County, Vermont","0","0","0"
"1000000US500239545001011","Block 1011, Block Group 1, Census Tract 9545, Washington County, Vermont","0","0","0"
"1000000US500239545001012","Block 1012, Block Group 1, Census Tract 9545, Washington County, Vermont","6","6","0"
"1000000US500239545001013","Block 1013, Block Group 1, Census Tract 9545, Washington County, Vermont","0","0","0"
"1000000US500239545001014","Block 1014, Block Group 1, Census Tract 9545, Washington County, Vermont","0","0","0"
"1000000US500239545001015","Block 1015, Block Group 1, Census Tract 9545, Washington County, Vermont","0","0","0"
"1000000US500239545001016","Block 1016, Block Group 1, Census Tract 9545, Washington County, Vermont","1","0","1"
"1000000US500239545001017","Block 1017, Block Group 1, Census Tract 9545, Washington County, Vermont","2","2","0"
"1000000US500239545001018","Block 1018, Block Group 1, Census Tract 9545, Washington County, Vermont","0","0","0"
"1000000US500239545001019","Block 1019, Block Group 1, Census Tract 9545, Washington County, Vermont","1","1","0"
"1000000US500239545001020","Block 1020, Block Group 1, Census Tract 9545, Washington County, Vermont","0","0","0"
"1000000US500239545001021","Block 1021, Block Group 1, Census Tract 9545, Washington County, Vermont","1","1","0"
"1000000US500239545001022","Block 1022, Block Group 1, Census Tract 9545, Washington County, Vermont","6","6","0"
"1000000US500239545001023","Block 1023, Block Group 1, Census Tract 9545, Washington County, Vermont","33","32","1"
"1000000US500239545001024","Block 1024, Block Group 1, Census Tract 9545, Washington County, Vermont","5","4","1"
"1000000US500239545001025","Block 1025, Block Group 1, Census Tract 9545, Washington County, Vermont","2","2","0"
"1000000US500239545001026","Block 1026, Block Group 1, Census Tract 9545, Washington County, Vermont","1","1","0"
"1000000US500239545001027","Block 1027, Block Group 1, Census Tract 9545, Washington County, Vermont","0","0","0"
"1000000US500239545001028","Block 1028, Block Group 1, Census Tract 9545, Washington County, Vermont","3","3","0"
"1000000US500239545001029","Block 1029, Block Group 1, Census Tract 9545, Washington County, Vermont","2","2","0"
"1000000US500239545001030","Block 1030, Block Group 1, Census Tract 9545, Washington County, Vermont","1","1","0"
"1000000US500239545001031","Block 1031, Block Group 1, Census Tract 9545, Washington County, Vermont","0","0","0"
"1000000US500239545001032","Block 1032, Block Group 1, Census Tract 9545, Washington County, Vermont","0","0","0"
"1000000US500239545001033","Block 1033, Block Group 1, Census Tract 9545, Washington County, Vermont","0","0","0"
"1000000US500239545001034","Block 1034, Block Group 1, Census Tract 9545, Washington County, Vermont","0","0","0"
"1000000US500239545001035","Block 1035, Block Group 1, Census Tract 9545, Washington County, Vermont","0","0","0"
"1000000US500239545001036","Block 1036, Block Group 1, Census Tract 9545, Washington County, Vermont","0","0","0"
"1000000US500239545001037","Block 1037, Block Group 1, Census Tract 9545, Washington County, Vermont","76","71","5"
"1000000US500239545001038","Block 1038, Block Group 1, Census Tract 9545, Washington County, Vermont","24","23","1"
"1000000US500239545001039","Block 1039, Block Group 1, Census Tract 9545, Washington County, Vermont","23","21","2"
"1000000US500239545001040","Block 1040, Block Group 1, Census Tract 9545, Washington County, Vermont","11","11","0"
"1000000US500239545001041","Block 1041, Block Group 1, Census Tract 9545, Washington County, Vermont","0","0","0"
"1000000US500239545001042","Block 1042, Block Group 1, Census Tract 9545, Washington County, Vermont","2","2","0"
"1000000US500239545001043","Block 1043, Block Group 1, Census Tract 9545, Washington County, Vermont","0","0","0"
"1000000US500239545001044","Block 1044, Block Group 1, Census Tract 9545, Washington County, Vermont","0","0","0"
"1000000US500239545001045","Block 1045, Block Group 1, Census Tract 9545, Washington County, Vermont","0","0","0"
"1000000US500239545001046","Block 1046, Block Group 1, Census Tract 9545, Washington County, Vermont","0","0","0"
"1000000US500239545001047","Block 1047, Block Group 1, Census Tract 9545, Washington County, Vermont","0","0","0"
"1000000US500239545001048","Block 1048, Block Group 1, Census Tract 9545, Washington County, Vermont","0","0","0"
"1000000US500239545001049","Block 1049, Block Group 1, Census Tract 9545, Washington County, Vermont","0","0","0"
"1000000US500239545001050","Block 1050, Block Group 1, Census Tract 9545, Washington County, Vermont","0","0","0"
"1000000US500239545001051","Block 1051, Block Group 1, Census Tract 9545, Washington County, Vermont","1","1","0"
"1000000US500239545001052","Block 1052, Block Group 1, Census Tract 9545, Washington County, Vermont","0","0","0"
"1000000US500239545001053","Block 1053, Block Group 1, Census Tract 9545, Washington County, Vermont","0","0","0"
"1000000US500239545001054","Block 1054, Block Group 1, Census Tract 9545, Washington County, Vermont","2","1","1"
"1000000US500239545001055","Block 1055, Block Group 1, Census Tract 9545, Washington County, Vermont","0","0","0"
"1000000US500239545001056","Block 1056, Block Group 1, Census Tract 9545, Washington County, Vermont","0","0","0"
"1000000US500239545001057","Block 1057, Block Group 1, Census Tract 9545, Washington County, Vermont","17","17","0"
"1000000US500239545001058","Block 1058, Block Group 1, Census Tract 9545, Washington County, Vermont","0","0","0"
"1000000US500239545001059","Block 1059, Block Group 1, Census Tract 9545, Washington County, Vermont","0","0","0"
"1000000US500239545001060","Block 1060, Block Group 1, Census Tract 9545, Washington County, Vermont","31","27","4"
"1000000US500239545001061","Block 1061, Block Group 1, Census Tract 9545, Washington County, Vermont","0","0","0"
"1000000US500239545001062","Block 1062, Block Group 1, Census Tract 9545, Washington County, Vermont","2","1","1"
"1000000US500239545001063","Block 1063, Block Group 1, Census Tract 9545, Washington County, Vermont","7","6","1"
"1000000US500239545001064","Block 1064, Block Group 1, Census Tract 9545, Washington County, Vermont","8","8","0"
"1000000US500239545001065","Block 1065, Block Group 1, Census Tract 9545, Washington County, Vermont","0","0","0"
"1000000US500239545001066","Block 1066, Block Group 1, Census Tract 9545, Washington County, Vermont","0","0","0"
"1000000US500239545001067","Block 1067, Block Group 1, Census Tract 9545, Washington County, Vermont","0","0","0"
"1000000US500239545001068","Block 1068, Block Group 1, Census Tract 9545, Washington County, Vermont","0","0","0"
"1000000US500239545001069","Block 1069, Block Group 1, Census Tract 9545, Washington County, Vermont","0","0","0"
"1000000US500239545001070","Block 1070, Block Group 1, Census Tract 9545, Washington County, Vermont","79","70","9"
"1000000US500239545001071","Block 1071, Block Group 1, Census Tract 9545, Washington County, Vermont","4","4","0"
"1000000US500239545001072","Block 1072, Block Group 1, Census Tract 9545, Washington County, Vermont","0","0","0"
"1000000US500239545001073","Block 1073, Block Group 1, Census Tract 9545, Washington County, Vermont","0","0","0"
"1000000US500239545001074","Block 1074, Block Group 1, Census Tract 9545, Washington County, Vermont","3","3","0"
"1000000US500239545001075","Block 1075, Block Group 1, Census Tract 9545, Washington County, Vermont","6","5","1"
"1000000US500239545001076","Block 1076, Block Group 1, Census Tract 9545, Washington County, Vermont","11","10","1"
"1000000US500239545001077","Block 1077, Block Group 1, Census Tract 9545, Washington County, Vermont","23","21","2"
"1000000US500239545001078","Block 1078, Block Group 1, Census Tract 9545, Washington County, Vermont","6","5","1"
"1000000US500239545001079","Block 1079, Block Group 1, Census Tract 9545, Washington County, Vermont","0","0","0"
"1000000US500239545001080","Block 1080, Block Group 1, Census Tract 9545, Washington County, Vermont","0","0","0"
"1000000US500239545001081","Block 1081, Block Group 1, Census Tract 9545, Washington County, Vermont","2","1","1"
"1000000US500239545001082","Block 1082, Block Group 1, Census Tract 9545, Washington County, Vermont","1","1","0"
"1000000US500239545001083","Block 1083, Block Group 1, Census Tract 9545, Washington County, Vermont","0","0","0"
"1000000US500239545001084","Block 1084, Block Group 1, Census Tract 9545, Washington County, Vermont","11","10","1"
"1000000US500239545001085","Block 1085, Block Group 1, Census Tract 9545, Washington County, Vermont","0","0","0"
"1000000US500239545001086","Block 1086, Block Group 1, Census Tract 9545, Washington County, Vermont","4","4","0"
"1000000US500239545001087","Block 1087, Block Group 1, Census Tract 9545, Washington County, Vermont","0","0","0"
"1000000US500239545001088","Block 1088, Block Group 1, Census Tract 9545, Washington County, Vermont","0","0","0"
"1000000US500239545001089","Block 1089, Block Group 1, Census Tract 9545, Washington County, Vermont","0","0","0"
"1000000US500239545001090","Block 1090, Block Group 1, Census Tract 9545, Washington County, Vermont","0","0","0"
"1000000US500239545001091","Block 1091, Block Group 1, Census Tract 9545, Washington County, Vermont","0","0","0"
"1000000US500239545001092","Block 1092, Block Group 1, Census Tract 9545, Washington County, Vermont","6","6","0"
"1000000US500239545001093","Block 1093, Block Group 1, Census Tract 9545, Washington County, Vermont","1","1","0"
"1000000US500239545001094","Block 1094, Block Group 1, Census Tract 9545, Washington County, Vermont","35","25","10"
"1000000US500239545001095","Block 1095, Block Group 1, Census Tract 9545, Washington County, Vermont","0","0","0"
"1000000US500239545001096","Block 1096, Block Group 1, Census Tract 9545, Washington County, Vermont","33","27","6"
"1000000US500239545001097","Block 1097, Block Group 1, Census Tract 9545, Washington County, Vermont","0","0","0"
"1000000US500239545001098","Block 1098, Block Group 1, Census Tract 9545, Washington County, Vermont","0","0","0"
"1000000US500239545001099","Block 1099, Block Group 1, Census Tract 9545, Washington County, Vermont","0","0","0"
"1000000US500239545001100","Block 1100, Block Group 1, Census Tract 9545, Washington County, Vermont","3","3","0"
"1000000US500239545001101","Block 1101, Block Group 1, Census Tract 9545, Washington County, Vermont","15","14","1"
"1000000US500239545001102","Block 1102, Block Group 1, Census Tract 9545, Washington County, Vermont","4","4","0"
"1000000US500239545001103","Block 1103, Block Group 1, Census Tract 9545, Washington County, Vermont","0","0","0"
"1000000US500239545001104","Block 1104, Block Group 1, Census Tract 9545, Washington County, Vermont","0","0","0"
"1000000US500239545001105","Block 1105, Block Group 1, Census Tract 9545, Washington County, Vermont","0","0","0"
"1000000US500239545001106","Block 1106, Block Group 1, Census Tract 9545, Washington County, Vermont","0","0","0"
"1000000US500239545001107","Block 1107, Block Group 1, Census Tract 9545, Washington County, Vermont","0","0","0"
"1000000US500239545001108","Block 1108, Block Group 1, Census Tract 9545, Washington County, Vermont","0","0","0"
"1000000US500239545001109","Block 1109, Block Group 1, Census Tract 9545, Washington County, Vermont","0","0","0"
"1000000US500239545001110","Block 1110, Block Group 1, Census Tract 9545, Washington County, Vermont","4","4","0"
"1000000US500239545001111","Block 1111, Block Group 1, Census Tract 9545, Washington County, Vermont","3","2","1"
"1000000US500239545001112","Block 1112, Block Group 1, Census Tract 9545, Washington County, Vermont","5","3","2"
"1000000US500239545001113","Block 1113, Block Group 1, Census Tract 9545, Washington County, Vermont","1","1","0"
"1000000US500239545001114","Block 1114, Block Group 1, Census Tract 9545, Washington County, Vermont","10","9","1"
"1000000US500239545001115","Block 1115, Block Group 1, Census Tract 9545, Washington County, Vermont","0","0","0"
"1000000US500239545001116","Block 1116, Block Group 1, Census Tract 9545, Washington County, Vermont","36","28","8"
"1000000US500239545001117","Block 1117, Block Group 1, Census Tract 9545, Washington County, Vermont","0","0","0"
"1000000US500239545001118","Block 1118, Block Group 1, Census Tract 9545, Washington County, Vermont","0","0","0"
"1000000US500239545002000","Block 2000, Block Group 2, Census Tract 9545, Washington County, Vermont","0","0","0"
"1000000US500239545002001","Block 2001, Block Group 2, Census Tract 9545, Washington County, Vermont","0","0","0"
"1000000US500239545002002","Block 2002, Block Group 2, Census Tract 9545, Washington County, Vermont","2","2","0"
"1000000US500239545002003","Block 2003, Block Group 2, Census Tract 9545, Washington County, Vermont","2","1","1"
"1000000US500239545002004","Block 2004, Block Group 2, Census Tract 9545, Washington County, Vermont","1","1","0"
"1000000US500239545002005","Block 2005, Block Group 2, Census Tract 9545, Washington County, Vermont","0","0","0"
"1000000US500239545002006","Block 2006, Block Group 2, Census Tract 9545, Washington County, Vermont","0","0","0"
"1000000US500239545002007","Block 2007, Block Group 2, Census Tract 9545, Washington County, Vermont","177","161","16"
"1000000US500239545002008","Block 2008, Block Group 2, Census Tract 9545, Washington County, Vermont","7","6","1"
"1000000US500239545002009","Block 2009, Block Group 2, Census Tract 9545, Washington County, Vermont","0","0","0"
"1000000US500239545002010","Block 2010, Block Group 2, Census Tract 9545, Washington County, Vermont","1","1","0"
"1000000US500239545002011","Block 2011, Block Group 2, Census Tract 9545, Washington County, Vermont","33","31","2"
"1000000US500239545002012","Block 2012, Block Group 2, Census Tract 9545, Washington County, Vermont","0","0","0"
"1000000US500239545002013","Block 2013, Block Group 2, Census Tract 9545, Washington County, Vermont","0","0","0"
"1000000US500239545002014","Block 2014, Block Group 2, Census Tract 9545, Washington County, Vermont","16","16","0"
"1000000US500239545002015","Block 2015, Block Group 2, Census Tract 9545, Washington County, Vermont","0","0","0"
"1000000US500239545002016","Block 2016, Block Group 2, Census Tract 9545, Washington County, Vermont","0","0","0"
"1000000US500239545002017","Block 2017, Block Group 2, Census Tract 9545, Washington County, Vermont","19","19","0"
"1000000US500239545002018","Block 2018, Block Group 2, Census Tract 9545, Washington County, Vermont","8","8","0"
"1000000US500239545002019","Block 2019, Block Group 2, Census Tract 9545, Washington County, Vermont","0","0","0"
"1000000US500239545002020","Block 2020, Block Group 2, Census Tract 9545, Washington County, Vermont","0","0","0"
"1000000US500239545002021","Block 2021, Block Group 2, Census Tract 9545, Washington County, Vermont","0","0","0"
"1000000US500239545002022","Block 2022, Block Group 2, Census Tract 9545, Washington County, Vermont","26","25","1"
"1000000US500239545002023","Block 2023, Block Group 2, Census Tract 9545, Washington County, Vermont","0","0","0"
"1000000US500239545002024","Block 2024, Block Group 2, Census Tract 9545, Washington County, Vermont","0","0","0"
"1000000US500239545002025","Block 2025, Block Group 2, Census Tract 9545, Washington County, Vermont","0","0","0"
"1000000US500239545002026","Block 2026, Block Group 2, Census Tract 9545, Washington County, Vermont","4","4","0"
"1000000US500239545002027","Block 2027, Block Group 2, Census Tract 9545, Washington County, Vermont","2","2","0"
"1000000US500239545002028","Block 2028, Block Group 2, Census Tract 9545, Washington County, Vermont","0","0","0"
"1000000US500239545002029","Block 2029, Block Group 2, Census Tract 9545, Washington County, Vermont","0","0","0"
"1000000US500239545002030","Block 2030, Block Group 2, Census Tract 9545, Washington County, Vermont","0","0","0"
"1000000US500239545002031","Block 2031, Block Group 2, Census Tract 9545, Washington County, Vermont","0","0","0"
"1000000US500239545002032","Block 2032, Block Group 2, Census Tract 9545, Washington County, Vermont","2","2","0"
"1000000US500239545002033","Block 2033, Block Group 2, Census Tract 9545, Washington County, Vermont","1","1","0"
"1000000US500239545002034","Block 2034, Block Group 2, Census Tract 9545, Washington County, Vermont","7","7","0"
"1000000US500239545002035","Block 2035, Block Group 2, Census Tract 9545, Washington County, Vermont","0","0","0"
"1000000US500239545002036","Block 2036, Block Group 2, Census Tract 9545, Washington County, Vermont","2","1","1"
"1000000US500239545002037","Block 2037, Block Group 2, Census Tract 9545, Washington County, Vermont","78","75","3"
"1000000US500239545002038","Block 2038, Block Group 2, Census Tract 9545, Washington County, Vermont","1","1","0"
"1000000US500239545002039","Block 2039, Block Group 2, Census Tract 9545, Washington County, Vermont","0","0","0"
"1000000US500239545002040","Block 2040, Block Group 2, Census Tract 9545, Washington County, Vermont","3","3","0"
"1000000US500239545002041","Block 2041, Block Group 2, Census Tract 9545, Washington County, Vermont","3","1","2"
"1000000US500239545002042","Block 2042, Block Group 2, Census Tract 9545, Washington County, Vermont","0","0","0"
"1000000US500239545002043","Block 2043, Block Group 2, Census Tract 9545, Washington County, Vermont","0","0","0"
"1000000US500239545002044","Block 2044, Block Group 2, Census Tract 9545, Washington County, Vermont","0","0","0"
"1000000US500239545002045","Block 2045, Block Group 2, Census Tract 9545, Washington County, Vermont","2","2","0"
"1000000US500239545002046","Block 2046, Block Group 2, Census Tract 9545, Washington County, Vermont","0","0","0"
"1000000US500239545002047","Block 2047, Block Group 2, Census Tract 9545, Washington County, Vermont","0","0","0"
"1000000US500239545002048","Block 2048, Block Group 2, Census Tract 9545, Washington County, Vermont","0","0","0"
"1000000US500239545002049","Block 2049, Block Group 2, Census Tract 9545, Washington County, Vermont","1","1","0"
"1000000US500239545002050","Block 2050, Block Group 2, Census Tract 9545, Washington County, Vermont","0","0","0"
"1000000US500239545002051","Block 2051, Block Group 2, Census Tract 9545, Washington County, Vermont","0","0","0"
"1000000US500239545002052","Block 2052, Block Group 2, Census Tract 9545, Washington County, Vermont","3","3","0"
"1000000US500239545002053","Block 2053, Block Group 2, Census Tract 9545, Washington County, Vermont","0","0","0"
"1000000US500239545002054","Block 2054, Block Group 2, Census Tract 9545, Washington County, Vermont","0","0","0"
"1000000US500239545002055","Block 2055, Block Group 2, Census Tract 9545, Washington County, Vermont","4","4","0"
"1000000US500239545002056","Block 2056, Block Group 2, Census Tract 9545, Washington County, Vermont","0","0","0"
"1000000US500239545002057","Block 2057, Block Group 2, Census Tract 9545, Washington County, Vermont","0","0","0"
"1000000US500239545002058","Block 2058, Block Group 2, Census Tract 9545, Washington County, Vermont","6","5","1"
"1000000US500239545002059","Block 2059, Block Group 2, Census Tract 9545, Washington County, Vermont","0","0","0"
"1000000US500239545002060","Block 2060, Block Group 2, Census Tract 9545, Washington County, Vermont","0","0","0"
"1000000US500239545002061","Block 2061, Block Group 2, Census Tract 9545, Washington County, Vermont","0","0","0"
"1000000US500239545002062","Block 2062, Block Group 2, Census Tract 9545, Washington County, Vermont","5","4","1"
"1000000US500239545002063","Block 2063, Block Group 2, Census Tract 9545, Washington County, Vermont","0","0","0"
"1000000US500239545002064","Block 2064, Block Group 2, Census Tract 9545, Washington County, Vermont","0","0","0"
"1000000US500239545002065","Block 2065, Block Group 2, Census Tract 9545, Washington County, Vermont","0","0","0"
"1000000US500239545002066","Block 2066, Block Group 2, Census Tract 9545, Washington County, Vermont","0","0","0"
"1000000US500239545002067","Block 2067, Block Group 2, Census Tract 9545, Washington County, Vermont","0","0","0"
"1000000US500239545002068","Block 2068, Block Group 2, Census Tract 9545, Washington County, Vermont","19","17","2"
"1000000US500239545002069","Block 2069, Block Group 2, Census Tract 9545, Washington County, Vermont","0","0","0"
"1000000US500239545002070","Block 2070, Block Group 2, Census Tract 9545, Washington County, Vermont","8","6","2"
"1000000US500239545002071","Block 2071, Block Group 2, Census Tract 9545, Washington County, Vermont","0","0","0"
"1000000US500239545002072","Block 2072, Block Group 2, Census Tract 9545, Washington County, Vermont","23","23","0"
"1000000US500239545002073","Block 2073, Block Group 2, Census Tract 9545, Washington County, Vermont","0","0","0"
"1000000US500239545002074","Block 2074, Block Group 2, Census Tract 9545, Washington County, Vermont","7","7","0"
"1000000US500239545002075","Block 2075, Block Group 2, Census Tract 9545, Washington County, Vermont","1","0","1"
"1000000US500239545002076","Block 2076, Block Group 2, Census Tract 9545, Washington County, Vermont","0","0","0"
"1000000US500239545002077","Block 2077, Block Group 2, Census Tract 9545, Washington County, Vermont","4","3","1"
"1000000US500239545002078","Block 2078, Block Group 2, Census Tract 9545, Washington County, Vermont","0","0","0"
"1000000US500239545002079","Block 2079, Block Group 2, Census Tract 9545, Washington County, Vermont","0","0","0"
"1000000US500239545002080","Block 2080, Block Group 2, Census Tract 9545, Washington County, Vermont","0","0","0"
"1000000US500239545002081","Block 2081, Block Group 2, Census Tract 9545, Washington County, Vermont","0","0","0"
"1000000US500239545002082","Block 2082, Block Group 2, Census Tract 9545, Washington County, Vermont","0","0","0"
"1000000US500239545002083","Block 2083, Block Group 2, Census Tract 9545, Washington County, Vermont","19","17","2"
"1000000US500239545002084","Block 2084, Block Group 2, Census Tract 9545, Washington County, Vermont","0","0","0"
"1000000US500239545002085","Block 2085, Block Group 2, Census Tract 9545, Washington County, Vermont","6","6","0"
"1000000US500239545002086","Block 2086, Block Group 2, Census Tract 9545, Washington County, Vermont","0","0","0"
"1000000US500239545002087","Block 2087, Block Group 2, Census Tract 9545, Washington County, Vermont","6","5","1"
"1000000US500239545002088","Block 2088, Block Group 2, Census Tract 9545, Washington County, Vermont","37","36","1"
"1000000US500239545002089","Block 2089, Block Group 2, Census Tract 9545, Washington County, Vermont","0","0","0"
"1000000US500239545002090","Block 2090, Block Group 2, Census Tract 9545, Washington County, Vermont","0","0","0"
"1000000US500239545002091","Block 2091, Block Group 2, Census Tract 9545, Washington County, Vermont","0","0","0"
"1000000US500239545002092","Block 2092, Block Group 2, Census Tract 9545, Washington County, Vermont","0","0","0"
"1000000US500239545002093","Block 2093, Block Group 2, Census Tract 9545, Washington County, Vermont","1","1","0"
"1000000US500239545002094","Block 2094, Block Group 2, Census Tract 9545, Washington County, Vermont","0","0","0"
"1000000US500239545002095","Block 2095, Block Group 2, Census Tract 9545, Washington County, Vermont","0","0","0"
"1000000US500239545002096","Block 2096, Block Group 2, Census Tract 9545, Washington County, Vermont","16","16","0"
"1000000US500239545002097","Block 2097, Block Group 2, Census Tract 9545, Washington County, Vermont","1","0","1"
"1000000US500239545002098","Block 2098, Block Group 2, Census Tract 9545, Washington County, Vermont","0","0","0"
"1000000US500239545002099","Block 2099, Block Group 2, Census Tract 9545, Washington County, Vermont","0","0","0"
"1000000US500239545002100","Block 2100, Block Group 2, Census Tract 9545, Washington County, Vermont","0","0","0"
"1000000US500239545002101","Block 2101, Block Group 2, Census Tract 9545, Washington County, Vermont","0","0","0"
"1000000US500239546001000","Block 1000, Block Group 1, Census Tract 9546, Washington County, Vermont","0","0","0"
"1000000US500239546001001","Block 1001, Block Group 1, Census Tract 9546, Washington County, Vermont","3","3","0"
"1000000US500239546001002","Block 1002, Block Group 1, Census Tract 9546, Washington County, Vermont","0","0","0"
"1000000US500239546001003","Block 1003, Block Group 1, Census Tract 9546, Washington County, Vermont","6","6","0"
"1000000US500239546001004","Block 1004, Block Group 1, Census Tract 9546, Washington County, Vermont","182","173","9"
"1000000US500239546001005","Block 1005, Block Group 1, Census Tract 9546, Washington County, Vermont","20","20","0"
"1000000US500239546001006","Block 1006, Block Group 1, Census Tract 9546, Washington County, Vermont","13","11","2"
"1000000US500239546001007","Block 1007, Block Group 1, Census Tract 9546, Washington County, Vermont","25","23","2"
"1000000US500239546001008","Block 1008, Block Group 1, Census Tract 9546, Washington County, Vermont","1","0","1"
"1000000US500239546001009","Block 1009, Block Group 1, Census Tract 9546, Washington County, Vermont","0","0","0"
"1000000US500239546001010","Block 1010, Block Group 1, Census Tract 9546, Washington County, Vermont","26","25","1"
"1000000US500239546001011","Block 1011, Block Group 1, Census Tract 9546, Washington County, Vermont","2","1","1"
"1000000US500239546001012","Block 1012, Block Group 1, Census Tract 9546, Washington County, Vermont","0","0","0"
"1000000US500239546001013","Block 1013, Block Group 1, Census Tract 9546, Washington County, Vermont","0","0","0"
"1000000US500239546001014","Block 1014, Block Group 1, Census Tract 9546, Washington County, Vermont","0","0","0"
"1000000US500239546001015","Block 1015, Block Group 1, Census Tract 9546, Washington County, Vermont","0","0","0"
"1000000US500239546001016","Block 1016, Block Group 1, Census Tract 9546, Washington County, Vermont","0","0","0"
"1000000US500239546001017","Block 1017, Block Group 1, Census Tract 9546, Washington County, Vermont","38","38","0"
"1000000US500239546001018","Block 1018, Block Group 1, Census Tract 9546, Washington County, Vermont","0","0","0"
"1000000US500239546001019","Block 1019, Block Group 1, Census Tract 9546, Washington County, Vermont","0","0","0"
"1000000US500239546001020","Block 1020, Block Group 1, Census Tract 9546, Washington County, Vermont","58","54","4"
"1000000US500239546001021","Block 1021, Block Group 1, Census Tract 9546, Washington County, Vermont","42","40","2"
"1000000US500239546001022","Block 1022, Block Group 1, Census Tract 9546, Washington County, Vermont","38","34","4"
"1000000US500239546001023","Block 1023, Block Group 1, Census Tract 9546, Washington County, Vermont","22","21","1"
"1000000US500239546001024","Block 1024, Block Group 1, Census Tract 9546, Washington County, Vermont","18","17","1"
"1000000US500239546001025","Block 1025, Block Group 1, Census Tract 9546, Washington County, Vermont","15","15","0"
"1000000US500239546001026","Block 1026, Block Group 1, Census Tract 9546, Washington County, Vermont","35","33","2"
"1000000US500239546001027","Block 1027, Block Group 1, Census Tract 9546, Washington County, Vermont","1","0","1"
"1000000US500239546002000","Block 2000, Block Group 2, Census Tract 9546, Washington County, Vermont","107","100","7"
"1000000US500239546002001","Block 2001, Block Group 2, Census Tract 9546, Washington County, Vermont","10","10","0"
"1000000US500239546002002","Block 2002, Block Group 2, Census Tract 9546, Washington County, Vermont","0","0","0"
"1000000US500239546002003","Block 2003, Block Group 2, Census Tract 9546, Washington County, Vermont","15","14","1"
"1000000US500239546002004","Block 2004, Block Group 2, Census Tract 9546, Washington County, Vermont","103","92","11"
"1000000US500239546002005","Block 2005, Block Group 2, Census Tract 9546, Washington County, Vermont","0","0","0"
"1000000US500239546002006","Block 2006, Block Group 2, Census Tract 9546, Washington County, Vermont","3","3","0"
"1000000US500239546002007","Block 2007, Block Group 2, Census Tract 9546, Washington County, Vermont","6","5","1"
"1000000US500239546002008","Block 2008, Block Group 2, Census Tract 9546, Washington County, Vermont","12","10","2"
"1000000US500239546002009","Block 2009, Block Group 2, Census Tract 9546, Washington County, Vermont","42","41","1"
"1000000US500239546002010","Block 2010, Block Group 2, Census Tract 9546, Washington County, Vermont","11","11","0"
"1000000US500239546002011","Block 2011, Block Group 2, Census Tract 9546, Washington County, Vermont","30","30","0"
"1000000US500239546002012","Block 2012, Block Group 2, Census Tract 9546, Washington County, Vermont","50","34","16"
"1000000US500239546002013","Block 2013, Block Group 2, Census Tract 9546, Washington County, Vermont","0","0","0"
"1000000US500239546002014","Block 2014, Block Group 2, Census Tract 9546, Washington County, Vermont","19","18","1"
"1000000US500239546002015","Block 2015, Block Group 2, Census Tract 9546, Washington County, Vermont","4","1","3"
"1000000US500239546002016","Block 2016, Block Group 2, Census Tract 9546, Washington County, Vermont","0","0","0"
"1000000US500239546002017","Block 2017, Block Group 2, Census Tract 9546, Washington County, Vermont","9","8","1"
"1000000US500239546002018","Block 2018, Block Group 2, Census Tract 9546, Washington County, Vermont","3","3","0"
"1000000US500239546002019","Block 2019, Block Group 2, Census Tract 9546, Washington County, Vermont","19","19","0"
"1000000US500239546002020","Block 2020, Block Group 2, Census Tract 9546, Washington County, Vermont","0","0","0"
"1000000US500239546002021","Block 2021, Block Group 2, Census Tract 9546, Washington County, Vermont","0","0","0"
"1000000US500239546002022","Block 2022, Block Group 2, Census Tract 9546, Washington County, Vermont","10","9","1"
"1000000US500239546002023","Block 2023, Block Group 2, Census Tract 9546, Washington County, Vermont","8","7","1"
"1000000US500239546002024","Block 2024, Block Group 2, Census Tract 9546, Washington County, Vermont","0","0","0"
"1000000US500239546002025","Block 2025, Block Group 2, Census Tract 9546, Washington County, Vermont","0","0","0"
"1000000US500239546002026","Block 2026, Block Group 2, Census Tract 9546, Washington County, Vermont","0","0","0"
"1000000US500239546002027","Block 2027, Block Group 2, Census Tract 9546, Washington County, Vermont","0","0","0"
"1000000US500239546002028","Block 2028, Block Group 2, Census Tract 9546, Washington County, Vermont","0","0","0"
"1000000US500239546002029","Block 2029, Block Group 2, Census Tract 9546, Washington County, Vermont","0","0","0"
"1000000US500239546002030","Block 2030, Block Group 2, Census Tract 9546, Washington County, Vermont","43","41","2"
"1000000US500239546002031","Block 2031, Block Group 2, Census Tract 9546, Washington County, Vermont","4","3","1"
"1000000US500239546002032","Block 2032, Block Group 2, Census Tract 9546, Washington County, Vermont","0","0","0"
"1000000US500239546002033","Block 2033, Block Group 2, Census Tract 9546, Washington County, Vermont","0","0","0"
"1000000US500239546002034","Block 2034, Block Group 2, Census Tract 9546, Washington County, Vermont","0","0","0"
"1000000US500239546002035","Block 2035, Block Group 2, Census Tract 9546, Washington County, Vermont","0","0","0"
"1000000US500239546002036","Block 2036, Block Group 2, Census Tract 9546, Washington County, Vermont","1","1","0"
"1000000US500239546002037","Block 2037, Block Group 2, Census Tract 9546, Washington County, Vermont","0","0","0"
"1000000US500239546002038","Block 2038, Block Group 2, Census Tract 9546, Washington County, Vermont","2","2","0"
"1000000US500239546002039","Block 2039, Block Group 2, Census Tract 9546, Washington County, Vermont","0","0","0"
"1000000US500239546002040","Block 2040, Block Group 2, Census Tract 9546, Washington County, Vermont","0","0","0"
"1000000US500239546002041","Block 2041, Block Group 2, Census Tract 9546, Washington County, Vermont","28","25","3"
"1000000US500239546002042","Block 2042, Block Group 2, Census Tract 9546, Washington County, Vermont","0","0","0"
"1000000US500239546002043","Block 2043, Block Group 2, Census Tract 9546, Washington County, Vermont","0","0","0"
"1000000US500239547001000","Block 1000, Block Group 1, Census Tract 9547, Washington County, Vermont","93","90","3"
"1000000US500239547001001","Block 1001, Block Group 1, Census Tract 9547, Washington County, Vermont","6","6","0"
"1000000US500239547001002","Block 1002, Block Group 1, Census Tract 9547, Washington County, Vermont","0","0","0"
"1000000US500239547001003","Block 1003, Block Group 1, Census Tract 9547, Washington County, Vermont","0","0","0"
"1000000US500239547001004","Block 1004, Block Group 1, Census Tract 9547, Washington County, Vermont","9","8","1"
"1000000US500239547001005","Block 1005, Block Group 1, Census Tract 9547, Washington County, Vermont","5","5","0"
"1000000US500239547001006","Block 1006, Block Group 1, Census Tract 9547, Washington County, Vermont","68","57","11"
"1000000US500239547001007","Block 1007, Block Group 1, Census Tract 9547, Washington County, Vermont","51","47","4"
"1000000US500239547001008","Block 1008, Block Group 1, Census Tract 9547, Washington County, Vermont","0","0","0"
"1000000US500239547001009","Block 1009, Block Group 1, Census Tract 9547, Washington County, Vermont","0","0","0"
"1000000US500239547001010","Block 1010, Block Group 1, Census Tract 9547, Washington County, Vermont","9","8","1"
"1000000US500239547001011","Block 1011, Block Group 1, Census Tract 9547, Washington County, Vermont","0","0","0"
"1000000US500239547001012","Block 1012, Block Group 1, Census Tract 9547, Washington County, Vermont","9","9","0"
"1000000US500239547001013","Block 1013, Block Group 1, Census Tract 9547, Washington County, Vermont","0","0","0"
"1000000US500239547001014","Block 1014, Block Group 1, Census Tract 9547, Washington County, Vermont","5","5","0"
"1000000US500239547001015","Block 1015, Block Group 1, Census Tract 9547, Washington County, Vermont","16","16","0"
"1000000US500239547001016","Block 1016, Block Group 1, Census Tract 9547, Washington County, Vermont","0","0","0"
"1000000US500239547001017","Block 1017, Block Group 1, Census Tract 9547, Washington County, Vermont","0","0","0"
"1000000US500239547001018","Block 1018, Block Group 1, Census Tract 9547, Washington County, Vermont","0","0","0"
"1000000US500239547001019","Block 1019, Block Group 1, Census Tract 9547, Washington County, Vermont","0","0","0"
"1000000US500239547001020","Block 1020, Block Group 1, Census Tract 9547, Washington County, Vermont","0","0","0"
"1000000US500239547001021","Block 1021, Block Group 1, Census Tract 9547, Washington County, Vermont","0","0","0"
"1000000US500239547001022","Block 1022, Block Group 1, Census Tract 9547, Washington County, Vermont","0","0","0"
"1000000US500239547001023","Block 1023, Block Group 1, Census Tract 9547, Washington County, Vermont","7","6","1"
"1000000US500239547001024","Block 1024, Block Group 1, Census Tract 9547, Washington County, Vermont","3","3","0"
"1000000US500239547001025","Block 1025, Block Group 1, Census Tract 9547, Washington County, Vermont","0","0","0"
"1000000US500239547001026","Block 1026, Block Group 1, Census Tract 9547, Washington County, Vermont","0","0","0"
"1000000US500239547001027","Block 1027, Block Group 1, Census Tract 9547, Washington County, Vermont","0","0","0"
"1000000US500239547001028","Block 1028, Block Group 1, Census Tract 9547, Washington County, Vermont","13","13","0"
"1000000US500239547001029","Block 1029, Block Group 1, Census Tract 9547, Washington County, Vermont","0","0","0"
"1000000US500239547001030","Block 1030, Block Group 1, Census Tract 9547, Washington County, Vermont","0","0","0"
"1000000US500239547001031","Block 1031, Block Group 1, Census Tract 9547, Washington County, Vermont","0","0","0"
"1000000US500239547002000","Block 2000, Block Group 2, Census Tract 9547, Washington County, Vermont","0","0","0"
"1000000US500239547002001","Block 2001, Block Group 2, Census Tract 9547, Washington County, Vermont","17","16","1"
"1000000US500239547002002","Block 2002, Block Group 2, Census Tract 9547, Washington County, Vermont","0","0","0"
"1000000US500239547002003","Block 2003, Block Group 2, Census Tract 9547, Washington County, Vermont","127","123","4"
"1000000US500239547002004","Block 2004, Block Group 2, Census Tract 9547, Washington County, Vermont","0","0","0"
"1000000US500239547002005","Block 2005, Block Group 2, Census Tract 9547, Washington County, Vermont","0","0","0"
"1000000US500239547002006","Block 2006, Block Group 2, Census Tract 9547, Washington County, Vermont","9","9","0"
"1000000US500239547002007","Block 2007, Block Group 2, Census Tract 9547, Washington County, Vermont","26","26","0"
"1000000US500239547002008","Block 2008, Block Group 2, Census Tract 9547, Washington County, Vermont","17","17","0"
"1000000US500239547002009","Block 2009, Block Group 2, Census Tract 9547, Washington County, Vermont","0","0","0"
"1000000US500239547002010","Block 2010, Block Group 2, Census Tract 9547, Washington County, Vermont","0","0","0"
"1000000US500239547002011","Block 2011, Block Group 2, Census Tract 9547, Washington County, Vermont","0","0","0"
"1000000US500239547002012","Block 2012, Block Group 2, Census Tract 9547, Washington County, Vermont","29","26","3"
"1000000US500239547002013","Block 2013, Block Group 2, Census Tract 9547, Washington County, Vermont","27","21","6"
"1000000US500239547002014","Block 2014, Block Group 2, Census Tract 9547, Washington County, Vermont","142","133","9"
"1000000US500239547002015","Block 2015, Block Group 2, Census Tract 9547, Washington County, Vermont","0","0","0"
"1000000US500239547002016","Block 2016, Block Group 2, Census Tract 9547, Washington County, Vermont","20","15","5"
"1000000US500239547002017","Block 2017, Block Group 2, Census Tract 9547, Washington County, Vermont","0","0","0"
"1000000US500239547002018","Block 2018, Block Group 2, Census Tract 9547, Washington County, Vermont","0","0","0"
"1000000US500239547002019","Block 2019, Block Group 2, Census Tract 9547, Washington County, Vermont","1","0","1"
"1000000US500239547002020","Block 2020, Block Group 2, Census Tract 9547, Washington County, Vermont","3","3","0"
"1000000US500239547002021","Block 2021, Block Group 2, Census Tract 9547, Washington County, Vermont","43","40","3"
"1000000US500239548001000","Block 1000, Block Group 1, Census Tract 9548, Washington County, Vermont","8","8","0"
"1000000US500239548001001","Block 1001, Block Group 1, Census Tract 9548, Washington County, Vermont","5","5","0"
"1000000US500239548001002","Block 1002, Block Group 1, Census Tract 9548, Washington County, Vermont","72","67","5"
"1000000US500239548001003","Block 1003, Block Group 1, Census Tract 9548, Washington County, Vermont","46","45","1"
"1000000US500239548001004","Block 1004, Block Group 1, Census Tract 9548, Washington County, Vermont","23","23","0"
"1000000US500239548001005","Block 1005, Block Group 1, Census Tract 9548, Washington County, Vermont","50","50","0"
"1000000US500239548001006","Block 1006, Block Group 1, Census Tract 9548, Washington County, Vermont","6","6","0"
"1000000US500239548001007","Block 1007, Block Group 1, Census Tract 9548, Washington County, Vermont","116","110","6"
"1000000US500239548001008","Block 1008, Block Group 1, Census Tract 9548, Washington County, Vermont","26","25","1"
"1000000US500239548001009","Block 1009, Block Group 1, Census Tract 9548, Washington County, Vermont","19","18","1"
"1000000US500239548001010","Block 1010, Block Group 1, Census Tract 9548, Washington County, Vermont","35","35","0"
"1000000US500239548001011","Block 1011, Block Group 1, Census Tract 9548, Washington County, Vermont","56","53","3"
"1000000US500239548001012","Block 1012, Block Group 1, Census Tract 9548, Washington County, Vermont","15","12","3"
"1000000US500239548001013","Block 1013, Block Group 1, Census Tract 9548, Washington County, Vermont","32","30","2"
"1000000US500239548001014","Block 1014, Block Group 1, Census Tract 9548, Washington County, Vermont","17","17","0"
"1000000US500239548001015","Block 1015, Block Group 1, Census Tract 9548, Washington County, Vermont","18","18","0"
"1000000US500239548001016","Block 1016, Block Group 1, Census Tract 9548, Washington County, Vermont","23","22","1"
"1000000US500239548001017","Block 1017, Block Group 1, Census Tract 9548, Washington County, Vermont","19","18","1"
"1000000US500239548001018","Block 1018, Block Group 1, Census Tract 9548, Washington County, Vermont","15","11","4"
"1000000US500239548002000","Block 2000, Block Group 2, Census Tract 9548, Washington County, Vermont","109","100","9"
"1000000US500239548002001","Block 2001, Block Group 2, Census Tract 9548, Washington County, Vermont","0","0","0"
"1000000US500239548002002","Block 2002, Block Group 2, Census Tract 9548, Washington County, Vermont","0","0","0"
"1000000US500239548002003","Block 2003, Block Group 2, Census Tract 9548, Washington County, Vermont","0","0","0"
"1000000US500239548002004","Block 2004, Block Group 2, Census Tract 9548, Washington County, Vermont","16","14","2"
"1000000US500239548002005","Block 2005, Block Group 2, Census Tract 9548, Washington County, Vermont","141","136","5"
"1000000US500239548002006","Block 2006, Block Group 2, Census Tract 9548, Washington County, Vermont","40","39","1"
"1000000US500239548002007","Block 2007, Block Group 2, Census Tract 9548, Washington County, Vermont","23","20","3"
"1000000US500239548002008","Block 2008, Block Group 2, Census Tract 9548, Washington County, Vermont","0","0","0"
"1000000US500239548002009","Block 2009, Block Group 2, Census Tract 9548, Washington County, Vermont","0","0","0"
"1000000US500239548002010","Block 2010, Block Group 2, Census Tract 9548, Washington County, Vermont","0","0","0"
"1000000US500239548002011","Block 2011, Block Group 2, Census Tract 9548, Washington County, Vermont","0","0","0"
"1000000US500239548002012","Block 2012, Block Group 2, Census Tract 9548, Washington County, Vermont","0","0","0"
"1000000US500239548002013","Block 2013, Block Group 2, Census Tract 9548, Washington County, Vermont","0","0","0"
"1000000US500239548002014","Block 2014, Block Group 2, Census Tract 9548, Washington County, Vermont","39","38","1"
"1000000US500239548002015","Block 2015, Block Group 2, Census Tract 9548, Washington County, Vermont","4","4","0"
"1000000US500239548002016","Block 2016, Block Group 2, Census Tract 9548, Washington County, Vermont","25","25","0"
"1000000US500239548002017","Block 2017, Block Group 2, Census Tract 9548, Washington County, Vermont","82","79","3"
"1000000US500239548002018","Block 2018, Block Group 2, Census Tract 9548, Washington County, Vermont","2","2","0"
"1000000US500239548002019","Block 2019, Block Group 2, Census Tract 9548, Washington County, Vermont","16","16","0"
"1000000US500239548002020","Block 2020, Block Group 2, Census Tract 9548, Washington County, Vermont","16","16","0"
"1000000US500239548002021","Block 2021, Block Group 2, Census Tract 9548, Washington County, Vermont","14","12","2"
"1000000US500239548002022","Block 2022, Block Group 2, Census Tract 9548, Washington County, Vermont","6","6","0"
"1000000US500239548002023","Block 2023, Block Group 2, Census Tract 9548, Washington County, Vermont","12","12","0"
"1000000US500239548002024","Block 2024, Block Group 2, Census Tract 9548, Washington County, Vermont","13","13","0"
"1000000US500239548002025","Block 2025, Block Group 2, Census Tract 9548, Washington County, Vermont","29","26","3"
"1000000US500239548002026","Block 2026, Block Group 2, Census Tract 9548, Washington County, Vermont","7","4","3"
"1000000US500239549001000","Block 1000, Block Group 1, Census Tract 9549, Washington County, Vermont","0","0","0"
"1000000US500239549001001","Block 1001, Block Group 1, Census Tract 9549, Washington County, Vermont","0","0","0"
"1000000US500239549001002","Block 1002, Block Group 1, Census Tract 9549, Washington County, Vermont","0","0","0"
"1000000US500239549001003","Block 1003, Block Group 1, Census Tract 9549, Washington County, Vermont","0","0","0"
"1000000US500239549001004","Block 1004, Block Group 1, Census Tract 9549, Washington County, Vermont","0","0","0"
"1000000US500239549001005","Block 1005, Block Group 1, Census Tract 9549, Washington County, Vermont","0","0","0"
"1000000US500239549001006","Block 1006, Block Group 1, Census Tract 9549, Washington County, Vermont","0","0","0"
"1000000US500239549001007","Block 1007, Block Group 1, Census Tract 9549, Washington County, Vermont","0","0","0"
"1000000US500239549001008","Block 1008, Block Group 1, Census Tract 9549, Washington County, Vermont","0","0","0"
"1000000US500239549001009","Block 1009, Block Group 1, Census Tract 9549, Washington County, Vermont","21","17","4"
"1000000US500239549001010","Block 1010, Block Group 1, Census Tract 9549, Washington County, Vermont","0","0","0"
"1000000US500239549001011","Block 1011, Block Group 1, Census Tract 9549, Washington County, Vermont","0","0","0"
"1000000US500239549001012","Block 1012, Block Group 1, Census Tract 9549, Washington County, Vermont","39","30","9"
"1000000US500239549001013","Block 1013, Block Group 1, Census Tract 9549, Washington County, Vermont","1","1","0"
"1000000US500239549001014","Block 1014, Block Group 1, Census Tract 9549, Washington County, Vermont","36","36","0"
"1000000US500239549001015","Block 1015, Block Group 1, Census Tract 9549, Washington County, Vermont","228","218","10"
"1000000US500239549001016","Block 1016, Block Group 1, Census Tract 9549, Washington County, Vermont","1","1","0"
"1000000US500239549001017","Block 1017, Block Group 1, Census Tract 9549, Washington County, Vermont","24","23","1"
"1000000US500239549001018","Block 1018, Block Group 1, Census Tract 9549, Washington County, Vermont","0","0","0"
"1000000US500239549001019","Block 1019, Block Group 1, Census Tract 9549, Washington County, Vermont","0","0","0"
"1000000US500239549001020","Block 1020, Block Group 1, Census Tract 9549, Washington County, Vermont","0","0","0"
"1000000US500239549001021","Block 1021, Block Group 1, Census Tract 9549, Washington County, Vermont","3","3","0"
"1000000US500239549001022","Block 1022, Block Group 1, Census Tract 9549, Washington County, Vermont","8","8","0"
"1000000US500239549001023","Block 1023, Block Group 1, Census Tract 9549, Washington County, Vermont","0","0","0"
"1000000US500239549001024","Block 1024, Block Group 1, Census Tract 9549, Washington County, Vermont","0","0","0"
"1000000US500239549001025","Block 1025, Block Group 1, Census Tract 9549, Washington County, Vermont","44","40","4"
"1000000US500239549001026","Block 1026, Block Group 1, Census Tract 9549, Washington County, Vermont","12","9","3"
"1000000US500239549001027","Block 1027, Block Group 1, Census Tract 9549, Washington County, Vermont","4","4","0"
"1000000US500239549001028","Block 1028, Block Group 1, Census Tract 9549, Washington County, Vermont","37","35","2"
"1000000US500239549001029","Block 1029, Block Group 1, Census Tract 9549, Washington County, Vermont","0","0","0"
"1000000US500239549001030","Block 1030, Block Group 1, Census Tract 9549, Washington County, Vermont","6","6","0"
"1000000US500239549001031","Block 1031, Block Group 1, Census Tract 9549, Washington County, Vermont","0","0","0"
"1000000US500239549001032","Block 1032, Block Group 1, Census Tract 9549, Washington County, Vermont","0","0","0"
"1000000US500239549001033","Block 1033, Block Group 1, Census Tract 9549, Washington County, Vermont","0","0","0"
"1000000US500239549001034","Block 1034, Block Group 1, Census Tract 9549, Washington County, Vermont","0","0","0"
"1000000US500239549001035","Block 1035, Block Group 1, Census Tract 9549, Washington County, Vermont","0","0","0"
"1000000US500239549001036","Block 1036, Block Group 1, Census Tract 9549, Washington County, Vermont","0","0","0"
"1000000US500239549001037","Block 1037, Block Group 1, Census Tract 9549, Washington County, Vermont","0","0","0"
"1000000US500239549001038","Block 1038, Block Group 1, Census Tract 9549, Washington County, Vermont","0","0","0"
"1000000US500239549001039","Block 1039, Block Group 1, Census Tract 9549, Washington County, Vermont","0","0","0"
"1000000US500239549001040","Block 1040, Block Group 1, Census Tract 9549, Washington County, Vermont","1","1","0"
"1000000US500239549001041","Block 1041, Block Group 1, Census Tract 9549, Washington County, Vermont","0","0","0"
"1000000US500239549001042","Block 1042, Block Group 1, Census Tract 9549, Washington County, Vermont","0","0","0"
"1000000US500239549001043","Block 1043, Block Group 1, Census Tract 9549, Washington County, Vermont","0","0","0"
"1000000US500239549001044","Block 1044, Block Group 1, Census Tract 9549, Washington County, Vermont","0","0","0"
"1000000US500239549001045","Block 1045, Block Group 1, Census Tract 9549, Washington County, Vermont","0","0","0"
"1000000US500239549001046","Block 1046, Block Group 1, Census Tract 9549, Washington County, Vermont","0","0","0"
"1000000US500239549001047","Block 1047, Block Group 1, Census Tract 9549, Washington County, Vermont","0","0","0"
"1000000US500239549001048","Block 1048, Block Group 1, Census Tract 9549, Washington County, Vermont","0","0","0"
"1000000US500239549001049","Block 1049, Block Group 1, Census Tract 9549, Washington County, Vermont","0","0","0"
"1000000US500239549001050","Block 1050, Block Group 1, Census Tract 9549, Washington County, Vermont","0","0","0"
"1000000US500239549001051","Block 1051, Block Group 1, Census Tract 9549, Washington County, Vermont","0","0","0"
"1000000US500239549001052","Block 1052, Block Group 1, Census Tract 9549, Washington County, Vermont","1","1","0"
"1000000US500239549002000","Block 2000, Block Group 2, Census Tract 9549, Washington County, Vermont","0","0","0"
"1000000US500239549002001","Block 2001, Block Group 2, Census Tract 9549, Washington County, Vermont","0","0","0"
"1000000US500239549002002","Block 2002, Block Group 2, Census Tract 9549, Washington County, Vermont","0","0","0"
"1000000US500239549002003","Block 2003, Block Group 2, Census Tract 9549, Washington County, Vermont","0","0","0"
"1000000US500239549002004","Block 2004, Block Group 2, Census Tract 9549, Washington County, Vermont","0","0","0"
"1000000US500239549002005","Block 2005, Block Group 2, Census Tract 9549, Washington County, Vermont","0","0","0"
"1000000US500239549002006","Block 2006, Block Group 2, Census Tract 9549, Washington County, Vermont","3","3","0"
"1000000US500239549002007","Block 2007, Block Group 2, Census Tract 9549, Washington County, Vermont","160","155","5"
"1000000US500239549002008","Block 2008, Block Group 2, Census Tract 9549, Washington County, Vermont","11","11","0"
"1000000US500239549002009","Block 2009, Block Group 2, Census Tract 9549, Washington County, Vermont","21","20","1"
"1000000US500239549002010","Block 2010, Block Group 2, Census Tract 9549, Washington County, Vermont","0","0","0"
"1000000US500239549002011","Block 2011, Block Group 2, Census Tract 9549, Washington County, Vermont","18","18","0"
"1000000US500239549002012","Block 2012, Block Group 2, Census Tract 9549, Washington County, Vermont","14","14","0"
"1000000US500239549002013","Block 2013, Block Group 2, Census Tract 9549, Washington County, Vermont","35","35","0"
"1000000US500239549002014","Block 2014, Block Group 2, Census Tract 9549, Washington County, Vermont","24","23","1"
"1000000US500239549002015","Block 2015, Block Group 2, Census Tract 9549, Washington County, Vermont","13","11","2"
"1000000US500239549002016","Block 2016, Block Group 2, Census Tract 9549, Washington County, Vermont","148","141","7"
"1000000US500239549002017","Block 2017, Block Group 2, Census Tract 9549, Washington County, Vermont","6","6","0"
"1000000US500239549002018","Block 2018, Block Group 2, Census Tract 9549, Washington County, Vermont","8","7","1"
"1000000US500239549002019","Block 2019, Block Group 2, Census Tract 9549, Washington County, Vermont","0","0","0"
"1000000US500239549002020","Block 2020, Block Group 2, Census Tract 9549, Washington County, Vermont","0","0","0"
"1000000US500239549002021","Block 2021, Block Group 2, Census Tract 9549, Washington County, Vermont","0","0","0"
"1000000US500239549002022","Block 2022, Block Group 2, Census Tract 9549, Washington County, Vermont","1","0","1"
"1000000US500239549002023","Block 2023, Block Group 2, Census Tract 9549, Washington County, Vermont","0","0","0"
"1000000US500239549002024","Block 2024, Block Group 2, Census Tract 9549, Washington County, Vermont","0","0","0"
"1000000US500239549002025","Block 2025, Block Group 2, Census Tract 9549, Washington County, Vermont","23","23","0"
"1000000US500239549002026","Block 2026, Block Group 2, Census Tract 9549, Washington County, Vermont","44","43","1"
"1000000US500239549002027","Block 2027, Block Group 2, Census Tract 9549, Washington County, Vermont","5","5","0"
"1000000US500239549002028","Block 2028, Block Group 2, Census Tract 9549, Washington County, Vermont","0","0","0"
"1000000US500239549002029","Block 2029, Block Group 2, Census Tract 9549, Washington County, Vermont","0","0","0"
"1000000US500239550001000","Block 1000, Block Group 1, Census Tract 9550, Washington County, Vermont","8","8","0"
"1000000US500239550001001","Block 1001, Block Group 1, Census Tract 9550, Washington County, Vermont","2","2","0"
"1000000US500239550001002","Block 1002, Block Group 1, Census Tract 9550, Washington County, Vermont","25","23","2"
"1000000US500239550001003","Block 1003, Block Group 1, Census Tract 9550, Washington County, Vermont","0","0","0"
"1000000US500239550001004","Block 1004, Block Group 1, Census Tract 9550, Washington County, Vermont","2","2","0"
"1000000US500239550001005","Block 1005, Block Group 1, Census Tract 9550, Washington County, Vermont","0","0","0"
"1000000US500239550001006","Block 1006, Block Group 1, Census Tract 9550, Washington County, Vermont","7","7","0"
"1000000US500239550001007","Block 1007, Block Group 1, Census Tract 9550, Washington County, Vermont","0","0","0"
"1000000US500239550001008","Block 1008, Block Group 1, Census Tract 9550, Washington County, Vermont","32","28","4"
"1000000US500239550001009","Block 1009, Block Group 1, Census Tract 9550, Washington County, Vermont","0","0","0"
"1000000US500239550001010","Block 1010, Block Group 1, Census Tract 9550, Washington County, Vermont","0","0","0"
"1000000US500239550001011","Block 1011, Block Group 1, Census Tract 9550, Washington County, Vermont","8","7","1"
"1000000US500239550001012","Block 1012, Block Group 1, Census Tract 9550, Washington County, Vermont","4","3","1"
"1000000US500239550001013","Block 1013, Block Group 1, Census Tract 9550, Washington County, Vermont","32","31","1"
"1000000US500239550001014","Block 1014, Block Group 1, Census Tract 9550, Washington County, Vermont","0","0","0"
"1000000US500239550001015","Block 1015, Block Group 1, Census Tract 9550, Washington County, Vermont","6","4","2"
"1000000US500239550001016","Block 1016, Block Group 1, Census Tract 9550, Washington County, Vermont","1","1","0"
"1000000US500239550001017","Block 1017, Block Group 1, Census Tract 9550, Washington County, Vermont","0","0","0"
"1000000US500239550001018","Block 1018, Block Group 1, Census Tract 9550, Washington County, Vermont","0","0","0"
"1000000US500239550001019","Block 1019, Block Group 1, Census Tract 9550, Washington County, Vermont","0","0","0"
"1000000US500239550001020","Block 1020, Block Group 1, Census Tract 9550, Washington County, Vermont","2","2","0"
"1000000US500239550001021","Block 1021, Block Group 1, Census Tract 9550, Washington County, Vermont","7","6","1"
"1000000US500239550001022","Block 1022, Block Group 1, Census Tract 9550, Washington County, Vermont","16","16","0"
"1000000US500239550001023","Block 1023, Block Group 1, Census Tract 9550, Washington County, Vermont","23","22","1"
"1000000US500239550001024","Block 1024, Block Group 1, Census Tract 9550, Washington County, Vermont","0","0","0"
"1000000US500239550001025","Block 1025, Block Group 1, Census Tract 9550, Washington County, Vermont","43","40","3"
"1000000US500239550001026","Block 1026, Block Group 1, Census Tract 9550, Washington County, Vermont","11","10","1"
"1000000US500239550001027","Block 1027, Block Group 1, Census Tract 9550, Washington County, Vermont","0","0","0"
"1000000US500239550001028","Block 1028, Block Group 1, Census Tract 9550, Washington County, Vermont","0","0","0"
"1000000US500239550001029","Block 1029, Block Group 1, Census Tract 9550, Washington County, Vermont","64","62","2"
"1000000US500239550001030","Block 1030, Block Group 1, Census Tract 9550, Washington County, Vermont","31","29","2"
"1000000US500239550001031","Block 1031, Block Group 1, Census Tract 9550, Washington County, Vermont","7","7","0"
"1000000US500239550001032","Block 1032, Block Group 1, Census Tract 9550, Washington County, Vermont","4","4","0"
"1000000US500239550001033","Block 1033, Block Group 1, Census Tract 9550, Washington County, Vermont","20","18","2"
"1000000US500239550001034","Block 1034, Block Group 1, Census Tract 9550, Washington County, Vermont","17","16","1"
"1000000US500239550001035","Block 1035, Block Group 1, Census Tract 9550, Washington County, Vermont","0","0","0"
"1000000US500239550001036","Block 1036, Block Group 1, Census Tract 9550, Washington County, Vermont","4","4","0"
"1000000US500239550001037","Block 1037, Block Group 1, Census Tract 9550, Washington County, Vermont","7","7","0"
"1000000US500239550001038","Block 1038, Block Group 1, Census Tract 9550, Washington County, Vermont","0","0","0"
"1000000US500239550001039","Block 1039, Block Group 1, Census Tract 9550, Washington County, Vermont","6","5","1"
"1000000US500239550001040","Block 1040, Block Group 1, Census Tract 9550, Washington County, Vermont","0","0","0"
"1000000US500239550001041","Block 1041, Block Group 1, Census Tract 9550, Washington County, Vermont","4","4","0"
"1000000US500239550001042","Block 1042, Block Group 1, Census Tract 9550, Washington County, Vermont","23","22","1"
"1000000US500239550001043","Block 1043, Block Group 1, Census Tract 9550, Washington County, Vermont","22","21","1"
"1000000US500239550001044","Block 1044, Block Group 1, Census Tract 9550, Washington County, Vermont","0","0","0"
"1000000US500239550001045","Block 1045, Block Group 1, Census Tract 9550, Washington County, Vermont","0","0","0"
"1000000US500239550001046","Block 1046, Block Group 1, Census Tract 9550, Washington County, Vermont","21","21","0"
"1000000US500239550002000","Block 2000, Block Group 2, Census Tract 9550, Washington County, Vermont","8","8","0"
"1000000US500239550002001","Block 2001, Block Group 2, Census Tract 9550, Washington County, Vermont","3","3","0"
"1000000US500239550002002","Block 2002, Block Group 2, Census Tract 9550, Washington County, Vermont","0","0","0"
"1000000US500239550002003","Block 2003, Block Group 2, Census Tract 9550, Washington County, Vermont","2","2","0"
"1000000US500239550002004","Block 2004, Block Group 2, Census Tract 9550, Washington County, Vermont","1","1","0"
"1000000US500239550002005","Block 2005, Block Group 2, Census Tract 9550, Washington County, Vermont","0","0","0"
"1000000US500239550002006","Block 2006, Block Group 2, Census Tract 9550, Washington County, Vermont","27","27","0"
"1000000US500239550002007","Block 2007, Block Group 2, Census Tract 9550, Washington County, Vermont","0","0","0"
"1000000US500239550002008","Block 2008, Block Group 2, Census Tract 9550, Washington County, Vermont","0","0","0"
"1000000US500239550002009","Block 2009, Block Group 2, Census Tract 9550, Washington County, Vermont","21","21","0"
"1000000US500239550002010","Block 2010, Block Group 2, Census Tract 9550, Washington County, Vermont","0","0","0"
"1000000US500239550002011","Block 2011, Block Group 2, Census Tract 9550, Washington County, Vermont","3","3","0"
"1000000US500239550002012","Block 2012, Block Group 2, Census Tract 9550, Washington County, Vermont","15","13","2"
"1000000US500239550002013","Block 2013, Block Group 2, Census Tract 9550, Washington County, Vermont","0","0","0"
"1000000US500239550002014","Block 2014, Block Group 2, Census Tract 9550, Washington County, Vermont","20","19","1"
"1000000US500239550002015","Block 2015, Block Group 2, Census Tract 9550, Washington County, Vermont","0","0","0"
"1000000US500239550002016","Block 2016, Block Group 2, Census Tract 9550, Washington County, Vermont","22","21","1"
"1000000US500239550002017","Block 2017, Block Group 2, Census Tract 9550, Washington County, Vermont","1","1","0"
"1000000US500239550002018","Block 2018, Block Group 2, Census Tract 9550, Washington County, Vermont","2","2","0"
"1000000US500239550002019","Block 2019, Block Group 2, Census Tract 9550, Washington County, Vermont","27","26","1"
"1000000US500239550002020","Block 2020, Block Group 2, Census Tract 9550, Washington County, Vermont","0","0","0"
"1000000US500239550002021","Block 2021, Block Group 2, Census Tract 9550, Washington County, Vermont","0","0","0"
"1000000US500239550002022","Block 2022, Block Group 2, Census Tract 9550, Washington County, Vermont","36","35","1"
"1000000US500239550002023","Block 2023, Block Group 2, Census Tract 9550, Washington County, Vermont","14","13","1"
"1000000US500239550002024","Block 2024, Block Group 2, Census Tract 9550, Washington County, Vermont","19","18","1"
"1000000US500239550002025","Block 2025, Block Group 2, Census Tract 9550, Washington County, Vermont","4","4","0"
"1000000US500239550002026","Block 2026, Block Group 2, Census Tract 9550, Washington County, Vermont","1","1","0"
"1000000US500239550002027","Block 2027, Block Group 2, Census Tract 9550, Washington County, Vermont","0","0","0"
"1000000US500239550002028","Block 2028, Block Group 2, Census Tract 9550, Washington County, Vermont","0","0","0"
"1000000US500239550002029","Block 2029, Block Group 2, Census Tract 9550, Washington County, Vermont","2","2","0"
"1000000US500239550002030","Block 2030, Block Group 2, Census Tract 9550, Washington County, Vermont","0","0","0"
"1000000US500239550002031","Block 2031, Block Group 2, Census Tract 9550, Washington County, Vermont","14","14","0"
"1000000US500239550002032","Block 2032, Block Group 2, Census Tract 9550, Washington County, Vermont","0","0","0"
"1000000US500239550002033","Block 2033, Block Group 2, Census Tract 9550, Washington County, Vermont","49","47","2"
"1000000US500239550002034","Block 2034, Block Group 2, Census Tract 9550, Washington County, Vermont","26","24","2"
"1000000US500239550002035","Block 2035, Block Group 2, Census Tract 9550, Washington County, Vermont","7","7","0"
"1000000US500239550002036","Block 2036, Block Group 2, Census Tract 9550, Washington County, Vermont","6","6","0"
"1000000US500239550002037","Block 2037, Block Group 2, Census Tract 9550, Washington County, Vermont","6","5","1"
"1000000US500239550002038","Block 2038, Block Group 2, Census Tract 9550, Washington County, Vermont","3","3","0"
"1000000US500239550002039","Block 2039, Block Group 2, Census Tract 9550, Washington County, Vermont","0","0","0"
"1000000US500239550002040","Block 2040, Block Group 2, Census Tract 9550, Washington County, Vermont","12","12","0"
"1000000US500239550002041","Block 2041, Block Group 2, Census Tract 9550, Washington County, Vermont","6","6","0"
"1000000US500239550002042","Block 2042, Block Group 2, Census Tract 9550, Washington County, Vermont","2","2","0"
"1000000US500239550002043","Block 2043, Block Group 2, Census Tract 9550, Washington County, Vermont","5","5","0"
"1000000US500239550002044","Block 2044, Block Group 2, Census Tract 9550, Washington County, Vermont","5","5","0"
"1000000US500239550002045","Block 2045, Block Group 2, Census Tract 9550, Washington County, Vermont","2","2","0"
"1000000US500239550002046","Block 2046, Block Group 2, Census Tract 9550, Washington County, Vermont","0","0","0"
"1000000US500239550002047","Block 2047, Block Group 2, Census Tract 9550, Washington County, Vermont","1","1","0"
"1000000US500239550002048","Block 2048, Block Group 2, Census Tract 9550, Washington County, Vermont","6","6","0"
"1000000US500239550002049","Block 2049, Block Group 2, Census Tract 9550, Washington County, Vermont","0","0","0"
"1000000US500239550002050","Block 2050, Block Group 2, Census Tract 9550, Washington County, Vermont","3","2","1"
"1000000US500239550002051","Block 2051, Block Group 2, Census Tract 9550, Washington County, Vermont","0","0","0"
"1000000US500239550002052","Block 2052, Block Group 2, Census Tract 9550, Washington County, Vermont","0","0","0"
"1000000US500239550002053","Block 2053, Block Group 2, Census Tract 9550, Washington County, Vermont","0","0","0"
"1000000US500239550002054","Block 2054, Block Group 2, Census Tract 9550, Washington County, Vermont","4","4","0"
"1000000US500239550002055","Block 2055, Block Group 2, Census Tract 9550, Washington County, Vermont","1","1","0"
"1000000US500239550002056","Block 2056, Block Group 2, Census Tract 9550, Washington County, Vermont","9","8","1"
"1000000US500239550002057","Block 2057, Block Group 2, Census Tract 9550, Washington County, Vermont","12","9","3"
"1000000US500239550002058","Block 2058, Block Group 2, Census Tract 9550, Washington County, Vermont","0","0","0"
"1000000US500239550002059","Block 2059, Block Group 2, Census Tract 9550, Washington County, Vermont","0","0","0"
"1000000US500239550002060","Block 2060, Block Group 2, Census Tract 9550, Washington County, Vermont","1","1","0"
"1000000US500239550002061","Block 2061, Block Group 2, Census Tract 9550, Washington County, Vermont","0","0","0"
"1000000US500239550002062","Block 2062, Block Group 2, Census Tract 9550, Washington County, Vermont","0","0","0"
"1000000US500239550002063","Block 2063, Block Group 2, Census Tract 9550, Washington County, Vermont","7","6","1"
"1000000US500239550002064","Block 2064, Block Group 2, Census Tract 9550, Washington County, Vermont","1","0","1"
"1000000US500239550002065","Block 2065, Block Group 2, Census Tract 9550, Washington County, Vermont","0","0","0"
"1000000US500239550002066","Block 2066, Block Group 2, Census Tract 9550, Washington County, Vermont","4","4","0"
"1000000US500239550002067","Block 2067, Block Group 2, Census Tract 9550, Washington County, Vermont","43","37","6"
"1000000US500239550002068","Block 2068, Block Group 2, Census Tract 9550, Washington County, Vermont","6","6","0"
"1000000US500239550002069","Block 2069, Block Group 2, Census Tract 9550, Washington County, Vermont","1","1","0"
"1000000US500239550002070","Block 2070, Block Group 2, Census Tract 9550, Washington County, Vermont","105","100","5"
"1000000US500239550002071","Block 2071, Block Group 2, Census Tract 9550, Washington County, Vermont","0","0","0"
"1000000US500239550002072","Block 2072, Block Group 2, Census Tract 9550, Washington County, Vermont","0","0","0"
"1000000US500239550002073","Block 2073, Block Group 2, Census Tract 9550, Washington County, Vermont","7","7","0"
"1000000US500239550002074","Block 2074, Block Group 2, Census Tract 9550, Washington County, Vermont","0","0","0"
"1000000US500239550002075","Block 2075, Block Group 2, Census Tract 9550, Washington County, Vermont","7","7","0"
"1000000US500239550002076","Block 2076, Block Group 2, Census Tract 9550, Washington County, Vermont","0","0","0"
"1000000US500239550002077","Block 2077, Block Group 2, Census Tract 9550, Washington County, Vermont","0","0","0"
"1000000US500239550002078","Block 2078, Block Group 2, Census Tract 9550, Washington County, Vermont","8","8","0"
"1000000US500239550002079","Block 2079, Block Group 2, Census Tract 9550, Washington County, Vermont","0","0","0"
"1000000US500239550002080","Block 2080, Block Group 2, Census Tract 9550, Washington County, Vermont","1","1","0"
"1000000US500239550002081","Block 2081, Block Group 2, Census Tract 9550, Washington County, Vermont","0","0","0"
"1000000US500239550002082","Block 2082, Block Group 2, Census Tract 9550, Washington County, Vermont","2","2","0"
"1000000US500239550002083","Block 2083, Block Group 2, Census Tract 9550, Washington County, Vermont","6","5","1"
"1000000US500239550002084","Block 2084, Block Group 2, Census Tract 9550, Washington County, Vermont","5","4","1"
"1000000US500239550002085","Block 2085, Block Group 2, Census Tract 9550, Washington County, Vermont","2","2","0"
"1000000US500239550002086","Block 2086, Block Group 2, Census Tract 9550, Washington County, Vermont","2","2","0"
"1000000US500239550002087","Block 2087, Block Group 2, Census Tract 9550, Washington County, Vermont","2","2","0"
"1000000US500239550002088","Block 2088, Block Group 2, Census Tract 9550, Washington County, Vermont","0","0","0"
"1000000US500239550002089","Block 2089, Block Group 2, Census Tract 9550, Washington County, Vermont","3","3","0"
"1000000US500239550002090","Block 2090, Block Group 2, Census Tract 9550, Washington County, Vermont","0","0","0"
"1000000US500239550002091","Block 2091, Block Group 2, Census Tract 9550, Washington County, Vermont","11","10","1"
"1000000US500239550002092","Block 2092, Block Group 2, Census Tract 9550, Washington County, Vermont","24","24","0"
"1000000US500239550002093","Block 2093, Block Group 2, Census Tract 9550, Washington County, Vermont","8","8","0"
"1000000US500239550002094","Block 2094, Block Group 2, Census Tract 9550, Washington County, Vermont","0","0","0"
"1000000US500239550002095","Block 2095, Block Group 2, Census Tract 9550, Washington County, Vermont","7","7","0"
"1000000US500239550002096","Block 2096, Block Group 2, Census Tract 9550, Washington County, Vermont","0","0","0"
"1000000US500239551001000","Block 1000, Block Group 1, Census Tract 9551, Washington County, Vermont","7","7","0"
"1000000US500239551001001","Block 1001, Block Group 1, Census Tract 9551, Washington County, Vermont","0","0","0"
"1000000US500239551001002","Block 1002, Block Group 1, Census Tract 9551, Washington County, Vermont","0","0","0"
"1000000US500239551001003","Block 1003, Block Group 1, Census Tract 9551, Washington County, Vermont","0","0","0"
"1000000US500239551001004","Block 1004, Block Group 1, Census Tract 9551, Washington County, Vermont","0","0","0"
"1000000US500239551001005","Block 1005, Block Group 1, Census Tract 9551, Washington County, Vermont","0","0","0"
"1000000US500239551001006","Block 1006, Block Group 1, Census Tract 9551, Washington County, Vermont","7","5","2"
"1000000US500239551001007","Block 1007, Block Group 1, Census Tract 9551, Washington County, Vermont","0","0","0"
"1000000US500239551001008","Block 1008, Block Group 1, Census Tract 9551, Washington County, Vermont","80","76","4"
"1000000US500239551001009","Block 1009, Block Group 1, Census Tract 9551, Washington County, Vermont","4","4","0"
"1000000US500239551001010","Block 1010, Block Group 1, Census Tract 9551, Washington County, Vermont","18","16","2"
"1000000US500239551001011","Block 1011, Block Group 1, Census Tract 9551, Washington County, Vermont","7","7","0"
"1000000US500239551001012","Block 1012, Block Group 1, Census Tract 9551, Washington County, Vermont","61","57","4"
"1000000US500239551001013","Block 1013, Block Group 1, Census Tract 9551, Washington County, Vermont","0","0","0"
"1000000US500239551001014","Block 1014, Block Group 1, Census Tract 9551, Washington County, Vermont","1","1","0"
"1000000US500239551001015","Block 1015, Block Group 1, Census Tract 9551, Washington County, Vermont","0","0","0"
"1000000US500239551001016","Block 1016, Block Group 1, Census Tract 9551, Washington County, Vermont","0","0","0"
"1000000US500239551001017","Block 1017, Block Group 1, Census Tract 9551, Washington County, Vermont","8","6","2"
"1000000US500239551001018","Block 1018, Block Group 1, Census Tract 9551, Washington County, Vermont","1","0","1"
"1000000US500239551001019","Block 1019, Block Group 1, Census Tract 9551, Washington County, Vermont","14","13","1"
"1000000US500239551001020","Block 1020, Block Group 1, Census Tract 9551, Washington County, Vermont","23","21","2"
"1000000US500239551001021","Block 1021, Block Group 1, Census Tract 9551, Washington County, Vermont","7","7","0"
"1000000US500239551001022","Block 1022, Block Group 1, Census Tract 9551, Washington County, Vermont","39","30","9"
"1000000US500239551001023","Block 1023, Block Group 1, Census Tract 9551, Washington County, Vermont","2","2","0"
"1000000US500239551001024","Block 1024, Block Group 1, Census Tract 9551, Washington County, Vermont","46","39","7"
"1000000US500239551001025","Block 1025, Block Group 1, Census Tract 9551, Washington County, Vermont","25","21","4"
"1000000US500239551001026","Block 1026, Block Group 1, Census Tract 9551, Washington County, Vermont","5","5","0"
"1000000US500239551001027","Block 1027, Block Group 1, Census Tract 9551, Washington County, Vermont","37","29","8"
"1000000US500239551001028","Block 1028, Block Group 1, Census Tract 9551, Washington County, Vermont","155","147","8"
"1000000US500239551001029","Block 1029, Block Group 1, Census Tract 9551, Washington County, Vermont","5","5","0"
"1000000US500239551001030","Block 1030, Block Group 1, Census Tract 9551, Washington County, Vermont","8","8","0"
"1000000US500239551001031","Block 1031, Block Group 1, Census Tract 9551, Washington County, Vermont","36","34","2"
"1000000US500239551001032","Block 1032, Block Group 1, Census Tract 9551, Washington County, Vermont","41","37","4"
"1000000US500239551001033","Block 1033, Block Group 1, Census Tract 9551, Washington County, Vermont","56","51","5"
"1000000US500239551001034","Block 1034, Block Group 1, Census Tract 9551, Washington County, Vermont","20","17","3"
"1000000US500239551001035","Block 1035, Block Group 1, Census Tract 9551, Washington County, Vermont","27","27","0"
"1000000US500239551001036","Block 1036, Block Group 1, Census Tract 9551, Washington County, Vermont","0","0","0"
"1000000US500239551001037","Block 1037, Block Group 1, Census Tract 9551, Washington County, Vermont","0","0","0"
"1000000US500239551001038","Block 1038, Block Group 1, Census Tract 9551, Washington County, Vermont","0","0","0"
"1000000US500239551002000","Block 2000, Block Group 2, Census Tract 9551, Washington County, Vermont","3","3","0"
"1000000US500239551002001","Block 2001, Block Group 2, Census Tract 9551, Washington County, Vermont","12","11","1"
"1000000US500239551002002","Block 2002, Block Group 2, Census Tract 9551, Washington County, Vermont","5","5","0"
"1000000US500239551002003","Block 2003, Block Group 2, Census Tract 9551, Washington County, Vermont","5","4","1"
"1000000US500239551002004","Block 2004, Block Group 2, Census Tract 9551, Washington County, Vermont","8","7","1"
"1000000US500239551002005","Block 2005, Block Group 2, Census Tract 9551, Washington County, Vermont","2","2","0"
"1000000US500239551002006","Block 2006, Block Group 2, Census Tract 9551, Washington County, Vermont","11","11","0"
"1000000US500239551002007","Block 2007, Block Group 2, Census Tract 9551, Washington County, Vermont","10","10","0"
"1000000US500239551002008","Block 2008, Block Group 2, Census Tract 9551, Washington County, Vermont","40","37","3"
"1000000US500239551002009","Block 2009, Block Group 2, Census Tract 9551, Washington County, Vermont","5","5","0"
"1000000US500239551002010","Block 2010, Block Group 2, Census Tract 9551, Washington County, Vermont","10","10","0"
"1000000US500239551002011","Block 2011, Block Group 2, Census Tract 9551, Washington County, Vermont","20","20","0"
"1000000US500239551002012","Block 2012, Block Group 2, Census Tract 9551, Washington County, Vermont","0","0","0"
"1000000US500239551002013","Block 2013, Block Group 2, Census Tract 9551, Washington County, Vermont","9","9","0"
"1000000US500239551002014","Block 2014, Block Group 2, Census Tract 9551, Washington County, Vermont","7","7","0"
"1000000US500239551002015","Block 2015, Block Group 2, Census Tract 9551, Washington County, Vermont","12","12","0"
"1000000US500239551002016","Block 2016, Block Group 2, Census Tract 9551, Washington County, Vermont","21","20","1"
"1000000US500239551002017","Block 2017, Block Group 2, Census Tract 9551, Washington County, Vermont","19","17","2"
"1000000US500239551002018","Block 2018, Block Group 2, Census Tract 9551, Washington County, Vermont","20","19","1"
"1000000US500239551002019","Block 2019, Block Group 2, Census Tract 9551, Washington County, Vermont","1","1","0"
"1000000US500239551002020","Block 2020, Block Group 2, Census Tract 9551, Washington County, Vermont","4","4","0"
"1000000US500239551002021","Block 2021, Block Group 2, Census Tract 9551, Washington County, Vermont","33","32","1"
"1000000US500239551002022","Block 2022, Block Group 2, Census Tract 9551, Washington County, Vermont","43","42","1"
"1000000US500239551002023","Block 2023, Block Group 2, Census Tract 9551, Washington County, Vermont","15","15","0"
"1000000US500239551002024","Block 2024, Block Group 2, Census Tract 9551, Washington County, Vermont","97","93","4"
"1000000US500239551002025","Block 2025, Block Group 2, Census Tract 9551, Washington County, Vermont","6","5","1"
"1000000US500239551002026","Block 2026, Block Group 2, Census Tract 9551, Washington County, Vermont","0","0","0"
"1000000US500239551002027","Block 2027, Block Group 2, Census Tract 9551, Washington County, Vermont","0","0","0"
"1000000US500239551002028","Block 2028, Block Group 2, Census Tract 9551, Washington County, Vermont","27","25","2"
"1000000US500239551002029","Block 2029, Block Group 2, Census Tract 9551, Washington County, Vermont","4","2","2"
"1000000US500239551002030","Block 2030, Block Group 2, Census Tract 9551, Washington County, Vermont","8","7","1"
"1000000US500239551002031","Block 2031, Block Group 2, Census Tract 9551, Washington County, Vermont","6","5","1"
"1000000US500239551002032","Block 2032, Block Group 2, Census Tract 9551, Washington County, Vermont","4","4","0"
"1000000US500239551002033","Block 2033, Block Group 2, Census Tract 9551, Washington County, Vermont","20","20","0"
"1000000US500239551002034","Block 2034, Block Group 2, Census Tract 9551, Washington County, Vermont","11","11","0"
"1000000US500239551002035","Block 2035, Block Group 2, Census Tract 9551, Washington County, Vermont","18","17","1"
"1000000US500239551002036","Block 2036, Block Group 2, Census Tract 9551, Washington County, Vermont","29","27","2"
"1000000US500239551002037","Block 2037, Block Group 2, Census Tract 9551, Washington County, Vermont","14","13","1"
"1000000US500239551002038","Block 2038, Block Group 2, Census Tract 9551, Washington County, Vermont","7","7","0"
"1000000US500239551002039","Block 2039, Block Group 2, Census Tract 9551, Washington County, Vermont","3","3","0"
"1000000US500239551002040","Block 2040, Block Group 2, Census Tract 9551, Washington County, Vermont","14","12","2"
"1000000US500239551002041","Block 2041, Block Group 2, Census Tract 9551, Washington County, Vermont","5","5","0"
"1000000US500239551002042","Block 2042, Block Group 2, Census Tract 9551, Washington County, Vermont","13","12","1"
"1000000US500239551003000","Block 3000, Block Group 3, Census Tract 9551, Washington County, Vermont","128","118","10"
"1000000US500239551003001","Block 3001, Block Group 3, Census Tract 9551, Washington County, Vermont","14","14","0"
"1000000US500239551003002","Block 3002, Block Group 3, Census Tract 9551, Washington County, Vermont","7","6","1"
"1000000US500239551003003","Block 3003, Block Group 3, Census Tract 9551, Washington County, Vermont","14","12","2"
"1000000US500239551003004","Block 3004, Block Group 3, Census Tract 9551, Washington County, Vermont","7","7","0"
"1000000US500239551003005","Block 3005, Block Group 3, Census Tract 9551, Washington County, Vermont","52","52","0"
"1000000US500239551003006","Block 3006, Block Group 3, Census Tract 9551, Washington County, Vermont","33","32","1"
"1000000US500239551003007","Block 3007, Block Group 3, Census Tract 9551, Washington County, Vermont","10","9","1"
"1000000US500239551003008","Block 3008, Block Group 3, Census Tract 9551, Washington County, Vermont","15","14","1"
"1000000US500239551003009","Block 3009, Block Group 3, Census Tract 9551, Washington County, Vermont","3","3","0"
"1000000US500239551003010","Block 3010, Block Group 3, Census Tract 9551, Washington County, Vermont","11","11","0"
"1000000US500239551003011","Block 3011, Block Group 3, Census Tract 9551, Washington County, Vermont","0","0","0"
"1000000US500239551003012","Block 3012, Block Group 3, Census Tract 9551, Washington County, Vermont","6","6","0"
"1000000US500239551003013","Block 3013, Block Group 3, Census Tract 9551, Washington County, Vermont","9","8","1"
"1000000US500239551003014","Block 3014, Block Group 3, Census Tract 9551, Washington County, Vermont","5","5","0"
"1000000US500239551003015","Block 3015, Block Group 3, Census Tract 9551, Washington County, Vermont","8","8","0"
"1000000US500239551003016","Block 3016, Block Group 3, Census Tract 9551, Washington County, Vermont","11","11","0"
"1000000US500239551003017","Block 3017, Block Group 3, Census Tract 9551, Washington County, Vermont","34","31","3"
"1000000US500239551003018","Block 3018, Block Group 3, Census Tract 9551, Washington County, Vermont","20","17","3"
"1000000US500239551003019","Block 3019, Block Group 3, Census Tract 9551, Washington County, Vermont","66","58","8"
"1000000US500239551003020","Block 3020, Block Group 3, Census Tract 9551, Washington County, Vermont","0","0","0"
"1000000US500239551003021","Block 3021, Block Group 3, Census Tract 9551, Washington County, Vermont","0","0","0"
"1000000US500239551003022","Block 3022, Block Group 3, Census Tract 9551, Washington County, Vermont","19","17","2"
"1000000US500239551003023","Block 3023, Block Group 3, Census Tract 9551, Washington County, Vermont","16","10","6"
"1000000US500239551003024","Block 3024, Block Group 3, Census Tract 9551, Washington County, Vermont","6","2","4"
"1000000US500239551003025","Block 3025, Block Group 3, Census Tract 9551, Washington County, Vermont","15","10","5"
"1000000US500239551003026","Block 3026, Block Group 3, Census Tract 9551, Washington County, Vermont","10","10","0"
"1000000US500239551003027","Block 3027, Block Group 3, Census Tract 9551, Washington County, Vermont","0","0","0"
"1000000US500239551004000","Block 4000, Block Group 4, Census Tract 9551, Washington County, Vermont","24","22","2"
"1000000US500239551004001","Block 4001, Block Group 4, Census Tract 9551, Washington County, Vermont","25","23","2"
"1000000US500239551004002","Block 4002, Block Group 4, Census Tract 9551, Washington County, Vermont","11","8","3"
"1000000US500239551004003","Block 4003, Block Group 4, Census Tract 9551, Washington County, Vermont","14","12","2"
"1000000US500239551004004","Block 4004, Block Group 4, Census Tract 9551, Washington County, Vermont","13","13","0"
"1000000US500239551004005","Block 4005, Block Group 4, Census Tract 9551, Washington County, Vermont","49","43","6"
"1000000US500239551004006","Block 4006, Block Group 4, Census Tract 9551, Washington County, Vermont","1","0","1"
"1000000US500239551004007","Block 4007, Block Group 4, Census Tract 9551, Washington County, Vermont","81","73","8"
"1000000US500239551004008","Block 4008, Block Group 4, Census Tract 9551, Washington County, Vermont","34","26","8"
"1000000US500239551004009","Block 4009, Block Group 4, Census Tract 9551, Washington County, Vermont","11","11","0"
"1000000US500239551004010","Block 4010, Block Group 4, Census Tract 9551, Washington County, Vermont","5","5","0"
"1000000US500239551004011","Block 4011, Block Group 4, Census Tract 9551, Washington County, Vermont","0","0","0"
"1000000US500239551004012","Block 4012, Block Group 4, Census Tract 9551, Washington County, Vermont","18","17","1"
"1000000US500239551004013","Block 4013, Block Group 4, Census Tract 9551, Washington County, Vermont","50","46","4"
"1000000US500239551004014","Block 4014, Block Group 4, Census Tract 9551, Washington County, Vermont","47","45","2"
"1000000US500239551004015","Block 4015, Block Group 4, Census Tract 9551, Washington County, Vermont","93","87","6"
"1000000US500239551004016","Block 4016, Block Group 4, Census Tract 9551, Washington County, Vermont","0","0","0"
"1000000US500239551004017","Block 4017, Block Group 4, Census Tract 9551, Washington County, Vermont","26","22","4"
"1000000US500239551004018","Block 4018, Block Group 4, Census Tract 9551, Washington County, Vermont","18","16","2"
"1000000US500239552001000","Block 1000, Block Group 1, Census Tract 9552, Washington County, Vermont","0","0","0"
"1000000US500239552001001","Block 1001, Block Group 1, Census Tract 9552, Washington County, Vermont","108","105","3"
"1000000US500239552001002","Block 1002, Block Group 1, Census Tract 9552, Washington County, Vermont","11","8","3"
"1000000US500239552001003","Block 1003, Block Group 1, Census Tract 9552, Washington County, Vermont","20","14","6"
"1000000US500239552001004","Block 1004, Block Group 1, Census Tract 9552, Washington County, Vermont","8","8","0"
"1000000US500239552001005","Block 1005, Block Group 1, Census Tract 9552, Washington County, Vermont","14","9","5"
"1000000US500239552001006","Block 1006, Block Group 1, Census Tract 9552, Washington County, Vermont","32","27","5"
"1000000US500239552001007","Block 1007, Block Group 1, Census Tract 9552, Washington County, Vermont","29","28","1"
"1000000US500239552001008","Block 1008, Block Group 1, Census Tract 9552, Washington County, Vermont","22","19","3"
"1000000US500239552001009","Block 1009, Block Group 1, Census Tract 9552, Washington County, Vermont","16","15","1"
"1000000US500239552001010","Block 1010, Block Group 1, Census Tract 9552, Washington County, Vermont","13","9","4"
"1000000US500239552001011","Block 1011, Block Group 1, Census Tract 9552, Washington County, Vermont","23","19","4"
"1000000US500239552001012","Block 1012, Block Group 1, Census Tract 9552, Washington County, Vermont","5","5","0"
"1000000US500239552001013","Block 1013, Block Group 1, Census Tract 9552, Washington County, Vermont","89","84","5"
"1000000US500239552001014","Block 1014, Block Group 1, Census Tract 9552, Washington County, Vermont","14","11","3"
"1000000US500239552001015","Block 1015, Block Group 1, Census Tract 9552, Washington County, Vermont","13","10","3"
"1000000US500239552001016","Block 1016, Block Group 1, Census Tract 9552, Washington County, Vermont","32","28","4"
"1000000US500239552001017","Block 1017, Block Group 1, Census Tract 9552, Washington County, Vermont","7","7","0"
"1000000US500239552001018","Block 1018, Block Group 1, Census Tract 9552, Washington County, Vermont","7","6","1"
"1000000US500239552001019","Block 1019, Block Group 1, Census Tract 9552, Washington County, Vermont","20","18","2"
"1000000US500239552001020","Block 1020, Block Group 1, Census Tract 9552, Washington County, Vermont","11","11","0"
"1000000US500239552001021","Block 1021, Block Group 1, Census Tract 9552, Washington County, Vermont","0","0","0"
"1000000US500239552002000","Block 2000, Block Group 2, Census Tract 9552, Washington County, Vermont","0","0","0"
"1000000US500239552002001","Block 2001, Block Group 2, Census Tract 9552, Washington County, Vermont","53","45","8"
"1000000US500239552002002","Block 2002, Block Group 2, Census Tract 9552, Washington County, Vermont","0","0","0"
"1000000US500239552002003","Block 2003, Block Group 2, Census Tract 9552, Washington County, Vermont","0","0","0"
"1000000US500239552002004","Block 2004, Block Group 2, Census Tract 9552, Washington County, Vermont","3","3","0"
"1000000US500239552002005","Block 2005, Block Group 2, Census Tract 9552, Washington County, Vermont","0","0","0"
"1000000US500239552002006","Block 2006, Block Group 2, Census Tract 9552, Washington County, Vermont","22","18","4"
"1000000US500239552002007","Block 2007, Block Group 2, Census Tract 9552, Washington County, Vermont","0","0","0"
"1000000US500239552002008","Block 2008, Block Group 2, Census Tract 9552, Washington County, Vermont","3","3","0"
"1000000US500239552002009","Block 2009, Block Group 2, Census Tract 9552, Washington County, Vermont","19","15","4"
"1000000US500239552002010","Block 2010, Block Group 2, Census Tract 9552, Washington County, Vermont","0","0","0"
"1000000US500239552002011","Block 2011, Block Group 2, Census Tract 9552, Washington County, Vermont","2","2","0"
"1000000US500239552002012","Block 2012, Block Group 2, Census Tract 9552, Washington County, Vermont","43","41","2"
"1000000US500239552002013","Block 2013, Block Group 2, Census Tract 9552, Washington County, Vermont","9","9","0"
"1000000US500239552002014","Block 2014, Block Group 2, Census Tract 9552, Washington County, Vermont","7","7","0"
"1000000US500239552002015","Block 2015, Block Group 2, Census Tract 9552, Washington County, Vermont","4","3","1"
"1000000US500239552002016","Block 2016, Block Group 2, Census Tract 9552, Washington County, Vermont","0","0","0"
"1000000US500239552002017","Block 2017, Block Group 2, Census Tract 9552, Washington County, Vermont","22","20","2"
"1000000US500239552002018","Block 2018, Block Group 2, Census Tract 9552, Washington County, Vermont","2","2","0"
"1000000US500239552002019","Block 2019, Block Group 2, Census Tract 9552, Washington County, Vermont","8","8","0"
"1000000US500239552002020","Block 2020, Block Group 2, Census Tract 9552, Washington County, Vermont","6","5","1"
"1000000US500239552002021","Block 2021, Block Group 2, Census Tract 9552, Washington County, Vermont","4","4","0"
"1000000US500239552002022","Block 2022, Block Group 2, Census Tract 9552, Washington County, Vermont","58","56","2"
"1000000US500239552002023","Block 2023, Block Group 2, Census Tract 9552, Washington County, Vermont","9","8","1"
"1000000US500239552002024","Block 2024, Block Group 2, Census Tract 9552, Washington County, Vermont","6","6","0"
"1000000US500239552002025","Block 2025, Block Group 2, Census Tract 9552, Washington County, Vermont","9","9","0"
"1000000US500239552002026","Block 2026, Block Group 2, Census Tract 9552, Washington County, Vermont","12","12","0"
"1000000US500239552003000","Block 3000, Block Group 3, Census Tract 9552, Washington County, Vermont","18","16","2"
"1000000US500239552003001","Block 3001, Block Group 3, Census Tract 9552, Washington County, Vermont","42","36","6"
"1000000US500239552003002","Block 3002, Block Group 3, Census Tract 9552, Washington County, Vermont","10","10","0"
"1000000US500239552003003","Block 3003, Block Group 3, Census Tract 9552, Washington County, Vermont","0","0","0"
"1000000US500239552003004","Block 3004, Block Group 3, Census Tract 9552, Washington County, Vermont","56","47","9"
"1000000US500239552003005","Block 3005, Block Group 3, Census Tract 9552, Washington County, Vermont","15","14","1"
"1000000US500239552003006","Block 3006, Block Group 3, Census Tract 9552, Washington County, Vermont","126","121","5"
"1000000US500239552003007","Block 3007, Block Group 3, Census Tract 9552, Washington County, Vermont","5","5","0"
"1000000US500239552003008","Block 3008, Block Group 3, Census Tract 9552, Washington County, Vermont","0","0","0"
"1000000US500239552003009","Block 3009, Block Group 3, Census Tract 9552, Washington County, Vermont","0","0","0"
"1000000US500239552003010","Block 3010, Block Group 3, Census Tract 9552, Washington County, Vermont","1","1","0"
"1000000US500239552003011","Block 3011, Block Group 3, Census Tract 9552, Washington County, Vermont","13","13","0"
"1000000US500239552003012","Block 3012, Block Group 3, Census Tract 9552, Washington County, Vermont","15","14","1"
"1000000US500239552003013","Block 3013, Block Group 3, Census Tract 9552, Washington County, Vermont","3","3","0"
"1000000US500239552003014","Block 3014, Block Group 3, Census Tract 9552, Washington County, Vermont","2","2","0"
"1000000US500239552003015","Block 3015, Block Group 3, Census Tract 9552, Washington County, Vermont","4","4","0"
"1000000US500239552003016","Block 3016, Block Group 3, Census Tract 9552, Washington County, Vermont","6","6","0"
"1000000US500239552004000","Block 4000, Block Group 4, Census Tract 9552, Washington County, Vermont","0","0","0"
"1000000US500239552004001","Block 4001, Block Group 4, Census Tract 9552, Washington County, Vermont","16","15","1"
"1000000US500239552004002","Block 4002, Block Group 4, Census Tract 9552, Washington County, Vermont","42","40","2"
"1000000US500239552004003","Block 4003, Block Group 4, Census Tract 9552, Washington County, Vermont","0","0","0"
"1000000US500239552004004","Block 4004, Block Group 4, Census Tract 9552, Washington County, Vermont","0","0","0"
"1000000US500239552004005","Block 4005, Block Group 4, Census Tract 9552, Washington County, Vermont","0","0","0"
"1000000US500239552004006","Block 4006, Block Group 4, Census Tract 9552, Washington County, Vermont","0","0","0"
"1000000US500239552004007","Block 4007, Block Group 4, Census Tract 9552, Washington County, Vermont","11","7","4"
"1000000US500239552004008","Block 4008, Block Group 4, Census Tract 9552, Washington County, Vermont","0","0","0"
"1000000US500239552004009","Block 4009, Block Group 4, Census Tract 9552, Washington County, Vermont","0","0","0"
"1000000US500239552004010","Block 4010, Block Group 4, Census Tract 9552, Washington County, Vermont","0","0","0"
"1000000US500239552004011","Block 4011, Block Group 4, Census Tract 9552, Washington County, Vermont","0","0","0"
"1000000US500239552004012","Block 4012, Block Group 4, Census Tract 9552, Washington County, Vermont","0","0","0"
"1000000US500239552004013","Block 4013, Block Group 4, Census Tract 9552, Washington County, Vermont","13","10","3"
"1000000US500239552004014","Block 4014, Block Group 4, Census Tract 9552, Washington County, Vermont","49","46","3"
"1000000US500239552004015","Block 4015, Block Group 4, Census Tract 9552, Washington County, Vermont","1","1","0"
"1000000US500239552004016","Block 4016, Block Group 4, Census Tract 9552, Washington County, Vermont","4","4","0"
"1000000US500239552004017","Block 4017, Block Group 4, Census Tract 9552, Washington County, Vermont","9","7","2"
"1000000US500239552004018","Block 4018, Block Group 4, Census Tract 9552, Washington County, Vermont","9","8","1"
"1000000US500239552004019","Block 4019, Block Group 4, Census Tract 9552, Washington County, Vermont","181","169","12"
"1000000US500239552004020","Block 4020, Block Group 4, Census Tract 9552, Washington County, Vermont","11","10","1"
"1000000US500239552004021","Block 4021, Block Group 4, Census Tract 9552, Washington County, Vermont","1","1","0"
"1000000US500239552004022","Block 4022, Block Group 4, Census Tract 9552, Washington County, Vermont","31","31","0"
"1000000US500239552004023","Block 4023, Block Group 4, Census Tract 9552, Washington County, Vermont","32","32","0"
"1000000US500239552004024","Block 4024, Block Group 4, Census Tract 9552, Washington County, Vermont","6","5","1"
"1000000US500239552004025","Block 4025, Block Group 4, Census Tract 9552, Washington County, Vermont","4","4","0"
"1000000US500239552004026","Block 4026, Block Group 4, Census Tract 9552, Washington County, Vermont","0","0","0"
"1000000US500239552004027","Block 4027, Block Group 4, Census Tract 9552, Washington County, Vermont","0","0","0"
"1000000US500239552005000","Block 5000, Block Group 5, Census Tract 9552, Washington County, Vermont","0","0","0"
"1000000US500239552005001","Block 5001, Block Group 5, Census Tract 9552, Washington County, Vermont","0","0","0"
"1000000US500239552005002","Block 5002, Block Group 5, Census Tract 9552, Washington County, Vermont","0","0","0"
"1000000US500239552005003","Block 5003, Block Group 5, Census Tract 9552, Washington County, Vermont","0","0","0"
"1000000US500239552005004","Block 5004, Block Group 5, Census Tract 9552, Washington County, Vermont","4","4","0"
"1000000US500239552005005","Block 5005, Block Group 5, Census Tract 9552, Washington County, Vermont","4","4","0"
"1000000US500239552005006","Block 5006, Block Group 5, Census Tract 9552, Washington County, Vermont","0","0","0"
"1000000US500239552005007","Block 5007, Block Group 5, Census Tract 9552, Washington County, Vermont","0","0","0"
"1000000US500239552005008","Block 5008, Block Group 5, Census Tract 9552, Washington County, Vermont","17","17","0"
"1000000US500239552005009","Block 5009, Block Group 5, Census Tract 9552, Washington County, Vermont","9","6","3"
"1000000US500239552005010","Block 5010, Block Group 5, Census Tract 9552, Washington County, Vermont","1","0","1"
"1000000US500239552005011","Block 5011, Block Group 5, Census Tract 9552, Washington County, Vermont","17","16","1"
"1000000US500239552005012","Block 5012, Block Group 5, Census Tract 9552, Washington County, Vermont","0","0","0"
"1000000US500239552005013","Block 5013, Block Group 5, Census Tract 9552, Washington County, Vermont","0","0","0"
"1000000US500239552005014","Block 5014, Block Group 5, Census Tract 9552, Washington County, Vermont","0","0","0"
"1000000US500239552005015","Block 5015, Block Group 5, Census Tract 9552, Washington County, Vermont","16","14","2"
"1000000US500239552005016","Block 5016, Block Group 5, Census Tract 9552, Washington County, Vermont","0","0","0"
"1000000US500239552005017","Block 5017, Block Group 5, Census Tract 9552, Washington County, Vermont","0","0","0"
"1000000US500239552005018","Block 5018, Block Group 5, Census Tract 9552, Washington County, Vermont","0","0","0"
"1000000US500239552005019","Block 5019, Block Group 5, Census Tract 9552, Washington County, Vermont","8","6","2"
"1000000US500239552005020","Block 5020, Block Group 5, Census Tract 9552, Washington County, Vermont","0","0","0"
"1000000US500239552005021","Block 5021, Block Group 5, Census Tract 9552, Washington County, Vermont","16","14","2"
"1000000US500239552005022","Block 5022, Block Group 5, Census Tract 9552, Washington County, Vermont","82","78","4"
"1000000US500239552005023","Block 5023, Block Group 5, Census Tract 9552, Washington County, Vermont","20","19","1"
"1000000US500239552005024","Block 5024, Block Group 5, Census Tract 9552, Washington County, Vermont","15","15","0"
"1000000US500239552005025","Block 5025, Block Group 5, Census Tract 9552, Washington County, Vermont","0","0","0"
"1000000US500239552005026","Block 5026, Block Group 5, Census Tract 9552, Washington County, Vermont","9","9","0"
"1000000US500239552005027","Block 5027, Block Group 5, Census Tract 9552, Washington County, Vermont","27","25","2"
"1000000US500239552005028","Block 5028, Block Group 5, Census Tract 9552, Washington County, Vermont","5","5","0"
"1000000US500239552005029","Block 5029, Block Group 5, Census Tract 9552, Washington County, Vermont","14","14","0"
"1000000US500239552006000","Block 6000, Block Group 6, Census Tract 9552, Washington County, Vermont","0","0","0"
"1000000US500239552006001","Block 6001, Block Group 6, Census Tract 9552, Washington County, Vermont","0","0","0"
"1000000US500239552006002","Block 6002, Block Group 6, Census Tract 9552, Washington County, Vermont","0","0","0"
"1000000US500239552006003","Block 6003, Block Group 6, Census Tract 9552, Washington County, Vermont","0","0","0"
"1000000US500239552006004","Block 6004, Block Group 6, Census Tract 9552, Washington County, Vermont","87","80","7"
"1000000US500239552006005","Block 6005, Block Group 6, Census Tract 9552, Washington County, Vermont","10","10","0"
"1000000US500239552006006","Block 6006, Block Group 6, Census Tract 9552, Washington County, Vermont","0","0","0"
"1000000US500239552006007","Block 6007, Block Group 6, Census Tract 9552, Washington County, Vermont","8","8","0"
"1000000US500239552006008","Block 6008, Block Group 6, Census Tract 9552, Washington County, Vermont","0","0","0"
"1000000US500239552006009","Block 6009, Block Group 6, Census Tract 9552, Washington County, Vermont","0","0","0"
"1000000US500239552006010","Block 6010, Block Group 6, Census Tract 9552, Washington County, Vermont","0","0","0"
"1000000US500239552006011","Block 6011, Block Group 6, Census Tract 9552, Washington County, Vermont","0","0","0"
"1000000US500239552006012","Block 6012, Block Group 6, Census Tract 9552, Washington County, Vermont","86","78","8"
"1000000US500239552006013","Block 6013, Block Group 6, Census Tract 9552, Washington County, Vermont","16","16","0"
"1000000US500239552006014","Block 6014, Block Group 6, Census Tract 9552, Washington County, Vermont","1","1","0"
"1000000US500239552006015","Block 6015, Block Group 6, Census Tract 9552, Washington County, Vermont","1","1","0"
"1000000US500239552006016","Block 6016, Block Group 6, Census Tract 9552, Washington County, Vermont","1","1","0"
"1000000US500239552006017","Block 6017, Block Group 6, Census Tract 9552, Washington County, Vermont","0","0","0"
"1000000US500239552006018","Block 6018, Block Group 6, Census Tract 9552, Washington County, Vermont","0","0","0"
"1000000US500239552006019","Block 6019, Block Group 6, Census Tract 9552, Washington County, Vermont","119","114","5"
"1000000US500239552006020","Block 6020, Block Group 6, Census Tract 9552, Washington County, Vermont","0","0","0"
"1000000US500239552006021","Block 6021, Block Group 6, Census Tract 9552, Washington County, Vermont","0","0","0"
"1000000US500239553001000","Block 1000, Block Group 1, Census Tract 9553, Washington County, Vermont","92","88","4"
"1000000US500239553001001","Block 1001, Block Group 1, Census Tract 9553, Washington County, Vermont","1","1","0"
"1000000US500239553001002","Block 1002, Block Group 1, Census Tract 9553, Washington County, Vermont","12","12","0"
"1000000US500239553001003","Block 1003, Block Group 1, Census Tract 9553, Washington County, Vermont","17","17","0"
"1000000US500239553001004","Block 1004, Block Group 1, Census Tract 9553, Washington County, Vermont","25","24","1"
"1000000US500239553001005","Block 1005, Block Group 1, Census Tract 9553, Washington County, Vermont","131","131","0"
"1000000US500239553001006","Block 1006, Block Group 1, Census Tract 9553, Washington County, Vermont","51","49","2"
"1000000US500239553001007","Block 1007, Block Group 1, Census Tract 9553, Washington County, Vermont","3","3","0"
"1000000US500239553001008","Block 1008, Block Group 1, Census Tract 9553, Washington County, Vermont","6","5","1"
"1000000US500239553001009","Block 1009, Block Group 1, Census Tract 9553, Washington County, Vermont","35","32","3"
"1000000US500239553001010","Block 1010, Block Group 1, Census Tract 9553, Washington County, Vermont","11","11","0"
"1000000US500239553001011","Block 1011, Block Group 1, Census Tract 9553, Washington County, Vermont","10","9","1"
"1000000US500239553001012","Block 1012, Block Group 1, Census Tract 9553, Washington County, Vermont","5","5","0"
"1000000US500239553001013","Block 1013, Block Group 1, Census Tract 9553, Washington County, Vermont","34","33","1"
"1000000US500239553001014","Block 1014, Block Group 1, Census Tract 9553, Washington County, Vermont","2","2","0"
"1000000US500239553001015","Block 1015, Block Group 1, Census Tract 9553, Washington County, Vermont","3","3","0"
"1000000US500239553001016","Block 1016, Block Group 1, Census Tract 9553, Washington County, Vermont","10","9","1"
"1000000US500239553001017","Block 1017, Block Group 1, Census Tract 9553, Washington County, Vermont","29","28","1"
"1000000US500239553001018","Block 1018, Block Group 1, Census Tract 9553, Washington County, Vermont","71","67","4"
"1000000US500239553001019","Block 1019, Block Group 1, Census Tract 9553, Washington County, Vermont","10","10","0"
"1000000US500239553001020","Block 1020, Block Group 1, Census Tract 9553, Washington County, Vermont","10","9","1"
"1000000US500239553001021","Block 1021, Block Group 1, Census Tract 9553, Washington County, Vermont","5","5","0"
"1000000US500239553001022","Block 1022, Block Group 1, Census Tract 9553, Washington County, Vermont","9","9","0"
"1000000US500239553001023","Block 1023, Block Group 1, Census Tract 9553, Washington County, Vermont","23","20","3"
"1000000US500239553001024","Block 1024, Block Group 1, Census Tract 9553, Washington County, Vermont","10","10","0"
"1000000US500239553001025","Block 1025, Block Group 1, Census Tract 9553, Washington County, Vermont","7","6","1"
"1000000US500239553001026","Block 1026, Block Group 1, Census Tract 9553, Washington County, Vermont","0","0","0"
"1000000US500239553001027","Block 1027, Block Group 1, Census Tract 9553, Washington County, Vermont","2","2","0"
"1000000US500239553001028","Block 1028, Block Group 1, Census Tract 9553, Washington County, Vermont","0","0","0"
"1000000US500239553001029","Block 1029, Block Group 1, Census Tract 9553, Washington County, Vermont","4","4","0"
"1000000US500239553001030","Block 1030, Block Group 1, Census Tract 9553, Washington County, Vermont","0","0","0"
"1000000US500239553002000","Block 2000, Block Group 2, Census Tract 9553, Washington County, Vermont","67","64","3"
"1000000US500239553002001","Block 2001, Block Group 2, Census Tract 9553, Washington County, Vermont","0","0","0"
"1000000US500239553002002","Block 2002, Block Group 2, Census Tract 9553, Washington County, Vermont","1","1","0"
"1000000US500239553002003","Block 2003, Block Group 2, Census Tract 9553, Washington County, Vermont","1","1","0"
"1000000US500239553002004","Block 2004, Block Group 2, Census Tract 9553, Washington County, Vermont","25","24","1"
"1000000US500239553002005","Block 2005, Block Group 2, Census Tract 9553, Washington County, Vermont","2","2","0"
"1000000US500239553002006","Block 2006, Block Group 2, Census Tract 9553, Washington County, Vermont","1","1","0"
"1000000US500239553002007","Block 2007, Block Group 2, Census Tract 9553, Washington County, Vermont","1","1","0"
"1000000US500239553002008","Block 2008, Block Group 2, Census Tract 9553, Washington County, Vermont","10","9","1"
"1000000US500239553002009","Block 2009, Block Group 2, Census Tract 9553, Washington County, Vermont","13","13","0"
"1000000US500239553002010","Block 2010, Block Group 2, Census Tract 9553, Washington County, Vermont","40","40","0"
"1000000US500239553002011","Block 2011, Block Group 2, Census Tract 9553, Washington County, Vermont","1","1","0"
"1000000US500239553002012","Block 2012, Block Group 2, Census Tract 9553, Washington County, Vermont","1","1","0"
"1000000US500239553002013","Block 2013, Block Group 2, Census Tract 9553, Washington County, Vermont","2","2","0"
"1000000US500239553002014","Block 2014, Block Group 2, Census Tract 9553, Washington County, Vermont","47","43","4"
"1000000US500239553002015","Block 2015, Block Group 2, Census Tract 9553, Washington County, Vermont","1","1","0"
"1000000US500239553002016","Block 2016, Block Group 2, Census Tract 9553, Washington County, Vermont","8","8","0"
"1000000US500239553002017","Block 2017, Block Group 2, Census Tract 9553, Washington County, Vermont","8","8","0"
"1000000US500239553002018","Block 2018, Block Group 2, Census Tract 9553, Washington County, Vermont","56","55","1"
"1000000US500239553002019","Block 2019, Block Group 2, Census Tract 9553, Washington County, Vermont","7","6","1"
"1000000US500239553002020","Block 2020, Block Group 2, Census Tract 9553, Washington County, Vermont","4","4","0"
"1000000US500239553002021","Block 2021, Block Group 2, Census Tract 9553, Washington County, Vermont","10","10","0"
"1000000US500239553002022","Block 2022, Block Group 2, Census Tract 9553, Washington County, Vermont","10","10","0"
"1000000US500239553002023","Block 2023, Block Group 2, Census Tract 9553, Washington County, Vermont","2","2","0"
"1000000US500239553002024","Block 2024, Block Group 2, Census Tract 9553, Washington County, Vermont","13","13","0"
"1000000US500239553002025","Block 2025, Block Group 2, Census Tract 9553, Washington County, Vermont","56","53","3"
"1000000US500239553002026","Block 2026, Block Group 2, Census Tract 9553, Washington County, Vermont","7","7","0"
"1000000US500239553002027","Block 2027, Block Group 2, Census Tract 9553, Washington County, Vermont","129","123","6"
"1000000US500239553002028","Block 2028, Block Group 2, Census Tract 9553, Washington County, Vermont","7","7","0"
"1000000US500239553002029","Block 2029, Block Group 2, Census Tract 9553, Washington County, Vermont","17","17","0"
"1000000US500239553002030","Block 2030, Block Group 2, Census Tract 9553, Washington County, Vermont","0","0","0"
"1000000US500239553002031","Block 2031, Block Group 2, Census Tract 9553, Washington County, Vermont","0","0","0"
"1000000US500239553002032","Block 2032, Block Group 2, Census Tract 9553, Washington County, Vermont","13","12","1"
"1000000US500239553002033","Block 2033, Block Group 2, Census Tract 9553, Washington County, Vermont","6","6","0"
"1000000US500239553002034","Block 2034, Block Group 2, Census Tract 9553, Washington County, Vermont","7","7","0"
"1000000US500239553002035","Block 2035, Block Group 2, Census Tract 9553, Washington County, Vermont","4","4","0"
"1000000US500239553002036","Block 2036, Block Group 2, Census Tract 9553, Washington County, Vermont","15","15","0"
"1000000US500239553002037","Block 2037, Block Group 2, Census Tract 9553, Washington County, Vermont","16","14","2"
"1000000US500239553002038","Block 2038, Block Group 2, Census Tract 9553, Washington County, Vermont","13","12","1"
"1000000US500239553002039","Block 2039, Block Group 2, Census Tract 9553, Washington County, Vermont","15","15","0"
"1000000US500239553002040","Block 2040, Block Group 2, Census Tract 9553, Washington County, Vermont","15","15","0"
"1000000US500239553002041","Block 2041, Block Group 2, Census Tract 9553, Washington County, Vermont","0","0","0"
"1000000US500239553003000","Block 3000, Block Group 3, Census Tract 9553, Washington County, Vermont","22","22","0"
"1000000US500239553003001","Block 3001, Block Group 3, Census Tract 9553, Washington County, Vermont","14","14","0"
"1000000US500239553003002","Block 3002, Block Group 3, Census Tract 9553, Washington County, Vermont","0","0","0"
"1000000US500239553003003","Block 3003, Block Group 3, Census Tract 9553, Washington County, Vermont","0","0","0"
"1000000US500239553003004","Block 3004, Block Group 3, Census Tract 9553, Washington County, Vermont","0","0","0"
"1000000US500239553003005","Block 3005, Block Group 3, Census Tract 9553, Washington County, Vermont","13","13","0"
"1000000US500239553003006","Block 3006, Block Group 3, Census Tract 9553, Washington County, Vermont","49","47","2"
"1000000US500239553003007","Block 3007, Block Group 3, Census Tract 9553, Washington County, Vermont","6","6","0"
"1000000US500239553003008","Block 3008, Block Group 3, Census Tract 9553, Washington County, Vermont","6","6","0"
"1000000US500239553003009","Block 3009, Block Group 3, Census Tract 9553, Washington County, Vermont","8","7","1"
"1000000US500239553003010","Block 3010, Block Group 3, Census Tract 9553, Washington County, Vermont","17","17","0"
"1000000US500239553003011","Block 3011, Block Group 3, Census Tract 9553, Washington County, Vermont","156","153","3"
"1000000US500239553003012","Block 3012, Block Group 3, Census Tract 9553, Washington County, Vermont","10","10","0"
"1000000US500239553003013","Block 3013, Block Group 3, Census Tract 9553, Washington County, Vermont","13","13","0"
"1000000US500239553003014","Block 3014, Block Group 3, Census Tract 9553, Washington County, Vermont","1","1","0"
"1000000US500239553003015","Block 3015, Block Group 3, Census Tract 9553, Washington County, Vermont","42","42","0"
"1000000US500239553003016","Block 3016, Block Group 3, Census Tract 9553, Washington County, Vermont","17","17","0"
"1000000US500239553003017","Block 3017, Block Group 3, Census Tract 9553, Washington County, Vermont","10","8","2"
"1000000US500239553003018","Block 3018, Block Group 3, Census Tract 9553, Washington County, Vermont","0","0","0"
"1000000US500239553003019","Block 3019, Block Group 3, Census Tract 9553, Washington County, Vermont","12","12","0"
"1000000US500239554001000","Block 1000, Block Group 1, Census Tract 9554, Washington County, Vermont","0","0","0"
"1000000US500239554001001","Block 1001, Block Group 1, Census Tract 9554, Washington County, Vermont","24","23","1"
"1000000US500239554001002","Block 1002, Block Group 1, Census Tract 9554, Washington County, Vermont","3","2","1"
"1000000US500239554001003","Block 1003, Block Group 1, Census Tract 9554, Washington County, Vermont","0","0","0"
"1000000US500239554001004","Block 1004, Block Group 1, Census Tract 9554, Washington County, Vermont","57","55","2"
"1000000US500239554001005","Block 1005, Block Group 1, Census Tract 9554, Washington County, Vermont","0","0","0"
"1000000US500239554001006","Block 1006, Block Group 1, Census Tract 9554, Washington County, Vermont","3","3","0"
"1000000US500239554001007","Block 1007, Block Group 1, Census Tract 9554, Washington County, Vermont","0","0","0"
"1000000US500239554001008","Block 1008, Block Group 1, Census Tract 9554, Washington County, Vermont","16","14","2"
"1000000US500239554001009","Block 1009, Block Group 1, Census Tract 9554, Washington County, Vermont","0","0","0"
"1000000US500239554001010","Block 1010, Block Group 1, Census Tract 9554, Washington County, Vermont","0","0","0"
"1000000US500239554001011","Block 1011, Block Group 1, Census Tract 9554, Washington County, Vermont","11","11","0"
"1000000US500239554001012","Block 1012, Block Group 1, Census Tract 9554, Washington County, Vermont","0","0","0"
"1000000US500239554001013","Block 1013, Block Group 1, Census Tract 9554, Washington County, Vermont","0","0","0"
"1000000US500239554001014","Block 1014, Block Group 1, Census Tract 9554, Washington County, Vermont","1","1","0"
"1000000US500239554001015","Block 1015, Block Group 1, Census Tract 9554, Washington County, Vermont","0","0","0"
"1000000US500239554001016","Block 1016, Block Group 1, Census Tract 9554, Washington County, Vermont","0","0","0"
"1000000US500239554001017","Block 1017, Block Group 1, Census Tract 9554, Washington County, Vermont","12","12","0"
"1000000US500239554001018","Block 1018, Block Group 1, Census Tract 9554, Washington County, Vermont","0","0","0"
"1000000US500239554001019","Block 1019, Block Group 1, Census Tract 9554, Washington County, Vermont","52","49","3"
"1000000US500239554001020","Block 1020, Block Group 1, Census Tract 9554, Washington County, Vermont","19","18","1"
"1000000US500239554001021","Block 1021, Block Group 1, Census Tract 9554, Washington County, Vermont","0","0","0"
"1000000US500239554001022","Block 1022, Block Group 1, Census Tract 9554, Washington County, Vermont","49","43","6"
"1000000US500239554001023","Block 1023, Block Group 1, Census Tract 9554, Washington County, Vermont","6","5","1"
"1000000US500239554001024","Block 1024, Block Group 1, Census Tract 9554, Washington County, Vermont","48","44","4"
"1000000US500239554001025","Block 1025, Block Group 1, Census Tract 9554, Washington County, Vermont","5","5","0"
"1000000US500239554001026","Block 1026, Block Group 1, Census Tract 9554, Washington County, Vermont","18","16","2"
"1000000US500239554001027","Block 1027, Block Group 1, Census Tract 9554, Washington County, Vermont","9","8","1"
"1000000US500239554001028","Block 1028, Block Group 1, Census Tract 9554, Washington County, Vermont","68","64","4"
"1000000US500239554001029","Block 1029, Block Group 1, Census Tract 9554, Washington County, Vermont","0","0","0"
"1000000US500239554001030","Block 1030, Block Group 1, Census Tract 9554, Washington County, Vermont","16","16","0"
"1000000US500239554001031","Block 1031, Block Group 1, Census Tract 9554, Washington County, Vermont","0","0","0"
"1000000US500239554001032","Block 1032, Block Group 1, Census Tract 9554, Washington County, Vermont","14","14","0"
"1000000US500239554001033","Block 1033, Block Group 1, Census Tract 9554, Washington County, Vermont","0","0","0"
"1000000US500239554001034","Block 1034, Block Group 1, Census Tract 9554, Washington County, Vermont","1","1","0"
"1000000US500239554001035","Block 1035, Block Group 1, Census Tract 9554, Washington County, Vermont","2","2","0"
"1000000US500239554001036","Block 1036, Block Group 1, Census Tract 9554, Washington County, Vermont","5","5","0"
"1000000US500239554001037","Block 1037, Block Group 1, Census Tract 9554, Washington County, Vermont","0","0","0"
"1000000US500239554001038","Block 1038, Block Group 1, Census Tract 9554, Washington County, Vermont","0","0","0"
"1000000US500239554002000","Block 2000, Block Group 2, Census Tract 9554, Washington County, Vermont","0","0","0"
"1000000US500239554002001","Block 2001, Block Group 2, Census Tract 9554, Washington County, Vermont","16","16","0"
"1000000US500239554002002","Block 2002, Block Group 2, Census Tract 9554, Washington County, Vermont","146","134","12"
"1000000US500239554002003","Block 2003, Block Group 2, Census Tract 9554, Washington County, Vermont","18","17","1"
"1000000US500239554002004","Block 2004, Block Group 2, Census Tract 9554, Washington County, Vermont","0","0","0"
"1000000US500239554002005","Block 2005, Block Group 2, Census Tract 9554, Washington County, Vermont","0","0","0"
"1000000US500239554002006","Block 2006, Block Group 2, Census Tract 9554, Washington County, Vermont","3","2","1"
"1000000US500239554002007","Block 2007, Block Group 2, Census Tract 9554, Washington County, Vermont","14","14","0"
"1000000US500239554002008","Block 2008, Block Group 2, Census Tract 9554, Washington County, Vermont","28","28","0"
"1000000US500239554002009","Block 2009, Block Group 2, Census Tract 9554, Washington County, Vermont","5","5","0"
"1000000US500239554002010","Block 2010, Block Group 2, Census Tract 9554, Washington County, Vermont","24","23","1"
"1000000US500239554002011","Block 2011, Block Group 2, Census Tract 9554, Washington County, Vermont","7","7","0"
"1000000US500239554002012","Block 2012, Block Group 2, Census Tract 9554, Washington County, Vermont","10","10","0"
"1000000US500239554002013","Block 2013, Block Group 2, Census Tract 9554, Washington County, Vermont","80","64","16"
"1000000US500239554002014","Block 2014, Block Group 2, Census Tract 9554, Washington County, Vermont","0","0","0"
"1000000US500239554002015","Block 2015, Block Group 2, Census Tract 9554, Washington County, Vermont","9","9","0"
"1000000US500239554002016","Block 2016, Block Group 2, Census Tract 9554, Washington County, Vermont","0","0","0"
"1000000US500239554002017","Block 2017, Block Group 2, Census Tract 9554, Washington County, Vermont","1","1","0"
"1000000US500239554002018","Block 2018, Block Group 2, Census Tract 9554, Washington County, Vermont","12","12","0"
"1000000US500239554002019","Block 2019, Block Group 2, Census Tract 9554, Washington County, Vermont","73","69","4"
"1000000US500239554002020","Block 2020, Block Group 2, Census Tract 9554, Washington County, Vermont","15","13","2"
"1000000US500239554002021","Block 2021, Block Group 2, Census Tract 9554, Washington County, Vermont","19","18","1"
"1000000US500239554002022","Block 2022, Block Group 2, Census Tract 9554, Washington County, Vermont","0","0","0"
"1000000US500239554002023","Block 2023, Block Group 2, Census Tract 9554, Washington County, Vermont","4","4","0"
"1000000US500239554002024","Block 2024, Block Group 2, Census Tract 9554, Washington County, Vermont","7","5","2"
"1000000US500239554002025","Block 2025, Block Group 2, Census Tract 9554, Washington County, Vermont","0","0","0"
"1000000US500239554002026","Block 2026, Block Group 2, Census Tract 9554, Washington County, Vermont","8","8","0"
"1000000US500239554002027","Block 2027, Block Group 2, Census Tract 9554, Washington County, Vermont","5","5","0"
"1000000US500239554002028","Block 2028, Block Group 2, Census Tract 9554, Washington County, Vermont","12","12","0"
"1000000US500239554002029","Block 2029, Block Group 2, Census Tract 9554, Washington County, Vermont","0","0","0"
"1000000US500239554002030","Block 2030, Block Group 2, Census Tract 9554, Washington County, Vermont","11","11","0"
"1000000US500239554002031","Block 2031, Block Group 2, Census Tract 9554, Washington County, Vermont","46","35","11"
"1000000US500239554002032","Block 2032, Block Group 2, Census Tract 9554, Washington County, Vermont","0","0","0"
"1000000US500239554002033","Block 2033, Block Group 2, Census Tract 9554, Washington County, Vermont","0","0","0"
"1000000US500239554002034","Block 2034, Block Group 2, Census Tract 9554, Washington County, Vermont","12","11","1"
"1000000US500239554002035","Block 2035, Block Group 2, Census Tract 9554, Washington County, Vermont","62","58","4"
"1000000US500239554002036","Block 2036, Block Group 2, Census Tract 9554, Washington County, Vermont","49","45","4"
"1000000US500239554002037","Block 2037, Block Group 2, Census Tract 9554, Washington County, Vermont","22","21","1"
"1000000US500239554002038","Block 2038, Block Group 2, Census Tract 9554, Washington County, Vermont","1","1","0"
"1000000US500239554002039","Block 2039, Block Group 2, Census Tract 9554, Washington County, Vermont","16","15","1"
"1000000US500239554002040","Block 2040, Block Group 2, Census Tract 9554, Washington County, Vermont","0","0","0"
"1000000US500239554002041","Block 2041, Block Group 2, Census Tract 9554, Washington County, Vermont","26","26","0"
"1000000US500239554002042","Block 2042, Block Group 2, Census Tract 9554, Washington County, Vermont","18","11","7"
"1000000US500239554003000","Block 3000, Block Group 3, Census Tract 9554, Washington County, Vermont","7","7","0"
"1000000US500239554003001","Block 3001, Block Group 3, Census Tract 9554, Washington County, Vermont","7","6","1"
"1000000US500239554003002","Block 3002, Block Group 3, Census Tract 9554, Washington County, Vermont","0","0","0"
"1000000US500239554003003","Block 3003, Block Group 3, Census Tract 9554, Washington County, Vermont","7","7","0"
"1000000US500239554003004","Block 3004, Block Group 3, Census Tract 9554, Washington County, Vermont","8","8","0"
"1000000US500239554003005","Block 3005, Block Group 3, Census Tract 9554, Washington County, Vermont","1","1","0"
"1000000US500239554003006","Block 3006, Block Group 3, Census Tract 9554, Washington County, Vermont","4","4","0"
"1000000US500239554003007","Block 3007, Block Group 3, Census Tract 9554, Washington County, Vermont","2","2","0"
"1000000US500239554003008","Block 3008, Block Group 3, Census Tract 9554, Washington County, Vermont","7","6","1"
"1000000US500239554003009","Block 3009, Block Group 3, Census Tract 9554, Washington County, Vermont","10","10","0"
"1000000US500239554003010","Block 3010, Block Group 3, Census Tract 9554, Washington County, Vermont","11","11","0"
"1000000US500239554003011","Block 3011, Block Group 3, Census Tract 9554, Washington County, Vermont","14","11","3"
"1000000US500239554003012","Block 3012, Block Group 3, Census Tract 9554, Washington County, Vermont","5","4","1"
"1000000US500239554003013","Block 3013, Block Group 3, Census Tract 9554, Washington County, Vermont","5","5","0"
"1000000US500239554003014","Block 3014, Block Group 3, Census Tract 9554, Washington County, Vermont","0","0","0"
"1000000US500239554003015","Block 3015, Block Group 3, Census Tract 9554, Washington County, Vermont","2","2","0"
"1000000US500239554003016","Block 3016, Block Group 3, Census Tract 9554, Washington County, Vermont","2","2","0"
"1000000US500239554003017","Block 3017, Block Group 3, Census Tract 9554, Washington County, Vermont","2","2","0"
"1000000US500239554003018","Block 3018, Block Group 3, Census Tract 9554, Washington County, Vermont","7","7","0"
"1000000US500239554003019","Block 3019, Block Group 3, Census Tract 9554, Washington County, Vermont","0","0","0"
"1000000US500239554003020","Block 3020, Block Group 3, Census Tract 9554, Washington County, Vermont","0","0","0"
"1000000US500239554003021","Block 3021, Block Group 3, Census Tract 9554, Washington County, Vermont","3","3","0"
"1000000US500239554003022","Block 3022, Block Group 3, Census Tract 9554, Washington County, Vermont","119","114","5"
"1000000US500239554003023","Block 3023, Block Group 3, Census Tract 9554, Washington County, Vermont","10","10","0"
"1000000US500239554003024","Block 3024, Block Group 3, Census Tract 9554, Washington County, Vermont","5","5","0"
"1000000US500239554003025","Block 3025, Block Group 3, Census Tract 9554, Washington County, Vermont","2","2","0"
"1000000US500239554003026","Block 3026, Block Group 3, Census Tract 9554, Washington County, Vermont","20","19","1"
"1000000US500239554003027","Block 3027, Block Group 3, Census Tract 9554, Washington County, Vermont","0","0","0"
"1000000US500239554003028","Block 3028, Block Group 3, Census Tract 9554, Washington County, Vermont","21","20","1"
"1000000US500239554003029","Block 3029, Block Group 3, Census Tract 9554, Washington County, Vermont","19","19","0"
"1000000US500239554003030","Block 3030, Block Group 3, Census Tract 9554, Washington County, Vermont","13","13","0"
"1000000US500239554003031","Block 3031, Block Group 3, Census Tract 9554, Washington County, Vermont","5","5","0"
"1000000US500239554003032","Block 3032, Block Group 3, Census Tract 9554, Washington County, Vermont","5","5","0"
"1000000US500239554003033","Block 3033, Block Group 3, Census Tract 9554, Washington County, Vermont","3","3","0"
"1000000US500239554003034","Block 3034, Block Group 3, Census Tract 9554, Washington County, Vermont","3","3","0"
"1000000US500239554003035","Block 3035, Block Group 3, Census Tract 9554, Washington County, Vermont","0","0","0"
"1000000US500239554003036","Block 3036, Block Group 3, Census Tract 9554, Washington County, Vermont","1","1","0"
"1000000US500239554003037","Block 3037, Block Group 3, Census Tract 9554, Washington County, Vermont","32","30","2"
"1000000US500239554003038","Block 3038, Block Group 3, Census Tract 9554, Washington County, Vermont","5","3","2"
"1000000US500239554003039","Block 3039, Block Group 3, Census Tract 9554, Washington County, Vermont","77","75","2"
"1000000US500239554003040","Block 3040, Block Group 3, Census Tract 9554, Washington County, Vermont","10","10","0"
"1000000US500239554003041","Block 3041, Block Group 3, Census Tract 9554, Washington County, Vermont","1","1","0"
"1000000US500239554003042","Block 3042, Block Group 3, Census Tract 9554, Washington County, Vermont","27","27","0"
"1000000US500239554003043","Block 3043, Block Group 3, Census Tract 9554, Washington County, Vermont","0","0","0"
"1000000US500239554003044","Block 3044, Block Group 3, Census Tract 9554, Washington County, Vermont","27","25","2"
"1000000US500239555001000","Block 1000, Block Group 1, Census Tract 9555, Washington County, Vermont","21","20","1"
"1000000US500239555001001","Block 1001, Block Group 1, Census Tract 9555, Washington County, Vermont","0","0","0"
"1000000US500239555001002","Block 1002, Block Group 1, Census Tract 9555, Washington County, Vermont","0","0","0"
"1000000US500239555001003","Block 1003, Block Group 1, Census Tract 9555, Washington County, Vermont","0","0","0"
"1000000US500239555001004","Block 1004, Block Group 1, Census Tract 9555, Washington County, Vermont","6","4","2"
"1000000US500239555001005","Block 1005, Block Group 1, Census Tract 9555, Washington County, Vermont","0","0","0"
"1000000US500239555001006","Block 1006, Block Group 1, Census Tract 9555, Washington County, Vermont","197","175","22"
"1000000US500239555001007","Block 1007, Block Group 1, Census Tract 9555, Washington County, Vermont","33","30","3"
"1000000US500239555001008","Block 1008, Block Group 1, Census Tract 9555, Washington County, Vermont","21","20","1"
"1000000US500239555001009","Block 1009, Block Group 1, Census Tract 9555, Washington County, Vermont","4","4","0"
"1000000US500239555001010","Block 1010, Block Group 1, Census Tract 9555, Washington County, Vermont","4","4","0"
"1000000US500239555001011","Block 1011, Block Group 1, Census Tract 9555, Washington County, Vermont","1","1","0"
"1000000US500239555001012","Block 1012, Block Group 1, Census Tract 9555, Washington County, Vermont","0","0","0"
"1000000US500239555001013","Block 1013, Block Group 1, Census Tract 9555, Washington County, Vermont","12","12","0"
"1000000US500239555001014","Block 1014, Block Group 1, Census Tract 9555, Washington County, Vermont","0","0","0"
"1000000US500239555001015","Block 1015, Block Group 1, Census Tract 9555, Washington County, Vermont","43","40","3"
"1000000US500239555001016","Block 1016, Block Group 1, Census Tract 9555, Washington County, Vermont","6","6","0"
"1000000US500239555001017","Block 1017, Block Group 1, Census Tract 9555, Washington County, Vermont","58","48","10"
"1000000US500239555001018","Block 1018, Block Group 1, Census Tract 9555, Washington County, Vermont","18","18","0"
"1000000US500239555001019","Block 1019, Block Group 1, Census Tract 9555, Washington County, Vermont","0","0","0"
"1000000US500239555001020","Block 1020, Block Group 1, Census Tract 9555, Washington County, Vermont","0","0","0"
"1000000US500239555001021","Block 1021, Block Group 1, Census Tract 9555, Washington County, Vermont","9","8","1"
"1000000US500239555001022","Block 1022, Block Group 1, Census Tract 9555, Washington County, Vermont","3","3","0"
"1000000US500239555001023","Block 1023, Block Group 1, Census Tract 9555, Washington County, Vermont","3","3","0"
"1000000US500239555001024","Block 1024, Block Group 1, Census Tract 9555, Washington County, Vermont","1","1","0"
"1000000US500239555001025","Block 1025, Block Group 1, Census Tract 9555, Washington County, Vermont","0","0","0"
"1000000US500239555001026","Block 1026, Block Group 1, Census Tract 9555, Washington County, Vermont","0","0","0"
"1000000US500239555001027","Block 1027, Block Group 1, Census Tract 9555, Washington County, Vermont","30","29","1"
"1000000US500239555001028","Block 1028, Block Group 1, Census Tract 9555, Washington County, Vermont","21","19","2"
"1000000US500239555001029","Block 1029, Block Group 1, Census Tract 9555, Washington County, Vermont","2","2","0"
"1000000US500239555001030","Block 1030, Block Group 1, Census Tract 9555, Washington County, Vermont","22","19","3"
"1000000US500239555001031","Block 1031, Block Group 1, Census Tract 9555, Washington County, Vermont","0","0","0"
"1000000US500239555001032","Block 1032, Block Group 1, Census Tract 9555, Washington County, Vermont","5","5","0"
"1000000US500239555001033","Block 1033, Block Group 1, Census Tract 9555, Washington County, Vermont","0","0","0"
"1000000US500239555001034","Block 1034, Block Group 1, Census Tract 9555, Washington County, Vermont","1","1","0"
"1000000US500239555001035","Block 1035, Block Group 1, Census Tract 9555, Washington County, Vermont","0","0","0"
"1000000US500239555001036","Block 1036, Block Group 1, Census Tract 9555, Washington County, Vermont","80","78","2"
"1000000US500239555001037","Block 1037, Block Group 1, Census Tract 9555, Washington County, Vermont","3","2","1"
"1000000US500239555001038","Block 1038, Block Group 1, Census Tract 9555, Washington County, Vermont","0","0","0"
"1000000US500239555001039","Block 1039, Block Group 1, Census Tract 9555, Washington County, Vermont","13","10","3"
"1000000US500239555001040","Block 1040, Block Group 1, Census Tract 9555, Washington County, Vermont","39","38","1"
"1000000US500239555001041","Block 1041, Block Group 1, Census Tract 9555, Washington County, Vermont","0","0","0"
"1000000US500239555001042","Block 1042, Block Group 1, Census Tract 9555, Washington County, Vermont","0","0","0"
"1000000US500239555001043","Block 1043, Block Group 1, Census Tract 9555, Washington County, Vermont","0","0","0"
"1000000US500239555001044","Block 1044, Block Group 1, Census Tract 9555, Washington County, Vermont","2","2","0"
"1000000US500239555002000","Block 2000, Block Group 2, Census Tract 9555, Washington County, Vermont","1","0","1"
"1000000US500239555002001","Block 2001, Block Group 2, Census Tract 9555, Washington County, Vermont","19","17","2"
"1000000US500239555002002","Block 2002, Block Group 2, Census Tract 9555, Washington County, Vermont","0","0","0"
"1000000US500239555002003","Block 2003, Block Group 2, Census Tract 9555, Washington County, Vermont","2","2","0"
"1000000US500239555002004","Block 2004, Block Group 2, Census Tract 9555, Washington County, Vermont","54","43","11"
"1000000US500239555002005","Block 2005, Block Group 2, Census Tract 9555, Washington County, Vermont","2","2","0"
"1000000US500239555002006","Block 2006, Block Group 2, Census Tract 9555, Washington County, Vermont","2","2","0"
"1000000US500239555002007","Block 2007, Block Group 2, Census Tract 9555, Washington County, Vermont","8","6","2"
"1000000US500239555002008","Block 2008, Block Group 2, Census Tract 9555, Washington County, Vermont","2","2","0"
"1000000US500239555002009","Block 2009, Block Group 2, Census Tract 9555, Washington County, Vermont","0","0","0"
"1000000US500239555002010","Block 2010, Block Group 2, Census Tract 9555, Washington County, Vermont","0","0","0"
"1000000US500239555002011","Block 2011, Block Group 2, Census Tract 9555, Washington County, Vermont","0","0","0"
"1000000US500239555002012","Block 2012, Block Group 2, Census Tract 9555, Washington County, Vermont","0","0","0"
"1000000US500239555002013","Block 2013, Block Group 2, Census Tract 9555, Washington County, Vermont","4","2","2"
"1000000US500239555002014","Block 2014, Block Group 2, Census Tract 9555, Washington County, Vermont","1","1","0"
"1000000US500239555002015","Block 2015, Block Group 2, Census Tract 9555, Washington County, Vermont","0","0","0"
"1000000US500239555002016","Block 2016, Block Group 2, Census Tract 9555, Washington County, Vermont","0","0","0"
"1000000US500239555002017","Block 2017, Block Group 2, Census Tract 9555, Washington County, Vermont","29","11","18"
"1000000US500239555002018","Block 2018, Block Group 2, Census Tract 9555, Washington County, Vermont","0","0","0"
"1000000US500239555002019","Block 2019, Block Group 2, Census Tract 9555, Washington County, Vermont","0","0","0"
"1000000US500239555002020","Block 2020, Block Group 2, Census Tract 9555, Washington County, Vermont","19","18","1"
"1000000US500239555002021","Block 2021, Block Group 2, Census Tract 9555, Washington County, Vermont","0","0","0"
"1000000US500239555002022","Block 2022, Block Group 2, Census Tract 9555, Washington County, Vermont","0","0","0"
"1000000US500239555002023","Block 2023, Block Group 2, Census Tract 9555, Washington County, Vermont","5","5","0"
"1000000US500239555002024","Block 2024, Block Group 2, Census Tract 9555, Washington County, Vermont","32","23","9"
"1000000US500239555002025","Block 2025, Block Group 2, Census Tract 9555, Washington County, Vermont","2","1","1"
"1000000US500239555002026","Block 2026, Block Group 2, Census Tract 9555, Washington County, Vermont","25","17","8"
"1000000US500239555002027","Block 2027, Block Group 2, Census Tract 9555, Washington County, Vermont","0","0","0"
"1000000US500239555002028","Block 2028, Block Group 2, Census Tract 9555, Washington County, Vermont","0","0","0"
"1000000US500239555002029","Block 2029, Block Group 2, Census Tract 9555, Washington County, Vermont","1","1","0"
"1000000US500239555002030","Block 2030, Block Group 2, Census Tract 9555, Washington County, Vermont","3","2","1"
"1000000US500239555002031","Block 2031, Block Group 2, Census Tract 9555, Washington County, Vermont","8","6","2"
"1000000US500239555002032","Block 2032, Block Group 2, Census Tract 9555, Washington County, Vermont","0","0","0"
"1000000US500239555002033","Block 2033, Block Group 2, Census Tract 9555, Washington County, Vermont","9","7","2"
"1000000US500239555002034","Block 2034, Block Group 2, Census Tract 9555, Washington County, Vermont","5","4","1"
"1000000US500239555002035","Block 2035, Block Group 2, Census Tract 9555, Washington County, Vermont","9","8","1"
"1000000US500239555002036","Block 2036, Block Group 2, Census Tract 9555, Washington County, Vermont","11","8","3"
"1000000US500239555002037","Block 2037, Block Group 2, Census Tract 9555, Washington County, Vermont","26","12","14"
"1000000US500239555002038","Block 2038, Block Group 2, Census Tract 9555, Washington County, Vermont","0","0","0"
"1000000US500239555002039","Block 2039, Block Group 2, Census Tract 9555, Washington County, Vermont","0","0","0"
"1000000US500239555002040","Block 2040, Block Group 2, Census Tract 9555, Washington County, Vermont","5","3","2"
"1000000US500239555002041","Block 2041, Block Group 2, Census Tract 9555, Washington County, Vermont","0","0","0"
"1000000US500239555002042","Block 2042, Block Group 2, Census Tract 9555, Washington County, Vermont","0","0","0"
"1000000US500239555002043","Block 2043, Block Group 2, Census Tract 9555, Washington County, Vermont","2","1","1"
"1000000US500239555002044","Block 2044, Block Group 2, Census Tract 9555, Washington County, Vermont","1","0","1"
"1000000US500239555002045","Block 2045, Block Group 2, Census Tract 9555, Washington County, Vermont","0","0","0"
"1000000US500239555002046","Block 2046, Block Group 2, Census Tract 9555, Washington County, Vermont","0","0","0"
"1000000US500239555002047","Block 2047, Block Group 2, Census Tract 9555, Washington County, Vermont","3","3","0"
"1000000US500239555002048","Block 2048, Block Group 2, Census Tract 9555, Washington County, Vermont","71","40","31"
"1000000US500239555002049","Block 2049, Block Group 2, Census Tract 9555, Washington County, Vermont","0","0","0"
"1000000US500239555002050","Block 2050, Block Group 2, Census Tract 9555, Washington County, Vermont","0","0","0"
"1000000US500239555002051","Block 2051, Block Group 2, Census Tract 9555, Washington County, Vermont","2","1","1"
"1000000US500239555002052","Block 2052, Block Group 2, Census Tract 9555, Washington County, Vermont","0","0","0"
"1000000US500239555002053","Block 2053, Block Group 2, Census Tract 9555, Washington County, Vermont","2","2","0"
"1000000US500239555002054","Block 2054, Block Group 2, Census Tract 9555, Washington County, Vermont","2","2","0"
"1000000US500239555002055","Block 2055, Block Group 2, Census Tract 9555, Washington County, Vermont","0","0","0"
"1000000US500239555002056","Block 2056, Block Group 2, Census Tract 9555, Washington County, Vermont","7","6","1"
"1000000US500239555002057","Block 2057, Block Group 2, Census Tract 9555, Washington County, Vermont","0","0","0"
"1000000US500239555002058","Block 2058, Block Group 2, Census Tract 9555, Washington County, Vermont","0","0","0"
"1000000US500239555002059","Block 2059, Block Group 2, Census Tract 9555, Washington County, Vermont","1","1","0"
"1000000US500239555002060","Block 2060, Block Group 2, Census Tract 9555, Washington County, Vermont","18","10","8"
"1000000US500239555002061","Block 2061, Block Group 2, Census Tract 9555, Washington County, Vermont","0","0","0"
"1000000US500239555002062","Block 2062, Block Group 2, Census Tract 9555, Washington County, Vermont","23","15","8"
"1000000US500239555002063","Block 2063, Block Group 2, Census Tract 9555, Washington County, Vermont","0","0","0"
"1000000US500239555002064","Block 2064, Block Group 2, Census Tract 9555, Washington County, Vermont","0","0","0"
"1000000US500239555002065","Block 2065, Block Group 2, Census Tract 9555, Washington County, Vermont","1","1","0"
"1000000US500239555002066","Block 2066, Block Group 2, Census Tract 9555, Washington County, Vermont","0","0","0"
"1000000US500239555002067","Block 2067, Block Group 2, Census Tract 9555, Washington County, Vermont","0","0","0"
"1000000US500239555002068","Block 2068, Block Group 2, Census Tract 9555, Washington County, Vermont","3","0","3"
"1000000US500239555002069","Block 2069, Block Group 2, Census Tract 9555, Washington County, Vermont","0","0","0"
"1000000US500239555002070","Block 2070, Block Group 2, Census Tract 9555, Washington County, Vermont","2","2","0"
"1000000US500239555002071","Block 2071, Block Group 2, Census Tract 9555, Washington County, Vermont","0","0","0"
"1000000US500239555002072","Block 2072, Block Group 2, Census Tract 9555, Washington County, Vermont","10","5","5"
"1000000US500239555002073","Block 2073, Block Group 2, Census Tract 9555, Washington County, Vermont","3","3","0"
"1000000US500239555002074","Block 2074, Block Group 2, Census Tract 9555, Washington County, Vermont","4","4","0"
"1000000US500239555002075","Block 2075, Block Group 2, Census Tract 9555, Washington County, Vermont","0","0","0"
"1000000US500239555002076","Block 2076, Block Group 2, Census Tract 9555, Washington County, Vermont","0","0","0"
"1000000US500239555002077","Block 2077, Block Group 2, Census Tract 9555, Washington County, Vermont","2","1","1"
"1000000US500239555002078","Block 2078, Block Group 2, Census Tract 9555, Washington County, Vermont","0","0","0"
"1000000US500239555002079","Block 2079, Block Group 2, Census Tract 9555, Washington County, Vermont","0","0","0"
"1000000US500239555003000","Block 3000, Block Group 3, Census Tract 9555, Washington County, Vermont","10","10","0"
"1000000US500239555003001","Block 3001, Block Group 3, Census Tract 9555, Washington County, Vermont","20","16","4"
"1000000US500239555003002","Block 3002, Block Group 3, Census Tract 9555, Washington County, Vermont","0","0","0"
"1000000US500239555003003","Block 3003, Block Group 3, Census Tract 9555, Washington County, Vermont","2","2","0"
"1000000US500239555003004","Block 3004, Block Group 3, Census Tract 9555, Washington County, Vermont","4","4","0"
"1000000US500239555003005","Block 3005, Block Group 3, Census Tract 9555, Washington County, Vermont","19","19","0"
"1000000US500239555003006","Block 3006, Block Group 3, Census Tract 9555, Washington County, Vermont","0","0","0"
"1000000US500239555003007","Block 3007, Block Group 3, Census Tract 9555, Washington County, Vermont","1","1","0"
"1000000US500239555003008","Block 3008, Block Group 3, Census Tract 9555, Washington County, Vermont","2","2","0"
"1000000US500239555003009","Block 3009, Block Group 3, Census Tract 9555, Washington County, Vermont","17","17","0"
"1000000US500239555003010","Block 3010, Block Group 3, Census Tract 9555, Washington County, Vermont","0","0","0"
"1000000US500239555003011","Block 3011, Block Group 3, Census Tract 9555, Washington County, Vermont","26","25","1"
"1000000US500239555003012","Block 3012, Block Group 3, Census Tract 9555, Washington County, Vermont","0","0","0"
"1000000US500239555003013","Block 3013, Block Group 3, Census Tract 9555, Washington County, Vermont","2","2","0"
"1000000US500239555003014","Block 3014, Block Group 3, Census Tract 9555, Washington County, Vermont","0","0","0"
"1000000US500239555003015","Block 3015, Block Group 3, Census Tract 9555, Washington County, Vermont","0","0","0"
"1000000US500239555003016","Block 3016, Block Group 3, Census Tract 9555, Washington County, Vermont","0","0","0"
"1000000US500239555003017","Block 3017, Block Group 3, Census Tract 9555, Washington County, Vermont","4","4","0"
"1000000US500239555003018","Block 3018, Block Group 3, Census Tract 9555, Washington County, Vermont","22","21","1"
"1000000US500239555003019","Block 3019, Block Group 3, Census Tract 9555, Washington County, Vermont","37","35","2"
"1000000US500239555003020","Block 3020, Block Group 3, Census Tract 9555, Washington County, Vermont","17","16","1"
"1000000US500239555003021","Block 3021, Block Group 3, Census Tract 9555, Washington County, Vermont","11","11","0"
"1000000US500239555003022","Block 3022, Block Group 3, Census Tract 9555, Washington County, Vermont","12","12","0"
"1000000US500239555003023","Block 3023, Block Group 3, Census Tract 9555, Washington County, Vermont","12","12","0"
"1000000US500239555003024","Block 3024, Block Group 3, Census Tract 9555, Washington County, Vermont","2","2","0"
"1000000US500239555003025","Block 3025, Block Group 3, Census Tract 9555, Washington County, Vermont","13","11","2"
"1000000US500239555003026","Block 3026, Block Group 3, Census Tract 9555, Washington County, Vermont","11","11","0"
"1000000US500239555003027","Block 3027, Block Group 3, Census Tract 9555, Washington County, Vermont","23","22","1"
"1000000US500239555003028","Block 3028, Block Group 3, Census Tract 9555, Washington County, Vermont","13","11","2"
"1000000US500239555003029","Block 3029, Block Group 3, Census Tract 9555, Washington County, Vermont","29","29","0"
"1000000US500239555003030","Block 3030, Block Group 3, Census Tract 9555, Washington County, Vermont","0","0","0"
"1000000US500239555003031","Block 3031, Block Group 3, Census Tract 9555, Washington County, Vermont","1","1","0"
"1000000US500239555003032","Block 3032, Block Group 3, Census Tract 9555, Washington County, Vermont","29","29","0"
"1000000US500239555003033","Block 3033, Block Group 3, Census Tract 9555, Washington County, Vermont","0","0","0"
"1000000US500239555003034","Block 3034, Block Group 3, Census Tract 9555, Washington County, Vermont","0","0","0"
"1000000US500239555003035","Block 3035, Block Group 3, Census Tract 9555, Washington County, Vermont","0","0","0"
"1000000US500239555003036","Block 3036, Block Group 3, Census Tract 9555, Washington County, Vermont","0","0","0"
"1000000US500239555003037","Block 3037, Block Group 3, Census Tract 9555, Washington County, Vermont","1","1","0"
"1000000US500239555003038","Block 3038, Block Group 3, Census Tract 9555, Washington County, Vermont","25","22","3"
"1000000US500239555003039","Block 3039, Block Group 3, Census Tract 9555, Washington County, Vermont","10","8","2"
"1000000US500239555003040","Block 3040, Block Group 3, Census Tract 9555, Washington County, Vermont","29","25","4"
"1000000US500239555003041","Block 3041, Block Group 3, Census Tract 9555, Washington County, Vermont","11","10","1"
"1000000US500239555003042","Block 3042, Block Group 3, Census Tract 9555, Washington County, Vermont","17","17","0"
"1000000US500239555003043","Block 3043, Block Group 3, Census Tract 9555, Washington County, Vermont","1","1","0"
"1000000US500239555003044","Block 3044, Block Group 3, Census Tract 9555, Washington County, Vermont","1","1","0"
"1000000US500239555003045","Block 3045, Block Group 3, Census Tract 9555, Washington County, Vermont","17","17","0"
"1000000US500239555003046","Block 3046, Block Group 3, Census Tract 9555, Washington County, Vermont","6","6","0"
"1000000US500239555003047","Block 3047, Block Group 3, Census Tract 9555, Washington County, Vermont","25","24","1"
"1000000US500239555003048","Block 3048, Block Group 3, Census Tract 9555, Washington County, Vermont","5","5","0"
"1000000US500239555003049","Block 3049, Block Group 3, Census Tract 9555, Washington County, Vermont","0","0","0"
"1000000US500239555003050","Block 3050, Block Group 3, Census Tract 9555, Washington County, Vermont","0","0","0"
"1000000US500239555004000","Block 4000, Block Group 4, Census Tract 9555, Washington County, Vermont","7","6","1"
"1000000US500239555004001","Block 4001, Block Group 4, Census Tract 9555, Washington County, Vermont","0","0","0"
"1000000US500239555004002","Block 4002, Block Group 4, Census Tract 9555, Washington County, Vermont","14","13","1"
"1000000US500239555004003","Block 4003, Block Group 4, Census Tract 9555, Washington County, Vermont","0","0","0"
"1000000US500239555004004","Block 4004, Block Group 4, Census Tract 9555, Washington County, Vermont","1","1","0"
"1000000US500239555004005","Block 4005, Block Group 4, Census Tract 9555, Washington County, Vermont","1","0","1"
"1000000US500239555004006","Block 4006, Block Group 4, Census Tract 9555, Washington County, Vermont","41","37","4"
"1000000US500239555004007","Block 4007, Block Group 4, Census Tract 9555, Washington County, Vermont","0","0","0"
"1000000US500239555004008","Block 4008, Block Group 4, Census Tract 9555, Washington County, Vermont","76","57","19"
"1000000US500239555004009","Block 4009, Block Group 4, Census Tract 9555, Washington County, Vermont","11","11","0"
"1000000US500239555004010","Block 4010, Block Group 4, Census Tract 9555, Washington County, Vermont","1","1","0"
"1000000US500239555004011","Block 4011, Block Group 4, Census Tract 9555, Washington County, Vermont","13","11","2"
"1000000US500239555004012","Block 4012, Block Group 4, Census Tract 9555, Washington County, Vermont","5","4","1"
"1000000US500239555004013","Block 4013, Block Group 4, Census Tract 9555, Washington County, Vermont","88","79","9"
"1000000US500239555004014","Block 4014, Block Group 4, Census Tract 9555, Washington County, Vermont","1","1","0"
"1000000US500239555004015","Block 4015, Block Group 4, Census Tract 9555, Washington County, Vermont","4","3","1"
"1000000US500239555004016","Block 4016, Block Group 4, Census Tract 9555, Washington County, Vermont","0","0","0"
"1000000US500239555004017","Block 4017, Block Group 4, Census Tract 9555, Washington County, Vermont","1","1","0"
"1000000US500239555004018","Block 4018, Block Group 4, Census Tract 9555, Washington County, Vermont","1","1","0"
"1000000US500239555004019","Block 4019, Block Group 4, Census Tract 9555, Washington County, Vermont","3","3","0"
"1000000US500239555004020","Block 4020, Block Group 4, Census Tract 9555, Washington County, Vermont","0","0","0"
"1000000US500239555004021","Block 4021, Block Group 4, Census Tract 9555, Washington County, Vermont","13","13","0"
"1000000US500239555004022","Block 4022, Block Group 4, Census Tract 9555, Washington County, Vermont","15","11","4"
"1000000US500239555004023","Block 4023, Block Group 4, Census Tract 9555, Washington County, Vermont","0","0","0"
"1000000US500239555004024","Block 4024, Block Group 4, Census Tract 9555, Washington County, Vermont","3","2","1"
"1000000US500239555004025","Block 4025, Block Group 4, Census Tract 9555, Washington County, Vermont","9","8","1"
"1000000US500239555004026","Block 4026, Block Group 4, Census Tract 9555, Washington County, Vermont","48","37","11"
"1000000US500239555004027","Block 4027, Block Group 4, Census Tract 9555, Washington County, Vermont","0","0","0"
"1000000US500239555004028","Block 4028, Block Group 4, Census Tract 9555, Washington County, Vermont","1","0","1"
"1000000US500239555004029","Block 4029, Block Group 4, Census Tract 9555, Washington County, Vermont","2","1","1"
"1000000US500239555004030","Block 4030, Block Group 4, Census Tract 9555, Washington County, Vermont","5","4","1"
"1000000US500239555004031","Block 4031, Block Group 4, Census Tract 9555, Washington County, Vermont","0","0","0"
"1000000US500239555004032","Block 4032, Block Group 4, Census Tract 9555, Washington County, Vermont","0","0","0"
"1000000US500239555004033","Block 4033, Block Group 4, Census Tract 9555, Washington County, Vermont","0","0","0"
"1000000US500239555004034","Block 4034, Block Group 4, Census Tract 9555, Washington County, Vermont","21","19","2"
"1000000US500239555004035","Block 4035, Block Group 4, Census Tract 9555, Washington County, Vermont","0","0","0"
"1000000US500239555004036","Block 4036, Block Group 4, Census Tract 9555, Washington County, Vermont","0","0","0"
"1000000US500239555004037","Block 4037, Block Group 4, Census Tract 9555, Washington County, Vermont","1","1","0"
"1000000US500239555004038","Block 4038, Block Group 4, Census Tract 9555, Washington County, Vermont","0","0","0"
"1000000US500239555004039","Block 4039, Block Group 4, Census Tract 9555, Washington County, Vermont","0","0","0"
"1000000US500239555004040","Block 4040, Block Group 4, Census Tract 9555, Washington County, Vermont","19","18","1"
"1000000US500239555004041","Block 4041, Block Group 4, Census Tract 9555, Washington County, Vermont","11","11","0"
"1000000US500239555004042","Block 4042, Block Group 4, Census Tract 9555, Washington County, Vermont","29","24","5"
"1000000US500239555004043","Block 4043, Block Group 4, Census Tract 9555, Washington County, Vermont","49","43","6"
"1000000US500239555004044","Block 4044, Block Group 4, Census Tract 9555, Washington County, Vermont","11","9","2"
"1000000US500239555004045","Block 4045, Block Group 4, Census Tract 9555, Washington County, Vermont","0","0","0"
"1000000US500239555004046","Block 4046, Block Group 4, Census Tract 9555, Washington County, Vermont","0","0","0"
"1000000US500239555004047","Block 4047, Block Group 4, Census Tract 9555, Washington County, Vermont","9","9","0"
"1000000US500239555004048","Block 4048, Block Group 4, Census Tract 9555, Washington County, Vermont","0","0","0"
"1000000US500239555004049","Block 4049, Block Group 4, Census Tract 9555, Washington County, Vermont","0","0","0"
"1000000US500239555004050","Block 4050, Block Group 4, Census Tract 9555, Washington County, Vermont","3","2","1"
"1000000US500239555004051","Block 4051, Block Group 4, Census Tract 9555, Washington County, Vermont","3","2","1"
"1000000US500239555004052","Block 4052, Block Group 4, Census Tract 9555, Washington County, Vermont","21","20","1"
"1000000US500239555004053","Block 4053, Block Group 4, Census Tract 9555, Washington County, Vermont","11","11","0"
"1000000US500239555004054","Block 4054, Block Group 4, Census Tract 9555, Washington County, Vermont","0","0","0"
"1000000US500239555005000","Block 5000, Block Group 5, Census Tract 9555, Washington County, Vermont","0","0","0"
"1000000US500239555005001","Block 5001, Block Group 5, Census Tract 9555, Washington County, Vermont","30","30","0"
"1000000US500239555005002","Block 5002, Block Group 5, Census Tract 9555, Washington County, Vermont","0","0","0"
"1000000US500239555005003","Block 5003, Block Group 5, Census Tract 9555, Washington County, Vermont","0","0","0"
"1000000US500239555005004","Block 5004, Block Group 5, Census Tract 9555, Washington County, Vermont","15","14","1"
"1000000US500239555005005","Block 5005, Block Group 5, Census Tract 9555, Washington County, Vermont","0","0","0"
"1000000US500239555005006","Block 5006, Block Group 5, Census Tract 9555, Washington County, Vermont","25","21","4"
"1000000US500239555005007","Block 5007, Block Group 5, Census Tract 9555, Washington County, Vermont","57","53","4"
"1000000US500239555005008","Block 5008, Block Group 5, Census Tract 9555, Washington County, Vermont","0","0","0"
"1000000US500239555005009","Block 5009, Block Group 5, Census Tract 9555, Washington County, Vermont","0","0","0"
"1000000US500239555005010","Block 5010, Block Group 5, Census Tract 9555, Washington County, Vermont","4","4","0"
"1000000US500239555005011","Block 5011, Block Group 5, Census Tract 9555, Washington County, Vermont","14","12","2"
"1000000US500239555005012","Block 5012, Block Group 5, Census Tract 9555, Washington County, Vermont","9","8","1"
"1000000US500239555005013","Block 5013, Block Group 5, Census Tract 9555, Washington County, Vermont","12","8","4"
"1000000US500239555005014","Block 5014, Block Group 5, Census Tract 9555, Washington County, Vermont","0","0","0"
"1000000US500239555005015","Block 5015, Block Group 5, Census Tract 9555, Washington County, Vermont","0","0","0"
"1000000US500239555005016","Block 5016, Block Group 5, Census Tract 9555, Washington County, Vermont","0","0","0"
"1000000US500239555005017","Block 5017, Block Group 5, Census Tract 9555, Washington County, Vermont","0","0","0"
"1000000US500239555005018","Block 5018, Block Group 5, Census Tract 9555, Washington County, Vermont","0","0","0"
"1000000US500239555005019","Block 5019, Block Group 5, Census Tract 9555, Washington County, Vermont","0","0","0"
"1000000US500239555005020","Block 5020, Block Group 5, Census Tract 9555, Washington County, Vermont","0","0","0"
"1000000US500239555005021","Block 5021, Block Group 5, Census Tract 9555, Washington County, Vermont","0","0","0"
"1000000US500239555005022","Block 5022, Block Group 5, Census Tract 9555, Washington County, Vermont","0","0","0"
"1000000US500239555005023","Block 5023, Block Group 5, Census Tract 9555, Washington County, Vermont","1","0","1"
"1000000US500239555005024","Block 5024, Block Group 5, Census Tract 9555, Washington County, Vermont","0","0","0"
"1000000US500239555005025","Block 5025, Block Group 5, Census Tract 9555, Washington County, Vermont","0","0","0"
"1000000US500239555005026","Block 5026, Block Group 5, Census Tract 9555, Washington County, Vermont","0","0","0"
"1000000US500239555005027","Block 5027, Block Group 5, Census Tract 9555, Washington County, Vermont","0","0","0"
"1000000US500239555005028","Block 5028, Block Group 5, Census Tract 9555, Washington County, Vermont","15","13","2"
"1000000US500239555005029","Block 5029, Block Group 5, Census Tract 9555, Washington County, Vermont","0","0","0"
"1000000US500239555005030","Block 5030, Block Group 5, Census Tract 9555, Washington County, Vermont","0","0","0"
"1000000US500239555005031","Block 5031, Block Group 5, Census Tract 9555, Washington County, Vermont","0","0","0"
"1000000US500239555005032","Block 5032, Block Group 5, Census Tract 9555, Washington County, Vermont","18","17","1"
"1000000US500239555005033","Block 5033, Block Group 5, Census Tract 9555, Washington County, Vermont","0","0","0"
"1000000US500239555005034","Block 5034, Block Group 5, Census Tract 9555, Washington County, Vermont","1","1","0"
"1000000US500239555005035","Block 5035, Block Group 5, Census Tract 9555, Washington County, Vermont","65","60","5"
"1000000US500239555005036","Block 5036, Block Group 5, Census Tract 9555, Washington County, Vermont","4","4","0"
"1000000US500239555005037","Block 5037, Block Group 5, Census Tract 9555, Washington County, Vermont","6","6","0"
"1000000US500239555005038","Block 5038, Block Group 5, Census Tract 9555, Washington County, Vermont","0","0","0"
"1000000US500239555005039","Block 5039, Block Group 5, Census Tract 9555, Washington County, Vermont","32","30","2"
"1000000US500239555005040","Block 5040, Block Group 5, Census Tract 9555, Washington County, Vermont","1","1","0"
"1000000US500239555005041","Block 5041, Block Group 5, Census Tract 9555, Washington County, Vermont","2","1","1"
"1000000US500239555005042","Block 5042, Block Group 5, Census Tract 9555, Washington County, Vermont","5","5","0"
"1000000US500239555005043","Block 5043, Block Group 5, Census Tract 9555, Washington County, Vermont","3","3","0"
"1000000US500239555005044","Block 5044, Block Group 5, Census Tract 9555, Washington County, Vermont","0","0","0"
"1000000US500239555005045","Block 5045, Block Group 5, Census Tract 9555, Washington County, Vermont","5","5","0"
"1000000US500239555005046","Block 5046, Block Group 5, Census Tract 9555, Washington County, Vermont","10","9","1"
"1000000US500239555005047","Block 5047, Block Group 5, Census Tract 9555, Washington County, Vermont","22","18","4"
"1000000US500239555005048","Block 5048, Block Group 5, Census Tract 9555, Washington County, Vermont","2","1","1"
"1000000US500239555005049","Block 5049, Block Group 5, Census Tract 9555, Washington County, Vermont","0","0","0"
"1000000US500239555005050","Block 5050, Block Group 5, Census Tract 9555, Washington County, Vermont","0","0","0"
"1000000US500239555005051","Block 5051, Block Group 5, Census Tract 9555, Washington County, Vermont","15","14","1"
"1000000US500239555005052","Block 5052, Block Group 5, Census Tract 9555, Washington County, Vermont","17","16","1"
"1000000US500239555005053","Block 5053, Block Group 5, Census Tract 9555, Washington County, Vermont","1","1","0"
"1000000US500239555005054","Block 5054, Block Group 5, Census Tract 9555, Washington County, Vermont","1","1","0"
"1000000US500239555005055","Block 5055, Block Group 5, Census Tract 9555, Washington County, Vermont","5","5","0"
"1000000US500239555005056","Block 5056, Block Group 5, Census Tract 9555, Washington County, Vermont","1","1","0"
"1000000US500239555005057","Block 5057, Block Group 5, Census Tract 9555, Washington County, Vermont","2","2","0"
"1000000US500239555005058","Block 5058, Block Group 5, Census Tract 9555, Washington County, Vermont","0","0","0"
"1000000US500239555005059","Block 5059, Block Group 5, Census Tract 9555, Washington County, Vermont","0","0","0"
"1000000US500239555005060","Block 5060, Block Group 5, Census Tract 9555, Washington County, Vermont","1","1","0"
"1000000US500239555005061","Block 5061, Block Group 5, Census Tract 9555, Washington County, Vermont","1","1","0"
"1000000US500239555005062","Block 5062, Block Group 5, Census Tract 9555, Washington County, Vermont","2","2","0"
"1000000US500239555005063","Block 5063, Block Group 5, Census Tract 9555, Washington County, Vermont","0","0","0"
"1000000US500239556001000","Block 1000, Block Group 1, Census Tract 9556, Washington County, Vermont","98","60","38"
"1000000US500239556001001","Block 1001, Block Group 1, Census Tract 9556, Washington County, Vermont","6","2","4"
"1000000US500239556001002","Block 1002, Block Group 1, Census Tract 9556, Washington County, Vermont","4","3","1"
"1000000US500239556001003","Block 1003, Block Group 1, Census Tract 9556, Washington County, Vermont","0","0","0"
"1000000US500239556001004","Block 1004, Block Group 1, Census Tract 9556, Washington County, Vermont","1","0","1"
"1000000US500239556001005","Block 1005, Block Group 1, Census Tract 9556, Washington County, Vermont","2","1","1"
"1000000US500239556001006","Block 1006, Block Group 1, Census Tract 9556, Washington County, Vermont","2","0","2"
"1000000US500239556001007","Block 1007, Block Group 1, Census Tract 9556, Washington County, Vermont","1","0","1"
"1000000US500239556001008","Block 1008, Block Group 1, Census Tract 9556, Washington County, Vermont","2","2","0"
"1000000US500239556001009","Block 1009, Block Group 1, Census Tract 9556, Washington County, Vermont","24","16","8"
"1000000US500239556001010","Block 1010, Block Group 1, Census Tract 9556, Washington County, Vermont","1","1","0"
"1000000US500239556001011","Block 1011, Block Group 1, Census Tract 9556, Washington County, Vermont","7","6","1"
"1000000US500239556001012","Block 1012, Block Group 1, Census Tract 9556, Washington County, Vermont","0","0","0"
"1000000US500239556001013","Block 1013, Block Group 1, Census Tract 9556, Washington County, Vermont","0","0","0"
"1000000US500239556001014","Block 1014, Block Group 1, Census Tract 9556, Washington County, Vermont","56","42","14"
"1000000US500239556001015","Block 1015, Block Group 1, Census Tract 9556, Washington County, Vermont","0","0","0"
"1000000US500239556001016","Block 1016, Block Group 1, Census Tract 9556, Washington County, Vermont","3","2","1"
"1000000US500239556001017","Block 1017, Block Group 1, Census Tract 9556, Washington County, Vermont","3","3","0"
"1000000US500239556001018","Block 1018, Block Group 1, Census Tract 9556, Washington County, Vermont","26","17","9"
"1000000US500239556001019","Block 1019, Block Group 1, Census Tract 9556, Washington County, Vermont","23","17","6"
"1000000US500239556001020","Block 1020, Block Group 1, Census Tract 9556, Washington County, Vermont","17","14","3"
"1000000US500239556001021","Block 1021, Block Group 1, Census Tract 9556, Washington County, Vermont","2","1","1"
"1000000US500239556001022","Block 1022, Block Group 1, Census Tract 9556, Washington County, Vermont","16","6","10"
"1000000US500239556001023","Block 1023, Block Group 1, Census Tract 9556, Washington County, Vermont","0","0","0"
"1000000US500239556001024","Block 1024, Block Group 1, Census Tract 9556, Washington County, Vermont","1","1","0"
"1000000US500239556001025","Block 1025, Block Group 1, Census Tract 9556, Washington County, Vermont","10","5","5"
"1000000US500239556001026","Block 1026, Block Group 1, Census Tract 9556, Washington County, Vermont","0","0","0"
"1000000US500239556001027","Block 1027, Block Group 1, Census Tract 9556, Washington County, Vermont","61","39","22"
"1000000US500239556001028","Block 1028, Block Group 1, Census Tract 9556, Washington County, Vermont","11","8","3"
"1000000US500239556001029","Block 1029, Block Group 1, Census Tract 9556, Washington County, Vermont","0","0","0"
"1000000US500239556001030","Block 1030, Block Group 1, Census Tract 9556, Washington County, Vermont","75","49","26"
"1000000US500239556001031","Block 1031, Block Group 1, Census Tract 9556, Washington County, Vermont","1","1","0"
"1000000US500239556001032","Block 1032, Block Group 1, Census Tract 9556, Washington County, Vermont","5","4","1"
"1000000US500239556001033","Block 1033, Block Group 1, Census Tract 9556, Washington County, Vermont","62","42","20"
"1000000US500239556001034","Block 1034, Block Group 1, Census Tract 9556, Washington County, Vermont","6","6","0"
"1000000US500239556001035","Block 1035, Block Group 1, Census Tract 9556, Washington County, Vermont","2","0","2"
"1000000US500239556001036","Block 1036, Block Group 1, Census Tract 9556, Washington County, Vermont","0","0","0"
"1000000US500239556001037","Block 1037, Block Group 1, Census Tract 9556, Washington County, Vermont","2","2","0"
"1000000US500239556001038","Block 1038, Block Group 1, Census Tract 9556, Washington County, Vermont","3","2","1"
"1000000US500239556001039","Block 1039, Block Group 1, Census Tract 9556, Washington County, Vermont","0","0","0"
"1000000US500239556001040","Block 1040, Block Group 1, Census Tract 9556, Washington County, Vermont","3","0","3"
"1000000US500239556001041","Block 1041, Block Group 1, Census Tract 9556, Washington County, Vermont","2","2","0"
"1000000US500239556001042","Block 1042, Block Group 1, Census Tract 9556, Washington County, Vermont","8","8","0"
"1000000US500239556001043","Block 1043, Block Group 1, Census Tract 9556, Washington County, Vermont","75","41","34"
"1000000US500239556001044","Block 1044, Block Group 1, Census Tract 9556, Washington County, Vermont","3","2","1"
"1000000US500239556001045","Block 1045, Block Group 1, Census Tract 9556, Washington County, Vermont","0","0","0"
"1000000US500239556001046","Block 1046, Block Group 1, Census Tract 9556, Washington County, Vermont","2","1","1"
"1000000US500239556001047","Block 1047, Block Group 1, Census Tract 9556, Washington County, Vermont","16","3","13"
"1000000US500239556001048","Block 1048, Block Group 1, Census Tract 9556, Washington County, Vermont","1","0","1"
"1000000US500239556001049","Block 1049, Block Group 1, Census Tract 9556, Washington County, Vermont","3","0","3"
"1000000US500239556001050","Block 1050, Block Group 1, Census Tract 9556, Washington County, Vermont","3","2","1"
"1000000US500239556001051","Block 1051, Block Group 1, Census Tract 9556, Washington County, Vermont","4","3","1"
"1000000US500239556001052","Block 1052, Block Group 1, Census Tract 9556, Washington County, Vermont","14","7","7"
"1000000US500239556001053","Block 1053, Block Group 1, Census Tract 9556, Washington County, Vermont","1","1","0"
"1000000US500239556001054","Block 1054, Block Group 1, Census Tract 9556, Washington County, Vermont","5","3","2"
"1000000US500239556001055","Block 1055, Block Group 1, Census Tract 9556, Washington County, Vermont","0","0","0"
"1000000US500239556001056","Block 1056, Block Group 1, Census Tract 9556, Washington County, Vermont","0","0","0"
"1000000US500239556001057","Block 1057, Block Group 1, Census Tract 9556, Washington County, Vermont","8","5","3"
"1000000US500239556001058","Block 1058, Block Group 1, Census Tract 9556, Washington County, Vermont","0","0","0"
"1000000US500239556001059","Block 1059, Block Group 1, Census Tract 9556, Washington County, Vermont","1","1","0"
"1000000US500239556001060","Block 1060, Block Group 1, Census Tract 9556, Washington County, Vermont","5","1","4"
"1000000US500239556001061","Block 1061, Block Group 1, Census Tract 9556, Washington County, Vermont","5","2","3"
"1000000US500239556001062","Block 1062, Block Group 1, Census Tract 9556, Washington County, Vermont","1","1","0"
"1000000US500239556001063","Block 1063, Block Group 1, Census Tract 9556, Washington County, Vermont","3","1","2"
"1000000US500239556001064","Block 1064, Block Group 1, Census Tract 9556, Washington County, Vermont","3","2","1"
"1000000US500239556002000","Block 2000, Block Group 2, Census Tract 9556, Washington County, Vermont","1","0","1"
"1000000US500239556002001","Block 2001, Block Group 2, Census Tract 9556, Washington County, Vermont","0","0","0"
"1000000US500239556002002","Block 2002, Block Group 2, Census Tract 9556, Washington County, Vermont","0","0","0"
"1000000US500239556002003","Block 2003, Block Group 2, Census Tract 9556, Washington County, Vermont","179","54","125"
"1000000US500239556002004","Block 2004, Block Group 2, Census Tract 9556, Washington County, Vermont","4","0","4"
"1000000US500239556002005","Block 2005, Block Group 2, Census Tract 9556, Washington County, Vermont","4","2","2"
"1000000US500239556002006","Block 2006, Block Group 2, Census Tract 9556, Washington County, Vermont","0","0","0"
"1000000US500239556002007","Block 2007, Block Group 2, Census Tract 9556, Washington County, Vermont","0","0","0"
"1000000US500239556002008","Block 2008, Block Group 2, Census Tract 9556, Washington County, Vermont","797","110","687"
"1000000US500239556002009","Block 2009, Block Group 2, Census Tract 9556, Washington County, Vermont","1","0","1"
"1000000US500239556002010","Block 2010, Block Group 2, Census Tract 9556, Washington County, Vermont","31","1","30"
"1000000US500239556002011","Block 2011, Block Group 2, Census Tract 9556, Washington County, Vermont","17","4","13"
"1000000US500239556002012","Block 2012, Block Group 2, Census Tract 9556, Washington County, Vermont","4","1","3"
"1000000US500239556002013","Block 2013, Block Group 2, Census Tract 9556, Washington County, Vermont","0","0","0"
"1000000US500239556002014","Block 2014, Block Group 2, Census Tract 9556, Washington County, Vermont","0","0","0"
"1000000US500239556002015","Block 2015, Block Group 2, Census Tract 9556, Washington County, Vermont","7","3","4"
"1000000US500239556002016","Block 2016, Block Group 2, Census Tract 9556, Washington County, Vermont","0","0","0"
"1000000US500239556002017","Block 2017, Block Group 2, Census Tract 9556, Washington County, Vermont","0","0","0"
"1000000US500239556002018","Block 2018, Block Group 2, Census Tract 9556, Washington County, Vermont","0","0","0"
"1000000US500239556002019","Block 2019, Block Group 2, Census Tract 9556, Washington County, Vermont","0","0","0"
"1000000US500239556002020","Block 2020, Block Group 2, Census Tract 9556, Washington County, Vermont","0","0","0"
"1000000US500239556002021","Block 2021, Block Group 2, Census Tract 9556, Washington County, Vermont","0","0","0"
"1000000US500239556002022","Block 2022, Block Group 2, Census Tract 9556, Washington County, Vermont","1","0","1"
"1000000US500239556002023","Block 2023, Block Group 2, Census Tract 9556, Washington County, Vermont","2","2","0"
"1000000US500239556002024","Block 2024, Block Group 2, Census Tract 9556, Washington County, Vermont","107","40","67"
"1000000US500239556002025","Block 2025, Block Group 2, Census Tract 9556, Washington County, Vermont","0","0","0"
"1000000US500239556002026","Block 2026, Block Group 2, Census Tract 9556, Washington County, Vermont","11","2","9"
"1000000US500239556002027","Block 2027, Block Group 2, Census Tract 9556, Washington County, Vermont","134","13","121"
"1000000US500239556002028","Block 2028, Block Group 2, Census Tract 9556, Washington County, Vermont","0","0","0"
"1000000US500239556002029","Block 2029, Block Group 2, Census Tract 9556, Washington County, Vermont","1","0","1"
"1000000US500239556002030","Block 2030, Block Group 2, Census Tract 9556, Washington County, Vermont","4","0","4"
"1000000US500239556002031","Block 2031, Block Group 2, Census Tract 9556, Washington County, Vermont","1","0","1"
"1000000US500239556002032","Block 2032, Block Group 2, Census Tract 9556, Washington County, Vermont","0","0","0"
"1000000US500239556002033","Block 2033, Block Group 2, Census Tract 9556, Washington County, Vermont","43","11","32"
"1000000US500239556002034","Block 2034, Block Group 2, Census Tract 9556, Washington County, Vermont","2","0","2"
"1000000US500239556002035","Block 2035, Block Group 2, Census Tract 9556, Washington County, Vermont","65","25","40"
"1000000US500239556002036","Block 2036, Block Group 2, Census Tract 9556, Washington County, Vermont","0","0","0"
"1000000US500239556002037","Block 2037, Block Group 2, Census Tract 9556, Washington County, Vermont","0","0","0"
"1000000US500239556002038","Block 2038, Block Group 2, Census Tract 9556, Washington County, Vermont","1","0","1"
"1000000US500239556002039","Block 2039, Block Group 2, Census Tract 9556, Washington County, Vermont","6","3","3"
"1000000US500239556002040","Block 2040, Block Group 2, Census Tract 9556, Washington County, Vermont","0","0","0"
"1000000US500239556002041","Block 2041, Block Group 2, Census Tract 9556, Washington County, Vermont","12","9","3"
"1000000US500239556002042","Block 2042, Block Group 2, Census Tract 9556, Washington County, Vermont","8","3","5"
"1000000US500239556002043","Block 2043, Block Group 2, Census Tract 9556, Washington County, Vermont","43","26","17"
"1000000US500239556002044","Block 2044, Block Group 2, Census Tract 9556, Washington County, Vermont","12","5","7"
"1000000US500239556002045","Block 2045, Block Group 2, Census Tract 9556, Washington County, Vermont","0","0","0"
"1000000US500239556002046","Block 2046, Block Group 2, Census Tract 9556, Washington County, Vermont","9","8","1"
"1000000US500239556002047","Block 2047, Block Group 2, Census Tract 9556, Washington County, Vermont","0","0","0"
"1000000US500239556002048","Block 2048, Block Group 2, Census Tract 9556, Washington County, Vermont","3","1","2"
"1000000US500239556002049","Block 2049, Block Group 2, Census Tract 9556, Washington County, Vermont","0","0","0"
"1000000US500239556002050","Block 2050, Block Group 2, Census Tract 9556, Washington County, Vermont","10","7","3"
"1000000US500239556002051","Block 2051, Block Group 2, Census Tract 9556, Washington County, Vermont","0","0","0"
"1000000US500239556002052","Block 2052, Block Group 2, Census Tract 9556, Washington County, Vermont","0","0","0"
"1000000US500239556002053","Block 2053, Block Group 2, Census Tract 9556, Washington County, Vermont","0","0","0"
"1000000US500239556002054","Block 2054, Block Group 2, Census Tract 9556, Washington County, Vermont","0","0","0"
"1000000US500239556002055","Block 2055, Block Group 2, Census Tract 9556, Washington County, Vermont","0","0","0"
"1000000US500239556002056","Block 2056, Block Group 2, Census Tract 9556, Washington County, Vermont","0","0","0"
"1000000US500239556002057","Block 2057, Block Group 2, Census Tract 9556, Washington County, Vermont","13","3","10"
"1000000US500239557001000","Block 1000, Block Group 1, Census Tract 9557, Washington County, Vermont","0","0","0"
"1000000US500239557001001","Block 1001, Block Group 1, Census Tract 9557, Washington County, Vermont","0","0","0"
"1000000US500239557001002","Block 1002, Block Group 1, Census Tract 9557, Washington County, Vermont","17","16","1"
"1000000US500239557001003","Block 1003, Block Group 1, Census Tract 9557, Washington County, Vermont","0","0","0"
"1000000US500239557001004","Block 1004, Block Group 1, Census Tract 9557, Washington County, Vermont","0","0","0"
"1000000US500239557001005","Block 1005, Block Group 1, Census Tract 9557, Washington County, Vermont","0","0","0"
"1000000US500239557001006","Block 1006, Block Group 1, Census Tract 9557, Washington County, Vermont","0","0","0"
"1000000US500239557001007","Block 1007, Block Group 1, Census Tract 9557, Washington County, Vermont","6","4","2"
"1000000US500239557001008","Block 1008, Block Group 1, Census Tract 9557, Washington County, Vermont","41","29","12"
"1000000US500239557001009","Block 1009, Block Group 1, Census Tract 9557, Washington County, Vermont","0","0","0"
"1000000US500239557001010","Block 1010, Block Group 1, Census Tract 9557, Washington County, Vermont","37","31","6"
"1000000US500239557001011","Block 1011, Block Group 1, Census Tract 9557, Washington County, Vermont","0","0","0"
"1000000US500239557001012","Block 1012, Block Group 1, Census Tract 9557, Washington County, Vermont","14","12","2"
"1000000US500239557001013","Block 1013, Block Group 1, Census Tract 9557, Washington County, Vermont","19","15","4"
"1000000US500239557001014","Block 1014, Block Group 1, Census Tract 9557, Washington County, Vermont","106","86","20"
"1000000US500239557001015","Block 1015, Block Group 1, Census Tract 9557, Washington County, Vermont","6","5","1"
"1000000US500239557001016","Block 1016, Block Group 1, Census Tract 9557, Washington County, Vermont","0","0","0"
"1000000US500239557001017","Block 1017, Block Group 1, Census Tract 9557, Washington County, Vermont","0","0","0"
"1000000US500239557001018","Block 1018, Block Group 1, Census Tract 9557, Washington County, Vermont","0","0","0"
"1000000US500239557001019","Block 1019, Block Group 1, Census Tract 9557, Washington County, Vermont","0","0","0"
"1000000US500239557001020","Block 1020, Block Group 1, Census Tract 9557, Washington County, Vermont","0","0","0"
"1000000US500239557001021","Block 1021, Block Group 1, Census Tract 9557, Washington County, Vermont","40","35","5"
"1000000US500239557001022","Block 1022, Block Group 1, Census Tract 9557, Washington County, Vermont","2","1","1"
"1000000US500239557001023","Block 1023, Block Group 1, Census Tract 9557, Washington County, Vermont","2","2","0"
"1000000US500239557001024","Block 1024, Block Group 1, Census Tract 9557, Washington County, Vermont","0","0","0"
"1000000US500239557001025","Block 1025, Block Group 1, Census Tract 9557, Washington County, Vermont","0","0","0"
"1000000US500239557001026","Block 1026, Block Group 1, Census Tract 9557, Washington County, Vermont","0","0","0"
"1000000US500239557001027","Block 1027, Block Group 1, Census Tract 9557, Washington County, Vermont","73","48","25"
"1000000US500239557001028","Block 1028, Block Group 1, Census Tract 9557, Washington County, Vermont","6","1","5"
"1000000US500239557001029","Block 1029, Block Group 1, Census Tract 9557, Washington County, Vermont","1","0","1"
"1000000US500239557001030","Block 1030, Block Group 1, Census Tract 9557, Washington County, Vermont","15","13","2"
"1000000US500239557001031","Block 1031, Block Group 1, Census Tract 9557, Washington County, Vermont","0","0","0"
"1000000US500239557001032","Block 1032, Block Group 1, Census Tract 9557, Washington County, Vermont","5","4","1"
"1000000US500239557001033","Block 1033, Block Group 1, Census Tract 9557, Washington County, Vermont","49","39","10"
"1000000US500239557001034","Block 1034, Block Group 1, Census Tract 9557, Washington County, Vermont","3","2","1"
"1000000US500239557001035","Block 1035, Block Group 1, Census Tract 9557, Washington County, Vermont","16","10","6"
"1000000US500239557001036","Block 1036, Block Group 1, Census Tract 9557, Washington County, Vermont","8","6","2"
"1000000US500239557001037","Block 1037, Block Group 1, Census Tract 9557, Washington County, Vermont","0","0","0"
"1000000US500239557001038","Block 1038, Block Group 1, Census Tract 9557, Washington County, Vermont","0","0","0"
"1000000US500239557001039","Block 1039, Block Group 1, Census Tract 9557, Washington County, Vermont","0","0","0"
"1000000US500239557001040","Block 1040, Block Group 1, Census Tract 9557, Washington County, Vermont","65","50","15"
"1000000US500239557001041","Block 1041, Block Group 1, Census Tract 9557, Washington County, Vermont","0","0","0"
"1000000US500239557001042","Block 1042, Block Group 1, Census Tract 9557, Washington County, Vermont","1","1","0"
"1000000US500239557001043","Block 1043, Block Group 1, Census Tract 9557, Washington County, Vermont","0","0","0"
"1000000US500239557001044","Block 1044, Block Group 1, Census Tract 9557, Washington County, Vermont","27","21","6"
"1000000US500239557001045","Block 1045, Block Group 1, Census Tract 9557, Washington County, Vermont","2","2","0"
"1000000US500239557001046","Block 1046, Block Group 1, Census Tract 9557, Washington County, Vermont","3","3","0"
"1000000US500239557001047","Block 1047, Block Group 1, Census Tract 9557, Washington County, Vermont","16","8","8"
"1000000US500239557001048","Block 1048, Block Group 1, Census Tract 9557, Washington County, Vermont","1","1","0"
"1000000US500239557001049","Block 1049, Block Group 1, Census Tract 9557, Washington County, Vermont","0","0","0"
"1000000US500239557001050","Block 1050, Block Group 1, Census Tract 9557, Washington County, Vermont","0","0","0"
"1000000US500239557001051","Block 1051, Block Group 1, Census Tract 9557, Washington County, Vermont","0","0","0"
"1000000US500239557001052","Block 1052, Block Group 1, Census Tract 9557, Washington County, Vermont","0","0","0"
"1000000US500239557001053","Block 1053, Block Group 1, Census Tract 9557, Washington County, Vermont","0","0","0"
"1000000US500239557001054","Block 1054, Block Group 1, Census Tract 9557, Washington County, Vermont","11","8","3"
"1000000US500239557001055","Block 1055, Block Group 1, Census Tract 9557, Washington County, Vermont","17","12","5"
"1000000US500239557001056","Block 1056, Block Group 1, Census Tract 9557, Washington County, Vermont","0","0","0"
"1000000US500239557001057","Block 1057, Block Group 1, Census Tract 9557, Washington County, Vermont","2","2","0"
"1000000US500239557001058","Block 1058, Block Group 1, Census Tract 9557, Washington County, Vermont","0","0","0"
"1000000US500239557001059","Block 1059, Block Group 1, Census Tract 9557, Washington County, Vermont","3","3","0"
"1000000US500239557001060","Block 1060, Block Group 1, Census Tract 9557, Washington County, Vermont","2","1","1"
"1000000US500239557001061","Block 1061, Block Group 1, Census Tract 9557, Washington County, Vermont","3","2","1"
"1000000US500239557001062","Block 1062, Block Group 1, Census Tract 9557, Washington County, Vermont","0","0","0"
"1000000US500239557002000","Block 2000, Block Group 2, Census Tract 9557, Washington County, Vermont","1","1","0"
"1000000US500239557002001","Block 2001, Block Group 2, Census Tract 9557, Washington County, Vermont","0","0","0"
"1000000US500239557002002","Block 2002, Block Group 2, Census Tract 9557, Washington County, Vermont","0","0","0"
"1000000US500239557002003","Block 2003, Block Group 2, Census Tract 9557, Washington County, Vermont","4","3","1"
"1000000US500239557002004","Block 2004, Block Group 2, Census Tract 9557, Washington County, Vermont","2","2","0"
"1000000US500239557002005","Block 2005, Block Group 2, Census Tract 9557, Washington County, Vermont","0","0","0"
"1000000US500239557002006","Block 2006, Block Group 2, Census Tract 9557, Washington County, Vermont","0","0","0"
"1000000US500239557002007","Block 2007, Block Group 2, Census Tract 9557, Washington County, Vermont","0","0","0"
"1000000US500239557002008","Block 2008, Block Group 2, Census Tract 9557, Washington County, Vermont","0","0","0"
"1000000US500239557002009","Block 2009, Block Group 2, Census Tract 9557, Washington County, Vermont","0","0","0"
"1000000US500239557002010","Block 2010, Block Group 2, Census Tract 9557, Washington County, Vermont","11","7","4"
"1000000US500239557002011","Block 2011, Block Group 2, Census Tract 9557, Washington County, Vermont","6","5","1"
"1000000US500239557002012","Block 2012, Block Group 2, Census Tract 9557, Washington County, Vermont","2","2","0"
"1000000US500239557002013","Block 2013, Block Group 2, Census Tract 9557, Washington County, Vermont","61","54","7"
"1000000US500239557002014","Block 2014, Block Group 2, Census Tract 9557, Washington County, Vermont","0","0","0"
"1000000US500239557002015","Block 2015, Block Group 2, Census Tract 9557, Washington County, Vermont","0","0","0"
"1000000US500239557002016","Block 2016, Block Group 2, Census Tract 9557, Washington County, Vermont","3","2","1"
"1000000US500239557002017","Block 2017, Block Group 2, Census Tract 9557, Washington County, Vermont","2","2","0"
"1000000US500239557002018","Block 2018, Block Group 2, Census Tract 9557, Washington County, Vermont","0","0","0"
"1000000US500239557002019","Block 2019, Block Group 2, Census Tract 9557, Washington County, Vermont","0","0","0"
"1000000US500239557002020","Block 2020, Block Group 2, Census Tract 9557, Washington County, Vermont","9","8","1"
"1000000US500239557002021","Block 2021, Block Group 2, Census Tract 9557, Washington County, Vermont","0","0","0"
"1000000US500239557002022","Block 2022, Block Group 2, Census Tract 9557, Washington County, Vermont","0","0","0"
"1000000US500239557002023","Block 2023, Block Group 2, Census Tract 9557, Washington County, Vermont","22","21","1"
"1000000US500239557002024","Block 2024, Block Group 2, Census Tract 9557, Washington County, Vermont","10","8","2"
"1000000US500239557002025","Block 2025, Block Group 2, Census Tract 9557, Washington County, Vermont","5","3","2"
"1000000US500239557002026","Block 2026, Block Group 2, Census Tract 9557, Washington County, Vermont","0","0","0"
"1000000US500239557002027","Block 2027, Block Group 2, Census Tract 9557, Washington County, Vermont","0","0","0"
"1000000US500239557002028","Block 2028, Block Group 2, Census Tract 9557, Washington County, Vermont","0","0","0"
"1000000US500239557002029","Block 2029, Block Group 2, Census Tract 9557, Washington County, Vermont","26","22","4"
"1000000US500239557002030","Block 2030, Block Group 2, Census Tract 9557, Washington County, Vermont","1","1","0"
"1000000US500239557002031","Block 2031, Block Group 2, Census Tract 9557, Washington County, Vermont","43","39","4"
"1000000US500239557002032","Block 2032, Block Group 2, Census Tract 9557, Washington County, Vermont","2","1","1"
"1000000US500239557002033","Block 2033, Block Group 2, Census Tract 9557, Washington County, Vermont","1","1","0"
"1000000US500239557002034","Block 2034, Block Group 2, Census Tract 9557, Washington County, Vermont","1","1","0"
"1000000US500239557002035","Block 2035, Block Group 2, Census Tract 9557, Washington County, Vermont","63","55","8"
"1000000US500239557002036","Block 2036, Block Group 2, Census Tract 9557, Washington County, Vermont","3","3","0"
"1000000US500239557002037","Block 2037, Block Group 2, Census Tract 9557, Washington County, Vermont","5","5","0"
"1000000US500239557002038","Block 2038, Block Group 2, Census Tract 9557, Washington County, Vermont","0","0","0"
"1000000US500239557002039","Block 2039, Block Group 2, Census Tract 9557, Washington County, Vermont","0","0","0"
"1000000US500239557002040","Block 2040, Block Group 2, Census Tract 9557, Washington County, Vermont","0","0","0"
"1000000US500239557002041","Block 2041, Block Group 2, Census Tract 9557, Washington County, Vermont","67","20","47"
"1000000US500239557002042","Block 2042, Block Group 2, Census Tract 9557, Washington County, Vermont","0","0","0"
"1000000US500239557002043","Block 2043, Block Group 2, Census Tract 9557, Washington County, Vermont","3","0","3"
"1000000US500239557002044","Block 2044, Block Group 2, Census Tract 9557, Washington County, Vermont","1","1","0"
"1000000US500239557002045","Block 2045, Block Group 2, Census Tract 9557, Washington County, Vermont","0","0","0"
"1000000US500239557002046","Block 2046, Block Group 2, Census Tract 9557, Washington County, Vermont","20","20","0"
"1000000US500239557002047","Block 2047, Block Group 2, Census Tract 9557, Washington County, Vermont","0","0","0"
"1000000US500239557002048","Block 2048, Block Group 2, Census Tract 9557, Washington County, Vermont","0","0","0"
"1000000US500239557002049","Block 2049, Block Group 2, Census Tract 9557, Washington County, Vermont","0","0","0"
"1000000US500239557002050","Block 2050, Block Group 2, Census Tract 9557, Washington County, Vermont","0","0","0"
"1000000US500239557002051","Block 2051, Block Group 2, Census Tract 9557, Washington County, Vermont","15","13","2"
"1000000US500239557002052","Block 2052, Block Group 2, Census Tract 9557, Washington County, Vermont","3","3","0"
"1000000US500239558001000","Block 1000, Block Group 1, Census Tract 9558, Washington County, Vermont","44","36","8"
"1000000US500239558001001","Block 1001, Block Group 1, Census Tract 9558, Washington County, Vermont","6","4","2"
"1000000US500239558001002","Block 1002, Block Group 1, Census Tract 9558, Washington County, Vermont","50","36","14"
"1000000US500239558001003","Block 1003, Block Group 1, Census Tract 9558, Washington County, Vermont","5","2","3"
"1000000US500239558001004","Block 1004, Block Group 1, Census Tract 9558, Washington County, Vermont","12","4","8"
"1000000US500239558001005","Block 1005, Block Group 1, Census Tract 9558, Washington County, Vermont","255","118","137"
"1000000US500239558001006","Block 1006, Block Group 1, Census Tract 9558, Washington County, Vermont","0","0","0"
"1000000US500239558001007","Block 1007, Block Group 1, Census Tract 9558, Washington County, Vermont","1","1","0"
"1000000US500239558001008","Block 1008, Block Group 1, Census Tract 9558, Washington County, Vermont","7","2","5"
"1000000US500239558001009","Block 1009, Block Group 1, Census Tract 9558, Washington County, Vermont","0","0","0"
"1000000US500239558001010","Block 1010, Block Group 1, Census Tract 9558, Washington County, Vermont","0","0","0"
"1000000US500239558001011","Block 1011, Block Group 1, Census Tract 9558, Washington County, Vermont","4","4","0"
"1000000US500239558001012","Block 1012, Block Group 1, Census Tract 9558, Washington County, Vermont","1","1","0"
"1000000US500239558001013","Block 1013, Block Group 1, Census Tract 9558, Washington County, Vermont","1","1","0"
"1000000US500239558001014","Block 1014, Block Group 1, Census Tract 9558, Washington County, Vermont","3","2","1"
"1000000US500239558001015","Block 1015, Block Group 1, Census Tract 9558, Washington County, Vermont","12","7","5"
"1000000US500239558001016","Block 1016, Block Group 1, Census Tract 9558, Washington County, Vermont","16","15","1"
"1000000US500239558001017","Block 1017, Block Group 1, Census Tract 9558, Washington County, Vermont","18","13","5"
"1000000US500239558001018","Block 1018, Block Group 1, Census Tract 9558, Washington County, Vermont","0","0","0"
"1000000US500239558001019","Block 1019, Block Group 1, Census Tract 9558, Washington County, Vermont","22","21","1"
"1000000US500239558001020","Block 1020, Block Group 1, Census Tract 9558, Washington County, Vermont","43","32","11"
"1000000US500239558001021","Block 1021, Block Group 1, Census Tract 9558, Washington County, Vermont","8","7","1"
"1000000US500239558001022","Block 1022, Block Group 1, Census Tract 9558, Washington County, Vermont","0","0","0"
"1000000US500239558001023","Block 1023, Block Group 1, Census Tract 9558, Washington County, Vermont","1","1","0"
"1000000US500239558001024","Block 1024, Block Group 1, Census Tract 9558, Washington County, Vermont","0","0","0"
"1000000US500239558001025","Block 1025, Block Group 1, Census Tract 9558, Washington County, Vermont","261","60","201"
"1000000US500239558001026","Block 1026, Block Group 1, Census Tract 9558, Washington County, Vermont","1","1","0"
"1000000US500239558001027","Block 1027, Block Group 1, Census Tract 9558, Washington County, Vermont","5","0","5"
"1000000US500239558001028","Block 1028, Block Group 1, Census Tract 9558, Washington County, Vermont","15","10","5"
"1000000US500239558001029","Block 1029, Block Group 1, Census Tract 9558, Washington County, Vermont","0","0","0"
"1000000US500239558001030","Block 1030, Block Group 1, Census Tract 9558, Washington County, Vermont","0","0","0"
"1000000US500239558001031","Block 1031, Block Group 1, Census Tract 9558, Washington County, Vermont","0","0","0"
"1000000US500239558001032","Block 1032, Block Group 1, Census Tract 9558, Washington County, Vermont","2","2","0"
"1000000US500239558001033","Block 1033, Block Group 1, Census Tract 9558, Washington County, Vermont","0","0","0"
"1000000US500239558001034","Block 1034, Block Group 1, Census Tract 9558, Washington County, Vermont","0","0","0"
"1000000US500239558001035","Block 1035, Block Group 1, Census Tract 9558, Washington County, Vermont","0","0","0"
"1000000US500239558001036","Block 1036, Block Group 1, Census Tract 9558, Washington County, Vermont","1","1","0"
"1000000US500239558001037","Block 1037, Block Group 1, Census Tract 9558, Washington County, Vermont","0","0","0"
"1000000US500239558001038","Block 1038, Block Group 1, Census Tract 9558, Washington County, Vermont","3","2","1"
"1000000US500239558001039","Block 1039, Block Group 1, Census Tract 9558, Washington County, Vermont","155","77","78"
"1000000US500239558001040","Block 1040, Block Group 1, Census Tract 9558, Washington County, Vermont","3","0","3"
"1000000US500239558001041","Block 1041, Block Group 1, Census Tract 9558, Washington County, Vermont","3","0","3"
"1000000US500239558001042","Block 1042, Block Group 1, Census Tract 9558, Washington County, Vermont","1","1","0"
"1000000US500239558001043","Block 1043, Block Group 1, Census Tract 9558, Washington County, Vermont","9","4","5"
"1000000US500239558001044","Block 1044, Block Group 1, Census Tract 9558, Washington County, Vermont","48","26","22"
"1000000US500239558001045","Block 1045, Block Group 1, Census Tract 9558, Washington County, Vermont","28","12","16"
"1000000US500239558001046","Block 1046, Block Group 1, Census Tract 9558, Washington County, Vermont","0","0","0"
"1000000US500239558001047","Block 1047, Block Group 1, Census Tract 9558, Washington County, Vermont","92","61","31"
"1000000US500239558001048","Block 1048, Block Group 1, Census Tract 9558, Washington County, Vermont","0","0","0"
"1000000US500239558001049","Block 1049, Block Group 1, Census Tract 9558, Washington County, Vermont","0","0","0"
"1000000US500239558001050","Block 1050, Block Group 1, Census Tract 9558, Washington County, Vermont","21","14","7"
"1000000US500239558001051","Block 1051, Block Group 1, Census Tract 9558, Washington County, Vermont","0","0","0"
"1000000US500239558001052","Block 1052, Block Group 1, Census Tract 9558, Washington County, Vermont","1","0","1"
"1000000US500239558001053","Block 1053, Block Group 1, Census Tract 9558, Washington County, Vermont","4","3","1"
"1000000US500239558001054","Block 1054, Block Group 1, Census Tract 9558, Washington County, Vermont","29","9","20"
"1000000US500239558001055","Block 1055, Block Group 1, Census Tract 9558, Washington County, Vermont","7","2","5"
"1000000US500239558001056","Block 1056, Block Group 1, Census Tract 9558, Washington County, Vermont","3","2","1"
"1000000US500259670001000","Block 1000, Block Group 1, Census Tract 9670, Windham County, Vermont","9","8","1"
"1000000US500259670001001","Block 1001, Block Group 1, Census Tract 9670, Windham County, Vermont","0","0","0"
"1000000US500259670001002","Block 1002, Block Group 1, Census Tract 9670, Windham County, Vermont","0","0","0"
"1000000US500259670001003","Block 1003, Block Group 1, Census Tract 9670, Windham County, Vermont","0","0","0"
"1000000US500259670001004","Block 1004, Block Group 1, Census Tract 9670, Windham County, Vermont","0","0","0"
"1000000US500259670001005","Block 1005, Block Group 1, Census Tract 9670, Windham County, Vermont","290","259","31"
"1000000US500259670001006","Block 1006, Block Group 1, Census Tract 9670, Windham County, Vermont","11","9","2"
"1000000US500259670001007","Block 1007, Block Group 1, Census Tract 9670, Windham County, Vermont","31","23","8"
"1000000US500259670001008","Block 1008, Block Group 1, Census Tract 9670, Windham County, Vermont","15","15","0"
"1000000US500259670001009","Block 1009, Block Group 1, Census Tract 9670, Windham County, Vermont","4","4","0"
"1000000US500259670001010","Block 1010, Block Group 1, Census Tract 9670, Windham County, Vermont","3","3","0"
"1000000US500259670001011","Block 1011, Block Group 1, Census Tract 9670, Windham County, Vermont","8","7","1"
"1000000US500259670001012","Block 1012, Block Group 1, Census Tract 9670, Windham County, Vermont","10","10","0"
"1000000US500259670001013","Block 1013, Block Group 1, Census Tract 9670, Windham County, Vermont","7","5","2"
"1000000US500259670001014","Block 1014, Block Group 1, Census Tract 9670, Windham County, Vermont","15","12","3"
"1000000US500259670001015","Block 1015, Block Group 1, Census Tract 9670, Windham County, Vermont","10","10","0"
"1000000US500259670001016","Block 1016, Block Group 1, Census Tract 9670, Windham County, Vermont","12","12","0"
"1000000US500259670001017","Block 1017, Block Group 1, Census Tract 9670, Windham County, Vermont","28","25","3"
"1000000US500259670001018","Block 1018, Block Group 1, Census Tract 9670, Windham County, Vermont","10","10","0"
"1000000US500259670001019","Block 1019, Block Group 1, Census Tract 9670, Windham County, Vermont","0","0","0"
"1000000US500259670001020","Block 1020, Block Group 1, Census Tract 9670, Windham County, Vermont","0","0","0"
"1000000US500259670001021","Block 1021, Block Group 1, Census Tract 9670, Windham County, Vermont","3","3","0"
"1000000US500259670002000","Block 2000, Block Group 2, Census Tract 9670, Windham County, Vermont","0","0","0"
"1000000US500259670002001","Block 2001, Block Group 2, Census Tract 9670, Windham County, Vermont","0","0","0"
"1000000US500259670002002","Block 2002, Block Group 2, Census Tract 9670, Windham County, Vermont","0","0","0"
"1000000US500259670002003","Block 2003, Block Group 2, Census Tract 9670, Windham County, Vermont","1","0","1"
"1000000US500259670002004","Block 2004, Block Group 2, Census Tract 9670, Windham County, Vermont","0","0","0"
"1000000US500259670002005","Block 2005, Block Group 2, Census Tract 9670, Windham County, Vermont","3","2","1"
"1000000US500259670002006","Block 2006, Block Group 2, Census Tract 9670, Windham County, Vermont","1","1","0"
"1000000US500259670002007","Block 2007, Block Group 2, Census Tract 9670, Windham County, Vermont","6","6","0"
"1000000US500259670002008","Block 2008, Block Group 2, Census Tract 9670, Windham County, Vermont","1","1","0"
"1000000US500259670002009","Block 2009, Block Group 2, Census Tract 9670, Windham County, Vermont","4","3","1"
"1000000US500259670002010","Block 2010, Block Group 2, Census Tract 9670, Windham County, Vermont","0","0","0"
"1000000US500259670002011","Block 2011, Block Group 2, Census Tract 9670, Windham County, Vermont","24","22","2"
"1000000US500259670002012","Block 2012, Block Group 2, Census Tract 9670, Windham County, Vermont","0","0","0"
"1000000US500259670002013","Block 2013, Block Group 2, Census Tract 9670, Windham County, Vermont","0","0","0"
"1000000US500259670002014","Block 2014, Block Group 2, Census Tract 9670, Windham County, Vermont","0","0","0"
"1000000US500259670002015","Block 2015, Block Group 2, Census Tract 9670, Windham County, Vermont","0","0","0"
"1000000US500259670002016","Block 2016, Block Group 2, Census Tract 9670, Windham County, Vermont","2","1","1"
"1000000US500259670002017","Block 2017, Block Group 2, Census Tract 9670, Windham County, Vermont","0","0","0"
"1000000US500259670002018","Block 2018, Block Group 2, Census Tract 9670, Windham County, Vermont","0","0","0"
"1000000US500259670002019","Block 2019, Block Group 2, Census Tract 9670, Windham County, Vermont","0","0","0"
"1000000US500259670002020","Block 2020, Block Group 2, Census Tract 9670, Windham County, Vermont","0","0","0"
"1000000US500259670002021","Block 2021, Block Group 2, Census Tract 9670, Windham County, Vermont","9","7","2"
"1000000US500259670002022","Block 2022, Block Group 2, Census Tract 9670, Windham County, Vermont","0","0","0"
"1000000US500259670002023","Block 2023, Block Group 2, Census Tract 9670, Windham County, Vermont","0","0","0"
"1000000US500259670002024","Block 2024, Block Group 2, Census Tract 9670, Windham County, Vermont","0","0","0"
"1000000US500259670002025","Block 2025, Block Group 2, Census Tract 9670, Windham County, Vermont","0","0","0"
"1000000US500259670002026","Block 2026, Block Group 2, Census Tract 9670, Windham County, Vermont","4","3","1"
"1000000US500259670002027","Block 2027, Block Group 2, Census Tract 9670, Windham County, Vermont","0","0","0"
"1000000US500259670002028","Block 2028, Block Group 2, Census Tract 9670, Windham County, Vermont","11","9","2"
"1000000US500259670002029","Block 2029, Block Group 2, Census Tract 9670, Windham County, Vermont","37","31","6"
"1000000US500259670002030","Block 2030, Block Group 2, Census Tract 9670, Windham County, Vermont","45","44","1"
"1000000US500259670002031","Block 2031, Block Group 2, Census Tract 9670, Windham County, Vermont","37","35","2"
"1000000US500259670002032","Block 2032, Block Group 2, Census Tract 9670, Windham County, Vermont","34","32","2"
"1000000US500259670002033","Block 2033, Block Group 2, Census Tract 9670, Windham County, Vermont","69","62","7"
"1000000US500259670002034","Block 2034, Block Group 2, Census Tract 9670, Windham County, Vermont","10","9","1"
"1000000US500259670002035","Block 2035, Block Group 2, Census Tract 9670, Windham County, Vermont","0","0","0"
"1000000US500259670002036","Block 2036, Block Group 2, Census Tract 9670, Windham County, Vermont","0","0","0"
"1000000US500259670002037","Block 2037, Block Group 2, Census Tract 9670, Windham County, Vermont","0","0","0"
"1000000US500259670002038","Block 2038, Block Group 2, Census Tract 9670, Windham County, Vermont","0","0","0"
"1000000US500259670002039","Block 2039, Block Group 2, Census Tract 9670, Windham County, Vermont","0","0","0"
"1000000US500259670002040","Block 2040, Block Group 2, Census Tract 9670, Windham County, Vermont","0","0","0"
"1000000US500259670002041","Block 2041, Block Group 2, Census Tract 9670, Windham County, Vermont","0","0","0"
"1000000US500259670002042","Block 2042, Block Group 2, Census Tract 9670, Windham County, Vermont","0","0","0"
"1000000US500259670002043","Block 2043, Block Group 2, Census Tract 9670, Windham County, Vermont","0","0","0"
"1000000US500259670002044","Block 2044, Block Group 2, Census Tract 9670, Windham County, Vermont","27","24","3"
"1000000US500259670002045","Block 2045, Block Group 2, Census Tract 9670, Windham County, Vermont","3","3","0"
"1000000US500259670002046","Block 2046, Block Group 2, Census Tract 9670, Windham County, Vermont","67","60","7"
"1000000US500259670002047","Block 2047, Block Group 2, Census Tract 9670, Windham County, Vermont","34","23","11"
"1000000US500259670002048","Block 2048, Block Group 2, Census Tract 9670, Windham County, Vermont","45","36","9"
"1000000US500259670002049","Block 2049, Block Group 2, Census Tract 9670, Windham County, Vermont","13","11","2"
"1000000US500259670002050","Block 2050, Block Group 2, Census Tract 9670, Windham County, Vermont","19","16","3"
"1000000US500259670002051","Block 2051, Block Group 2, Census Tract 9670, Windham County, Vermont","72","68","4"
"1000000US500259670002052","Block 2052, Block Group 2, Census Tract 9670, Windham County, Vermont","23","21","2"
"1000000US500259670002053","Block 2053, Block Group 2, Census Tract 9670, Windham County, Vermont","0","0","0"
"1000000US500259670002054","Block 2054, Block Group 2, Census Tract 9670, Windham County, Vermont","12","10","2"
"1000000US500259670002055","Block 2055, Block Group 2, Census Tract 9670, Windham County, Vermont","23","20","3"
"1000000US500259670002056","Block 2056, Block Group 2, Census Tract 9670, Windham County, Vermont","0","0","0"
"1000000US500259670002057","Block 2057, Block Group 2, Census Tract 9670, Windham County, Vermont","31","29","2"
"1000000US500259670002058","Block 2058, Block Group 2, Census Tract 9670, Windham County, Vermont","0","0","0"
"1000000US500259670002059","Block 2059, Block Group 2, Census Tract 9670, Windham County, Vermont","14","11","3"
"1000000US500259670002060","Block 2060, Block Group 2, Census Tract 9670, Windham County, Vermont","4","4","0"
"1000000US500259670002061","Block 2061, Block Group 2, Census Tract 9670, Windham County, Vermont","0","0","0"
"1000000US500259670002062","Block 2062, Block Group 2, Census Tract 9670, Windham County, Vermont","0","0","0"
"1000000US500259670003000","Block 3000, Block Group 3, Census Tract 9670, Windham County, Vermont","20","14","6"
"1000000US500259670003001","Block 3001, Block Group 3, Census Tract 9670, Windham County, Vermont","64","49","15"
"1000000US500259670003002","Block 3002, Block Group 3, Census Tract 9670, Windham County, Vermont","11","8","3"
"1000000US500259670003003","Block 3003, Block Group 3, Census Tract 9670, Windham County, Vermont","32","26","6"
"1000000US500259670003004","Block 3004, Block Group 3, Census Tract 9670, Windham County, Vermont","39","37","2"
"1000000US500259670003005","Block 3005, Block Group 3, Census Tract 9670, Windham County, Vermont","77","66","11"
"1000000US500259670003006","Block 3006, Block Group 3, Census Tract 9670, Windham County, Vermont","23","20","3"
"1000000US500259670003007","Block 3007, Block Group 3, Census Tract 9670, Windham County, Vermont","18","17","1"
"1000000US500259670003008","Block 3008, Block Group 3, Census Tract 9670, Windham County, Vermont","16","15","1"
"1000000US500259670003009","Block 3009, Block Group 3, Census Tract 9670, Windham County, Vermont","16","12","4"
"1000000US500259670003010","Block 3010, Block Group 3, Census Tract 9670, Windham County, Vermont","7","6","1"
"1000000US500259670003011","Block 3011, Block Group 3, Census Tract 9670, Windham County, Vermont","17","14","3"
"1000000US500259670003012","Block 3012, Block Group 3, Census Tract 9670, Windham County, Vermont","8","8","0"
"1000000US500259670003013","Block 3013, Block Group 3, Census Tract 9670, Windham County, Vermont","22","18","4"
"1000000US500259670003014","Block 3014, Block Group 3, Census Tract 9670, Windham County, Vermont","30","28","2"
"1000000US500259670003015","Block 3015, Block Group 3, Census Tract 9670, Windham County, Vermont","0","0","0"
"1000000US500259671001000","Block 1000, Block Group 1, Census Tract 9671, Windham County, Vermont","10","9","1"
"1000000US500259671001001","Block 1001, Block Group 1, Census Tract 9671, Windham County, Vermont","7","7","0"
"1000000US500259671001002","Block 1002, Block Group 1, Census Tract 9671, Windham County, Vermont","0","0","0"
"1000000US500259671001003","Block 1003, Block Group 1, Census Tract 9671, Windham County, Vermont","0","0","0"
"1000000US500259671001004","Block 1004, Block Group 1, Census Tract 9671, Windham County, Vermont","8","7","1"
"1000000US500259671001005","Block 1005, Block Group 1, Census Tract 9671, Windham County, Vermont","4","4","0"
"1000000US500259671001006","Block 1006, Block Group 1, Census Tract 9671, Windham County, Vermont","0","0","0"
"1000000US500259671001007","Block 1007, Block Group 1, Census Tract 9671, Windham County, Vermont","1","0","1"
"1000000US500259671001008","Block 1008, Block Group 1, Census Tract 9671, Windham County, Vermont","0","0","0"
"1000000US500259671001009","Block 1009, Block Group 1, Census Tract 9671, Windham County, Vermont","0","0","0"
"1000000US500259671001010","Block 1010, Block Group 1, Census Tract 9671, Windham County, Vermont","0","0","0"
"1000000US500259671001011","Block 1011, Block Group 1, Census Tract 9671, Windham County, Vermont","13","9","4"
"1000000US500259671001012","Block 1012, Block Group 1, Census Tract 9671, Windham County, Vermont","3","3","0"
"1000000US500259671001013","Block 1013, Block Group 1, Census Tract 9671, Windham County, Vermont","6","5","1"
"1000000US500259671001014","Block 1014, Block Group 1, Census Tract 9671, Windham County, Vermont","0","0","0"
"1000000US500259671001015","Block 1015, Block Group 1, Census Tract 9671, Windham County, Vermont","4","2","2"
"1000000US500259671001016","Block 1016, Block Group 1, Census Tract 9671, Windham County, Vermont","18","11","7"
"1000000US500259671001017","Block 1017, Block Group 1, Census Tract 9671, Windham County, Vermont","0","0","0"
"1000000US500259671001018","Block 1018, Block Group 1, Census Tract 9671, Windham County, Vermont","0","0","0"
"1000000US500259671001019","Block 1019, Block Group 1, Census Tract 9671, Windham County, Vermont","4","3","1"
"1000000US500259671001020","Block 1020, Block Group 1, Census Tract 9671, Windham County, Vermont","0","0","0"
"1000000US500259671001021","Block 1021, Block Group 1, Census Tract 9671, Windham County, Vermont","9","6","3"
"1000000US500259671001022","Block 1022, Block Group 1, Census Tract 9671, Windham County, Vermont","3","1","2"
"1000000US500259671001023","Block 1023, Block Group 1, Census Tract 9671, Windham County, Vermont","14","10","4"
"1000000US500259671001024","Block 1024, Block Group 1, Census Tract 9671, Windham County, Vermont","0","0","0"
"1000000US500259671001025","Block 1025, Block Group 1, Census Tract 9671, Windham County, Vermont","0","0","0"
"1000000US500259671001026","Block 1026, Block Group 1, Census Tract 9671, Windham County, Vermont","1","1","0"
"1000000US500259671001027","Block 1027, Block Group 1, Census Tract 9671, Windham County, Vermont","3","3","0"
"1000000US500259671001028","Block 1028, Block Group 1, Census Tract 9671, Windham County, Vermont","0","0","0"
"1000000US500259671001029","Block 1029, Block Group 1, Census Tract 9671, Windham County, Vermont","3","2","1"
"1000000US500259671001030","Block 1030, Block Group 1, Census Tract 9671, Windham County, Vermont","45","39","6"
"1000000US500259671001031","Block 1031, Block Group 1, Census Tract 9671, Windham County, Vermont","0","0","0"
"1000000US500259671001032","Block 1032, Block Group 1, Census Tract 9671, Windham County, Vermont","0","0","0"
"1000000US500259671001033","Block 1033, Block Group 1, Census Tract 9671, Windham County, Vermont","6","6","0"
"1000000US500259671001034","Block 1034, Block Group 1, Census Tract 9671, Windham County, Vermont","0","0","0"
"1000000US500259671001035","Block 1035, Block Group 1, Census Tract 9671, Windham County, Vermont","1","1","0"
"1000000US500259671001036","Block 1036, Block Group 1, Census Tract 9671, Windham County, Vermont","36","23","13"
"1000000US500259671001037","Block 1037, Block Group 1, Census Tract 9671, Windham County, Vermont","3","3","0"
"1000000US500259671001038","Block 1038, Block Group 1, Census Tract 9671, Windham County, Vermont","0","0","0"
"1000000US500259671001039","Block 1039, Block Group 1, Census Tract 9671, Windham County, Vermont","0","0","0"
"1000000US500259671001040","Block 1040, Block Group 1, Census Tract 9671, Windham County, Vermont","0","0","0"
"1000000US500259671001041","Block 1041, Block Group 1, Census Tract 9671, Windham County, Vermont","0","0","0"
"1000000US500259671001042","Block 1042, Block Group 1, Census Tract 9671, Windham County, Vermont","0","0","0"
"1000000US500259671001043","Block 1043, Block Group 1, Census Tract 9671, Windham County, Vermont","9","9","0"
"1000000US500259671001044","Block 1044, Block Group 1, Census Tract 9671, Windham County, Vermont","0","0","0"
"1000000US500259671001045","Block 1045, Block Group 1, Census Tract 9671, Windham County, Vermont","0","0","0"
"1000000US500259671001046","Block 1046, Block Group 1, Census Tract 9671, Windham County, Vermont","0","0","0"
"1000000US500259671001047","Block 1047, Block Group 1, Census Tract 9671, Windham County, Vermont","1","0","1"
"1000000US500259671001048","Block 1048, Block Group 1, Census Tract 9671, Windham County, Vermont","17","16","1"
"1000000US500259671001049","Block 1049, Block Group 1, Census Tract 9671, Windham County, Vermont","0","0","0"
"1000000US500259671001050","Block 1050, Block Group 1, Census Tract 9671, Windham County, Vermont","2","2","0"
"1000000US500259671001051","Block 1051, Block Group 1, Census Tract 9671, Windham County, Vermont","8","8","0"
"1000000US500259671001052","Block 1052, Block Group 1, Census Tract 9671, Windham County, Vermont","3","3","0"
"1000000US500259671001053","Block 1053, Block Group 1, Census Tract 9671, Windham County, Vermont","1","0","1"
"1000000US500259671001054","Block 1054, Block Group 1, Census Tract 9671, Windham County, Vermont","3","2","1"
"1000000US500259671001055","Block 1055, Block Group 1, Census Tract 9671, Windham County, Vermont","1","1","0"
"1000000US500259671001056","Block 1056, Block Group 1, Census Tract 9671, Windham County, Vermont","0","0","0"
"1000000US500259671001057","Block 1057, Block Group 1, Census Tract 9671, Windham County, Vermont","5","4","1"
"1000000US500259671001058","Block 1058, Block Group 1, Census Tract 9671, Windham County, Vermont","1","0","1"
"1000000US500259671001059","Block 1059, Block Group 1, Census Tract 9671, Windham County, Vermont","1","1","0"
"1000000US500259671001060","Block 1060, Block Group 1, Census Tract 9671, Windham County, Vermont","0","0","0"
"1000000US500259671001061","Block 1061, Block Group 1, Census Tract 9671, Windham County, Vermont","1","1","0"
"1000000US500259671001062","Block 1062, Block Group 1, Census Tract 9671, Windham County, Vermont","10","9","1"
"1000000US500259671001063","Block 1063, Block Group 1, Census Tract 9671, Windham County, Vermont","0","0","0"
"1000000US500259671001064","Block 1064, Block Group 1, Census Tract 9671, Windham County, Vermont","15","13","2"
"1000000US500259671001065","Block 1065, Block Group 1, Census Tract 9671, Windham County, Vermont","0","0","0"
"1000000US500259671001066","Block 1066, Block Group 1, Census Tract 9671, Windham County, Vermont","11","10","1"
"1000000US500259671001067","Block 1067, Block Group 1, Census Tract 9671, Windham County, Vermont","1","1","0"
"1000000US500259671001068","Block 1068, Block Group 1, Census Tract 9671, Windham County, Vermont","1","1","0"
"1000000US500259671001069","Block 1069, Block Group 1, Census Tract 9671, Windham County, Vermont","0","0","0"
"1000000US500259671001070","Block 1070, Block Group 1, Census Tract 9671, Windham County, Vermont","0","0","0"
"1000000US500259671001071","Block 1071, Block Group 1, Census Tract 9671, Windham County, Vermont","7","3","4"
"1000000US500259671001072","Block 1072, Block Group 1, Census Tract 9671, Windham County, Vermont","0","0","0"
"1000000US500259671001073","Block 1073, Block Group 1, Census Tract 9671, Windham County, Vermont","8","6","2"
"1000000US500259671001074","Block 1074, Block Group 1, Census Tract 9671, Windham County, Vermont","2","1","1"
"1000000US500259671001075","Block 1075, Block Group 1, Census Tract 9671, Windham County, Vermont","0","0","0"
"1000000US500259671001076","Block 1076, Block Group 1, Census Tract 9671, Windham County, Vermont","0","0","0"
"1000000US500259671001077","Block 1077, Block Group 1, Census Tract 9671, Windham County, Vermont","0","0","0"
"1000000US500259671001078","Block 1078, Block Group 1, Census Tract 9671, Windham County, Vermont","8","7","1"
"1000000US500259671001079","Block 1079, Block Group 1, Census Tract 9671, Windham County, Vermont","2","2","0"
"1000000US500259671001080","Block 1080, Block Group 1, Census Tract 9671, Windham County, Vermont","0","0","0"
"1000000US500259671001081","Block 1081, Block Group 1, Census Tract 9671, Windham County, Vermont","4","4","0"
"1000000US500259671001082","Block 1082, Block Group 1, Census Tract 9671, Windham County, Vermont","3","3","0"
"1000000US500259671001083","Block 1083, Block Group 1, Census Tract 9671, Windham County, Vermont","0","0","0"
"1000000US500259671001084","Block 1084, Block Group 1, Census Tract 9671, Windham County, Vermont","0","0","0"
"1000000US500259671002000","Block 2000, Block Group 2, Census Tract 9671, Windham County, Vermont","24","21","3"
"1000000US500259671002001","Block 2001, Block Group 2, Census Tract 9671, Windham County, Vermont","2","1","1"
"1000000US500259671002002","Block 2002, Block Group 2, Census Tract 9671, Windham County, Vermont","3","3","0"
"1000000US500259671002003","Block 2003, Block Group 2, Census Tract 9671, Windham County, Vermont","2","2","0"
"1000000US500259671002004","Block 2004, Block Group 2, Census Tract 9671, Windham County, Vermont","0","0","0"
"1000000US500259671002005","Block 2005, Block Group 2, Census Tract 9671, Windham County, Vermont","143","117","26"
"1000000US500259671002006","Block 2006, Block Group 2, Census Tract 9671, Windham County, Vermont","2","2","0"
"1000000US500259671002007","Block 2007, Block Group 2, Census Tract 9671, Windham County, Vermont","0","0","0"
"1000000US500259671002008","Block 2008, Block Group 2, Census Tract 9671, Windham County, Vermont","4","4","0"
"1000000US500259671002009","Block 2009, Block Group 2, Census Tract 9671, Windham County, Vermont","0","0","0"
"1000000US500259671002010","Block 2010, Block Group 2, Census Tract 9671, Windham County, Vermont","0","0","0"
"1000000US500259671002011","Block 2011, Block Group 2, Census Tract 9671, Windham County, Vermont","0","0","0"
"1000000US500259671002012","Block 2012, Block Group 2, Census Tract 9671, Windham County, Vermont","5","5","0"
"1000000US500259671002013","Block 2013, Block Group 2, Census Tract 9671, Windham County, Vermont","0","0","0"
"1000000US500259671002014","Block 2014, Block Group 2, Census Tract 9671, Windham County, Vermont","6","5","1"
"1000000US500259671002015","Block 2015, Block Group 2, Census Tract 9671, Windham County, Vermont","0","0","0"
"1000000US500259671002016","Block 2016, Block Group 2, Census Tract 9671, Windham County, Vermont","1","0","1"
"1000000US500259671002017","Block 2017, Block Group 2, Census Tract 9671, Windham County, Vermont","1","1","0"
"1000000US500259671002018","Block 2018, Block Group 2, Census Tract 9671, Windham County, Vermont","2","0","2"
"1000000US500259671002019","Block 2019, Block Group 2, Census Tract 9671, Windham County, Vermont","5","5","0"
"1000000US500259671002020","Block 2020, Block Group 2, Census Tract 9671, Windham County, Vermont","0","0","0"
"1000000US500259671002021","Block 2021, Block Group 2, Census Tract 9671, Windham County, Vermont","0","0","0"
"1000000US500259671002022","Block 2022, Block Group 2, Census Tract 9671, Windham County, Vermont","24","16","8"
"1000000US500259671002023","Block 2023, Block Group 2, Census Tract 9671, Windham County, Vermont","1","0","1"
"1000000US500259671002024","Block 2024, Block Group 2, Census Tract 9671, Windham County, Vermont","1","1","0"
"1000000US500259671002025","Block 2025, Block Group 2, Census Tract 9671, Windham County, Vermont","0","0","0"
"1000000US500259671002026","Block 2026, Block Group 2, Census Tract 9671, Windham County, Vermont","1","1","0"
"1000000US500259671002027","Block 2027, Block Group 2, Census Tract 9671, Windham County, Vermont","9","8","1"
"1000000US500259671002028","Block 2028, Block Group 2, Census Tract 9671, Windham County, Vermont","0","0","0"
"1000000US500259671002029","Block 2029, Block Group 2, Census Tract 9671, Windham County, Vermont","89","80","9"
"1000000US500259671002030","Block 2030, Block Group 2, Census Tract 9671, Windham County, Vermont","0","0","0"
"1000000US500259671002031","Block 2031, Block Group 2, Census Tract 9671, Windham County, Vermont","0","0","0"
"1000000US500259671002032","Block 2032, Block Group 2, Census Tract 9671, Windham County, Vermont","0","0","0"
"1000000US500259671002033","Block 2033, Block Group 2, Census Tract 9671, Windham County, Vermont","0","0","0"
"1000000US500259671002034","Block 2034, Block Group 2, Census Tract 9671, Windham County, Vermont","10","10","0"
"1000000US500259671002035","Block 2035, Block Group 2, Census Tract 9671, Windham County, Vermont","8","7","1"
"1000000US500259671002036","Block 2036, Block Group 2, Census Tract 9671, Windham County, Vermont","5","5","0"
"1000000US500259671002037","Block 2037, Block Group 2, Census Tract 9671, Windham County, Vermont","0","0","0"
"1000000US500259671002038","Block 2038, Block Group 2, Census Tract 9671, Windham County, Vermont","0","0","0"
"1000000US500259671002039","Block 2039, Block Group 2, Census Tract 9671, Windham County, Vermont","0","0","0"
"1000000US500259671002040","Block 2040, Block Group 2, Census Tract 9671, Windham County, Vermont","12","12","0"
"1000000US500259671002041","Block 2041, Block Group 2, Census Tract 9671, Windham County, Vermont","0","0","0"
"1000000US500259671002042","Block 2042, Block Group 2, Census Tract 9671, Windham County, Vermont","0","0","0"
"1000000US500259671002043","Block 2043, Block Group 2, Census Tract 9671, Windham County, Vermont","3","3","0"
"1000000US500259671002044","Block 2044, Block Group 2, Census Tract 9671, Windham County, Vermont","3","3","0"
"1000000US500259671002045","Block 2045, Block Group 2, Census Tract 9671, Windham County, Vermont","0","0","0"
"1000000US500259671002046","Block 2046, Block Group 2, Census Tract 9671, Windham County, Vermont","7","6","1"
"1000000US500259671002047","Block 2047, Block Group 2, Census Tract 9671, Windham County, Vermont","14","12","2"
"1000000US500259671002048","Block 2048, Block Group 2, Census Tract 9671, Windham County, Vermont","1","1","0"
"1000000US500259671002049","Block 2049, Block Group 2, Census Tract 9671, Windham County, Vermont","7","6","1"
"1000000US500259671002050","Block 2050, Block Group 2, Census Tract 9671, Windham County, Vermont","1","1","0"
"1000000US500259671002051","Block 2051, Block Group 2, Census Tract 9671, Windham County, Vermont","1","1","0"
"1000000US500259671002052","Block 2052, Block Group 2, Census Tract 9671, Windham County, Vermont","12","8","4"
"1000000US500259671002053","Block 2053, Block Group 2, Census Tract 9671, Windham County, Vermont","14","12","2"
"1000000US500259671002054","Block 2054, Block Group 2, Census Tract 9671, Windham County, Vermont","32","26","6"
"1000000US500259671002055","Block 2055, Block Group 2, Census Tract 9671, Windham County, Vermont","15","12","3"
"1000000US500259671002056","Block 2056, Block Group 2, Census Tract 9671, Windham County, Vermont","9","8","1"
"1000000US500259671002057","Block 2057, Block Group 2, Census Tract 9671, Windham County, Vermont","5","4","1"
"1000000US500259671002058","Block 2058, Block Group 2, Census Tract 9671, Windham County, Vermont","0","0","0"
"1000000US500259671002059","Block 2059, Block Group 2, Census Tract 9671, Windham County, Vermont","11","11","0"
"1000000US500259671002060","Block 2060, Block Group 2, Census Tract 9671, Windham County, Vermont","0","0","0"
"1000000US500259671002061","Block 2061, Block Group 2, Census Tract 9671, Windham County, Vermont","0","0","0"
"1000000US500259671002062","Block 2062, Block Group 2, Census Tract 9671, Windham County, Vermont","1","1","0"
"1000000US500259671002063","Block 2063, Block Group 2, Census Tract 9671, Windham County, Vermont","11","9","2"
"1000000US500259671002064","Block 2064, Block Group 2, Census Tract 9671, Windham County, Vermont","2","2","0"
"1000000US500259671002065","Block 2065, Block Group 2, Census Tract 9671, Windham County, Vermont","27","23","4"
"1000000US500259671002066","Block 2066, Block Group 2, Census Tract 9671, Windham County, Vermont","0","0","0"
"1000000US500259671002067","Block 2067, Block Group 2, Census Tract 9671, Windham County, Vermont","0","0","0"
"1000000US500259671002068","Block 2068, Block Group 2, Census Tract 9671, Windham County, Vermont","2","2","0"
"1000000US500259671002069","Block 2069, Block Group 2, Census Tract 9671, Windham County, Vermont","0","0","0"
"1000000US500259671002070","Block 2070, Block Group 2, Census Tract 9671, Windham County, Vermont","10","9","1"
"1000000US500259671002071","Block 2071, Block Group 2, Census Tract 9671, Windham County, Vermont","5","4","1"
"1000000US500259671002072","Block 2072, Block Group 2, Census Tract 9671, Windham County, Vermont","0","0","0"
"1000000US500259671002073","Block 2073, Block Group 2, Census Tract 9671, Windham County, Vermont","6","6","0"
"1000000US500259671002074","Block 2074, Block Group 2, Census Tract 9671, Windham County, Vermont","3","3","0"
"1000000US500259671002075","Block 2075, Block Group 2, Census Tract 9671, Windham County, Vermont","27","25","2"
"1000000US500259671002076","Block 2076, Block Group 2, Census Tract 9671, Windham County, Vermont","4","3","1"
"1000000US500259671002077","Block 2077, Block Group 2, Census Tract 9671, Windham County, Vermont","11","9","2"
"1000000US500259671002078","Block 2078, Block Group 2, Census Tract 9671, Windham County, Vermont","0","0","0"
"1000000US500259671002079","Block 2079, Block Group 2, Census Tract 9671, Windham County, Vermont","1","1","0"
"1000000US500259671002080","Block 2080, Block Group 2, Census Tract 9671, Windham County, Vermont","10","10","0"
"1000000US500259671002081","Block 2081, Block Group 2, Census Tract 9671, Windham County, Vermont","0","0","0"
"1000000US500259671002082","Block 2082, Block Group 2, Census Tract 9671, Windham County, Vermont","0","0","0"
"1000000US500259671002083","Block 2083, Block Group 2, Census Tract 9671, Windham County, Vermont","5","4","1"
"1000000US500259671002084","Block 2084, Block Group 2, Census Tract 9671, Windham County, Vermont","10","9","1"
"1000000US500259671002085","Block 2085, Block Group 2, Census Tract 9671, Windham County, Vermont","15","13","2"
"1000000US500259671002086","Block 2086, Block Group 2, Census Tract 9671, Windham County, Vermont","0","0","0"
"1000000US500259671002087","Block 2087, Block Group 2, Census Tract 9671, Windham County, Vermont","0","0","0"
"1000000US500259671002088","Block 2088, Block Group 2, Census Tract 9671, Windham County, Vermont","1","0","1"
"1000000US500259671002089","Block 2089, Block Group 2, Census Tract 9671, Windham County, Vermont","16","16","0"
"1000000US500259671002090","Block 2090, Block Group 2, Census Tract 9671, Windham County, Vermont","5","5","0"
"1000000US500259671002091","Block 2091, Block Group 2, Census Tract 9671, Windham County, Vermont","0","0","0"
"1000000US500259671002092","Block 2092, Block Group 2, Census Tract 9671, Windham County, Vermont","0","0","0"
"1000000US500259671002093","Block 2093, Block Group 2, Census Tract 9671, Windham County, Vermont","4","3","1"
"1000000US500259671002094","Block 2094, Block Group 2, Census Tract 9671, Windham County, Vermont","0","0","0"
"1000000US500259671002095","Block 2095, Block Group 2, Census Tract 9671, Windham County, Vermont","0","0","0"
"1000000US500259671002096","Block 2096, Block Group 2, Census Tract 9671, Windham County, Vermont","1","0","1"
"1000000US500259671002097","Block 2097, Block Group 2, Census Tract 9671, Windham County, Vermont","0","0","0"
"1000000US500259671002098","Block 2098, Block Group 2, Census Tract 9671, Windham County, Vermont","0","0","0"
"1000000US500259671002099","Block 2099, Block Group 2, Census Tract 9671, Windham County, Vermont","0","0","0"
"1000000US500259671002100","Block 2100, Block Group 2, Census Tract 9671, Windham County, Vermont","0","0","0"
"1000000US500259671002101","Block 2101, Block Group 2, Census Tract 9671, Windham County, Vermont","0","0","0"
"1000000US500259671002102","Block 2102, Block Group 2, Census Tract 9671, Windham County, Vermont","1","1","0"
"1000000US500259672001000","Block 1000, Block Group 1, Census Tract 9672, Windham County, Vermont","0","0","0"
"1000000US500259672001001","Block 1001, Block Group 1, Census Tract 9672, Windham County, Vermont","0","0","0"
"1000000US500259672001002","Block 1002, Block Group 1, Census Tract 9672, Windham County, Vermont","2","2","0"
"1000000US500259672001003","Block 1003, Block Group 1, Census Tract 9672, Windham County, Vermont","3","1","2"
"1000000US500259672001004","Block 1004, Block Group 1, Census Tract 9672, Windham County, Vermont","2","1","1"
"1000000US500259672001005","Block 1005, Block Group 1, Census Tract 9672, Windham County, Vermont","16","12","4"
"1000000US500259672001006","Block 1006, Block Group 1, Census Tract 9672, Windham County, Vermont","28","24","4"
"1000000US500259672001007","Block 1007, Block Group 1, Census Tract 9672, Windham County, Vermont","4","4","0"
"1000000US500259672001008","Block 1008, Block Group 1, Census Tract 9672, Windham County, Vermont","0","0","0"
"1000000US500259672001009","Block 1009, Block Group 1, Census Tract 9672, Windham County, Vermont","0","0","0"
"1000000US500259672001010","Block 1010, Block Group 1, Census Tract 9672, Windham County, Vermont","0","0","0"
"1000000US500259672001011","Block 1011, Block Group 1, Census Tract 9672, Windham County, Vermont","7","5","2"
"1000000US500259672001012","Block 1012, Block Group 1, Census Tract 9672, Windham County, Vermont","2","0","2"
"1000000US500259672001013","Block 1013, Block Group 1, Census Tract 9672, Windham County, Vermont","0","0","0"
"1000000US500259672001014","Block 1014, Block Group 1, Census Tract 9672, Windham County, Vermont","14","10","4"
"1000000US500259672001015","Block 1015, Block Group 1, Census Tract 9672, Windham County, Vermont","0","0","0"
"1000000US500259672001016","Block 1016, Block Group 1, Census Tract 9672, Windham County, Vermont","0","0","0"
"1000000US500259672001017","Block 1017, Block Group 1, Census Tract 9672, Windham County, Vermont","18","13","5"
"1000000US500259672001018","Block 1018, Block Group 1, Census Tract 9672, Windham County, Vermont","40","33","7"
"1000000US500259672001019","Block 1019, Block Group 1, Census Tract 9672, Windham County, Vermont","2","2","0"
"1000000US500259672001020","Block 1020, Block Group 1, Census Tract 9672, Windham County, Vermont","1","1","0"
"1000000US500259672001021","Block 1021, Block Group 1, Census Tract 9672, Windham County, Vermont","6","5","1"
"1000000US500259672001022","Block 1022, Block Group 1, Census Tract 9672, Windham County, Vermont","1","1","0"
"1000000US500259672001023","Block 1023, Block Group 1, Census Tract 9672, Windham County, Vermont","0","0","0"
"1000000US500259672001024","Block 1024, Block Group 1, Census Tract 9672, Windham County, Vermont","0","0","0"
"1000000US500259672001025","Block 1025, Block Group 1, Census Tract 9672, Windham County, Vermont","5","4","1"
"1000000US500259672001026","Block 1026, Block Group 1, Census Tract 9672, Windham County, Vermont","0","0","0"
"1000000US500259672001027","Block 1027, Block Group 1, Census Tract 9672, Windham County, Vermont","8","8","0"
"1000000US500259672001028","Block 1028, Block Group 1, Census Tract 9672, Windham County, Vermont","37","28","9"
"1000000US500259672001029","Block 1029, Block Group 1, Census Tract 9672, Windham County, Vermont","1","1","0"
"1000000US500259672001030","Block 1030, Block Group 1, Census Tract 9672, Windham County, Vermont","18","14","4"
"1000000US500259672001031","Block 1031, Block Group 1, Census Tract 9672, Windham County, Vermont","9","8","1"
"1000000US500259672001032","Block 1032, Block Group 1, Census Tract 9672, Windham County, Vermont","7","4","3"
"1000000US500259672001033","Block 1033, Block Group 1, Census Tract 9672, Windham County, Vermont","22","10","12"
"1000000US500259672001034","Block 1034, Block Group 1, Census Tract 9672, Windham County, Vermont","0","0","0"
"1000000US500259672001035","Block 1035, Block Group 1, Census Tract 9672, Windham County, Vermont","0","0","0"
"1000000US500259672001036","Block 1036, Block Group 1, Census Tract 9672, Windham County, Vermont","39","27","12"
"1000000US500259672001037","Block 1037, Block Group 1, Census Tract 9672, Windham County, Vermont","2","2","0"
"1000000US500259672001038","Block 1038, Block Group 1, Census Tract 9672, Windham County, Vermont","2","0","2"
"1000000US500259672001039","Block 1039, Block Group 1, Census Tract 9672, Windham County, Vermont","5","3","2"
"1000000US500259672001040","Block 1040, Block Group 1, Census Tract 9672, Windham County, Vermont","0","0","0"
"1000000US500259672001041","Block 1041, Block Group 1, Census Tract 9672, Windham County, Vermont","2","0","2"
"1000000US500259672001042","Block 1042, Block Group 1, Census Tract 9672, Windham County, Vermont","2","1","1"
"1000000US500259672001043","Block 1043, Block Group 1, Census Tract 9672, Windham County, Vermont","1","0","1"
"1000000US500259672001044","Block 1044, Block Group 1, Census Tract 9672, Windham County, Vermont","1","0","1"
"1000000US500259672001045","Block 1045, Block Group 1, Census Tract 9672, Windham County, Vermont","23","17","6"
"1000000US500259672001046","Block 1046, Block Group 1, Census Tract 9672, Windham County, Vermont","0","0","0"
"1000000US500259672001047","Block 1047, Block Group 1, Census Tract 9672, Windham County, Vermont","1","1","0"
"1000000US500259672001048","Block 1048, Block Group 1, Census Tract 9672, Windham County, Vermont","1","1","0"
"1000000US500259672001049","Block 1049, Block Group 1, Census Tract 9672, Windham County, Vermont","3","2","1"
"1000000US500259672001050","Block 1050, Block Group 1, Census Tract 9672, Windham County, Vermont","17","12","5"
"1000000US500259672001051","Block 1051, Block Group 1, Census Tract 9672, Windham County, Vermont","3","3","0"
"1000000US500259672001052","Block 1052, Block Group 1, Census Tract 9672, Windham County, Vermont","8","5","3"
"1000000US500259672001053","Block 1053, Block Group 1, Census Tract 9672, Windham County, Vermont","3","2","1"
"1000000US500259672001054","Block 1054, Block Group 1, Census Tract 9672, Windham County, Vermont","1","1","0"
"1000000US500259672001055","Block 1055, Block Group 1, Census Tract 9672, Windham County, Vermont","2","1","1"
"1000000US500259672001056","Block 1056, Block Group 1, Census Tract 9672, Windham County, Vermont","25","23","2"
"1000000US500259672001057","Block 1057, Block Group 1, Census Tract 9672, Windham County, Vermont","2","2","0"
"1000000US500259672001058","Block 1058, Block Group 1, Census Tract 9672, Windham County, Vermont","2","2","0"
"1000000US500259672001059","Block 1059, Block Group 1, Census Tract 9672, Windham County, Vermont","28","20","8"
"1000000US500259672001060","Block 1060, Block Group 1, Census Tract 9672, Windham County, Vermont","18","9","9"
"1000000US500259672001061","Block 1061, Block Group 1, Census Tract 9672, Windham County, Vermont","5","5","0"
"1000000US500259672001062","Block 1062, Block Group 1, Census Tract 9672, Windham County, Vermont","9","6","3"
"1000000US500259672001063","Block 1063, Block Group 1, Census Tract 9672, Windham County, Vermont","0","0","0"
"1000000US500259672001064","Block 1064, Block Group 1, Census Tract 9672, Windham County, Vermont","11","9","2"
"1000000US500259672001065","Block 1065, Block Group 1, Census Tract 9672, Windham County, Vermont","0","0","0"
"1000000US500259672001066","Block 1066, Block Group 1, Census Tract 9672, Windham County, Vermont","0","0","0"
"1000000US500259672001067","Block 1067, Block Group 1, Census Tract 9672, Windham County, Vermont","0","0","0"
"1000000US500259672001068","Block 1068, Block Group 1, Census Tract 9672, Windham County, Vermont","0","0","0"
"1000000US500259672001069","Block 1069, Block Group 1, Census Tract 9672, Windham County, Vermont","0","0","0"
"1000000US500259672001070","Block 1070, Block Group 1, Census Tract 9672, Windham County, Vermont","0","0","0"
"1000000US500259672001071","Block 1071, Block Group 1, Census Tract 9672, Windham County, Vermont","0","0","0"
"1000000US500259672001072","Block 1072, Block Group 1, Census Tract 9672, Windham County, Vermont","0","0","0"
"1000000US500259672001073","Block 1073, Block Group 1, Census Tract 9672, Windham County, Vermont","9","8","1"
"1000000US500259672001074","Block 1074, Block Group 1, Census Tract 9672, Windham County, Vermont","3","3","0"
"1000000US500259672001075","Block 1075, Block Group 1, Census Tract 9672, Windham County, Vermont","12","8","4"
"1000000US500259672001076","Block 1076, Block Group 1, Census Tract 9672, Windham County, Vermont","4","3","1"
"1000000US500259672001077","Block 1077, Block Group 1, Census Tract 9672, Windham County, Vermont","7","7","0"
"1000000US500259672001078","Block 1078, Block Group 1, Census Tract 9672, Windham County, Vermont","12","5","7"
"1000000US500259672001079","Block 1079, Block Group 1, Census Tract 9672, Windham County, Vermont","0","0","0"
"1000000US500259672001080","Block 1080, Block Group 1, Census Tract 9672, Windham County, Vermont","0","0","0"
"1000000US500259672001081","Block 1081, Block Group 1, Census Tract 9672, Windham County, Vermont","9","8","1"
"1000000US500259672001082","Block 1082, Block Group 1, Census Tract 9672, Windham County, Vermont","0","0","0"
"1000000US500259672001083","Block 1083, Block Group 1, Census Tract 9672, Windham County, Vermont","0","0","0"
"1000000US500259672002000","Block 2000, Block Group 2, Census Tract 9672, Windham County, Vermont","31","20","11"
"1000000US500259672002001","Block 2001, Block Group 2, Census Tract 9672, Windham County, Vermont","8","6","2"
"1000000US500259672002002","Block 2002, Block Group 2, Census Tract 9672, Windham County, Vermont","0","0","0"
"1000000US500259672002003","Block 2003, Block Group 2, Census Tract 9672, Windham County, Vermont","10","7","3"
"1000000US500259672002004","Block 2004, Block Group 2, Census Tract 9672, Windham County, Vermont","6","5","1"
"1000000US500259672002005","Block 2005, Block Group 2, Census Tract 9672, Windham County, Vermont","0","0","0"
"1000000US500259672002006","Block 2006, Block Group 2, Census Tract 9672, Windham County, Vermont","0","0","0"
"1000000US500259672002007","Block 2007, Block Group 2, Census Tract 9672, Windham County, Vermont","1","1","0"
"1000000US500259672002008","Block 2008, Block Group 2, Census Tract 9672, Windham County, Vermont","4","3","1"
"1000000US500259672002009","Block 2009, Block Group 2, Census Tract 9672, Windham County, Vermont","47","35","12"
"1000000US500259672002010","Block 2010, Block Group 2, Census Tract 9672, Windham County, Vermont","0","0","0"
"1000000US500259672002011","Block 2011, Block Group 2, Census Tract 9672, Windham County, Vermont","2","0","2"
"1000000US500259672002012","Block 2012, Block Group 2, Census Tract 9672, Windham County, Vermont","2","0","2"
"1000000US500259672002013","Block 2013, Block Group 2, Census Tract 9672, Windham County, Vermont","82","49","33"
"1000000US500259672002014","Block 2014, Block Group 2, Census Tract 9672, Windham County, Vermont","2","0","2"
"1000000US500259672002015","Block 2015, Block Group 2, Census Tract 9672, Windham County, Vermont","0","0","0"
"1000000US500259672002016","Block 2016, Block Group 2, Census Tract 9672, Windham County, Vermont","0","0","0"
"1000000US500259672002017","Block 2017, Block Group 2, Census Tract 9672, Windham County, Vermont","1","1","0"
"1000000US500259672002018","Block 2018, Block Group 2, Census Tract 9672, Windham County, Vermont","1","1","0"
"1000000US500259672002019","Block 2019, Block Group 2, Census Tract 9672, Windham County, Vermont","1","1","0"
"1000000US500259672002020","Block 2020, Block Group 2, Census Tract 9672, Windham County, Vermont","0","0","0"
"1000000US500259672002021","Block 2021, Block Group 2, Census Tract 9672, Windham County, Vermont","0","0","0"
"1000000US500259672002022","Block 2022, Block Group 2, Census Tract 9672, Windham County, Vermont","2","2","0"
"1000000US500259672002023","Block 2023, Block Group 2, Census Tract 9672, Windham County, Vermont","0","0","0"
"1000000US500259672002024","Block 2024, Block Group 2, Census Tract 9672, Windham County, Vermont","2","1","1"
"1000000US500259672002025","Block 2025, Block Group 2, Census Tract 9672, Windham County, Vermont","0","0","0"
"1000000US500259672002026","Block 2026, Block Group 2, Census Tract 9672, Windham County, Vermont","0","0","0"
"1000000US500259672002027","Block 2027, Block Group 2, Census Tract 9672, Windham County, Vermont","16","8","8"
"1000000US500259672002028","Block 2028, Block Group 2, Census Tract 9672, Windham County, Vermont","2","2","0"
"1000000US500259672002029","Block 2029, Block Group 2, Census Tract 9672, Windham County, Vermont","0","0","0"
"1000000US500259672002030","Block 2030, Block Group 2, Census Tract 9672, Windham County, Vermont","1","0","1"
"1000000US500259672002031","Block 2031, Block Group 2, Census Tract 9672, Windham County, Vermont","0","0","0"
"1000000US500259672002032","Block 2032, Block Group 2, Census Tract 9672, Windham County, Vermont","24","9","15"
"1000000US500259672002033","Block 2033, Block Group 2, Census Tract 9672, Windham County, Vermont","6","3","3"
"1000000US500259672002034","Block 2034, Block Group 2, Census Tract 9672, Windham County, Vermont","3","0","3"
"1000000US500259672002035","Block 2035, Block Group 2, Census Tract 9672, Windham County, Vermont","12","2","10"
"1000000US500259672002036","Block 2036, Block Group 2, Census Tract 9672, Windham County, Vermont","0","0","0"
"1000000US500259672002037","Block 2037, Block Group 2, Census Tract 9672, Windham County, Vermont","26","12","14"
"1000000US500259672002038","Block 2038, Block Group 2, Census Tract 9672, Windham County, Vermont","0","0","0"
"1000000US500259672002039","Block 2039, Block Group 2, Census Tract 9672, Windham County, Vermont","0","0","0"
"1000000US500259672002040","Block 2040, Block Group 2, Census Tract 9672, Windham County, Vermont","16","5","11"
"1000000US500259672002041","Block 2041, Block Group 2, Census Tract 9672, Windham County, Vermont","2","0","2"
"1000000US500259672002042","Block 2042, Block Group 2, Census Tract 9672, Windham County, Vermont","10","4","6"
"1000000US500259672002043","Block 2043, Block Group 2, Census Tract 9672, Windham County, Vermont","0","0","0"
"1000000US500259672002044","Block 2044, Block Group 2, Census Tract 9672, Windham County, Vermont","15","9","6"
"1000000US500259672002045","Block 2045, Block Group 2, Census Tract 9672, Windham County, Vermont","0","0","0"
"1000000US500259672002046","Block 2046, Block Group 2, Census Tract 9672, Windham County, Vermont","29","17","12"
"1000000US500259672002047","Block 2047, Block Group 2, Census Tract 9672, Windham County, Vermont","1","0","1"
"1000000US500259672002048","Block 2048, Block Group 2, Census Tract 9672, Windham County, Vermont","1","1","0"
"1000000US500259672002049","Block 2049, Block Group 2, Census Tract 9672, Windham County, Vermont","31","16","15"
"1000000US500259672002050","Block 2050, Block Group 2, Census Tract 9672, Windham County, Vermont","0","0","0"
"1000000US500259672002051","Block 2051, Block Group 2, Census Tract 9672, Windham County, Vermont","6","4","2"
"1000000US500259672002052","Block 2052, Block Group 2, Census Tract 9672, Windham County, Vermont","7","5","2"
"1000000US500259672002053","Block 2053, Block Group 2, Census Tract 9672, Windham County, Vermont","0","0","0"
"1000000US500259672002054","Block 2054, Block Group 2, Census Tract 9672, Windham County, Vermont","0","0","0"
"1000000US500259672002055","Block 2055, Block Group 2, Census Tract 9672, Windham County, Vermont","0","0","0"
"1000000US500259672002056","Block 2056, Block Group 2, Census Tract 9672, Windham County, Vermont","0","0","0"
"1000000US500259672002057","Block 2057, Block Group 2, Census Tract 9672, Windham County, Vermont","0","0","0"
"1000000US500259672002058","Block 2058, Block Group 2, Census Tract 9672, Windham County, Vermont","9","8","1"
"1000000US500259672002059","Block 2059, Block Group 2, Census Tract 9672, Windham County, Vermont","34","17","17"
"1000000US500259672002060","Block 2060, Block Group 2, Census Tract 9672, Windham County, Vermont","5","2","3"
"1000000US500259672002061","Block 2061, Block Group 2, Census Tract 9672, Windham County, Vermont","0","0","0"
"1000000US500259672002062","Block 2062, Block Group 2, Census Tract 9672, Windham County, Vermont","8","6","2"
"1000000US500259672002063","Block 2063, Block Group 2, Census Tract 9672, Windham County, Vermont","0","0","0"
"1000000US500259672002064","Block 2064, Block Group 2, Census Tract 9672, Windham County, Vermont","0","0","0"
"1000000US500259672002065","Block 2065, Block Group 2, Census Tract 9672, Windham County, Vermont","4","3","1"
"1000000US500259672002066","Block 2066, Block Group 2, Census Tract 9672, Windham County, Vermont","1","1","0"
"1000000US500259672002067","Block 2067, Block Group 2, Census Tract 9672, Windham County, Vermont","16","10","6"
"1000000US500259672002068","Block 2068, Block Group 2, Census Tract 9672, Windham County, Vermont","0","0","0"
"1000000US500259672002069","Block 2069, Block Group 2, Census Tract 9672, Windham County, Vermont","7","4","3"
"1000000US500259672002070","Block 2070, Block Group 2, Census Tract 9672, Windham County, Vermont","5","4","1"
"1000000US500259672002071","Block 2071, Block Group 2, Census Tract 9672, Windham County, Vermont","0","0","0"
"1000000US500259672002072","Block 2072, Block Group 2, Census Tract 9672, Windham County, Vermont","13","10","3"
"1000000US500259672002073","Block 2073, Block Group 2, Census Tract 9672, Windham County, Vermont","0","0","0"
"1000000US500259672002074","Block 2074, Block Group 2, Census Tract 9672, Windham County, Vermont","0","0","0"
"1000000US500259672002075","Block 2075, Block Group 2, Census Tract 9672, Windham County, Vermont","0","0","0"
"1000000US500259672002076","Block 2076, Block Group 2, Census Tract 9672, Windham County, Vermont","3","2","1"
"1000000US500259672002077","Block 2077, Block Group 2, Census Tract 9672, Windham County, Vermont","16","15","1"
"1000000US500259672002078","Block 2078, Block Group 2, Census Tract 9672, Windham County, Vermont","3","1","2"
"1000000US500259672002079","Block 2079, Block Group 2, Census Tract 9672, Windham County, Vermont","1","1","0"
"1000000US500259672002080","Block 2080, Block Group 2, Census Tract 9672, Windham County, Vermont","29","21","8"
"1000000US500259672002081","Block 2081, Block Group 2, Census Tract 9672, Windham County, Vermont","1","0","1"
"1000000US500259672002082","Block 2082, Block Group 2, Census Tract 9672, Windham County, Vermont","16","12","4"
"1000000US500259672002083","Block 2083, Block Group 2, Census Tract 9672, Windham County, Vermont","0","0","0"
"1000000US500259672002084","Block 2084, Block Group 2, Census Tract 9672, Windham County, Vermont","1","0","1"
"1000000US500259672002085","Block 2085, Block Group 2, Census Tract 9672, Windham County, Vermont","1","1","0"
"1000000US500259672002086","Block 2086, Block Group 2, Census Tract 9672, Windham County, Vermont","8","8","0"
"1000000US500259672002087","Block 2087, Block Group 2, Census Tract 9672, Windham County, Vermont","1","1","0"
"1000000US500259672002088","Block 2088, Block Group 2, Census Tract 9672, Windham County, Vermont","0","0","0"
"1000000US500259672002089","Block 2089, Block Group 2, Census Tract 9672, Windham County, Vermont","2","2","0"
"1000000US500259672002090","Block 2090, Block Group 2, Census Tract 9672, Windham County, Vermont","13","11","2"
"1000000US500259672002091","Block 2091, Block Group 2, Census Tract 9672, Windham County, Vermont","0","0","0"
"1000000US500259672002092","Block 2092, Block Group 2, Census Tract 9672, Windham County, Vermont","5","4","1"
"1000000US500259672002093","Block 2093, Block Group 2, Census Tract 9672, Windham County, Vermont","3","3","0"
"1000000US500259672002094","Block 2094, Block Group 2, Census Tract 9672, Windham County, Vermont","0","0","0"
"1000000US500259672002095","Block 2095, Block Group 2, Census Tract 9672, Windham County, Vermont","9","7","2"
"1000000US500259672002096","Block 2096, Block Group 2, Census Tract 9672, Windham County, Vermont","4","2","2"
"1000000US500259672002097","Block 2097, Block Group 2, Census Tract 9672, Windham County, Vermont","14","2","12"
"1000000US500259672002098","Block 2098, Block Group 2, Census Tract 9672, Windham County, Vermont","0","0","0"
"1000000US500259672002099","Block 2099, Block Group 2, Census Tract 9672, Windham County, Vermont","22","7","15"
"1000000US500259672002100","Block 2100, Block Group 2, Census Tract 9672, Windham County, Vermont","0","0","0"
"1000000US500259672002101","Block 2101, Block Group 2, Census Tract 9672, Windham County, Vermont","0","0","0"
"1000000US500259672002102","Block 2102, Block Group 2, Census Tract 9672, Windham County, Vermont","0","0","0"
"1000000US500259672002103","Block 2103, Block Group 2, Census Tract 9672, Windham County, Vermont","6","2","4"
"1000000US500259672002104","Block 2104, Block Group 2, Census Tract 9672, Windham County, Vermont","53","14","39"
"1000000US500259672002105","Block 2105, Block Group 2, Census Tract 9672, Windham County, Vermont","1","1","0"
"1000000US500259672002106","Block 2106, Block Group 2, Census Tract 9672, Windham County, Vermont","5","3","2"
"1000000US500259672002107","Block 2107, Block Group 2, Census Tract 9672, Windham County, Vermont","2","0","2"
"1000000US500259672002108","Block 2108, Block Group 2, Census Tract 9672, Windham County, Vermont","1","0","1"
"1000000US500259672002109","Block 2109, Block Group 2, Census Tract 9672, Windham County, Vermont","14","10","4"
"1000000US500259672002110","Block 2110, Block Group 2, Census Tract 9672, Windham County, Vermont","0","0","0"
"1000000US500259672002111","Block 2111, Block Group 2, Census Tract 9672, Windham County, Vermont","24","11","13"
"1000000US500259672002112","Block 2112, Block Group 2, Census Tract 9672, Windham County, Vermont","3","2","1"
"1000000US500259672002113","Block 2113, Block Group 2, Census Tract 9672, Windham County, Vermont","11","8","3"
"1000000US500259672002114","Block 2114, Block Group 2, Census Tract 9672, Windham County, Vermont","0","0","0"
"1000000US500259672002115","Block 2115, Block Group 2, Census Tract 9672, Windham County, Vermont","9","4","5"
"1000000US500259672002116","Block 2116, Block Group 2, Census Tract 9672, Windham County, Vermont","16","8","8"
"1000000US500259672002117","Block 2117, Block Group 2, Census Tract 9672, Windham County, Vermont","0","0","0"
"1000000US500259672002118","Block 2118, Block Group 2, Census Tract 9672, Windham County, Vermont","7","7","0"
"1000000US500259672002119","Block 2119, Block Group 2, Census Tract 9672, Windham County, Vermont","8","2","6"
"1000000US500259672002120","Block 2120, Block Group 2, Census Tract 9672, Windham County, Vermont","27","15","12"
"1000000US500259672002121","Block 2121, Block Group 2, Census Tract 9672, Windham County, Vermont","3","3","0"
"1000000US500259672002122","Block 2122, Block Group 2, Census Tract 9672, Windham County, Vermont","1","0","1"
"1000000US500259672002123","Block 2123, Block Group 2, Census Tract 9672, Windham County, Vermont","1","1","0"
"1000000US500259672002124","Block 2124, Block Group 2, Census Tract 9672, Windham County, Vermont","1","1","0"
"1000000US500259672002125","Block 2125, Block Group 2, Census Tract 9672, Windham County, Vermont","0","0","0"
"1000000US500259672002126","Block 2126, Block Group 2, Census Tract 9672, Windham County, Vermont","3","3","0"
"1000000US500259672002127","Block 2127, Block Group 2, Census Tract 9672, Windham County, Vermont","2","2","0"
"1000000US500259672002128","Block 2128, Block Group 2, Census Tract 9672, Windham County, Vermont","4","2","2"
"1000000US500259672002129","Block 2129, Block Group 2, Census Tract 9672, Windham County, Vermont","0","0","0"
"1000000US500259672002130","Block 2130, Block Group 2, Census Tract 9672, Windham County, Vermont","2","0","2"
"1000000US500259672002131","Block 2131, Block Group 2, Census Tract 9672, Windham County, Vermont","1","1","0"
"1000000US500259672002132","Block 2132, Block Group 2, Census Tract 9672, Windham County, Vermont","3","2","1"
"1000000US500259672002133","Block 2133, Block Group 2, Census Tract 9672, Windham County, Vermont","2","1","1"
"1000000US500259672002134","Block 2134, Block Group 2, Census Tract 9672, Windham County, Vermont","2","1","1"
"1000000US500259672002135","Block 2135, Block Group 2, Census Tract 9672, Windham County, Vermont","6","2","4"
"1000000US500259672002136","Block 2136, Block Group 2, Census Tract 9672, Windham County, Vermont","0","0","0"
"1000000US500259672002137","Block 2137, Block Group 2, Census Tract 9672, Windham County, Vermont","0","0","0"
"1000000US500259672003000","Block 3000, Block Group 3, Census Tract 9672, Windham County, Vermont","21","11","10"
"1000000US500259672003001","Block 3001, Block Group 3, Census Tract 9672, Windham County, Vermont","0","0","0"
"1000000US500259672003002","Block 3002, Block Group 3, Census Tract 9672, Windham County, Vermont","1","1","0"
"1000000US500259672003003","Block 3003, Block Group 3, Census Tract 9672, Windham County, Vermont","1","0","1"
"1000000US500259672003004","Block 3004, Block Group 3, Census Tract 9672, Windham County, Vermont","1","0","1"
"1000000US500259672003005","Block 3005, Block Group 3, Census Tract 9672, Windham County, Vermont","193","156","37"
"1000000US500259672003006","Block 3006, Block Group 3, Census Tract 9672, Windham County, Vermont","0","0","0"
"1000000US500259672003007","Block 3007, Block Group 3, Census Tract 9672, Windham County, Vermont","2","2","0"
"1000000US500259672003008","Block 3008, Block Group 3, Census Tract 9672, Windham County, Vermont","3","3","0"
"1000000US500259672003009","Block 3009, Block Group 3, Census Tract 9672, Windham County, Vermont","1","1","0"
"1000000US500259672003010","Block 3010, Block Group 3, Census Tract 9672, Windham County, Vermont","0","0","0"
"1000000US500259672003011","Block 3011, Block Group 3, Census Tract 9672, Windham County, Vermont","0","0","0"
"1000000US500259672003012","Block 3012, Block Group 3, Census Tract 9672, Windham County, Vermont","0","0","0"
"1000000US500259672003013","Block 3013, Block Group 3, Census Tract 9672, Windham County, Vermont","5","5","0"
"1000000US500259672003014","Block 3014, Block Group 3, Census Tract 9672, Windham County, Vermont","0","0","0"
"1000000US500259672003015","Block 3015, Block Group 3, Census Tract 9672, Windham County, Vermont","11","6","5"
"1000000US500259672003016","Block 3016, Block Group 3, Census Tract 9672, Windham County, Vermont","0","0","0"
"1000000US500259672003017","Block 3017, Block Group 3, Census Tract 9672, Windham County, Vermont","1","1","0"
"1000000US500259672003018","Block 3018, Block Group 3, Census Tract 9672, Windham County, Vermont","0","0","0"
"1000000US500259672003019","Block 3019, Block Group 3, Census Tract 9672, Windham County, Vermont","11","3","8"
"1000000US500259672003020","Block 3020, Block Group 3, Census Tract 9672, Windham County, Vermont","13","12","1"
"1000000US500259672003021","Block 3021, Block Group 3, Census Tract 9672, Windham County, Vermont","2","2","0"
"1000000US500259672003022","Block 3022, Block Group 3, Census Tract 9672, Windham County, Vermont","6","5","1"
"1000000US500259672003023","Block 3023, Block Group 3, Census Tract 9672, Windham County, Vermont","13","10","3"
"1000000US500259672003024","Block 3024, Block Group 3, Census Tract 9672, Windham County, Vermont","19","14","5"
"1000000US500259672003025","Block 3025, Block Group 3, Census Tract 9672, Windham County, Vermont","2","1","1"
"1000000US500259672003026","Block 3026, Block Group 3, Census Tract 9672, Windham County, Vermont","16","11","5"
"1000000US500259672003027","Block 3027, Block Group 3, Census Tract 9672, Windham County, Vermont","12","11","1"
"1000000US500259672003028","Block 3028, Block Group 3, Census Tract 9672, Windham County, Vermont","5","4","1"
"1000000US500259672003029","Block 3029, Block Group 3, Census Tract 9672, Windham County, Vermont","13","8","5"
"1000000US500259672003030","Block 3030, Block Group 3, Census Tract 9672, Windham County, Vermont","0","0","0"
"1000000US500259672003031","Block 3031, Block Group 3, Census Tract 9672, Windham County, Vermont","0","0","0"
"1000000US500259672003032","Block 3032, Block Group 3, Census Tract 9672, Windham County, Vermont","0","0","0"
"1000000US500259672003033","Block 3033, Block Group 3, Census Tract 9672, Windham County, Vermont","0","0","0"
"1000000US500259672003034","Block 3034, Block Group 3, Census Tract 9672, Windham County, Vermont","0","0","0"
"1000000US500259672003035","Block 3035, Block Group 3, Census Tract 9672, Windham County, Vermont","0","0","0"
"1000000US500259672003036","Block 3036, Block Group 3, Census Tract 9672, Windham County, Vermont","0","0","0"
"1000000US500259672003037","Block 3037, Block Group 3, Census Tract 9672, Windham County, Vermont","0","0","0"
"1000000US500259672003038","Block 3038, Block Group 3, Census Tract 9672, Windham County, Vermont","0","0","0"
"1000000US500259672003039","Block 3039, Block Group 3, Census Tract 9672, Windham County, Vermont","0","0","0"
"1000000US500259672003040","Block 3040, Block Group 3, Census Tract 9672, Windham County, Vermont","0","0","0"
"1000000US500259672003041","Block 3041, Block Group 3, Census Tract 9672, Windham County, Vermont","0","0","0"
"1000000US500259672003042","Block 3042, Block Group 3, Census Tract 9672, Windham County, Vermont","0","0","0"
"1000000US500259672003043","Block 3043, Block Group 3, Census Tract 9672, Windham County, Vermont","1","0","1"
"1000000US500259672003044","Block 3044, Block Group 3, Census Tract 9672, Windham County, Vermont","2","0","2"
"1000000US500259672003045","Block 3045, Block Group 3, Census Tract 9672, Windham County, Vermont","4","3","1"
"1000000US500259672003046","Block 3046, Block Group 3, Census Tract 9672, Windham County, Vermont","4","3","1"
"1000000US500259672003047","Block 3047, Block Group 3, Census Tract 9672, Windham County, Vermont","0","0","0"
"1000000US500259672003048","Block 3048, Block Group 3, Census Tract 9672, Windham County, Vermont","0","0","0"
"1000000US500259672003049","Block 3049, Block Group 3, Census Tract 9672, Windham County, Vermont","13","12","1"
"1000000US500259672003050","Block 3050, Block Group 3, Census Tract 9672, Windham County, Vermont","3","3","0"
"1000000US500259672003051","Block 3051, Block Group 3, Census Tract 9672, Windham County, Vermont","0","0","0"
"1000000US500259672003052","Block 3052, Block Group 3, Census Tract 9672, Windham County, Vermont","0","0","0"
"1000000US500259672003053","Block 3053, Block Group 3, Census Tract 9672, Windham County, Vermont","0","0","0"
"1000000US500259672003054","Block 3054, Block Group 3, Census Tract 9672, Windham County, Vermont","0","0","0"
"1000000US500259672003055","Block 3055, Block Group 3, Census Tract 9672, Windham County, Vermont","0","0","0"
"1000000US500259672003056","Block 3056, Block Group 3, Census Tract 9672, Windham County, Vermont","6","6","0"
"1000000US500259672003057","Block 3057, Block Group 3, Census Tract 9672, Windham County, Vermont","0","0","0"
"1000000US500259672003058","Block 3058, Block Group 3, Census Tract 9672, Windham County, Vermont","0","0","0"
"1000000US500259672003059","Block 3059, Block Group 3, Census Tract 9672, Windham County, Vermont","1","1","0"
"1000000US500259672003060","Block 3060, Block Group 3, Census Tract 9672, Windham County, Vermont","2","2","0"
"1000000US500259672003061","Block 3061, Block Group 3, Census Tract 9672, Windham County, Vermont","0","0","0"
"1000000US500259672003062","Block 3062, Block Group 3, Census Tract 9672, Windham County, Vermont","4","3","1"
"1000000US500259672003063","Block 3063, Block Group 3, Census Tract 9672, Windham County, Vermont","0","0","0"
"1000000US500259672003064","Block 3064, Block Group 3, Census Tract 9672, Windham County, Vermont","0","0","0"
"1000000US500259672003065","Block 3065, Block Group 3, Census Tract 9672, Windham County, Vermont","4","4","0"
"1000000US500259672003066","Block 3066, Block Group 3, Census Tract 9672, Windham County, Vermont","0","0","0"
"1000000US500259672003067","Block 3067, Block Group 3, Census Tract 9672, Windham County, Vermont","0","0","0"
"1000000US500259672003068","Block 3068, Block Group 3, Census Tract 9672, Windham County, Vermont","0","0","0"
"1000000US500259672003069","Block 3069, Block Group 3, Census Tract 9672, Windham County, Vermont","40","36","4"
"1000000US500259672003070","Block 3070, Block Group 3, Census Tract 9672, Windham County, Vermont","0","0","0"
"1000000US500259672003071","Block 3071, Block Group 3, Census Tract 9672, Windham County, Vermont","0","0","0"
"1000000US500259672003072","Block 3072, Block Group 3, Census Tract 9672, Windham County, Vermont","0","0","0"
"1000000US500259672003073","Block 3073, Block Group 3, Census Tract 9672, Windham County, Vermont","2","2","0"
"1000000US500259672003074","Block 3074, Block Group 3, Census Tract 9672, Windham County, Vermont","0","0","0"
"1000000US500259672003075","Block 3075, Block Group 3, Census Tract 9672, Windham County, Vermont","18","15","3"
"1000000US500259672003076","Block 3076, Block Group 3, Census Tract 9672, Windham County, Vermont","19","16","3"
"1000000US500259672003077","Block 3077, Block Group 3, Census Tract 9672, Windham County, Vermont","18","16","2"
"1000000US500259672003078","Block 3078, Block Group 3, Census Tract 9672, Windham County, Vermont","3","1","2"
"1000000US500259672003079","Block 3079, Block Group 3, Census Tract 9672, Windham County, Vermont","1","1","0"
"1000000US500259672003080","Block 3080, Block Group 3, Census Tract 9672, Windham County, Vermont","9","8","1"
"1000000US500259672003081","Block 3081, Block Group 3, Census Tract 9672, Windham County, Vermont","28","13","15"
"1000000US500259672003082","Block 3082, Block Group 3, Census Tract 9672, Windham County, Vermont","0","0","0"
"1000000US500259672003083","Block 3083, Block Group 3, Census Tract 9672, Windham County, Vermont","4","2","2"
"1000000US500259672003084","Block 3084, Block Group 3, Census Tract 9672, Windham County, Vermont","0","0","0"
"1000000US500259672003085","Block 3085, Block Group 3, Census Tract 9672, Windham County, Vermont","0","0","0"
"1000000US500259672003086","Block 3086, Block Group 3, Census Tract 9672, Windham County, Vermont","0","0","0"
"1000000US500259672003087","Block 3087, Block Group 3, Census Tract 9672, Windham County, Vermont","5","3","2"
"1000000US500259672003088","Block 3088, Block Group 3, Census Tract 9672, Windham County, Vermont","0","0","0"
"1000000US500259672003089","Block 3089, Block Group 3, Census Tract 9672, Windham County, Vermont","1","1","0"
"1000000US500259672003090","Block 3090, Block Group 3, Census Tract 9672, Windham County, Vermont","4","2","2"
"1000000US500259672003091","Block 3091, Block Group 3, Census Tract 9672, Windham County, Vermont","0","0","0"
"1000000US500259672003092","Block 3092, Block Group 3, Census Tract 9672, Windham County, Vermont","1","1","0"
"1000000US500259672003093","Block 3093, Block Group 3, Census Tract 9672, Windham County, Vermont","1","1","0"
"1000000US500259672003094","Block 3094, Block Group 3, Census Tract 9672, Windham County, Vermont","29","16","13"
"1000000US500259672003095","Block 3095, Block Group 3, Census Tract 9672, Windham County, Vermont","1","1","0"
"1000000US500259672003096","Block 3096, Block Group 3, Census Tract 9672, Windham County, Vermont","3","1","2"
"1000000US500259672003097","Block 3097, Block Group 3, Census Tract 9672, Windham County, Vermont","3","2","1"
"1000000US500259672003098","Block 3098, Block Group 3, Census Tract 9672, Windham County, Vermont","5","4","1"
"1000000US500259672003099","Block 3099, Block Group 3, Census Tract 9672, Windham County, Vermont","0","0","0"
"1000000US500259672003100","Block 3100, Block Group 3, Census Tract 9672, Windham County, Vermont","0","0","0"
"1000000US500259672003101","Block 3101, Block Group 3, Census Tract 9672, Windham County, Vermont","5","3","2"
"1000000US500259672003102","Block 3102, Block Group 3, Census Tract 9672, Windham County, Vermont","0","0","0"
"1000000US500259672003103","Block 3103, Block Group 3, Census Tract 9672, Windham County, Vermont","17","9","8"
"1000000US500259672003104","Block 3104, Block Group 3, Census Tract 9672, Windham County, Vermont","0","0","0"
"1000000US500259672003105","Block 3105, Block Group 3, Census Tract 9672, Windham County, Vermont","26","11","15"
"1000000US500259672003106","Block 3106, Block Group 3, Census Tract 9672, Windham County, Vermont","0","0","0"
"1000000US500259672003107","Block 3107, Block Group 3, Census Tract 9672, Windham County, Vermont","0","0","0"
"1000000US500259672003108","Block 3108, Block Group 3, Census Tract 9672, Windham County, Vermont","0","0","0"
"1000000US500259672003109","Block 3109, Block Group 3, Census Tract 9672, Windham County, Vermont","3","2","1"
"1000000US500259672003110","Block 3110, Block Group 3, Census Tract 9672, Windham County, Vermont","0","0","0"
"1000000US500259672003111","Block 3111, Block Group 3, Census Tract 9672, Windham County, Vermont","6","4","2"
"1000000US500259672003112","Block 3112, Block Group 3, Census Tract 9672, Windham County, Vermont","3","3","0"
"1000000US500259672003113","Block 3113, Block Group 3, Census Tract 9672, Windham County, Vermont","2","2","0"
"1000000US500259672003114","Block 3114, Block Group 3, Census Tract 9672, Windham County, Vermont","4","3","1"
"1000000US500259672003115","Block 3115, Block Group 3, Census Tract 9672, Windham County, Vermont","4","4","0"
"1000000US500259672003116","Block 3116, Block Group 3, Census Tract 9672, Windham County, Vermont","6","5","1"
"1000000US500259672003117","Block 3117, Block Group 3, Census Tract 9672, Windham County, Vermont","18","14","4"
"1000000US500259672003118","Block 3118, Block Group 3, Census Tract 9672, Windham County, Vermont","10","9","1"
"1000000US500259672003119","Block 3119, Block Group 3, Census Tract 9672, Windham County, Vermont","2","2","0"
"1000000US500259672003120","Block 3120, Block Group 3, Census Tract 9672, Windham County, Vermont","33","21","12"
"1000000US500259672003121","Block 3121, Block Group 3, Census Tract 9672, Windham County, Vermont","0","0","0"
"1000000US500259672003122","Block 3122, Block Group 3, Census Tract 9672, Windham County, Vermont","0","0","0"
"1000000US500259672003123","Block 3123, Block Group 3, Census Tract 9672, Windham County, Vermont","0","0","0"
"1000000US500259672003124","Block 3124, Block Group 3, Census Tract 9672, Windham County, Vermont","0","0","0"
"1000000US500259672003125","Block 3125, Block Group 3, Census Tract 9672, Windham County, Vermont","3","3","0"
"1000000US500259672003126","Block 3126, Block Group 3, Census Tract 9672, Windham County, Vermont","0","0","0"
"1000000US500259672003127","Block 3127, Block Group 3, Census Tract 9672, Windham County, Vermont","0","0","0"
"1000000US500259672003128","Block 3128, Block Group 3, Census Tract 9672, Windham County, Vermont","6","1","5"
"1000000US500259672003129","Block 3129, Block Group 3, Census Tract 9672, Windham County, Vermont","0","0","0"
"1000000US500259672003130","Block 3130, Block Group 3, Census Tract 9672, Windham County, Vermont","10","7","3"
"1000000US500259672003131","Block 3131, Block Group 3, Census Tract 9672, Windham County, Vermont","1","1","0"
"1000000US500259672003132","Block 3132, Block Group 3, Census Tract 9672, Windham County, Vermont","4","1","3"
"1000000US500259672003133","Block 3133, Block Group 3, Census Tract 9672, Windham County, Vermont","2","2","0"
"1000000US500259672003134","Block 3134, Block Group 3, Census Tract 9672, Windham County, Vermont","7","3","4"
"1000000US500259672003135","Block 3135, Block Group 3, Census Tract 9672, Windham County, Vermont","0","0","0"
"1000000US500259672003136","Block 3136, Block Group 3, Census Tract 9672, Windham County, Vermont","1","1","0"
"1000000US500259672003137","Block 3137, Block Group 3, Census Tract 9672, Windham County, Vermont","0","0","0"
"1000000US500259672003138","Block 3138, Block Group 3, Census Tract 9672, Windham County, Vermont","0","0","0"
"1000000US500259672003139","Block 3139, Block Group 3, Census Tract 9672, Windham County, Vermont","0","0","0"
"1000000US500259672003140","Block 3140, Block Group 3, Census Tract 9672, Windham County, Vermont","0","0","0"
"1000000US500259672003141","Block 3141, Block Group 3, Census Tract 9672, Windham County, Vermont","1","0","1"
"1000000US500259672003142","Block 3142, Block Group 3, Census Tract 9672, Windham County, Vermont","9","8","1"
"1000000US500259672003143","Block 3143, Block Group 3, Census Tract 9672, Windham County, Vermont","0","0","0"
"1000000US500259672003144","Block 3144, Block Group 3, Census Tract 9672, Windham County, Vermont","0","0","0"
"1000000US500259672003145","Block 3145, Block Group 3, Census Tract 9672, Windham County, Vermont","4","4","0"
"1000000US500259672003146","Block 3146, Block Group 3, Census Tract 9672, Windham County, Vermont","2","2","0"
"1000000US500259672003147","Block 3147, Block Group 3, Census Tract 9672, Windham County, Vermont","4","3","1"
"1000000US500259672003148","Block 3148, Block Group 3, Census Tract 9672, Windham County, Vermont","0","0","0"
"1000000US500259672003149","Block 3149, Block Group 3, Census Tract 9672, Windham County, Vermont","0","0","0"
"1000000US500259672003150","Block 3150, Block Group 3, Census Tract 9672, Windham County, Vermont","0","0","0"
"1000000US500259672003151","Block 3151, Block Group 3, Census Tract 9672, Windham County, Vermont","0","0","0"
"1000000US500259672003152","Block 3152, Block Group 3, Census Tract 9672, Windham County, Vermont","0","0","0"
"1000000US500259672003153","Block 3153, Block Group 3, Census Tract 9672, Windham County, Vermont","0","0","0"
"1000000US500259672003154","Block 3154, Block Group 3, Census Tract 9672, Windham County, Vermont","0","0","0"
"1000000US500259672003155","Block 3155, Block Group 3, Census Tract 9672, Windham County, Vermont","0","0","0"
"1000000US500259672003156","Block 3156, Block Group 3, Census Tract 9672, Windham County, Vermont","0","0","0"
"1000000US500259672003157","Block 3157, Block Group 3, Census Tract 9672, Windham County, Vermont","0","0","0"
"1000000US500259673001000","Block 1000, Block Group 1, Census Tract 9673, Windham County, Vermont","139","67","72"
"1000000US500259673001001","Block 1001, Block Group 1, Census Tract 9673, Windham County, Vermont","0","0","0"
"1000000US500259673001002","Block 1002, Block Group 1, Census Tract 9673, Windham County, Vermont","0","0","0"
"1000000US500259673001003","Block 1003, Block Group 1, Census Tract 9673, Windham County, Vermont","4","4","0"
"1000000US500259673001004","Block 1004, Block Group 1, Census Tract 9673, Windham County, Vermont","5","2","3"
"1000000US500259673001005","Block 1005, Block Group 1, Census Tract 9673, Windham County, Vermont","0","0","0"
"1000000US500259673001006","Block 1006, Block Group 1, Census Tract 9673, Windham County, Vermont","0","0","0"
"1000000US500259673001007","Block 1007, Block Group 1, Census Tract 9673, Windham County, Vermont","2","0","2"
"1000000US500259673001008","Block 1008, Block Group 1, Census Tract 9673, Windham County, Vermont","0","0","0"
"1000000US500259673001009","Block 1009, Block Group 1, Census Tract 9673, Windham County, Vermont","1","0","1"
"1000000US500259673001010","Block 1010, Block Group 1, Census Tract 9673, Windham County, Vermont","1","1","0"
"1000000US500259673001011","Block 1011, Block Group 1, Census Tract 9673, Windham County, Vermont","28","12","16"
"1000000US500259673001012","Block 1012, Block Group 1, Census Tract 9673, Windham County, Vermont","73","32","41"
"1000000US500259673001013","Block 1013, Block Group 1, Census Tract 9673, Windham County, Vermont","0","0","0"
"1000000US500259673001014","Block 1014, Block Group 1, Census Tract 9673, Windham County, Vermont","0","0","0"
"1000000US500259673001015","Block 1015, Block Group 1, Census Tract 9673, Windham County, Vermont","0","0","0"
"1000000US500259673001016","Block 1016, Block Group 1, Census Tract 9673, Windham County, Vermont","0","0","0"
"1000000US500259673001017","Block 1017, Block Group 1, Census Tract 9673, Windham County, Vermont","59","36","23"
"1000000US500259673001018","Block 1018, Block Group 1, Census Tract 9673, Windham County, Vermont","0","0","0"
"1000000US500259673001019","Block 1019, Block Group 1, Census Tract 9673, Windham County, Vermont","170","106","64"
"1000000US500259673001020","Block 1020, Block Group 1, Census Tract 9673, Windham County, Vermont","0","0","0"
"1000000US500259673001021","Block 1021, Block Group 1, Census Tract 9673, Windham County, Vermont","0","0","0"
"1000000US500259673001022","Block 1022, Block Group 1, Census Tract 9673, Windham County, Vermont","0","0","0"
"1000000US500259673001023","Block 1023, Block Group 1, Census Tract 9673, Windham County, Vermont","0","0","0"
"1000000US500259673001024","Block 1024, Block Group 1, Census Tract 9673, Windham County, Vermont","0","0","0"
"1000000US500259673001025","Block 1025, Block Group 1, Census Tract 9673, Windham County, Vermont","201","89","112"
"1000000US500259673001026","Block 1026, Block Group 1, Census Tract 9673, Windham County, Vermont","9","4","5"
"1000000US500259673001027","Block 1027, Block Group 1, Census Tract 9673, Windham County, Vermont","39","8","31"
"1000000US500259673001028","Block 1028, Block Group 1, Census Tract 9673, Windham County, Vermont","8","3","5"
"1000000US500259673001029","Block 1029, Block Group 1, Census Tract 9673, Windham County, Vermont","2","1","1"
"1000000US500259673001030","Block 1030, Block Group 1, Census Tract 9673, Windham County, Vermont","0","0","0"
"1000000US500259673001031","Block 1031, Block Group 1, Census Tract 9673, Windham County, Vermont","15","6","9"
"1000000US500259673001032","Block 1032, Block Group 1, Census Tract 9673, Windham County, Vermont","0","0","0"
"1000000US500259673001033","Block 1033, Block Group 1, Census Tract 9673, Windham County, Vermont","0","0","0"
"1000000US500259673001034","Block 1034, Block Group 1, Census Tract 9673, Windham County, Vermont","0","0","0"
"1000000US500259673001035","Block 1035, Block Group 1, Census Tract 9673, Windham County, Vermont","0","0","0"
"1000000US500259673001036","Block 1036, Block Group 1, Census Tract 9673, Windham County, Vermont","0","0","0"
"1000000US500259673001037","Block 1037, Block Group 1, Census Tract 9673, Windham County, Vermont","0","0","0"
"1000000US500259673001038","Block 1038, Block Group 1, Census Tract 9673, Windham County, Vermont","0","0","0"
"1000000US500259673001039","Block 1039, Block Group 1, Census Tract 9673, Windham County, Vermont","0","0","0"
"1000000US500259673001040","Block 1040, Block Group 1, Census Tract 9673, Windham County, Vermont","5","4","1"
"1000000US500259673001041","Block 1041, Block Group 1, Census Tract 9673, Windham County, Vermont","5","5","0"
"1000000US500259673001042","Block 1042, Block Group 1, Census Tract 9673, Windham County, Vermont","0","0","0"
"1000000US500259673001043","Block 1043, Block Group 1, Census Tract 9673, Windham County, Vermont","0","0","0"
"1000000US500259673001044","Block 1044, Block Group 1, Census Tract 9673, Windham County, Vermont","4","2","2"
"1000000US500259673001045","Block 1045, Block Group 1, Census Tract 9673, Windham County, Vermont","2","0","2"
"1000000US500259673001046","Block 1046, Block Group 1, Census Tract 9673, Windham County, Vermont","0","0","0"
"1000000US500259673001047","Block 1047, Block Group 1, Census Tract 9673, Windham County, Vermont","0","0","0"
"1000000US500259673001048","Block 1048, Block Group 1, Census Tract 9673, Windham County, Vermont","0","0","0"
"1000000US500259673001049","Block 1049, Block Group 1, Census Tract 9673, Windham County, Vermont","1","0","1"
"1000000US500259673001050","Block 1050, Block Group 1, Census Tract 9673, Windham County, Vermont","0","0","0"
"1000000US500259673002000","Block 2000, Block Group 2, Census Tract 9673, Windham County, Vermont","0","0","0"
"1000000US500259673002001","Block 2001, Block Group 2, Census Tract 9673, Windham County, Vermont","0","0","0"
"1000000US500259673002002","Block 2002, Block Group 2, Census Tract 9673, Windham County, Vermont","0","0","0"
"1000000US500259673002003","Block 2003, Block Group 2, Census Tract 9673, Windham County, Vermont","60","31","29"
"1000000US500259673002004","Block 2004, Block Group 2, Census Tract 9673, Windham County, Vermont","4","2","2"
"1000000US500259673002005","Block 2005, Block Group 2, Census Tract 9673, Windham County, Vermont","27","17","10"
"1000000US500259673002006","Block 2006, Block Group 2, Census Tract 9673, Windham County, Vermont","11","4","7"
"1000000US500259673002007","Block 2007, Block Group 2, Census Tract 9673, Windham County, Vermont","1","1","0"
"1000000US500259673002008","Block 2008, Block Group 2, Census Tract 9673, Windham County, Vermont","0","0","0"
"1000000US500259673002009","Block 2009, Block Group 2, Census Tract 9673, Windham County, Vermont","5","2","3"
"1000000US500259673002010","Block 2010, Block Group 2, Census Tract 9673, Windham County, Vermont","22","12","10"
"1000000US500259673002011","Block 2011, Block Group 2, Census Tract 9673, Windham County, Vermont","33","16","17"
"1000000US500259673002012","Block 2012, Block Group 2, Census Tract 9673, Windham County, Vermont","19","11","8"
"1000000US500259673002013","Block 2013, Block Group 2, Census Tract 9673, Windham County, Vermont","0","0","0"
"1000000US500259673002014","Block 2014, Block Group 2, Census Tract 9673, Windham County, Vermont","1","1","0"
"1000000US500259673002015","Block 2015, Block Group 2, Census Tract 9673, Windham County, Vermont","0","0","0"
"1000000US500259673002016","Block 2016, Block Group 2, Census Tract 9673, Windham County, Vermont","15","9","6"
"1000000US500259673002017","Block 2017, Block Group 2, Census Tract 9673, Windham County, Vermont","2","0","2"
"1000000US500259673002018","Block 2018, Block Group 2, Census Tract 9673, Windham County, Vermont","1","1","0"
"1000000US500259673002019","Block 2019, Block Group 2, Census Tract 9673, Windham County, Vermont","78","37","41"
"1000000US500259673002020","Block 2020, Block Group 2, Census Tract 9673, Windham County, Vermont","0","0","0"
"1000000US500259673002021","Block 2021, Block Group 2, Census Tract 9673, Windham County, Vermont","7","2","5"
"1000000US500259673002022","Block 2022, Block Group 2, Census Tract 9673, Windham County, Vermont","4","2","2"
"1000000US500259673002023","Block 2023, Block Group 2, Census Tract 9673, Windham County, Vermont","15","11","4"
"1000000US500259673002024","Block 2024, Block Group 2, Census Tract 9673, Windham County, Vermont","16","8","8"
"1000000US500259673002025","Block 2025, Block Group 2, Census Tract 9673, Windham County, Vermont","0","0","0"
"1000000US500259673002026","Block 2026, Block Group 2, Census Tract 9673, Windham County, Vermont","4","4","0"
"1000000US500259673002027","Block 2027, Block Group 2, Census Tract 9673, Windham County, Vermont","0","0","0"
"1000000US500259673002028","Block 2028, Block Group 2, Census Tract 9673, Windham County, Vermont","0","0","0"
"1000000US500259673002029","Block 2029, Block Group 2, Census Tract 9673, Windham County, Vermont","0","0","0"
"1000000US500259673002030","Block 2030, Block Group 2, Census Tract 9673, Windham County, Vermont","40","24","16"
"1000000US500259673002031","Block 2031, Block Group 2, Census Tract 9673, Windham County, Vermont","5","2","3"
"1000000US500259673002032","Block 2032, Block Group 2, Census Tract 9673, Windham County, Vermont","59","33","26"
"1000000US500259673002033","Block 2033, Block Group 2, Census Tract 9673, Windham County, Vermont","8","7","1"
"1000000US500259673002034","Block 2034, Block Group 2, Census Tract 9673, Windham County, Vermont","1","1","0"
"1000000US500259673002035","Block 2035, Block Group 2, Census Tract 9673, Windham County, Vermont","2","1","1"
"1000000US500259673002036","Block 2036, Block Group 2, Census Tract 9673, Windham County, Vermont","5","3","2"
"1000000US500259673002037","Block 2037, Block Group 2, Census Tract 9673, Windham County, Vermont","5","4","1"
"1000000US500259673002038","Block 2038, Block Group 2, Census Tract 9673, Windham County, Vermont","3","3","0"
"1000000US500259673002039","Block 2039, Block Group 2, Census Tract 9673, Windham County, Vermont","1","0","1"
"1000000US500259673002040","Block 2040, Block Group 2, Census Tract 9673, Windham County, Vermont","9","7","2"
"1000000US500259673002041","Block 2041, Block Group 2, Census Tract 9673, Windham County, Vermont","69","52","17"
"1000000US500259673002042","Block 2042, Block Group 2, Census Tract 9673, Windham County, Vermont","7","6","1"
"1000000US500259673002043","Block 2043, Block Group 2, Census Tract 9673, Windham County, Vermont","4","2","2"
"1000000US500259673002044","Block 2044, Block Group 2, Census Tract 9673, Windham County, Vermont","0","0","0"
"1000000US500259673002045","Block 2045, Block Group 2, Census Tract 9673, Windham County, Vermont","0","0","0"
"1000000US500259673002046","Block 2046, Block Group 2, Census Tract 9673, Windham County, Vermont","0","0","0"
"1000000US500259673002047","Block 2047, Block Group 2, Census Tract 9673, Windham County, Vermont","0","0","0"
"1000000US500259673002048","Block 2048, Block Group 2, Census Tract 9673, Windham County, Vermont","0","0","0"
"1000000US500259673002049","Block 2049, Block Group 2, Census Tract 9673, Windham County, Vermont","0","0","0"
"1000000US500259673002050","Block 2050, Block Group 2, Census Tract 9673, Windham County, Vermont","0","0","0"
"1000000US500259673002051","Block 2051, Block Group 2, Census Tract 9673, Windham County, Vermont","0","0","0"
"1000000US500259673002052","Block 2052, Block Group 2, Census Tract 9673, Windham County, Vermont","1","0","1"
"1000000US500259673002053","Block 2053, Block Group 2, Census Tract 9673, Windham County, Vermont","8","6","2"
"1000000US500259673002054","Block 2054, Block Group 2, Census Tract 9673, Windham County, Vermont","1","1","0"
"1000000US500259673002055","Block 2055, Block Group 2, Census Tract 9673, Windham County, Vermont","15","9","6"
"1000000US500259673002056","Block 2056, Block Group 2, Census Tract 9673, Windham County, Vermont","2","2","0"
"1000000US500259673002057","Block 2057, Block Group 2, Census Tract 9673, Windham County, Vermont","0","0","0"
"1000000US500259673002058","Block 2058, Block Group 2, Census Tract 9673, Windham County, Vermont","58","22","36"
"1000000US500259673002059","Block 2059, Block Group 2, Census Tract 9673, Windham County, Vermont","0","0","0"
"1000000US500259673002060","Block 2060, Block Group 2, Census Tract 9673, Windham County, Vermont","0","0","0"
"1000000US500259673002061","Block 2061, Block Group 2, Census Tract 9673, Windham County, Vermont","0","0","0"
"1000000US500259673002062","Block 2062, Block Group 2, Census Tract 9673, Windham County, Vermont","28","19","9"
"1000000US500259673002063","Block 2063, Block Group 2, Census Tract 9673, Windham County, Vermont","0","0","0"
"1000000US500259673002064","Block 2064, Block Group 2, Census Tract 9673, Windham County, Vermont","0","0","0"
"1000000US500259673002065","Block 2065, Block Group 2, Census Tract 9673, Windham County, Vermont","0","0","0"
"1000000US500259673002066","Block 2066, Block Group 2, Census Tract 9673, Windham County, Vermont","0","0","0"
"1000000US500259673002067","Block 2067, Block Group 2, Census Tract 9673, Windham County, Vermont","5","4","1"
"1000000US500259673002068","Block 2068, Block Group 2, Census Tract 9673, Windham County, Vermont","1","0","1"
"1000000US500259673002069","Block 2069, Block Group 2, Census Tract 9673, Windham County, Vermont","0","0","0"
"1000000US500259673002070","Block 2070, Block Group 2, Census Tract 9673, Windham County, Vermont","0","0","0"
"1000000US500259673002071","Block 2071, Block Group 2, Census Tract 9673, Windham County, Vermont","0","0","0"
"1000000US500259673002072","Block 2072, Block Group 2, Census Tract 9673, Windham County, Vermont","1","1","0"
"1000000US500259673002073","Block 2073, Block Group 2, Census Tract 9673, Windham County, Vermont","4","0","4"
"1000000US500259673002074","Block 2074, Block Group 2, Census Tract 9673, Windham County, Vermont","0","0","0"
"1000000US500259673002075","Block 2075, Block Group 2, Census Tract 9673, Windham County, Vermont","5","3","2"
"1000000US500259673002076","Block 2076, Block Group 2, Census Tract 9673, Windham County, Vermont","1","0","1"
"1000000US500259673002077","Block 2077, Block Group 2, Census Tract 9673, Windham County, Vermont","3","1","2"
"1000000US500259673002078","Block 2078, Block Group 2, Census Tract 9673, Windham County, Vermont","0","0","0"
"1000000US500259673002079","Block 2079, Block Group 2, Census Tract 9673, Windham County, Vermont","3","3","0"
"1000000US500259673002080","Block 2080, Block Group 2, Census Tract 9673, Windham County, Vermont","0","0","0"
"1000000US500259673002081","Block 2081, Block Group 2, Census Tract 9673, Windham County, Vermont","1","1","0"
"1000000US500259673002082","Block 2082, Block Group 2, Census Tract 9673, Windham County, Vermont","0","0","0"
"1000000US500259673002083","Block 2083, Block Group 2, Census Tract 9673, Windham County, Vermont","0","0","0"
"1000000US500259673002084","Block 2084, Block Group 2, Census Tract 9673, Windham County, Vermont","6","6","0"
"1000000US500259673002085","Block 2085, Block Group 2, Census Tract 9673, Windham County, Vermont","11","9","2"
"1000000US500259673002086","Block 2086, Block Group 2, Census Tract 9673, Windham County, Vermont","6","5","1"
"1000000US500259673002087","Block 2087, Block Group 2, Census Tract 9673, Windham County, Vermont","0","0","0"
"1000000US500259673002088","Block 2088, Block Group 2, Census Tract 9673, Windham County, Vermont","0","0","0"
"1000000US500259673002089","Block 2089, Block Group 2, Census Tract 9673, Windham County, Vermont","0","0","0"
"1000000US500259674001000","Block 1000, Block Group 1, Census Tract 9674, Windham County, Vermont","2","1","1"
"1000000US500259674001001","Block 1001, Block Group 1, Census Tract 9674, Windham County, Vermont","2","0","2"
"1000000US500259674001002","Block 1002, Block Group 1, Census Tract 9674, Windham County, Vermont","1","1","0"
"1000000US500259674001003","Block 1003, Block Group 1, Census Tract 9674, Windham County, Vermont","3","1","2"
"1000000US500259674001004","Block 1004, Block Group 1, Census Tract 9674, Windham County, Vermont","31","24","7"
"1000000US500259674001005","Block 1005, Block Group 1, Census Tract 9674, Windham County, Vermont","1","1","0"
"1000000US500259674001006","Block 1006, Block Group 1, Census Tract 9674, Windham County, Vermont","0","0","0"
"1000000US500259674001007","Block 1007, Block Group 1, Census Tract 9674, Windham County, Vermont","74","45","29"
"1000000US500259674001008","Block 1008, Block Group 1, Census Tract 9674, Windham County, Vermont","4","3","1"
"1000000US500259674001009","Block 1009, Block Group 1, Census Tract 9674, Windham County, Vermont","1","0","1"
"1000000US500259674001010","Block 1010, Block Group 1, Census Tract 9674, Windham County, Vermont","0","0","0"
"1000000US500259674001011","Block 1011, Block Group 1, Census Tract 9674, Windham County, Vermont","1","0","1"
"1000000US500259674001012","Block 1012, Block Group 1, Census Tract 9674, Windham County, Vermont","2","0","2"
"1000000US500259674001013","Block 1013, Block Group 1, Census Tract 9674, Windham County, Vermont","0","0","0"
"1000000US500259674001014","Block 1014, Block Group 1, Census Tract 9674, Windham County, Vermont","3","2","1"
"1000000US500259674001015","Block 1015, Block Group 1, Census Tract 9674, Windham County, Vermont","0","0","0"
"1000000US500259674001016","Block 1016, Block Group 1, Census Tract 9674, Windham County, Vermont","0","0","0"
"1000000US500259674001017","Block 1017, Block Group 1, Census Tract 9674, Windham County, Vermont","1","1","0"
"1000000US500259674001018","Block 1018, Block Group 1, Census Tract 9674, Windham County, Vermont","35","23","12"
"1000000US500259674001019","Block 1019, Block Group 1, Census Tract 9674, Windham County, Vermont","0","0","0"
"1000000US500259674001020","Block 1020, Block Group 1, Census Tract 9674, Windham County, Vermont","0","0","0"
"1000000US500259674001021","Block 1021, Block Group 1, Census Tract 9674, Windham County, Vermont","0","0","0"
"1000000US500259674001022","Block 1022, Block Group 1, Census Tract 9674, Windham County, Vermont","1","0","1"
"1000000US500259674001023","Block 1023, Block Group 1, Census Tract 9674, Windham County, Vermont","0","0","0"
"1000000US500259674001024","Block 1024, Block Group 1, Census Tract 9674, Windham County, Vermont","0","0","0"
"1000000US500259674001025","Block 1025, Block Group 1, Census Tract 9674, Windham County, Vermont","22","5","17"
"1000000US500259674001026","Block 1026, Block Group 1, Census Tract 9674, Windham County, Vermont","24","8","16"
"1000000US500259674001027","Block 1027, Block Group 1, Census Tract 9674, Windham County, Vermont","0","0","0"
"1000000US500259674001028","Block 1028, Block Group 1, Census Tract 9674, Windham County, Vermont","0","0","0"
"1000000US500259674001029","Block 1029, Block Group 1, Census Tract 9674, Windham County, Vermont","10","5","5"
"1000000US500259674001030","Block 1030, Block Group 1, Census Tract 9674, Windham County, Vermont","2","0","2"
"1000000US500259674001031","Block 1031, Block Group 1, Census Tract 9674, Windham County, Vermont","0","0","0"
"1000000US500259674001032","Block 1032, Block Group 1, Census Tract 9674, Windham County, Vermont","3","0","3"
"1000000US500259674001033","Block 1033, Block Group 1, Census Tract 9674, Windham County, Vermont","1","0","1"
"1000000US500259674001034","Block 1034, Block Group 1, Census Tract 9674, Windham County, Vermont","3","2","1"
"1000000US500259674001035","Block 1035, Block Group 1, Census Tract 9674, Windham County, Vermont","0","0","0"
"1000000US500259674001036","Block 1036, Block Group 1, Census Tract 9674, Windham County, Vermont","4","2","2"
"1000000US500259674001037","Block 1037, Block Group 1, Census Tract 9674, Windham County, Vermont","0","0","0"
"1000000US500259674001038","Block 1038, Block Group 1, Census Tract 9674, Windham County, Vermont","9","7","2"
"1000000US500259674001039","Block 1039, Block Group 1, Census Tract 9674, Windham County, Vermont","2","1","1"
"1000000US500259674001040","Block 1040, Block Group 1, Census Tract 9674, Windham County, Vermont","9","3","6"
"1000000US500259674001041","Block 1041, Block Group 1, Census Tract 9674, Windham County, Vermont","1","0","1"
"1000000US500259674001042","Block 1042, Block Group 1, Census Tract 9674, Windham County, Vermont","6","4","2"
"1000000US500259674001043","Block 1043, Block Group 1, Census Tract 9674, Windham County, Vermont","0","0","0"
"1000000US500259674001044","Block 1044, Block Group 1, Census Tract 9674, Windham County, Vermont","9","4","5"
"1000000US500259674001045","Block 1045, Block Group 1, Census Tract 9674, Windham County, Vermont","2","0","2"
"1000000US500259674001046","Block 1046, Block Group 1, Census Tract 9674, Windham County, Vermont","3","1","2"
"1000000US500259674001047","Block 1047, Block Group 1, Census Tract 9674, Windham County, Vermont","1","1","0"
"1000000US500259674001048","Block 1048, Block Group 1, Census Tract 9674, Windham County, Vermont","0","0","0"
"1000000US500259674001049","Block 1049, Block Group 1, Census Tract 9674, Windham County, Vermont","21","10","11"
"1000000US500259674001050","Block 1050, Block Group 1, Census Tract 9674, Windham County, Vermont","6","0","6"
"1000000US500259674001051","Block 1051, Block Group 1, Census Tract 9674, Windham County, Vermont","9","1","8"
"1000000US500259674001052","Block 1052, Block Group 1, Census Tract 9674, Windham County, Vermont","0","0","0"
"1000000US500259674001053","Block 1053, Block Group 1, Census Tract 9674, Windham County, Vermont","0","0","0"
"1000000US500259674001054","Block 1054, Block Group 1, Census Tract 9674, Windham County, Vermont","6","4","2"
"1000000US500259674001055","Block 1055, Block Group 1, Census Tract 9674, Windham County, Vermont","0","0","0"
"1000000US500259674001056","Block 1056, Block Group 1, Census Tract 9674, Windham County, Vermont","0","0","0"
"1000000US500259674001057","Block 1057, Block Group 1, Census Tract 9674, Windham County, Vermont","0","0","0"
"1000000US500259674001058","Block 1058, Block Group 1, Census Tract 9674, Windham County, Vermont","0","0","0"
"1000000US500259674001059","Block 1059, Block Group 1, Census Tract 9674, Windham County, Vermont","8","8","0"
"1000000US500259674001060","Block 1060, Block Group 1, Census Tract 9674, Windham County, Vermont","12","8","4"
"1000000US500259674001061","Block 1061, Block Group 1, Census Tract 9674, Windham County, Vermont","2","0","2"
"1000000US500259674001062","Block 1062, Block Group 1, Census Tract 9674, Windham County, Vermont","1","0","1"
"1000000US500259674001063","Block 1063, Block Group 1, Census Tract 9674, Windham County, Vermont","4","3","1"
"1000000US500259674001064","Block 1064, Block Group 1, Census Tract 9674, Windham County, Vermont","0","0","0"
"1000000US500259674001065","Block 1065, Block Group 1, Census Tract 9674, Windham County, Vermont","2","2","0"
"1000000US500259674001066","Block 1066, Block Group 1, Census Tract 9674, Windham County, Vermont","0","0","0"
"1000000US500259674001067","Block 1067, Block Group 1, Census Tract 9674, Windham County, Vermont","6","3","3"
"1000000US500259674001068","Block 1068, Block Group 1, Census Tract 9674, Windham County, Vermont","4","0","4"
"1000000US500259674001069","Block 1069, Block Group 1, Census Tract 9674, Windham County, Vermont","14","8","6"
"1000000US500259674001070","Block 1070, Block Group 1, Census Tract 9674, Windham County, Vermont","0","0","0"
"1000000US500259674001071","Block 1071, Block Group 1, Census Tract 9674, Windham County, Vermont","1","1","0"
"1000000US500259674001072","Block 1072, Block Group 1, Census Tract 9674, Windham County, Vermont","22","4","18"
"1000000US500259674001073","Block 1073, Block Group 1, Census Tract 9674, Windham County, Vermont","0","0","0"
"1000000US500259674002000","Block 2000, Block Group 2, Census Tract 9674, Windham County, Vermont","162","39","123"
"1000000US500259674002001","Block 2001, Block Group 2, Census Tract 9674, Windham County, Vermont","0","0","0"
"1000000US500259674002002","Block 2002, Block Group 2, Census Tract 9674, Windham County, Vermont","1","0","1"
"1000000US500259674002003","Block 2003, Block Group 2, Census Tract 9674, Windham County, Vermont","4","2","2"
"1000000US500259674002004","Block 2004, Block Group 2, Census Tract 9674, Windham County, Vermont","17","4","13"
"1000000US500259674002005","Block 2005, Block Group 2, Census Tract 9674, Windham County, Vermont","5","1","4"
"1000000US500259674002006","Block 2006, Block Group 2, Census Tract 9674, Windham County, Vermont","1","1","0"
"1000000US500259674002007","Block 2007, Block Group 2, Census Tract 9674, Windham County, Vermont","1","0","1"
"1000000US500259674002008","Block 2008, Block Group 2, Census Tract 9674, Windham County, Vermont","0","0","0"
"1000000US500259674002009","Block 2009, Block Group 2, Census Tract 9674, Windham County, Vermont","9","2","7"
"1000000US500259674002010","Block 2010, Block Group 2, Census Tract 9674, Windham County, Vermont","3","0","3"
"1000000US500259674002011","Block 2011, Block Group 2, Census Tract 9674, Windham County, Vermont","0","0","0"
"1000000US500259674002012","Block 2012, Block Group 2, Census Tract 9674, Windham County, Vermont","49","17","32"
"1000000US500259674002013","Block 2013, Block Group 2, Census Tract 9674, Windham County, Vermont","2","0","2"
"1000000US500259674002014","Block 2014, Block Group 2, Census Tract 9674, Windham County, Vermont","0","0","0"
"1000000US500259674002015","Block 2015, Block Group 2, Census Tract 9674, Windham County, Vermont","37","13","24"
"1000000US500259674002016","Block 2016, Block Group 2, Census Tract 9674, Windham County, Vermont","4","2","2"
"1000000US500259674002017","Block 2017, Block Group 2, Census Tract 9674, Windham County, Vermont","0","0","0"
"1000000US500259674002018","Block 2018, Block Group 2, Census Tract 9674, Windham County, Vermont","7","4","3"
"1000000US500259674002019","Block 2019, Block Group 2, Census Tract 9674, Windham County, Vermont","21","5","16"
"1000000US500259674002020","Block 2020, Block Group 2, Census Tract 9674, Windham County, Vermont","4","1","3"
"1000000US500259674002021","Block 2021, Block Group 2, Census Tract 9674, Windham County, Vermont","5","1","4"
"1000000US500259674002022","Block 2022, Block Group 2, Census Tract 9674, Windham County, Vermont","1","1","0"
"1000000US500259674002023","Block 2023, Block Group 2, Census Tract 9674, Windham County, Vermont","1","0","1"
"1000000US500259674002024","Block 2024, Block Group 2, Census Tract 9674, Windham County, Vermont","1","1","0"
"1000000US500259674002025","Block 2025, Block Group 2, Census Tract 9674, Windham County, Vermont","7","2","5"
"1000000US500259674002026","Block 2026, Block Group 2, Census Tract 9674, Windham County, Vermont","0","0","0"
"1000000US500259674002027","Block 2027, Block Group 2, Census Tract 9674, Windham County, Vermont","2","2","0"
"1000000US500259674002028","Block 2028, Block Group 2, Census Tract 9674, Windham County, Vermont","2","1","1"
"1000000US500259674002029","Block 2029, Block Group 2, Census Tract 9674, Windham County, Vermont","10","7","3"
"1000000US500259674002030","Block 2030, Block Group 2, Census Tract 9674, Windham County, Vermont","8","6","2"
"1000000US500259674002031","Block 2031, Block Group 2, Census Tract 9674, Windham County, Vermont","44","31","13"
"1000000US500259674002032","Block 2032, Block Group 2, Census Tract 9674, Windham County, Vermont","0","0","0"
"1000000US500259674002033","Block 2033, Block Group 2, Census Tract 9674, Windham County, Vermont","6","4","2"
"1000000US500259674002034","Block 2034, Block Group 2, Census Tract 9674, Windham County, Vermont","11","1","10"
"1000000US500259674002035","Block 2035, Block Group 2, Census Tract 9674, Windham County, Vermont","0","0","0"
"1000000US500259674002036","Block 2036, Block Group 2, Census Tract 9674, Windham County, Vermont","0","0","0"
"1000000US500259674002037","Block 2037, Block Group 2, Census Tract 9674, Windham County, Vermont","0","0","0"
"1000000US500259674002038","Block 2038, Block Group 2, Census Tract 9674, Windham County, Vermont","2","0","2"
"1000000US500259674002039","Block 2039, Block Group 2, Census Tract 9674, Windham County, Vermont","0","0","0"
"1000000US500259674002040","Block 2040, Block Group 2, Census Tract 9674, Windham County, Vermont","1","1","0"
"1000000US500259674002041","Block 2041, Block Group 2, Census Tract 9674, Windham County, Vermont","0","0","0"
"1000000US500259674002042","Block 2042, Block Group 2, Census Tract 9674, Windham County, Vermont","0","0","0"
"1000000US500259674002043","Block 2043, Block Group 2, Census Tract 9674, Windham County, Vermont","0","0","0"
"1000000US500259674002044","Block 2044, Block Group 2, Census Tract 9674, Windham County, Vermont","0","0","0"
"1000000US500259674002045","Block 2045, Block Group 2, Census Tract 9674, Windham County, Vermont","19","10","9"
"1000000US500259674002046","Block 2046, Block Group 2, Census Tract 9674, Windham County, Vermont","24","14","10"
"1000000US500259674002047","Block 2047, Block Group 2, Census Tract 9674, Windham County, Vermont","55","27","28"
"1000000US500259674002048","Block 2048, Block Group 2, Census Tract 9674, Windham County, Vermont","5","0","5"
"1000000US500259674002049","Block 2049, Block Group 2, Census Tract 9674, Windham County, Vermont","9","1","8"
"1000000US500259674002050","Block 2050, Block Group 2, Census Tract 9674, Windham County, Vermont","4","3","1"
"1000000US500259674002051","Block 2051, Block Group 2, Census Tract 9674, Windham County, Vermont","0","0","0"
"1000000US500259674002052","Block 2052, Block Group 2, Census Tract 9674, Windham County, Vermont","2","1","1"
"1000000US500259674002053","Block 2053, Block Group 2, Census Tract 9674, Windham County, Vermont","1","0","1"
"1000000US500259674002054","Block 2054, Block Group 2, Census Tract 9674, Windham County, Vermont","12","2","10"
"1000000US500259674002055","Block 2055, Block Group 2, Census Tract 9674, Windham County, Vermont","1","0","1"
"1000000US500259674002056","Block 2056, Block Group 2, Census Tract 9674, Windham County, Vermont","4","0","4"
"1000000US500259674002057","Block 2057, Block Group 2, Census Tract 9674, Windham County, Vermont","1","1","0"
"1000000US500259674002058","Block 2058, Block Group 2, Census Tract 9674, Windham County, Vermont","12","7","5"
"1000000US500259674002059","Block 2059, Block Group 2, Census Tract 9674, Windham County, Vermont","1","1","0"
"1000000US500259674002060","Block 2060, Block Group 2, Census Tract 9674, Windham County, Vermont","13","8","5"
"1000000US500259674002061","Block 2061, Block Group 2, Census Tract 9674, Windham County, Vermont","8","4","4"
"1000000US500259674002062","Block 2062, Block Group 2, Census Tract 9674, Windham County, Vermont","0","0","0"
"1000000US500259674002063","Block 2063, Block Group 2, Census Tract 9674, Windham County, Vermont","0","0","0"
"1000000US500259674002064","Block 2064, Block Group 2, Census Tract 9674, Windham County, Vermont","0","0","0"
"1000000US500259674002065","Block 2065, Block Group 2, Census Tract 9674, Windham County, Vermont","0","0","0"
"1000000US500259674002066","Block 2066, Block Group 2, Census Tract 9674, Windham County, Vermont","1","1","0"
"1000000US500259674002067","Block 2067, Block Group 2, Census Tract 9674, Windham County, Vermont","24","11","13"
"1000000US500259674002068","Block 2068, Block Group 2, Census Tract 9674, Windham County, Vermont","9","4","5"
"1000000US500259674002069","Block 2069, Block Group 2, Census Tract 9674, Windham County, Vermont","0","0","0"
"1000000US500259674002070","Block 2070, Block Group 2, Census Tract 9674, Windham County, Vermont","0","0","0"
"1000000US500259674002071","Block 2071, Block Group 2, Census Tract 9674, Windham County, Vermont","4","3","1"
"1000000US500259674002072","Block 2072, Block Group 2, Census Tract 9674, Windham County, Vermont","15","10","5"
"1000000US500259674002073","Block 2073, Block Group 2, Census Tract 9674, Windham County, Vermont","0","0","0"
"1000000US500259674002074","Block 2074, Block Group 2, Census Tract 9674, Windham County, Vermont","0","0","0"
"1000000US500259674002075","Block 2075, Block Group 2, Census Tract 9674, Windham County, Vermont","6","4","2"
"1000000US500259674002076","Block 2076, Block Group 2, Census Tract 9674, Windham County, Vermont","4","1","3"
"1000000US500259674002077","Block 2077, Block Group 2, Census Tract 9674, Windham County, Vermont","2","1","1"
"1000000US500259675001000","Block 1000, Block Group 1, Census Tract 9675, Windham County, Vermont","81","35","46"
"1000000US500259675001001","Block 1001, Block Group 1, Census Tract 9675, Windham County, Vermont","18","4","14"
"1000000US500259675001002","Block 1002, Block Group 1, Census Tract 9675, Windham County, Vermont","15","5","10"
"1000000US500259675001003","Block 1003, Block Group 1, Census Tract 9675, Windham County, Vermont","31","5","26"
"1000000US500259675001004","Block 1004, Block Group 1, Census Tract 9675, Windham County, Vermont","4","3","1"
"1000000US500259675001005","Block 1005, Block Group 1, Census Tract 9675, Windham County, Vermont","10","5","5"
"1000000US500259675001006","Block 1006, Block Group 1, Census Tract 9675, Windham County, Vermont","19","7","12"
"1000000US500259675001007","Block 1007, Block Group 1, Census Tract 9675, Windham County, Vermont","12","3","9"
"1000000US500259675001008","Block 1008, Block Group 1, Census Tract 9675, Windham County, Vermont","1","1","0"
"1000000US500259675001009","Block 1009, Block Group 1, Census Tract 9675, Windham County, Vermont","11","6","5"
"1000000US500259675001010","Block 1010, Block Group 1, Census Tract 9675, Windham County, Vermont","0","0","0"
"1000000US500259675001011","Block 1011, Block Group 1, Census Tract 9675, Windham County, Vermont","65","26","39"
"1000000US500259675001012","Block 1012, Block Group 1, Census Tract 9675, Windham County, Vermont","8","1","7"
"1000000US500259675001013","Block 1013, Block Group 1, Census Tract 9675, Windham County, Vermont","8","4","4"
"1000000US500259675001014","Block 1014, Block Group 1, Census Tract 9675, Windham County, Vermont","0","0","0"
"1000000US500259675001015","Block 1015, Block Group 1, Census Tract 9675, Windham County, Vermont","7","2","5"
"1000000US500259675001016","Block 1016, Block Group 1, Census Tract 9675, Windham County, Vermont","1","1","0"
"1000000US500259675001017","Block 1017, Block Group 1, Census Tract 9675, Windham County, Vermont","2","2","0"
"1000000US500259675001018","Block 1018, Block Group 1, Census Tract 9675, Windham County, Vermont","3","3","0"
"1000000US500259675001019","Block 1019, Block Group 1, Census Tract 9675, Windham County, Vermont","11","2","9"
"1000000US500259675001020","Block 1020, Block Group 1, Census Tract 9675, Windham County, Vermont","38","17","21"
"1000000US500259675001021","Block 1021, Block Group 1, Census Tract 9675, Windham County, Vermont","1","1","0"
"1000000US500259675001022","Block 1022, Block Group 1, Census Tract 9675, Windham County, Vermont","1","0","1"
"1000000US500259675001023","Block 1023, Block Group 1, Census Tract 9675, Windham County, Vermont","14","4","10"
"1000000US500259675001024","Block 1024, Block Group 1, Census Tract 9675, Windham County, Vermont","4","2","2"
"1000000US500259675001025","Block 1025, Block Group 1, Census Tract 9675, Windham County, Vermont","7","2","5"
"1000000US500259675001026","Block 1026, Block Group 1, Census Tract 9675, Windham County, Vermont","23","3","20"
"1000000US500259675001027","Block 1027, Block Group 1, Census Tract 9675, Windham County, Vermont","6","3","3"
"1000000US500259675001028","Block 1028, Block Group 1, Census Tract 9675, Windham County, Vermont","14","2","12"
"1000000US500259675001029","Block 1029, Block Group 1, Census Tract 9675, Windham County, Vermont","56","24","32"
"1000000US500259675001030","Block 1030, Block Group 1, Census Tract 9675, Windham County, Vermont","1","1","0"
"1000000US500259675001031","Block 1031, Block Group 1, Census Tract 9675, Windham County, Vermont","0","0","0"
"1000000US500259675001032","Block 1032, Block Group 1, Census Tract 9675, Windham County, Vermont","0","0","0"
"1000000US500259675001033","Block 1033, Block Group 1, Census Tract 9675, Windham County, Vermont","2","1","1"
"1000000US500259675001034","Block 1034, Block Group 1, Census Tract 9675, Windham County, Vermont","5","1","4"
"1000000US500259675001035","Block 1035, Block Group 1, Census Tract 9675, Windham County, Vermont","9","3","6"
"1000000US500259675001036","Block 1036, Block Group 1, Census Tract 9675, Windham County, Vermont","24","9","15"
"1000000US500259675001037","Block 1037, Block Group 1, Census Tract 9675, Windham County, Vermont","0","0","0"
"1000000US500259675001038","Block 1038, Block Group 1, Census Tract 9675, Windham County, Vermont","49","22","27"
"1000000US500259675001039","Block 1039, Block Group 1, Census Tract 9675, Windham County, Vermont","0","0","0"
"1000000US500259675001040","Block 1040, Block Group 1, Census Tract 9675, Windham County, Vermont","0","0","0"
"1000000US500259675001041","Block 1041, Block Group 1, Census Tract 9675, Windham County, Vermont","2","0","2"
"1000000US500259675001042","Block 1042, Block Group 1, Census Tract 9675, Windham County, Vermont","0","0","0"
"1000000US500259675001043","Block 1043, Block Group 1, Census Tract 9675, Windham County, Vermont","5","1","4"
"1000000US500259675001044","Block 1044, Block Group 1, Census Tract 9675, Windham County, Vermont","4","3","1"
"1000000US500259675001045","Block 1045, Block Group 1, Census Tract 9675, Windham County, Vermont","1","1","0"
"1000000US500259675001046","Block 1046, Block Group 1, Census Tract 9675, Windham County, Vermont","3","1","2"
"1000000US500259675001047","Block 1047, Block Group 1, Census Tract 9675, Windham County, Vermont","0","0","0"
"1000000US500259675001048","Block 1048, Block Group 1, Census Tract 9675, Windham County, Vermont","1","0","1"
"1000000US500259675001049","Block 1049, Block Group 1, Census Tract 9675, Windham County, Vermont","0","0","0"
"1000000US500259675002000","Block 2000, Block Group 2, Census Tract 9675, Windham County, Vermont","26","9","17"
"1000000US500259675002001","Block 2001, Block Group 2, Census Tract 9675, Windham County, Vermont","1","1","0"
"1000000US500259675002002","Block 2002, Block Group 2, Census Tract 9675, Windham County, Vermont","0","0","0"
"1000000US500259675002003","Block 2003, Block Group 2, Census Tract 9675, Windham County, Vermont","0","0","0"
"1000000US500259675002004","Block 2004, Block Group 2, Census Tract 9675, Windham County, Vermont","2","0","2"
"1000000US500259675002005","Block 2005, Block Group 2, Census Tract 9675, Windham County, Vermont","35","27","8"
"1000000US500259675002006","Block 2006, Block Group 2, Census Tract 9675, Windham County, Vermont","7","3","4"
"1000000US500259675002007","Block 2007, Block Group 2, Census Tract 9675, Windham County, Vermont","34","20","14"
"1000000US500259675002008","Block 2008, Block Group 2, Census Tract 9675, Windham County, Vermont","1","0","1"
"1000000US500259675002009","Block 2009, Block Group 2, Census Tract 9675, Windham County, Vermont","0","0","0"
"1000000US500259675002010","Block 2010, Block Group 2, Census Tract 9675, Windham County, Vermont","7","3","4"
"1000000US500259675002011","Block 2011, Block Group 2, Census Tract 9675, Windham County, Vermont","0","0","0"
"1000000US500259675002012","Block 2012, Block Group 2, Census Tract 9675, Windham County, Vermont","43","27","16"
"1000000US500259675002013","Block 2013, Block Group 2, Census Tract 9675, Windham County, Vermont","1","1","0"
"1000000US500259675002014","Block 2014, Block Group 2, Census Tract 9675, Windham County, Vermont","61","38","23"
"1000000US500259675002015","Block 2015, Block Group 2, Census Tract 9675, Windham County, Vermont","1","1","0"
"1000000US500259675002016","Block 2016, Block Group 2, Census Tract 9675, Windham County, Vermont","0","0","0"
"1000000US500259675002017","Block 2017, Block Group 2, Census Tract 9675, Windham County, Vermont","0","0","0"
"1000000US500259675002018","Block 2018, Block Group 2, Census Tract 9675, Windham County, Vermont","0","0","0"
"1000000US500259675002019","Block 2019, Block Group 2, Census Tract 9675, Windham County, Vermont","0","0","0"
"1000000US500259675002020","Block 2020, Block Group 2, Census Tract 9675, Windham County, Vermont","1","1","0"
"1000000US500259675002021","Block 2021, Block Group 2, Census Tract 9675, Windham County, Vermont","2","2","0"
"1000000US500259675002022","Block 2022, Block Group 2, Census Tract 9675, Windham County, Vermont","0","0","0"
"1000000US500259675002023","Block 2023, Block Group 2, Census Tract 9675, Windham County, Vermont","3","3","0"
"1000000US500259675002024","Block 2024, Block Group 2, Census Tract 9675, Windham County, Vermont","3","2","1"
"1000000US500259675002025","Block 2025, Block Group 2, Census Tract 9675, Windham County, Vermont","0","0","0"
"1000000US500259675002026","Block 2026, Block Group 2, Census Tract 9675, Windham County, Vermont","0","0","0"
"1000000US500259675002027","Block 2027, Block Group 2, Census Tract 9675, Windham County, Vermont","0","0","0"
"1000000US500259675002028","Block 2028, Block Group 2, Census Tract 9675, Windham County, Vermont","0","0","0"
"1000000US500259675002029","Block 2029, Block Group 2, Census Tract 9675, Windham County, Vermont","3","2","1"
"1000000US500259675002030","Block 2030, Block Group 2, Census Tract 9675, Windham County, Vermont","4","3","1"
"1000000US500259675002031","Block 2031, Block Group 2, Census Tract 9675, Windham County, Vermont","17","5","12"
"1000000US500259675002032","Block 2032, Block Group 2, Census Tract 9675, Windham County, Vermont","20","10","10"
"1000000US500259675003000","Block 3000, Block Group 3, Census Tract 9675, Windham County, Vermont","3","2","1"
"1000000US500259675003001","Block 3001, Block Group 3, Census Tract 9675, Windham County, Vermont","0","0","0"
"1000000US500259675003002","Block 3002, Block Group 3, Census Tract 9675, Windham County, Vermont","1","1","0"
"1000000US500259675003003","Block 3003, Block Group 3, Census Tract 9675, Windham County, Vermont","138","9","129"
"1000000US500259675003004","Block 3004, Block Group 3, Census Tract 9675, Windham County, Vermont","53","0","53"
"1000000US500259675003005","Block 3005, Block Group 3, Census Tract 9675, Windham County, Vermont","0","0","0"
"1000000US500259675003006","Block 3006, Block Group 3, Census Tract 9675, Windham County, Vermont","0","0","0"
"1000000US500259675003007","Block 3007, Block Group 3, Census Tract 9675, Windham County, Vermont","123","2","121"
"1000000US500259675003008","Block 3008, Block Group 3, Census Tract 9675, Windham County, Vermont","594","13","581"
"1000000US500259675003009","Block 3009, Block Group 3, Census Tract 9675, Windham County, Vermont","8","1","7"
"1000000US500259675003010","Block 3010, Block Group 3, Census Tract 9675, Windham County, Vermont","0","0","0"
"1000000US500259675003011","Block 3011, Block Group 3, Census Tract 9675, Windham County, Vermont","0","0","0"
"1000000US500259675003012","Block 3012, Block Group 3, Census Tract 9675, Windham County, Vermont","12","1","11"
"1000000US500259675003013","Block 3013, Block Group 3, Census Tract 9675, Windham County, Vermont","0","0","0"
"1000000US500259675003014","Block 3014, Block Group 3, Census Tract 9675, Windham County, Vermont","0","0","0"
"1000000US500259675003015","Block 3015, Block Group 3, Census Tract 9675, Windham County, Vermont","0","0","0"
"1000000US500259675003016","Block 3016, Block Group 3, Census Tract 9675, Windham County, Vermont","0","0","0"
"1000000US500259675003017","Block 3017, Block Group 3, Census Tract 9675, Windham County, Vermont","262","2","260"
"1000000US500259675003018","Block 3018, Block Group 3, Census Tract 9675, Windham County, Vermont","2","1","1"
"1000000US500259675003019","Block 3019, Block Group 3, Census Tract 9675, Windham County, Vermont","2","1","1"
"1000000US500259675003020","Block 3020, Block Group 3, Census Tract 9675, Windham County, Vermont","41","0","41"
"1000000US500259675003021","Block 3021, Block Group 3, Census Tract 9675, Windham County, Vermont","8","5","3"
"1000000US500259675003022","Block 3022, Block Group 3, Census Tract 9675, Windham County, Vermont","1","1","0"
"1000000US500259675003023","Block 3023, Block Group 3, Census Tract 9675, Windham County, Vermont","0","0","0"
"1000000US500259675003024","Block 3024, Block Group 3, Census Tract 9675, Windham County, Vermont","0","0","0"
"1000000US500259675003025","Block 3025, Block Group 3, Census Tract 9675, Windham County, Vermont","0","0","0"
"1000000US500259675003026","Block 3026, Block Group 3, Census Tract 9675, Windham County, Vermont","1","1","0"
"1000000US500259675003027","Block 3027, Block Group 3, Census Tract 9675, Windham County, Vermont","3","1","2"
"1000000US500259675003028","Block 3028, Block Group 3, Census Tract 9675, Windham County, Vermont","0","0","0"
"1000000US500259675003029","Block 3029, Block Group 3, Census Tract 9675, Windham County, Vermont","0","0","0"
"1000000US500259675003030","Block 3030, Block Group 3, Census Tract 9675, Windham County, Vermont","11","4","7"
"1000000US500259675003031","Block 3031, Block Group 3, Census Tract 9675, Windham County, Vermont","3","1","2"
"1000000US500259675003032","Block 3032, Block Group 3, Census Tract 9675, Windham County, Vermont","10","0","10"
"1000000US500259675003033","Block 3033, Block Group 3, Census Tract 9675, Windham County, Vermont","0","0","0"
"1000000US500259675003034","Block 3034, Block Group 3, Census Tract 9675, Windham County, Vermont","0","0","0"
"1000000US500259675003035","Block 3035, Block Group 3, Census Tract 9675, Windham County, Vermont","43","12","31"
"1000000US500259675003036","Block 3036, Block Group 3, Census Tract 9675, Windham County, Vermont","1","0","1"
"1000000US500259675003037","Block 3037, Block Group 3, Census Tract 9675, Windham County, Vermont","8","1","7"
"1000000US500259675003038","Block 3038, Block Group 3, Census Tract 9675, Windham County, Vermont","5","0","5"
"1000000US500259675003039","Block 3039, Block Group 3, Census Tract 9675, Windham County, Vermont","8","1","7"
"1000000US500259675003040","Block 3040, Block Group 3, Census Tract 9675, Windham County, Vermont","72","21","51"
"1000000US500259675003041","Block 3041, Block Group 3, Census Tract 9675, Windham County, Vermont","0","0","0"
"1000000US500259675003042","Block 3042, Block Group 3, Census Tract 9675, Windham County, Vermont","0","0","0"
"1000000US500259675003043","Block 3043, Block Group 3, Census Tract 9675, Windham County, Vermont","1","1","0"
"1000000US500259675003044","Block 3044, Block Group 3, Census Tract 9675, Windham County, Vermont","3","2","1"
"1000000US500259675003045","Block 3045, Block Group 3, Census Tract 9675, Windham County, Vermont","0","0","0"
"1000000US500259675003046","Block 3046, Block Group 3, Census Tract 9675, Windham County, Vermont","0","0","0"
"1000000US500259675003047","Block 3047, Block Group 3, Census Tract 9675, Windham County, Vermont","0","0","0"
"1000000US500259675003048","Block 3048, Block Group 3, Census Tract 9675, Windham County, Vermont","1","0","1"
"1000000US500259675003049","Block 3049, Block Group 3, Census Tract 9675, Windham County, Vermont","3","1","2"
"1000000US500259675003050","Block 3050, Block Group 3, Census Tract 9675, Windham County, Vermont","0","0","0"
"1000000US500259675003051","Block 3051, Block Group 3, Census Tract 9675, Windham County, Vermont","1","0","1"
"1000000US500259675003052","Block 3052, Block Group 3, Census Tract 9675, Windham County, Vermont","1","1","0"
"1000000US500259675003053","Block 3053, Block Group 3, Census Tract 9675, Windham County, Vermont","2","2","0"
"1000000US500259675003054","Block 3054, Block Group 3, Census Tract 9675, Windham County, Vermont","1","1","0"
"1000000US500259675003055","Block 3055, Block Group 3, Census Tract 9675, Windham County, Vermont","0","0","0"
"1000000US500259675003056","Block 3056, Block Group 3, Census Tract 9675, Windham County, Vermont","0","0","0"
"1000000US500259675003057","Block 3057, Block Group 3, Census Tract 9675, Windham County, Vermont","0","0","0"
"1000000US500259675003058","Block 3058, Block Group 3, Census Tract 9675, Windham County, Vermont","0","0","0"
"1000000US500259675003059","Block 3059, Block Group 3, Census Tract 9675, Windham County, Vermont","0","0","0"
"1000000US500259675003060","Block 3060, Block Group 3, Census Tract 9675, Windham County, Vermont","0","0","0"
"1000000US500259675003061","Block 3061, Block Group 3, Census Tract 9675, Windham County, Vermont","0","0","0"
"1000000US500259675003062","Block 3062, Block Group 3, Census Tract 9675, Windham County, Vermont","0","0","0"
"1000000US500259675003063","Block 3063, Block Group 3, Census Tract 9675, Windham County, Vermont","0","0","0"
"1000000US500259675003064","Block 3064, Block Group 3, Census Tract 9675, Windham County, Vermont","0","0","0"
"1000000US500259675003065","Block 3065, Block Group 3, Census Tract 9675, Windham County, Vermont","15","1","14"
"1000000US500259675003066","Block 3066, Block Group 3, Census Tract 9675, Windham County, Vermont","0","0","0"
"1000000US500259675003067","Block 3067, Block Group 3, Census Tract 9675, Windham County, Vermont","0","0","0"
"1000000US500259675003068","Block 3068, Block Group 3, Census Tract 9675, Windham County, Vermont","0","0","0"
"1000000US500259675003069","Block 3069, Block Group 3, Census Tract 9675, Windham County, Vermont","0","0","0"
"1000000US500259675003070","Block 3070, Block Group 3, Census Tract 9675, Windham County, Vermont","0","0","0"
"1000000US500259675003071","Block 3071, Block Group 3, Census Tract 9675, Windham County, Vermont","0","0","0"
"1000000US500259675003072","Block 3072, Block Group 3, Census Tract 9675, Windham County, Vermont","0","0","0"
"1000000US500259675003073","Block 3073, Block Group 3, Census Tract 9675, Windham County, Vermont","0","0","0"
"1000000US500259675003074","Block 3074, Block Group 3, Census Tract 9675, Windham County, Vermont","0","0","0"
"1000000US500259675003075","Block 3075, Block Group 3, Census Tract 9675, Windham County, Vermont","0","0","0"
"1000000US500259675003076","Block 3076, Block Group 3, Census Tract 9675, Windham County, Vermont","0","0","0"
"1000000US500259675003077","Block 3077, Block Group 3, Census Tract 9675, Windham County, Vermont","0","0","0"
"1000000US500259675003078","Block 3078, Block Group 3, Census Tract 9675, Windham County, Vermont","0","0","0"
"1000000US500259675003079","Block 3079, Block Group 3, Census Tract 9675, Windham County, Vermont","0","0","0"
"1000000US500259675003080","Block 3080, Block Group 3, Census Tract 9675, Windham County, Vermont","0","0","0"
"1000000US500259675003081","Block 3081, Block Group 3, Census Tract 9675, Windham County, Vermont","0","0","0"
"1000000US500259675003082","Block 3082, Block Group 3, Census Tract 9675, Windham County, Vermont","0","0","0"
"1000000US500259675003083","Block 3083, Block Group 3, Census Tract 9675, Windham County, Vermont","0","0","0"
"1000000US500259675003084","Block 3084, Block Group 3, Census Tract 9675, Windham County, Vermont","0","0","0"
"1000000US500259675003085","Block 3085, Block Group 3, Census Tract 9675, Windham County, Vermont","0","0","0"
"1000000US500259675003086","Block 3086, Block Group 3, Census Tract 9675, Windham County, Vermont","0","0","0"
"1000000US500259675003087","Block 3087, Block Group 3, Census Tract 9675, Windham County, Vermont","6","2","4"
"1000000US500259675003088","Block 3088, Block Group 3, Census Tract 9675, Windham County, Vermont","0","0","0"
"1000000US500259675003089","Block 3089, Block Group 3, Census Tract 9675, Windham County, Vermont","0","0","0"
"1000000US500259675003090","Block 3090, Block Group 3, Census Tract 9675, Windham County, Vermont","0","0","0"
"1000000US500259675003091","Block 3091, Block Group 3, Census Tract 9675, Windham County, Vermont","0","0","0"
"1000000US500259675003092","Block 3092, Block Group 3, Census Tract 9675, Windham County, Vermont","0","0","0"
"1000000US500259675003093","Block 3093, Block Group 3, Census Tract 9675, Windham County, Vermont","0","0","0"
"1000000US500259675003094","Block 3094, Block Group 3, Census Tract 9675, Windham County, Vermont","0","0","0"
"1000000US500259675003095","Block 3095, Block Group 3, Census Tract 9675, Windham County, Vermont","0","0","0"
"1000000US500259675003096","Block 3096, Block Group 3, Census Tract 9675, Windham County, Vermont","0","0","0"
"1000000US500259675003097","Block 3097, Block Group 3, Census Tract 9675, Windham County, Vermont","0","0","0"
"1000000US500259675003098","Block 3098, Block Group 3, Census Tract 9675, Windham County, Vermont","5","4","1"
"1000000US500259675003099","Block 3099, Block Group 3, Census Tract 9675, Windham County, Vermont","16","5","11"
"1000000US500259675003100","Block 3100, Block Group 3, Census Tract 9675, Windham County, Vermont","0","0","0"
"1000000US500259675003101","Block 3101, Block Group 3, Census Tract 9675, Windham County, Vermont","0","0","0"
"1000000US500259675003102","Block 3102, Block Group 3, Census Tract 9675, Windham County, Vermont","0","0","0"
"1000000US500259675003103","Block 3103, Block Group 3, Census Tract 9675, Windham County, Vermont","0","0","0"
"1000000US500259675003104","Block 3104, Block Group 3, Census Tract 9675, Windham County, Vermont","0","0","0"
"1000000US500259675003105","Block 3105, Block Group 3, Census Tract 9675, Windham County, Vermont","0","0","0"
"1000000US500259675003106","Block 3106, Block Group 3, Census Tract 9675, Windham County, Vermont","0","0","0"
"1000000US500259675003107","Block 3107, Block Group 3, Census Tract 9675, Windham County, Vermont","0","0","0"
"1000000US500259676001000","Block 1000, Block Group 1, Census Tract 9676, Windham County, Vermont","0","0","0"
"1000000US500259676001001","Block 1001, Block Group 1, Census Tract 9676, Windham County, Vermont","0","0","0"
"1000000US500259676001002","Block 1002, Block Group 1, Census Tract 9676, Windham County, Vermont","0","0","0"
"1000000US500259676001003","Block 1003, Block Group 1, Census Tract 9676, Windham County, Vermont","0","0","0"
"1000000US500259676001004","Block 1004, Block Group 1, Census Tract 9676, Windham County, Vermont","21","19","2"
"1000000US500259676001005","Block 1005, Block Group 1, Census Tract 9676, Windham County, Vermont","0","0","0"
"1000000US500259676001006","Block 1006, Block Group 1, Census Tract 9676, Windham County, Vermont","7","5","2"
"1000000US500259676001007","Block 1007, Block Group 1, Census Tract 9676, Windham County, Vermont","25","23","2"
"1000000US500259676001008","Block 1008, Block Group 1, Census Tract 9676, Windham County, Vermont","0","0","0"
"1000000US500259676001009","Block 1009, Block Group 1, Census Tract 9676, Windham County, Vermont","3","3","0"
"1000000US500259676001010","Block 1010, Block Group 1, Census Tract 9676, Windham County, Vermont","0","0","0"
"1000000US500259676001011","Block 1011, Block Group 1, Census Tract 9676, Windham County, Vermont","8","7","1"
"1000000US500259676001012","Block 1012, Block Group 1, Census Tract 9676, Windham County, Vermont","15","13","2"
"1000000US500259676001013","Block 1013, Block Group 1, Census Tract 9676, Windham County, Vermont","32","28","4"
"1000000US500259676001014","Block 1014, Block Group 1, Census Tract 9676, Windham County, Vermont","0","0","0"
"1000000US500259676001015","Block 1015, Block Group 1, Census Tract 9676, Windham County, Vermont","13","13","0"
"1000000US500259676001016","Block 1016, Block Group 1, Census Tract 9676, Windham County, Vermont","16","16","0"
"1000000US500259676001017","Block 1017, Block Group 1, Census Tract 9676, Windham County, Vermont","0","0","0"
"1000000US500259676001018","Block 1018, Block Group 1, Census Tract 9676, Windham County, Vermont","0","0","0"
"1000000US500259676001019","Block 1019, Block Group 1, Census Tract 9676, Windham County, Vermont","0","0","0"
"1000000US500259676001020","Block 1020, Block Group 1, Census Tract 9676, Windham County, Vermont","0","0","0"
"1000000US500259676001021","Block 1021, Block Group 1, Census Tract 9676, Windham County, Vermont","0","0","0"
"1000000US500259676001022","Block 1022, Block Group 1, Census Tract 9676, Windham County, Vermont","0","0","0"
"1000000US500259676001023","Block 1023, Block Group 1, Census Tract 9676, Windham County, Vermont","0","0","0"
"1000000US500259676001024","Block 1024, Block Group 1, Census Tract 9676, Windham County, Vermont","0","0","0"
"1000000US500259676001025","Block 1025, Block Group 1, Census Tract 9676, Windham County, Vermont","0","0","0"
"1000000US500259676001026","Block 1026, Block Group 1, Census Tract 9676, Windham County, Vermont","0","0","0"
"1000000US500259676001027","Block 1027, Block Group 1, Census Tract 9676, Windham County, Vermont","0","0","0"
"1000000US500259676001028","Block 1028, Block Group 1, Census Tract 9676, Windham County, Vermont","4","4","0"
"1000000US500259676001029","Block 1029, Block Group 1, Census Tract 9676, Windham County, Vermont","15","15","0"
"1000000US500259676001030","Block 1030, Block Group 1, Census Tract 9676, Windham County, Vermont","13","12","1"
"1000000US500259676001031","Block 1031, Block Group 1, Census Tract 9676, Windham County, Vermont","5","5","0"
"1000000US500259676001032","Block 1032, Block Group 1, Census Tract 9676, Windham County, Vermont","1","1","0"
"1000000US500259676001033","Block 1033, Block Group 1, Census Tract 9676, Windham County, Vermont","4","3","1"
"1000000US500259676001034","Block 1034, Block Group 1, Census Tract 9676, Windham County, Vermont","0","0","0"
"1000000US500259676001035","Block 1035, Block Group 1, Census Tract 9676, Windham County, Vermont","0","0","0"
"1000000US500259676001036","Block 1036, Block Group 1, Census Tract 9676, Windham County, Vermont","5","5","0"
"1000000US500259676001037","Block 1037, Block Group 1, Census Tract 9676, Windham County, Vermont","0","0","0"
"1000000US500259676001038","Block 1038, Block Group 1, Census Tract 9676, Windham County, Vermont","15","14","1"
"1000000US500259676001039","Block 1039, Block Group 1, Census Tract 9676, Windham County, Vermont","3","3","0"
"1000000US500259676001040","Block 1040, Block Group 1, Census Tract 9676, Windham County, Vermont","0","0","0"
"1000000US500259676001041","Block 1041, Block Group 1, Census Tract 9676, Windham County, Vermont","6","6","0"
"1000000US500259676001042","Block 1042, Block Group 1, Census Tract 9676, Windham County, Vermont","0","0","0"
"1000000US500259676001043","Block 1043, Block Group 1, Census Tract 9676, Windham County, Vermont","0","0","0"
"1000000US500259676001044","Block 1044, Block Group 1, Census Tract 9676, Windham County, Vermont","0","0","0"
"1000000US500259676001045","Block 1045, Block Group 1, Census Tract 9676, Windham County, Vermont","0","0","0"
"1000000US500259676001046","Block 1046, Block Group 1, Census Tract 9676, Windham County, Vermont","0","0","0"
"1000000US500259676001047","Block 1047, Block Group 1, Census Tract 9676, Windham County, Vermont","0","0","0"
"1000000US500259676001048","Block 1048, Block Group 1, Census Tract 9676, Windham County, Vermont","0","0","0"
"1000000US500259676001049","Block 1049, Block Group 1, Census Tract 9676, Windham County, Vermont","1","1","0"
"1000000US500259676001050","Block 1050, Block Group 1, Census Tract 9676, Windham County, Vermont","7","7","0"
"1000000US500259676001051","Block 1051, Block Group 1, Census Tract 9676, Windham County, Vermont","5","4","1"
"1000000US500259676001052","Block 1052, Block Group 1, Census Tract 9676, Windham County, Vermont","0","0","0"
"1000000US500259676001053","Block 1053, Block Group 1, Census Tract 9676, Windham County, Vermont","1","1","0"
"1000000US500259676001054","Block 1054, Block Group 1, Census Tract 9676, Windham County, Vermont","0","0","0"
"1000000US500259676001055","Block 1055, Block Group 1, Census Tract 9676, Windham County, Vermont","10","9","1"
"1000000US500259676001056","Block 1056, Block Group 1, Census Tract 9676, Windham County, Vermont","8","8","0"
"1000000US500259676001057","Block 1057, Block Group 1, Census Tract 9676, Windham County, Vermont","0","0","0"
"1000000US500259676001058","Block 1058, Block Group 1, Census Tract 9676, Windham County, Vermont","10","9","1"
"1000000US500259676001059","Block 1059, Block Group 1, Census Tract 9676, Windham County, Vermont","19","15","4"
"1000000US500259676001060","Block 1060, Block Group 1, Census Tract 9676, Windham County, Vermont","5","5","0"
"1000000US500259676001061","Block 1061, Block Group 1, Census Tract 9676, Windham County, Vermont","0","0","0"
"1000000US500259676001062","Block 1062, Block Group 1, Census Tract 9676, Windham County, Vermont","1","1","0"
"1000000US500259676001063","Block 1063, Block Group 1, Census Tract 9676, Windham County, Vermont","16","15","1"
"1000000US500259676001064","Block 1064, Block Group 1, Census Tract 9676, Windham County, Vermont","0","0","0"
"1000000US500259676001065","Block 1065, Block Group 1, Census Tract 9676, Windham County, Vermont","1","1","0"
"1000000US500259676001066","Block 1066, Block Group 1, Census Tract 9676, Windham County, Vermont","22","21","1"
"1000000US500259676001067","Block 1067, Block Group 1, Census Tract 9676, Windham County, Vermont","29","29","0"
"1000000US500259676001068","Block 1068, Block Group 1, Census Tract 9676, Windham County, Vermont","1","1","0"
"1000000US500259676001069","Block 1069, Block Group 1, Census Tract 9676, Windham County, Vermont","0","0","0"
"1000000US500259676001070","Block 1070, Block Group 1, Census Tract 9676, Windham County, Vermont","12","12","0"
"1000000US500259676001071","Block 1071, Block Group 1, Census Tract 9676, Windham County, Vermont","0","0","0"
"1000000US500259676001072","Block 1072, Block Group 1, Census Tract 9676, Windham County, Vermont","3","3","0"
"1000000US500259676001073","Block 1073, Block Group 1, Census Tract 9676, Windham County, Vermont","0","0","0"
"1000000US500259676001074","Block 1074, Block Group 1, Census Tract 9676, Windham County, Vermont","4","4","0"
"1000000US500259676001075","Block 1075, Block Group 1, Census Tract 9676, Windham County, Vermont","0","0","0"
"1000000US500259676001076","Block 1076, Block Group 1, Census Tract 9676, Windham County, Vermont","0","0","0"
"1000000US500259676001077","Block 1077, Block Group 1, Census Tract 9676, Windham County, Vermont","11","9","2"
"1000000US500259676001078","Block 1078, Block Group 1, Census Tract 9676, Windham County, Vermont","9","8","1"
"1000000US500259676001079","Block 1079, Block Group 1, Census Tract 9676, Windham County, Vermont","0","0","0"
"1000000US500259676001080","Block 1080, Block Group 1, Census Tract 9676, Windham County, Vermont","1","1","0"
"1000000US500259676001081","Block 1081, Block Group 1, Census Tract 9676, Windham County, Vermont","0","0","0"
"1000000US500259676001082","Block 1082, Block Group 1, Census Tract 9676, Windham County, Vermont","33","31","2"
"1000000US500259676001083","Block 1083, Block Group 1, Census Tract 9676, Windham County, Vermont","0","0","0"
"1000000US500259676001084","Block 1084, Block Group 1, Census Tract 9676, Windham County, Vermont","9","8","1"
"1000000US500259676001085","Block 1085, Block Group 1, Census Tract 9676, Windham County, Vermont","18","16","2"
"1000000US500259676001086","Block 1086, Block Group 1, Census Tract 9676, Windham County, Vermont","3","3","0"
"1000000US500259676001087","Block 1087, Block Group 1, Census Tract 9676, Windham County, Vermont","3","3","0"
"1000000US500259676001088","Block 1088, Block Group 1, Census Tract 9676, Windham County, Vermont","5","4","1"
"1000000US500259676001089","Block 1089, Block Group 1, Census Tract 9676, Windham County, Vermont","0","0","0"
"1000000US500259676001090","Block 1090, Block Group 1, Census Tract 9676, Windham County, Vermont","0","0","0"
"1000000US500259676001091","Block 1091, Block Group 1, Census Tract 9676, Windham County, Vermont","0","0","0"
"1000000US500259676001092","Block 1092, Block Group 1, Census Tract 9676, Windham County, Vermont","0","0","0"
"1000000US500259676001093","Block 1093, Block Group 1, Census Tract 9676, Windham County, Vermont","0","0","0"
"1000000US500259676001094","Block 1094, Block Group 1, Census Tract 9676, Windham County, Vermont","5","5","0"
"1000000US500259676001095","Block 1095, Block Group 1, Census Tract 9676, Windham County, Vermont","1","0","1"
"1000000US500259676001096","Block 1096, Block Group 1, Census Tract 9676, Windham County, Vermont","0","0","0"
"1000000US500259676001097","Block 1097, Block Group 1, Census Tract 9676, Windham County, Vermont","0","0","0"
"1000000US500259676001098","Block 1098, Block Group 1, Census Tract 9676, Windham County, Vermont","0","0","0"
"1000000US500259676001099","Block 1099, Block Group 1, Census Tract 9676, Windham County, Vermont","0","0","0"
"1000000US500259676001100","Block 1100, Block Group 1, Census Tract 9676, Windham County, Vermont","1","1","0"
"1000000US500259676001101","Block 1101, Block Group 1, Census Tract 9676, Windham County, Vermont","0","0","0"
"1000000US500259676001102","Block 1102, Block Group 1, Census Tract 9676, Windham County, Vermont","3","3","0"
"1000000US500259676002000","Block 2000, Block Group 2, Census Tract 9676, Windham County, Vermont","0","0","0"
"1000000US500259676002001","Block 2001, Block Group 2, Census Tract 9676, Windham County, Vermont","0","0","0"
"1000000US500259676002002","Block 2002, Block Group 2, Census Tract 9676, Windham County, Vermont","0","0","0"
"1000000US500259676002003","Block 2003, Block Group 2, Census Tract 9676, Windham County, Vermont","2","2","0"
"1000000US500259676002004","Block 2004, Block Group 2, Census Tract 9676, Windham County, Vermont","0","0","0"
"1000000US500259676002005","Block 2005, Block Group 2, Census Tract 9676, Windham County, Vermont","8","6","2"
"1000000US500259676002006","Block 2006, Block Group 2, Census Tract 9676, Windham County, Vermont","0","0","0"
"1000000US500259676002007","Block 2007, Block Group 2, Census Tract 9676, Windham County, Vermont","0","0","0"
"1000000US500259676002008","Block 2008, Block Group 2, Census Tract 9676, Windham County, Vermont","49","41","8"
"1000000US500259676002009","Block 2009, Block Group 2, Census Tract 9676, Windham County, Vermont","0","0","0"
"1000000US500259676002010","Block 2010, Block Group 2, Census Tract 9676, Windham County, Vermont","0","0","0"
"1000000US500259676002011","Block 2011, Block Group 2, Census Tract 9676, Windham County, Vermont","0","0","0"
"1000000US500259676002012","Block 2012, Block Group 2, Census Tract 9676, Windham County, Vermont","3","3","0"
"1000000US500259676002013","Block 2013, Block Group 2, Census Tract 9676, Windham County, Vermont","14","12","2"
"1000000US500259676002014","Block 2014, Block Group 2, Census Tract 9676, Windham County, Vermont","3","3","0"
"1000000US500259676002015","Block 2015, Block Group 2, Census Tract 9676, Windham County, Vermont","34","34","0"
"1000000US500259676002016","Block 2016, Block Group 2, Census Tract 9676, Windham County, Vermont","13","12","1"
"1000000US500259676002017","Block 2017, Block Group 2, Census Tract 9676, Windham County, Vermont","2","2","0"
"1000000US500259676002018","Block 2018, Block Group 2, Census Tract 9676, Windham County, Vermont","6","6","0"
"1000000US500259676002019","Block 2019, Block Group 2, Census Tract 9676, Windham County, Vermont","10","8","2"
"1000000US500259676002020","Block 2020, Block Group 2, Census Tract 9676, Windham County, Vermont","0","0","0"
"1000000US500259676002021","Block 2021, Block Group 2, Census Tract 9676, Windham County, Vermont","6","6","0"
"1000000US500259676002022","Block 2022, Block Group 2, Census Tract 9676, Windham County, Vermont","16","12","4"
"1000000US500259676002023","Block 2023, Block Group 2, Census Tract 9676, Windham County, Vermont","0","0","0"
"1000000US500259676002024","Block 2024, Block Group 2, Census Tract 9676, Windham County, Vermont","3","2","1"
"1000000US500259676002025","Block 2025, Block Group 2, Census Tract 9676, Windham County, Vermont","5","4","1"
"1000000US500259676002026","Block 2026, Block Group 2, Census Tract 9676, Windham County, Vermont","0","0","0"
"1000000US500259676002027","Block 2027, Block Group 2, Census Tract 9676, Windham County, Vermont","26","22","4"
"1000000US500259676002028","Block 2028, Block Group 2, Census Tract 9676, Windham County, Vermont","0","0","0"
"1000000US500259676002029","Block 2029, Block Group 2, Census Tract 9676, Windham County, Vermont","1","1","0"
"1000000US500259676002030","Block 2030, Block Group 2, Census Tract 9676, Windham County, Vermont","0","0","0"
"1000000US500259676002031","Block 2031, Block Group 2, Census Tract 9676, Windham County, Vermont","8","7","1"
"1000000US500259676002032","Block 2032, Block Group 2, Census Tract 9676, Windham County, Vermont","3","2","1"
"1000000US500259676002033","Block 2033, Block Group 2, Census Tract 9676, Windham County, Vermont","25","15","10"
"1000000US500259676002034","Block 2034, Block Group 2, Census Tract 9676, Windham County, Vermont","4","4","0"
"1000000US500259676002035","Block 2035, Block Group 2, Census Tract 9676, Windham County, Vermont","10","7","3"
"1000000US500259676002036","Block 2036, Block Group 2, Census Tract 9676, Windham County, Vermont","115","105","10"
"1000000US500259676002037","Block 2037, Block Group 2, Census Tract 9676, Windham County, Vermont","12","11","1"
"1000000US500259676002038","Block 2038, Block Group 2, Census Tract 9676, Windham County, Vermont","16","14","2"
"1000000US500259676002039","Block 2039, Block Group 2, Census Tract 9676, Windham County, Vermont","0","0","0"
"1000000US500259676002040","Block 2040, Block Group 2, Census Tract 9676, Windham County, Vermont","9","7","2"
"1000000US500259676002041","Block 2041, Block Group 2, Census Tract 9676, Windham County, Vermont","98","83","15"
"1000000US500259676002042","Block 2042, Block Group 2, Census Tract 9676, Windham County, Vermont","0","0","0"
"1000000US500259676002043","Block 2043, Block Group 2, Census Tract 9676, Windham County, Vermont","2","1","1"
"1000000US500259676002044","Block 2044, Block Group 2, Census Tract 9676, Windham County, Vermont","6","4","2"
"1000000US500259676002045","Block 2045, Block Group 2, Census Tract 9676, Windham County, Vermont","10","9","1"
"1000000US500259676002046","Block 2046, Block Group 2, Census Tract 9676, Windham County, Vermont","0","0","0"
"1000000US500259676002047","Block 2047, Block Group 2, Census Tract 9676, Windham County, Vermont","6","6","0"
"1000000US500259676002048","Block 2048, Block Group 2, Census Tract 9676, Windham County, Vermont","0","0","0"
"1000000US500259676002049","Block 2049, Block Group 2, Census Tract 9676, Windham County, Vermont","29","26","3"
"1000000US500259676002050","Block 2050, Block Group 2, Census Tract 9676, Windham County, Vermont","1","1","0"
"1000000US500259676002051","Block 2051, Block Group 2, Census Tract 9676, Windham County, Vermont","0","0","0"
"1000000US500259676002052","Block 2052, Block Group 2, Census Tract 9676, Windham County, Vermont","0","0","0"
"1000000US500259676002053","Block 2053, Block Group 2, Census Tract 9676, Windham County, Vermont","1","1","0"
"1000000US500259676002054","Block 2054, Block Group 2, Census Tract 9676, Windham County, Vermont","0","0","0"
"1000000US500259676002055","Block 2055, Block Group 2, Census Tract 9676, Windham County, Vermont","1","1","0"
"1000000US500259676002056","Block 2056, Block Group 2, Census Tract 9676, Windham County, Vermont","11","11","0"
"1000000US500259676002057","Block 2057, Block Group 2, Census Tract 9676, Windham County, Vermont","3","3","0"
"1000000US500259676002058","Block 2058, Block Group 2, Census Tract 9676, Windham County, Vermont","5","4","1"
"1000000US500259676002059","Block 2059, Block Group 2, Census Tract 9676, Windham County, Vermont","51","45","6"
"1000000US500259676002060","Block 2060, Block Group 2, Census Tract 9676, Windham County, Vermont","1","1","0"
"1000000US500259676002061","Block 2061, Block Group 2, Census Tract 9676, Windham County, Vermont","0","0","0"
"1000000US500259676002062","Block 2062, Block Group 2, Census Tract 9676, Windham County, Vermont","0","0","0"
"1000000US500259676002063","Block 2063, Block Group 2, Census Tract 9676, Windham County, Vermont","0","0","0"
"1000000US500259676002064","Block 2064, Block Group 2, Census Tract 9676, Windham County, Vermont","0","0","0"
"1000000US500259676002065","Block 2065, Block Group 2, Census Tract 9676, Windham County, Vermont","6","5","1"
"1000000US500259676002066","Block 2066, Block Group 2, Census Tract 9676, Windham County, Vermont","0","0","0"
"1000000US500259676002067","Block 2067, Block Group 2, Census Tract 9676, Windham County, Vermont","1","1","0"
"1000000US500259676002068","Block 2068, Block Group 2, Census Tract 9676, Windham County, Vermont","0","0","0"
"1000000US500259676002069","Block 2069, Block Group 2, Census Tract 9676, Windham County, Vermont","2","1","1"
"1000000US500259676002070","Block 2070, Block Group 2, Census Tract 9676, Windham County, Vermont","1","1","0"
"1000000US500259676002071","Block 2071, Block Group 2, Census Tract 9676, Windham County, Vermont","2","2","0"
"1000000US500259676002072","Block 2072, Block Group 2, Census Tract 9676, Windham County, Vermont","0","0","0"
"1000000US500259676002073","Block 2073, Block Group 2, Census Tract 9676, Windham County, Vermont","16","15","1"
"1000000US500259676002074","Block 2074, Block Group 2, Census Tract 9676, Windham County, Vermont","0","0","0"
"1000000US500259676002075","Block 2075, Block Group 2, Census Tract 9676, Windham County, Vermont","11","10","1"
"1000000US500259676002076","Block 2076, Block Group 2, Census Tract 9676, Windham County, Vermont","0","0","0"
"1000000US500259676002077","Block 2077, Block Group 2, Census Tract 9676, Windham County, Vermont","0","0","0"
"1000000US500259676002078","Block 2078, Block Group 2, Census Tract 9676, Windham County, Vermont","0","0","0"
"1000000US500259676002079","Block 2079, Block Group 2, Census Tract 9676, Windham County, Vermont","0","0","0"
"1000000US500259676002080","Block 2080, Block Group 2, Census Tract 9676, Windham County, Vermont","0","0","0"
"1000000US500259676002081","Block 2081, Block Group 2, Census Tract 9676, Windham County, Vermont","2","2","0"
"1000000US500259676002082","Block 2082, Block Group 2, Census Tract 9676, Windham County, Vermont","1","1","0"
"1000000US500259676002083","Block 2083, Block Group 2, Census Tract 9676, Windham County, Vermont","4","3","1"
"1000000US500259676002084","Block 2084, Block Group 2, Census Tract 9676, Windham County, Vermont","1","1","0"
"1000000US500259676002085","Block 2085, Block Group 2, Census Tract 9676, Windham County, Vermont","0","0","0"
"1000000US500259676002086","Block 2086, Block Group 2, Census Tract 9676, Windham County, Vermont","1","0","1"
"1000000US500259676002087","Block 2087, Block Group 2, Census Tract 9676, Windham County, Vermont","0","0","0"
"1000000US500259676002088","Block 2088, Block Group 2, Census Tract 9676, Windham County, Vermont","3","3","0"
"1000000US500259676002089","Block 2089, Block Group 2, Census Tract 9676, Windham County, Vermont","4","3","1"
"1000000US500259676002090","Block 2090, Block Group 2, Census Tract 9676, Windham County, Vermont","33","31","2"
"1000000US500259676002091","Block 2091, Block Group 2, Census Tract 9676, Windham County, Vermont","5","5","0"
"1000000US500259676002092","Block 2092, Block Group 2, Census Tract 9676, Windham County, Vermont","3","3","0"
"1000000US500259676002093","Block 2093, Block Group 2, Census Tract 9676, Windham County, Vermont","0","0","0"
"1000000US500259676002094","Block 2094, Block Group 2, Census Tract 9676, Windham County, Vermont","7","7","0"
"1000000US500259676002095","Block 2095, Block Group 2, Census Tract 9676, Windham County, Vermont","4","2","2"
"1000000US500259676002096","Block 2096, Block Group 2, Census Tract 9676, Windham County, Vermont","15","12","3"
"1000000US500259676002097","Block 2097, Block Group 2, Census Tract 9676, Windham County, Vermont","0","0","0"
"1000000US500259676002098","Block 2098, Block Group 2, Census Tract 9676, Windham County, Vermont","0","0","0"
"1000000US500259676002099","Block 2099, Block Group 2, Census Tract 9676, Windham County, Vermont","46","38","8"
"1000000US500259676002100","Block 2100, Block Group 2, Census Tract 9676, Windham County, Vermont","0","0","0"
"1000000US500259676002101","Block 2101, Block Group 2, Census Tract 9676, Windham County, Vermont","0","0","0"
"1000000US500259676002102","Block 2102, Block Group 2, Census Tract 9676, Windham County, Vermont","2","2","0"
"1000000US500259676002103","Block 2103, Block Group 2, Census Tract 9676, Windham County, Vermont","0","0","0"
"1000000US500259676002104","Block 2104, Block Group 2, Census Tract 9676, Windham County, Vermont","0","0","0"
"1000000US500259676002105","Block 2105, Block Group 2, Census Tract 9676, Windham County, Vermont","3","3","0"
"1000000US500259676002106","Block 2106, Block Group 2, Census Tract 9676, Windham County, Vermont","5","5","0"
"1000000US500259676002107","Block 2107, Block Group 2, Census Tract 9676, Windham County, Vermont","78","65","13"
"1000000US500259676002108","Block 2108, Block Group 2, Census Tract 9676, Windham County, Vermont","3","3","0"
"1000000US500259676002109","Block 2109, Block Group 2, Census Tract 9676, Windham County, Vermont","0","0","0"
"1000000US500259676002110","Block 2110, Block Group 2, Census Tract 9676, Windham County, Vermont","3","2","1"
"1000000US500259676002111","Block 2111, Block Group 2, Census Tract 9676, Windham County, Vermont","2","2","0"
"1000000US500259676002112","Block 2112, Block Group 2, Census Tract 9676, Windham County, Vermont","19","16","3"
"1000000US500259676002113","Block 2113, Block Group 2, Census Tract 9676, Windham County, Vermont","1","1","0"
"1000000US500259676002114","Block 2114, Block Group 2, Census Tract 9676, Windham County, Vermont","0","0","0"
"1000000US500259676002115","Block 2115, Block Group 2, Census Tract 9676, Windham County, Vermont","1","1","0"
"1000000US500259676002116","Block 2116, Block Group 2, Census Tract 9676, Windham County, Vermont","7","6","1"
"1000000US500259676002117","Block 2117, Block Group 2, Census Tract 9676, Windham County, Vermont","0","0","0"
"1000000US500259676002118","Block 2118, Block Group 2, Census Tract 9676, Windham County, Vermont","2","2","0"
"1000000US500259676002119","Block 2119, Block Group 2, Census Tract 9676, Windham County, Vermont","26","21","5"
"1000000US500259676002120","Block 2120, Block Group 2, Census Tract 9676, Windham County, Vermont","0","0","0"
"1000000US500259676002121","Block 2121, Block Group 2, Census Tract 9676, Windham County, Vermont","3","1","2"
"1000000US500259676002122","Block 2122, Block Group 2, Census Tract 9676, Windham County, Vermont","1","1","0"
"1000000US500259676002123","Block 2123, Block Group 2, Census Tract 9676, Windham County, Vermont","0","0","0"
"1000000US500259676002124","Block 2124, Block Group 2, Census Tract 9676, Windham County, Vermont","0","0","0"
"1000000US500259676002125","Block 2125, Block Group 2, Census Tract 9676, Windham County, Vermont","0","0","0"
"1000000US500259676002126","Block 2126, Block Group 2, Census Tract 9676, Windham County, Vermont","14","14","0"
"1000000US500259676002127","Block 2127, Block Group 2, Census Tract 9676, Windham County, Vermont","0","0","0"
"1000000US500259676002128","Block 2128, Block Group 2, Census Tract 9676, Windham County, Vermont","18","17","1"
"1000000US500259676002129","Block 2129, Block Group 2, Census Tract 9676, Windham County, Vermont","2","2","0"
"1000000US500259676002130","Block 2130, Block Group 2, Census Tract 9676, Windham County, Vermont","3","3","0"
"1000000US500259676002131","Block 2131, Block Group 2, Census Tract 9676, Windham County, Vermont","0","0","0"
"1000000US500259676002132","Block 2132, Block Group 2, Census Tract 9676, Windham County, Vermont","0","0","0"
"1000000US500259676002133","Block 2133, Block Group 2, Census Tract 9676, Windham County, Vermont","0","0","0"
"1000000US500259676002134","Block 2134, Block Group 2, Census Tract 9676, Windham County, Vermont","9","8","1"
"1000000US500259676002135","Block 2135, Block Group 2, Census Tract 9676, Windham County, Vermont","0","0","0"
"1000000US500259676002136","Block 2136, Block Group 2, Census Tract 9676, Windham County, Vermont","0","0","0"
"1000000US500259677001000","Block 1000, Block Group 1, Census Tract 9677, Windham County, Vermont","1","0","1"
"1000000US500259677001001","Block 1001, Block Group 1, Census Tract 9677, Windham County, Vermont","0","0","0"
"1000000US500259677001002","Block 1002, Block Group 1, Census Tract 9677, Windham County, Vermont","0","0","0"
"1000000US500259677001003","Block 1003, Block Group 1, Census Tract 9677, Windham County, Vermont","2","2","0"
"1000000US500259677001004","Block 1004, Block Group 1, Census Tract 9677, Windham County, Vermont","0","0","0"
"1000000US500259677001005","Block 1005, Block Group 1, Census Tract 9677, Windham County, Vermont","5","4","1"
"1000000US500259677001006","Block 1006, Block Group 1, Census Tract 9677, Windham County, Vermont","0","0","0"
"1000000US500259677001007","Block 1007, Block Group 1, Census Tract 9677, Windham County, Vermont","0","0","0"
"1000000US500259677001008","Block 1008, Block Group 1, Census Tract 9677, Windham County, Vermont","2","2","0"
"1000000US500259677001009","Block 1009, Block Group 1, Census Tract 9677, Windham County, Vermont","0","0","0"
"1000000US500259677001010","Block 1010, Block Group 1, Census Tract 9677, Windham County, Vermont","2","2","0"
"1000000US500259677001011","Block 1011, Block Group 1, Census Tract 9677, Windham County, Vermont","5","3","2"
"1000000US500259677001012","Block 1012, Block Group 1, Census Tract 9677, Windham County, Vermont","0","0","0"
"1000000US500259677001013","Block 1013, Block Group 1, Census Tract 9677, Windham County, Vermont","1","1","0"
"1000000US500259677001014","Block 1014, Block Group 1, Census Tract 9677, Windham County, Vermont","0","0","0"
"1000000US500259677001015","Block 1015, Block Group 1, Census Tract 9677, Windham County, Vermont","1","1","0"
"1000000US500259677001016","Block 1016, Block Group 1, Census Tract 9677, Windham County, Vermont","0","0","0"
"1000000US500259677001017","Block 1017, Block Group 1, Census Tract 9677, Windham County, Vermont","0","0","0"
"1000000US500259677001018","Block 1018, Block Group 1, Census Tract 9677, Windham County, Vermont","31","26","5"
"1000000US500259677001019","Block 1019, Block Group 1, Census Tract 9677, Windham County, Vermont","3","3","0"
"1000000US500259677001020","Block 1020, Block Group 1, Census Tract 9677, Windham County, Vermont","6","6","0"
"1000000US500259677001021","Block 1021, Block Group 1, Census Tract 9677, Windham County, Vermont","1","1","0"
"1000000US500259677001022","Block 1022, Block Group 1, Census Tract 9677, Windham County, Vermont","3","2","1"
"1000000US500259677001023","Block 1023, Block Group 1, Census Tract 9677, Windham County, Vermont","43","41","2"
"1000000US500259677001024","Block 1024, Block Group 1, Census Tract 9677, Windham County, Vermont","0","0","0"
"1000000US500259677001025","Block 1025, Block Group 1, Census Tract 9677, Windham County, Vermont","0","0","0"
"1000000US500259677001026","Block 1026, Block Group 1, Census Tract 9677, Windham County, Vermont","68","59","9"
"1000000US500259677001027","Block 1027, Block Group 1, Census Tract 9677, Windham County, Vermont","11","11","0"
"1000000US500259677001028","Block 1028, Block Group 1, Census Tract 9677, Windham County, Vermont","0","0","0"
"1000000US500259677001029","Block 1029, Block Group 1, Census Tract 9677, Windham County, Vermont","6","6","0"
"1000000US500259677001030","Block 1030, Block Group 1, Census Tract 9677, Windham County, Vermont","0","0","0"
"1000000US500259677001031","Block 1031, Block Group 1, Census Tract 9677, Windham County, Vermont","12","10","2"
"1000000US500259677001032","Block 1032, Block Group 1, Census Tract 9677, Windham County, Vermont","0","0","0"
"1000000US500259677001033","Block 1033, Block Group 1, Census Tract 9677, Windham County, Vermont","9","9","0"
"1000000US500259677001034","Block 1034, Block Group 1, Census Tract 9677, Windham County, Vermont","58","51","7"
"1000000US500259677001035","Block 1035, Block Group 1, Census Tract 9677, Windham County, Vermont","108","94","14"
"1000000US500259677001036","Block 1036, Block Group 1, Census Tract 9677, Windham County, Vermont","4","4","0"
"1000000US500259677001037","Block 1037, Block Group 1, Census Tract 9677, Windham County, Vermont","3","2","1"
"1000000US500259677001038","Block 1038, Block Group 1, Census Tract 9677, Windham County, Vermont","2","2","0"
"1000000US500259677001039","Block 1039, Block Group 1, Census Tract 9677, Windham County, Vermont","26","20","6"
"1000000US500259677001040","Block 1040, Block Group 1, Census Tract 9677, Windham County, Vermont","12","12","0"
"1000000US500259677001041","Block 1041, Block Group 1, Census Tract 9677, Windham County, Vermont","14","14","0"
"1000000US500259677001042","Block 1042, Block Group 1, Census Tract 9677, Windham County, Vermont","0","0","0"
"1000000US500259677001043","Block 1043, Block Group 1, Census Tract 9677, Windham County, Vermont","0","0","0"
"1000000US500259677001044","Block 1044, Block Group 1, Census Tract 9677, Windham County, Vermont","0","0","0"
"1000000US500259677001045","Block 1045, Block Group 1, Census Tract 9677, Windham County, Vermont","0","0","0"
"1000000US500259677001046","Block 1046, Block Group 1, Census Tract 9677, Windham County, Vermont","0","0","0"
"1000000US500259677001047","Block 1047, Block Group 1, Census Tract 9677, Windham County, Vermont","0","0","0"
"1000000US500259677001048","Block 1048, Block Group 1, Census Tract 9677, Windham County, Vermont","48","43","5"
"1000000US500259677001049","Block 1049, Block Group 1, Census Tract 9677, Windham County, Vermont","6","6","0"
"1000000US500259677001050","Block 1050, Block Group 1, Census Tract 9677, Windham County, Vermont","8","8","0"
"1000000US500259677001051","Block 1051, Block Group 1, Census Tract 9677, Windham County, Vermont","3","3","0"
"1000000US500259677001052","Block 1052, Block Group 1, Census Tract 9677, Windham County, Vermont","41","33","8"
"1000000US500259677001053","Block 1053, Block Group 1, Census Tract 9677, Windham County, Vermont","13","11","2"
"1000000US500259677001054","Block 1054, Block Group 1, Census Tract 9677, Windham County, Vermont","50","42","8"
"1000000US500259677001055","Block 1055, Block Group 1, Census Tract 9677, Windham County, Vermont","5","3","2"
"1000000US500259677001056","Block 1056, Block Group 1, Census Tract 9677, Windham County, Vermont","0","0","0"
"1000000US500259677001057","Block 1057, Block Group 1, Census Tract 9677, Windham County, Vermont","0","0","0"
"1000000US500259677001058","Block 1058, Block Group 1, Census Tract 9677, Windham County, Vermont","9","8","1"
"1000000US500259677001059","Block 1059, Block Group 1, Census Tract 9677, Windham County, Vermont","29","29","0"
"1000000US500259677001060","Block 1060, Block Group 1, Census Tract 9677, Windham County, Vermont","4","4","0"
"1000000US500259677001061","Block 1061, Block Group 1, Census Tract 9677, Windham County, Vermont","3","3","0"
"1000000US500259677001062","Block 1062, Block Group 1, Census Tract 9677, Windham County, Vermont","0","0","0"
"1000000US500259677001063","Block 1063, Block Group 1, Census Tract 9677, Windham County, Vermont","0","0","0"
"1000000US500259677001064","Block 1064, Block Group 1, Census Tract 9677, Windham County, Vermont","3","3","0"
"1000000US500259677001065","Block 1065, Block Group 1, Census Tract 9677, Windham County, Vermont","2","2","0"
"1000000US500259677001066","Block 1066, Block Group 1, Census Tract 9677, Windham County, Vermont","4","4","0"
"1000000US500259677001067","Block 1067, Block Group 1, Census Tract 9677, Windham County, Vermont","1","1","0"
"1000000US500259677001068","Block 1068, Block Group 1, Census Tract 9677, Windham County, Vermont","1","1","0"
"1000000US500259677001069","Block 1069, Block Group 1, Census Tract 9677, Windham County, Vermont","0","0","0"
"1000000US500259677001070","Block 1070, Block Group 1, Census Tract 9677, Windham County, Vermont","0","0","0"
"1000000US500259677001071","Block 1071, Block Group 1, Census Tract 9677, Windham County, Vermont","0","0","0"
"1000000US500259677001072","Block 1072, Block Group 1, Census Tract 9677, Windham County, Vermont","5","3","2"
"1000000US500259677001073","Block 1073, Block Group 1, Census Tract 9677, Windham County, Vermont","4","4","0"
"1000000US500259677002000","Block 2000, Block Group 2, Census Tract 9677, Windham County, Vermont","19","17","2"
"1000000US500259677002001","Block 2001, Block Group 2, Census Tract 9677, Windham County, Vermont","1","1","0"
"1000000US500259677002002","Block 2002, Block Group 2, Census Tract 9677, Windham County, Vermont","2","2","0"
"1000000US500259677002003","Block 2003, Block Group 2, Census Tract 9677, Windham County, Vermont","0","0","0"
"1000000US500259677002004","Block 2004, Block Group 2, Census Tract 9677, Windham County, Vermont","12","9","3"
"1000000US500259677002005","Block 2005, Block Group 2, Census Tract 9677, Windham County, Vermont","0","0","0"
"1000000US500259677002006","Block 2006, Block Group 2, Census Tract 9677, Windham County, Vermont","0","0","0"
"1000000US500259677002007","Block 2007, Block Group 2, Census Tract 9677, Windham County, Vermont","7","6","1"
"1000000US500259677002008","Block 2008, Block Group 2, Census Tract 9677, Windham County, Vermont","0","0","0"
"1000000US500259677002009","Block 2009, Block Group 2, Census Tract 9677, Windham County, Vermont","6","6","0"
"1000000US500259677002010","Block 2010, Block Group 2, Census Tract 9677, Windham County, Vermont","2","2","0"
"1000000US500259677002011","Block 2011, Block Group 2, Census Tract 9677, Windham County, Vermont","2","2","0"
"1000000US500259677002012","Block 2012, Block Group 2, Census Tract 9677, Windham County, Vermont","3","3","0"
"1000000US500259677002013","Block 2013, Block Group 2, Census Tract 9677, Windham County, Vermont","8","8","0"
"1000000US500259677002014","Block 2014, Block Group 2, Census Tract 9677, Windham County, Vermont","1","1","0"
"1000000US500259677002015","Block 2015, Block Group 2, Census Tract 9677, Windham County, Vermont","6","5","1"
"1000000US500259677002016","Block 2016, Block Group 2, Census Tract 9677, Windham County, Vermont","0","0","0"
"1000000US500259677002017","Block 2017, Block Group 2, Census Tract 9677, Windham County, Vermont","0","0","0"
"1000000US500259677002018","Block 2018, Block Group 2, Census Tract 9677, Windham County, Vermont","6","5","1"
"1000000US500259677002019","Block 2019, Block Group 2, Census Tract 9677, Windham County, Vermont","0","0","0"
"1000000US500259677002020","Block 2020, Block Group 2, Census Tract 9677, Windham County, Vermont","6","5","1"
"1000000US500259677002021","Block 2021, Block Group 2, Census Tract 9677, Windham County, Vermont","55","45","10"
"1000000US500259677002022","Block 2022, Block Group 2, Census Tract 9677, Windham County, Vermont","1","1","0"
"1000000US500259677002023","Block 2023, Block Group 2, Census Tract 9677, Windham County, Vermont","1","0","1"
"1000000US500259677002024","Block 2024, Block Group 2, Census Tract 9677, Windham County, Vermont","0","0","0"
"1000000US500259677002025","Block 2025, Block Group 2, Census Tract 9677, Windham County, Vermont","14","8","6"
"1000000US500259677002026","Block 2026, Block Group 2, Census Tract 9677, Windham County, Vermont","0","0","0"
"1000000US500259677002027","Block 2027, Block Group 2, Census Tract 9677, Windham County, Vermont","0","0","0"
"1000000US500259677002028","Block 2028, Block Group 2, Census Tract 9677, Windham County, Vermont","10","7","3"
"1000000US500259677002029","Block 2029, Block Group 2, Census Tract 9677, Windham County, Vermont","29","25","4"
"1000000US500259677002030","Block 2030, Block Group 2, Census Tract 9677, Windham County, Vermont","3","1","2"
"1000000US500259677002031","Block 2031, Block Group 2, Census Tract 9677, Windham County, Vermont","5","2","3"
"1000000US500259677002032","Block 2032, Block Group 2, Census Tract 9677, Windham County, Vermont","31","29","2"
"1000000US500259677002033","Block 2033, Block Group 2, Census Tract 9677, Windham County, Vermont","7","6","1"
"1000000US500259677002034","Block 2034, Block Group 2, Census Tract 9677, Windham County, Vermont","0","0","0"
"1000000US500259677002035","Block 2035, Block Group 2, Census Tract 9677, Windham County, Vermont","8","7","1"
"1000000US500259677002036","Block 2036, Block Group 2, Census Tract 9677, Windham County, Vermont","11","10","1"
"1000000US500259677002037","Block 2037, Block Group 2, Census Tract 9677, Windham County, Vermont","17","16","1"
"1000000US500259677002038","Block 2038, Block Group 2, Census Tract 9677, Windham County, Vermont","3","3","0"
"1000000US500259677002039","Block 2039, Block Group 2, Census Tract 9677, Windham County, Vermont","0","0","0"
"1000000US500259677002040","Block 2040, Block Group 2, Census Tract 9677, Windham County, Vermont","0","0","0"
"1000000US500259677002041","Block 2041, Block Group 2, Census Tract 9677, Windham County, Vermont","0","0","0"
"1000000US500259677002042","Block 2042, Block Group 2, Census Tract 9677, Windham County, Vermont","1","1","0"
"1000000US500259677002043","Block 2043, Block Group 2, Census Tract 9677, Windham County, Vermont","3","2","1"
"1000000US500259677002044","Block 2044, Block Group 2, Census Tract 9677, Windham County, Vermont","32","31","1"
"1000000US500259677002045","Block 2045, Block Group 2, Census Tract 9677, Windham County, Vermont","5","5","0"
"1000000US500259677002046","Block 2046, Block Group 2, Census Tract 9677, Windham County, Vermont","1","1","0"
"1000000US500259677002047","Block 2047, Block Group 2, Census Tract 9677, Windham County, Vermont","8","8","0"
"1000000US500259677002048","Block 2048, Block Group 2, Census Tract 9677, Windham County, Vermont","62","52","10"
"1000000US500259677002049","Block 2049, Block Group 2, Census Tract 9677, Windham County, Vermont","1","0","1"
"1000000US500259677002050","Block 2050, Block Group 2, Census Tract 9677, Windham County, Vermont","4","4","0"
"1000000US500259677002051","Block 2051, Block Group 2, Census Tract 9677, Windham County, Vermont","29","29","0"
"1000000US500259677002052","Block 2052, Block Group 2, Census Tract 9677, Windham County, Vermont","0","0","0"
"1000000US500259677002053","Block 2053, Block Group 2, Census Tract 9677, Windham County, Vermont","0","0","0"
"1000000US500259677002054","Block 2054, Block Group 2, Census Tract 9677, Windham County, Vermont","0","0","0"
"1000000US500259677002055","Block 2055, Block Group 2, Census Tract 9677, Windham County, Vermont","0","0","0"
"1000000US500259677002056","Block 2056, Block Group 2, Census Tract 9677, Windham County, Vermont","0","0","0"
"1000000US500259677002057","Block 2057, Block Group 2, Census Tract 9677, Windham County, Vermont","0","0","0"
"1000000US500259677002058","Block 2058, Block Group 2, Census Tract 9677, Windham County, Vermont","0","0","0"
"1000000US500259677002059","Block 2059, Block Group 2, Census Tract 9677, Windham County, Vermont","21","18","3"
"1000000US500259677002060","Block 2060, Block Group 2, Census Tract 9677, Windham County, Vermont","3","3","0"
"1000000US500259677002061","Block 2061, Block Group 2, Census Tract 9677, Windham County, Vermont","0","0","0"
"1000000US500259677002062","Block 2062, Block Group 2, Census Tract 9677, Windham County, Vermont","0","0","0"
"1000000US500259677002063","Block 2063, Block Group 2, Census Tract 9677, Windham County, Vermont","9","5","4"
"1000000US500259677002064","Block 2064, Block Group 2, Census Tract 9677, Windham County, Vermont","10","8","2"
"1000000US500259677002065","Block 2065, Block Group 2, Census Tract 9677, Windham County, Vermont","3","3","0"
"1000000US500259677002066","Block 2066, Block Group 2, Census Tract 9677, Windham County, Vermont","0","0","0"
"1000000US500259678001000","Block 1000, Block Group 1, Census Tract 9678, Windham County, Vermont","0","0","0"
"1000000US500259678001001","Block 1001, Block Group 1, Census Tract 9678, Windham County, Vermont","0","0","0"
"1000000US500259678001002","Block 1002, Block Group 1, Census Tract 9678, Windham County, Vermont","0","0","0"
"1000000US500259678001003","Block 1003, Block Group 1, Census Tract 9678, Windham County, Vermont","4","3","1"
"1000000US500259678001004","Block 1004, Block Group 1, Census Tract 9678, Windham County, Vermont","13","8","5"
"1000000US500259678001005","Block 1005, Block Group 1, Census Tract 9678, Windham County, Vermont","43","23","20"
"1000000US500259678001006","Block 1006, Block Group 1, Census Tract 9678, Windham County, Vermont","0","0","0"
"1000000US500259678001007","Block 1007, Block Group 1, Census Tract 9678, Windham County, Vermont","1","1","0"
"1000000US500259678001008","Block 1008, Block Group 1, Census Tract 9678, Windham County, Vermont","0","0","0"
"1000000US500259678001009","Block 1009, Block Group 1, Census Tract 9678, Windham County, Vermont","0","0","0"
"1000000US500259678001010","Block 1010, Block Group 1, Census Tract 9678, Windham County, Vermont","0","0","0"
"1000000US500259678001011","Block 1011, Block Group 1, Census Tract 9678, Windham County, Vermont","11","7","4"
"1000000US500259678001012","Block 1012, Block Group 1, Census Tract 9678, Windham County, Vermont","0","0","0"
"1000000US500259678001013","Block 1013, Block Group 1, Census Tract 9678, Windham County, Vermont","0","0","0"
"1000000US500259678001014","Block 1014, Block Group 1, Census Tract 9678, Windham County, Vermont","3","1","2"
"1000000US500259678001015","Block 1015, Block Group 1, Census Tract 9678, Windham County, Vermont","4","2","2"
"1000000US500259678001016","Block 1016, Block Group 1, Census Tract 9678, Windham County, Vermont","0","0","0"
"1000000US500259678001017","Block 1017, Block Group 1, Census Tract 9678, Windham County, Vermont","27","21","6"
"1000000US500259678001018","Block 1018, Block Group 1, Census Tract 9678, Windham County, Vermont","4","4","0"
"1000000US500259678001019","Block 1019, Block Group 1, Census Tract 9678, Windham County, Vermont","0","0","0"
"1000000US500259678001020","Block 1020, Block Group 1, Census Tract 9678, Windham County, Vermont","1","1","0"
"1000000US500259678001021","Block 1021, Block Group 1, Census Tract 9678, Windham County, Vermont","0","0","0"
"1000000US500259678001022","Block 1022, Block Group 1, Census Tract 9678, Windham County, Vermont","0","0","0"
"1000000US500259678001023","Block 1023, Block Group 1, Census Tract 9678, Windham County, Vermont","5","1","4"
"1000000US500259678001024","Block 1024, Block Group 1, Census Tract 9678, Windham County, Vermont","4","2","2"
"1000000US500259678001025","Block 1025, Block Group 1, Census Tract 9678, Windham County, Vermont","6","1","5"
"1000000US500259678001026","Block 1026, Block Group 1, Census Tract 9678, Windham County, Vermont","2","2","0"
"1000000US500259678001027","Block 1027, Block Group 1, Census Tract 9678, Windham County, Vermont","0","0","0"
"1000000US500259678001028","Block 1028, Block Group 1, Census Tract 9678, Windham County, Vermont","0","0","0"
"1000000US500259678001029","Block 1029, Block Group 1, Census Tract 9678, Windham County, Vermont","31","24","7"
"1000000US500259678001030","Block 1030, Block Group 1, Census Tract 9678, Windham County, Vermont","0","0","0"
"1000000US500259678001031","Block 1031, Block Group 1, Census Tract 9678, Windham County, Vermont","41","34","7"
"1000000US500259678001032","Block 1032, Block Group 1, Census Tract 9678, Windham County, Vermont","9","9","0"
"1000000US500259678001033","Block 1033, Block Group 1, Census Tract 9678, Windham County, Vermont","10","8","2"
"1000000US500259678001034","Block 1034, Block Group 1, Census Tract 9678, Windham County, Vermont","0","0","0"
"1000000US500259678001035","Block 1035, Block Group 1, Census Tract 9678, Windham County, Vermont","18","14","4"
"1000000US500259678001036","Block 1036, Block Group 1, Census Tract 9678, Windham County, Vermont","0","0","0"
"1000000US500259678001037","Block 1037, Block Group 1, Census Tract 9678, Windham County, Vermont","12","10","2"
"1000000US500259678001038","Block 1038, Block Group 1, Census Tract 9678, Windham County, Vermont","21","16","5"
"1000000US500259678001039","Block 1039, Block Group 1, Census Tract 9678, Windham County, Vermont","58","51","7"
"1000000US500259678001040","Block 1040, Block Group 1, Census Tract 9678, Windham County, Vermont","1","1","0"
"1000000US500259678001041","Block 1041, Block Group 1, Census Tract 9678, Windham County, Vermont","0","0","0"
"1000000US500259678001042","Block 1042, Block Group 1, Census Tract 9678, Windham County, Vermont","6","6","0"
"1000000US500259678001043","Block 1043, Block Group 1, Census Tract 9678, Windham County, Vermont","10","7","3"
"1000000US500259678001044","Block 1044, Block Group 1, Census Tract 9678, Windham County, Vermont","12","10","2"
"1000000US500259678001045","Block 1045, Block Group 1, Census Tract 9678, Windham County, Vermont","2","2","0"
"1000000US500259678001046","Block 1046, Block Group 1, Census Tract 9678, Windham County, Vermont","2","2","0"
"1000000US500259678001047","Block 1047, Block Group 1, Census Tract 9678, Windham County, Vermont","7","4","3"
"1000000US500259678001048","Block 1048, Block Group 1, Census Tract 9678, Windham County, Vermont","39","35","4"
"1000000US500259678001049","Block 1049, Block Group 1, Census Tract 9678, Windham County, Vermont","4","4","0"
"1000000US500259678001050","Block 1050, Block Group 1, Census Tract 9678, Windham County, Vermont","2","2","0"
"1000000US500259678001051","Block 1051, Block Group 1, Census Tract 9678, Windham County, Vermont","2","2","0"
"1000000US500259678001052","Block 1052, Block Group 1, Census Tract 9678, Windham County, Vermont","0","0","0"
"1000000US500259678001053","Block 1053, Block Group 1, Census Tract 9678, Windham County, Vermont","3","3","0"
"1000000US500259678001054","Block 1054, Block Group 1, Census Tract 9678, Windham County, Vermont","2","2","0"
"1000000US500259678001055","Block 1055, Block Group 1, Census Tract 9678, Windham County, Vermont","9","9","0"
"1000000US500259678001056","Block 1056, Block Group 1, Census Tract 9678, Windham County, Vermont","0","0","0"
"1000000US500259678001057","Block 1057, Block Group 1, Census Tract 9678, Windham County, Vermont","17","14","3"
"1000000US500259678001058","Block 1058, Block Group 1, Census Tract 9678, Windham County, Vermont","0","0","0"
"1000000US500259678001059","Block 1059, Block Group 1, Census Tract 9678, Windham County, Vermont","2","2","0"
"1000000US500259678001060","Block 1060, Block Group 1, Census Tract 9678, Windham County, Vermont","4","4","0"
"1000000US500259678001061","Block 1061, Block Group 1, Census Tract 9678, Windham County, Vermont","11","6","5"
"1000000US500259678001062","Block 1062, Block Group 1, Census Tract 9678, Windham County, Vermont","15","10","5"
"1000000US500259678001063","Block 1063, Block Group 1, Census Tract 9678, Windham County, Vermont","0","0","0"
"1000000US500259678001064","Block 1064, Block Group 1, Census Tract 9678, Windham County, Vermont","1","1","0"
"1000000US500259678001065","Block 1065, Block Group 1, Census Tract 9678, Windham County, Vermont","3","2","1"
"1000000US500259678001066","Block 1066, Block Group 1, Census Tract 9678, Windham County, Vermont","7","6","1"
"1000000US500259678001067","Block 1067, Block Group 1, Census Tract 9678, Windham County, Vermont","9","6","3"
"1000000US500259678001068","Block 1068, Block Group 1, Census Tract 9678, Windham County, Vermont","0","0","0"
"1000000US500259678001069","Block 1069, Block Group 1, Census Tract 9678, Windham County, Vermont","0","0","0"
"1000000US500259678001070","Block 1070, Block Group 1, Census Tract 9678, Windham County, Vermont","0","0","0"
"1000000US500259678001071","Block 1071, Block Group 1, Census Tract 9678, Windham County, Vermont","0","0","0"
"1000000US500259678001072","Block 1072, Block Group 1, Census Tract 9678, Windham County, Vermont","0","0","0"
"1000000US500259678001073","Block 1073, Block Group 1, Census Tract 9678, Windham County, Vermont","0","0","0"
"1000000US500259678001074","Block 1074, Block Group 1, Census Tract 9678, Windham County, Vermont","0","0","0"
"1000000US500259678001075","Block 1075, Block Group 1, Census Tract 9678, Windham County, Vermont","0","0","0"
"1000000US500259678001076","Block 1076, Block Group 1, Census Tract 9678, Windham County, Vermont","0","0","0"
"1000000US500259678002000","Block 2000, Block Group 2, Census Tract 9678, Windham County, Vermont","33","20","13"
"1000000US500259678002001","Block 2001, Block Group 2, Census Tract 9678, Windham County, Vermont","2","0","2"
"1000000US500259678002002","Block 2002, Block Group 2, Census Tract 9678, Windham County, Vermont","2","0","2"
"1000000US500259678002003","Block 2003, Block Group 2, Census Tract 9678, Windham County, Vermont","0","0","0"
"1000000US500259678002004","Block 2004, Block Group 2, Census Tract 9678, Windham County, Vermont","0","0","0"
"1000000US500259678002005","Block 2005, Block Group 2, Census Tract 9678, Windham County, Vermont","0","0","0"
"1000000US500259678002006","Block 2006, Block Group 2, Census Tract 9678, Windham County, Vermont","1","0","1"
"1000000US500259678002007","Block 2007, Block Group 2, Census Tract 9678, Windham County, Vermont","5","4","1"
"1000000US500259678002008","Block 2008, Block Group 2, Census Tract 9678, Windham County, Vermont","2","0","2"
"1000000US500259678002009","Block 2009, Block Group 2, Census Tract 9678, Windham County, Vermont","2","0","2"
"1000000US500259678002010","Block 2010, Block Group 2, Census Tract 9678, Windham County, Vermont","0","0","0"
"1000000US500259678002011","Block 2011, Block Group 2, Census Tract 9678, Windham County, Vermont","0","0","0"
"1000000US500259678002012","Block 2012, Block Group 2, Census Tract 9678, Windham County, Vermont","43","31","12"
"1000000US500259678002013","Block 2013, Block Group 2, Census Tract 9678, Windham County, Vermont","6","3","3"
"1000000US500259678002014","Block 2014, Block Group 2, Census Tract 9678, Windham County, Vermont","0","0","0"
"1000000US500259678002015","Block 2015, Block Group 2, Census Tract 9678, Windham County, Vermont","3","3","0"
"1000000US500259678002016","Block 2016, Block Group 2, Census Tract 9678, Windham County, Vermont","0","0","0"
"1000000US500259678002017","Block 2017, Block Group 2, Census Tract 9678, Windham County, Vermont","0","0","0"
"1000000US500259678002018","Block 2018, Block Group 2, Census Tract 9678, Windham County, Vermont","0","0","0"
"1000000US500259678002019","Block 2019, Block Group 2, Census Tract 9678, Windham County, Vermont","9","6","3"
"1000000US500259678002020","Block 2020, Block Group 2, Census Tract 9678, Windham County, Vermont","0","0","0"
"1000000US500259678002021","Block 2021, Block Group 2, Census Tract 9678, Windham County, Vermont","1","0","1"
"1000000US500259678002022","Block 2022, Block Group 2, Census Tract 9678, Windham County, Vermont","28","11","17"
"1000000US500259678002023","Block 2023, Block Group 2, Census Tract 9678, Windham County, Vermont","3","3","0"
"1000000US500259678002024","Block 2024, Block Group 2, Census Tract 9678, Windham County, Vermont","1","0","1"
"1000000US500259678002025","Block 2025, Block Group 2, Census Tract 9678, Windham County, Vermont","3","2","1"
"1000000US500259678002026","Block 2026, Block Group 2, Census Tract 9678, Windham County, Vermont","7","5","2"
"1000000US500259678002027","Block 2027, Block Group 2, Census Tract 9678, Windham County, Vermont","22","15","7"
"1000000US500259678002028","Block 2028, Block Group 2, Census Tract 9678, Windham County, Vermont","4","2","2"
"1000000US500259678002029","Block 2029, Block Group 2, Census Tract 9678, Windham County, Vermont","53","36","17"
"1000000US500259678002030","Block 2030, Block Group 2, Census Tract 9678, Windham County, Vermont","8","5","3"
"1000000US500259678002031","Block 2031, Block Group 2, Census Tract 9678, Windham County, Vermont","3","3","0"
"1000000US500259678002032","Block 2032, Block Group 2, Census Tract 9678, Windham County, Vermont","5","1","4"
"1000000US500259678002033","Block 2033, Block Group 2, Census Tract 9678, Windham County, Vermont","0","0","0"
"1000000US500259678002034","Block 2034, Block Group 2, Census Tract 9678, Windham County, Vermont","0","0","0"
"1000000US500259678002035","Block 2035, Block Group 2, Census Tract 9678, Windham County, Vermont","0","0","0"
"1000000US500259678002036","Block 2036, Block Group 2, Census Tract 9678, Windham County, Vermont","2","2","0"
"1000000US500259678002037","Block 2037, Block Group 2, Census Tract 9678, Windham County, Vermont","34","28","6"
"1000000US500259678002038","Block 2038, Block Group 2, Census Tract 9678, Windham County, Vermont","19","17","2"
"1000000US500259678002039","Block 2039, Block Group 2, Census Tract 9678, Windham County, Vermont","53","37","16"
"1000000US500259678002040","Block 2040, Block Group 2, Census Tract 9678, Windham County, Vermont","11","9","2"
"1000000US500259678002041","Block 2041, Block Group 2, Census Tract 9678, Windham County, Vermont","0","0","0"
"1000000US500259678002042","Block 2042, Block Group 2, Census Tract 9678, Windham County, Vermont","0","0","0"
"1000000US500259678002043","Block 2043, Block Group 2, Census Tract 9678, Windham County, Vermont","30","18","12"
"1000000US500259678002044","Block 2044, Block Group 2, Census Tract 9678, Windham County, Vermont","5","2","3"
"1000000US500259678002045","Block 2045, Block Group 2, Census Tract 9678, Windham County, Vermont","0","0","0"
"1000000US500259678002046","Block 2046, Block Group 2, Census Tract 9678, Windham County, Vermont","4","3","1"
"1000000US500259678002047","Block 2047, Block Group 2, Census Tract 9678, Windham County, Vermont","0","0","0"
"1000000US500259678002048","Block 2048, Block Group 2, Census Tract 9678, Windham County, Vermont","1","0","1"
"1000000US500259678002049","Block 2049, Block Group 2, Census Tract 9678, Windham County, Vermont","33","24","9"
"1000000US500259678002050","Block 2050, Block Group 2, Census Tract 9678, Windham County, Vermont","5","3","2"
"1000000US500259678002051","Block 2051, Block Group 2, Census Tract 9678, Windham County, Vermont","39","28","11"
"1000000US500259678002052","Block 2052, Block Group 2, Census Tract 9678, Windham County, Vermont","7","7","0"
"1000000US500259678002053","Block 2053, Block Group 2, Census Tract 9678, Windham County, Vermont","0","0","0"
"1000000US500259678002054","Block 2054, Block Group 2, Census Tract 9678, Windham County, Vermont","3","1","2"
"1000000US500259678002055","Block 2055, Block Group 2, Census Tract 9678, Windham County, Vermont","0","0","0"
"1000000US500259678002056","Block 2056, Block Group 2, Census Tract 9678, Windham County, Vermont","23","9","14"
"1000000US500259678002057","Block 2057, Block Group 2, Census Tract 9678, Windham County, Vermont","2","2","0"
"1000000US500259678002058","Block 2058, Block Group 2, Census Tract 9678, Windham County, Vermont","3","1","2"
"1000000US500259678002059","Block 2059, Block Group 2, Census Tract 9678, Windham County, Vermont","0","0","0"
"1000000US500259678002060","Block 2060, Block Group 2, Census Tract 9678, Windham County, Vermont","4","2","2"
"1000000US500259678002061","Block 2061, Block Group 2, Census Tract 9678, Windham County, Vermont","2","1","1"
"1000000US500259678002062","Block 2062, Block Group 2, Census Tract 9678, Windham County, Vermont","4","1","3"
"1000000US500259678002063","Block 2063, Block Group 2, Census Tract 9678, Windham County, Vermont","2","0","2"
"1000000US500259678002064","Block 2064, Block Group 2, Census Tract 9678, Windham County, Vermont","0","0","0"
"1000000US500259678002065","Block 2065, Block Group 2, Census Tract 9678, Windham County, Vermont","24","17","7"
"1000000US500259678002066","Block 2066, Block Group 2, Census Tract 9678, Windham County, Vermont","29","20","9"
"1000000US500259678002067","Block 2067, Block Group 2, Census Tract 9678, Windham County, Vermont","1","0","1"
"1000000US500259678002068","Block 2068, Block Group 2, Census Tract 9678, Windham County, Vermont","1","1","0"
"1000000US500259678002069","Block 2069, Block Group 2, Census Tract 9678, Windham County, Vermont","5","5","0"
"1000000US500259678002070","Block 2070, Block Group 2, Census Tract 9678, Windham County, Vermont","0","0","0"
"1000000US500259679001000","Block 1000, Block Group 1, Census Tract 9679, Windham County, Vermont","4","2","2"
"1000000US500259679001001","Block 1001, Block Group 1, Census Tract 9679, Windham County, Vermont","6","4","2"
"1000000US500259679001002","Block 1002, Block Group 1, Census Tract 9679, Windham County, Vermont","2","0","2"
"1000000US500259679001003","Block 1003, Block Group 1, Census Tract 9679, Windham County, Vermont","6","1","5"
"1000000US500259679001004","Block 1004, Block Group 1, Census Tract 9679, Windham County, Vermont","4","2","2"
"1000000US500259679001005","Block 1005, Block Group 1, Census Tract 9679, Windham County, Vermont","5","2","3"
"1000000US500259679001006","Block 1006, Block Group 1, Census Tract 9679, Windham County, Vermont","25","14","11"
"1000000US500259679001007","Block 1007, Block Group 1, Census Tract 9679, Windham County, Vermont","33","20","13"
"1000000US500259679001008","Block 1008, Block Group 1, Census Tract 9679, Windham County, Vermont","0","0","0"
"1000000US500259679001009","Block 1009, Block Group 1, Census Tract 9679, Windham County, Vermont","0","0","0"
"1000000US500259679001010","Block 1010, Block Group 1, Census Tract 9679, Windham County, Vermont","2","0","2"
"1000000US500259679001011","Block 1011, Block Group 1, Census Tract 9679, Windham County, Vermont","14","2","12"
"1000000US500259679001012","Block 1012, Block Group 1, Census Tract 9679, Windham County, Vermont","13","8","5"
"1000000US500259679001013","Block 1013, Block Group 1, Census Tract 9679, Windham County, Vermont","8","6","2"
"1000000US500259679001014","Block 1014, Block Group 1, Census Tract 9679, Windham County, Vermont","15","11","4"
"1000000US500259679001015","Block 1015, Block Group 1, Census Tract 9679, Windham County, Vermont","0","0","0"
"1000000US500259679001016","Block 1016, Block Group 1, Census Tract 9679, Windham County, Vermont","9","4","5"
"1000000US500259679001017","Block 1017, Block Group 1, Census Tract 9679, Windham County, Vermont","0","0","0"
"1000000US500259679001018","Block 1018, Block Group 1, Census Tract 9679, Windham County, Vermont","17","12","5"
"1000000US500259679001019","Block 1019, Block Group 1, Census Tract 9679, Windham County, Vermont","10","9","1"
"1000000US500259679001020","Block 1020, Block Group 1, Census Tract 9679, Windham County, Vermont","1","0","1"
"1000000US500259679001021","Block 1021, Block Group 1, Census Tract 9679, Windham County, Vermont","4","3","1"
"1000000US500259679001022","Block 1022, Block Group 1, Census Tract 9679, Windham County, Vermont","11","6","5"
"1000000US500259679001023","Block 1023, Block Group 1, Census Tract 9679, Windham County, Vermont","9","5","4"
"1000000US500259679001024","Block 1024, Block Group 1, Census Tract 9679, Windham County, Vermont","25","18","7"
"1000000US500259679001025","Block 1025, Block Group 1, Census Tract 9679, Windham County, Vermont","38","20","18"
"1000000US500259679001026","Block 1026, Block Group 1, Census Tract 9679, Windham County, Vermont","1","1","0"
"1000000US500259679001027","Block 1027, Block Group 1, Census Tract 9679, Windham County, Vermont","7","6","1"
"1000000US500259679001028","Block 1028, Block Group 1, Census Tract 9679, Windham County, Vermont","3","1","2"
"1000000US500259679001029","Block 1029, Block Group 1, Census Tract 9679, Windham County, Vermont","14","8","6"
"1000000US500259679001030","Block 1030, Block Group 1, Census Tract 9679, Windham County, Vermont","13","9","4"
"1000000US500259679001031","Block 1031, Block Group 1, Census Tract 9679, Windham County, Vermont","1","0","1"
"1000000US500259679001032","Block 1032, Block Group 1, Census Tract 9679, Windham County, Vermont","0","0","0"
"1000000US500259679001033","Block 1033, Block Group 1, Census Tract 9679, Windham County, Vermont","0","0","0"
"1000000US500259679001034","Block 1034, Block Group 1, Census Tract 9679, Windham County, Vermont","1","1","0"
"1000000US500259679002000","Block 2000, Block Group 2, Census Tract 9679, Windham County, Vermont","56","16","40"
"1000000US500259679002001","Block 2001, Block Group 2, Census Tract 9679, Windham County, Vermont","1","0","1"
"1000000US500259679002002","Block 2002, Block Group 2, Census Tract 9679, Windham County, Vermont","1","1","0"
"1000000US500259679002003","Block 2003, Block Group 2, Census Tract 9679, Windham County, Vermont","12","1","11"
"1000000US500259679002004","Block 2004, Block Group 2, Census Tract 9679, Windham County, Vermont","1","0","1"
"1000000US500259679002005","Block 2005, Block Group 2, Census Tract 9679, Windham County, Vermont","0","0","0"
"1000000US500259679002006","Block 2006, Block Group 2, Census Tract 9679, Windham County, Vermont","1","1","0"
"1000000US500259679002007","Block 2007, Block Group 2, Census Tract 9679, Windham County, Vermont","55","8","47"
"1000000US500259679002008","Block 2008, Block Group 2, Census Tract 9679, Windham County, Vermont","5","0","5"
"1000000US500259679002009","Block 2009, Block Group 2, Census Tract 9679, Windham County, Vermont","9","0","9"
"1000000US500259679002010","Block 2010, Block Group 2, Census Tract 9679, Windham County, Vermont","377","37","340"
"1000000US500259679002011","Block 2011, Block Group 2, Census Tract 9679, Windham County, Vermont","18","6","12"
"1000000US500259679002012","Block 2012, Block Group 2, Census Tract 9679, Windham County, Vermont","10","1","9"
"1000000US500259679002013","Block 2013, Block Group 2, Census Tract 9679, Windham County, Vermont","0","0","0"
"1000000US500259679002014","Block 2014, Block Group 2, Census Tract 9679, Windham County, Vermont","0","0","0"
"1000000US500259679002015","Block 2015, Block Group 2, Census Tract 9679, Windham County, Vermont","28","0","28"
"1000000US500259679002016","Block 2016, Block Group 2, Census Tract 9679, Windham County, Vermont","20","1","19"
"1000000US500259679002017","Block 2017, Block Group 2, Census Tract 9679, Windham County, Vermont","40","4","36"
"1000000US500259679002018","Block 2018, Block Group 2, Census Tract 9679, Windham County, Vermont","3","0","3"
"1000000US500259679002019","Block 2019, Block Group 2, Census Tract 9679, Windham County, Vermont","24","0","24"
"1000000US500259679002020","Block 2020, Block Group 2, Census Tract 9679, Windham County, Vermont","12","0","12"
"1000000US500259679002021","Block 2021, Block Group 2, Census Tract 9679, Windham County, Vermont","30","2","28"
"1000000US500259679002022","Block 2022, Block Group 2, Census Tract 9679, Windham County, Vermont","30","2","28"
"1000000US500259679002023","Block 2023, Block Group 2, Census Tract 9679, Windham County, Vermont","13","2","11"
"1000000US500259679002024","Block 2024, Block Group 2, Census Tract 9679, Windham County, Vermont","0","0","0"
"1000000US500259679002025","Block 2025, Block Group 2, Census Tract 9679, Windham County, Vermont","0","0","0"
"1000000US500259679002026","Block 2026, Block Group 2, Census Tract 9679, Windham County, Vermont","80","39","41"
"1000000US500259679002027","Block 2027, Block Group 2, Census Tract 9679, Windham County, Vermont","11","0","11"
"1000000US500259679002028","Block 2028, Block Group 2, Census Tract 9679, Windham County, Vermont","0","0","0"
"1000000US500259679002029","Block 2029, Block Group 2, Census Tract 9679, Windham County, Vermont","0","0","0"
"1000000US500259679002030","Block 2030, Block Group 2, Census Tract 9679, Windham County, Vermont","0","0","0"
"1000000US500259679002031","Block 2031, Block Group 2, Census Tract 9679, Windham County, Vermont","0","0","0"
"1000000US500259679002032","Block 2032, Block Group 2, Census Tract 9679, Windham County, Vermont","0","0","0"
"1000000US500259679002033","Block 2033, Block Group 2, Census Tract 9679, Windham County, Vermont","0","0","0"
"1000000US500259679002034","Block 2034, Block Group 2, Census Tract 9679, Windham County, Vermont","1","0","1"
"1000000US500259679002035","Block 2035, Block Group 2, Census Tract 9679, Windham County, Vermont","0","0","0"
"1000000US500259679002036","Block 2036, Block Group 2, Census Tract 9679, Windham County, Vermont","1","0","1"
"1000000US500259679002037","Block 2037, Block Group 2, Census Tract 9679, Windham County, Vermont","0","0","0"
"1000000US500259679002038","Block 2038, Block Group 2, Census Tract 9679, Windham County, Vermont","0","0","0"
"1000000US500259679002039","Block 2039, Block Group 2, Census Tract 9679, Windham County, Vermont","11","4","7"
"1000000US500259679003000","Block 3000, Block Group 3, Census Tract 9679, Windham County, Vermont","529","12","517"
"1000000US500259679003001","Block 3001, Block Group 3, Census Tract 9679, Windham County, Vermont","0","0","0"
"1000000US500259679003002","Block 3002, Block Group 3, Census Tract 9679, Windham County, Vermont","0","0","0"
"1000000US500259679003003","Block 3003, Block Group 3, Census Tract 9679, Windham County, Vermont","3","0","3"
"1000000US500259679003004","Block 3004, Block Group 3, Census Tract 9679, Windham County, Vermont","11","0","11"
"1000000US500259679003005","Block 3005, Block Group 3, Census Tract 9679, Windham County, Vermont","20","0","20"
"1000000US500259679003006","Block 3006, Block Group 3, Census Tract 9679, Windham County, Vermont","0","0","0"
"1000000US500259679003007","Block 3007, Block Group 3, Census Tract 9679, Windham County, Vermont","0","0","0"
"1000000US500259679003008","Block 3008, Block Group 3, Census Tract 9679, Windham County, Vermont","6","0","6"
"1000000US500259679003009","Block 3009, Block Group 3, Census Tract 9679, Windham County, Vermont","31","2","29"
"1000000US500259679003010","Block 3010, Block Group 3, Census Tract 9679, Windham County, Vermont","0","0","0"
"1000000US500259679003011","Block 3011, Block Group 3, Census Tract 9679, Windham County, Vermont","9","2","7"
"1000000US500259679003012","Block 3012, Block Group 3, Census Tract 9679, Windham County, Vermont","6","0","6"
"1000000US500259679003013","Block 3013, Block Group 3, Census Tract 9679, Windham County, Vermont","74","0","74"
"1000000US500259679003014","Block 3014, Block Group 3, Census Tract 9679, Windham County, Vermont","0","0","0"
"1000000US500259679003015","Block 3015, Block Group 3, Census Tract 9679, Windham County, Vermont","61","0","61"
"1000000US500259679003016","Block 3016, Block Group 3, Census Tract 9679, Windham County, Vermont","0","0","0"
"1000000US500259679003017","Block 3017, Block Group 3, Census Tract 9679, Windham County, Vermont","0","0","0"
"1000000US500259679004000","Block 4000, Block Group 4, Census Tract 9679, Windham County, Vermont","18","4","14"
"1000000US500259679004001","Block 4001, Block Group 4, Census Tract 9679, Windham County, Vermont","10","2","8"
"1000000US500259679004002","Block 4002, Block Group 4, Census Tract 9679, Windham County, Vermont","242","85","157"
"1000000US500259679004003","Block 4003, Block Group 4, Census Tract 9679, Windham County, Vermont","0","0","0"
"1000000US500259679004004","Block 4004, Block Group 4, Census Tract 9679, Windham County, Vermont","0","0","0"
"1000000US500259679004005","Block 4005, Block Group 4, Census Tract 9679, Windham County, Vermont","0","0","0"
"1000000US500259679004006","Block 4006, Block Group 4, Census Tract 9679, Windham County, Vermont","7","6","1"
"1000000US500259679004007","Block 4007, Block Group 4, Census Tract 9679, Windham County, Vermont","9","3","6"
"1000000US500259679004008","Block 4008, Block Group 4, Census Tract 9679, Windham County, Vermont","8","2","6"
"1000000US500259679004009","Block 4009, Block Group 4, Census Tract 9679, Windham County, Vermont","7","2","5"
"1000000US500259679004010","Block 4010, Block Group 4, Census Tract 9679, Windham County, Vermont","16","6","10"
"1000000US500259679004011","Block 4011, Block Group 4, Census Tract 9679, Windham County, Vermont","0","0","0"
"1000000US500259679004012","Block 4012, Block Group 4, Census Tract 9679, Windham County, Vermont","128","30","98"
"1000000US500259679004013","Block 4013, Block Group 4, Census Tract 9679, Windham County, Vermont","19","5","14"
"1000000US500259679004014","Block 4014, Block Group 4, Census Tract 9679, Windham County, Vermont","0","0","0"
"1000000US500259679004015","Block 4015, Block Group 4, Census Tract 9679, Windham County, Vermont","98","11","87"
"1000000US500259679004016","Block 4016, Block Group 4, Census Tract 9679, Windham County, Vermont","20","2","18"
"1000000US500259679004017","Block 4017, Block Group 4, Census Tract 9679, Windham County, Vermont","11","0","11"
"1000000US500259679004018","Block 4018, Block Group 4, Census Tract 9679, Windham County, Vermont","13","1","12"
"1000000US500259679004019","Block 4019, Block Group 4, Census Tract 9679, Windham County, Vermont","14","1","13"
"1000000US500259679004020","Block 4020, Block Group 4, Census Tract 9679, Windham County, Vermont","36","0","36"
"1000000US500259679004021","Block 4021, Block Group 4, Census Tract 9679, Windham County, Vermont","66","5","61"
"1000000US500259679004022","Block 4022, Block Group 4, Census Tract 9679, Windham County, Vermont","12","1","11"
"1000000US500259679004023","Block 4023, Block Group 4, Census Tract 9679, Windham County, Vermont","26","0","26"
"1000000US500259679004024","Block 4024, Block Group 4, Census Tract 9679, Windham County, Vermont","0","0","0"
"1000000US500259679004025","Block 4025, Block Group 4, Census Tract 9679, Windham County, Vermont","5","0","5"
"1000000US500259679004026","Block 4026, Block Group 4, Census Tract 9679, Windham County, Vermont","18","0","18"
"1000000US500259679004027","Block 4027, Block Group 4, Census Tract 9679, Windham County, Vermont","151","17","134"
"1000000US500259679004028","Block 4028, Block Group 4, Census Tract 9679, Windham County, Vermont","1","1","0"
"1000000US500259679004029","Block 4029, Block Group 4, Census Tract 9679, Windham County, Vermont","12","2","10"
"1000000US500259679004030","Block 4030, Block Group 4, Census Tract 9679, Windham County, Vermont","4","0","4"
"1000000US500259679004031","Block 4031, Block Group 4, Census Tract 9679, Windham County, Vermont","8","0","8"
"1000000US500259679004032","Block 4032, Block Group 4, Census Tract 9679, Windham County, Vermont","0","0","0"
"1000000US500259679004033","Block 4033, Block Group 4, Census Tract 9679, Windham County, Vermont","0","0","0"
"1000000US500259679004034","Block 4034, Block Group 4, Census Tract 9679, Windham County, Vermont","0","0","0"
"1000000US500259679004035","Block 4035, Block Group 4, Census Tract 9679, Windham County, Vermont","3","0","3"
"1000000US500259679004036","Block 4036, Block Group 4, Census Tract 9679, Windham County, Vermont","4","4","0"
"1000000US500259679004037","Block 4037, Block Group 4, Census Tract 9679, Windham County, Vermont","4","0","4"
"1000000US500259679004038","Block 4038, Block Group 4, Census Tract 9679, Windham County, Vermont","5","0","5"
"1000000US500259679004039","Block 4039, Block Group 4, Census Tract 9679, Windham County, Vermont","2","0","2"
"1000000US500259679004040","Block 4040, Block Group 4, Census Tract 9679, Windham County, Vermont","92","8","84"
"1000000US500259679004041","Block 4041, Block Group 4, Census Tract 9679, Windham County, Vermont","1","0","1"
"1000000US500259679004042","Block 4042, Block Group 4, Census Tract 9679, Windham County, Vermont","1","0","1"
"1000000US500259679004043","Block 4043, Block Group 4, Census Tract 9679, Windham County, Vermont","9","2","7"
"1000000US500259679004044","Block 4044, Block Group 4, Census Tract 9679, Windham County, Vermont","2","0","2"
"1000000US500259679004045","Block 4045, Block Group 4, Census Tract 9679, Windham County, Vermont","16","5","11"
"1000000US500259679004046","Block 4046, Block Group 4, Census Tract 9679, Windham County, Vermont","1","0","1"
"1000000US500259679004047","Block 4047, Block Group 4, Census Tract 9679, Windham County, Vermont","1","0","1"
"1000000US500259679004048","Block 4048, Block Group 4, Census Tract 9679, Windham County, Vermont","40","15","25"
"1000000US500259679004049","Block 4049, Block Group 4, Census Tract 9679, Windham County, Vermont","5","0","5"
"1000000US500259679004050","Block 4050, Block Group 4, Census Tract 9679, Windham County, Vermont","8","1","7"
"1000000US500259680001000","Block 1000, Block Group 1, Census Tract 9680, Windham County, Vermont","111","35","76"
"1000000US500259680001001","Block 1001, Block Group 1, Census Tract 9680, Windham County, Vermont","1","0","1"
"1000000US500259680001002","Block 1002, Block Group 1, Census Tract 9680, Windham County, Vermont","6","0","6"
"1000000US500259680001003","Block 1003, Block Group 1, Census Tract 9680, Windham County, Vermont","0","0","0"
"1000000US500259680001004","Block 1004, Block Group 1, Census Tract 9680, Windham County, Vermont","4","1","3"
"1000000US500259680001005","Block 1005, Block Group 1, Census Tract 9680, Windham County, Vermont","0","0","0"
"1000000US500259680001006","Block 1006, Block Group 1, Census Tract 9680, Windham County, Vermont","0","0","0"
"1000000US500259680001007","Block 1007, Block Group 1, Census Tract 9680, Windham County, Vermont","2","0","2"
"1000000US500259680001008","Block 1008, Block Group 1, Census Tract 9680, Windham County, Vermont","3","0","3"
"1000000US500259680001009","Block 1009, Block Group 1, Census Tract 9680, Windham County, Vermont","9","0","9"
"1000000US500259680001010","Block 1010, Block Group 1, Census Tract 9680, Windham County, Vermont","4","0","4"
"1000000US500259680001011","Block 1011, Block Group 1, Census Tract 9680, Windham County, Vermont","0","0","0"
"1000000US500259680001012","Block 1012, Block Group 1, Census Tract 9680, Windham County, Vermont","7","0","7"
"1000000US500259680001013","Block 1013, Block Group 1, Census Tract 9680, Windham County, Vermont","338","47","291"
"1000000US500259680001014","Block 1014, Block Group 1, Census Tract 9680, Windham County, Vermont","12","1","11"
"1000000US500259680001015","Block 1015, Block Group 1, Census Tract 9680, Windham County, Vermont","6","1","5"
"1000000US500259680001016","Block 1016, Block Group 1, Census Tract 9680, Windham County, Vermont","0","0","0"
"1000000US500259680001017","Block 1017, Block Group 1, Census Tract 9680, Windham County, Vermont","20","1","19"
"1000000US500259680001018","Block 1018, Block Group 1, Census Tract 9680, Windham County, Vermont","0","0","0"
"1000000US500259680001019","Block 1019, Block Group 1, Census Tract 9680, Windham County, Vermont","0","0","0"
"1000000US500259680001020","Block 1020, Block Group 1, Census Tract 9680, Windham County, Vermont","0","0","0"
"1000000US500259680001021","Block 1021, Block Group 1, Census Tract 9680, Windham County, Vermont","1","0","1"
"1000000US500259680001022","Block 1022, Block Group 1, Census Tract 9680, Windham County, Vermont","34","2","32"
"1000000US500259680001023","Block 1023, Block Group 1, Census Tract 9680, Windham County, Vermont","0","0","0"
"1000000US500259680001024","Block 1024, Block Group 1, Census Tract 9680, Windham County, Vermont","10","0","10"
"1000000US500259680001025","Block 1025, Block Group 1, Census Tract 9680, Windham County, Vermont","162","26","136"
"1000000US500259680001026","Block 1026, Block Group 1, Census Tract 9680, Windham County, Vermont","1","0","1"
"1000000US500259680001027","Block 1027, Block Group 1, Census Tract 9680, Windham County, Vermont","14","3","11"
"1000000US500259680001028","Block 1028, Block Group 1, Census Tract 9680, Windham County, Vermont","2","0","2"
"1000000US500259680001029","Block 1029, Block Group 1, Census Tract 9680, Windham County, Vermont","7","1","6"
"1000000US500259680001030","Block 1030, Block Group 1, Census Tract 9680, Windham County, Vermont","4","1","3"
"1000000US500259680001031","Block 1031, Block Group 1, Census Tract 9680, Windham County, Vermont","48","3","45"
"1000000US500259680001032","Block 1032, Block Group 1, Census Tract 9680, Windham County, Vermont","29","5","24"
"1000000US500259680001033","Block 1033, Block Group 1, Census Tract 9680, Windham County, Vermont","21","2","19"
"1000000US500259680001034","Block 1034, Block Group 1, Census Tract 9680, Windham County, Vermont","13","0","13"
"1000000US500259680001035","Block 1035, Block Group 1, Census Tract 9680, Windham County, Vermont","0","0","0"
"1000000US500259680001036","Block 1036, Block Group 1, Census Tract 9680, Windham County, Vermont","11","1","10"
"1000000US500259680001037","Block 1037, Block Group 1, Census Tract 9680, Windham County, Vermont","0","0","0"
"1000000US500259680001038","Block 1038, Block Group 1, Census Tract 9680, Windham County, Vermont","0","0","0"
"1000000US500259680001039","Block 1039, Block Group 1, Census Tract 9680, Windham County, Vermont","1","0","1"
"1000000US500259680001040","Block 1040, Block Group 1, Census Tract 9680, Windham County, Vermont","0","0","0"
"1000000US500259680001041","Block 1041, Block Group 1, Census Tract 9680, Windham County, Vermont","5","1","4"
"1000000US500259680001042","Block 1042, Block Group 1, Census Tract 9680, Windham County, Vermont","2","0","2"
"1000000US500259680001043","Block 1043, Block Group 1, Census Tract 9680, Windham County, Vermont","7","1","6"
"1000000US500259680001044","Block 1044, Block Group 1, Census Tract 9680, Windham County, Vermont","1","0","1"
"1000000US500259680001045","Block 1045, Block Group 1, Census Tract 9680, Windham County, Vermont","0","0","0"
"1000000US500259680001046","Block 1046, Block Group 1, Census Tract 9680, Windham County, Vermont","4","1","3"
"1000000US500259680001047","Block 1047, Block Group 1, Census Tract 9680, Windham County, Vermont","1","0","1"
"1000000US500259680001048","Block 1048, Block Group 1, Census Tract 9680, Windham County, Vermont","0","0","0"
"1000000US500259680001049","Block 1049, Block Group 1, Census Tract 9680, Windham County, Vermont","0","0","0"
"1000000US500259680001050","Block 1050, Block Group 1, Census Tract 9680, Windham County, Vermont","1","0","1"
"1000000US500259680001051","Block 1051, Block Group 1, Census Tract 9680, Windham County, Vermont","0","0","0"
"1000000US500259680001052","Block 1052, Block Group 1, Census Tract 9680, Windham County, Vermont","0","0","0"
"1000000US500259680001053","Block 1053, Block Group 1, Census Tract 9680, Windham County, Vermont","2","1","1"
"1000000US500259680001054","Block 1054, Block Group 1, Census Tract 9680, Windham County, Vermont","2","2","0"
"1000000US500259680001055","Block 1055, Block Group 1, Census Tract 9680, Windham County, Vermont","1","1","0"
"1000000US500259680001056","Block 1056, Block Group 1, Census Tract 9680, Windham County, Vermont","0","0","0"
"1000000US500259680001057","Block 1057, Block Group 1, Census Tract 9680, Windham County, Vermont","0","0","0"
"1000000US500259680001058","Block 1058, Block Group 1, Census Tract 9680, Windham County, Vermont","2","0","2"
"1000000US500259680001059","Block 1059, Block Group 1, Census Tract 9680, Windham County, Vermont","1","0","1"
"1000000US500259680002000","Block 2000, Block Group 2, Census Tract 9680, Windham County, Vermont","134","55","79"
"1000000US500259680002001","Block 2001, Block Group 2, Census Tract 9680, Windham County, Vermont","0","0","0"
"1000000US500259680002002","Block 2002, Block Group 2, Census Tract 9680, Windham County, Vermont","0","0","0"
"1000000US500259680002003","Block 2003, Block Group 2, Census Tract 9680, Windham County, Vermont","80","28","52"
"1000000US500259680002004","Block 2004, Block Group 2, Census Tract 9680, Windham County, Vermont","0","0","0"
"1000000US500259680002005","Block 2005, Block Group 2, Census Tract 9680, Windham County, Vermont","5","5","0"
"1000000US500259680002006","Block 2006, Block Group 2, Census Tract 9680, Windham County, Vermont","7","6","1"
"1000000US500259680002007","Block 2007, Block Group 2, Census Tract 9680, Windham County, Vermont","1","1","0"
"1000000US500259680002008","Block 2008, Block Group 2, Census Tract 9680, Windham County, Vermont","101","66","35"
"1000000US500259680002009","Block 2009, Block Group 2, Census Tract 9680, Windham County, Vermont","21","11","10"
"1000000US500259680002010","Block 2010, Block Group 2, Census Tract 9680, Windham County, Vermont","15","8","7"
"1000000US500259680002011","Block 2011, Block Group 2, Census Tract 9680, Windham County, Vermont","17","16","1"
"1000000US500259680002012","Block 2012, Block Group 2, Census Tract 9680, Windham County, Vermont","0","0","0"
"1000000US500259680002013","Block 2013, Block Group 2, Census Tract 9680, Windham County, Vermont","50","45","5"
"1000000US500259680002014","Block 2014, Block Group 2, Census Tract 9680, Windham County, Vermont","137","56","81"
"1000000US500259680002015","Block 2015, Block Group 2, Census Tract 9680, Windham County, Vermont","0","0","0"
"1000000US500259680002016","Block 2016, Block Group 2, Census Tract 9680, Windham County, Vermont","0","0","0"
"1000000US500259680002017","Block 2017, Block Group 2, Census Tract 9680, Windham County, Vermont","2","0","2"
"1000000US500259680002018","Block 2018, Block Group 2, Census Tract 9680, Windham County, Vermont","14","4","10"
"1000000US500259680002019","Block 2019, Block Group 2, Census Tract 9680, Windham County, Vermont","94","33","61"
"1000000US500259680002020","Block 2020, Block Group 2, Census Tract 9680, Windham County, Vermont","2","1","1"
"1000000US500259680002021","Block 2021, Block Group 2, Census Tract 9680, Windham County, Vermont","35","29","6"
"1000000US500259680002022","Block 2022, Block Group 2, Census Tract 9680, Windham County, Vermont","23","19","4"
"1000000US500259680002023","Block 2023, Block Group 2, Census Tract 9680, Windham County, Vermont","19","10","9"
"1000000US500259680002024","Block 2024, Block Group 2, Census Tract 9680, Windham County, Vermont","0","0","0"
"1000000US500259680002025","Block 2025, Block Group 2, Census Tract 9680, Windham County, Vermont","7","4","3"
"1000000US500259680002026","Block 2026, Block Group 2, Census Tract 9680, Windham County, Vermont","0","0","0"
"1000000US500259680002027","Block 2027, Block Group 2, Census Tract 9680, Windham County, Vermont","3","3","0"
"1000000US500259680002028","Block 2028, Block Group 2, Census Tract 9680, Windham County, Vermont","1","0","1"
"1000000US500259680002029","Block 2029, Block Group 2, Census Tract 9680, Windham County, Vermont","0","0","0"
"1000000US500259680002030","Block 2030, Block Group 2, Census Tract 9680, Windham County, Vermont","0","0","0"
"1000000US500259680002031","Block 2031, Block Group 2, Census Tract 9680, Windham County, Vermont","0","0","0"
"1000000US500259680002032","Block 2032, Block Group 2, Census Tract 9680, Windham County, Vermont","0","0","0"
"1000000US500259680002033","Block 2033, Block Group 2, Census Tract 9680, Windham County, Vermont","0","0","0"
"1000000US500259680002034","Block 2034, Block Group 2, Census Tract 9680, Windham County, Vermont","0","0","0"
"1000000US500259680002035","Block 2035, Block Group 2, Census Tract 9680, Windham County, Vermont","3","3","0"
"1000000US500259680002036","Block 2036, Block Group 2, Census Tract 9680, Windham County, Vermont","0","0","0"
"1000000US500259680002037","Block 2037, Block Group 2, Census Tract 9680, Windham County, Vermont","0","0","0"
"1000000US500259680002038","Block 2038, Block Group 2, Census Tract 9680, Windham County, Vermont","0","0","0"
"1000000US500259680002039","Block 2039, Block Group 2, Census Tract 9680, Windham County, Vermont","0","0","0"
"1000000US500259680002040","Block 2040, Block Group 2, Census Tract 9680, Windham County, Vermont","14","11","3"
"1000000US500259680002041","Block 2041, Block Group 2, Census Tract 9680, Windham County, Vermont","0","0","0"
"1000000US500259680002042","Block 2042, Block Group 2, Census Tract 9680, Windham County, Vermont","0","0","0"
"1000000US500259680002043","Block 2043, Block Group 2, Census Tract 9680, Windham County, Vermont","0","0","0"
"1000000US500259680002044","Block 2044, Block Group 2, Census Tract 9680, Windham County, Vermont","0","0","0"
"1000000US500259680002045","Block 2045, Block Group 2, Census Tract 9680, Windham County, Vermont","0","0","0"
"1000000US500259680002046","Block 2046, Block Group 2, Census Tract 9680, Windham County, Vermont","0","0","0"
"1000000US500259680002047","Block 2047, Block Group 2, Census Tract 9680, Windham County, Vermont","0","0","0"
"1000000US500259680002048","Block 2048, Block Group 2, Census Tract 9680, Windham County, Vermont","0","0","0"
"1000000US500259680002049","Block 2049, Block Group 2, Census Tract 9680, Windham County, Vermont","14","9","5"
"1000000US500259680002050","Block 2050, Block Group 2, Census Tract 9680, Windham County, Vermont","56","45","11"
"1000000US500259680002051","Block 2051, Block Group 2, Census Tract 9680, Windham County, Vermont","4","4","0"
"1000000US500259680002052","Block 2052, Block Group 2, Census Tract 9680, Windham County, Vermont","0","0","0"
"1000000US500259680002053","Block 2053, Block Group 2, Census Tract 9680, Windham County, Vermont","2","2","0"
"1000000US500259680002054","Block 2054, Block Group 2, Census Tract 9680, Windham County, Vermont","10","5","5"
"1000000US500259680002055","Block 2055, Block Group 2, Census Tract 9680, Windham County, Vermont","14","13","1"
"1000000US500259680002056","Block 2056, Block Group 2, Census Tract 9680, Windham County, Vermont","0","0","0"
"1000000US500259680002057","Block 2057, Block Group 2, Census Tract 9680, Windham County, Vermont","0","0","0"
"1000000US500259680002058","Block 2058, Block Group 2, Census Tract 9680, Windham County, Vermont","0","0","0"
"1000000US500259680002059","Block 2059, Block Group 2, Census Tract 9680, Windham County, Vermont","10","0","10"
"1000000US500259680002060","Block 2060, Block Group 2, Census Tract 9680, Windham County, Vermont","1","0","1"
"1000000US500259680002061","Block 2061, Block Group 2, Census Tract 9680, Windham County, Vermont","0","0","0"
"1000000US500259680002062","Block 2062, Block Group 2, Census Tract 9680, Windham County, Vermont","1","1","0"
"1000000US500259680002063","Block 2063, Block Group 2, Census Tract 9680, Windham County, Vermont","0","0","0"
"1000000US500259680002064","Block 2064, Block Group 2, Census Tract 9680, Windham County, Vermont","3","2","1"
"1000000US500259680002065","Block 2065, Block Group 2, Census Tract 9680, Windham County, Vermont","0","0","0"
"1000000US500259680003000","Block 3000, Block Group 3, Census Tract 9680, Windham County, Vermont","1","1","0"
"1000000US500259680003001","Block 3001, Block Group 3, Census Tract 9680, Windham County, Vermont","0","0","0"
"1000000US500259680003002","Block 3002, Block Group 3, Census Tract 9680, Windham County, Vermont","46","19","27"
"1000000US500259680003003","Block 3003, Block Group 3, Census Tract 9680, Windham County, Vermont","1","0","1"
"1000000US500259680003004","Block 3004, Block Group 3, Census Tract 9680, Windham County, Vermont","2","1","1"
"1000000US500259680003005","Block 3005, Block Group 3, Census Tract 9680, Windham County, Vermont","12","6","6"
"1000000US500259680003006","Block 3006, Block Group 3, Census Tract 9680, Windham County, Vermont","7","7","0"
"1000000US500259680003007","Block 3007, Block Group 3, Census Tract 9680, Windham County, Vermont","5","5","0"
"1000000US500259680003008","Block 3008, Block Group 3, Census Tract 9680, Windham County, Vermont","0","0","0"
"1000000US500259680003009","Block 3009, Block Group 3, Census Tract 9680, Windham County, Vermont","0","0","0"
"1000000US500259680003010","Block 3010, Block Group 3, Census Tract 9680, Windham County, Vermont","9","8","1"
"1000000US500259680003011","Block 3011, Block Group 3, Census Tract 9680, Windham County, Vermont","94","29","65"
"1000000US500259680003012","Block 3012, Block Group 3, Census Tract 9680, Windham County, Vermont","7","4","3"
"1000000US500259680003013","Block 3013, Block Group 3, Census Tract 9680, Windham County, Vermont","3","3","0"
"1000000US500259680003014","Block 3014, Block Group 3, Census Tract 9680, Windham County, Vermont","1","1","0"
"1000000US500259680003015","Block 3015, Block Group 3, Census Tract 9680, Windham County, Vermont","0","0","0"
"1000000US500259680003016","Block 3016, Block Group 3, Census Tract 9680, Windham County, Vermont","26","3","23"
"1000000US500259680003017","Block 3017, Block Group 3, Census Tract 9680, Windham County, Vermont","0","0","0"
"1000000US500259680003018","Block 3018, Block Group 3, Census Tract 9680, Windham County, Vermont","21","3","18"
"1000000US500259680003019","Block 3019, Block Group 3, Census Tract 9680, Windham County, Vermont","1","1","0"
"1000000US500259680003020","Block 3020, Block Group 3, Census Tract 9680, Windham County, Vermont","125","29","96"
"1000000US500259680003021","Block 3021, Block Group 3, Census Tract 9680, Windham County, Vermont","17","4","13"
"1000000US500259680003022","Block 3022, Block Group 3, Census Tract 9680, Windham County, Vermont","7","5","2"
"1000000US500259680003023","Block 3023, Block Group 3, Census Tract 9680, Windham County, Vermont","0","0","0"
"1000000US500259680003024","Block 3024, Block Group 3, Census Tract 9680, Windham County, Vermont","6","3","3"
"1000000US500259680003025","Block 3025, Block Group 3, Census Tract 9680, Windham County, Vermont","0","0","0"
"1000000US500259680003026","Block 3026, Block Group 3, Census Tract 9680, Windham County, Vermont","23","3","20"
"1000000US500259680003027","Block 3027, Block Group 3, Census Tract 9680, Windham County, Vermont","0","0","0"
"1000000US500259680003028","Block 3028, Block Group 3, Census Tract 9680, Windham County, Vermont","93","9","84"
"1000000US500259680003029","Block 3029, Block Group 3, Census Tract 9680, Windham County, Vermont","0","0","0"
"1000000US500259680003030","Block 3030, Block Group 3, Census Tract 9680, Windham County, Vermont","0","0","0"
"1000000US500259680003031","Block 3031, Block Group 3, Census Tract 9680, Windham County, Vermont","2","1","1"
"1000000US500259680003032","Block 3032, Block Group 3, Census Tract 9680, Windham County, Vermont","5","3","2"
"1000000US500259680003033","Block 3033, Block Group 3, Census Tract 9680, Windham County, Vermont","0","0","0"
"1000000US500259680003034","Block 3034, Block Group 3, Census Tract 9680, Windham County, Vermont","1","1","0"
"1000000US500259680003035","Block 3035, Block Group 3, Census Tract 9680, Windham County, Vermont","43","18","25"
"1000000US500259680003036","Block 3036, Block Group 3, Census Tract 9680, Windham County, Vermont","0","0","0"
"1000000US500259680003037","Block 3037, Block Group 3, Census Tract 9680, Windham County, Vermont","0","0","0"
"1000000US500259680003038","Block 3038, Block Group 3, Census Tract 9680, Windham County, Vermont","0","0","0"
"1000000US500259680003039","Block 3039, Block Group 3, Census Tract 9680, Windham County, Vermont","0","0","0"
"1000000US500259680003040","Block 3040, Block Group 3, Census Tract 9680, Windham County, Vermont","0","0","0"
"1000000US500259680003041","Block 3041, Block Group 3, Census Tract 9680, Windham County, Vermont","0","0","0"
"1000000US500259680003042","Block 3042, Block Group 3, Census Tract 9680, Windham County, Vermont","69","35","34"
"1000000US500259680003043","Block 3043, Block Group 3, Census Tract 9680, Windham County, Vermont","2","0","2"
"1000000US500259680003044","Block 3044, Block Group 3, Census Tract 9680, Windham County, Vermont","0","0","0"
"1000000US500259680003045","Block 3045, Block Group 3, Census Tract 9680, Windham County, Vermont","0","0","0"
"1000000US500259680003046","Block 3046, Block Group 3, Census Tract 9680, Windham County, Vermont","0","0","0"
"1000000US500259680003047","Block 3047, Block Group 3, Census Tract 9680, Windham County, Vermont","2","1","1"
"1000000US500259680003048","Block 3048, Block Group 3, Census Tract 9680, Windham County, Vermont","0","0","0"
"1000000US500259680003049","Block 3049, Block Group 3, Census Tract 9680, Windham County, Vermont","2","2","0"
"1000000US500259680003050","Block 3050, Block Group 3, Census Tract 9680, Windham County, Vermont","11","5","6"
"1000000US500259680003051","Block 3051, Block Group 3, Census Tract 9680, Windham County, Vermont","15","9","6"
"1000000US500259680003052","Block 3052, Block Group 3, Census Tract 9680, Windham County, Vermont","2","1","1"
"1000000US500259680003053","Block 3053, Block Group 3, Census Tract 9680, Windham County, Vermont","0","0","0"
"1000000US500259680003054","Block 3054, Block Group 3, Census Tract 9680, Windham County, Vermont","20","13","7"
"1000000US500259680003055","Block 3055, Block Group 3, Census Tract 9680, Windham County, Vermont","2","1","1"
"1000000US500259681001000","Block 1000, Block Group 1, Census Tract 9681, Windham County, Vermont","9","4","5"
"1000000US500259681001001","Block 1001, Block Group 1, Census Tract 9681, Windham County, Vermont","0","0","0"
"1000000US500259681001002","Block 1002, Block Group 1, Census Tract 9681, Windham County, Vermont","67","31","36"
"1000000US500259681001003","Block 1003, Block Group 1, Census Tract 9681, Windham County, Vermont","0","0","0"
"1000000US500259681001004","Block 1004, Block Group 1, Census Tract 9681, Windham County, Vermont","2","1","1"
"1000000US500259681001005","Block 1005, Block Group 1, Census Tract 9681, Windham County, Vermont","0","0","0"
"1000000US500259681001006","Block 1006, Block Group 1, Census Tract 9681, Windham County, Vermont","20","17","3"
"1000000US500259681001007","Block 1007, Block Group 1, Census Tract 9681, Windham County, Vermont","1","1","0"
"1000000US500259681001008","Block 1008, Block Group 1, Census Tract 9681, Windham County, Vermont","34","27","7"
"1000000US500259681001009","Block 1009, Block Group 1, Census Tract 9681, Windham County, Vermont","0","0","0"
"1000000US500259681001010","Block 1010, Block Group 1, Census Tract 9681, Windham County, Vermont","20","18","2"
"1000000US500259681001011","Block 1011, Block Group 1, Census Tract 9681, Windham County, Vermont","17","11","6"
"1000000US500259681001012","Block 1012, Block Group 1, Census Tract 9681, Windham County, Vermont","26","21","5"
"1000000US500259681001013","Block 1013, Block Group 1, Census Tract 9681, Windham County, Vermont","0","0","0"
"1000000US500259681001014","Block 1014, Block Group 1, Census Tract 9681, Windham County, Vermont","4","3","1"
"1000000US500259681001015","Block 1015, Block Group 1, Census Tract 9681, Windham County, Vermont","1","1","0"
"1000000US500259681001016","Block 1016, Block Group 1, Census Tract 9681, Windham County, Vermont","2","1","1"
"1000000US500259681001017","Block 1017, Block Group 1, Census Tract 9681, Windham County, Vermont","16","7","9"
"1000000US500259681001018","Block 1018, Block Group 1, Census Tract 9681, Windham County, Vermont","1","0","1"
"1000000US500259681001019","Block 1019, Block Group 1, Census Tract 9681, Windham County, Vermont","1","1","0"
"1000000US500259681001020","Block 1020, Block Group 1, Census Tract 9681, Windham County, Vermont","3","3","0"
"1000000US500259681001021","Block 1021, Block Group 1, Census Tract 9681, Windham County, Vermont","1","0","1"
"1000000US500259681001022","Block 1022, Block Group 1, Census Tract 9681, Windham County, Vermont","0","0","0"
"1000000US500259681001023","Block 1023, Block Group 1, Census Tract 9681, Windham County, Vermont","9","8","1"
"1000000US500259681001024","Block 1024, Block Group 1, Census Tract 9681, Windham County, Vermont","0","0","0"
"1000000US500259681001025","Block 1025, Block Group 1, Census Tract 9681, Windham County, Vermont","8","3","5"
"1000000US500259681001026","Block 1026, Block Group 1, Census Tract 9681, Windham County, Vermont","1","1","0"
"1000000US500259681001027","Block 1027, Block Group 1, Census Tract 9681, Windham County, Vermont","2","2","0"
"1000000US500259681001028","Block 1028, Block Group 1, Census Tract 9681, Windham County, Vermont","13","10","3"
"1000000US500259681001029","Block 1029, Block Group 1, Census Tract 9681, Windham County, Vermont","0","0","0"
"1000000US500259681001030","Block 1030, Block Group 1, Census Tract 9681, Windham County, Vermont","2","2","0"
"1000000US500259681001031","Block 1031, Block Group 1, Census Tract 9681, Windham County, Vermont","0","0","0"
"1000000US500259681001032","Block 1032, Block Group 1, Census Tract 9681, Windham County, Vermont","0","0","0"
"1000000US500259681001033","Block 1033, Block Group 1, Census Tract 9681, Windham County, Vermont","1","1","0"
"1000000US500259681001034","Block 1034, Block Group 1, Census Tract 9681, Windham County, Vermont","2","2","0"
"1000000US500259681001035","Block 1035, Block Group 1, Census Tract 9681, Windham County, Vermont","29","21","8"
"1000000US500259681001036","Block 1036, Block Group 1, Census Tract 9681, Windham County, Vermont","9","9","0"
"1000000US500259681001037","Block 1037, Block Group 1, Census Tract 9681, Windham County, Vermont","7","7","0"
"1000000US500259681001038","Block 1038, Block Group 1, Census Tract 9681, Windham County, Vermont","1","1","0"
"1000000US500259681001039","Block 1039, Block Group 1, Census Tract 9681, Windham County, Vermont","16","12","4"
"1000000US500259681001040","Block 1040, Block Group 1, Census Tract 9681, Windham County, Vermont","15","13","2"
"1000000US500259681001041","Block 1041, Block Group 1, Census Tract 9681, Windham County, Vermont","0","0","0"
"1000000US500259681001042","Block 1042, Block Group 1, Census Tract 9681, Windham County, Vermont","5","5","0"
"1000000US500259681001043","Block 1043, Block Group 1, Census Tract 9681, Windham County, Vermont","0","0","0"
"1000000US500259681001044","Block 1044, Block Group 1, Census Tract 9681, Windham County, Vermont","37","23","14"
"1000000US500259681001045","Block 1045, Block Group 1, Census Tract 9681, Windham County, Vermont","18","14","4"
"1000000US500259681001046","Block 1046, Block Group 1, Census Tract 9681, Windham County, Vermont","3","1","2"
"1000000US500259681001047","Block 1047, Block Group 1, Census Tract 9681, Windham County, Vermont","5","3","2"
"1000000US500259681001048","Block 1048, Block Group 1, Census Tract 9681, Windham County, Vermont","0","0","0"
"1000000US500259681001049","Block 1049, Block Group 1, Census Tract 9681, Windham County, Vermont","14","7","7"
"1000000US500259681001050","Block 1050, Block Group 1, Census Tract 9681, Windham County, Vermont","21","11","10"
"1000000US500259681001051","Block 1051, Block Group 1, Census Tract 9681, Windham County, Vermont","9","3","6"
"1000000US500259681001052","Block 1052, Block Group 1, Census Tract 9681, Windham County, Vermont","7","2","5"
"1000000US500259681001053","Block 1053, Block Group 1, Census Tract 9681, Windham County, Vermont","2","2","0"
"1000000US500259681001054","Block 1054, Block Group 1, Census Tract 9681, Windham County, Vermont","9","5","4"
"1000000US500259681001055","Block 1055, Block Group 1, Census Tract 9681, Windham County, Vermont","1","0","1"
"1000000US500259681001056","Block 1056, Block Group 1, Census Tract 9681, Windham County, Vermont","10","6","4"
"1000000US500259681002000","Block 2000, Block Group 2, Census Tract 9681, Windham County, Vermont","1","1","0"
"1000000US500259681002001","Block 2001, Block Group 2, Census Tract 9681, Windham County, Vermont","14","3","11"
"1000000US500259681002002","Block 2002, Block Group 2, Census Tract 9681, Windham County, Vermont","0","0","0"
"1000000US500259681002003","Block 2003, Block Group 2, Census Tract 9681, Windham County, Vermont","31","18","13"
"1000000US500259681002004","Block 2004, Block Group 2, Census Tract 9681, Windham County, Vermont","1","0","1"
"1000000US500259681002005","Block 2005, Block Group 2, Census Tract 9681, Windham County, Vermont","0","0","0"
"1000000US500259681002006","Block 2006, Block Group 2, Census Tract 9681, Windham County, Vermont","40","27","13"
"1000000US500259681002007","Block 2007, Block Group 2, Census Tract 9681, Windham County, Vermont","0","0","0"
"1000000US500259681002008","Block 2008, Block Group 2, Census Tract 9681, Windham County, Vermont","16","14","2"
"1000000US500259681002009","Block 2009, Block Group 2, Census Tract 9681, Windham County, Vermont","0","0","0"
"1000000US500259681002010","Block 2010, Block Group 2, Census Tract 9681, Windham County, Vermont","14","14","0"
"1000000US500259681002011","Block 2011, Block Group 2, Census Tract 9681, Windham County, Vermont","0","0","0"
"1000000US500259681002012","Block 2012, Block Group 2, Census Tract 9681, Windham County, Vermont","0","0","0"
"1000000US500259681002013","Block 2013, Block Group 2, Census Tract 9681, Windham County, Vermont","0","0","0"
"1000000US500259681002014","Block 2014, Block Group 2, Census Tract 9681, Windham County, Vermont","0","0","0"
"1000000US500259681002015","Block 2015, Block Group 2, Census Tract 9681, Windham County, Vermont","0","0","0"
"1000000US500259681002016","Block 2016, Block Group 2, Census Tract 9681, Windham County, Vermont","0","0","0"
"1000000US500259681002017","Block 2017, Block Group 2, Census Tract 9681, Windham County, Vermont","0","0","0"
"1000000US500259681002018","Block 2018, Block Group 2, Census Tract 9681, Windham County, Vermont","0","0","0"
"1000000US500259681002019","Block 2019, Block Group 2, Census Tract 9681, Windham County, Vermont","0","0","0"
"1000000US500259681002020","Block 2020, Block Group 2, Census Tract 9681, Windham County, Vermont","0","0","0"
"1000000US500259681002021","Block 2021, Block Group 2, Census Tract 9681, Windham County, Vermont","21","11","10"
"1000000US500259681002022","Block 2022, Block Group 2, Census Tract 9681, Windham County, Vermont","0","0","0"
"1000000US500259681002023","Block 2023, Block Group 2, Census Tract 9681, Windham County, Vermont","1","0","1"
"1000000US500259681002024","Block 2024, Block Group 2, Census Tract 9681, Windham County, Vermont","1","1","0"
"1000000US500259681002025","Block 2025, Block Group 2, Census Tract 9681, Windham County, Vermont","0","0","0"
"1000000US500259681002026","Block 2026, Block Group 2, Census Tract 9681, Windham County, Vermont","0","0","0"
"1000000US500259681002027","Block 2027, Block Group 2, Census Tract 9681, Windham County, Vermont","0","0","0"
"1000000US500259681002028","Block 2028, Block Group 2, Census Tract 9681, Windham County, Vermont","0","0","0"
"1000000US500259681002029","Block 2029, Block Group 2, Census Tract 9681, Windham County, Vermont","10","7","3"
"1000000US500259681002030","Block 2030, Block Group 2, Census Tract 9681, Windham County, Vermont","0","0","0"
"1000000US500259681002031","Block 2031, Block Group 2, Census Tract 9681, Windham County, Vermont","67","24","43"
"1000000US500259681002032","Block 2032, Block Group 2, Census Tract 9681, Windham County, Vermont","0","0","0"
"1000000US500259681002033","Block 2033, Block Group 2, Census Tract 9681, Windham County, Vermont","0","0","0"
"1000000US500259681002034","Block 2034, Block Group 2, Census Tract 9681, Windham County, Vermont","0","0","0"
"1000000US500259681002035","Block 2035, Block Group 2, Census Tract 9681, Windham County, Vermont","0","0","0"
"1000000US500259681002036","Block 2036, Block Group 2, Census Tract 9681, Windham County, Vermont","0","0","0"
"1000000US500259681002037","Block 2037, Block Group 2, Census Tract 9681, Windham County, Vermont","25","18","7"
"1000000US500259681002038","Block 2038, Block Group 2, Census Tract 9681, Windham County, Vermont","22","18","4"
"1000000US500259681002039","Block 2039, Block Group 2, Census Tract 9681, Windham County, Vermont","59","35","24"
"1000000US500259681002040","Block 2040, Block Group 2, Census Tract 9681, Windham County, Vermont","16","14","2"
"1000000US500259681002041","Block 2041, Block Group 2, Census Tract 9681, Windham County, Vermont","0","0","0"
"1000000US500259681002042","Block 2042, Block Group 2, Census Tract 9681, Windham County, Vermont","0","0","0"
"1000000US500259681002043","Block 2043, Block Group 2, Census Tract 9681, Windham County, Vermont","22","13","9"
"1000000US500259681002044","Block 2044, Block Group 2, Census Tract 9681, Windham County, Vermont","15","6","9"
"1000000US500259681002045","Block 2045, Block Group 2, Census Tract 9681, Windham County, Vermont","0","0","0"
"1000000US500259681002046","Block 2046, Block Group 2, Census Tract 9681, Windham County, Vermont","12","6","6"
"1000000US500259681002047","Block 2047, Block Group 2, Census Tract 9681, Windham County, Vermont","6","4","2"
"1000000US500259681002048","Block 2048, Block Group 2, Census Tract 9681, Windham County, Vermont","4","0","4"
"1000000US500259681002049","Block 2049, Block Group 2, Census Tract 9681, Windham County, Vermont","1","0","1"
"1000000US500259681002050","Block 2050, Block Group 2, Census Tract 9681, Windham County, Vermont","0","0","0"
"1000000US500259681002051","Block 2051, Block Group 2, Census Tract 9681, Windham County, Vermont","0","0","0"
"1000000US500259681002052","Block 2052, Block Group 2, Census Tract 9681, Windham County, Vermont","0","0","0"
"1000000US500259681002053","Block 2053, Block Group 2, Census Tract 9681, Windham County, Vermont","0","0","0"
"1000000US500259681002054","Block 2054, Block Group 2, Census Tract 9681, Windham County, Vermont","0","0","0"
"1000000US500259681002055","Block 2055, Block Group 2, Census Tract 9681, Windham County, Vermont","0","0","0"
"1000000US500259681002056","Block 2056, Block Group 2, Census Tract 9681, Windham County, Vermont","0","0","0"
"1000000US500259681002057","Block 2057, Block Group 2, Census Tract 9681, Windham County, Vermont","0","0","0"
"1000000US500259681002058","Block 2058, Block Group 2, Census Tract 9681, Windham County, Vermont","0","0","0"
"1000000US500259681002059","Block 2059, Block Group 2, Census Tract 9681, Windham County, Vermont","0","0","0"
"1000000US500259681002060","Block 2060, Block Group 2, Census Tract 9681, Windham County, Vermont","0","0","0"
"1000000US500259681002061","Block 2061, Block Group 2, Census Tract 9681, Windham County, Vermont","4","2","2"
"1000000US500259681002062","Block 2062, Block Group 2, Census Tract 9681, Windham County, Vermont","0","0","0"
"1000000US500259681002063","Block 2063, Block Group 2, Census Tract 9681, Windham County, Vermont","2","1","1"
"1000000US500259681002064","Block 2064, Block Group 2, Census Tract 9681, Windham County, Vermont","32","16","16"
"1000000US500259681002065","Block 2065, Block Group 2, Census Tract 9681, Windham County, Vermont","0","0","0"
"1000000US500259681002066","Block 2066, Block Group 2, Census Tract 9681, Windham County, Vermont","0","0","0"
"1000000US500259681002067","Block 2067, Block Group 2, Census Tract 9681, Windham County, Vermont","0","0","0"
"1000000US500259682001000","Block 1000, Block Group 1, Census Tract 9682, Windham County, Vermont","1","1","0"
"1000000US500259682001001","Block 1001, Block Group 1, Census Tract 9682, Windham County, Vermont","2","1","1"
"1000000US500259682001002","Block 1002, Block Group 1, Census Tract 9682, Windham County, Vermont","11","8","3"
"1000000US500259682001003","Block 1003, Block Group 1, Census Tract 9682, Windham County, Vermont","30","18","12"
"1000000US500259682001004","Block 1004, Block Group 1, Census Tract 9682, Windham County, Vermont","0","0","0"
"1000000US500259682001005","Block 1005, Block Group 1, Census Tract 9682, Windham County, Vermont","1","1","0"
"1000000US500259682001006","Block 1006, Block Group 1, Census Tract 9682, Windham County, Vermont","2","1","1"
"1000000US500259682001007","Block 1007, Block Group 1, Census Tract 9682, Windham County, Vermont","1","1","0"
"1000000US500259682001008","Block 1008, Block Group 1, Census Tract 9682, Windham County, Vermont","0","0","0"
"1000000US500259682001009","Block 1009, Block Group 1, Census Tract 9682, Windham County, Vermont","4","2","2"
"1000000US500259682001010","Block 1010, Block Group 1, Census Tract 9682, Windham County, Vermont","0","0","0"
"1000000US500259682001011","Block 1011, Block Group 1, Census Tract 9682, Windham County, Vermont","0","0","0"
"1000000US500259682001012","Block 1012, Block Group 1, Census Tract 9682, Windham County, Vermont","0","0","0"
"1000000US500259682001013","Block 1013, Block Group 1, Census Tract 9682, Windham County, Vermont","6","6","0"
"1000000US500259682001014","Block 1014, Block Group 1, Census Tract 9682, Windham County, Vermont","2","1","1"
"1000000US500259682001015","Block 1015, Block Group 1, Census Tract 9682, Windham County, Vermont","11","6","5"
"1000000US500259682001016","Block 1016, Block Group 1, Census Tract 9682, Windham County, Vermont","0","0","0"
"1000000US500259682001017","Block 1017, Block Group 1, Census Tract 9682, Windham County, Vermont","5","5","0"
"1000000US500259682001018","Block 1018, Block Group 1, Census Tract 9682, Windham County, Vermont","2","1","1"
"1000000US500259682001019","Block 1019, Block Group 1, Census Tract 9682, Windham County, Vermont","93","63","30"
"1000000US500259682001020","Block 1020, Block Group 1, Census Tract 9682, Windham County, Vermont","0","0","0"
"1000000US500259682001021","Block 1021, Block Group 1, Census Tract 9682, Windham County, Vermont","1","0","1"
"1000000US500259682001022","Block 1022, Block Group 1, Census Tract 9682, Windham County, Vermont","0","0","0"
"1000000US500259682001023","Block 1023, Block Group 1, Census Tract 9682, Windham County, Vermont","8","3","5"
"1000000US500259682001024","Block 1024, Block Group 1, Census Tract 9682, Windham County, Vermont","9","7","2"
"1000000US500259682001025","Block 1025, Block Group 1, Census Tract 9682, Windham County, Vermont","0","0","0"
"1000000US500259682001026","Block 1026, Block Group 1, Census Tract 9682, Windham County, Vermont","55","31","24"
"1000000US500259682001027","Block 1027, Block Group 1, Census Tract 9682, Windham County, Vermont","1","1","0"
"1000000US500259682001028","Block 1028, Block Group 1, Census Tract 9682, Windham County, Vermont","26","13","13"
"1000000US500259682001029","Block 1029, Block Group 1, Census Tract 9682, Windham County, Vermont","0","0","0"
"1000000US500259682001030","Block 1030, Block Group 1, Census Tract 9682, Windham County, Vermont","14","7","7"
"1000000US500259682001031","Block 1031, Block Group 1, Census Tract 9682, Windham County, Vermont","0","0","0"
"1000000US500259682001032","Block 1032, Block Group 1, Census Tract 9682, Windham County, Vermont","0","0","0"
"1000000US500259682001033","Block 1033, Block Group 1, Census Tract 9682, Windham County, Vermont","2","2","0"
"1000000US500259682001034","Block 1034, Block Group 1, Census Tract 9682, Windham County, Vermont","5","2","3"
"1000000US500259682001035","Block 1035, Block Group 1, Census Tract 9682, Windham County, Vermont","1","0","1"
"1000000US500259682001036","Block 1036, Block Group 1, Census Tract 9682, Windham County, Vermont","0","0","0"
"1000000US500259682001037","Block 1037, Block Group 1, Census Tract 9682, Windham County, Vermont","20","14","6"
"1000000US500259682001038","Block 1038, Block Group 1, Census Tract 9682, Windham County, Vermont","12","8","4"
"1000000US500259682001039","Block 1039, Block Group 1, Census Tract 9682, Windham County, Vermont","11","9","2"
"1000000US500259682001040","Block 1040, Block Group 1, Census Tract 9682, Windham County, Vermont","19","12","7"
"1000000US500259682001041","Block 1041, Block Group 1, Census Tract 9682, Windham County, Vermont","0","0","0"
"1000000US500259682001042","Block 1042, Block Group 1, Census Tract 9682, Windham County, Vermont","14","9","5"
"1000000US500259682001043","Block 1043, Block Group 1, Census Tract 9682, Windham County, Vermont","5","4","1"
"1000000US500259682001044","Block 1044, Block Group 1, Census Tract 9682, Windham County, Vermont","0","0","0"
"1000000US500259682001045","Block 1045, Block Group 1, Census Tract 9682, Windham County, Vermont","19","14","5"
"1000000US500259682001046","Block 1046, Block Group 1, Census Tract 9682, Windham County, Vermont","1","0","1"
"1000000US500259682001047","Block 1047, Block Group 1, Census Tract 9682, Windham County, Vermont","11","7","4"
"1000000US500259682001048","Block 1048, Block Group 1, Census Tract 9682, Windham County, Vermont","0","0","0"
"1000000US500259682001049","Block 1049, Block Group 1, Census Tract 9682, Windham County, Vermont","28","22","6"
"1000000US500259682001050","Block 1050, Block Group 1, Census Tract 9682, Windham County, Vermont","0","0","0"
"1000000US500259682001051","Block 1051, Block Group 1, Census Tract 9682, Windham County, Vermont","5","4","1"
"1000000US500259682001052","Block 1052, Block Group 1, Census Tract 9682, Windham County, Vermont","0","0","0"
"1000000US500259682001053","Block 1053, Block Group 1, Census Tract 9682, Windham County, Vermont","0","0","0"
"1000000US500259682001054","Block 1054, Block Group 1, Census Tract 9682, Windham County, Vermont","6","4","2"
"1000000US500259682001055","Block 1055, Block Group 1, Census Tract 9682, Windham County, Vermont","16","16","0"
"1000000US500259682001056","Block 1056, Block Group 1, Census Tract 9682, Windham County, Vermont","0","0","0"
"1000000US500259682001057","Block 1057, Block Group 1, Census Tract 9682, Windham County, Vermont","5","1","4"
"1000000US500259682001058","Block 1058, Block Group 1, Census Tract 9682, Windham County, Vermont","15","8","7"
"1000000US500259682001059","Block 1059, Block Group 1, Census Tract 9682, Windham County, Vermont","5","1","4"
"1000000US500259682001060","Block 1060, Block Group 1, Census Tract 9682, Windham County, Vermont","8","2","6"
"1000000US500259682001061","Block 1061, Block Group 1, Census Tract 9682, Windham County, Vermont","7","1","6"
"1000000US500259682001062","Block 1062, Block Group 1, Census Tract 9682, Windham County, Vermont","0","0","0"
"1000000US500259682001063","Block 1063, Block Group 1, Census Tract 9682, Windham County, Vermont","4","2","2"
"1000000US500259682001064","Block 1064, Block Group 1, Census Tract 9682, Windham County, Vermont","0","0","0"
"1000000US500259682001065","Block 1065, Block Group 1, Census Tract 9682, Windham County, Vermont","18","3","15"
"1000000US500259682001066","Block 1066, Block Group 1, Census Tract 9682, Windham County, Vermont","0","0","0"
"1000000US500259682001067","Block 1067, Block Group 1, Census Tract 9682, Windham County, Vermont","9","3","6"
"1000000US500259682001068","Block 1068, Block Group 1, Census Tract 9682, Windham County, Vermont","0","0","0"
"1000000US500259682001069","Block 1069, Block Group 1, Census Tract 9682, Windham County, Vermont","0","0","0"
"1000000US500259682001070","Block 1070, Block Group 1, Census Tract 9682, Windham County, Vermont","10","5","5"
"1000000US500259682001071","Block 1071, Block Group 1, Census Tract 9682, Windham County, Vermont","0","0","0"
"1000000US500259682001072","Block 1072, Block Group 1, Census Tract 9682, Windham County, Vermont","1","0","1"
"1000000US500259682001073","Block 1073, Block Group 1, Census Tract 9682, Windham County, Vermont","0","0","0"
"1000000US500259682002000","Block 2000, Block Group 2, Census Tract 9682, Windham County, Vermont","81","55","26"
"1000000US500259682002001","Block 2001, Block Group 2, Census Tract 9682, Windham County, Vermont","0","0","0"
"1000000US500259682002002","Block 2002, Block Group 2, Census Tract 9682, Windham County, Vermont","0","0","0"
"1000000US500259682002003","Block 2003, Block Group 2, Census Tract 9682, Windham County, Vermont","0","0","0"
"1000000US500259682002004","Block 2004, Block Group 2, Census Tract 9682, Windham County, Vermont","0","0","0"
"1000000US500259682002005","Block 2005, Block Group 2, Census Tract 9682, Windham County, Vermont","0","0","0"
"1000000US500259682002006","Block 2006, Block Group 2, Census Tract 9682, Windham County, Vermont","1","1","0"
"1000000US500259682002007","Block 2007, Block Group 2, Census Tract 9682, Windham County, Vermont","2","1","1"
"1000000US500259682002008","Block 2008, Block Group 2, Census Tract 9682, Windham County, Vermont","18","15","3"
"1000000US500259682002009","Block 2009, Block Group 2, Census Tract 9682, Windham County, Vermont","2","1","1"
"1000000US500259682002010","Block 2010, Block Group 2, Census Tract 9682, Windham County, Vermont","0","0","0"
"1000000US500259682002011","Block 2011, Block Group 2, Census Tract 9682, Windham County, Vermont","13","10","3"
"1000000US500259682002012","Block 2012, Block Group 2, Census Tract 9682, Windham County, Vermont","24","20","4"
"1000000US500259682002013","Block 2013, Block Group 2, Census Tract 9682, Windham County, Vermont","2","2","0"
"1000000US500259682002014","Block 2014, Block Group 2, Census Tract 9682, Windham County, Vermont","1","1","0"
"1000000US500259682002015","Block 2015, Block Group 2, Census Tract 9682, Windham County, Vermont","4","4","0"
"1000000US500259682002016","Block 2016, Block Group 2, Census Tract 9682, Windham County, Vermont","3","3","0"
"1000000US500259682002017","Block 2017, Block Group 2, Census Tract 9682, Windham County, Vermont","7","6","1"
"1000000US500259682002018","Block 2018, Block Group 2, Census Tract 9682, Windham County, Vermont","0","0","0"
"1000000US500259682002019","Block 2019, Block Group 2, Census Tract 9682, Windham County, Vermont","14","2","12"
"1000000US500259682002020","Block 2020, Block Group 2, Census Tract 9682, Windham County, Vermont","0","0","0"
"1000000US500259682002021","Block 2021, Block Group 2, Census Tract 9682, Windham County, Vermont","1","1","0"
"1000000US500259682002022","Block 2022, Block Group 2, Census Tract 9682, Windham County, Vermont","36","21","15"
"1000000US500259682002023","Block 2023, Block Group 2, Census Tract 9682, Windham County, Vermont","8","4","4"
"1000000US500259682002024","Block 2024, Block Group 2, Census Tract 9682, Windham County, Vermont","21","17","4"
"1000000US500259682002025","Block 2025, Block Group 2, Census Tract 9682, Windham County, Vermont","4","4","0"
"1000000US500259682002026","Block 2026, Block Group 2, Census Tract 9682, Windham County, Vermont","2","0","2"
"1000000US500259682002027","Block 2027, Block Group 2, Census Tract 9682, Windham County, Vermont","9","8","1"
"1000000US500259682002028","Block 2028, Block Group 2, Census Tract 9682, Windham County, Vermont","0","0","0"
"1000000US500259682002029","Block 2029, Block Group 2, Census Tract 9682, Windham County, Vermont","0","0","0"
"1000000US500259682002030","Block 2030, Block Group 2, Census Tract 9682, Windham County, Vermont","18","14","4"
"1000000US500259682002031","Block 2031, Block Group 2, Census Tract 9682, Windham County, Vermont","16","10","6"
"1000000US500259682002032","Block 2032, Block Group 2, Census Tract 9682, Windham County, Vermont","4","1","3"
"1000000US500259682002033","Block 2033, Block Group 2, Census Tract 9682, Windham County, Vermont","17","14","3"
"1000000US500259682002034","Block 2034, Block Group 2, Census Tract 9682, Windham County, Vermont","34","26","8"
"1000000US500259682002035","Block 2035, Block Group 2, Census Tract 9682, Windham County, Vermont","0","0","0"
"1000000US500259682002036","Block 2036, Block Group 2, Census Tract 9682, Windham County, Vermont","3","2","1"
"1000000US500259682002037","Block 2037, Block Group 2, Census Tract 9682, Windham County, Vermont","0","0","0"
"1000000US500259682002038","Block 2038, Block Group 2, Census Tract 9682, Windham County, Vermont","52","34","18"
"1000000US500259682002039","Block 2039, Block Group 2, Census Tract 9682, Windham County, Vermont","0","0","0"
"1000000US500259682002040","Block 2040, Block Group 2, Census Tract 9682, Windham County, Vermont","0","0","0"
"1000000US500259682002041","Block 2041, Block Group 2, Census Tract 9682, Windham County, Vermont","1","1","0"
"1000000US500259682002042","Block 2042, Block Group 2, Census Tract 9682, Windham County, Vermont","0","0","0"
"1000000US500259682002043","Block 2043, Block Group 2, Census Tract 9682, Windham County, Vermont","39","32","7"
"1000000US500259682002044","Block 2044, Block Group 2, Census Tract 9682, Windham County, Vermont","0","0","0"
"1000000US500259682002045","Block 2045, Block Group 2, Census Tract 9682, Windham County, Vermont","4","4","0"
"1000000US500259682002046","Block 2046, Block Group 2, Census Tract 9682, Windham County, Vermont","1","1","0"
"1000000US500259682002047","Block 2047, Block Group 2, Census Tract 9682, Windham County, Vermont","10","10","0"
"1000000US500259682002048","Block 2048, Block Group 2, Census Tract 9682, Windham County, Vermont","0","0","0"
"1000000US500259682002049","Block 2049, Block Group 2, Census Tract 9682, Windham County, Vermont","0","0","0"
"1000000US500259682002050","Block 2050, Block Group 2, Census Tract 9682, Windham County, Vermont","11","8","3"
"1000000US500259682002051","Block 2051, Block Group 2, Census Tract 9682, Windham County, Vermont","0","0","0"
"1000000US500259682002052","Block 2052, Block Group 2, Census Tract 9682, Windham County, Vermont","6","4","2"
"1000000US500259682002053","Block 2053, Block Group 2, Census Tract 9682, Windham County, Vermont","0","0","0"
"1000000US500259682002054","Block 2054, Block Group 2, Census Tract 9682, Windham County, Vermont","0","0","0"
"1000000US500259682002055","Block 2055, Block Group 2, Census Tract 9682, Windham County, Vermont","2","2","0"
"1000000US500259682002056","Block 2056, Block Group 2, Census Tract 9682, Windham County, Vermont","7","5","2"
"1000000US500259682002057","Block 2057, Block Group 2, Census Tract 9682, Windham County, Vermont","2","2","0"
"1000000US500259682002058","Block 2058, Block Group 2, Census Tract 9682, Windham County, Vermont","0","0","0"
"1000000US500259682002059","Block 2059, Block Group 2, Census Tract 9682, Windham County, Vermont","1","0","1"
"1000000US500259682002060","Block 2060, Block Group 2, Census Tract 9682, Windham County, Vermont","2","2","0"
"1000000US500259682002061","Block 2061, Block Group 2, Census Tract 9682, Windham County, Vermont","0","0","0"
"1000000US500259682002062","Block 2062, Block Group 2, Census Tract 9682, Windham County, Vermont","0","0","0"
"1000000US500259682002063","Block 2063, Block Group 2, Census Tract 9682, Windham County, Vermont","0","0","0"
"1000000US500259682002064","Block 2064, Block Group 2, Census Tract 9682, Windham County, Vermont","3","1","2"
"1000000US500259682002065","Block 2065, Block Group 2, Census Tract 9682, Windham County, Vermont","9","7","2"
"1000000US500259682002066","Block 2066, Block Group 2, Census Tract 9682, Windham County, Vermont","0","0","0"
"1000000US500259682002067","Block 2067, Block Group 2, Census Tract 9682, Windham County, Vermont","1","1","0"
"1000000US500259682002068","Block 2068, Block Group 2, Census Tract 9682, Windham County, Vermont","0","0","0"
"1000000US500259682002069","Block 2069, Block Group 2, Census Tract 9682, Windham County, Vermont","0","0","0"
"1000000US500259682002070","Block 2070, Block Group 2, Census Tract 9682, Windham County, Vermont","0","0","0"
"1000000US500259682002071","Block 2071, Block Group 2, Census Tract 9682, Windham County, Vermont","0","0","0"
"1000000US500259682002072","Block 2072, Block Group 2, Census Tract 9682, Windham County, Vermont","0","0","0"
"1000000US500259682002073","Block 2073, Block Group 2, Census Tract 9682, Windham County, Vermont","0","0","0"
"1000000US500259682002074","Block 2074, Block Group 2, Census Tract 9682, Windham County, Vermont","1","1","0"
"1000000US500259682002075","Block 2075, Block Group 2, Census Tract 9682, Windham County, Vermont","20","12","8"
"1000000US500259682002076","Block 2076, Block Group 2, Census Tract 9682, Windham County, Vermont","9","8","1"
"1000000US500259683001000","Block 1000, Block Group 1, Census Tract 9683, Windham County, Vermont","5","5","0"
"1000000US500259683001001","Block 1001, Block Group 1, Census Tract 9683, Windham County, Vermont","29","21","8"
"1000000US500259683001002","Block 1002, Block Group 1, Census Tract 9683, Windham County, Vermont","5","4","1"
"1000000US500259683001003","Block 1003, Block Group 1, Census Tract 9683, Windham County, Vermont","0","0","0"
"1000000US500259683001004","Block 1004, Block Group 1, Census Tract 9683, Windham County, Vermont","0","0","0"
"1000000US500259683001005","Block 1005, Block Group 1, Census Tract 9683, Windham County, Vermont","0","0","0"
"1000000US500259683001006","Block 1006, Block Group 1, Census Tract 9683, Windham County, Vermont","5","4","1"
"1000000US500259683001007","Block 1007, Block Group 1, Census Tract 9683, Windham County, Vermont","0","0","0"
"1000000US500259683001008","Block 1008, Block Group 1, Census Tract 9683, Windham County, Vermont","8","7","1"
"1000000US500259683001009","Block 1009, Block Group 1, Census Tract 9683, Windham County, Vermont","4","4","0"
"1000000US500259683001010","Block 1010, Block Group 1, Census Tract 9683, Windham County, Vermont","0","0","0"
"1000000US500259683001011","Block 1011, Block Group 1, Census Tract 9683, Windham County, Vermont","12","9","3"
"1000000US500259683001012","Block 1012, Block Group 1, Census Tract 9683, Windham County, Vermont","55","40","15"
"1000000US500259683001013","Block 1013, Block Group 1, Census Tract 9683, Windham County, Vermont","25","19","6"
"1000000US500259683001014","Block 1014, Block Group 1, Census Tract 9683, Windham County, Vermont","1","0","1"
"1000000US500259683001015","Block 1015, Block Group 1, Census Tract 9683, Windham County, Vermont","0","0","0"
"1000000US500259683001016","Block 1016, Block Group 1, Census Tract 9683, Windham County, Vermont","1","0","1"
"1000000US500259683001017","Block 1017, Block Group 1, Census Tract 9683, Windham County, Vermont","10","9","1"
"1000000US500259683001018","Block 1018, Block Group 1, Census Tract 9683, Windham County, Vermont","49","45","4"
"1000000US500259683001019","Block 1019, Block Group 1, Census Tract 9683, Windham County, Vermont","0","0","0"
"1000000US500259683001020","Block 1020, Block Group 1, Census Tract 9683, Windham County, Vermont","10","8","2"
"1000000US500259683001021","Block 1021, Block Group 1, Census Tract 9683, Windham County, Vermont","0","0","0"
"1000000US500259683001022","Block 1022, Block Group 1, Census Tract 9683, Windham County, Vermont","0","0","0"
"1000000US500259683001023","Block 1023, Block Group 1, Census Tract 9683, Windham County, Vermont","0","0","0"
"1000000US500259683001024","Block 1024, Block Group 1, Census Tract 9683, Windham County, Vermont","2","2","0"
"1000000US500259683001025","Block 1025, Block Group 1, Census Tract 9683, Windham County, Vermont","0","0","0"
"1000000US500259683001026","Block 1026, Block Group 1, Census Tract 9683, Windham County, Vermont","19","13","6"
"1000000US500259683001027","Block 1027, Block Group 1, Census Tract 9683, Windham County, Vermont","0","0","0"
"1000000US500259683001028","Block 1028, Block Group 1, Census Tract 9683, Windham County, Vermont","11","10","1"
"1000000US500259683001029","Block 1029, Block Group 1, Census Tract 9683, Windham County, Vermont","14","10","4"
"1000000US500259683001030","Block 1030, Block Group 1, Census Tract 9683, Windham County, Vermont","65","54","11"
"1000000US500259683001031","Block 1031, Block Group 1, Census Tract 9683, Windham County, Vermont","0","0","0"
"1000000US500259683001032","Block 1032, Block Group 1, Census Tract 9683, Windham County, Vermont","0","0","0"
"1000000US500259683001033","Block 1033, Block Group 1, Census Tract 9683, Windham County, Vermont","6","6","0"
"1000000US500259683001034","Block 1034, Block Group 1, Census Tract 9683, Windham County, Vermont","6","6","0"
"1000000US500259683001035","Block 1035, Block Group 1, Census Tract 9683, Windham County, Vermont","27","23","4"
"1000000US500259683001036","Block 1036, Block Group 1, Census Tract 9683, Windham County, Vermont","4","4","0"
"1000000US500259683001037","Block 1037, Block Group 1, Census Tract 9683, Windham County, Vermont","1","0","1"
"1000000US500259683001038","Block 1038, Block Group 1, Census Tract 9683, Windham County, Vermont","5","3","2"
"1000000US500259683001039","Block 1039, Block Group 1, Census Tract 9683, Windham County, Vermont","2","2","0"
"1000000US500259683001040","Block 1040, Block Group 1, Census Tract 9683, Windham County, Vermont","0","0","0"
"1000000US500259683001041","Block 1041, Block Group 1, Census Tract 9683, Windham County, Vermont","0","0","0"
"1000000US500259683001042","Block 1042, Block Group 1, Census Tract 9683, Windham County, Vermont","12","11","1"
"1000000US500259683001043","Block 1043, Block Group 1, Census Tract 9683, Windham County, Vermont","1","0","1"
"1000000US500259683001044","Block 1044, Block Group 1, Census Tract 9683, Windham County, Vermont","20","19","1"
"1000000US500259683001045","Block 1045, Block Group 1, Census Tract 9683, Windham County, Vermont","1","1","0"
"1000000US500259683001046","Block 1046, Block Group 1, Census Tract 9683, Windham County, Vermont","0","0","0"
"1000000US500259683001047","Block 1047, Block Group 1, Census Tract 9683, Windham County, Vermont","0","0","0"
"1000000US500259683001048","Block 1048, Block Group 1, Census Tract 9683, Windham County, Vermont","3","1","2"
"1000000US500259683001049","Block 1049, Block Group 1, Census Tract 9683, Windham County, Vermont","0","0","0"
"1000000US500259683001050","Block 1050, Block Group 1, Census Tract 9683, Windham County, Vermont","6","5","1"
"1000000US500259683001051","Block 1051, Block Group 1, Census Tract 9683, Windham County, Vermont","18","17","1"
"1000000US500259683001052","Block 1052, Block Group 1, Census Tract 9683, Windham County, Vermont","0","0","0"
"1000000US500259683001053","Block 1053, Block Group 1, Census Tract 9683, Windham County, Vermont","0","0","0"
"1000000US500259683001054","Block 1054, Block Group 1, Census Tract 9683, Windham County, Vermont","14","11","3"
"1000000US500259683001055","Block 1055, Block Group 1, Census Tract 9683, Windham County, Vermont","0","0","0"
"1000000US500259683001056","Block 1056, Block Group 1, Census Tract 9683, Windham County, Vermont","0","0","0"
"1000000US500259683001057","Block 1057, Block Group 1, Census Tract 9683, Windham County, Vermont","14","10","4"
"1000000US500259683001058","Block 1058, Block Group 1, Census Tract 9683, Windham County, Vermont","0","0","0"
"1000000US500259683001059","Block 1059, Block Group 1, Census Tract 9683, Windham County, Vermont","2","1","1"
"1000000US500259683001060","Block 1060, Block Group 1, Census Tract 9683, Windham County, Vermont","0","0","0"
"1000000US500259683001061","Block 1061, Block Group 1, Census Tract 9683, Windham County, Vermont","0","0","0"
"1000000US500259683001062","Block 1062, Block Group 1, Census Tract 9683, Windham County, Vermont","0","0","0"
"1000000US500259683002000","Block 2000, Block Group 2, Census Tract 9683, Windham County, Vermont","0","0","0"
"1000000US500259683002001","Block 2001, Block Group 2, Census Tract 9683, Windham County, Vermont","1","1","0"
"1000000US500259683002002","Block 2002, Block Group 2, Census Tract 9683, Windham County, Vermont","10","9","1"
"1000000US500259683002003","Block 2003, Block Group 2, Census Tract 9683, Windham County, Vermont","16","16","0"
"1000000US500259683002004","Block 2004, Block Group 2, Census Tract 9683, Windham County, Vermont","1","1","0"
"1000000US500259683002005","Block 2005, Block Group 2, Census Tract 9683, Windham County, Vermont","1","1","0"
"1000000US500259683002006","Block 2006, Block Group 2, Census Tract 9683, Windham County, Vermont","0","0","0"
"1000000US500259683002007","Block 2007, Block Group 2, Census Tract 9683, Windham County, Vermont","0","0","0"
"1000000US500259683002008","Block 2008, Block Group 2, Census Tract 9683, Windham County, Vermont","0","0","0"
"1000000US500259683002009","Block 2009, Block Group 2, Census Tract 9683, Windham County, Vermont","3","3","0"
"1000000US500259683002010","Block 2010, Block Group 2, Census Tract 9683, Windham County, Vermont","0","0","0"
"1000000US500259683002011","Block 2011, Block Group 2, Census Tract 9683, Windham County, Vermont","27","26","1"
"1000000US500259683002012","Block 2012, Block Group 2, Census Tract 9683, Windham County, Vermont","0","0","0"
"1000000US500259683002013","Block 2013, Block Group 2, Census Tract 9683, Windham County, Vermont","45","43","2"
"1000000US500259683002014","Block 2014, Block Group 2, Census Tract 9683, Windham County, Vermont","0","0","0"
"1000000US500259683002015","Block 2015, Block Group 2, Census Tract 9683, Windham County, Vermont","8","7","1"
"1000000US500259683002016","Block 2016, Block Group 2, Census Tract 9683, Windham County, Vermont","3","3","0"
"1000000US500259683002017","Block 2017, Block Group 2, Census Tract 9683, Windham County, Vermont","19","16","3"
"1000000US500259683002018","Block 2018, Block Group 2, Census Tract 9683, Windham County, Vermont","13","13","0"
"1000000US500259683002019","Block 2019, Block Group 2, Census Tract 9683, Windham County, Vermont","43","40","3"
"1000000US500259683002020","Block 2020, Block Group 2, Census Tract 9683, Windham County, Vermont","15","13","2"
"1000000US500259683002021","Block 2021, Block Group 2, Census Tract 9683, Windham County, Vermont","5","4","1"
"1000000US500259683002022","Block 2022, Block Group 2, Census Tract 9683, Windham County, Vermont","0","0","0"
"1000000US500259683002023","Block 2023, Block Group 2, Census Tract 9683, Windham County, Vermont","4","4","0"
"1000000US500259683002024","Block 2024, Block Group 2, Census Tract 9683, Windham County, Vermont","4","4","0"
"1000000US500259683002025","Block 2025, Block Group 2, Census Tract 9683, Windham County, Vermont","0","0","0"
"1000000US500259683002026","Block 2026, Block Group 2, Census Tract 9683, Windham County, Vermont","0","0","0"
"1000000US500259683002027","Block 2027, Block Group 2, Census Tract 9683, Windham County, Vermont","4","3","1"
"1000000US500259683002028","Block 2028, Block Group 2, Census Tract 9683, Windham County, Vermont","0","0","0"
"1000000US500259683002029","Block 2029, Block Group 2, Census Tract 9683, Windham County, Vermont","0","0","0"
"1000000US500259683002030","Block 2030, Block Group 2, Census Tract 9683, Windham County, Vermont","0","0","0"
"1000000US500259683002031","Block 2031, Block Group 2, Census Tract 9683, Windham County, Vermont","0","0","0"
"1000000US500259683002032","Block 2032, Block Group 2, Census Tract 9683, Windham County, Vermont","19","18","1"
"1000000US500259683002033","Block 2033, Block Group 2, Census Tract 9683, Windham County, Vermont","13","11","2"
"1000000US500259683002034","Block 2034, Block Group 2, Census Tract 9683, Windham County, Vermont","0","0","0"
"1000000US500259683002035","Block 2035, Block Group 2, Census Tract 9683, Windham County, Vermont","20","18","2"
"1000000US500259683002036","Block 2036, Block Group 2, Census Tract 9683, Windham County, Vermont","40","40","0"
"1000000US500259683002037","Block 2037, Block Group 2, Census Tract 9683, Windham County, Vermont","13","12","1"
"1000000US500259683002038","Block 2038, Block Group 2, Census Tract 9683, Windham County, Vermont","37","32","5"
"1000000US500259683002039","Block 2039, Block Group 2, Census Tract 9683, Windham County, Vermont","15","15","0"
"1000000US500259683002040","Block 2040, Block Group 2, Census Tract 9683, Windham County, Vermont","8","6","2"
"1000000US500259683002041","Block 2041, Block Group 2, Census Tract 9683, Windham County, Vermont","35","31","4"
"1000000US500259683002042","Block 2042, Block Group 2, Census Tract 9683, Windham County, Vermont","1","1","0"
"1000000US500259683002043","Block 2043, Block Group 2, Census Tract 9683, Windham County, Vermont","22","19","3"
"1000000US500259683002044","Block 2044, Block Group 2, Census Tract 9683, Windham County, Vermont","13","13","0"
"1000000US500259683002045","Block 2045, Block Group 2, Census Tract 9683, Windham County, Vermont","0","0","0"
"1000000US500259683002046","Block 2046, Block Group 2, Census Tract 9683, Windham County, Vermont","17","13","4"
"1000000US500259683002047","Block 2047, Block Group 2, Census Tract 9683, Windham County, Vermont","0","0","0"
"1000000US500259683002048","Block 2048, Block Group 2, Census Tract 9683, Windham County, Vermont","0","0","0"
"1000000US500259683002049","Block 2049, Block Group 2, Census Tract 9683, Windham County, Vermont","0","0","0"
"1000000US500259683002050","Block 2050, Block Group 2, Census Tract 9683, Windham County, Vermont","1","1","0"
"1000000US500259683002051","Block 2051, Block Group 2, Census Tract 9683, Windham County, Vermont","0","0","0"
"1000000US500259683002052","Block 2052, Block Group 2, Census Tract 9683, Windham County, Vermont","2","2","0"
"1000000US500259684001000","Block 1000, Block Group 1, Census Tract 9684, Windham County, Vermont","1","1","0"
"1000000US500259684001001","Block 1001, Block Group 1, Census Tract 9684, Windham County, Vermont","11","10","1"
"1000000US500259684001002","Block 1002, Block Group 1, Census Tract 9684, Windham County, Vermont","0","0","0"
"1000000US500259684001003","Block 1003, Block Group 1, Census Tract 9684, Windham County, Vermont","6","5","1"
"1000000US500259684001004","Block 1004, Block Group 1, Census Tract 9684, Windham County, Vermont","0","0","0"
"1000000US500259684001005","Block 1005, Block Group 1, Census Tract 9684, Windham County, Vermont","5","4","1"
"1000000US500259684001006","Block 1006, Block Group 1, Census Tract 9684, Windham County, Vermont","2","2","0"
"1000000US500259684001007","Block 1007, Block Group 1, Census Tract 9684, Windham County, Vermont","0","0","0"
"1000000US500259684001008","Block 1008, Block Group 1, Census Tract 9684, Windham County, Vermont","1","1","0"
"1000000US500259684001009","Block 1009, Block Group 1, Census Tract 9684, Windham County, Vermont","3","1","2"
"1000000US500259684001010","Block 1010, Block Group 1, Census Tract 9684, Windham County, Vermont","0","0","0"
"1000000US500259684001011","Block 1011, Block Group 1, Census Tract 9684, Windham County, Vermont","17","16","1"
"1000000US500259684001012","Block 1012, Block Group 1, Census Tract 9684, Windham County, Vermont","6","6","0"
"1000000US500259684001013","Block 1013, Block Group 1, Census Tract 9684, Windham County, Vermont","8","8","0"
"1000000US500259684001014","Block 1014, Block Group 1, Census Tract 9684, Windham County, Vermont","3","3","0"
"1000000US500259684001015","Block 1015, Block Group 1, Census Tract 9684, Windham County, Vermont","1","1","0"
"1000000US500259684001016","Block 1016, Block Group 1, Census Tract 9684, Windham County, Vermont","42","39","3"
"1000000US500259684001017","Block 1017, Block Group 1, Census Tract 9684, Windham County, Vermont","1","1","0"
"1000000US500259684001018","Block 1018, Block Group 1, Census Tract 9684, Windham County, Vermont","85","73","12"
"1000000US500259684001019","Block 1019, Block Group 1, Census Tract 9684, Windham County, Vermont","20","17","3"
"1000000US500259684001020","Block 1020, Block Group 1, Census Tract 9684, Windham County, Vermont","4","4","0"
"1000000US500259684001021","Block 1021, Block Group 1, Census Tract 9684, Windham County, Vermont","0","0","0"
"1000000US500259684001022","Block 1022, Block Group 1, Census Tract 9684, Windham County, Vermont","28","20","8"
"1000000US500259684001023","Block 1023, Block Group 1, Census Tract 9684, Windham County, Vermont","12","12","0"
"1000000US500259684001024","Block 1024, Block Group 1, Census Tract 9684, Windham County, Vermont","0","0","0"
"1000000US500259684001025","Block 1025, Block Group 1, Census Tract 9684, Windham County, Vermont","0","0","0"
"1000000US500259684001026","Block 1026, Block Group 1, Census Tract 9684, Windham County, Vermont","0","0","0"
"1000000US500259684001027","Block 1027, Block Group 1, Census Tract 9684, Windham County, Vermont","29","19","10"
"1000000US500259684001028","Block 1028, Block Group 1, Census Tract 9684, Windham County, Vermont","10","7","3"
"1000000US500259684001029","Block 1029, Block Group 1, Census Tract 9684, Windham County, Vermont","205","196","9"
"1000000US500259684001030","Block 1030, Block Group 1, Census Tract 9684, Windham County, Vermont","0","0","0"
"1000000US500259684001031","Block 1031, Block Group 1, Census Tract 9684, Windham County, Vermont","44","42","2"
"1000000US500259684001032","Block 1032, Block Group 1, Census Tract 9684, Windham County, Vermont","10","10","0"
"1000000US500259684001033","Block 1033, Block Group 1, Census Tract 9684, Windham County, Vermont","15","14","1"
"1000000US500259684001034","Block 1034, Block Group 1, Census Tract 9684, Windham County, Vermont","16","14","2"
"1000000US500259684001035","Block 1035, Block Group 1, Census Tract 9684, Windham County, Vermont","20","20","0"
"1000000US500259684001036","Block 1036, Block Group 1, Census Tract 9684, Windham County, Vermont","0","0","0"
"1000000US500259684001037","Block 1037, Block Group 1, Census Tract 9684, Windham County, Vermont","0","0","0"
"1000000US500259684002000","Block 2000, Block Group 2, Census Tract 9684, Windham County, Vermont","18","16","2"
"1000000US500259684002001","Block 2001, Block Group 2, Census Tract 9684, Windham County, Vermont","0","0","0"
"1000000US500259684002002","Block 2002, Block Group 2, Census Tract 9684, Windham County, Vermont","0","0","0"
"1000000US500259684002003","Block 2003, Block Group 2, Census Tract 9684, Windham County, Vermont","20","18","2"
"1000000US500259684002004","Block 2004, Block Group 2, Census Tract 9684, Windham County, Vermont","77","75","2"
"1000000US500259684002005","Block 2005, Block Group 2, Census Tract 9684, Windham County, Vermont","0","0","0"
"1000000US500259684002006","Block 2006, Block Group 2, Census Tract 9684, Windham County, Vermont","0","0","0"
"1000000US500259684002007","Block 2007, Block Group 2, Census Tract 9684, Windham County, Vermont","0","0","0"
"1000000US500259684002008","Block 2008, Block Group 2, Census Tract 9684, Windham County, Vermont","0","0","0"
"1000000US500259684002009","Block 2009, Block Group 2, Census Tract 9684, Windham County, Vermont","52","50","2"
"1000000US500259684002010","Block 2010, Block Group 2, Census Tract 9684, Windham County, Vermont","0","0","0"
"1000000US500259684002011","Block 2011, Block Group 2, Census Tract 9684, Windham County, Vermont","0","0","0"
"1000000US500259684002012","Block 2012, Block Group 2, Census Tract 9684, Windham County, Vermont","46","45","1"
"1000000US500259684002013","Block 2013, Block Group 2, Census Tract 9684, Windham County, Vermont","37","36","1"
"1000000US500259684002014","Block 2014, Block Group 2, Census Tract 9684, Windham County, Vermont","56","55","1"
"1000000US500259684002015","Block 2015, Block Group 2, Census Tract 9684, Windham County, Vermont","15","13","2"
"1000000US500259684002016","Block 2016, Block Group 2, Census Tract 9684, Windham County, Vermont","6","5","1"
"1000000US500259684002017","Block 2017, Block Group 2, Census Tract 9684, Windham County, Vermont","0","0","0"
"1000000US500259684002018","Block 2018, Block Group 2, Census Tract 9684, Windham County, Vermont","18","18","0"
"1000000US500259684002019","Block 2019, Block Group 2, Census Tract 9684, Windham County, Vermont","0","0","0"
"1000000US500259684002020","Block 2020, Block Group 2, Census Tract 9684, Windham County, Vermont","5","5","0"
"1000000US500259684002021","Block 2021, Block Group 2, Census Tract 9684, Windham County, Vermont","6","6","0"
"1000000US500259684002022","Block 2022, Block Group 2, Census Tract 9684, Windham County, Vermont","8","7","1"
"1000000US500259684002023","Block 2023, Block Group 2, Census Tract 9684, Windham County, Vermont","5","5","0"
"1000000US500259684002024","Block 2024, Block Group 2, Census Tract 9684, Windham County, Vermont","5","5","0"
"1000000US500259684002025","Block 2025, Block Group 2, Census Tract 9684, Windham County, Vermont","0","0","0"
"1000000US500259684002026","Block 2026, Block Group 2, Census Tract 9684, Windham County, Vermont","0","0","0"
"1000000US500259684002027","Block 2027, Block Group 2, Census Tract 9684, Windham County, Vermont","0","0","0"
"1000000US500259684002028","Block 2028, Block Group 2, Census Tract 9684, Windham County, Vermont","0","0","0"
"1000000US500259684003000","Block 3000, Block Group 3, Census Tract 9684, Windham County, Vermont","76","74","2"
"1000000US500259684003001","Block 3001, Block Group 3, Census Tract 9684, Windham County, Vermont","0","0","0"
"1000000US500259684003002","Block 3002, Block Group 3, Census Tract 9684, Windham County, Vermont","29","26","3"
"1000000US500259684003003","Block 3003, Block Group 3, Census Tract 9684, Windham County, Vermont","47","46","1"
"1000000US500259684003004","Block 3004, Block Group 3, Census Tract 9684, Windham County, Vermont","0","0","0"
"1000000US500259684003005","Block 3005, Block Group 3, Census Tract 9684, Windham County, Vermont","0","0","0"
"1000000US500259684003006","Block 3006, Block Group 3, Census Tract 9684, Windham County, Vermont","5","5","0"
"1000000US500259684003007","Block 3007, Block Group 3, Census Tract 9684, Windham County, Vermont","88","85","3"
"1000000US500259684003008","Block 3008, Block Group 3, Census Tract 9684, Windham County, Vermont","80","75","5"
"1000000US500259684003009","Block 3009, Block Group 3, Census Tract 9684, Windham County, Vermont","96","89","7"
"1000000US500259684003010","Block 3010, Block Group 3, Census Tract 9684, Windham County, Vermont","41","38","3"
"1000000US500259684003011","Block 3011, Block Group 3, Census Tract 9684, Windham County, Vermont","45","21","24"
"1000000US500259684003012","Block 3012, Block Group 3, Census Tract 9684, Windham County, Vermont","0","0","0"
"1000000US500259684004000","Block 4000, Block Group 4, Census Tract 9684, Windham County, Vermont","1","1","0"
"1000000US500259684004001","Block 4001, Block Group 4, Census Tract 9684, Windham County, Vermont","148","132","16"
"1000000US500259684004002","Block 4002, Block Group 4, Census Tract 9684, Windham County, Vermont","0","0","0"
"1000000US500259684004003","Block 4003, Block Group 4, Census Tract 9684, Windham County, Vermont","16","16","0"
"1000000US500259684004004","Block 4004, Block Group 4, Census Tract 9684, Windham County, Vermont","0","0","0"
"1000000US500259684004005","Block 4005, Block Group 4, Census Tract 9684, Windham County, Vermont","22","19","3"
"1000000US500259684004006","Block 4006, Block Group 4, Census Tract 9684, Windham County, Vermont","73","67","6"
"1000000US500259684004007","Block 4007, Block Group 4, Census Tract 9684, Windham County, Vermont","6","6","0"
"1000000US500259684004008","Block 4008, Block Group 4, Census Tract 9684, Windham County, Vermont","13","12","1"
"1000000US500259684004009","Block 4009, Block Group 4, Census Tract 9684, Windham County, Vermont","54","52","2"
"1000000US500259684004010","Block 4010, Block Group 4, Census Tract 9684, Windham County, Vermont","3","2","1"
"1000000US500259684004011","Block 4011, Block Group 4, Census Tract 9684, Windham County, Vermont","4","4","0"
"1000000US500259684004012","Block 4012, Block Group 4, Census Tract 9684, Windham County, Vermont","33","32","1"
"1000000US500259684004013","Block 4013, Block Group 4, Census Tract 9684, Windham County, Vermont","57","53","4"
"1000000US500259684004014","Block 4014, Block Group 4, Census Tract 9684, Windham County, Vermont","6","5","1"
"1000000US500259684004015","Block 4015, Block Group 4, Census Tract 9684, Windham County, Vermont","3","1","2"
"1000000US500259684004016","Block 4016, Block Group 4, Census Tract 9684, Windham County, Vermont","2","2","0"
"1000000US500259684004017","Block 4017, Block Group 4, Census Tract 9684, Windham County, Vermont","13","10","3"
"1000000US500259684004018","Block 4018, Block Group 4, Census Tract 9684, Windham County, Vermont","10","9","1"
"1000000US500259684004019","Block 4019, Block Group 4, Census Tract 9684, Windham County, Vermont","3","3","0"
"1000000US500259684004020","Block 4020, Block Group 4, Census Tract 9684, Windham County, Vermont","0","0","0"
"1000000US500259684004021","Block 4021, Block Group 4, Census Tract 9684, Windham County, Vermont","0","0","0"
"1000000US500259684004022","Block 4022, Block Group 4, Census Tract 9684, Windham County, Vermont","15","14","1"
"1000000US500259684004023","Block 4023, Block Group 4, Census Tract 9684, Windham County, Vermont","0","0","0"
"1000000US500259685001000","Block 1000, Block Group 1, Census Tract 9685, Windham County, Vermont","3","2","1"
"1000000US500259685001001","Block 1001, Block Group 1, Census Tract 9685, Windham County, Vermont","41","37","4"
"1000000US500259685001002","Block 1002, Block Group 1, Census Tract 9685, Windham County, Vermont","36","36","0"
"1000000US500259685001003","Block 1003, Block Group 1, Census Tract 9685, Windham County, Vermont","70","63","7"
"1000000US500259685001004","Block 1004, Block Group 1, Census Tract 9685, Windham County, Vermont","96","92","4"
"1000000US500259685001005","Block 1005, Block Group 1, Census Tract 9685, Windham County, Vermont","34","31","3"
"1000000US500259685001006","Block 1006, Block Group 1, Census Tract 9685, Windham County, Vermont","54","51","3"
"1000000US500259685001007","Block 1007, Block Group 1, Census Tract 9685, Windham County, Vermont","30","29","1"
"1000000US500259685001008","Block 1008, Block Group 1, Census Tract 9685, Windham County, Vermont","40","36","4"
"1000000US500259685001009","Block 1009, Block Group 1, Census Tract 9685, Windham County, Vermont","0","0","0"
"1000000US500259685001010","Block 1010, Block Group 1, Census Tract 9685, Windham County, Vermont","0","0","0"
"1000000US500259685001011","Block 1011, Block Group 1, Census Tract 9685, Windham County, Vermont","0","0","0"
"1000000US500259685001012","Block 1012, Block Group 1, Census Tract 9685, Windham County, Vermont","1","1","0"
"1000000US500259685001013","Block 1013, Block Group 1, Census Tract 9685, Windham County, Vermont","3","3","0"
"1000000US500259685001014","Block 1014, Block Group 1, Census Tract 9685, Windham County, Vermont","0","0","0"
"1000000US500259685001015","Block 1015, Block Group 1, Census Tract 9685, Windham County, Vermont","9","9","0"
"1000000US500259685001016","Block 1016, Block Group 1, Census Tract 9685, Windham County, Vermont","0","0","0"
"1000000US500259685001017","Block 1017, Block Group 1, Census Tract 9685, Windham County, Vermont","13","13","0"
"1000000US500259685001018","Block 1018, Block Group 1, Census Tract 9685, Windham County, Vermont","0","0","0"
"1000000US500259685001019","Block 1019, Block Group 1, Census Tract 9685, Windham County, Vermont","0","0","0"
"1000000US500259685001020","Block 1020, Block Group 1, Census Tract 9685, Windham County, Vermont","23","22","1"
"1000000US500259685001021","Block 1021, Block Group 1, Census Tract 9685, Windham County, Vermont","22","21","1"
"1000000US500259685001022","Block 1022, Block Group 1, Census Tract 9685, Windham County, Vermont","89","87","2"
"1000000US500259685001023","Block 1023, Block Group 1, Census Tract 9685, Windham County, Vermont","24","22","2"
"1000000US500259685001024","Block 1024, Block Group 1, Census Tract 9685, Windham County, Vermont","0","0","0"
"1000000US500259685001025","Block 1025, Block Group 1, Census Tract 9685, Windham County, Vermont","0","0","0"
"1000000US500259685001026","Block 1026, Block Group 1, Census Tract 9685, Windham County, Vermont","0","0","0"
"1000000US500259685001027","Block 1027, Block Group 1, Census Tract 9685, Windham County, Vermont","24","23","1"
"1000000US500259685001028","Block 1028, Block Group 1, Census Tract 9685, Windham County, Vermont","1","0","1"
"1000000US500259685001029","Block 1029, Block Group 1, Census Tract 9685, Windham County, Vermont","2","2","0"
"1000000US500259685001030","Block 1030, Block Group 1, Census Tract 9685, Windham County, Vermont","0","0","0"
"1000000US500259685001031","Block 1031, Block Group 1, Census Tract 9685, Windham County, Vermont","14","14","0"
"1000000US500259685001032","Block 1032, Block Group 1, Census Tract 9685, Windham County, Vermont","0","0","0"
"1000000US500259685001033","Block 1033, Block Group 1, Census Tract 9685, Windham County, Vermont","0","0","0"
"1000000US500259685001034","Block 1034, Block Group 1, Census Tract 9685, Windham County, Vermont","97","89","8"
"1000000US500259685001035","Block 1035, Block Group 1, Census Tract 9685, Windham County, Vermont","4","4","0"
"1000000US500259685001036","Block 1036, Block Group 1, Census Tract 9685, Windham County, Vermont","0","0","0"
"1000000US500259685002000","Block 2000, Block Group 2, Census Tract 9685, Windham County, Vermont","1","0","1"
"1000000US500259685002001","Block 2001, Block Group 2, Census Tract 9685, Windham County, Vermont","79","71","8"
"1000000US500259685002002","Block 2002, Block Group 2, Census Tract 9685, Windham County, Vermont","0","0","0"
"1000000US500259685002003","Block 2003, Block Group 2, Census Tract 9685, Windham County, Vermont","27","21","6"
"1000000US500259685002004","Block 2004, Block Group 2, Census Tract 9685, Windham County, Vermont","101","88","13"
"1000000US500259685002005","Block 2005, Block Group 2, Census Tract 9685, Windham County, Vermont","0","0","0"
"1000000US500259685002006","Block 2006, Block Group 2, Census Tract 9685, Windham County, Vermont","54","48","6"
"1000000US500259685002007","Block 2007, Block Group 2, Census Tract 9685, Windham County, Vermont","8","8","0"
"1000000US500259685002008","Block 2008, Block Group 2, Census Tract 9685, Windham County, Vermont","0","0","0"
"1000000US500259685002009","Block 2009, Block Group 2, Census Tract 9685, Windham County, Vermont","0","0","0"
"1000000US500259685002010","Block 2010, Block Group 2, Census Tract 9685, Windham County, Vermont","0","0","0"
"1000000US500259685002011","Block 2011, Block Group 2, Census Tract 9685, Windham County, Vermont","0","0","0"
"1000000US500259685002012","Block 2012, Block Group 2, Census Tract 9685, Windham County, Vermont","0","0","0"
"1000000US500259685002013","Block 2013, Block Group 2, Census Tract 9685, Windham County, Vermont","29","28","1"
"1000000US500259685002014","Block 2014, Block Group 2, Census Tract 9685, Windham County, Vermont","31","25","6"
"1000000US500259685002015","Block 2015, Block Group 2, Census Tract 9685, Windham County, Vermont","0","0","0"
"1000000US500259685002016","Block 2016, Block Group 2, Census Tract 9685, Windham County, Vermont","49","44","5"
"1000000US500259685002017","Block 2017, Block Group 2, Census Tract 9685, Windham County, Vermont","22","20","2"
"1000000US500259685002018","Block 2018, Block Group 2, Census Tract 9685, Windham County, Vermont","43","41","2"
"1000000US500259685003000","Block 3000, Block Group 3, Census Tract 9685, Windham County, Vermont","0","0","0"
"1000000US500259685003001","Block 3001, Block Group 3, Census Tract 9685, Windham County, Vermont","0","0","0"
"1000000US500259685003002","Block 3002, Block Group 3, Census Tract 9685, Windham County, Vermont","0","0","0"
"1000000US500259685003003","Block 3003, Block Group 3, Census Tract 9685, Windham County, Vermont","8","8","0"
"1000000US500259685003004","Block 3004, Block Group 3, Census Tract 9685, Windham County, Vermont","219","201","18"
"1000000US500259685003005","Block 3005, Block Group 3, Census Tract 9685, Windham County, Vermont","38","37","1"
"1000000US500259685003006","Block 3006, Block Group 3, Census Tract 9685, Windham County, Vermont","4","4","0"
"1000000US500259685003007","Block 3007, Block Group 3, Census Tract 9685, Windham County, Vermont","0","0","0"
"1000000US500259685003008","Block 3008, Block Group 3, Census Tract 9685, Windham County, Vermont","0","0","0"
"1000000US500259685003009","Block 3009, Block Group 3, Census Tract 9685, Windham County, Vermont","0","0","0"
"1000000US500259685003010","Block 3010, Block Group 3, Census Tract 9685, Windham County, Vermont","0","0","0"
"1000000US500259685003011","Block 3011, Block Group 3, Census Tract 9685, Windham County, Vermont","0","0","0"
"1000000US500259685003012","Block 3012, Block Group 3, Census Tract 9685, Windham County, Vermont","0","0","0"
"1000000US500259685003013","Block 3013, Block Group 3, Census Tract 9685, Windham County, Vermont","24","24","0"
"1000000US500259685003014","Block 3014, Block Group 3, Census Tract 9685, Windham County, Vermont","26","23","3"
"1000000US500259685003015","Block 3015, Block Group 3, Census Tract 9685, Windham County, Vermont","19","19","0"
"1000000US500259685003016","Block 3016, Block Group 3, Census Tract 9685, Windham County, Vermont","22","19","3"
"1000000US500259685003017","Block 3017, Block Group 3, Census Tract 9685, Windham County, Vermont","14","13","1"
"1000000US500259685003018","Block 3018, Block Group 3, Census Tract 9685, Windham County, Vermont","52","48","4"
"1000000US500259685003019","Block 3019, Block Group 3, Census Tract 9685, Windham County, Vermont","12","10","2"
"1000000US500259685003020","Block 3020, Block Group 3, Census Tract 9685, Windham County, Vermont","20","18","2"
"1000000US500259685003021","Block 3021, Block Group 3, Census Tract 9685, Windham County, Vermont","34","31","3"
"1000000US500259685003022","Block 3022, Block Group 3, Census Tract 9685, Windham County, Vermont","14","14","0"
"1000000US500259685003023","Block 3023, Block Group 3, Census Tract 9685, Windham County, Vermont","3","3","0"
"1000000US500259685003024","Block 3024, Block Group 3, Census Tract 9685, Windham County, Vermont","31","28","3"
"1000000US500259685003025","Block 3025, Block Group 3, Census Tract 9685, Windham County, Vermont","0","0","0"
"1000000US500259685003026","Block 3026, Block Group 3, Census Tract 9685, Windham County, Vermont","65","64","1"
"1000000US500259685003027","Block 3027, Block Group 3, Census Tract 9685, Windham County, Vermont","17","16","1"
"1000000US500259685003028","Block 3028, Block Group 3, Census Tract 9685, Windham County, Vermont","16","14","2"
"1000000US500259685003029","Block 3029, Block Group 3, Census Tract 9685, Windham County, Vermont","14","14","0"
"1000000US500259685003030","Block 3030, Block Group 3, Census Tract 9685, Windham County, Vermont","42","41","1"
"1000000US500259685003031","Block 3031, Block Group 3, Census Tract 9685, Windham County, Vermont","0","0","0"
"1000000US500259685003032","Block 3032, Block Group 3, Census Tract 9685, Windham County, Vermont","0","0","0"
"1000000US500259685003033","Block 3033, Block Group 3, Census Tract 9685, Windham County, Vermont","0","0","0"
"1000000US500259685003034","Block 3034, Block Group 3, Census Tract 9685, Windham County, Vermont","0","0","0"
"1000000US500259685003035","Block 3035, Block Group 3, Census Tract 9685, Windham County, Vermont","0","0","0"
"1000000US500259685003036","Block 3036, Block Group 3, Census Tract 9685, Windham County, Vermont","0","0","0"
"1000000US500259685003037","Block 3037, Block Group 3, Census Tract 9685, Windham County, Vermont","0","0","0"
"1000000US500259685003038","Block 3038, Block Group 3, Census Tract 9685, Windham County, Vermont","0","0","0"
"1000000US500259685003039","Block 3039, Block Group 3, Census Tract 9685, Windham County, Vermont","0","0","0"
"1000000US500259685003040","Block 3040, Block Group 3, Census Tract 9685, Windham County, Vermont","0","0","0"
"1000000US500259685003041","Block 3041, Block Group 3, Census Tract 9685, Windham County, Vermont","9","9","0"
"1000000US500259685003042","Block 3042, Block Group 3, Census Tract 9685, Windham County, Vermont","9","9","0"
"1000000US500259685003043","Block 3043, Block Group 3, Census Tract 9685, Windham County, Vermont","8","8","0"
"1000000US500259685003044","Block 3044, Block Group 3, Census Tract 9685, Windham County, Vermont","1","1","0"
"1000000US500259685003045","Block 3045, Block Group 3, Census Tract 9685, Windham County, Vermont","0","0","0"
"1000000US500259685003046","Block 3046, Block Group 3, Census Tract 9685, Windham County, Vermont","0","0","0"
"1000000US500259685004000","Block 4000, Block Group 4, Census Tract 9685, Windham County, Vermont","0","0","0"
"1000000US500259685004001","Block 4001, Block Group 4, Census Tract 9685, Windham County, Vermont","0","0","0"
"1000000US500259685004002","Block 4002, Block Group 4, Census Tract 9685, Windham County, Vermont","98","94","4"
"1000000US500259685004003","Block 4003, Block Group 4, Census Tract 9685, Windham County, Vermont","0","0","0"
"1000000US500259685004004","Block 4004, Block Group 4, Census Tract 9685, Windham County, Vermont","1","1","0"
"1000000US500259685004005","Block 4005, Block Group 4, Census Tract 9685, Windham County, Vermont","4","4","0"
"1000000US500259685004006","Block 4006, Block Group 4, Census Tract 9685, Windham County, Vermont","0","0","0"
"1000000US500259685004007","Block 4007, Block Group 4, Census Tract 9685, Windham County, Vermont","39","36","3"
"1000000US500259685004008","Block 4008, Block Group 4, Census Tract 9685, Windham County, Vermont","37","31","6"
"1000000US500259685004009","Block 4009, Block Group 4, Census Tract 9685, Windham County, Vermont","1","1","0"
"1000000US500259685004010","Block 4010, Block Group 4, Census Tract 9685, Windham County, Vermont","14","13","1"
"1000000US500259685004011","Block 4011, Block Group 4, Census Tract 9685, Windham County, Vermont","27","26","1"
"1000000US500259685004012","Block 4012, Block Group 4, Census Tract 9685, Windham County, Vermont","13","13","0"
"1000000US500259685004013","Block 4013, Block Group 4, Census Tract 9685, Windham County, Vermont","25","24","1"
"1000000US500259685004014","Block 4014, Block Group 4, Census Tract 9685, Windham County, Vermont","2","2","0"
"1000000US500259685004015","Block 4015, Block Group 4, Census Tract 9685, Windham County, Vermont","49","47","2"
"1000000US500259685004016","Block 4016, Block Group 4, Census Tract 9685, Windham County, Vermont","16","15","1"
"1000000US500259685004017","Block 4017, Block Group 4, Census Tract 9685, Windham County, Vermont","4","4","0"
"1000000US500259685004018","Block 4018, Block Group 4, Census Tract 9685, Windham County, Vermont","2","2","0"
"1000000US500259685004019","Block 4019, Block Group 4, Census Tract 9685, Windham County, Vermont","0","0","0"
"1000000US500259685004020","Block 4020, Block Group 4, Census Tract 9685, Windham County, Vermont","0","0","0"
"1000000US500259685004021","Block 4021, Block Group 4, Census Tract 9685, Windham County, Vermont","0","0","0"
"1000000US500259685004022","Block 4022, Block Group 4, Census Tract 9685, Windham County, Vermont","27","27","0"
"1000000US500259685004023","Block 4023, Block Group 4, Census Tract 9685, Windham County, Vermont","0","0","0"
"1000000US500259685004024","Block 4024, Block Group 4, Census Tract 9685, Windham County, Vermont","0","0","0"
"1000000US500259685004025","Block 4025, Block Group 4, Census Tract 9685, Windham County, Vermont","21","20","1"
"1000000US500259685004026","Block 4026, Block Group 4, Census Tract 9685, Windham County, Vermont","20","19","1"
"1000000US500259685004027","Block 4027, Block Group 4, Census Tract 9685, Windham County, Vermont","37","36","1"
"1000000US500259685004028","Block 4028, Block Group 4, Census Tract 9685, Windham County, Vermont","15","15","0"
"1000000US500259685004029","Block 4029, Block Group 4, Census Tract 9685, Windham County, Vermont","20","19","1"
"1000000US500259685004030","Block 4030, Block Group 4, Census Tract 9685, Windham County, Vermont","64","63","1"
"1000000US500259685004031","Block 4031, Block Group 4, Census Tract 9685, Windham County, Vermont","26","25","1"
"1000000US500259685004032","Block 4032, Block Group 4, Census Tract 9685, Windham County, Vermont","17","16","1"
"1000000US500259685004033","Block 4033, Block Group 4, Census Tract 9685, Windham County, Vermont","66","65","1"
"1000000US500259685004034","Block 4034, Block Group 4, Census Tract 9685, Windham County, Vermont","0","0","0"
"1000000US500259685004035","Block 4035, Block Group 4, Census Tract 9685, Windham County, Vermont","0","0","0"
"1000000US500259685004036","Block 4036, Block Group 4, Census Tract 9685, Windham County, Vermont","0","0","0"
"1000000US500259685004037","Block 4037, Block Group 4, Census Tract 9685, Windham County, Vermont","0","0","0"
"1000000US500259685004038","Block 4038, Block Group 4, Census Tract 9685, Windham County, Vermont","12","11","1"
"1000000US500259685004039","Block 4039, Block Group 4, Census Tract 9685, Windham County, Vermont","0","0","0"
"1000000US500259685004040","Block 4040, Block Group 4, Census Tract 9685, Windham County, Vermont","0","0","0"
"1000000US500259685004041","Block 4041, Block Group 4, Census Tract 9685, Windham County, Vermont","6","1","5"
"1000000US500259685004042","Block 4042, Block Group 4, Census Tract 9685, Windham County, Vermont","37","36","1"
"1000000US500259685004043","Block 4043, Block Group 4, Census Tract 9685, Windham County, Vermont","0","0","0"
"1000000US500259685004044","Block 4044, Block Group 4, Census Tract 9685, Windham County, Vermont","0","0","0"
"1000000US500259685005000","Block 5000, Block Group 5, Census Tract 9685, Windham County, Vermont","38","30","8"
"1000000US500259685005001","Block 5001, Block Group 5, Census Tract 9685, Windham County, Vermont","36","34","2"
"1000000US500259685005002","Block 5002, Block Group 5, Census Tract 9685, Windham County, Vermont","48","44","4"
"1000000US500259685005003","Block 5003, Block Group 5, Census Tract 9685, Windham County, Vermont","44","41","3"
"1000000US500259685005004","Block 5004, Block Group 5, Census Tract 9685, Windham County, Vermont","11","10","1"
"1000000US500259685005005","Block 5005, Block Group 5, Census Tract 9685, Windham County, Vermont","51","51","0"
"1000000US500259685005006","Block 5006, Block Group 5, Census Tract 9685, Windham County, Vermont","47","45","2"
"1000000US500259685005007","Block 5007, Block Group 5, Census Tract 9685, Windham County, Vermont","25","23","2"
"1000000US500259685005008","Block 5008, Block Group 5, Census Tract 9685, Windham County, Vermont","28","27","1"
"1000000US500259685005009","Block 5009, Block Group 5, Census Tract 9685, Windham County, Vermont","12","11","1"
"1000000US500259686001000","Block 1000, Block Group 1, Census Tract 9686, Windham County, Vermont","0","0","0"
"1000000US500259686001001","Block 1001, Block Group 1, Census Tract 9686, Windham County, Vermont","0","0","0"
"1000000US500259686001002","Block 1002, Block Group 1, Census Tract 9686, Windham County, Vermont","0","0","0"
"1000000US500259686001003","Block 1003, Block Group 1, Census Tract 9686, Windham County, Vermont","0","0","0"
"1000000US500259686001004","Block 1004, Block Group 1, Census Tract 9686, Windham County, Vermont","0","0","0"
"1000000US500259686001005","Block 1005, Block Group 1, Census Tract 9686, Windham County, Vermont","0","0","0"
"1000000US500259686001006","Block 1006, Block Group 1, Census Tract 9686, Windham County, Vermont","0","0","0"
"1000000US500259686001007","Block 1007, Block Group 1, Census Tract 9686, Windham County, Vermont","0","0","0"
"1000000US500259686001008","Block 1008, Block Group 1, Census Tract 9686, Windham County, Vermont","0","0","0"
"1000000US500259686001009","Block 1009, Block Group 1, Census Tract 9686, Windham County, Vermont","0","0","0"
"1000000US500259686001010","Block 1010, Block Group 1, Census Tract 9686, Windham County, Vermont","0","0","0"
"1000000US500259686001011","Block 1011, Block Group 1, Census Tract 9686, Windham County, Vermont","0","0","0"
"1000000US500259686001012","Block 1012, Block Group 1, Census Tract 9686, Windham County, Vermont","18","17","1"
"1000000US500259686001013","Block 1013, Block Group 1, Census Tract 9686, Windham County, Vermont","31","29","2"
"1000000US500259686001014","Block 1014, Block Group 1, Census Tract 9686, Windham County, Vermont","0","0","0"
"1000000US500259686001015","Block 1015, Block Group 1, Census Tract 9686, Windham County, Vermont","11","11","0"
"1000000US500259686001016","Block 1016, Block Group 1, Census Tract 9686, Windham County, Vermont","52","46","6"
"1000000US500259686001017","Block 1017, Block Group 1, Census Tract 9686, Windham County, Vermont","22","19","3"
"1000000US500259686001018","Block 1018, Block Group 1, Census Tract 9686, Windham County, Vermont","11","10","1"
"1000000US500259686001019","Block 1019, Block Group 1, Census Tract 9686, Windham County, Vermont","27","23","4"
"1000000US500259686001020","Block 1020, Block Group 1, Census Tract 9686, Windham County, Vermont","0","0","0"
"1000000US500259686001021","Block 1021, Block Group 1, Census Tract 9686, Windham County, Vermont","45","43","2"
"1000000US500259686001022","Block 1022, Block Group 1, Census Tract 9686, Windham County, Vermont","29","27","2"
"1000000US500259686001023","Block 1023, Block Group 1, Census Tract 9686, Windham County, Vermont","0","0","0"
"1000000US500259686001024","Block 1024, Block Group 1, Census Tract 9686, Windham County, Vermont","9","8","1"
"1000000US500259686001025","Block 1025, Block Group 1, Census Tract 9686, Windham County, Vermont","0","0","0"
"1000000US500259686001026","Block 1026, Block Group 1, Census Tract 9686, Windham County, Vermont","0","0","0"
"1000000US500259686001027","Block 1027, Block Group 1, Census Tract 9686, Windham County, Vermont","16","16","0"
"1000000US500259686001028","Block 1028, Block Group 1, Census Tract 9686, Windham County, Vermont","0","0","0"
"1000000US500259686001029","Block 1029, Block Group 1, Census Tract 9686, Windham County, Vermont","43","41","2"
"1000000US500259686001030","Block 1030, Block Group 1, Census Tract 9686, Windham County, Vermont","13","13","0"
"1000000US500259686001031","Block 1031, Block Group 1, Census Tract 9686, Windham County, Vermont","0","0","0"
"1000000US500259686001032","Block 1032, Block Group 1, Census Tract 9686, Windham County, Vermont","18","18","0"
"1000000US500259686001033","Block 1033, Block Group 1, Census Tract 9686, Windham County, Vermont","35","31","4"
"1000000US500259686001034","Block 1034, Block Group 1, Census Tract 9686, Windham County, Vermont","0","0","0"
"1000000US500259686001035","Block 1035, Block Group 1, Census Tract 9686, Windham County, Vermont","0","0","0"
"1000000US500259686001036","Block 1036, Block Group 1, Census Tract 9686, Windham County, Vermont","6","5","1"
"1000000US500259686001037","Block 1037, Block Group 1, Census Tract 9686, Windham County, Vermont","24","23","1"
"1000000US500259686001038","Block 1038, Block Group 1, Census Tract 9686, Windham County, Vermont","30","26","4"
"1000000US500259686001039","Block 1039, Block Group 1, Census Tract 9686, Windham County, Vermont","57","56","1"
"1000000US500259686001040","Block 1040, Block Group 1, Census Tract 9686, Windham County, Vermont","13","13","0"
"1000000US500259686001041","Block 1041, Block Group 1, Census Tract 9686, Windham County, Vermont","0","0","0"
"1000000US500259686002000","Block 2000, Block Group 2, Census Tract 9686, Windham County, Vermont","0","0","0"
"1000000US500259686002001","Block 2001, Block Group 2, Census Tract 9686, Windham County, Vermont","0","0","0"
"1000000US500259686002002","Block 2002, Block Group 2, Census Tract 9686, Windham County, Vermont","0","0","0"
"1000000US500259686002003","Block 2003, Block Group 2, Census Tract 9686, Windham County, Vermont","0","0","0"
"1000000US500259686002004","Block 2004, Block Group 2, Census Tract 9686, Windham County, Vermont","0","0","0"
"1000000US500259686002005","Block 2005, Block Group 2, Census Tract 9686, Windham County, Vermont","0","0","0"
"1000000US500259686002006","Block 2006, Block Group 2, Census Tract 9686, Windham County, Vermont","27","25","2"
"1000000US500259686002007","Block 2007, Block Group 2, Census Tract 9686, Windham County, Vermont","0","0","0"
"1000000US500259686002008","Block 2008, Block Group 2, Census Tract 9686, Windham County, Vermont","0","0","0"
"1000000US500259686002009","Block 2009, Block Group 2, Census Tract 9686, Windham County, Vermont","12","11","1"
"1000000US500259686002010","Block 2010, Block Group 2, Census Tract 9686, Windham County, Vermont","0","0","0"
"1000000US500259686002011","Block 2011, Block Group 2, Census Tract 9686, Windham County, Vermont","17","16","1"
"1000000US500259686002012","Block 2012, Block Group 2, Census Tract 9686, Windham County, Vermont","0","0","0"
"1000000US500259686002013","Block 2013, Block Group 2, Census Tract 9686, Windham County, Vermont","1","0","1"
"1000000US500259686002014","Block 2014, Block Group 2, Census Tract 9686, Windham County, Vermont","24","20","4"
"1000000US500259686002015","Block 2015, Block Group 2, Census Tract 9686, Windham County, Vermont","1","1","0"
"1000000US500259686002016","Block 2016, Block Group 2, Census Tract 9686, Windham County, Vermont","6","3","3"
"1000000US500259686002017","Block 2017, Block Group 2, Census Tract 9686, Windham County, Vermont","0","0","0"
"1000000US500259686002018","Block 2018, Block Group 2, Census Tract 9686, Windham County, Vermont","0","0","0"
"1000000US500259686002019","Block 2019, Block Group 2, Census Tract 9686, Windham County, Vermont","0","0","0"
"1000000US500259686002020","Block 2020, Block Group 2, Census Tract 9686, Windham County, Vermont","0","0","0"
"1000000US500259686002021","Block 2021, Block Group 2, Census Tract 9686, Windham County, Vermont","69","66","3"
"1000000US500259686002022","Block 2022, Block Group 2, Census Tract 9686, Windham County, Vermont","0","0","0"
"1000000US500259686002023","Block 2023, Block Group 2, Census Tract 9686, Windham County, Vermont","15","13","2"
"1000000US500259686002024","Block 2024, Block Group 2, Census Tract 9686, Windham County, Vermont","0","0","0"
"1000000US500259686002025","Block 2025, Block Group 2, Census Tract 9686, Windham County, Vermont","8","7","1"
"1000000US500259686002026","Block 2026, Block Group 2, Census Tract 9686, Windham County, Vermont","0","0","0"
"1000000US500259686002027","Block 2027, Block Group 2, Census Tract 9686, Windham County, Vermont","0","0","0"
"1000000US500259686002028","Block 2028, Block Group 2, Census Tract 9686, Windham County, Vermont","0","0","0"
"1000000US500259686002029","Block 2029, Block Group 2, Census Tract 9686, Windham County, Vermont","0","0","0"
"1000000US500259686002030","Block 2030, Block Group 2, Census Tract 9686, Windham County, Vermont","0","0","0"
"1000000US500259686002031","Block 2031, Block Group 2, Census Tract 9686, Windham County, Vermont","7","6","1"
"1000000US500259686002032","Block 2032, Block Group 2, Census Tract 9686, Windham County, Vermont","1","1","0"
"1000000US500259686002033","Block 2033, Block Group 2, Census Tract 9686, Windham County, Vermont","0","0","0"
"1000000US500259686002034","Block 2034, Block Group 2, Census Tract 9686, Windham County, Vermont","0","0","0"
"1000000US500259686002035","Block 2035, Block Group 2, Census Tract 9686, Windham County, Vermont","0","0","0"
"1000000US500259686002036","Block 2036, Block Group 2, Census Tract 9686, Windham County, Vermont","0","0","0"
"1000000US500259686002037","Block 2037, Block Group 2, Census Tract 9686, Windham County, Vermont","0","0","0"
"1000000US500259686002038","Block 2038, Block Group 2, Census Tract 9686, Windham County, Vermont","0","0","0"
"1000000US500259686002039","Block 2039, Block Group 2, Census Tract 9686, Windham County, Vermont","0","0","0"
"1000000US500259686002040","Block 2040, Block Group 2, Census Tract 9686, Windham County, Vermont","3","0","3"
"1000000US500259686002041","Block 2041, Block Group 2, Census Tract 9686, Windham County, Vermont","3","3","0"
"1000000US500259686002042","Block 2042, Block Group 2, Census Tract 9686, Windham County, Vermont","0","0","0"
"1000000US500259686002043","Block 2043, Block Group 2, Census Tract 9686, Windham County, Vermont","12","12","0"
"1000000US500259686002044","Block 2044, Block Group 2, Census Tract 9686, Windham County, Vermont","8","8","0"
"1000000US500259686002045","Block 2045, Block Group 2, Census Tract 9686, Windham County, Vermont","81","79","2"
"1000000US500259686002046","Block 2046, Block Group 2, Census Tract 9686, Windham County, Vermont","0","0","0"
"1000000US500259686002047","Block 2047, Block Group 2, Census Tract 9686, Windham County, Vermont","0","0","0"
"1000000US500259686002048","Block 2048, Block Group 2, Census Tract 9686, Windham County, Vermont","0","0","0"
"1000000US500259686002049","Block 2049, Block Group 2, Census Tract 9686, Windham County, Vermont","0","0","0"
"1000000US500259686002050","Block 2050, Block Group 2, Census Tract 9686, Windham County, Vermont","0","0","0"
"1000000US500259686002051","Block 2051, Block Group 2, Census Tract 9686, Windham County, Vermont","0","0","0"
"1000000US500259686002052","Block 2052, Block Group 2, Census Tract 9686, Windham County, Vermont","0","0","0"
"1000000US500259686002053","Block 2053, Block Group 2, Census Tract 9686, Windham County, Vermont","5","2","3"
"1000000US500259686002054","Block 2054, Block Group 2, Census Tract 9686, Windham County, Vermont","14","13","1"
"1000000US500259686002055","Block 2055, Block Group 2, Census Tract 9686, Windham County, Vermont","0","0","0"
"1000000US500259686002056","Block 2056, Block Group 2, Census Tract 9686, Windham County, Vermont","15","15","0"
"1000000US500259686002057","Block 2057, Block Group 2, Census Tract 9686, Windham County, Vermont","0","0","0"
"1000000US500259686002058","Block 2058, Block Group 2, Census Tract 9686, Windham County, Vermont","110","103","7"
"1000000US500259686002059","Block 2059, Block Group 2, Census Tract 9686, Windham County, Vermont","16","15","1"
"1000000US500259686002060","Block 2060, Block Group 2, Census Tract 9686, Windham County, Vermont","24","24","0"
"1000000US500259686002061","Block 2061, Block Group 2, Census Tract 9686, Windham County, Vermont","25","22","3"
"1000000US500259686002062","Block 2062, Block Group 2, Census Tract 9686, Windham County, Vermont","0","0","0"
"1000000US500259686002063","Block 2063, Block Group 2, Census Tract 9686, Windham County, Vermont","0","0","0"
"1000000US500259686002064","Block 2064, Block Group 2, Census Tract 9686, Windham County, Vermont","8","7","1"
"1000000US500259686002065","Block 2065, Block Group 2, Census Tract 9686, Windham County, Vermont","0","0","0"
"1000000US500259686002066","Block 2066, Block Group 2, Census Tract 9686, Windham County, Vermont","40","39","1"
"1000000US500259686002067","Block 2067, Block Group 2, Census Tract 9686, Windham County, Vermont","2","2","0"
"1000000US500259686002068","Block 2068, Block Group 2, Census Tract 9686, Windham County, Vermont","31","31","0"
"1000000US500259686002069","Block 2069, Block Group 2, Census Tract 9686, Windham County, Vermont","0","0","0"
"1000000US500259686002070","Block 2070, Block Group 2, Census Tract 9686, Windham County, Vermont","0","0","0"
"1000000US500259687001000","Block 1000, Block Group 1, Census Tract 9687, Windham County, Vermont","22","20","2"
"1000000US500259687001001","Block 1001, Block Group 1, Census Tract 9687, Windham County, Vermont","20","18","2"
"1000000US500259687001002","Block 1002, Block Group 1, Census Tract 9687, Windham County, Vermont","1","1","0"
"1000000US500259687001003","Block 1003, Block Group 1, Census Tract 9687, Windham County, Vermont","8","7","1"
"1000000US500259687001004","Block 1004, Block Group 1, Census Tract 9687, Windham County, Vermont","0","0","0"
"1000000US500259687001005","Block 1005, Block Group 1, Census Tract 9687, Windham County, Vermont","2","2","0"
"1000000US500259687001006","Block 1006, Block Group 1, Census Tract 9687, Windham County, Vermont","1","1","0"
"1000000US500259687001007","Block 1007, Block Group 1, Census Tract 9687, Windham County, Vermont","0","0","0"
"1000000US500259687001008","Block 1008, Block Group 1, Census Tract 9687, Windham County, Vermont","20","17","3"
"1000000US500259687001009","Block 1009, Block Group 1, Census Tract 9687, Windham County, Vermont","13","12","1"
"1000000US500259687001010","Block 1010, Block Group 1, Census Tract 9687, Windham County, Vermont","2","0","2"
"1000000US500259687001011","Block 1011, Block Group 1, Census Tract 9687, Windham County, Vermont","14","13","1"
"1000000US500259687001012","Block 1012, Block Group 1, Census Tract 9687, Windham County, Vermont","0","0","0"
"1000000US500259687001013","Block 1013, Block Group 1, Census Tract 9687, Windham County, Vermont","1","1","0"
"1000000US500259687001014","Block 1014, Block Group 1, Census Tract 9687, Windham County, Vermont","49","43","6"
"1000000US500259687001015","Block 1015, Block Group 1, Census Tract 9687, Windham County, Vermont","1","1","0"
"1000000US500259687001016","Block 1016, Block Group 1, Census Tract 9687, Windham County, Vermont","2","2","0"
"1000000US500259687001017","Block 1017, Block Group 1, Census Tract 9687, Windham County, Vermont","0","0","0"
"1000000US500259687001018","Block 1018, Block Group 1, Census Tract 9687, Windham County, Vermont","22","20","2"
"1000000US500259687001019","Block 1019, Block Group 1, Census Tract 9687, Windham County, Vermont","130","120","10"
"1000000US500259687001020","Block 1020, Block Group 1, Census Tract 9687, Windham County, Vermont","0","0","0"
"1000000US500259687001021","Block 1021, Block Group 1, Census Tract 9687, Windham County, Vermont","12","12","0"
"1000000US500259687001022","Block 1022, Block Group 1, Census Tract 9687, Windham County, Vermont","0","0","0"
"1000000US500259687001023","Block 1023, Block Group 1, Census Tract 9687, Windham County, Vermont","1","0","1"
"1000000US500259687001024","Block 1024, Block Group 1, Census Tract 9687, Windham County, Vermont","44","38","6"
"1000000US500259687001025","Block 1025, Block Group 1, Census Tract 9687, Windham County, Vermont","0","0","0"
"1000000US500259687001026","Block 1026, Block Group 1, Census Tract 9687, Windham County, Vermont","0","0","0"
"1000000US500259687001027","Block 1027, Block Group 1, Census Tract 9687, Windham County, Vermont","1","1","0"
"1000000US500259687001028","Block 1028, Block Group 1, Census Tract 9687, Windham County, Vermont","2","1","1"
"1000000US500259687001029","Block 1029, Block Group 1, Census Tract 9687, Windham County, Vermont","12","11","1"
"1000000US500259687001030","Block 1030, Block Group 1, Census Tract 9687, Windham County, Vermont","0","0","0"
"1000000US500259687001031","Block 1031, Block Group 1, Census Tract 9687, Windham County, Vermont","1","1","0"
"1000000US500259687001032","Block 1032, Block Group 1, Census Tract 9687, Windham County, Vermont","2","2","0"
"1000000US500259687001033","Block 1033, Block Group 1, Census Tract 9687, Windham County, Vermont","28","18","10"
"1000000US500259687001034","Block 1034, Block Group 1, Census Tract 9687, Windham County, Vermont","0","0","0"
"1000000US500259687001035","Block 1035, Block Group 1, Census Tract 9687, Windham County, Vermont","87","68","19"
"1000000US500259687001036","Block 1036, Block Group 1, Census Tract 9687, Windham County, Vermont","0","0","0"
"1000000US500259687001037","Block 1037, Block Group 1, Census Tract 9687, Windham County, Vermont","0","0","0"
"1000000US500259687001038","Block 1038, Block Group 1, Census Tract 9687, Windham County, Vermont","5","2","3"
"1000000US500259687001039","Block 1039, Block Group 1, Census Tract 9687, Windham County, Vermont","4","1","3"
"1000000US500259687001040","Block 1040, Block Group 1, Census Tract 9687, Windham County, Vermont","22","19","3"
"1000000US500259687001041","Block 1041, Block Group 1, Census Tract 9687, Windham County, Vermont","17","13","4"
"1000000US500259687001042","Block 1042, Block Group 1, Census Tract 9687, Windham County, Vermont","2","2","0"
"1000000US500259687001043","Block 1043, Block Group 1, Census Tract 9687, Windham County, Vermont","9","7","2"
"1000000US500259687001044","Block 1044, Block Group 1, Census Tract 9687, Windham County, Vermont","6","2","4"
"1000000US500259687001045","Block 1045, Block Group 1, Census Tract 9687, Windham County, Vermont","0","0","0"
"1000000US500259687001046","Block 1046, Block Group 1, Census Tract 9687, Windham County, Vermont","2","1","1"
"1000000US500259687001047","Block 1047, Block Group 1, Census Tract 9687, Windham County, Vermont","3","3","0"
"1000000US500259687001048","Block 1048, Block Group 1, Census Tract 9687, Windham County, Vermont","0","0","0"
"1000000US500259687001049","Block 1049, Block Group 1, Census Tract 9687, Windham County, Vermont","0","0","0"
"1000000US500259687002000","Block 2000, Block Group 2, Census Tract 9687, Windham County, Vermont","4","0","4"
"1000000US500259687002001","Block 2001, Block Group 2, Census Tract 9687, Windham County, Vermont","0","0","0"
"1000000US500259687002002","Block 2002, Block Group 2, Census Tract 9687, Windham County, Vermont","4","3","1"
"1000000US500259687002003","Block 2003, Block Group 2, Census Tract 9687, Windham County, Vermont","7","7","0"
"1000000US500259687002004","Block 2004, Block Group 2, Census Tract 9687, Windham County, Vermont","1","1","0"
"1000000US500259687002005","Block 2005, Block Group 2, Census Tract 9687, Windham County, Vermont","46","45","1"
"1000000US500259687002006","Block 2006, Block Group 2, Census Tract 9687, Windham County, Vermont","0","0","0"
"1000000US500259687002007","Block 2007, Block Group 2, Census Tract 9687, Windham County, Vermont","17","16","1"
"1000000US500259687002008","Block 2008, Block Group 2, Census Tract 9687, Windham County, Vermont","14","14","0"
"1000000US500259687002009","Block 2009, Block Group 2, Census Tract 9687, Windham County, Vermont","0","0","0"
"1000000US500259687002010","Block 2010, Block Group 2, Census Tract 9687, Windham County, Vermont","26","25","1"
"1000000US500259687002011","Block 2011, Block Group 2, Census Tract 9687, Windham County, Vermont","0","0","0"
"1000000US500259687002012","Block 2012, Block Group 2, Census Tract 9687, Windham County, Vermont","0","0","0"
"1000000US500259687002013","Block 2013, Block Group 2, Census Tract 9687, Windham County, Vermont","8","8","0"
"1000000US500259687002014","Block 2014, Block Group 2, Census Tract 9687, Windham County, Vermont","37","33","4"
"1000000US500259687002015","Block 2015, Block Group 2, Census Tract 9687, Windham County, Vermont","7","7","0"
"1000000US500259687002016","Block 2016, Block Group 2, Census Tract 9687, Windham County, Vermont","15","13","2"
"1000000US500259687002017","Block 2017, Block Group 2, Census Tract 9687, Windham County, Vermont","7","6","1"
"1000000US500259687002018","Block 2018, Block Group 2, Census Tract 9687, Windham County, Vermont","3","2","1"
"1000000US500259687002019","Block 2019, Block Group 2, Census Tract 9687, Windham County, Vermont","2","1","1"
"1000000US500259687002020","Block 2020, Block Group 2, Census Tract 9687, Windham County, Vermont","166","146","20"
"1000000US500259687002021","Block 2021, Block Group 2, Census Tract 9687, Windham County, Vermont","5","5","0"
"1000000US500259687002022","Block 2022, Block Group 2, Census Tract 9687, Windham County, Vermont","1","1","0"
"1000000US500259687002023","Block 2023, Block Group 2, Census Tract 9687, Windham County, Vermont","5","3","2"
"1000000US500259687002024","Block 2024, Block Group 2, Census Tract 9687, Windham County, Vermont","0","0","0"
"1000000US500259687002025","Block 2025, Block Group 2, Census Tract 9687, Windham County, Vermont","2","2","0"
"1000000US500259687002026","Block 2026, Block Group 2, Census Tract 9687, Windham County, Vermont","0","0","0"
"1000000US500259687002027","Block 2027, Block Group 2, Census Tract 9687, Windham County, Vermont","3","3","0"
"1000000US500259687002028","Block 2028, Block Group 2, Census Tract 9687, Windham County, Vermont","0","0","0"
"1000000US500259687002029","Block 2029, Block Group 2, Census Tract 9687, Windham County, Vermont","0","0","0"
"1000000US500259687002030","Block 2030, Block Group 2, Census Tract 9687, Windham County, Vermont","0","0","0"
"1000000US500259687002031","Block 2031, Block Group 2, Census Tract 9687, Windham County, Vermont","0","0","0"
"1000000US500259687002032","Block 2032, Block Group 2, Census Tract 9687, Windham County, Vermont","14","12","2"
"1000000US500259687002033","Block 2033, Block Group 2, Census Tract 9687, Windham County, Vermont","9","8","1"
"1000000US500259687002034","Block 2034, Block Group 2, Census Tract 9687, Windham County, Vermont","15","14","1"
"1000000US500259687002035","Block 2035, Block Group 2, Census Tract 9687, Windham County, Vermont","14","14","0"
"1000000US500259687002036","Block 2036, Block Group 2, Census Tract 9687, Windham County, Vermont","0","0","0"
"1000000US500259687002037","Block 2037, Block Group 2, Census Tract 9687, Windham County, Vermont","0","0","0"
"1000000US500259687002038","Block 2038, Block Group 2, Census Tract 9687, Windham County, Vermont","1","1","0"
"1000000US500259687002039","Block 2039, Block Group 2, Census Tract 9687, Windham County, Vermont","0","0","0"
"1000000US500259687002040","Block 2040, Block Group 2, Census Tract 9687, Windham County, Vermont","1","1","0"
"1000000US500259687002041","Block 2041, Block Group 2, Census Tract 9687, Windham County, Vermont","0","0","0"
"1000000US500259687002042","Block 2042, Block Group 2, Census Tract 9687, Windham County, Vermont","0","0","0"
"1000000US500259687002043","Block 2043, Block Group 2, Census Tract 9687, Windham County, Vermont","12","12","0"
"1000000US500259687002044","Block 2044, Block Group 2, Census Tract 9687, Windham County, Vermont","2","1","1"
"1000000US500259687002045","Block 2045, Block Group 2, Census Tract 9687, Windham County, Vermont","0","0","0"
"1000000US500259687002046","Block 2046, Block Group 2, Census Tract 9687, Windham County, Vermont","0","0","0"
"1000000US500259687002047","Block 2047, Block Group 2, Census Tract 9687, Windham County, Vermont","0","0","0"
"1000000US500259687002048","Block 2048, Block Group 2, Census Tract 9687, Windham County, Vermont","3","3","0"
"1000000US500259687002049","Block 2049, Block Group 2, Census Tract 9687, Windham County, Vermont","1","1","0"
"1000000US500259687002050","Block 2050, Block Group 2, Census Tract 9687, Windham County, Vermont","0","0","0"
"1000000US500259687002051","Block 2051, Block Group 2, Census Tract 9687, Windham County, Vermont","0","0","0"
"1000000US500259687002052","Block 2052, Block Group 2, Census Tract 9687, Windham County, Vermont","0","0","0"
"1000000US500259687002053","Block 2053, Block Group 2, Census Tract 9687, Windham County, Vermont","0","0","0"
"1000000US500259687002054","Block 2054, Block Group 2, Census Tract 9687, Windham County, Vermont","0","0","0"
"1000000US500259687002055","Block 2055, Block Group 2, Census Tract 9687, Windham County, Vermont","0","0","0"
"1000000US500259687002056","Block 2056, Block Group 2, Census Tract 9687, Windham County, Vermont","0","0","0"
"1000000US500259687002057","Block 2057, Block Group 2, Census Tract 9687, Windham County, Vermont","0","0","0"
"1000000US500259687002058","Block 2058, Block Group 2, Census Tract 9687, Windham County, Vermont","0","0","0"
"1000000US500259687002059","Block 2059, Block Group 2, Census Tract 9687, Windham County, Vermont","3","3","0"
"1000000US500259687002060","Block 2060, Block Group 2, Census Tract 9687, Windham County, Vermont","11","9","2"
"1000000US500259687002061","Block 2061, Block Group 2, Census Tract 9687, Windham County, Vermont","2","0","2"
"1000000US500259687002062","Block 2062, Block Group 2, Census Tract 9687, Windham County, Vermont","1","1","0"
"1000000US500259687002063","Block 2063, Block Group 2, Census Tract 9687, Windham County, Vermont","1","1","0"
"1000000US500259687002064","Block 2064, Block Group 2, Census Tract 9687, Windham County, Vermont","0","0","0"
"1000000US500259687003000","Block 3000, Block Group 3, Census Tract 9687, Windham County, Vermont","0","0","0"
"1000000US500259687003001","Block 3001, Block Group 3, Census Tract 9687, Windham County, Vermont","5","4","1"
"1000000US500259687003002","Block 3002, Block Group 3, Census Tract 9687, Windham County, Vermont","5","5","0"
"1000000US500259687003003","Block 3003, Block Group 3, Census Tract 9687, Windham County, Vermont","44","42","2"
"1000000US500259687003004","Block 3004, Block Group 3, Census Tract 9687, Windham County, Vermont","11","11","0"
"1000000US500259687003005","Block 3005, Block Group 3, Census Tract 9687, Windham County, Vermont","2","2","0"
"1000000US500259687003006","Block 3006, Block Group 3, Census Tract 9687, Windham County, Vermont","0","0","0"
"1000000US500259687003007","Block 3007, Block Group 3, Census Tract 9687, Windham County, Vermont","11","11","0"
"1000000US500259687003008","Block 3008, Block Group 3, Census Tract 9687, Windham County, Vermont","1","1","0"
"1000000US500259687003009","Block 3009, Block Group 3, Census Tract 9687, Windham County, Vermont","3","3","0"
"1000000US500259687003010","Block 3010, Block Group 3, Census Tract 9687, Windham County, Vermont","0","0","0"
"1000000US500259687003011","Block 3011, Block Group 3, Census Tract 9687, Windham County, Vermont","3","3","0"
"1000000US500259687003012","Block 3012, Block Group 3, Census Tract 9687, Windham County, Vermont","1","1","0"
"1000000US500259687003013","Block 3013, Block Group 3, Census Tract 9687, Windham County, Vermont","0","0","0"
"1000000US500259687003014","Block 3014, Block Group 3, Census Tract 9687, Windham County, Vermont","0","0","0"
"1000000US500259687003015","Block 3015, Block Group 3, Census Tract 9687, Windham County, Vermont","0","0","0"
"1000000US500259687003016","Block 3016, Block Group 3, Census Tract 9687, Windham County, Vermont","0","0","0"
"1000000US500259687003017","Block 3017, Block Group 3, Census Tract 9687, Windham County, Vermont","0","0","0"
"1000000US500259687003018","Block 3018, Block Group 3, Census Tract 9687, Windham County, Vermont","0","0","0"
"1000000US500259687003019","Block 3019, Block Group 3, Census Tract 9687, Windham County, Vermont","1","1","0"
"1000000US500259687003020","Block 3020, Block Group 3, Census Tract 9687, Windham County, Vermont","5","5","0"
"1000000US500259687003021","Block 3021, Block Group 3, Census Tract 9687, Windham County, Vermont","0","0","0"
"1000000US500259687003022","Block 3022, Block Group 3, Census Tract 9687, Windham County, Vermont","0","0","0"
"1000000US500259687003023","Block 3023, Block Group 3, Census Tract 9687, Windham County, Vermont","52","50","2"
"1000000US500259687003024","Block 3024, Block Group 3, Census Tract 9687, Windham County, Vermont","7","5","2"
"1000000US500259687003025","Block 3025, Block Group 3, Census Tract 9687, Windham County, Vermont","0","0","0"
"1000000US500259687003026","Block 3026, Block Group 3, Census Tract 9687, Windham County, Vermont","0","0","0"
"1000000US500259687003027","Block 3027, Block Group 3, Census Tract 9687, Windham County, Vermont","4","4","0"
"1000000US500259687003028","Block 3028, Block Group 3, Census Tract 9687, Windham County, Vermont","2","2","0"
"1000000US500259687003029","Block 3029, Block Group 3, Census Tract 9687, Windham County, Vermont","28","26","2"
"1000000US500259687003030","Block 3030, Block Group 3, Census Tract 9687, Windham County, Vermont","0","0","0"
"1000000US500259687003031","Block 3031, Block Group 3, Census Tract 9687, Windham County, Vermont","0","0","0"
"1000000US500259687003032","Block 3032, Block Group 3, Census Tract 9687, Windham County, Vermont","0","0","0"
"1000000US500259687003033","Block 3033, Block Group 3, Census Tract 9687, Windham County, Vermont","26","23","3"
"1000000US500259687003034","Block 3034, Block Group 3, Census Tract 9687, Windham County, Vermont","0","0","0"
"1000000US500259687003035","Block 3035, Block Group 3, Census Tract 9687, Windham County, Vermont","0","0","0"
"1000000US500259687003036","Block 3036, Block Group 3, Census Tract 9687, Windham County, Vermont","0","0","0"
"1000000US500259687003037","Block 3037, Block Group 3, Census Tract 9687, Windham County, Vermont","46","44","2"
"1000000US500259687003038","Block 3038, Block Group 3, Census Tract 9687, Windham County, Vermont","6","5","1"
"1000000US500259687003039","Block 3039, Block Group 3, Census Tract 9687, Windham County, Vermont","12","10","2"
"1000000US500259687003040","Block 3040, Block Group 3, Census Tract 9687, Windham County, Vermont","6","6","0"
"1000000US500259687003041","Block 3041, Block Group 3, Census Tract 9687, Windham County, Vermont","0","0","0"
"1000000US500259687003042","Block 3042, Block Group 3, Census Tract 9687, Windham County, Vermont","24","21","3"
"1000000US500259687003043","Block 3043, Block Group 3, Census Tract 9687, Windham County, Vermont","0","0","0"
"1000000US500259687003044","Block 3044, Block Group 3, Census Tract 9687, Windham County, Vermont","6","5","1"
"1000000US500259687003045","Block 3045, Block Group 3, Census Tract 9687, Windham County, Vermont","2","2","0"
"1000000US500259687003046","Block 3046, Block Group 3, Census Tract 9687, Windham County, Vermont","68","67","1"
"1000000US500259687003047","Block 3047, Block Group 3, Census Tract 9687, Windham County, Vermont","80","77","3"
"1000000US500259687003048","Block 3048, Block Group 3, Census Tract 9687, Windham County, Vermont","0","0","0"
"1000000US500259687003049","Block 3049, Block Group 3, Census Tract 9687, Windham County, Vermont","33","27","6"
"1000000US500259687003050","Block 3050, Block Group 3, Census Tract 9687, Windham County, Vermont","2","2","0"
"1000000US500259687003051","Block 3051, Block Group 3, Census Tract 9687, Windham County, Vermont","28","28","0"
"1000000US500259687003052","Block 3052, Block Group 3, Census Tract 9687, Windham County, Vermont","0","0","0"
"1000000US500259687003053","Block 3053, Block Group 3, Census Tract 9687, Windham County, Vermont","3","3","0"
"1000000US500259687003054","Block 3054, Block Group 3, Census Tract 9687, Windham County, Vermont","62","59","3"
"1000000US500259687003055","Block 3055, Block Group 3, Census Tract 9687, Windham County, Vermont","0","0","0"
"1000000US500259687003056","Block 3056, Block Group 3, Census Tract 9687, Windham County, Vermont","4","3","1"
"1000000US500259687003057","Block 3057, Block Group 3, Census Tract 9687, Windham County, Vermont","0","0","0"
"1000000US500259687003058","Block 3058, Block Group 3, Census Tract 9687, Windham County, Vermont","2","1","1"
"1000000US500259687003059","Block 3059, Block Group 3, Census Tract 9687, Windham County, Vermont","0","0","0"
"1000000US500259687003060","Block 3060, Block Group 3, Census Tract 9687, Windham County, Vermont","1","1","0"
"1000000US500259687003061","Block 3061, Block Group 3, Census Tract 9687, Windham County, Vermont","23","23","0"
"1000000US500259687003062","Block 3062, Block Group 3, Census Tract 9687, Windham County, Vermont","121","116","5"
"1000000US500259687003063","Block 3063, Block Group 3, Census Tract 9687, Windham County, Vermont","1","1","0"
"1000000US500259687003064","Block 3064, Block Group 3, Census Tract 9687, Windham County, Vermont","0","0","0"
"1000000US500259687003065","Block 3065, Block Group 3, Census Tract 9687, Windham County, Vermont","0","0","0"
"1000000US500259687003066","Block 3066, Block Group 3, Census Tract 9687, Windham County, Vermont","1","1","0"
"1000000US500259687003067","Block 3067, Block Group 3, Census Tract 9687, Windham County, Vermont","10","9","1"
"1000000US500259687003068","Block 3068, Block Group 3, Census Tract 9687, Windham County, Vermont","0","0","0"
"1000000US500259687003069","Block 3069, Block Group 3, Census Tract 9687, Windham County, Vermont","29","29","0"
"1000000US500259687003070","Block 3070, Block Group 3, Census Tract 9687, Windham County, Vermont","2","2","0"
"1000000US500259687003071","Block 3071, Block Group 3, Census Tract 9687, Windham County, Vermont","3","3","0"
"1000000US500259687003072","Block 3072, Block Group 3, Census Tract 9687, Windham County, Vermont","16","13","3"
"1000000US500259687003073","Block 3073, Block Group 3, Census Tract 9687, Windham County, Vermont","1","1","0"
"1000000US500259687003074","Block 3074, Block Group 3, Census Tract 9687, Windham County, Vermont","4","3","1"
"1000000US500259687003075","Block 3075, Block Group 3, Census Tract 9687, Windham County, Vermont","19","19","0"
"1000000US500259687003076","Block 3076, Block Group 3, Census Tract 9687, Windham County, Vermont","1","1","0"
"1000000US500259687003077","Block 3077, Block Group 3, Census Tract 9687, Windham County, Vermont","2","2","0"
"1000000US500259687003078","Block 3078, Block Group 3, Census Tract 9687, Windham County, Vermont","0","0","0"
"1000000US500259687003079","Block 3079, Block Group 3, Census Tract 9687, Windham County, Vermont","7","6","1"
"1000000US500259687003080","Block 3080, Block Group 3, Census Tract 9687, Windham County, Vermont","21","21","0"
"1000000US500259687003081","Block 3081, Block Group 3, Census Tract 9687, Windham County, Vermont","6","2","4"
"1000000US500259687003082","Block 3082, Block Group 3, Census Tract 9687, Windham County, Vermont","0","0","0"
"1000000US500259687003083","Block 3083, Block Group 3, Census Tract 9687, Windham County, Vermont","4","4","0"
"1000000US500259687003084","Block 3084, Block Group 3, Census Tract 9687, Windham County, Vermont","1","1","0"
"1000000US500259687003085","Block 3085, Block Group 3, Census Tract 9687, Windham County, Vermont","5","3","2"
"1000000US500259687003086","Block 3086, Block Group 3, Census Tract 9687, Windham County, Vermont","0","0","0"
"1000000US500259687003087","Block 3087, Block Group 3, Census Tract 9687, Windham County, Vermont","30","27","3"
"1000000US500259687003088","Block 3088, Block Group 3, Census Tract 9687, Windham County, Vermont","21","18","3"
"1000000US500259687003089","Block 3089, Block Group 3, Census Tract 9687, Windham County, Vermont","0","0","0"
"1000000US500259687003090","Block 3090, Block Group 3, Census Tract 9687, Windham County, Vermont","0","0","0"
"1000000US500279650001000","Block 1000, Block Group 1, Census Tract 9650, Windsor County, Vermont","10","8","2"
"1000000US500279650001001","Block 1001, Block Group 1, Census Tract 9650, Windsor County, Vermont","0","0","0"
"1000000US500279650001002","Block 1002, Block Group 1, Census Tract 9650, Windsor County, Vermont","0","0","0"
"1000000US500279650001003","Block 1003, Block Group 1, Census Tract 9650, Windsor County, Vermont","8","8","0"
"1000000US500279650001004","Block 1004, Block Group 1, Census Tract 9650, Windsor County, Vermont","0","0","0"
"1000000US500279650001005","Block 1005, Block Group 1, Census Tract 9650, Windsor County, Vermont","1","1","0"
"1000000US500279650001006","Block 1006, Block Group 1, Census Tract 9650, Windsor County, Vermont","13","13","0"
"1000000US500279650001007","Block 1007, Block Group 1, Census Tract 9650, Windsor County, Vermont","3","3","0"
"1000000US500279650001008","Block 1008, Block Group 1, Census Tract 9650, Windsor County, Vermont","0","0","0"
"1000000US500279650001009","Block 1009, Block Group 1, Census Tract 9650, Windsor County, Vermont","8","8","0"
"1000000US500279650001010","Block 1010, Block Group 1, Census Tract 9650, Windsor County, Vermont","10","5","5"
"1000000US500279650001011","Block 1011, Block Group 1, Census Tract 9650, Windsor County, Vermont","1","1","0"
"1000000US500279650001012","Block 1012, Block Group 1, Census Tract 9650, Windsor County, Vermont","9","8","1"
"1000000US500279650001013","Block 1013, Block Group 1, Census Tract 9650, Windsor County, Vermont","1","1","0"
"1000000US500279650001014","Block 1014, Block Group 1, Census Tract 9650, Windsor County, Vermont","12","10","2"
"1000000US500279650001015","Block 1015, Block Group 1, Census Tract 9650, Windsor County, Vermont","0","0","0"
"1000000US500279650001016","Block 1016, Block Group 1, Census Tract 9650, Windsor County, Vermont","9","8","1"
"1000000US500279650001017","Block 1017, Block Group 1, Census Tract 9650, Windsor County, Vermont","1","0","1"
"1000000US500279650001018","Block 1018, Block Group 1, Census Tract 9650, Windsor County, Vermont","1","1","0"
"1000000US500279650001019","Block 1019, Block Group 1, Census Tract 9650, Windsor County, Vermont","0","0","0"
"1000000US500279650001020","Block 1020, Block Group 1, Census Tract 9650, Windsor County, Vermont","0","0","0"
"1000000US500279650001021","Block 1021, Block Group 1, Census Tract 9650, Windsor County, Vermont","0","0","0"
"1000000US500279650001022","Block 1022, Block Group 1, Census Tract 9650, Windsor County, Vermont","0","0","0"
"1000000US500279650001023","Block 1023, Block Group 1, Census Tract 9650, Windsor County, Vermont","0","0","0"
"1000000US500279650001024","Block 1024, Block Group 1, Census Tract 9650, Windsor County, Vermont","0","0","0"
"1000000US500279650001025","Block 1025, Block Group 1, Census Tract 9650, Windsor County, Vermont","0","0","0"
"1000000US500279650001026","Block 1026, Block Group 1, Census Tract 9650, Windsor County, Vermont","5","4","1"
"1000000US500279650001027","Block 1027, Block Group 1, Census Tract 9650, Windsor County, Vermont","0","0","0"
"1000000US500279650001028","Block 1028, Block Group 1, Census Tract 9650, Windsor County, Vermont","0","0","0"
"1000000US500279650001029","Block 1029, Block Group 1, Census Tract 9650, Windsor County, Vermont","0","0","0"
"1000000US500279650001030","Block 1030, Block Group 1, Census Tract 9650, Windsor County, Vermont","8","7","1"
"1000000US500279650001031","Block 1031, Block Group 1, Census Tract 9650, Windsor County, Vermont","14","10","4"
"1000000US500279650001032","Block 1032, Block Group 1, Census Tract 9650, Windsor County, Vermont","18","16","2"
"1000000US500279650001033","Block 1033, Block Group 1, Census Tract 9650, Windsor County, Vermont","1","0","1"
"1000000US500279650001034","Block 1034, Block Group 1, Census Tract 9650, Windsor County, Vermont","1","1","0"
"1000000US500279650001035","Block 1035, Block Group 1, Census Tract 9650, Windsor County, Vermont","0","0","0"
"1000000US500279650001036","Block 1036, Block Group 1, Census Tract 9650, Windsor County, Vermont","11","10","1"
"1000000US500279650001037","Block 1037, Block Group 1, Census Tract 9650, Windsor County, Vermont","0","0","0"
"1000000US500279650001038","Block 1038, Block Group 1, Census Tract 9650, Windsor County, Vermont","0","0","0"
"1000000US500279650001039","Block 1039, Block Group 1, Census Tract 9650, Windsor County, Vermont","34","32","2"
"1000000US500279650001040","Block 1040, Block Group 1, Census Tract 9650, Windsor County, Vermont","1","1","0"
"1000000US500279650001041","Block 1041, Block Group 1, Census Tract 9650, Windsor County, Vermont","1","1","0"
"1000000US500279650001042","Block 1042, Block Group 1, Census Tract 9650, Windsor County, Vermont","0","0","0"
"1000000US500279650001043","Block 1043, Block Group 1, Census Tract 9650, Windsor County, Vermont","0","0","0"
"1000000US500279650001044","Block 1044, Block Group 1, Census Tract 9650, Windsor County, Vermont","1","1","0"
"1000000US500279650001045","Block 1045, Block Group 1, Census Tract 9650, Windsor County, Vermont","9","7","2"
"1000000US500279650001046","Block 1046, Block Group 1, Census Tract 9650, Windsor County, Vermont","42","38","4"
"1000000US500279650001047","Block 1047, Block Group 1, Census Tract 9650, Windsor County, Vermont","1","1","0"
"1000000US500279650001048","Block 1048, Block Group 1, Census Tract 9650, Windsor County, Vermont","0","0","0"
"1000000US500279650001049","Block 1049, Block Group 1, Census Tract 9650, Windsor County, Vermont","42","36","6"
"1000000US500279650001050","Block 1050, Block Group 1, Census Tract 9650, Windsor County, Vermont","15","14","1"
"1000000US500279650001051","Block 1051, Block Group 1, Census Tract 9650, Windsor County, Vermont","0","0","0"
"1000000US500279650001052","Block 1052, Block Group 1, Census Tract 9650, Windsor County, Vermont","1","1","0"
"1000000US500279650001053","Block 1053, Block Group 1, Census Tract 9650, Windsor County, Vermont","0","0","0"
"1000000US500279650001054","Block 1054, Block Group 1, Census Tract 9650, Windsor County, Vermont","1","1","0"
"1000000US500279650001055","Block 1055, Block Group 1, Census Tract 9650, Windsor County, Vermont","0","0","0"
"1000000US500279650001056","Block 1056, Block Group 1, Census Tract 9650, Windsor County, Vermont","11","10","1"
"1000000US500279650001057","Block 1057, Block Group 1, Census Tract 9650, Windsor County, Vermont","1","1","0"
"1000000US500279650001058","Block 1058, Block Group 1, Census Tract 9650, Windsor County, Vermont","0","0","0"
"1000000US500279650001059","Block 1059, Block Group 1, Census Tract 9650, Windsor County, Vermont","0","0","0"
"1000000US500279650001060","Block 1060, Block Group 1, Census Tract 9650, Windsor County, Vermont","0","0","0"
"1000000US500279650001061","Block 1061, Block Group 1, Census Tract 9650, Windsor County, Vermont","0","0","0"
"1000000US500279650001062","Block 1062, Block Group 1, Census Tract 9650, Windsor County, Vermont","0","0","0"
"1000000US500279650001063","Block 1063, Block Group 1, Census Tract 9650, Windsor County, Vermont","7","7","0"
"1000000US500279650001064","Block 1064, Block Group 1, Census Tract 9650, Windsor County, Vermont","0","0","0"
"1000000US500279650001065","Block 1065, Block Group 1, Census Tract 9650, Windsor County, Vermont","0","0","0"
"1000000US500279650001066","Block 1066, Block Group 1, Census Tract 9650, Windsor County, Vermont","125","114","11"
"1000000US500279650001067","Block 1067, Block Group 1, Census Tract 9650, Windsor County, Vermont","2","2","0"
"1000000US500279650001068","Block 1068, Block Group 1, Census Tract 9650, Windsor County, Vermont","2","2","0"
"1000000US500279650001069","Block 1069, Block Group 1, Census Tract 9650, Windsor County, Vermont","7","7","0"
"1000000US500279650001070","Block 1070, Block Group 1, Census Tract 9650, Windsor County, Vermont","14","11","3"
"1000000US500279650001071","Block 1071, Block Group 1, Census Tract 9650, Windsor County, Vermont","14","14","0"
"1000000US500279650001072","Block 1072, Block Group 1, Census Tract 9650, Windsor County, Vermont","8","6","2"
"1000000US500279650001073","Block 1073, Block Group 1, Census Tract 9650, Windsor County, Vermont","0","0","0"
"1000000US500279650001074","Block 1074, Block Group 1, Census Tract 9650, Windsor County, Vermont","25","20","5"
"1000000US500279650001075","Block 1075, Block Group 1, Census Tract 9650, Windsor County, Vermont","4","3","1"
"1000000US500279650001076","Block 1076, Block Group 1, Census Tract 9650, Windsor County, Vermont","4","3","1"
"1000000US500279650001077","Block 1077, Block Group 1, Census Tract 9650, Windsor County, Vermont","4","3","1"
"1000000US500279650001078","Block 1078, Block Group 1, Census Tract 9650, Windsor County, Vermont","4","4","0"
"1000000US500279650001079","Block 1079, Block Group 1, Census Tract 9650, Windsor County, Vermont","3","3","0"
"1000000US500279650001080","Block 1080, Block Group 1, Census Tract 9650, Windsor County, Vermont","0","0","0"
"1000000US500279650001081","Block 1081, Block Group 1, Census Tract 9650, Windsor County, Vermont","0","0","0"
"1000000US500279650001082","Block 1082, Block Group 1, Census Tract 9650, Windsor County, Vermont","2","2","0"
"1000000US500279650001083","Block 1083, Block Group 1, Census Tract 9650, Windsor County, Vermont","0","0","0"
"1000000US500279650001084","Block 1084, Block Group 1, Census Tract 9650, Windsor County, Vermont","13","12","1"
"1000000US500279650001085","Block 1085, Block Group 1, Census Tract 9650, Windsor County, Vermont","0","0","0"
"1000000US500279650001086","Block 1086, Block Group 1, Census Tract 9650, Windsor County, Vermont","7","7","0"
"1000000US500279650001087","Block 1087, Block Group 1, Census Tract 9650, Windsor County, Vermont","0","0","0"
"1000000US500279650001088","Block 1088, Block Group 1, Census Tract 9650, Windsor County, Vermont","22","18","4"
"1000000US500279650001089","Block 1089, Block Group 1, Census Tract 9650, Windsor County, Vermont","3","3","0"
"1000000US500279650001090","Block 1090, Block Group 1, Census Tract 9650, Windsor County, Vermont","0","0","0"
"1000000US500279650001091","Block 1091, Block Group 1, Census Tract 9650, Windsor County, Vermont","0","0","0"
"1000000US500279650001092","Block 1092, Block Group 1, Census Tract 9650, Windsor County, Vermont","0","0","0"
"1000000US500279650001093","Block 1093, Block Group 1, Census Tract 9650, Windsor County, Vermont","0","0","0"
"1000000US500279650001094","Block 1094, Block Group 1, Census Tract 9650, Windsor County, Vermont","0","0","0"
"1000000US500279650001095","Block 1095, Block Group 1, Census Tract 9650, Windsor County, Vermont","0","0","0"
"1000000US500279650001096","Block 1096, Block Group 1, Census Tract 9650, Windsor County, Vermont","0","0","0"
"1000000US500279650001097","Block 1097, Block Group 1, Census Tract 9650, Windsor County, Vermont","1","1","0"
"1000000US500279650001098","Block 1098, Block Group 1, Census Tract 9650, Windsor County, Vermont","0","0","0"
"1000000US500279650001099","Block 1099, Block Group 1, Census Tract 9650, Windsor County, Vermont","25","24","1"
"1000000US500279650001100","Block 1100, Block Group 1, Census Tract 9650, Windsor County, Vermont","0","0","0"
"1000000US500279650001101","Block 1101, Block Group 1, Census Tract 9650, Windsor County, Vermont","0","0","0"
"1000000US500279650001102","Block 1102, Block Group 1, Census Tract 9650, Windsor County, Vermont","3","3","0"
"1000000US500279650001103","Block 1103, Block Group 1, Census Tract 9650, Windsor County, Vermont","0","0","0"
"1000000US500279650001104","Block 1104, Block Group 1, Census Tract 9650, Windsor County, Vermont","0","0","0"
"1000000US500279650001105","Block 1105, Block Group 1, Census Tract 9650, Windsor County, Vermont","0","0","0"
"1000000US500279650001106","Block 1106, Block Group 1, Census Tract 9650, Windsor County, Vermont","0","0","0"
"1000000US500279650002000","Block 2000, Block Group 2, Census Tract 9650, Windsor County, Vermont","5","4","1"
"1000000US500279650002001","Block 2001, Block Group 2, Census Tract 9650, Windsor County, Vermont","30","26","4"
"1000000US500279650002002","Block 2002, Block Group 2, Census Tract 9650, Windsor County, Vermont","21","20","1"
"1000000US500279650002003","Block 2003, Block Group 2, Census Tract 9650, Windsor County, Vermont","0","0","0"
"1000000US500279650002004","Block 2004, Block Group 2, Census Tract 9650, Windsor County, Vermont","0","0","0"
"1000000US500279650002005","Block 2005, Block Group 2, Census Tract 9650, Windsor County, Vermont","132","119","13"
"1000000US500279650002006","Block 2006, Block Group 2, Census Tract 9650, Windsor County, Vermont","0","0","0"
"1000000US500279650002007","Block 2007, Block Group 2, Census Tract 9650, Windsor County, Vermont","6","6","0"
"1000000US500279650002008","Block 2008, Block Group 2, Census Tract 9650, Windsor County, Vermont","4","4","0"
"1000000US500279650002009","Block 2009, Block Group 2, Census Tract 9650, Windsor County, Vermont","5","5","0"
"1000000US500279650002010","Block 2010, Block Group 2, Census Tract 9650, Windsor County, Vermont","3","3","0"
"1000000US500279650002011","Block 2011, Block Group 2, Census Tract 9650, Windsor County, Vermont","1","1","0"
"1000000US500279650002012","Block 2012, Block Group 2, Census Tract 9650, Windsor County, Vermont","40","30","10"
"1000000US500279650002013","Block 2013, Block Group 2, Census Tract 9650, Windsor County, Vermont","1","1","0"
"1000000US500279650002014","Block 2014, Block Group 2, Census Tract 9650, Windsor County, Vermont","0","0","0"
"1000000US500279650002015","Block 2015, Block Group 2, Census Tract 9650, Windsor County, Vermont","0","0","0"
"1000000US500279650002016","Block 2016, Block Group 2, Census Tract 9650, Windsor County, Vermont","7","7","0"
"1000000US500279650002017","Block 2017, Block Group 2, Census Tract 9650, Windsor County, Vermont","1","1","0"
"1000000US500279650002018","Block 2018, Block Group 2, Census Tract 9650, Windsor County, Vermont","0","0","0"
"1000000US500279650002019","Block 2019, Block Group 2, Census Tract 9650, Windsor County, Vermont","5","5","0"
"1000000US500279650002020","Block 2020, Block Group 2, Census Tract 9650, Windsor County, Vermont","3","1","2"
"1000000US500279650002021","Block 2021, Block Group 2, Census Tract 9650, Windsor County, Vermont","0","0","0"
"1000000US500279650002022","Block 2022, Block Group 2, Census Tract 9650, Windsor County, Vermont","1","1","0"
"1000000US500279650002023","Block 2023, Block Group 2, Census Tract 9650, Windsor County, Vermont","1","1","0"
"1000000US500279650002024","Block 2024, Block Group 2, Census Tract 9650, Windsor County, Vermont","1","1","0"
"1000000US500279650002025","Block 2025, Block Group 2, Census Tract 9650, Windsor County, Vermont","15","11","4"
"1000000US500279650002026","Block 2026, Block Group 2, Census Tract 9650, Windsor County, Vermont","0","0","0"
"1000000US500279650002027","Block 2027, Block Group 2, Census Tract 9650, Windsor County, Vermont","13","12","1"
"1000000US500279650002028","Block 2028, Block Group 2, Census Tract 9650, Windsor County, Vermont","26","22","4"
"1000000US500279650002029","Block 2029, Block Group 2, Census Tract 9650, Windsor County, Vermont","0","0","0"
"1000000US500279650002030","Block 2030, Block Group 2, Census Tract 9650, Windsor County, Vermont","0","0","0"
"1000000US500279650002031","Block 2031, Block Group 2, Census Tract 9650, Windsor County, Vermont","0","0","0"
"1000000US500279650002032","Block 2032, Block Group 2, Census Tract 9650, Windsor County, Vermont","1","1","0"
"1000000US500279650002033","Block 2033, Block Group 2, Census Tract 9650, Windsor County, Vermont","7","7","0"
"1000000US500279650002034","Block 2034, Block Group 2, Census Tract 9650, Windsor County, Vermont","7","5","2"
"1000000US500279650002035","Block 2035, Block Group 2, Census Tract 9650, Windsor County, Vermont","2","2","0"
"1000000US500279650002036","Block 2036, Block Group 2, Census Tract 9650, Windsor County, Vermont","0","0","0"
"1000000US500279650002037","Block 2037, Block Group 2, Census Tract 9650, Windsor County, Vermont","32","30","2"
"1000000US500279650002038","Block 2038, Block Group 2, Census Tract 9650, Windsor County, Vermont","20","18","2"
"1000000US500279650002039","Block 2039, Block Group 2, Census Tract 9650, Windsor County, Vermont","4","4","0"
"1000000US500279650002040","Block 2040, Block Group 2, Census Tract 9650, Windsor County, Vermont","1","1","0"
"1000000US500279650002041","Block 2041, Block Group 2, Census Tract 9650, Windsor County, Vermont","0","0","0"
"1000000US500279650002042","Block 2042, Block Group 2, Census Tract 9650, Windsor County, Vermont","1","1","0"
"1000000US500279650002043","Block 2043, Block Group 2, Census Tract 9650, Windsor County, Vermont","2","2","0"
"1000000US500279650002044","Block 2044, Block Group 2, Census Tract 9650, Windsor County, Vermont","1","1","0"
"1000000US500279650002045","Block 2045, Block Group 2, Census Tract 9650, Windsor County, Vermont","0","0","0"
"1000000US500279650002046","Block 2046, Block Group 2, Census Tract 9650, Windsor County, Vermont","2","2","0"
"1000000US500279650002047","Block 2047, Block Group 2, Census Tract 9650, Windsor County, Vermont","0","0","0"
"1000000US500279650002048","Block 2048, Block Group 2, Census Tract 9650, Windsor County, Vermont","2","2","0"
"1000000US500279650002049","Block 2049, Block Group 2, Census Tract 9650, Windsor County, Vermont","0","0","0"
"1000000US500279650002050","Block 2050, Block Group 2, Census Tract 9650, Windsor County, Vermont","10","10","0"
"1000000US500279650002051","Block 2051, Block Group 2, Census Tract 9650, Windsor County, Vermont","90","78","12"
"1000000US500279650002052","Block 2052, Block Group 2, Census Tract 9650, Windsor County, Vermont","0","0","0"
"1000000US500279650002053","Block 2053, Block Group 2, Census Tract 9650, Windsor County, Vermont","3","2","1"
"1000000US500279650002054","Block 2054, Block Group 2, Census Tract 9650, Windsor County, Vermont","32","28","4"
"1000000US500279650002055","Block 2055, Block Group 2, Census Tract 9650, Windsor County, Vermont","0","0","0"
"1000000US500279650002056","Block 2056, Block Group 2, Census Tract 9650, Windsor County, Vermont","0","0","0"
"1000000US500279650002057","Block 2057, Block Group 2, Census Tract 9650, Windsor County, Vermont","11","8","3"
"1000000US500279650002058","Block 2058, Block Group 2, Census Tract 9650, Windsor County, Vermont","18","18","0"
"1000000US500279650002059","Block 2059, Block Group 2, Census Tract 9650, Windsor County, Vermont","41","38","3"
"1000000US500279650002060","Block 2060, Block Group 2, Census Tract 9650, Windsor County, Vermont","0","0","0"
"1000000US500279650002061","Block 2061, Block Group 2, Census Tract 9650, Windsor County, Vermont","0","0","0"
"1000000US500279650002062","Block 2062, Block Group 2, Census Tract 9650, Windsor County, Vermont","5","4","1"
"1000000US500279650002063","Block 2063, Block Group 2, Census Tract 9650, Windsor County, Vermont","7","7","0"
"1000000US500279650002064","Block 2064, Block Group 2, Census Tract 9650, Windsor County, Vermont","2","1","1"
"1000000US500279650002065","Block 2065, Block Group 2, Census Tract 9650, Windsor County, Vermont","26","20","6"
"1000000US500279650002066","Block 2066, Block Group 2, Census Tract 9650, Windsor County, Vermont","1","1","0"
"1000000US500279650002067","Block 2067, Block Group 2, Census Tract 9650, Windsor County, Vermont","3","3","0"
"1000000US500279650002068","Block 2068, Block Group 2, Census Tract 9650, Windsor County, Vermont","7","7","0"
"1000000US500279650002069","Block 2069, Block Group 2, Census Tract 9650, Windsor County, Vermont","0","0","0"
"1000000US500279650002070","Block 2070, Block Group 2, Census Tract 9650, Windsor County, Vermont","0","0","0"
"1000000US500279650002071","Block 2071, Block Group 2, Census Tract 9650, Windsor County, Vermont","1","1","0"
"1000000US500279650002072","Block 2072, Block Group 2, Census Tract 9650, Windsor County, Vermont","0","0","0"
"1000000US500279650002073","Block 2073, Block Group 2, Census Tract 9650, Windsor County, Vermont","0","0","0"
"1000000US500279650002074","Block 2074, Block Group 2, Census Tract 9650, Windsor County, Vermont","0","0","0"
"1000000US500279650002075","Block 2075, Block Group 2, Census Tract 9650, Windsor County, Vermont","31","28","3"
"1000000US500279650002076","Block 2076, Block Group 2, Census Tract 9650, Windsor County, Vermont","0","0","0"
"1000000US500279650002077","Block 2077, Block Group 2, Census Tract 9650, Windsor County, Vermont","4","3","1"
"1000000US500279650002078","Block 2078, Block Group 2, Census Tract 9650, Windsor County, Vermont","19","19","0"
"1000000US500279650002079","Block 2079, Block Group 2, Census Tract 9650, Windsor County, Vermont","19","18","1"
"1000000US500279650002080","Block 2080, Block Group 2, Census Tract 9650, Windsor County, Vermont","11","10","1"
"1000000US500279650002081","Block 2081, Block Group 2, Census Tract 9650, Windsor County, Vermont","21","18","3"
"1000000US500279650002082","Block 2082, Block Group 2, Census Tract 9650, Windsor County, Vermont","8","8","0"
"1000000US500279650002083","Block 2083, Block Group 2, Census Tract 9650, Windsor County, Vermont","0","0","0"
"1000000US500279650002084","Block 2084, Block Group 2, Census Tract 9650, Windsor County, Vermont","35","33","2"
"1000000US500279650002085","Block 2085, Block Group 2, Census Tract 9650, Windsor County, Vermont","2","2","0"
"1000000US500279650002086","Block 2086, Block Group 2, Census Tract 9650, Windsor County, Vermont","11","10","1"
"1000000US500279650002087","Block 2087, Block Group 2, Census Tract 9650, Windsor County, Vermont","61","58","3"
"1000000US500279650002088","Block 2088, Block Group 2, Census Tract 9650, Windsor County, Vermont","0","0","0"
"1000000US500279650002089","Block 2089, Block Group 2, Census Tract 9650, Windsor County, Vermont","0","0","0"
"1000000US500279650002090","Block 2090, Block Group 2, Census Tract 9650, Windsor County, Vermont","7","6","1"
"1000000US500279650002091","Block 2091, Block Group 2, Census Tract 9650, Windsor County, Vermont","6","6","0"
"1000000US500279650002092","Block 2092, Block Group 2, Census Tract 9650, Windsor County, Vermont","11","9","2"
"1000000US500279650002093","Block 2093, Block Group 2, Census Tract 9650, Windsor County, Vermont","3","3","0"
"1000000US500279650002094","Block 2094, Block Group 2, Census Tract 9650, Windsor County, Vermont","2","1","1"
"1000000US500279650002095","Block 2095, Block Group 2, Census Tract 9650, Windsor County, Vermont","0","0","0"
"1000000US500279650002096","Block 2096, Block Group 2, Census Tract 9650, Windsor County, Vermont","0","0","0"
"1000000US500279650002097","Block 2097, Block Group 2, Census Tract 9650, Windsor County, Vermont","0","0","0"
"1000000US500279650002098","Block 2098, Block Group 2, Census Tract 9650, Windsor County, Vermont","0","0","0"
"1000000US500279650002099","Block 2099, Block Group 2, Census Tract 9650, Windsor County, Vermont","0","0","0"
"1000000US500279650002100","Block 2100, Block Group 2, Census Tract 9650, Windsor County, Vermont","26","24","2"
"1000000US500279650002101","Block 2101, Block Group 2, Census Tract 9650, Windsor County, Vermont","2","2","0"
"1000000US500279650002102","Block 2102, Block Group 2, Census Tract 9650, Windsor County, Vermont","8","7","1"
"1000000US500279650002103","Block 2103, Block Group 2, Census Tract 9650, Windsor County, Vermont","1","1","0"
"1000000US500279650002104","Block 2104, Block Group 2, Census Tract 9650, Windsor County, Vermont","0","0","0"
"1000000US500279650002105","Block 2105, Block Group 2, Census Tract 9650, Windsor County, Vermont","1","1","0"
"1000000US500279651001000","Block 1000, Block Group 1, Census Tract 9651, Windsor County, Vermont","21","11","10"
"1000000US500279651001001","Block 1001, Block Group 1, Census Tract 9651, Windsor County, Vermont","50","40","10"
"1000000US500279651001002","Block 1002, Block Group 1, Census Tract 9651, Windsor County, Vermont","0","0","0"
"1000000US500279651001003","Block 1003, Block Group 1, Census Tract 9651, Windsor County, Vermont","23","20","3"
"1000000US500279651001004","Block 1004, Block Group 1, Census Tract 9651, Windsor County, Vermont","0","0","0"
"1000000US500279651001005","Block 1005, Block Group 1, Census Tract 9651, Windsor County, Vermont","14","13","1"
"1000000US500279651001006","Block 1006, Block Group 1, Census Tract 9651, Windsor County, Vermont","0","0","0"
"1000000US500279651001007","Block 1007, Block Group 1, Census Tract 9651, Windsor County, Vermont","0","0","0"
"1000000US500279651001008","Block 1008, Block Group 1, Census Tract 9651, Windsor County, Vermont","72","65","7"
"1000000US500279651001009","Block 1009, Block Group 1, Census Tract 9651, Windsor County, Vermont","3","3","0"
"1000000US500279651001010","Block 1010, Block Group 1, Census Tract 9651, Windsor County, Vermont","0","0","0"
"1000000US500279651001011","Block 1011, Block Group 1, Census Tract 9651, Windsor County, Vermont","11","10","1"
"1000000US500279651001012","Block 1012, Block Group 1, Census Tract 9651, Windsor County, Vermont","12","11","1"
"1000000US500279651001013","Block 1013, Block Group 1, Census Tract 9651, Windsor County, Vermont","4","3","1"
"1000000US500279651001014","Block 1014, Block Group 1, Census Tract 9651, Windsor County, Vermont","2","2","0"
"1000000US500279651001015","Block 1015, Block Group 1, Census Tract 9651, Windsor County, Vermont","0","0","0"
"1000000US500279651001016","Block 1016, Block Group 1, Census Tract 9651, Windsor County, Vermont","0","0","0"
"1000000US500279651001017","Block 1017, Block Group 1, Census Tract 9651, Windsor County, Vermont","0","0","0"
"1000000US500279651001018","Block 1018, Block Group 1, Census Tract 9651, Windsor County, Vermont","0","0","0"
"1000000US500279651001019","Block 1019, Block Group 1, Census Tract 9651, Windsor County, Vermont","0","0","0"
"1000000US500279651001020","Block 1020, Block Group 1, Census Tract 9651, Windsor County, Vermont","0","0","0"
"1000000US500279651001021","Block 1021, Block Group 1, Census Tract 9651, Windsor County, Vermont","0","0","0"
"1000000US500279651001022","Block 1022, Block Group 1, Census Tract 9651, Windsor County, Vermont","0","0","0"
"1000000US500279651001023","Block 1023, Block Group 1, Census Tract 9651, Windsor County, Vermont","2","2","0"
"1000000US500279651001024","Block 1024, Block Group 1, Census Tract 9651, Windsor County, Vermont","1","1","0"
"1000000US500279651001025","Block 1025, Block Group 1, Census Tract 9651, Windsor County, Vermont","131","126","5"
"1000000US500279651001026","Block 1026, Block Group 1, Census Tract 9651, Windsor County, Vermont","0","0","0"
"1000000US500279651001027","Block 1027, Block Group 1, Census Tract 9651, Windsor County, Vermont","3","3","0"
"1000000US500279651001028","Block 1028, Block Group 1, Census Tract 9651, Windsor County, Vermont","0","0","0"
"1000000US500279651001029","Block 1029, Block Group 1, Census Tract 9651, Windsor County, Vermont","0","0","0"
"1000000US500279651001030","Block 1030, Block Group 1, Census Tract 9651, Windsor County, Vermont","28","27","1"
"1000000US500279651001031","Block 1031, Block Group 1, Census Tract 9651, Windsor County, Vermont","12","12","0"
"1000000US500279651001032","Block 1032, Block Group 1, Census Tract 9651, Windsor County, Vermont","0","0","0"
"1000000US500279651001033","Block 1033, Block Group 1, Census Tract 9651, Windsor County, Vermont","0","0","0"
"1000000US500279651001034","Block 1034, Block Group 1, Census Tract 9651, Windsor County, Vermont","0","0","0"
"1000000US500279651001035","Block 1035, Block Group 1, Census Tract 9651, Windsor County, Vermont","132","120","12"
"1000000US500279651001036","Block 1036, Block Group 1, Census Tract 9651, Windsor County, Vermont","0","0","0"
"1000000US500279651001037","Block 1037, Block Group 1, Census Tract 9651, Windsor County, Vermont","0","0","0"
"1000000US500279651001038","Block 1038, Block Group 1, Census Tract 9651, Windsor County, Vermont","0","0","0"
"1000000US500279651001039","Block 1039, Block Group 1, Census Tract 9651, Windsor County, Vermont","31","30","1"
"1000000US500279651001040","Block 1040, Block Group 1, Census Tract 9651, Windsor County, Vermont","0","0","0"
"1000000US500279651002000","Block 2000, Block Group 2, Census Tract 9651, Windsor County, Vermont","4","3","1"
"1000000US500279651002001","Block 2001, Block Group 2, Census Tract 9651, Windsor County, Vermont","0","0","0"
"1000000US500279651002002","Block 2002, Block Group 2, Census Tract 9651, Windsor County, Vermont","1","1","0"
"1000000US500279651002003","Block 2003, Block Group 2, Census Tract 9651, Windsor County, Vermont","0","0","0"
"1000000US500279651002004","Block 2004, Block Group 2, Census Tract 9651, Windsor County, Vermont","4","4","0"
"1000000US500279651002005","Block 2005, Block Group 2, Census Tract 9651, Windsor County, Vermont","1","1","0"
"1000000US500279651002006","Block 2006, Block Group 2, Census Tract 9651, Windsor County, Vermont","2","2","0"
"1000000US500279651002007","Block 2007, Block Group 2, Census Tract 9651, Windsor County, Vermont","6","6","0"
"1000000US500279651002008","Block 2008, Block Group 2, Census Tract 9651, Windsor County, Vermont","0","0","0"
"1000000US500279651002009","Block 2009, Block Group 2, Census Tract 9651, Windsor County, Vermont","63","53","10"
"1000000US500279651002010","Block 2010, Block Group 2, Census Tract 9651, Windsor County, Vermont","0","0","0"
"1000000US500279651002011","Block 2011, Block Group 2, Census Tract 9651, Windsor County, Vermont","3","3","0"
"1000000US500279651002012","Block 2012, Block Group 2, Census Tract 9651, Windsor County, Vermont","2","2","0"
"1000000US500279651002013","Block 2013, Block Group 2, Census Tract 9651, Windsor County, Vermont","21","17","4"
"1000000US500279651002014","Block 2014, Block Group 2, Census Tract 9651, Windsor County, Vermont","1","1","0"
"1000000US500279651002015","Block 2015, Block Group 2, Census Tract 9651, Windsor County, Vermont","3","3","0"
"1000000US500279651002016","Block 2016, Block Group 2, Census Tract 9651, Windsor County, Vermont","4","4","0"
"1000000US500279651002017","Block 2017, Block Group 2, Census Tract 9651, Windsor County, Vermont","64","51","13"
"1000000US500279651002018","Block 2018, Block Group 2, Census Tract 9651, Windsor County, Vermont","4","4","0"
"1000000US500279651002019","Block 2019, Block Group 2, Census Tract 9651, Windsor County, Vermont","2","2","0"
"1000000US500279651002020","Block 2020, Block Group 2, Census Tract 9651, Windsor County, Vermont","9","8","1"
"1000000US500279651002021","Block 2021, Block Group 2, Census Tract 9651, Windsor County, Vermont","0","0","0"
"1000000US500279651002022","Block 2022, Block Group 2, Census Tract 9651, Windsor County, Vermont","0","0","0"
"1000000US500279651002023","Block 2023, Block Group 2, Census Tract 9651, Windsor County, Vermont","14","14","0"
"1000000US500279651002024","Block 2024, Block Group 2, Census Tract 9651, Windsor County, Vermont","0","0","0"
"1000000US500279651002025","Block 2025, Block Group 2, Census Tract 9651, Windsor County, Vermont","0","0","0"
"1000000US500279651002026","Block 2026, Block Group 2, Census Tract 9651, Windsor County, Vermont","0","0","0"
"1000000US500279651002027","Block 2027, Block Group 2, Census Tract 9651, Windsor County, Vermont","0","0","0"
"1000000US500279651002028","Block 2028, Block Group 2, Census Tract 9651, Windsor County, Vermont","0","0","0"
"1000000US500279651002029","Block 2029, Block Group 2, Census Tract 9651, Windsor County, Vermont","5","3","2"
"1000000US500279651002030","Block 2030, Block Group 2, Census Tract 9651, Windsor County, Vermont","0","0","0"
"1000000US500279651002031","Block 2031, Block Group 2, Census Tract 9651, Windsor County, Vermont","2","2","0"
"1000000US500279651002032","Block 2032, Block Group 2, Census Tract 9651, Windsor County, Vermont","1","1","0"
"1000000US500279651002033","Block 2033, Block Group 2, Census Tract 9651, Windsor County, Vermont","0","0","0"
"1000000US500279651002034","Block 2034, Block Group 2, Census Tract 9651, Windsor County, Vermont","2","2","0"
"1000000US500279651002035","Block 2035, Block Group 2, Census Tract 9651, Windsor County, Vermont","14","12","2"
"1000000US500279651002036","Block 2036, Block Group 2, Census Tract 9651, Windsor County, Vermont","0","0","0"
"1000000US500279651002037","Block 2037, Block Group 2, Census Tract 9651, Windsor County, Vermont","0","0","0"
"1000000US500279651002038","Block 2038, Block Group 2, Census Tract 9651, Windsor County, Vermont","38","35","3"
"1000000US500279651002039","Block 2039, Block Group 2, Census Tract 9651, Windsor County, Vermont","0","0","0"
"1000000US500279651002040","Block 2040, Block Group 2, Census Tract 9651, Windsor County, Vermont","6","6","0"
"1000000US500279651002041","Block 2041, Block Group 2, Census Tract 9651, Windsor County, Vermont","0","0","0"
"1000000US500279651002042","Block 2042, Block Group 2, Census Tract 9651, Windsor County, Vermont","0","0","0"
"1000000US500279651002043","Block 2043, Block Group 2, Census Tract 9651, Windsor County, Vermont","81","75","6"
"1000000US500279651002044","Block 2044, Block Group 2, Census Tract 9651, Windsor County, Vermont","3","3","0"
"1000000US500279651002045","Block 2045, Block Group 2, Census Tract 9651, Windsor County, Vermont","13","13","0"
"1000000US500279651002046","Block 2046, Block Group 2, Census Tract 9651, Windsor County, Vermont","0","0","0"
"1000000US500279651002047","Block 2047, Block Group 2, Census Tract 9651, Windsor County, Vermont","14","10","4"
"1000000US500279651002048","Block 2048, Block Group 2, Census Tract 9651, Windsor County, Vermont","0","0","0"
"1000000US500279651002049","Block 2049, Block Group 2, Census Tract 9651, Windsor County, Vermont","0","0","0"
"1000000US500279651002050","Block 2050, Block Group 2, Census Tract 9651, Windsor County, Vermont","7","7","0"
"1000000US500279651002051","Block 2051, Block Group 2, Census Tract 9651, Windsor County, Vermont","0","0","0"
"1000000US500279651002052","Block 2052, Block Group 2, Census Tract 9651, Windsor County, Vermont","8","8","0"
"1000000US500279651002053","Block 2053, Block Group 2, Census Tract 9651, Windsor County, Vermont","0","0","0"
"1000000US500279651002054","Block 2054, Block Group 2, Census Tract 9651, Windsor County, Vermont","49","40","9"
"1000000US500279651002055","Block 2055, Block Group 2, Census Tract 9651, Windsor County, Vermont","4","4","0"
"1000000US500279651002056","Block 2056, Block Group 2, Census Tract 9651, Windsor County, Vermont","1","1","0"
"1000000US500279651002057","Block 2057, Block Group 2, Census Tract 9651, Windsor County, Vermont","0","0","0"
"1000000US500279651002058","Block 2058, Block Group 2, Census Tract 9651, Windsor County, Vermont","28","22","6"
"1000000US500279651002059","Block 2059, Block Group 2, Census Tract 9651, Windsor County, Vermont","0","0","0"
"1000000US500279651002060","Block 2060, Block Group 2, Census Tract 9651, Windsor County, Vermont","0","0","0"
"1000000US500279651002061","Block 2061, Block Group 2, Census Tract 9651, Windsor County, Vermont","0","0","0"
"1000000US500279651002062","Block 2062, Block Group 2, Census Tract 9651, Windsor County, Vermont","0","0","0"
"1000000US500279651002063","Block 2063, Block Group 2, Census Tract 9651, Windsor County, Vermont","2","2","0"
"1000000US500279651002064","Block 2064, Block Group 2, Census Tract 9651, Windsor County, Vermont","5","5","0"
"1000000US500279651002065","Block 2065, Block Group 2, Census Tract 9651, Windsor County, Vermont","0","0","0"
"1000000US500279651002066","Block 2066, Block Group 2, Census Tract 9651, Windsor County, Vermont","2","2","0"
"1000000US500279651002067","Block 2067, Block Group 2, Census Tract 9651, Windsor County, Vermont","0","0","0"
"1000000US500279651002068","Block 2068, Block Group 2, Census Tract 9651, Windsor County, Vermont","0","0","0"
"1000000US500279651002069","Block 2069, Block Group 2, Census Tract 9651, Windsor County, Vermont","0","0","0"
"1000000US500279651002070","Block 2070, Block Group 2, Census Tract 9651, Windsor County, Vermont","5","4","1"
"1000000US500279651002071","Block 2071, Block Group 2, Census Tract 9651, Windsor County, Vermont","2","2","0"
"1000000US500279651002072","Block 2072, Block Group 2, Census Tract 9651, Windsor County, Vermont","0","0","0"
"1000000US500279651002073","Block 2073, Block Group 2, Census Tract 9651, Windsor County, Vermont","1","1","0"
"1000000US500279651002074","Block 2074, Block Group 2, Census Tract 9651, Windsor County, Vermont","0","0","0"
"1000000US500279651002075","Block 2075, Block Group 2, Census Tract 9651, Windsor County, Vermont","3","2","1"
"1000000US500279651002076","Block 2076, Block Group 2, Census Tract 9651, Windsor County, Vermont","1","1","0"
"1000000US500279651002077","Block 2077, Block Group 2, Census Tract 9651, Windsor County, Vermont","0","0","0"
"1000000US500279651002078","Block 2078, Block Group 2, Census Tract 9651, Windsor County, Vermont","0","0","0"
"1000000US500279651002079","Block 2079, Block Group 2, Census Tract 9651, Windsor County, Vermont","0","0","0"
"1000000US500279651002080","Block 2080, Block Group 2, Census Tract 9651, Windsor County, Vermont","0","0","0"
"1000000US500279651002081","Block 2081, Block Group 2, Census Tract 9651, Windsor County, Vermont","0","0","0"
"1000000US500279651002082","Block 2082, Block Group 2, Census Tract 9651, Windsor County, Vermont","0","0","0"
"1000000US500279651002083","Block 2083, Block Group 2, Census Tract 9651, Windsor County, Vermont","15","15","0"
"1000000US500279651002084","Block 2084, Block Group 2, Census Tract 9651, Windsor County, Vermont","0","0","0"
"1000000US500279651002085","Block 2085, Block Group 2, Census Tract 9651, Windsor County, Vermont","0","0","0"
"1000000US500279651002086","Block 2086, Block Group 2, Census Tract 9651, Windsor County, Vermont","4","2","2"
"1000000US500279651002087","Block 2087, Block Group 2, Census Tract 9651, Windsor County, Vermont","0","0","0"
"1000000US500279651002088","Block 2088, Block Group 2, Census Tract 9651, Windsor County, Vermont","0","0","0"
"1000000US500279651002089","Block 2089, Block Group 2, Census Tract 9651, Windsor County, Vermont","0","0","0"
"1000000US500279651002090","Block 2090, Block Group 2, Census Tract 9651, Windsor County, Vermont","0","0","0"
"1000000US500279651002091","Block 2091, Block Group 2, Census Tract 9651, Windsor County, Vermont","0","0","0"
"1000000US500279651002092","Block 2092, Block Group 2, Census Tract 9651, Windsor County, Vermont","0","0","0"
"1000000US500279651002093","Block 2093, Block Group 2, Census Tract 9651, Windsor County, Vermont","0","0","0"
"1000000US500279651003000","Block 3000, Block Group 3, Census Tract 9651, Windsor County, Vermont","0","0","0"
"1000000US500279651003001","Block 3001, Block Group 3, Census Tract 9651, Windsor County, Vermont","4","4","0"
"1000000US500279651003002","Block 3002, Block Group 3, Census Tract 9651, Windsor County, Vermont","2","2","0"
"1000000US500279651003003","Block 3003, Block Group 3, Census Tract 9651, Windsor County, Vermont","5","5","0"
"1000000US500279651003004","Block 3004, Block Group 3, Census Tract 9651, Windsor County, Vermont","7","5","2"
"1000000US500279651003005","Block 3005, Block Group 3, Census Tract 9651, Windsor County, Vermont","0","0","0"
"1000000US500279651003006","Block 3006, Block Group 3, Census Tract 9651, Windsor County, Vermont","0","0","0"
"1000000US500279651003007","Block 3007, Block Group 3, Census Tract 9651, Windsor County, Vermont","0","0","0"
"1000000US500279651003008","Block 3008, Block Group 3, Census Tract 9651, Windsor County, Vermont","0","0","0"
"1000000US500279651003009","Block 3009, Block Group 3, Census Tract 9651, Windsor County, Vermont","0","0","0"
"1000000US500279651003010","Block 3010, Block Group 3, Census Tract 9651, Windsor County, Vermont","0","0","0"
"1000000US500279651003011","Block 3011, Block Group 3, Census Tract 9651, Windsor County, Vermont","0","0","0"
"1000000US500279651003012","Block 3012, Block Group 3, Census Tract 9651, Windsor County, Vermont","0","0","0"
"1000000US500279651003013","Block 3013, Block Group 3, Census Tract 9651, Windsor County, Vermont","0","0","0"
"1000000US500279651003014","Block 3014, Block Group 3, Census Tract 9651, Windsor County, Vermont","41","36","5"
"1000000US500279651003015","Block 3015, Block Group 3, Census Tract 9651, Windsor County, Vermont","0","0","0"
"1000000US500279651003016","Block 3016, Block Group 3, Census Tract 9651, Windsor County, Vermont","0","0","0"
"1000000US500279651003017","Block 3017, Block Group 3, Census Tract 9651, Windsor County, Vermont","2","2","0"
"1000000US500279651003018","Block 3018, Block Group 3, Census Tract 9651, Windsor County, Vermont","0","0","0"
"1000000US500279651003019","Block 3019, Block Group 3, Census Tract 9651, Windsor County, Vermont","11","11","0"
"1000000US500279651003020","Block 3020, Block Group 3, Census Tract 9651, Windsor County, Vermont","4","4","0"
"1000000US500279651003021","Block 3021, Block Group 3, Census Tract 9651, Windsor County, Vermont","0","0","0"
"1000000US500279651003022","Block 3022, Block Group 3, Census Tract 9651, Windsor County, Vermont","5","5","0"
"1000000US500279651003023","Block 3023, Block Group 3, Census Tract 9651, Windsor County, Vermont","0","0","0"
"1000000US500279651003024","Block 3024, Block Group 3, Census Tract 9651, Windsor County, Vermont","0","0","0"
"1000000US500279651003025","Block 3025, Block Group 3, Census Tract 9651, Windsor County, Vermont","0","0","0"
"1000000US500279651003026","Block 3026, Block Group 3, Census Tract 9651, Windsor County, Vermont","1","1","0"
"1000000US500279651003027","Block 3027, Block Group 3, Census Tract 9651, Windsor County, Vermont","0","0","0"
"1000000US500279651003028","Block 3028, Block Group 3, Census Tract 9651, Windsor County, Vermont","0","0","0"
"1000000US500279651003029","Block 3029, Block Group 3, Census Tract 9651, Windsor County, Vermont","26","23","3"
"1000000US500279651003030","Block 3030, Block Group 3, Census Tract 9651, Windsor County, Vermont","0","0","0"
"1000000US500279651003031","Block 3031, Block Group 3, Census Tract 9651, Windsor County, Vermont","0","0","0"
"1000000US500279651003032","Block 3032, Block Group 3, Census Tract 9651, Windsor County, Vermont","33","24","9"
"1000000US500279651003033","Block 3033, Block Group 3, Census Tract 9651, Windsor County, Vermont","1","1","0"
"1000000US500279651003034","Block 3034, Block Group 3, Census Tract 9651, Windsor County, Vermont","0","0","0"
"1000000US500279651003035","Block 3035, Block Group 3, Census Tract 9651, Windsor County, Vermont","1","1","0"
"1000000US500279651003036","Block 3036, Block Group 3, Census Tract 9651, Windsor County, Vermont","44","38","6"
"1000000US500279651003037","Block 3037, Block Group 3, Census Tract 9651, Windsor County, Vermont","0","0","0"
"1000000US500279651003038","Block 3038, Block Group 3, Census Tract 9651, Windsor County, Vermont","17","15","2"
"1000000US500279651003039","Block 3039, Block Group 3, Census Tract 9651, Windsor County, Vermont","8","5","3"
"1000000US500279651003040","Block 3040, Block Group 3, Census Tract 9651, Windsor County, Vermont","11","10","1"
"1000000US500279651003041","Block 3041, Block Group 3, Census Tract 9651, Windsor County, Vermont","10","9","1"
"1000000US500279651003042","Block 3042, Block Group 3, Census Tract 9651, Windsor County, Vermont","1","1","0"
"1000000US500279651003043","Block 3043, Block Group 3, Census Tract 9651, Windsor County, Vermont","19","14","5"
"1000000US500279651003044","Block 3044, Block Group 3, Census Tract 9651, Windsor County, Vermont","11","9","2"
"1000000US500279651003045","Block 3045, Block Group 3, Census Tract 9651, Windsor County, Vermont","0","0","0"
"1000000US500279651003046","Block 3046, Block Group 3, Census Tract 9651, Windsor County, Vermont","17","15","2"
"1000000US500279651003047","Block 3047, Block Group 3, Census Tract 9651, Windsor County, Vermont","12","7","5"
"1000000US500279651003048","Block 3048, Block Group 3, Census Tract 9651, Windsor County, Vermont","0","0","0"
"1000000US500279651003049","Block 3049, Block Group 3, Census Tract 9651, Windsor County, Vermont","59","48","11"
"1000000US500279651003050","Block 3050, Block Group 3, Census Tract 9651, Windsor County, Vermont","0","0","0"
"1000000US500279651003051","Block 3051, Block Group 3, Census Tract 9651, Windsor County, Vermont","5","5","0"
"1000000US500279651003052","Block 3052, Block Group 3, Census Tract 9651, Windsor County, Vermont","0","0","0"
"1000000US500279651003053","Block 3053, Block Group 3, Census Tract 9651, Windsor County, Vermont","0","0","0"
"1000000US500279651003054","Block 3054, Block Group 3, Census Tract 9651, Windsor County, Vermont","2","2","0"
"1000000US500279651003055","Block 3055, Block Group 3, Census Tract 9651, Windsor County, Vermont","0","0","0"
"1000000US500279651003056","Block 3056, Block Group 3, Census Tract 9651, Windsor County, Vermont","11","9","2"
"1000000US500279651003057","Block 3057, Block Group 3, Census Tract 9651, Windsor County, Vermont","1","1","0"
"1000000US500279651003058","Block 3058, Block Group 3, Census Tract 9651, Windsor County, Vermont","1","0","1"
"1000000US500279651003059","Block 3059, Block Group 3, Census Tract 9651, Windsor County, Vermont","6","5","1"
"1000000US500279651003060","Block 3060, Block Group 3, Census Tract 9651, Windsor County, Vermont","2","2","0"
"1000000US500279651003061","Block 3061, Block Group 3, Census Tract 9651, Windsor County, Vermont","7","7","0"
"1000000US500279651003062","Block 3062, Block Group 3, Census Tract 9651, Windsor County, Vermont","2","2","0"
"1000000US500279651003063","Block 3063, Block Group 3, Census Tract 9651, Windsor County, Vermont","0","0","0"
"1000000US500279651003064","Block 3064, Block Group 3, Census Tract 9651, Windsor County, Vermont","0","0","0"
"1000000US500279651003065","Block 3065, Block Group 3, Census Tract 9651, Windsor County, Vermont","4","1","3"
"1000000US500279651003066","Block 3066, Block Group 3, Census Tract 9651, Windsor County, Vermont","1","0","1"
"1000000US500279651003067","Block 3067, Block Group 3, Census Tract 9651, Windsor County, Vermont","0","0","0"
"1000000US500279651003068","Block 3068, Block Group 3, Census Tract 9651, Windsor County, Vermont","1","1","0"
"1000000US500279652001000","Block 1000, Block Group 1, Census Tract 9652, Windsor County, Vermont","10","9","1"
"1000000US500279652001001","Block 1001, Block Group 1, Census Tract 9652, Windsor County, Vermont","6","5","1"
"1000000US500279652001002","Block 1002, Block Group 1, Census Tract 9652, Windsor County, Vermont","1","1","0"
"1000000US500279652001003","Block 1003, Block Group 1, Census Tract 9652, Windsor County, Vermont","9","5","4"
"1000000US500279652001004","Block 1004, Block Group 1, Census Tract 9652, Windsor County, Vermont","0","0","0"
"1000000US500279652001005","Block 1005, Block Group 1, Census Tract 9652, Windsor County, Vermont","1","0","1"
"1000000US500279652001006","Block 1006, Block Group 1, Census Tract 9652, Windsor County, Vermont","11","10","1"
"1000000US500279652001007","Block 1007, Block Group 1, Census Tract 9652, Windsor County, Vermont","0","0","0"
"1000000US500279652001008","Block 1008, Block Group 1, Census Tract 9652, Windsor County, Vermont","13","10","3"
"1000000US500279652001009","Block 1009, Block Group 1, Census Tract 9652, Windsor County, Vermont","0","0","0"
"1000000US500279652001010","Block 1010, Block Group 1, Census Tract 9652, Windsor County, Vermont","27","17","10"
"1000000US500279652001011","Block 1011, Block Group 1, Census Tract 9652, Windsor County, Vermont","16","14","2"
"1000000US500279652001012","Block 1012, Block Group 1, Census Tract 9652, Windsor County, Vermont","0","0","0"
"1000000US500279652001013","Block 1013, Block Group 1, Census Tract 9652, Windsor County, Vermont","0","0","0"
"1000000US500279652001014","Block 1014, Block Group 1, Census Tract 9652, Windsor County, Vermont","2","2","0"
"1000000US500279652001015","Block 1015, Block Group 1, Census Tract 9652, Windsor County, Vermont","4","4","0"
"1000000US500279652001016","Block 1016, Block Group 1, Census Tract 9652, Windsor County, Vermont","24","23","1"
"1000000US500279652001017","Block 1017, Block Group 1, Census Tract 9652, Windsor County, Vermont","0","0","0"
"1000000US500279652001018","Block 1018, Block Group 1, Census Tract 9652, Windsor County, Vermont","0","0","0"
"1000000US500279652001019","Block 1019, Block Group 1, Census Tract 9652, Windsor County, Vermont","0","0","0"
"1000000US500279652001020","Block 1020, Block Group 1, Census Tract 9652, Windsor County, Vermont","1","1","0"
"1000000US500279652001021","Block 1021, Block Group 1, Census Tract 9652, Windsor County, Vermont","6","6","0"
"1000000US500279652001022","Block 1022, Block Group 1, Census Tract 9652, Windsor County, Vermont","0","0","0"
"1000000US500279652001023","Block 1023, Block Group 1, Census Tract 9652, Windsor County, Vermont","2","1","1"
"1000000US500279652001024","Block 1024, Block Group 1, Census Tract 9652, Windsor County, Vermont","0","0","0"
"1000000US500279652001025","Block 1025, Block Group 1, Census Tract 9652, Windsor County, Vermont","8","7","1"
"1000000US500279652001026","Block 1026, Block Group 1, Census Tract 9652, Windsor County, Vermont","4","3","1"
"1000000US500279652001027","Block 1027, Block Group 1, Census Tract 9652, Windsor County, Vermont","0","0","0"
"1000000US500279652001028","Block 1028, Block Group 1, Census Tract 9652, Windsor County, Vermont","9","8","1"
"1000000US500279652001029","Block 1029, Block Group 1, Census Tract 9652, Windsor County, Vermont","0","0","0"
"1000000US500279652001030","Block 1030, Block Group 1, Census Tract 9652, Windsor County, Vermont","13","12","1"
"1000000US500279652001031","Block 1031, Block Group 1, Census Tract 9652, Windsor County, Vermont","2","2","0"
"1000000US500279652001032","Block 1032, Block Group 1, Census Tract 9652, Windsor County, Vermont","0","0","0"
"1000000US500279652001033","Block 1033, Block Group 1, Census Tract 9652, Windsor County, Vermont","112","93","19"
"1000000US500279652001034","Block 1034, Block Group 1, Census Tract 9652, Windsor County, Vermont","3","3","0"
"1000000US500279652001035","Block 1035, Block Group 1, Census Tract 9652, Windsor County, Vermont","1","1","0"
"1000000US500279652001036","Block 1036, Block Group 1, Census Tract 9652, Windsor County, Vermont","9","8","1"
"1000000US500279652001037","Block 1037, Block Group 1, Census Tract 9652, Windsor County, Vermont","0","0","0"
"1000000US500279652001038","Block 1038, Block Group 1, Census Tract 9652, Windsor County, Vermont","5","5","0"
"1000000US500279652001039","Block 1039, Block Group 1, Census Tract 9652, Windsor County, Vermont","36","33","3"
"1000000US500279652001040","Block 1040, Block Group 1, Census Tract 9652, Windsor County, Vermont","0","0","0"
"1000000US500279652001041","Block 1041, Block Group 1, Census Tract 9652, Windsor County, Vermont","0","0","0"
"1000000US500279652001042","Block 1042, Block Group 1, Census Tract 9652, Windsor County, Vermont","2","1","1"
"1000000US500279652001043","Block 1043, Block Group 1, Census Tract 9652, Windsor County, Vermont","0","0","0"
"1000000US500279652001044","Block 1044, Block Group 1, Census Tract 9652, Windsor County, Vermont","0","0","0"
"1000000US500279652001045","Block 1045, Block Group 1, Census Tract 9652, Windsor County, Vermont","0","0","0"
"1000000US500279652001046","Block 1046, Block Group 1, Census Tract 9652, Windsor County, Vermont","1","1","0"
"1000000US500279652001047","Block 1047, Block Group 1, Census Tract 9652, Windsor County, Vermont","0","0","0"
"1000000US500279652001048","Block 1048, Block Group 1, Census Tract 9652, Windsor County, Vermont","0","0","0"
"1000000US500279652001049","Block 1049, Block Group 1, Census Tract 9652, Windsor County, Vermont","6","6","0"
"1000000US500279652001050","Block 1050, Block Group 1, Census Tract 9652, Windsor County, Vermont","0","0","0"
"1000000US500279652001051","Block 1051, Block Group 1, Census Tract 9652, Windsor County, Vermont","0","0","0"
"1000000US500279652001052","Block 1052, Block Group 1, Census Tract 9652, Windsor County, Vermont","20","19","1"
"1000000US500279652001053","Block 1053, Block Group 1, Census Tract 9652, Windsor County, Vermont","8","5","3"
"1000000US500279652001054","Block 1054, Block Group 1, Census Tract 9652, Windsor County, Vermont","0","0","0"
"1000000US500279652001055","Block 1055, Block Group 1, Census Tract 9652, Windsor County, Vermont","0","0","0"
"1000000US500279652001056","Block 1056, Block Group 1, Census Tract 9652, Windsor County, Vermont","0","0","0"
"1000000US500279652001057","Block 1057, Block Group 1, Census Tract 9652, Windsor County, Vermont","8","7","1"
"1000000US500279652001058","Block 1058, Block Group 1, Census Tract 9652, Windsor County, Vermont","1","0","1"
"1000000US500279652001059","Block 1059, Block Group 1, Census Tract 9652, Windsor County, Vermont","0","0","0"
"1000000US500279652001060","Block 1060, Block Group 1, Census Tract 9652, Windsor County, Vermont","0","0","0"
"1000000US500279652001061","Block 1061, Block Group 1, Census Tract 9652, Windsor County, Vermont","0","0","0"
"1000000US500279652001062","Block 1062, Block Group 1, Census Tract 9652, Windsor County, Vermont","0","0","0"
"1000000US500279652001063","Block 1063, Block Group 1, Census Tract 9652, Windsor County, Vermont","0","0","0"
"1000000US500279652001064","Block 1064, Block Group 1, Census Tract 9652, Windsor County, Vermont","5","5","0"
"1000000US500279652001065","Block 1065, Block Group 1, Census Tract 9652, Windsor County, Vermont","33","32","1"
"1000000US500279652001066","Block 1066, Block Group 1, Census Tract 9652, Windsor County, Vermont","1","1","0"
"1000000US500279652001067","Block 1067, Block Group 1, Census Tract 9652, Windsor County, Vermont","17","16","1"
"1000000US500279652001068","Block 1068, Block Group 1, Census Tract 9652, Windsor County, Vermont","8","7","1"
"1000000US500279652001069","Block 1069, Block Group 1, Census Tract 9652, Windsor County, Vermont","0","0","0"
"1000000US500279652001070","Block 1070, Block Group 1, Census Tract 9652, Windsor County, Vermont","0","0","0"
"1000000US500279652001071","Block 1071, Block Group 1, Census Tract 9652, Windsor County, Vermont","0","0","0"
"1000000US500279652001072","Block 1072, Block Group 1, Census Tract 9652, Windsor County, Vermont","31","29","2"
"1000000US500279652001073","Block 1073, Block Group 1, Census Tract 9652, Windsor County, Vermont","14","12","2"
"1000000US500279652001074","Block 1074, Block Group 1, Census Tract 9652, Windsor County, Vermont","2","2","0"
"1000000US500279652001075","Block 1075, Block Group 1, Census Tract 9652, Windsor County, Vermont","0","0","0"
"1000000US500279652001076","Block 1076, Block Group 1, Census Tract 9652, Windsor County, Vermont","6","6","0"
"1000000US500279652001077","Block 1077, Block Group 1, Census Tract 9652, Windsor County, Vermont","0","0","0"
"1000000US500279652001078","Block 1078, Block Group 1, Census Tract 9652, Windsor County, Vermont","2","2","0"
"1000000US500279652001079","Block 1079, Block Group 1, Census Tract 9652, Windsor County, Vermont","0","0","0"
"1000000US500279652001080","Block 1080, Block Group 1, Census Tract 9652, Windsor County, Vermont","17","14","3"
"1000000US500279652001081","Block 1081, Block Group 1, Census Tract 9652, Windsor County, Vermont","5","4","1"
"1000000US500279652001082","Block 1082, Block Group 1, Census Tract 9652, Windsor County, Vermont","2","2","0"
"1000000US500279652001083","Block 1083, Block Group 1, Census Tract 9652, Windsor County, Vermont","6","5","1"
"1000000US500279652001084","Block 1084, Block Group 1, Census Tract 9652, Windsor County, Vermont","0","0","0"
"1000000US500279652001085","Block 1085, Block Group 1, Census Tract 9652, Windsor County, Vermont","1","1","0"
"1000000US500279652001086","Block 1086, Block Group 1, Census Tract 9652, Windsor County, Vermont","0","0","0"
"1000000US500279652001087","Block 1087, Block Group 1, Census Tract 9652, Windsor County, Vermont","15","11","4"
"1000000US500279652001088","Block 1088, Block Group 1, Census Tract 9652, Windsor County, Vermont","3","3","0"
"1000000US500279652002000","Block 2000, Block Group 2, Census Tract 9652, Windsor County, Vermont","36","24","12"
"1000000US500279652002001","Block 2001, Block Group 2, Census Tract 9652, Windsor County, Vermont","28","17","11"
"1000000US500279652002002","Block 2002, Block Group 2, Census Tract 9652, Windsor County, Vermont","12","3","9"
"1000000US500279652002003","Block 2003, Block Group 2, Census Tract 9652, Windsor County, Vermont","2","2","0"
"1000000US500279652002004","Block 2004, Block Group 2, Census Tract 9652, Windsor County, Vermont","6","3","3"
"1000000US500279652002005","Block 2005, Block Group 2, Census Tract 9652, Windsor County, Vermont","1","1","0"
"1000000US500279652002006","Block 2006, Block Group 2, Census Tract 9652, Windsor County, Vermont","47","36","11"
"1000000US500279652002007","Block 2007, Block Group 2, Census Tract 9652, Windsor County, Vermont","1","0","1"
"1000000US500279652002008","Block 2008, Block Group 2, Census Tract 9652, Windsor County, Vermont","0","0","0"
"1000000US500279652002009","Block 2009, Block Group 2, Census Tract 9652, Windsor County, Vermont","0","0","0"
"1000000US500279652002010","Block 2010, Block Group 2, Census Tract 9652, Windsor County, Vermont","0","0","0"
"1000000US500279652002011","Block 2011, Block Group 2, Census Tract 9652, Windsor County, Vermont","0","0","0"
"1000000US500279652002012","Block 2012, Block Group 2, Census Tract 9652, Windsor County, Vermont","1","1","0"
"1000000US500279652002013","Block 2013, Block Group 2, Census Tract 9652, Windsor County, Vermont","10","8","2"
"1000000US500279652002014","Block 2014, Block Group 2, Census Tract 9652, Windsor County, Vermont","3","3","0"
"1000000US500279652002015","Block 2015, Block Group 2, Census Tract 9652, Windsor County, Vermont","1","0","1"
"1000000US500279652002016","Block 2016, Block Group 2, Census Tract 9652, Windsor County, Vermont","11","8","3"
"1000000US500279652002017","Block 2017, Block Group 2, Census Tract 9652, Windsor County, Vermont","1","1","0"
"1000000US500279652002018","Block 2018, Block Group 2, Census Tract 9652, Windsor County, Vermont","0","0","0"
"1000000US500279652002019","Block 2019, Block Group 2, Census Tract 9652, Windsor County, Vermont","39","23","16"
"1000000US500279652002020","Block 2020, Block Group 2, Census Tract 9652, Windsor County, Vermont","0","0","0"
"1000000US500279652002021","Block 2021, Block Group 2, Census Tract 9652, Windsor County, Vermont","7","5","2"
"1000000US500279652002022","Block 2022, Block Group 2, Census Tract 9652, Windsor County, Vermont","8","6","2"
"1000000US500279652002023","Block 2023, Block Group 2, Census Tract 9652, Windsor County, Vermont","0","0","0"
"1000000US500279652002024","Block 2024, Block Group 2, Census Tract 9652, Windsor County, Vermont","4","2","2"
"1000000US500279652002025","Block 2025, Block Group 2, Census Tract 9652, Windsor County, Vermont","0","0","0"
"1000000US500279652002026","Block 2026, Block Group 2, Census Tract 9652, Windsor County, Vermont","16","15","1"
"1000000US500279652002027","Block 2027, Block Group 2, Census Tract 9652, Windsor County, Vermont","0","0","0"
"1000000US500279652002028","Block 2028, Block Group 2, Census Tract 9652, Windsor County, Vermont","0","0","0"
"1000000US500279652002029","Block 2029, Block Group 2, Census Tract 9652, Windsor County, Vermont","3","3","0"
"1000000US500279652002030","Block 2030, Block Group 2, Census Tract 9652, Windsor County, Vermont","0","0","0"
"1000000US500279652002031","Block 2031, Block Group 2, Census Tract 9652, Windsor County, Vermont","9","6","3"
"1000000US500279652002032","Block 2032, Block Group 2, Census Tract 9652, Windsor County, Vermont","0","0","0"
"1000000US500279652002033","Block 2033, Block Group 2, Census Tract 9652, Windsor County, Vermont","0","0","0"
"1000000US500279652002034","Block 2034, Block Group 2, Census Tract 9652, Windsor County, Vermont","0","0","0"
"1000000US500279652002035","Block 2035, Block Group 2, Census Tract 9652, Windsor County, Vermont","2","0","2"
"1000000US500279652002036","Block 2036, Block Group 2, Census Tract 9652, Windsor County, Vermont","2","1","1"
"1000000US500279652002037","Block 2037, Block Group 2, Census Tract 9652, Windsor County, Vermont","0","0","0"
"1000000US500279652002038","Block 2038, Block Group 2, Census Tract 9652, Windsor County, Vermont","12","10","2"
"1000000US500279652002039","Block 2039, Block Group 2, Census Tract 9652, Windsor County, Vermont","0","0","0"
"1000000US500279652002040","Block 2040, Block Group 2, Census Tract 9652, Windsor County, Vermont","65","49","16"
"1000000US500279652002041","Block 2041, Block Group 2, Census Tract 9652, Windsor County, Vermont","0","0","0"
"1000000US500279652002042","Block 2042, Block Group 2, Census Tract 9652, Windsor County, Vermont","2","1","1"
"1000000US500279652002043","Block 2043, Block Group 2, Census Tract 9652, Windsor County, Vermont","5","5","0"
"1000000US500279652002044","Block 2044, Block Group 2, Census Tract 9652, Windsor County, Vermont","1","0","1"
"1000000US500279652002045","Block 2045, Block Group 2, Census Tract 9652, Windsor County, Vermont","4","4","0"
"1000000US500279652002046","Block 2046, Block Group 2, Census Tract 9652, Windsor County, Vermont","2","1","1"
"1000000US500279652002047","Block 2047, Block Group 2, Census Tract 9652, Windsor County, Vermont","9","9","0"
"1000000US500279652002048","Block 2048, Block Group 2, Census Tract 9652, Windsor County, Vermont","5","5","0"
"1000000US500279652002049","Block 2049, Block Group 2, Census Tract 9652, Windsor County, Vermont","1","1","0"
"1000000US500279652002050","Block 2050, Block Group 2, Census Tract 9652, Windsor County, Vermont","1","1","0"
"1000000US500279652002051","Block 2051, Block Group 2, Census Tract 9652, Windsor County, Vermont","0","0","0"
"1000000US500279652002052","Block 2052, Block Group 2, Census Tract 9652, Windsor County, Vermont","0","0","0"
"1000000US500279652002053","Block 2053, Block Group 2, Census Tract 9652, Windsor County, Vermont","3","2","1"
"1000000US500279652002054","Block 2054, Block Group 2, Census Tract 9652, Windsor County, Vermont","2","2","0"
"1000000US500279652002055","Block 2055, Block Group 2, Census Tract 9652, Windsor County, Vermont","19","16","3"
"1000000US500279652002056","Block 2056, Block Group 2, Census Tract 9652, Windsor County, Vermont","5","4","1"
"1000000US500279652002057","Block 2057, Block Group 2, Census Tract 9652, Windsor County, Vermont","6","6","0"
"1000000US500279652002058","Block 2058, Block Group 2, Census Tract 9652, Windsor County, Vermont","0","0","0"
"1000000US500279652002059","Block 2059, Block Group 2, Census Tract 9652, Windsor County, Vermont","0","0","0"
"1000000US500279652002060","Block 2060, Block Group 2, Census Tract 9652, Windsor County, Vermont","0","0","0"
"1000000US500279652002061","Block 2061, Block Group 2, Census Tract 9652, Windsor County, Vermont","0","0","0"
"1000000US500279652002062","Block 2062, Block Group 2, Census Tract 9652, Windsor County, Vermont","6","5","1"
"1000000US500279652002063","Block 2063, Block Group 2, Census Tract 9652, Windsor County, Vermont","0","0","0"
"1000000US500279652002064","Block 2064, Block Group 2, Census Tract 9652, Windsor County, Vermont","0","0","0"
"1000000US500279652002065","Block 2065, Block Group 2, Census Tract 9652, Windsor County, Vermont","0","0","0"
"1000000US500279652002066","Block 2066, Block Group 2, Census Tract 9652, Windsor County, Vermont","0","0","0"
"1000000US500279652002067","Block 2067, Block Group 2, Census Tract 9652, Windsor County, Vermont","0","0","0"
"1000000US500279652002068","Block 2068, Block Group 2, Census Tract 9652, Windsor County, Vermont","12","8","4"
"1000000US500279652002069","Block 2069, Block Group 2, Census Tract 9652, Windsor County, Vermont","1","0","1"
"1000000US500279652002070","Block 2070, Block Group 2, Census Tract 9652, Windsor County, Vermont","1","1","0"
"1000000US500279652002071","Block 2071, Block Group 2, Census Tract 9652, Windsor County, Vermont","0","0","0"
"1000000US500279652002072","Block 2072, Block Group 2, Census Tract 9652, Windsor County, Vermont","4","1","3"
"1000000US500279652002073","Block 2073, Block Group 2, Census Tract 9652, Windsor County, Vermont","10","7","3"
"1000000US500279652002074","Block 2074, Block Group 2, Census Tract 9652, Windsor County, Vermont","21","15","6"
"1000000US500279652002075","Block 2075, Block Group 2, Census Tract 9652, Windsor County, Vermont","0","0","0"
"1000000US500279652002076","Block 2076, Block Group 2, Census Tract 9652, Windsor County, Vermont","0","0","0"
"1000000US500279652002077","Block 2077, Block Group 2, Census Tract 9652, Windsor County, Vermont","31","26","5"
"1000000US500279652002078","Block 2078, Block Group 2, Census Tract 9652, Windsor County, Vermont","0","0","0"
"1000000US500279652002079","Block 2079, Block Group 2, Census Tract 9652, Windsor County, Vermont","0","0","0"
"1000000US500279652002080","Block 2080, Block Group 2, Census Tract 9652, Windsor County, Vermont","8","7","1"
"1000000US500279652002081","Block 2081, Block Group 2, Census Tract 9652, Windsor County, Vermont","2","2","0"
"1000000US500279652002082","Block 2082, Block Group 2, Census Tract 9652, Windsor County, Vermont","0","0","0"
"1000000US500279652002083","Block 2083, Block Group 2, Census Tract 9652, Windsor County, Vermont","1","0","1"
"1000000US500279652002084","Block 2084, Block Group 2, Census Tract 9652, Windsor County, Vermont","0","0","0"
"1000000US500279652002085","Block 2085, Block Group 2, Census Tract 9652, Windsor County, Vermont","117","50","67"
"1000000US500279652002086","Block 2086, Block Group 2, Census Tract 9652, Windsor County, Vermont","9","3","6"
"1000000US500279652002087","Block 2087, Block Group 2, Census Tract 9652, Windsor County, Vermont","0","0","0"
"1000000US500279652002088","Block 2088, Block Group 2, Census Tract 9652, Windsor County, Vermont","3","2","1"
"1000000US500279652002089","Block 2089, Block Group 2, Census Tract 9652, Windsor County, Vermont","3","1","2"
"1000000US500279652002090","Block 2090, Block Group 2, Census Tract 9652, Windsor County, Vermont","5","1","4"
"1000000US500279652002091","Block 2091, Block Group 2, Census Tract 9652, Windsor County, Vermont","1","1","0"
"1000000US500279652002092","Block 2092, Block Group 2, Census Tract 9652, Windsor County, Vermont","0","0","0"
"1000000US500279652002093","Block 2093, Block Group 2, Census Tract 9652, Windsor County, Vermont","6","5","1"
"1000000US500279652002094","Block 2094, Block Group 2, Census Tract 9652, Windsor County, Vermont","0","0","0"
"1000000US500279652002095","Block 2095, Block Group 2, Census Tract 9652, Windsor County, Vermont","5","5","0"
"1000000US500279652002096","Block 2096, Block Group 2, Census Tract 9652, Windsor County, Vermont","0","0","0"
"1000000US500279652002097","Block 2097, Block Group 2, Census Tract 9652, Windsor County, Vermont","0","0","0"
"1000000US500279652002098","Block 2098, Block Group 2, Census Tract 9652, Windsor County, Vermont","0","0","0"
"1000000US500279652002099","Block 2099, Block Group 2, Census Tract 9652, Windsor County, Vermont","10","5","5"
"1000000US500279652002100","Block 2100, Block Group 2, Census Tract 9652, Windsor County, Vermont","2","2","0"
"1000000US500279652002101","Block 2101, Block Group 2, Census Tract 9652, Windsor County, Vermont","0","0","0"
"1000000US500279652002102","Block 2102, Block Group 2, Census Tract 9652, Windsor County, Vermont","4","0","4"
"1000000US500279652002103","Block 2103, Block Group 2, Census Tract 9652, Windsor County, Vermont","1","0","1"
"1000000US500279652002104","Block 2104, Block Group 2, Census Tract 9652, Windsor County, Vermont","0","0","0"
"1000000US500279652002105","Block 2105, Block Group 2, Census Tract 9652, Windsor County, Vermont","7","4","3"
"1000000US500279652002106","Block 2106, Block Group 2, Census Tract 9652, Windsor County, Vermont","0","0","0"
"1000000US500279652002107","Block 2107, Block Group 2, Census Tract 9652, Windsor County, Vermont","0","0","0"
"1000000US500279652002108","Block 2108, Block Group 2, Census Tract 9652, Windsor County, Vermont","21","8","13"
"1000000US500279652002109","Block 2109, Block Group 2, Census Tract 9652, Windsor County, Vermont","0","0","0"
"1000000US500279652002110","Block 2110, Block Group 2, Census Tract 9652, Windsor County, Vermont","0","0","0"
"1000000US500279652002111","Block 2111, Block Group 2, Census Tract 9652, Windsor County, Vermont","0","0","0"
"1000000US500279652002112","Block 2112, Block Group 2, Census Tract 9652, Windsor County, Vermont","0","0","0"
"1000000US500279652002113","Block 2113, Block Group 2, Census Tract 9652, Windsor County, Vermont","0","0","0"
"1000000US500279652002114","Block 2114, Block Group 2, Census Tract 9652, Windsor County, Vermont","0","0","0"
"1000000US500279652002115","Block 2115, Block Group 2, Census Tract 9652, Windsor County, Vermont","15","8","7"
"1000000US500279652002116","Block 2116, Block Group 2, Census Tract 9652, Windsor County, Vermont","0","0","0"
"1000000US500279652002117","Block 2117, Block Group 2, Census Tract 9652, Windsor County, Vermont","0","0","0"
"1000000US500279652002118","Block 2118, Block Group 2, Census Tract 9652, Windsor County, Vermont","5","3","2"
"1000000US500279652002119","Block 2119, Block Group 2, Census Tract 9652, Windsor County, Vermont","11","9","2"
"1000000US500279652002120","Block 2120, Block Group 2, Census Tract 9652, Windsor County, Vermont","0","0","0"
"1000000US500279652002121","Block 2121, Block Group 2, Census Tract 9652, Windsor County, Vermont","13","8","5"
"1000000US500279652002122","Block 2122, Block Group 2, Census Tract 9652, Windsor County, Vermont","17","14","3"
"1000000US500279652002123","Block 2123, Block Group 2, Census Tract 9652, Windsor County, Vermont","0","0","0"
"1000000US500279652002124","Block 2124, Block Group 2, Census Tract 9652, Windsor County, Vermont","0","0","0"
"1000000US500279652002125","Block 2125, Block Group 2, Census Tract 9652, Windsor County, Vermont","0","0","0"
"1000000US500279652002126","Block 2126, Block Group 2, Census Tract 9652, Windsor County, Vermont","4","3","1"
"1000000US500279652002127","Block 2127, Block Group 2, Census Tract 9652, Windsor County, Vermont","7","2","5"
"1000000US500279652002128","Block 2128, Block Group 2, Census Tract 9652, Windsor County, Vermont","9","0","9"
"1000000US500279652002129","Block 2129, Block Group 2, Census Tract 9652, Windsor County, Vermont","10","8","2"
"1000000US500279652002130","Block 2130, Block Group 2, Census Tract 9652, Windsor County, Vermont","0","0","0"
"1000000US500279652002131","Block 2131, Block Group 2, Census Tract 9652, Windsor County, Vermont","0","0","0"
"1000000US500279652002132","Block 2132, Block Group 2, Census Tract 9652, Windsor County, Vermont","0","0","0"
"1000000US500279652002133","Block 2133, Block Group 2, Census Tract 9652, Windsor County, Vermont","5","3","2"
"1000000US500279652002134","Block 2134, Block Group 2, Census Tract 9652, Windsor County, Vermont","1","0","1"
"1000000US500279652002135","Block 2135, Block Group 2, Census Tract 9652, Windsor County, Vermont","0","0","0"
"1000000US500279652002136","Block 2136, Block Group 2, Census Tract 9652, Windsor County, Vermont","1","0","1"
"1000000US500279652002137","Block 2137, Block Group 2, Census Tract 9652, Windsor County, Vermont","20","12","8"
"1000000US500279652002138","Block 2138, Block Group 2, Census Tract 9652, Windsor County, Vermont","52","40","12"
"1000000US500279652002139","Block 2139, Block Group 2, Census Tract 9652, Windsor County, Vermont","2","2","0"
"1000000US500279652002140","Block 2140, Block Group 2, Census Tract 9652, Windsor County, Vermont","1","1","0"
"1000000US500279652002141","Block 2141, Block Group 2, Census Tract 9652, Windsor County, Vermont","18","16","2"
"1000000US500279652002142","Block 2142, Block Group 2, Census Tract 9652, Windsor County, Vermont","1","1","0"
"1000000US500279652002143","Block 2143, Block Group 2, Census Tract 9652, Windsor County, Vermont","0","0","0"
"1000000US500279652002144","Block 2144, Block Group 2, Census Tract 9652, Windsor County, Vermont","6","4","2"
"1000000US500279652002145","Block 2145, Block Group 2, Census Tract 9652, Windsor County, Vermont","6","6","0"
"1000000US500279652002146","Block 2146, Block Group 2, Census Tract 9652, Windsor County, Vermont","8","7","1"
"1000000US500279652002147","Block 2147, Block Group 2, Census Tract 9652, Windsor County, Vermont","0","0","0"
"1000000US500279652002148","Block 2148, Block Group 2, Census Tract 9652, Windsor County, Vermont","4","4","0"
"1000000US500279652002149","Block 2149, Block Group 2, Census Tract 9652, Windsor County, Vermont","0","0","0"
"1000000US500279652002150","Block 2150, Block Group 2, Census Tract 9652, Windsor County, Vermont","0","0","0"
"1000000US500279652002151","Block 2151, Block Group 2, Census Tract 9652, Windsor County, Vermont","0","0","0"
"1000000US500279652002152","Block 2152, Block Group 2, Census Tract 9652, Windsor County, Vermont","0","0","0"
"1000000US500279652002153","Block 2153, Block Group 2, Census Tract 9652, Windsor County, Vermont","0","0","0"
"1000000US500279652002154","Block 2154, Block Group 2, Census Tract 9652, Windsor County, Vermont","0","0","0"
"1000000US500279652002155","Block 2155, Block Group 2, Census Tract 9652, Windsor County, Vermont","3","3","0"
"1000000US500279652002156","Block 2156, Block Group 2, Census Tract 9652, Windsor County, Vermont","1","1","0"
"1000000US500279652002157","Block 2157, Block Group 2, Census Tract 9652, Windsor County, Vermont","0","0","0"
"1000000US500279652002158","Block 2158, Block Group 2, Census Tract 9652, Windsor County, Vermont","23","20","3"
"1000000US500279652002159","Block 2159, Block Group 2, Census Tract 9652, Windsor County, Vermont","0","0","0"
"1000000US500279652002160","Block 2160, Block Group 2, Census Tract 9652, Windsor County, Vermont","0","0","0"
"1000000US500279652002161","Block 2161, Block Group 2, Census Tract 9652, Windsor County, Vermont","4","0","4"
"1000000US500279652002162","Block 2162, Block Group 2, Census Tract 9652, Windsor County, Vermont","17","8","9"
"1000000US500279652002163","Block 2163, Block Group 2, Census Tract 9652, Windsor County, Vermont","0","0","0"
"1000000US500279652002164","Block 2164, Block Group 2, Census Tract 9652, Windsor County, Vermont","0","0","0"
"1000000US500279652002165","Block 2165, Block Group 2, Census Tract 9652, Windsor County, Vermont","1","1","0"
"1000000US500279652002166","Block 2166, Block Group 2, Census Tract 9652, Windsor County, Vermont","2","1","1"
"1000000US500279652002167","Block 2167, Block Group 2, Census Tract 9652, Windsor County, Vermont","1","1","0"
"1000000US500279652002168","Block 2168, Block Group 2, Census Tract 9652, Windsor County, Vermont","41","28","13"
"1000000US500279652002169","Block 2169, Block Group 2, Census Tract 9652, Windsor County, Vermont","1","0","1"
"1000000US500279652002170","Block 2170, Block Group 2, Census Tract 9652, Windsor County, Vermont","0","0","0"
"1000000US500279652002171","Block 2171, Block Group 2, Census Tract 9652, Windsor County, Vermont","15","14","1"
"1000000US500279652002172","Block 2172, Block Group 2, Census Tract 9652, Windsor County, Vermont","0","0","0"
"1000000US500279652002173","Block 2173, Block Group 2, Census Tract 9652, Windsor County, Vermont","3","3","0"
"1000000US500279652002174","Block 2174, Block Group 2, Census Tract 9652, Windsor County, Vermont","44","41","3"
"1000000US500279652002175","Block 2175, Block Group 2, Census Tract 9652, Windsor County, Vermont","2","2","0"
"1000000US500279652002176","Block 2176, Block Group 2, Census Tract 9652, Windsor County, Vermont","0","0","0"
"1000000US500279652002177","Block 2177, Block Group 2, Census Tract 9652, Windsor County, Vermont","2","2","0"
"1000000US500279652002178","Block 2178, Block Group 2, Census Tract 9652, Windsor County, Vermont","0","0","0"
"1000000US500279652002179","Block 2179, Block Group 2, Census Tract 9652, Windsor County, Vermont","28","26","2"
"1000000US500279652002180","Block 2180, Block Group 2, Census Tract 9652, Windsor County, Vermont","0","0","0"
"1000000US500279652002181","Block 2181, Block Group 2, Census Tract 9652, Windsor County, Vermont","7","4","3"
"1000000US500279652002182","Block 2182, Block Group 2, Census Tract 9652, Windsor County, Vermont","0","0","0"
"1000000US500279652002183","Block 2183, Block Group 2, Census Tract 9652, Windsor County, Vermont","0","0","0"
"1000000US500279652002184","Block 2184, Block Group 2, Census Tract 9652, Windsor County, Vermont","0","0","0"
"1000000US500279652002185","Block 2185, Block Group 2, Census Tract 9652, Windsor County, Vermont","0","0","0"
"1000000US500279652002186","Block 2186, Block Group 2, Census Tract 9652, Windsor County, Vermont","0","0","0"
"1000000US500279652002187","Block 2187, Block Group 2, Census Tract 9652, Windsor County, Vermont","0","0","0"
"1000000US500279652002188","Block 2188, Block Group 2, Census Tract 9652, Windsor County, Vermont","0","0","0"
"1000000US500279652002189","Block 2189, Block Group 2, Census Tract 9652, Windsor County, Vermont","0","0","0"
"1000000US500279652002190","Block 2190, Block Group 2, Census Tract 9652, Windsor County, Vermont","0","0","0"
"1000000US500279652002191","Block 2191, Block Group 2, Census Tract 9652, Windsor County, Vermont","1","1","0"
"1000000US500279652002192","Block 2192, Block Group 2, Census Tract 9652, Windsor County, Vermont","0","0","0"
"1000000US500279652002193","Block 2193, Block Group 2, Census Tract 9652, Windsor County, Vermont","3","3","0"
"1000000US500279652002194","Block 2194, Block Group 2, Census Tract 9652, Windsor County, Vermont","1","1","0"
"1000000US500279652002195","Block 2195, Block Group 2, Census Tract 9652, Windsor County, Vermont","0","0","0"
"1000000US500279652002196","Block 2196, Block Group 2, Census Tract 9652, Windsor County, Vermont","3","0","3"
"1000000US500279652002197","Block 2197, Block Group 2, Census Tract 9652, Windsor County, Vermont","0","0","0"
"1000000US500279652002198","Block 2198, Block Group 2, Census Tract 9652, Windsor County, Vermont","0","0","0"
"1000000US500279652002199","Block 2199, Block Group 2, Census Tract 9652, Windsor County, Vermont","5","3","2"
"1000000US500279652002200","Block 2200, Block Group 2, Census Tract 9652, Windsor County, Vermont","4","4","0"
"1000000US500279652002201","Block 2201, Block Group 2, Census Tract 9652, Windsor County, Vermont","21","11","10"
"1000000US500279652002202","Block 2202, Block Group 2, Census Tract 9652, Windsor County, Vermont","2","1","1"
"1000000US500279652002203","Block 2203, Block Group 2, Census Tract 9652, Windsor County, Vermont","4","3","1"
"1000000US500279652002204","Block 2204, Block Group 2, Census Tract 9652, Windsor County, Vermont","0","0","0"
"1000000US500279652002205","Block 2205, Block Group 2, Census Tract 9652, Windsor County, Vermont","0","0","0"
"1000000US500279652002206","Block 2206, Block Group 2, Census Tract 9652, Windsor County, Vermont","4","2","2"
"1000000US500279652002207","Block 2207, Block Group 2, Census Tract 9652, Windsor County, Vermont","0","0","0"
"1000000US500279652002208","Block 2208, Block Group 2, Census Tract 9652, Windsor County, Vermont","0","0","0"
"1000000US500279652002209","Block 2209, Block Group 2, Census Tract 9652, Windsor County, Vermont","0","0","0"
"1000000US500279653001000","Block 1000, Block Group 1, Census Tract 9653, Windsor County, Vermont","34","29","5"
"1000000US500279653001001","Block 1001, Block Group 1, Census Tract 9653, Windsor County, Vermont","0","0","0"
"1000000US500279653001002","Block 1002, Block Group 1, Census Tract 9653, Windsor County, Vermont","0","0","0"
"1000000US500279653001003","Block 1003, Block Group 1, Census Tract 9653, Windsor County, Vermont","4","4","0"
"1000000US500279653001004","Block 1004, Block Group 1, Census Tract 9653, Windsor County, Vermont","0","0","0"
"1000000US500279653001005","Block 1005, Block Group 1, Census Tract 9653, Windsor County, Vermont","39","34","5"
"1000000US500279653001006","Block 1006, Block Group 1, Census Tract 9653, Windsor County, Vermont","1","1","0"
"1000000US500279653001007","Block 1007, Block Group 1, Census Tract 9653, Windsor County, Vermont","24","19","5"
"1000000US500279653001008","Block 1008, Block Group 1, Census Tract 9653, Windsor County, Vermont","0","0","0"
"1000000US500279653001009","Block 1009, Block Group 1, Census Tract 9653, Windsor County, Vermont","5","3","2"
"1000000US500279653001010","Block 1010, Block Group 1, Census Tract 9653, Windsor County, Vermont","66","49","17"
"1000000US500279653001011","Block 1011, Block Group 1, Census Tract 9653, Windsor County, Vermont","0","0","0"
"1000000US500279653001012","Block 1012, Block Group 1, Census Tract 9653, Windsor County, Vermont","11","9","2"
"1000000US500279654001000","Block 1000, Block Group 1, Census Tract 9654, Windsor County, Vermont","0","0","0"
"1000000US500279654001001","Block 1001, Block Group 1, Census Tract 9654, Windsor County, Vermont","2","2","0"
"1000000US500279654001002","Block 1002, Block Group 1, Census Tract 9654, Windsor County, Vermont","1","0","1"
"1000000US500279654001003","Block 1003, Block Group 1, Census Tract 9654, Windsor County, Vermont","27","20","7"
"1000000US500279654001004","Block 1004, Block Group 1, Census Tract 9654, Windsor County, Vermont","0","0","0"
"1000000US500279654001005","Block 1005, Block Group 1, Census Tract 9654, Windsor County, Vermont","0","0","0"
"1000000US500279654001006","Block 1006, Block Group 1, Census Tract 9654, Windsor County, Vermont","0","0","0"
"1000000US500279654001007","Block 1007, Block Group 1, Census Tract 9654, Windsor County, Vermont","3","3","0"
"1000000US500279654001008","Block 1008, Block Group 1, Census Tract 9654, Windsor County, Vermont","22","19","3"
"1000000US500279654001009","Block 1009, Block Group 1, Census Tract 9654, Windsor County, Vermont","0","0","0"
"1000000US500279654001010","Block 1010, Block Group 1, Census Tract 9654, Windsor County, Vermont","0","0","0"
"1000000US500279654001011","Block 1011, Block Group 1, Census Tract 9654, Windsor County, Vermont","0","0","0"
"1000000US500279654001012","Block 1012, Block Group 1, Census Tract 9654, Windsor County, Vermont","0","0","0"
"1000000US500279654001013","Block 1013, Block Group 1, Census Tract 9654, Windsor County, Vermont","0","0","0"
"1000000US500279654001014","Block 1014, Block Group 1, Census Tract 9654, Windsor County, Vermont","3","3","0"
"1000000US500279654001015","Block 1015, Block Group 1, Census Tract 9654, Windsor County, Vermont","83","62","21"
"1000000US500279654001016","Block 1016, Block Group 1, Census Tract 9654, Windsor County, Vermont","11","9","2"
"1000000US500279654001017","Block 1017, Block Group 1, Census Tract 9654, Windsor County, Vermont","1","1","0"
"1000000US500279654001018","Block 1018, Block Group 1, Census Tract 9654, Windsor County, Vermont","0","0","0"
"1000000US500279654001019","Block 1019, Block Group 1, Census Tract 9654, Windsor County, Vermont","0","0","0"
"1000000US500279654001020","Block 1020, Block Group 1, Census Tract 9654, Windsor County, Vermont","0","0","0"
"1000000US500279654001021","Block 1021, Block Group 1, Census Tract 9654, Windsor County, Vermont","0","0","0"
"1000000US500279654001022","Block 1022, Block Group 1, Census Tract 9654, Windsor County, Vermont","0","0","0"
"1000000US500279654001023","Block 1023, Block Group 1, Census Tract 9654, Windsor County, Vermont","64","48","16"
"1000000US500279654001024","Block 1024, Block Group 1, Census Tract 9654, Windsor County, Vermont","2","2","0"
"1000000US500279654001025","Block 1025, Block Group 1, Census Tract 9654, Windsor County, Vermont","7","6","1"
"1000000US500279654001026","Block 1026, Block Group 1, Census Tract 9654, Windsor County, Vermont","1","1","0"
"1000000US500279654001027","Block 1027, Block Group 1, Census Tract 9654, Windsor County, Vermont","0","0","0"
"1000000US500279654001028","Block 1028, Block Group 1, Census Tract 9654, Windsor County, Vermont","3","3","0"
"1000000US500279654001029","Block 1029, Block Group 1, Census Tract 9654, Windsor County, Vermont","15","14","1"
"1000000US500279654001030","Block 1030, Block Group 1, Census Tract 9654, Windsor County, Vermont","16","12","4"
"1000000US500279654001031","Block 1031, Block Group 1, Census Tract 9654, Windsor County, Vermont","0","0","0"
"1000000US500279654001032","Block 1032, Block Group 1, Census Tract 9654, Windsor County, Vermont","3","3","0"
"1000000US500279654001033","Block 1033, Block Group 1, Census Tract 9654, Windsor County, Vermont","21","20","1"
"1000000US500279654001034","Block 1034, Block Group 1, Census Tract 9654, Windsor County, Vermont","6","5","1"
"1000000US500279654001035","Block 1035, Block Group 1, Census Tract 9654, Windsor County, Vermont","25","21","4"
"1000000US500279654001036","Block 1036, Block Group 1, Census Tract 9654, Windsor County, Vermont","0","0","0"
"1000000US500279654001037","Block 1037, Block Group 1, Census Tract 9654, Windsor County, Vermont","11","9","2"
"1000000US500279654001038","Block 1038, Block Group 1, Census Tract 9654, Windsor County, Vermont","1","1","0"
"1000000US500279654001039","Block 1039, Block Group 1, Census Tract 9654, Windsor County, Vermont","29","25","4"
"1000000US500279654001040","Block 1040, Block Group 1, Census Tract 9654, Windsor County, Vermont","0","0","0"
"1000000US500279654001041","Block 1041, Block Group 1, Census Tract 9654, Windsor County, Vermont","0","0","0"
"1000000US500279654001042","Block 1042, Block Group 1, Census Tract 9654, Windsor County, Vermont","9","6","3"
"1000000US500279654001043","Block 1043, Block Group 1, Census Tract 9654, Windsor County, Vermont","1","1","0"
"1000000US500279654001044","Block 1044, Block Group 1, Census Tract 9654, Windsor County, Vermont","1","0","1"
"1000000US500279654001045","Block 1045, Block Group 1, Census Tract 9654, Windsor County, Vermont","43","40","3"
"1000000US500279654001046","Block 1046, Block Group 1, Census Tract 9654, Windsor County, Vermont","0","0","0"
"1000000US500279654001047","Block 1047, Block Group 1, Census Tract 9654, Windsor County, Vermont","0","0","0"
"1000000US500279654001048","Block 1048, Block Group 1, Census Tract 9654, Windsor County, Vermont","9","9","0"
"1000000US500279654001049","Block 1049, Block Group 1, Census Tract 9654, Windsor County, Vermont","0","0","0"
"1000000US500279654001050","Block 1050, Block Group 1, Census Tract 9654, Windsor County, Vermont","0","0","0"
"1000000US500279654001051","Block 1051, Block Group 1, Census Tract 9654, Windsor County, Vermont","13","12","1"
"1000000US500279654001052","Block 1052, Block Group 1, Census Tract 9654, Windsor County, Vermont","0","0","0"
"1000000US500279654001053","Block 1053, Block Group 1, Census Tract 9654, Windsor County, Vermont","0","0","0"
"1000000US500279654001054","Block 1054, Block Group 1, Census Tract 9654, Windsor County, Vermont","0","0","0"
"1000000US500279654001055","Block 1055, Block Group 1, Census Tract 9654, Windsor County, Vermont","22","22","0"
"1000000US500279654001056","Block 1056, Block Group 1, Census Tract 9654, Windsor County, Vermont","0","0","0"
"1000000US500279654001057","Block 1057, Block Group 1, Census Tract 9654, Windsor County, Vermont","0","0","0"
"1000000US500279654001058","Block 1058, Block Group 1, Census Tract 9654, Windsor County, Vermont","0","0","0"
"1000000US500279654001059","Block 1059, Block Group 1, Census Tract 9654, Windsor County, Vermont","3","3","0"
"1000000US500279654001060","Block 1060, Block Group 1, Census Tract 9654, Windsor County, Vermont","15","14","1"
"1000000US500279654001061","Block 1061, Block Group 1, Census Tract 9654, Windsor County, Vermont","0","0","0"
"1000000US500279654001062","Block 1062, Block Group 1, Census Tract 9654, Windsor County, Vermont","9","9","0"
"1000000US500279654001063","Block 1063, Block Group 1, Census Tract 9654, Windsor County, Vermont","5","5","0"
"1000000US500279654001064","Block 1064, Block Group 1, Census Tract 9654, Windsor County, Vermont","3","3","0"
"1000000US500279654001065","Block 1065, Block Group 1, Census Tract 9654, Windsor County, Vermont","4","4","0"
"1000000US500279654001066","Block 1066, Block Group 1, Census Tract 9654, Windsor County, Vermont","25","20","5"
"1000000US500279654001067","Block 1067, Block Group 1, Census Tract 9654, Windsor County, Vermont","29","26","3"
"1000000US500279654001068","Block 1068, Block Group 1, Census Tract 9654, Windsor County, Vermont","4","4","0"
"1000000US500279654001069","Block 1069, Block Group 1, Census Tract 9654, Windsor County, Vermont","0","0","0"
"1000000US500279654001070","Block 1070, Block Group 1, Census Tract 9654, Windsor County, Vermont","5","3","2"
"1000000US500279654001071","Block 1071, Block Group 1, Census Tract 9654, Windsor County, Vermont","0","0","0"
"1000000US500279654001072","Block 1072, Block Group 1, Census Tract 9654, Windsor County, Vermont","0","0","0"
"1000000US500279654001073","Block 1073, Block Group 1, Census Tract 9654, Windsor County, Vermont","10","6","4"
"1000000US500279654001074","Block 1074, Block Group 1, Census Tract 9654, Windsor County, Vermont","1","1","0"
"1000000US500279654001075","Block 1075, Block Group 1, Census Tract 9654, Windsor County, Vermont","0","0","0"
"1000000US500279654001076","Block 1076, Block Group 1, Census Tract 9654, Windsor County, Vermont","3","3","0"
"1000000US500279654001077","Block 1077, Block Group 1, Census Tract 9654, Windsor County, Vermont","0","0","0"
"1000000US500279654001078","Block 1078, Block Group 1, Census Tract 9654, Windsor County, Vermont","0","0","0"
"1000000US500279654001079","Block 1079, Block Group 1, Census Tract 9654, Windsor County, Vermont","0","0","0"
"1000000US500279654001080","Block 1080, Block Group 1, Census Tract 9654, Windsor County, Vermont","0","0","0"
"1000000US500279654001081","Block 1081, Block Group 1, Census Tract 9654, Windsor County, Vermont","0","0","0"
"1000000US500279654001082","Block 1082, Block Group 1, Census Tract 9654, Windsor County, Vermont","0","0","0"
"1000000US500279654001083","Block 1083, Block Group 1, Census Tract 9654, Windsor County, Vermont","0","0","0"
"1000000US500279654001084","Block 1084, Block Group 1, Census Tract 9654, Windsor County, Vermont","0","0","0"
"1000000US500279654001085","Block 1085, Block Group 1, Census Tract 9654, Windsor County, Vermont","0","0","0"
"1000000US500279654001086","Block 1086, Block Group 1, Census Tract 9654, Windsor County, Vermont","0","0","0"
"1000000US500279654001087","Block 1087, Block Group 1, Census Tract 9654, Windsor County, Vermont","0","0","0"
"1000000US500279654001088","Block 1088, Block Group 1, Census Tract 9654, Windsor County, Vermont","4","3","1"
"1000000US500279654001089","Block 1089, Block Group 1, Census Tract 9654, Windsor County, Vermont","11","9","2"
"1000000US500279654001090","Block 1090, Block Group 1, Census Tract 9654, Windsor County, Vermont","0","0","0"
"1000000US500279654001091","Block 1091, Block Group 1, Census Tract 9654, Windsor County, Vermont","0","0","0"
"1000000US500279654001092","Block 1092, Block Group 1, Census Tract 9654, Windsor County, Vermont","6","6","0"
"1000000US500279654001093","Block 1093, Block Group 1, Census Tract 9654, Windsor County, Vermont","1","1","0"
"1000000US500279654001094","Block 1094, Block Group 1, Census Tract 9654, Windsor County, Vermont","0","0","0"
"1000000US500279654001095","Block 1095, Block Group 1, Census Tract 9654, Windsor County, Vermont","3","3","0"
"1000000US500279654001096","Block 1096, Block Group 1, Census Tract 9654, Windsor County, Vermont","2","2","0"
"1000000US500279654001097","Block 1097, Block Group 1, Census Tract 9654, Windsor County, Vermont","0","0","0"
"1000000US500279654001098","Block 1098, Block Group 1, Census Tract 9654, Windsor County, Vermont","16","12","4"
"1000000US500279654001099","Block 1099, Block Group 1, Census Tract 9654, Windsor County, Vermont","4","4","0"
"1000000US500279654001100","Block 1100, Block Group 1, Census Tract 9654, Windsor County, Vermont","1","1","0"
"1000000US500279654001101","Block 1101, Block Group 1, Census Tract 9654, Windsor County, Vermont","46","39","7"
"1000000US500279654001102","Block 1102, Block Group 1, Census Tract 9654, Windsor County, Vermont","1","1","0"
"1000000US500279654001103","Block 1103, Block Group 1, Census Tract 9654, Windsor County, Vermont","6","6","0"
"1000000US500279654001104","Block 1104, Block Group 1, Census Tract 9654, Windsor County, Vermont","0","0","0"
"1000000US500279654001105","Block 1105, Block Group 1, Census Tract 9654, Windsor County, Vermont","0","0","0"
"1000000US500279654001106","Block 1106, Block Group 1, Census Tract 9654, Windsor County, Vermont","2","1","1"
"1000000US500279654001107","Block 1107, Block Group 1, Census Tract 9654, Windsor County, Vermont","0","0","0"
"1000000US500279654001108","Block 1108, Block Group 1, Census Tract 9654, Windsor County, Vermont","0","0","0"
"1000000US500279654001109","Block 1109, Block Group 1, Census Tract 9654, Windsor County, Vermont","5","4","1"
"1000000US500279654001110","Block 1110, Block Group 1, Census Tract 9654, Windsor County, Vermont","3","3","0"
"1000000US500279654001111","Block 1111, Block Group 1, Census Tract 9654, Windsor County, Vermont","1","1","0"
"1000000US500279654001112","Block 1112, Block Group 1, Census Tract 9654, Windsor County, Vermont","0","0","0"
"1000000US500279654001113","Block 1113, Block Group 1, Census Tract 9654, Windsor County, Vermont","0","0","0"
"1000000US500279654001114","Block 1114, Block Group 1, Census Tract 9654, Windsor County, Vermont","0","0","0"
"1000000US500279654001115","Block 1115, Block Group 1, Census Tract 9654, Windsor County, Vermont","0","0","0"
"1000000US500279654001116","Block 1116, Block Group 1, Census Tract 9654, Windsor County, Vermont","0","0","0"
"1000000US500279654001117","Block 1117, Block Group 1, Census Tract 9654, Windsor County, Vermont","1","0","1"
"1000000US500279654001118","Block 1118, Block Group 1, Census Tract 9654, Windsor County, Vermont","0","0","0"
"1000000US500279654001119","Block 1119, Block Group 1, Census Tract 9654, Windsor County, Vermont","1","1","0"
"1000000US500279654001120","Block 1120, Block Group 1, Census Tract 9654, Windsor County, Vermont","23","20","3"
"1000000US500279654001121","Block 1121, Block Group 1, Census Tract 9654, Windsor County, Vermont","0","0","0"
"1000000US500279654001122","Block 1122, Block Group 1, Census Tract 9654, Windsor County, Vermont","0","0","0"
"1000000US500279654001123","Block 1123, Block Group 1, Census Tract 9654, Windsor County, Vermont","0","0","0"
"1000000US500279654001124","Block 1124, Block Group 1, Census Tract 9654, Windsor County, Vermont","6","6","0"
"1000000US500279654001125","Block 1125, Block Group 1, Census Tract 9654, Windsor County, Vermont","2","1","1"
"1000000US500279654001126","Block 1126, Block Group 1, Census Tract 9654, Windsor County, Vermont","0","0","0"
"1000000US500279654001127","Block 1127, Block Group 1, Census Tract 9654, Windsor County, Vermont","0","0","0"
"1000000US500279654001128","Block 1128, Block Group 1, Census Tract 9654, Windsor County, Vermont","0","0","0"
"1000000US500279654001129","Block 1129, Block Group 1, Census Tract 9654, Windsor County, Vermont","0","0","0"
"1000000US500279654001130","Block 1130, Block Group 1, Census Tract 9654, Windsor County, Vermont","1","1","0"
"1000000US500279654001131","Block 1131, Block Group 1, Census Tract 9654, Windsor County, Vermont","2","1","1"
"1000000US500279654001132","Block 1132, Block Group 1, Census Tract 9654, Windsor County, Vermont","0","0","0"
"1000000US500279654001133","Block 1133, Block Group 1, Census Tract 9654, Windsor County, Vermont","1","1","0"
"1000000US500279654001134","Block 1134, Block Group 1, Census Tract 9654, Windsor County, Vermont","2","2","0"
"1000000US500279654001135","Block 1135, Block Group 1, Census Tract 9654, Windsor County, Vermont","1","1","0"
"1000000US500279654001136","Block 1136, Block Group 1, Census Tract 9654, Windsor County, Vermont","5","5","0"
"1000000US500279654001137","Block 1137, Block Group 1, Census Tract 9654, Windsor County, Vermont","0","0","0"
"1000000US500279654001138","Block 1138, Block Group 1, Census Tract 9654, Windsor County, Vermont","6","5","1"
"1000000US500279654001139","Block 1139, Block Group 1, Census Tract 9654, Windsor County, Vermont","1","1","0"
"1000000US500279654001140","Block 1140, Block Group 1, Census Tract 9654, Windsor County, Vermont","0","0","0"
"1000000US500279654001141","Block 1141, Block Group 1, Census Tract 9654, Windsor County, Vermont","0","0","0"
"1000000US500279654002000","Block 2000, Block Group 2, Census Tract 9654, Windsor County, Vermont","0","0","0"
"1000000US500279654002001","Block 2001, Block Group 2, Census Tract 9654, Windsor County, Vermont","8","7","1"
"1000000US500279654002002","Block 2002, Block Group 2, Census Tract 9654, Windsor County, Vermont","7","6","1"
"1000000US500279654002003","Block 2003, Block Group 2, Census Tract 9654, Windsor County, Vermont","5","3","2"
"1000000US500279654002004","Block 2004, Block Group 2, Census Tract 9654, Windsor County, Vermont","5","5","0"
"1000000US500279654002005","Block 2005, Block Group 2, Census Tract 9654, Windsor County, Vermont","2","2","0"
"1000000US500279654002006","Block 2006, Block Group 2, Census Tract 9654, Windsor County, Vermont","43","33","10"
"1000000US500279654002007","Block 2007, Block Group 2, Census Tract 9654, Windsor County, Vermont","0","0","0"
"1000000US500279654002008","Block 2008, Block Group 2, Census Tract 9654, Windsor County, Vermont","0","0","0"
"1000000US500279654002009","Block 2009, Block Group 2, Census Tract 9654, Windsor County, Vermont","0","0","0"
"1000000US500279654002010","Block 2010, Block Group 2, Census Tract 9654, Windsor County, Vermont","2","2","0"
"1000000US500279654002011","Block 2011, Block Group 2, Census Tract 9654, Windsor County, Vermont","5","5","0"
"1000000US500279654002012","Block 2012, Block Group 2, Census Tract 9654, Windsor County, Vermont","0","0","0"
"1000000US500279654002013","Block 2013, Block Group 2, Census Tract 9654, Windsor County, Vermont","3","3","0"
"1000000US500279654002014","Block 2014, Block Group 2, Census Tract 9654, Windsor County, Vermont","10","9","1"
"1000000US500279654002015","Block 2015, Block Group 2, Census Tract 9654, Windsor County, Vermont","18","15","3"
"1000000US500279654002016","Block 2016, Block Group 2, Census Tract 9654, Windsor County, Vermont","3","3","0"
"1000000US500279654002017","Block 2017, Block Group 2, Census Tract 9654, Windsor County, Vermont","5","3","2"
"1000000US500279654002018","Block 2018, Block Group 2, Census Tract 9654, Windsor County, Vermont","7","4","3"
"1000000US500279654002019","Block 2019, Block Group 2, Census Tract 9654, Windsor County, Vermont","16","15","1"
"1000000US500279654002020","Block 2020, Block Group 2, Census Tract 9654, Windsor County, Vermont","1","1","0"
"1000000US500279654002021","Block 2021, Block Group 2, Census Tract 9654, Windsor County, Vermont","10","10","0"
"1000000US500279654002022","Block 2022, Block Group 2, Census Tract 9654, Windsor County, Vermont","9","8","1"
"1000000US500279654002023","Block 2023, Block Group 2, Census Tract 9654, Windsor County, Vermont","1","1","0"
"1000000US500279654002024","Block 2024, Block Group 2, Census Tract 9654, Windsor County, Vermont","50","33","17"
"1000000US500279654002025","Block 2025, Block Group 2, Census Tract 9654, Windsor County, Vermont","0","0","0"
"1000000US500279654002026","Block 2026, Block Group 2, Census Tract 9654, Windsor County, Vermont","3","1","2"
"1000000US500279654002027","Block 2027, Block Group 2, Census Tract 9654, Windsor County, Vermont","3","1","2"
"1000000US500279654002028","Block 2028, Block Group 2, Census Tract 9654, Windsor County, Vermont","23","16","7"
"1000000US500279654002029","Block 2029, Block Group 2, Census Tract 9654, Windsor County, Vermont","0","0","0"
"1000000US500279654002030","Block 2030, Block Group 2, Census Tract 9654, Windsor County, Vermont","0","0","0"
"1000000US500279654002031","Block 2031, Block Group 2, Census Tract 9654, Windsor County, Vermont","4","3","1"
"1000000US500279654002032","Block 2032, Block Group 2, Census Tract 9654, Windsor County, Vermont","1","1","0"
"1000000US500279654002033","Block 2033, Block Group 2, Census Tract 9654, Windsor County, Vermont","6","3","3"
"1000000US500279654002034","Block 2034, Block Group 2, Census Tract 9654, Windsor County, Vermont","58","37","21"
"1000000US500279654002035","Block 2035, Block Group 2, Census Tract 9654, Windsor County, Vermont","11","7","4"
"1000000US500279654002036","Block 2036, Block Group 2, Census Tract 9654, Windsor County, Vermont","0","0","0"
"1000000US500279654002037","Block 2037, Block Group 2, Census Tract 9654, Windsor County, Vermont","0","0","0"
"1000000US500279654002038","Block 2038, Block Group 2, Census Tract 9654, Windsor County, Vermont","0","0","0"
"1000000US500279654002039","Block 2039, Block Group 2, Census Tract 9654, Windsor County, Vermont","14","7","7"
"1000000US500279654002040","Block 2040, Block Group 2, Census Tract 9654, Windsor County, Vermont","0","0","0"
"1000000US500279654002041","Block 2041, Block Group 2, Census Tract 9654, Windsor County, Vermont","5","5","0"
"1000000US500279654002042","Block 2042, Block Group 2, Census Tract 9654, Windsor County, Vermont","25","16","9"
"1000000US500279654002043","Block 2043, Block Group 2, Census Tract 9654, Windsor County, Vermont","1","1","0"
"1000000US500279654002044","Block 2044, Block Group 2, Census Tract 9654, Windsor County, Vermont","3","2","1"
"1000000US500279654002045","Block 2045, Block Group 2, Census Tract 9654, Windsor County, Vermont","0","0","0"
"1000000US500279654002046","Block 2046, Block Group 2, Census Tract 9654, Windsor County, Vermont","0","0","0"
"1000000US500279654002047","Block 2047, Block Group 2, Census Tract 9654, Windsor County, Vermont","0","0","0"
"1000000US500279654002048","Block 2048, Block Group 2, Census Tract 9654, Windsor County, Vermont","7","5","2"
"1000000US500279654002049","Block 2049, Block Group 2, Census Tract 9654, Windsor County, Vermont","2","1","1"
"1000000US500279654002050","Block 2050, Block Group 2, Census Tract 9654, Windsor County, Vermont","1","1","0"
"1000000US500279654002051","Block 2051, Block Group 2, Census Tract 9654, Windsor County, Vermont","2","2","0"
"1000000US500279654002052","Block 2052, Block Group 2, Census Tract 9654, Windsor County, Vermont","0","0","0"
"1000000US500279654002053","Block 2053, Block Group 2, Census Tract 9654, Windsor County, Vermont","40","31","9"
"1000000US500279654002054","Block 2054, Block Group 2, Census Tract 9654, Windsor County, Vermont","0","0","0"
"1000000US500279654002055","Block 2055, Block Group 2, Census Tract 9654, Windsor County, Vermont","0","0","0"
"1000000US500279654002056","Block 2056, Block Group 2, Census Tract 9654, Windsor County, Vermont","0","0","0"
"1000000US500279654002057","Block 2057, Block Group 2, Census Tract 9654, Windsor County, Vermont","0","0","0"
"1000000US500279654002058","Block 2058, Block Group 2, Census Tract 9654, Windsor County, Vermont","1","1","0"
"1000000US500279654002059","Block 2059, Block Group 2, Census Tract 9654, Windsor County, Vermont","1","1","0"
"1000000US500279654002060","Block 2060, Block Group 2, Census Tract 9654, Windsor County, Vermont","8","4","4"
"1000000US500279654002061","Block 2061, Block Group 2, Census Tract 9654, Windsor County, Vermont","27","15","12"
"1000000US500279654002062","Block 2062, Block Group 2, Census Tract 9654, Windsor County, Vermont","0","0","0"
"1000000US500279654002063","Block 2063, Block Group 2, Census Tract 9654, Windsor County, Vermont","0","0","0"
"1000000US500279654002064","Block 2064, Block Group 2, Census Tract 9654, Windsor County, Vermont","4","3","1"
"1000000US500279654002065","Block 2065, Block Group 2, Census Tract 9654, Windsor County, Vermont","28","18","10"
"1000000US500279654002066","Block 2066, Block Group 2, Census Tract 9654, Windsor County, Vermont","0","0","0"
"1000000US500279654002067","Block 2067, Block Group 2, Census Tract 9654, Windsor County, Vermont","0","0","0"
"1000000US500279654002068","Block 2068, Block Group 2, Census Tract 9654, Windsor County, Vermont","5","4","1"
"1000000US500279654002069","Block 2069, Block Group 2, Census Tract 9654, Windsor County, Vermont","0","0","0"
"1000000US500279654002070","Block 2070, Block Group 2, Census Tract 9654, Windsor County, Vermont","0","0","0"
"1000000US500279654002071","Block 2071, Block Group 2, Census Tract 9654, Windsor County, Vermont","2","2","0"
"1000000US500279654002072","Block 2072, Block Group 2, Census Tract 9654, Windsor County, Vermont","0","0","0"
"1000000US500279654002073","Block 2073, Block Group 2, Census Tract 9654, Windsor County, Vermont","0","0","0"
"1000000US500279654002074","Block 2074, Block Group 2, Census Tract 9654, Windsor County, Vermont","31","24","7"
"1000000US500279654002075","Block 2075, Block Group 2, Census Tract 9654, Windsor County, Vermont","0","0","0"
"1000000US500279654002076","Block 2076, Block Group 2, Census Tract 9654, Windsor County, Vermont","0","0","0"
"1000000US500279654002077","Block 2077, Block Group 2, Census Tract 9654, Windsor County, Vermont","0","0","0"
"1000000US500279654002078","Block 2078, Block Group 2, Census Tract 9654, Windsor County, Vermont","3","2","1"
"1000000US500279654002079","Block 2079, Block Group 2, Census Tract 9654, Windsor County, Vermont","1","0","1"
"1000000US500279654002080","Block 2080, Block Group 2, Census Tract 9654, Windsor County, Vermont","1","1","0"
"1000000US500279654002081","Block 2081, Block Group 2, Census Tract 9654, Windsor County, Vermont","0","0","0"
"1000000US500279654002082","Block 2082, Block Group 2, Census Tract 9654, Windsor County, Vermont","7","6","1"
"1000000US500279654002083","Block 2083, Block Group 2, Census Tract 9654, Windsor County, Vermont","3","2","1"
"1000000US500279654002084","Block 2084, Block Group 2, Census Tract 9654, Windsor County, Vermont","0","0","0"
"1000000US500279654002085","Block 2085, Block Group 2, Census Tract 9654, Windsor County, Vermont","0","0","0"
"1000000US500279654002086","Block 2086, Block Group 2, Census Tract 9654, Windsor County, Vermont","0","0","0"
"1000000US500279654002087","Block 2087, Block Group 2, Census Tract 9654, Windsor County, Vermont","0","0","0"
"1000000US500279654002088","Block 2088, Block Group 2, Census Tract 9654, Windsor County, Vermont","0","0","0"
"1000000US500279654002089","Block 2089, Block Group 2, Census Tract 9654, Windsor County, Vermont","1","1","0"
"1000000US500279654002090","Block 2090, Block Group 2, Census Tract 9654, Windsor County, Vermont","1","1","0"
"1000000US500279654002091","Block 2091, Block Group 2, Census Tract 9654, Windsor County, Vermont","1","0","1"
"1000000US500279654003000","Block 3000, Block Group 3, Census Tract 9654, Windsor County, Vermont","4","3","1"
"1000000US500279654003001","Block 3001, Block Group 3, Census Tract 9654, Windsor County, Vermont","47","31","16"
"1000000US500279654003002","Block 3002, Block Group 3, Census Tract 9654, Windsor County, Vermont","1","1","0"
"1000000US500279654003003","Block 3003, Block Group 3, Census Tract 9654, Windsor County, Vermont","0","0","0"
"1000000US500279654003004","Block 3004, Block Group 3, Census Tract 9654, Windsor County, Vermont","0","0","0"
"1000000US500279654003005","Block 3005, Block Group 3, Census Tract 9654, Windsor County, Vermont","3","1","2"
"1000000US500279654003006","Block 3006, Block Group 3, Census Tract 9654, Windsor County, Vermont","0","0","0"
"1000000US500279654003007","Block 3007, Block Group 3, Census Tract 9654, Windsor County, Vermont","0","0","0"
"1000000US500279654003008","Block 3008, Block Group 3, Census Tract 9654, Windsor County, Vermont","23","8","15"
"1000000US500279654003009","Block 3009, Block Group 3, Census Tract 9654, Windsor County, Vermont","0","0","0"
"1000000US500279654003010","Block 3010, Block Group 3, Census Tract 9654, Windsor County, Vermont","7","1","6"
"1000000US500279654003011","Block 3011, Block Group 3, Census Tract 9654, Windsor County, Vermont","5","3","2"
"1000000US500279654003012","Block 3012, Block Group 3, Census Tract 9654, Windsor County, Vermont","0","0","0"
"1000000US500279654003013","Block 3013, Block Group 3, Census Tract 9654, Windsor County, Vermont","0","0","0"
"1000000US500279654003014","Block 3014, Block Group 3, Census Tract 9654, Windsor County, Vermont","29","15","14"
"1000000US500279654003015","Block 3015, Block Group 3, Census Tract 9654, Windsor County, Vermont","4","3","1"
"1000000US500279654003016","Block 3016, Block Group 3, Census Tract 9654, Windsor County, Vermont","6","5","1"
"1000000US500279654003017","Block 3017, Block Group 3, Census Tract 9654, Windsor County, Vermont","3","3","0"
"1000000US500279654003018","Block 3018, Block Group 3, Census Tract 9654, Windsor County, Vermont","0","0","0"
"1000000US500279654003019","Block 3019, Block Group 3, Census Tract 9654, Windsor County, Vermont","0","0","0"
"1000000US500279654003020","Block 3020, Block Group 3, Census Tract 9654, Windsor County, Vermont","0","0","0"
"1000000US500279654003021","Block 3021, Block Group 3, Census Tract 9654, Windsor County, Vermont","18","8","10"
"1000000US500279654003022","Block 3022, Block Group 3, Census Tract 9654, Windsor County, Vermont","0","0","0"
"1000000US500279654003023","Block 3023, Block Group 3, Census Tract 9654, Windsor County, Vermont","1","0","1"
"1000000US500279654003024","Block 3024, Block Group 3, Census Tract 9654, Windsor County, Vermont","3","2","1"
"1000000US500279654003025","Block 3025, Block Group 3, Census Tract 9654, Windsor County, Vermont","0","0","0"
"1000000US500279654003026","Block 3026, Block Group 3, Census Tract 9654, Windsor County, Vermont","0","0","0"
"1000000US500279654003027","Block 3027, Block Group 3, Census Tract 9654, Windsor County, Vermont","0","0","0"
"1000000US500279654003028","Block 3028, Block Group 3, Census Tract 9654, Windsor County, Vermont","8","4","4"
"1000000US500279654003029","Block 3029, Block Group 3, Census Tract 9654, Windsor County, Vermont","18","13","5"
"1000000US500279654003030","Block 3030, Block Group 3, Census Tract 9654, Windsor County, Vermont","77","49","28"
"1000000US500279654003031","Block 3031, Block Group 3, Census Tract 9654, Windsor County, Vermont","0","0","0"
"1000000US500279654003032","Block 3032, Block Group 3, Census Tract 9654, Windsor County, Vermont","0","0","0"
"1000000US500279654003033","Block 3033, Block Group 3, Census Tract 9654, Windsor County, Vermont","0","0","0"
"1000000US500279654003034","Block 3034, Block Group 3, Census Tract 9654, Windsor County, Vermont","1","1","0"
"1000000US500279654003035","Block 3035, Block Group 3, Census Tract 9654, Windsor County, Vermont","1","1","0"
"1000000US500279654003036","Block 3036, Block Group 3, Census Tract 9654, Windsor County, Vermont","6","5","1"
"1000000US500279654003037","Block 3037, Block Group 3, Census Tract 9654, Windsor County, Vermont","4","4","0"
"1000000US500279654003038","Block 3038, Block Group 3, Census Tract 9654, Windsor County, Vermont","0","0","0"
"1000000US500279654003039","Block 3039, Block Group 3, Census Tract 9654, Windsor County, Vermont","0","0","0"
"1000000US500279654003040","Block 3040, Block Group 3, Census Tract 9654, Windsor County, Vermont","2","2","0"
"1000000US500279654003041","Block 3041, Block Group 3, Census Tract 9654, Windsor County, Vermont","12","11","1"
"1000000US500279654003042","Block 3042, Block Group 3, Census Tract 9654, Windsor County, Vermont","3","2","1"
"1000000US500279654003043","Block 3043, Block Group 3, Census Tract 9654, Windsor County, Vermont","31","21","10"
"1000000US500279654003044","Block 3044, Block Group 3, Census Tract 9654, Windsor County, Vermont","0","0","0"
"1000000US500279654003045","Block 3045, Block Group 3, Census Tract 9654, Windsor County, Vermont","1","1","0"
"1000000US500279654003046","Block 3046, Block Group 3, Census Tract 9654, Windsor County, Vermont","3","1","2"
"1000000US500279654003047","Block 3047, Block Group 3, Census Tract 9654, Windsor County, Vermont","12","9","3"
"1000000US500279654003048","Block 3048, Block Group 3, Census Tract 9654, Windsor County, Vermont","14","10","4"
"1000000US500279654003049","Block 3049, Block Group 3, Census Tract 9654, Windsor County, Vermont","0","0","0"
"1000000US500279654003050","Block 3050, Block Group 3, Census Tract 9654, Windsor County, Vermont","11","5","6"
"1000000US500279654003051","Block 3051, Block Group 3, Census Tract 9654, Windsor County, Vermont","28","19","9"
"1000000US500279654003052","Block 3052, Block Group 3, Census Tract 9654, Windsor County, Vermont","2","2","0"
"1000000US500279654003053","Block 3053, Block Group 3, Census Tract 9654, Windsor County, Vermont","4","1","3"
"1000000US500279654003054","Block 3054, Block Group 3, Census Tract 9654, Windsor County, Vermont","1","1","0"
"1000000US500279654003055","Block 3055, Block Group 3, Census Tract 9654, Windsor County, Vermont","66","32","34"
"1000000US500279654003056","Block 3056, Block Group 3, Census Tract 9654, Windsor County, Vermont","0","0","0"
"1000000US500279654003057","Block 3057, Block Group 3, Census Tract 9654, Windsor County, Vermont","1","0","1"
"1000000US500279654003058","Block 3058, Block Group 3, Census Tract 9654, Windsor County, Vermont","10","9","1"
"1000000US500279654003059","Block 3059, Block Group 3, Census Tract 9654, Windsor County, Vermont","0","0","0"
"1000000US500279654003060","Block 3060, Block Group 3, Census Tract 9654, Windsor County, Vermont","0","0","0"
"1000000US500279654003061","Block 3061, Block Group 3, Census Tract 9654, Windsor County, Vermont","18","10","8"
"1000000US500279654003062","Block 3062, Block Group 3, Census Tract 9654, Windsor County, Vermont","0","0","0"
"1000000US500279654003063","Block 3063, Block Group 3, Census Tract 9654, Windsor County, Vermont","0","0","0"
"1000000US500279654003064","Block 3064, Block Group 3, Census Tract 9654, Windsor County, Vermont","0","0","0"
"1000000US500279654003065","Block 3065, Block Group 3, Census Tract 9654, Windsor County, Vermont","1","0","1"
"1000000US500279654003066","Block 3066, Block Group 3, Census Tract 9654, Windsor County, Vermont","0","0","0"
"1000000US500279654003067","Block 3067, Block Group 3, Census Tract 9654, Windsor County, Vermont","89","51","38"
"1000000US500279654003068","Block 3068, Block Group 3, Census Tract 9654, Windsor County, Vermont","1","1","0"
"1000000US500279654003069","Block 3069, Block Group 3, Census Tract 9654, Windsor County, Vermont","2","2","0"
"1000000US500279654003070","Block 3070, Block Group 3, Census Tract 9654, Windsor County, Vermont","1","1","0"
"1000000US500279654003071","Block 3071, Block Group 3, Census Tract 9654, Windsor County, Vermont","0","0","0"
"1000000US500279654003072","Block 3072, Block Group 3, Census Tract 9654, Windsor County, Vermont","0","0","0"
"1000000US500279654003073","Block 3073, Block Group 3, Census Tract 9654, Windsor County, Vermont","2","2","0"
"1000000US500279654003074","Block 3074, Block Group 3, Census Tract 9654, Windsor County, Vermont","2","1","1"
"1000000US500279654003075","Block 3075, Block Group 3, Census Tract 9654, Windsor County, Vermont","0","0","0"
"1000000US500279654003076","Block 3076, Block Group 3, Census Tract 9654, Windsor County, Vermont","15","5","10"
"1000000US500279654003077","Block 3077, Block Group 3, Census Tract 9654, Windsor County, Vermont","37","9","28"
"1000000US500279654003078","Block 3078, Block Group 3, Census Tract 9654, Windsor County, Vermont","0","0","0"
"1000000US500279654003079","Block 3079, Block Group 3, Census Tract 9654, Windsor County, Vermont","0","0","0"
"1000000US500279654003080","Block 3080, Block Group 3, Census Tract 9654, Windsor County, Vermont","0","0","0"
"1000000US500279654003081","Block 3081, Block Group 3, Census Tract 9654, Windsor County, Vermont","2","0","2"
"1000000US500279654003082","Block 3082, Block Group 3, Census Tract 9654, Windsor County, Vermont","11","9","2"
"1000000US500279654003083","Block 3083, Block Group 3, Census Tract 9654, Windsor County, Vermont","0","0","0"
"1000000US500279654003084","Block 3084, Block Group 3, Census Tract 9654, Windsor County, Vermont","1","1","0"
"1000000US500279654003085","Block 3085, Block Group 3, Census Tract 9654, Windsor County, Vermont","0","0","0"
"1000000US500279654003086","Block 3086, Block Group 3, Census Tract 9654, Windsor County, Vermont","37","18","19"
"1000000US500279654003087","Block 3087, Block Group 3, Census Tract 9654, Windsor County, Vermont","1","0","1"
"1000000US500279654003088","Block 3088, Block Group 3, Census Tract 9654, Windsor County, Vermont","0","0","0"
"1000000US500279654003089","Block 3089, Block Group 3, Census Tract 9654, Windsor County, Vermont","2","1","1"
"1000000US500279654003090","Block 3090, Block Group 3, Census Tract 9654, Windsor County, Vermont","8","7","1"
"1000000US500279654003091","Block 3091, Block Group 3, Census Tract 9654, Windsor County, Vermont","5","3","2"
"1000000US500279654003092","Block 3092, Block Group 3, Census Tract 9654, Windsor County, Vermont","0","0","0"
"1000000US500279654003093","Block 3093, Block Group 3, Census Tract 9654, Windsor County, Vermont","0","0","0"
"1000000US500279654003094","Block 3094, Block Group 3, Census Tract 9654, Windsor County, Vermont","0","0","0"
"1000000US500279654003095","Block 3095, Block Group 3, Census Tract 9654, Windsor County, Vermont","1","1","0"
"1000000US500279654003096","Block 3096, Block Group 3, Census Tract 9654, Windsor County, Vermont","2","2","0"
"1000000US500279654003097","Block 3097, Block Group 3, Census Tract 9654, Windsor County, Vermont","8","2","6"
"1000000US500279654003098","Block 3098, Block Group 3, Census Tract 9654, Windsor County, Vermont","0","0","0"
"1000000US500279654003099","Block 3099, Block Group 3, Census Tract 9654, Windsor County, Vermont","0","0","0"
"1000000US500279654004000","Block 4000, Block Group 4, Census Tract 9654, Windsor County, Vermont","57","41","16"
"1000000US500279654004001","Block 4001, Block Group 4, Census Tract 9654, Windsor County, Vermont","0","0","0"
"1000000US500279654004002","Block 4002, Block Group 4, Census Tract 9654, Windsor County, Vermont","15","5","10"
"1000000US500279654004003","Block 4003, Block Group 4, Census Tract 9654, Windsor County, Vermont","2","1","1"
"1000000US500279654004004","Block 4004, Block Group 4, Census Tract 9654, Windsor County, Vermont","3","2","1"
"1000000US500279654004005","Block 4005, Block Group 4, Census Tract 9654, Windsor County, Vermont","3","3","0"
"1000000US500279654004006","Block 4006, Block Group 4, Census Tract 9654, Windsor County, Vermont","0","0","0"
"1000000US500279654004007","Block 4007, Block Group 4, Census Tract 9654, Windsor County, Vermont","0","0","0"
"1000000US500279654004008","Block 4008, Block Group 4, Census Tract 9654, Windsor County, Vermont","3","2","1"
"1000000US500279654004009","Block 4009, Block Group 4, Census Tract 9654, Windsor County, Vermont","9","7","2"
"1000000US500279654004010","Block 4010, Block Group 4, Census Tract 9654, Windsor County, Vermont","31","17","14"
"1000000US500279654004011","Block 4011, Block Group 4, Census Tract 9654, Windsor County, Vermont","7","3","4"
"1000000US500279654004012","Block 4012, Block Group 4, Census Tract 9654, Windsor County, Vermont","36","23","13"
"1000000US500279654004013","Block 4013, Block Group 4, Census Tract 9654, Windsor County, Vermont","2","1","1"
"1000000US500279654004014","Block 4014, Block Group 4, Census Tract 9654, Windsor County, Vermont","0","0","0"
"1000000US500279654004015","Block 4015, Block Group 4, Census Tract 9654, Windsor County, Vermont","3","1","2"
"1000000US500279654004016","Block 4016, Block Group 4, Census Tract 9654, Windsor County, Vermont","3","3","0"
"1000000US500279654004017","Block 4017, Block Group 4, Census Tract 9654, Windsor County, Vermont","0","0","0"
"1000000US500279654004018","Block 4018, Block Group 4, Census Tract 9654, Windsor County, Vermont","0","0","0"
"1000000US500279654004019","Block 4019, Block Group 4, Census Tract 9654, Windsor County, Vermont","1","0","1"
"1000000US500279654004020","Block 4020, Block Group 4, Census Tract 9654, Windsor County, Vermont","0","0","0"
"1000000US500279654004021","Block 4021, Block Group 4, Census Tract 9654, Windsor County, Vermont","0","0","0"
"1000000US500279654004022","Block 4022, Block Group 4, Census Tract 9654, Windsor County, Vermont","0","0","0"
"1000000US500279654004023","Block 4023, Block Group 4, Census Tract 9654, Windsor County, Vermont","34","27","7"
"1000000US500279654004024","Block 4024, Block Group 4, Census Tract 9654, Windsor County, Vermont","0","0","0"
"1000000US500279654004025","Block 4025, Block Group 4, Census Tract 9654, Windsor County, Vermont","46","38","8"
"1000000US500279654004026","Block 4026, Block Group 4, Census Tract 9654, Windsor County, Vermont","3","3","0"
"1000000US500279654004027","Block 4027, Block Group 4, Census Tract 9654, Windsor County, Vermont","0","0","0"
"1000000US500279654004028","Block 4028, Block Group 4, Census Tract 9654, Windsor County, Vermont","0","0","0"
"1000000US500279654004029","Block 4029, Block Group 4, Census Tract 9654, Windsor County, Vermont","8","6","2"
"1000000US500279654004030","Block 4030, Block Group 4, Census Tract 9654, Windsor County, Vermont","1","1","0"
"1000000US500279654004031","Block 4031, Block Group 4, Census Tract 9654, Windsor County, Vermont","2","1","1"
"1000000US500279654004032","Block 4032, Block Group 4, Census Tract 9654, Windsor County, Vermont","0","0","0"
"1000000US500279654004033","Block 4033, Block Group 4, Census Tract 9654, Windsor County, Vermont","0","0","0"
"1000000US500279654004034","Block 4034, Block Group 4, Census Tract 9654, Windsor County, Vermont","0","0","0"
"1000000US500279654004035","Block 4035, Block Group 4, Census Tract 9654, Windsor County, Vermont","51","24","27"
"1000000US500279654004036","Block 4036, Block Group 4, Census Tract 9654, Windsor County, Vermont","7","2","5"
"1000000US500279654004037","Block 4037, Block Group 4, Census Tract 9654, Windsor County, Vermont","45","22","23"
"1000000US500279654004038","Block 4038, Block Group 4, Census Tract 9654, Windsor County, Vermont","5","4","1"
"1000000US500279654004039","Block 4039, Block Group 4, Census Tract 9654, Windsor County, Vermont","0","0","0"
"1000000US500279654004040","Block 4040, Block Group 4, Census Tract 9654, Windsor County, Vermont","1","1","0"
"1000000US500279654004041","Block 4041, Block Group 4, Census Tract 9654, Windsor County, Vermont","0","0","0"
"1000000US500279654004042","Block 4042, Block Group 4, Census Tract 9654, Windsor County, Vermont","2","1","1"
"1000000US500279654004043","Block 4043, Block Group 4, Census Tract 9654, Windsor County, Vermont","7","5","2"
"1000000US500279654004044","Block 4044, Block Group 4, Census Tract 9654, Windsor County, Vermont","0","0","0"
"1000000US500279654004045","Block 4045, Block Group 4, Census Tract 9654, Windsor County, Vermont","0","0","0"
"1000000US500279654004046","Block 4046, Block Group 4, Census Tract 9654, Windsor County, Vermont","2","2","0"
"1000000US500279654004047","Block 4047, Block Group 4, Census Tract 9654, Windsor County, Vermont","0","0","0"
"1000000US500279654004048","Block 4048, Block Group 4, Census Tract 9654, Windsor County, Vermont","6","3","3"
"1000000US500279654004049","Block 4049, Block Group 4, Census Tract 9654, Windsor County, Vermont","0","0","0"
"1000000US500279654004050","Block 4050, Block Group 4, Census Tract 9654, Windsor County, Vermont","18","12","6"
"1000000US500279654004051","Block 4051, Block Group 4, Census Tract 9654, Windsor County, Vermont","0","0","0"
"1000000US500279654004052","Block 4052, Block Group 4, Census Tract 9654, Windsor County, Vermont","1","0","1"
"1000000US500279654004053","Block 4053, Block Group 4, Census Tract 9654, Windsor County, Vermont","0","0","0"
"1000000US500279654004054","Block 4054, Block Group 4, Census Tract 9654, Windsor County, Vermont","0","0","0"
"1000000US500279654004055","Block 4055, Block Group 4, Census Tract 9654, Windsor County, Vermont","5","5","0"
"1000000US500279654004056","Block 4056, Block Group 4, Census Tract 9654, Windsor County, Vermont","0","0","0"
"1000000US500279654004057","Block 4057, Block Group 4, Census Tract 9654, Windsor County, Vermont","0","0","0"
"1000000US500279654004058","Block 4058, Block Group 4, Census Tract 9654, Windsor County, Vermont","2","1","1"
"1000000US500279654004059","Block 4059, Block Group 4, Census Tract 9654, Windsor County, Vermont","0","0","0"
"1000000US500279654004060","Block 4060, Block Group 4, Census Tract 9654, Windsor County, Vermont","0","0","0"
"1000000US500279654004061","Block 4061, Block Group 4, Census Tract 9654, Windsor County, Vermont","0","0","0"
"1000000US500279654004062","Block 4062, Block Group 4, Census Tract 9654, Windsor County, Vermont","51","22","29"
"1000000US500279654004063","Block 4063, Block Group 4, Census Tract 9654, Windsor County, Vermont","1","0","1"
"1000000US500279654004064","Block 4064, Block Group 4, Census Tract 9654, Windsor County, Vermont","2","0","2"
"1000000US500279654004065","Block 4065, Block Group 4, Census Tract 9654, Windsor County, Vermont","0","0","0"
"1000000US500279654004066","Block 4066, Block Group 4, Census Tract 9654, Windsor County, Vermont","22","13","9"
"1000000US500279654004067","Block 4067, Block Group 4, Census Tract 9654, Windsor County, Vermont","2","2","0"
"1000000US500279654004068","Block 4068, Block Group 4, Census Tract 9654, Windsor County, Vermont","21","19","2"
"1000000US500279654004069","Block 4069, Block Group 4, Census Tract 9654, Windsor County, Vermont","0","0","0"
"1000000US500279654004070","Block 4070, Block Group 4, Census Tract 9654, Windsor County, Vermont","4","3","1"
"1000000US500279654004071","Block 4071, Block Group 4, Census Tract 9654, Windsor County, Vermont","1","1","0"
"1000000US500279654004072","Block 4072, Block Group 4, Census Tract 9654, Windsor County, Vermont","2","2","0"
"1000000US500279654004073","Block 4073, Block Group 4, Census Tract 9654, Windsor County, Vermont","14","7","7"
"1000000US500279654004074","Block 4074, Block Group 4, Census Tract 9654, Windsor County, Vermont","0","0","0"
"1000000US500279654004075","Block 4075, Block Group 4, Census Tract 9654, Windsor County, Vermont","0","0","0"
"1000000US500279654004076","Block 4076, Block Group 4, Census Tract 9654, Windsor County, Vermont","0","0","0"
"1000000US500279654004077","Block 4077, Block Group 4, Census Tract 9654, Windsor County, Vermont","9","3","6"
"1000000US500279654004078","Block 4078, Block Group 4, Census Tract 9654, Windsor County, Vermont","0","0","0"
"1000000US500279654004079","Block 4079, Block Group 4, Census Tract 9654, Windsor County, Vermont","0","0","0"
"1000000US500279654004080","Block 4080, Block Group 4, Census Tract 9654, Windsor County, Vermont","2","0","2"
"1000000US500279654004081","Block 4081, Block Group 4, Census Tract 9654, Windsor County, Vermont","1","0","1"
"1000000US500279654004082","Block 4082, Block Group 4, Census Tract 9654, Windsor County, Vermont","0","0","0"
"1000000US500279655011000","Block 1000, Block Group 1, Census Tract 9655.01, Windsor County, Vermont","0","0","0"
"1000000US500279655011001","Block 1001, Block Group 1, Census Tract 9655.01, Windsor County, Vermont","0","0","0"
"1000000US500279655011002","Block 1002, Block Group 1, Census Tract 9655.01, Windsor County, Vermont","0","0","0"
"1000000US500279655011003","Block 1003, Block Group 1, Census Tract 9655.01, Windsor County, Vermont","0","0","0"
"1000000US500279655011004","Block 1004, Block Group 1, Census Tract 9655.01, Windsor County, Vermont","0","0","0"
"1000000US500279655011005","Block 1005, Block Group 1, Census Tract 9655.01, Windsor County, Vermont","0","0","0"
"1000000US500279655011006","Block 1006, Block Group 1, Census Tract 9655.01, Windsor County, Vermont","0","0","0"
"1000000US500279655011007","Block 1007, Block Group 1, Census Tract 9655.01, Windsor County, Vermont","0","0","0"
"1000000US500279655011008","Block 1008, Block Group 1, Census Tract 9655.01, Windsor County, Vermont","0","0","0"
"1000000US500279655011009","Block 1009, Block Group 1, Census Tract 9655.01, Windsor County, Vermont","0","0","0"
"1000000US500279655011010","Block 1010, Block Group 1, Census Tract 9655.01, Windsor County, Vermont","0","0","0"
"1000000US500279655011011","Block 1011, Block Group 1, Census Tract 9655.01, Windsor County, Vermont","37","37","0"
"1000000US500279655011012","Block 1012, Block Group 1, Census Tract 9655.01, Windsor County, Vermont","3","3","0"
"1000000US500279655011013","Block 1013, Block Group 1, Census Tract 9655.01, Windsor County, Vermont","2","2","0"
"1000000US500279655011014","Block 1014, Block Group 1, Census Tract 9655.01, Windsor County, Vermont","5","5","0"
"1000000US500279655011015","Block 1015, Block Group 1, Census Tract 9655.01, Windsor County, Vermont","0","0","0"
"1000000US500279655011016","Block 1016, Block Group 1, Census Tract 9655.01, Windsor County, Vermont","15","14","1"
"1000000US500279655011017","Block 1017, Block Group 1, Census Tract 9655.01, Windsor County, Vermont","0","0","0"
"1000000US500279655011018","Block 1018, Block Group 1, Census Tract 9655.01, Windsor County, Vermont","0","0","0"
"1000000US500279655011019","Block 1019, Block Group 1, Census Tract 9655.01, Windsor County, Vermont","1","1","0"
"1000000US500279655011020","Block 1020, Block Group 1, Census Tract 9655.01, Windsor County, Vermont","0","0","0"
"1000000US500279655011021","Block 1021, Block Group 1, Census Tract 9655.01, Windsor County, Vermont","0","0","0"
"1000000US500279655011022","Block 1022, Block Group 1, Census Tract 9655.01, Windsor County, Vermont","0","0","0"
"1000000US500279655011023","Block 1023, Block Group 1, Census Tract 9655.01, Windsor County, Vermont","3","3","0"
"1000000US500279655011024","Block 1024, Block Group 1, Census Tract 9655.01, Windsor County, Vermont","8","8","0"
"1000000US500279655011025","Block 1025, Block Group 1, Census Tract 9655.01, Windsor County, Vermont","4","2","2"
"1000000US500279655011026","Block 1026, Block Group 1, Census Tract 9655.01, Windsor County, Vermont","0","0","0"
"1000000US500279655011027","Block 1027, Block Group 1, Census Tract 9655.01, Windsor County, Vermont","6","3","3"
"1000000US500279655011028","Block 1028, Block Group 1, Census Tract 9655.01, Windsor County, Vermont","7","7","0"
"1000000US500279655011029","Block 1029, Block Group 1, Census Tract 9655.01, Windsor County, Vermont","2","2","0"
"1000000US500279655011030","Block 1030, Block Group 1, Census Tract 9655.01, Windsor County, Vermont","0","0","0"
"1000000US500279655011031","Block 1031, Block Group 1, Census Tract 9655.01, Windsor County, Vermont","83","79","4"
"1000000US500279655011032","Block 1032, Block Group 1, Census Tract 9655.01, Windsor County, Vermont","0","0","0"
"1000000US500279655011033","Block 1033, Block Group 1, Census Tract 9655.01, Windsor County, Vermont","0","0","0"
"1000000US500279655011034","Block 1034, Block Group 1, Census Tract 9655.01, Windsor County, Vermont","5","5","0"
"1000000US500279655011035","Block 1035, Block Group 1, Census Tract 9655.01, Windsor County, Vermont","2","2","0"
"1000000US500279655011036","Block 1036, Block Group 1, Census Tract 9655.01, Windsor County, Vermont","0","0","0"
"1000000US500279655011037","Block 1037, Block Group 1, Census Tract 9655.01, Windsor County, Vermont","2","1","1"
"1000000US500279655011038","Block 1038, Block Group 1, Census Tract 9655.01, Windsor County, Vermont","26","25","1"
"1000000US500279655011039","Block 1039, Block Group 1, Census Tract 9655.01, Windsor County, Vermont","0","0","0"
"1000000US500279655011040","Block 1040, Block Group 1, Census Tract 9655.01, Windsor County, Vermont","41","39","2"
"1000000US500279655011041","Block 1041, Block Group 1, Census Tract 9655.01, Windsor County, Vermont","1","1","0"
"1000000US500279655011042","Block 1042, Block Group 1, Census Tract 9655.01, Windsor County, Vermont","6","6","0"
"1000000US500279655011043","Block 1043, Block Group 1, Census Tract 9655.01, Windsor County, Vermont","43","37","6"
"1000000US500279655011044","Block 1044, Block Group 1, Census Tract 9655.01, Windsor County, Vermont","0","0","0"
"1000000US500279655011045","Block 1045, Block Group 1, Census Tract 9655.01, Windsor County, Vermont","0","0","0"
"1000000US500279655011046","Block 1046, Block Group 1, Census Tract 9655.01, Windsor County, Vermont","107","99","8"
"1000000US500279655011047","Block 1047, Block Group 1, Census Tract 9655.01, Windsor County, Vermont","0","0","0"
"1000000US500279655011048","Block 1048, Block Group 1, Census Tract 9655.01, Windsor County, Vermont","2","2","0"
"1000000US500279655011049","Block 1049, Block Group 1, Census Tract 9655.01, Windsor County, Vermont","0","0","0"
"1000000US500279655011050","Block 1050, Block Group 1, Census Tract 9655.01, Windsor County, Vermont","0","0","0"
"1000000US500279655011051","Block 1051, Block Group 1, Census Tract 9655.01, Windsor County, Vermont","0","0","0"
"1000000US500279655011052","Block 1052, Block Group 1, Census Tract 9655.01, Windsor County, Vermont","0","0","0"
"1000000US500279655011053","Block 1053, Block Group 1, Census Tract 9655.01, Windsor County, Vermont","0","0","0"
"1000000US500279655011054","Block 1054, Block Group 1, Census Tract 9655.01, Windsor County, Vermont","0","0","0"
"1000000US500279655011055","Block 1055, Block Group 1, Census Tract 9655.01, Windsor County, Vermont","3","3","0"
"1000000US500279655011056","Block 1056, Block Group 1, Census Tract 9655.01, Windsor County, Vermont","2","2","0"
"1000000US500279655011057","Block 1057, Block Group 1, Census Tract 9655.01, Windsor County, Vermont","0","0","0"
"1000000US500279655011058","Block 1058, Block Group 1, Census Tract 9655.01, Windsor County, Vermont","0","0","0"
"1000000US500279655011059","Block 1059, Block Group 1, Census Tract 9655.01, Windsor County, Vermont","5","5","0"
"1000000US500279655011060","Block 1060, Block Group 1, Census Tract 9655.01, Windsor County, Vermont","15","12","3"
"1000000US500279655011061","Block 1061, Block Group 1, Census Tract 9655.01, Windsor County, Vermont","1","0","1"
"1000000US500279655011062","Block 1062, Block Group 1, Census Tract 9655.01, Windsor County, Vermont","0","0","0"
"1000000US500279655011063","Block 1063, Block Group 1, Census Tract 9655.01, Windsor County, Vermont","16","15","1"
"1000000US500279655011064","Block 1064, Block Group 1, Census Tract 9655.01, Windsor County, Vermont","0","0","0"
"1000000US500279655011065","Block 1065, Block Group 1, Census Tract 9655.01, Windsor County, Vermont","39","37","2"
"1000000US500279655011066","Block 1066, Block Group 1, Census Tract 9655.01, Windsor County, Vermont","0","0","0"
"1000000US500279655011067","Block 1067, Block Group 1, Census Tract 9655.01, Windsor County, Vermont","0","0","0"
"1000000US500279655011068","Block 1068, Block Group 1, Census Tract 9655.01, Windsor County, Vermont","0","0","0"
"1000000US500279655011069","Block 1069, Block Group 1, Census Tract 9655.01, Windsor County, Vermont","5","4","1"
"1000000US500279655011070","Block 1070, Block Group 1, Census Tract 9655.01, Windsor County, Vermont","0","0","0"
"1000000US500279655011071","Block 1071, Block Group 1, Census Tract 9655.01, Windsor County, Vermont","0","0","0"
"1000000US500279655011072","Block 1072, Block Group 1, Census Tract 9655.01, Windsor County, Vermont","0","0","0"
"1000000US500279655011073","Block 1073, Block Group 1, Census Tract 9655.01, Windsor County, Vermont","0","0","0"
"1000000US500279655011074","Block 1074, Block Group 1, Census Tract 9655.01, Windsor County, Vermont","0","0","0"
"1000000US500279655011075","Block 1075, Block Group 1, Census Tract 9655.01, Windsor County, Vermont","0","0","0"
"1000000US500279655011076","Block 1076, Block Group 1, Census Tract 9655.01, Windsor County, Vermont","0","0","0"
"1000000US500279655011077","Block 1077, Block Group 1, Census Tract 9655.01, Windsor County, Vermont","0","0","0"
"1000000US500279655011078","Block 1078, Block Group 1, Census Tract 9655.01, Windsor County, Vermont","0","0","0"
"1000000US500279655011079","Block 1079, Block Group 1, Census Tract 9655.01, Windsor County, Vermont","0","0","0"
"1000000US500279655011080","Block 1080, Block Group 1, Census Tract 9655.01, Windsor County, Vermont","0","0","0"
"1000000US500279655011081","Block 1081, Block Group 1, Census Tract 9655.01, Windsor County, Vermont","0","0","0"
"1000000US500279655011082","Block 1082, Block Group 1, Census Tract 9655.01, Windsor County, Vermont","0","0","0"
"1000000US500279655011083","Block 1083, Block Group 1, Census Tract 9655.01, Windsor County, Vermont","0","0","0"
"1000000US500279655012000","Block 2000, Block Group 2, Census Tract 9655.01, Windsor County, Vermont","0","0","0"
"1000000US500279655012001","Block 2001, Block Group 2, Census Tract 9655.01, Windsor County, Vermont","0","0","0"
"1000000US500279655012002","Block 2002, Block Group 2, Census Tract 9655.01, Windsor County, Vermont","21","20","1"
"1000000US500279655012003","Block 2003, Block Group 2, Census Tract 9655.01, Windsor County, Vermont","8","8","0"
"1000000US500279655012004","Block 2004, Block Group 2, Census Tract 9655.01, Windsor County, Vermont","3","3","0"
"1000000US500279655012005","Block 2005, Block Group 2, Census Tract 9655.01, Windsor County, Vermont","17","17","0"
"1000000US500279655012006","Block 2006, Block Group 2, Census Tract 9655.01, Windsor County, Vermont","33","29","4"
"1000000US500279655012007","Block 2007, Block Group 2, Census Tract 9655.01, Windsor County, Vermont","6","6","0"
"1000000US500279655012008","Block 2008, Block Group 2, Census Tract 9655.01, Windsor County, Vermont","1","1","0"
"1000000US500279655012009","Block 2009, Block Group 2, Census Tract 9655.01, Windsor County, Vermont","105","52","53"
"1000000US500279655012010","Block 2010, Block Group 2, Census Tract 9655.01, Windsor County, Vermont","0","0","0"
"1000000US500279655012011","Block 2011, Block Group 2, Census Tract 9655.01, Windsor County, Vermont","0","0","0"
"1000000US500279655012012","Block 2012, Block Group 2, Census Tract 9655.01, Windsor County, Vermont","3","1","2"
"1000000US500279655012013","Block 2013, Block Group 2, Census Tract 9655.01, Windsor County, Vermont","1","1","0"
"1000000US500279655012014","Block 2014, Block Group 2, Census Tract 9655.01, Windsor County, Vermont","0","0","0"
"1000000US500279655012015","Block 2015, Block Group 2, Census Tract 9655.01, Windsor County, Vermont","0","0","0"
"1000000US500279655012016","Block 2016, Block Group 2, Census Tract 9655.01, Windsor County, Vermont","1","1","0"
"1000000US500279655012017","Block 2017, Block Group 2, Census Tract 9655.01, Windsor County, Vermont","0","0","0"
"1000000US500279655012018","Block 2018, Block Group 2, Census Tract 9655.01, Windsor County, Vermont","170","53","117"
"1000000US500279655012019","Block 2019, Block Group 2, Census Tract 9655.01, Windsor County, Vermont","0","0","0"
"1000000US500279655012020","Block 2020, Block Group 2, Census Tract 9655.01, Windsor County, Vermont","0","0","0"
"1000000US500279655012021","Block 2021, Block Group 2, Census Tract 9655.01, Windsor County, Vermont","1","1","0"
"1000000US500279655012022","Block 2022, Block Group 2, Census Tract 9655.01, Windsor County, Vermont","1","0","1"
"1000000US500279655012023","Block 2023, Block Group 2, Census Tract 9655.01, Windsor County, Vermont","0","0","0"
"1000000US500279655012024","Block 2024, Block Group 2, Census Tract 9655.01, Windsor County, Vermont","2","0","2"
"1000000US500279655012025","Block 2025, Block Group 2, Census Tract 9655.01, Windsor County, Vermont","0","0","0"
"1000000US500279655012026","Block 2026, Block Group 2, Census Tract 9655.01, Windsor County, Vermont","0","0","0"
"1000000US500279655012027","Block 2027, Block Group 2, Census Tract 9655.01, Windsor County, Vermont","0","0","0"
"1000000US500279655012028","Block 2028, Block Group 2, Census Tract 9655.01, Windsor County, Vermont","0","0","0"
"1000000US500279655012029","Block 2029, Block Group 2, Census Tract 9655.01, Windsor County, Vermont","0","0","0"
"1000000US500279655012030","Block 2030, Block Group 2, Census Tract 9655.01, Windsor County, Vermont","0","0","0"
"1000000US500279655012031","Block 2031, Block Group 2, Census Tract 9655.01, Windsor County, Vermont","1","1","0"
"1000000US500279655012032","Block 2032, Block Group 2, Census Tract 9655.01, Windsor County, Vermont","12","10","2"
"1000000US500279655012033","Block 2033, Block Group 2, Census Tract 9655.01, Windsor County, Vermont","37","17","20"
"1000000US500279655012034","Block 2034, Block Group 2, Census Tract 9655.01, Windsor County, Vermont","2","1","1"
"1000000US500279655012035","Block 2035, Block Group 2, Census Tract 9655.01, Windsor County, Vermont","19","8","11"
"1000000US500279655012036","Block 2036, Block Group 2, Census Tract 9655.01, Windsor County, Vermont","13","13","0"
"1000000US500279655012037","Block 2037, Block Group 2, Census Tract 9655.01, Windsor County, Vermont","2","2","0"
"1000000US500279655012038","Block 2038, Block Group 2, Census Tract 9655.01, Windsor County, Vermont","3","3","0"
"1000000US500279655012039","Block 2039, Block Group 2, Census Tract 9655.01, Windsor County, Vermont","0","0","0"
"1000000US500279655012040","Block 2040, Block Group 2, Census Tract 9655.01, Windsor County, Vermont","0","0","0"
"1000000US500279655012041","Block 2041, Block Group 2, Census Tract 9655.01, Windsor County, Vermont","21","14","7"
"1000000US500279655012042","Block 2042, Block Group 2, Census Tract 9655.01, Windsor County, Vermont","70","16","54"
"1000000US500279655012043","Block 2043, Block Group 2, Census Tract 9655.01, Windsor County, Vermont","0","0","0"
"1000000US500279655012044","Block 2044, Block Group 2, Census Tract 9655.01, Windsor County, Vermont","17","7","10"
"1000000US500279655012045","Block 2045, Block Group 2, Census Tract 9655.01, Windsor County, Vermont","33","15","18"
"1000000US500279655012046","Block 2046, Block Group 2, Census Tract 9655.01, Windsor County, Vermont","4","0","4"
"1000000US500279655012047","Block 2047, Block Group 2, Census Tract 9655.01, Windsor County, Vermont","46","19","27"
"1000000US500279655012048","Block 2048, Block Group 2, Census Tract 9655.01, Windsor County, Vermont","4","3","1"
"1000000US500279655012049","Block 2049, Block Group 2, Census Tract 9655.01, Windsor County, Vermont","57","4","53"
"1000000US500279655012050","Block 2050, Block Group 2, Census Tract 9655.01, Windsor County, Vermont","28","12","16"
"1000000US500279655012051","Block 2051, Block Group 2, Census Tract 9655.01, Windsor County, Vermont","2","0","2"
"1000000US500279655012052","Block 2052, Block Group 2, Census Tract 9655.01, Windsor County, Vermont","17","2","15"
"1000000US500279655012053","Block 2053, Block Group 2, Census Tract 9655.01, Windsor County, Vermont","6","6","0"
"1000000US500279655012054","Block 2054, Block Group 2, Census Tract 9655.01, Windsor County, Vermont","10","9","1"
"1000000US500279655012055","Block 2055, Block Group 2, Census Tract 9655.01, Windsor County, Vermont","6","5","1"
"1000000US500279655012056","Block 2056, Block Group 2, Census Tract 9655.01, Windsor County, Vermont","0","0","0"
"1000000US500279655012057","Block 2057, Block Group 2, Census Tract 9655.01, Windsor County, Vermont","0","0","0"
"1000000US500279655012058","Block 2058, Block Group 2, Census Tract 9655.01, Windsor County, Vermont","0","0","0"
"1000000US500279655012059","Block 2059, Block Group 2, Census Tract 9655.01, Windsor County, Vermont","1","1","0"
"1000000US500279655012060","Block 2060, Block Group 2, Census Tract 9655.01, Windsor County, Vermont","0","0","0"
"1000000US500279655012061","Block 2061, Block Group 2, Census Tract 9655.01, Windsor County, Vermont","0","0","0"
"1000000US500279655012062","Block 2062, Block Group 2, Census Tract 9655.01, Windsor County, Vermont","0","0","0"
"1000000US500279655012063","Block 2063, Block Group 2, Census Tract 9655.01, Windsor County, Vermont","0","0","0"
"1000000US500279655012064","Block 2064, Block Group 2, Census Tract 9655.01, Windsor County, Vermont","0","0","0"
"1000000US500279655012065","Block 2065, Block Group 2, Census Tract 9655.01, Windsor County, Vermont","0","0","0"
"1000000US500279655012066","Block 2066, Block Group 2, Census Tract 9655.01, Windsor County, Vermont","27","24","3"
"1000000US500279655012067","Block 2067, Block Group 2, Census Tract 9655.01, Windsor County, Vermont","0","0","0"
"1000000US500279655012068","Block 2068, Block Group 2, Census Tract 9655.01, Windsor County, Vermont","0","0","0"
"1000000US500279655012069","Block 2069, Block Group 2, Census Tract 9655.01, Windsor County, Vermont","0","0","0"
"1000000US500279655012070","Block 2070, Block Group 2, Census Tract 9655.01, Windsor County, Vermont","0","0","0"
"1000000US500279655012071","Block 2071, Block Group 2, Census Tract 9655.01, Windsor County, Vermont","14","9","5"
"1000000US500279655012072","Block 2072, Block Group 2, Census Tract 9655.01, Windsor County, Vermont","0","0","0"
"1000000US500279655012073","Block 2073, Block Group 2, Census Tract 9655.01, Windsor County, Vermont","0","0","0"
"1000000US500279655012074","Block 2074, Block Group 2, Census Tract 9655.01, Windsor County, Vermont","8","5","3"
"1000000US500279655012075","Block 2075, Block Group 2, Census Tract 9655.01, Windsor County, Vermont","0","0","0"
"1000000US500279655012076","Block 2076, Block Group 2, Census Tract 9655.01, Windsor County, Vermont","18","12","6"
"1000000US500279655012077","Block 2077, Block Group 2, Census Tract 9655.01, Windsor County, Vermont","0","0","0"
"1000000US500279655012078","Block 2078, Block Group 2, Census Tract 9655.01, Windsor County, Vermont","1","1","0"
"1000000US500279655012079","Block 2079, Block Group 2, Census Tract 9655.01, Windsor County, Vermont","0","0","0"
"1000000US500279655012080","Block 2080, Block Group 2, Census Tract 9655.01, Windsor County, Vermont","0","0","0"
"1000000US500279655013000","Block 3000, Block Group 3, Census Tract 9655.01, Windsor County, Vermont","0","0","0"
"1000000US500279655013001","Block 3001, Block Group 3, Census Tract 9655.01, Windsor County, Vermont","1","1","0"
"1000000US500279655013002","Block 3002, Block Group 3, Census Tract 9655.01, Windsor County, Vermont","6","6","0"
"1000000US500279655013003","Block 3003, Block Group 3, Census Tract 9655.01, Windsor County, Vermont","0","0","0"
"1000000US500279655013004","Block 3004, Block Group 3, Census Tract 9655.01, Windsor County, Vermont","75","20","55"
"1000000US500279655013005","Block 3005, Block Group 3, Census Tract 9655.01, Windsor County, Vermont","0","0","0"
"1000000US500279655013006","Block 3006, Block Group 3, Census Tract 9655.01, Windsor County, Vermont","14","5","9"
"1000000US500279655013007","Block 3007, Block Group 3, Census Tract 9655.01, Windsor County, Vermont","12","6","6"
"1000000US500279655013008","Block 3008, Block Group 3, Census Tract 9655.01, Windsor County, Vermont","6","4","2"
"1000000US500279655013009","Block 3009, Block Group 3, Census Tract 9655.01, Windsor County, Vermont","1","0","1"
"1000000US500279655013010","Block 3010, Block Group 3, Census Tract 9655.01, Windsor County, Vermont","144","19","125"
"1000000US500279655013011","Block 3011, Block Group 3, Census Tract 9655.01, Windsor County, Vermont","0","0","0"
"1000000US500279655013012","Block 3012, Block Group 3, Census Tract 9655.01, Windsor County, Vermont","0","0","0"
"1000000US500279655013013","Block 3013, Block Group 3, Census Tract 9655.01, Windsor County, Vermont","0","0","0"
"1000000US500279655013014","Block 3014, Block Group 3, Census Tract 9655.01, Windsor County, Vermont","0","0","0"
"1000000US500279655013015","Block 3015, Block Group 3, Census Tract 9655.01, Windsor County, Vermont","0","0","0"
"1000000US500279655013016","Block 3016, Block Group 3, Census Tract 9655.01, Windsor County, Vermont","0","0","0"
"1000000US500279655013017","Block 3017, Block Group 3, Census Tract 9655.01, Windsor County, Vermont","1","1","0"
"1000000US500279655013018","Block 3018, Block Group 3, Census Tract 9655.01, Windsor County, Vermont","2","2","0"
"1000000US500279655013019","Block 3019, Block Group 3, Census Tract 9655.01, Windsor County, Vermont","0","0","0"
"1000000US500279655013020","Block 3020, Block Group 3, Census Tract 9655.01, Windsor County, Vermont","0","0","0"
"1000000US500279655013021","Block 3021, Block Group 3, Census Tract 9655.01, Windsor County, Vermont","0","0","0"
"1000000US500279655013022","Block 3022, Block Group 3, Census Tract 9655.01, Windsor County, Vermont","0","0","0"
"1000000US500279655013023","Block 3023, Block Group 3, Census Tract 9655.01, Windsor County, Vermont","14","0","14"
"1000000US500279655013024","Block 3024, Block Group 3, Census Tract 9655.01, Windsor County, Vermont","0","0","0"
"1000000US500279655013025","Block 3025, Block Group 3, Census Tract 9655.01, Windsor County, Vermont","6","0","6"
"1000000US500279655013026","Block 3026, Block Group 3, Census Tract 9655.01, Windsor County, Vermont","0","0","0"
"1000000US500279655013027","Block 3027, Block Group 3, Census Tract 9655.01, Windsor County, Vermont","0","0","0"
"1000000US500279655013028","Block 3028, Block Group 3, Census Tract 9655.01, Windsor County, Vermont","0","0","0"
"1000000US500279655013029","Block 3029, Block Group 3, Census Tract 9655.01, Windsor County, Vermont","0","0","0"
"1000000US500279655013030","Block 3030, Block Group 3, Census Tract 9655.01, Windsor County, Vermont","0","0","0"
"1000000US500279655013031","Block 3031, Block Group 3, Census Tract 9655.01, Windsor County, Vermont","0","0","0"
"1000000US500279655013032","Block 3032, Block Group 3, Census Tract 9655.01, Windsor County, Vermont","0","0","0"
"1000000US500279655013033","Block 3033, Block Group 3, Census Tract 9655.01, Windsor County, Vermont","4","2","2"
"1000000US500279655013034","Block 3034, Block Group 3, Census Tract 9655.01, Windsor County, Vermont","31","16","15"
"1000000US500279655013035","Block 3035, Block Group 3, Census Tract 9655.01, Windsor County, Vermont","0","0","0"
"1000000US500279655013036","Block 3036, Block Group 3, Census Tract 9655.01, Windsor County, Vermont","0","0","0"
"1000000US500279655013037","Block 3037, Block Group 3, Census Tract 9655.01, Windsor County, Vermont","102","7","95"
"1000000US500279655013038","Block 3038, Block Group 3, Census Tract 9655.01, Windsor County, Vermont","6","5","1"
"1000000US500279655013039","Block 3039, Block Group 3, Census Tract 9655.01, Windsor County, Vermont","115","13","102"
"1000000US500279655013040","Block 3040, Block Group 3, Census Tract 9655.01, Windsor County, Vermont","8","0","8"
"1000000US500279655013041","Block 3041, Block Group 3, Census Tract 9655.01, Windsor County, Vermont","0","0","0"
"1000000US500279655013042","Block 3042, Block Group 3, Census Tract 9655.01, Windsor County, Vermont","83","29","54"
"1000000US500279655013043","Block 3043, Block Group 3, Census Tract 9655.01, Windsor County, Vermont","0","0","0"
"1000000US500279655013044","Block 3044, Block Group 3, Census Tract 9655.01, Windsor County, Vermont","9","1","8"
"1000000US500279655013045","Block 3045, Block Group 3, Census Tract 9655.01, Windsor County, Vermont","4","1","3"
"1000000US500279655013046","Block 3046, Block Group 3, Census Tract 9655.01, Windsor County, Vermont","2","2","0"
"1000000US500279655013047","Block 3047, Block Group 3, Census Tract 9655.01, Windsor County, Vermont","2","2","0"
"1000000US500279655013048","Block 3048, Block Group 3, Census Tract 9655.01, Windsor County, Vermont","16","9","7"
"1000000US500279655013049","Block 3049, Block Group 3, Census Tract 9655.01, Windsor County, Vermont","1","1","0"
"1000000US500279655013050","Block 3050, Block Group 3, Census Tract 9655.01, Windsor County, Vermont","0","0","0"
"1000000US500279655013051","Block 3051, Block Group 3, Census Tract 9655.01, Windsor County, Vermont","1","1","0"
"1000000US500279655013052","Block 3052, Block Group 3, Census Tract 9655.01, Windsor County, Vermont","0","0","0"
"1000000US500279655013053","Block 3053, Block Group 3, Census Tract 9655.01, Windsor County, Vermont","0","0","0"
"1000000US500279655013054","Block 3054, Block Group 3, Census Tract 9655.01, Windsor County, Vermont","0","0","0"
"1000000US500279655013055","Block 3055, Block Group 3, Census Tract 9655.01, Windsor County, Vermont","0","0","0"
"1000000US500279655013056","Block 3056, Block Group 3, Census Tract 9655.01, Windsor County, Vermont","0","0","0"
"1000000US500279655013057","Block 3057, Block Group 3, Census Tract 9655.01, Windsor County, Vermont","12","9","3"
"1000000US500279655013058","Block 3058, Block Group 3, Census Tract 9655.01, Windsor County, Vermont","26","24","2"
"1000000US500279655013059","Block 3059, Block Group 3, Census Tract 9655.01, Windsor County, Vermont","8","4","4"
"1000000US500279655013060","Block 3060, Block Group 3, Census Tract 9655.01, Windsor County, Vermont","84","61","23"
"1000000US500279655013061","Block 3061, Block Group 3, Census Tract 9655.01, Windsor County, Vermont","79","44","35"
"1000000US500279655013062","Block 3062, Block Group 3, Census Tract 9655.01, Windsor County, Vermont","3","1","2"
"1000000US500279655013063","Block 3063, Block Group 3, Census Tract 9655.01, Windsor County, Vermont","0","0","0"
"1000000US500279655013064","Block 3064, Block Group 3, Census Tract 9655.01, Windsor County, Vermont","12","12","0"
"1000000US500279655013065","Block 3065, Block Group 3, Census Tract 9655.01, Windsor County, Vermont","1","0","1"
"1000000US500279655013066","Block 3066, Block Group 3, Census Tract 9655.01, Windsor County, Vermont","29","25","4"
"1000000US500279655013067","Block 3067, Block Group 3, Census Tract 9655.01, Windsor County, Vermont","4","4","0"
"1000000US500279655013068","Block 3068, Block Group 3, Census Tract 9655.01, Windsor County, Vermont","1","1","0"
"1000000US500279655013069","Block 3069, Block Group 3, Census Tract 9655.01, Windsor County, Vermont","13","11","2"
"1000000US500279655013070","Block 3070, Block Group 3, Census Tract 9655.01, Windsor County, Vermont","15","13","2"
"1000000US500279655013071","Block 3071, Block Group 3, Census Tract 9655.01, Windsor County, Vermont","9","7","2"
"1000000US500279655013072","Block 3072, Block Group 3, Census Tract 9655.01, Windsor County, Vermont","10","10","0"
"1000000US500279655013073","Block 3073, Block Group 3, Census Tract 9655.01, Windsor County, Vermont","7","7","0"
"1000000US500279655013074","Block 3074, Block Group 3, Census Tract 9655.01, Windsor County, Vermont","0","0","0"
"1000000US500279655013075","Block 3075, Block Group 3, Census Tract 9655.01, Windsor County, Vermont","0","0","0"
"1000000US500279655013076","Block 3076, Block Group 3, Census Tract 9655.01, Windsor County, Vermont","0","0","0"
"1000000US500279655013077","Block 3077, Block Group 3, Census Tract 9655.01, Windsor County, Vermont","13","9","4"
"1000000US500279655013078","Block 3078, Block Group 3, Census Tract 9655.01, Windsor County, Vermont","0","0","0"
"1000000US500279655013079","Block 3079, Block Group 3, Census Tract 9655.01, Windsor County, Vermont","5","3","2"
"1000000US500279655013080","Block 3080, Block Group 3, Census Tract 9655.01, Windsor County, Vermont","0","0","0"
"1000000US500279655013081","Block 3081, Block Group 3, Census Tract 9655.01, Windsor County, Vermont","0","0","0"
"1000000US500279655021000","Block 1000, Block Group 1, Census Tract 9655.02, Windsor County, Vermont","4","4","0"
"1000000US500279655021001","Block 1001, Block Group 1, Census Tract 9655.02, Windsor County, Vermont","17","15","2"
"1000000US500279655021002","Block 1002, Block Group 1, Census Tract 9655.02, Windsor County, Vermont","2","2","0"
"1000000US500279655021003","Block 1003, Block Group 1, Census Tract 9655.02, Windsor County, Vermont","0","0","0"
"1000000US500279655021004","Block 1004, Block Group 1, Census Tract 9655.02, Windsor County, Vermont","0","0","0"
"1000000US500279655021005","Block 1005, Block Group 1, Census Tract 9655.02, Windsor County, Vermont","2","1","1"
"1000000US500279655021006","Block 1006, Block Group 1, Census Tract 9655.02, Windsor County, Vermont","54","51","3"
"1000000US500279655021007","Block 1007, Block Group 1, Census Tract 9655.02, Windsor County, Vermont","0","0","0"
"1000000US500279655021008","Block 1008, Block Group 1, Census Tract 9655.02, Windsor County, Vermont","2","2","0"
"1000000US500279655021009","Block 1009, Block Group 1, Census Tract 9655.02, Windsor County, Vermont","20","19","1"
"1000000US500279655021010","Block 1010, Block Group 1, Census Tract 9655.02, Windsor County, Vermont","3","3","0"
"1000000US500279655021011","Block 1011, Block Group 1, Census Tract 9655.02, Windsor County, Vermont","1","0","1"
"1000000US500279655021012","Block 1012, Block Group 1, Census Tract 9655.02, Windsor County, Vermont","2","2","0"
"1000000US500279655021013","Block 1013, Block Group 1, Census Tract 9655.02, Windsor County, Vermont","0","0","0"
"1000000US500279655021014","Block 1014, Block Group 1, Census Tract 9655.02, Windsor County, Vermont","2","2","0"
"1000000US500279655021015","Block 1015, Block Group 1, Census Tract 9655.02, Windsor County, Vermont","9","9","0"
"1000000US500279655021016","Block 1016, Block Group 1, Census Tract 9655.02, Windsor County, Vermont","0","0","0"
"1000000US500279655021017","Block 1017, Block Group 1, Census Tract 9655.02, Windsor County, Vermont","1","1","0"
"1000000US500279655021018","Block 1018, Block Group 1, Census Tract 9655.02, Windsor County, Vermont","0","0","0"
"1000000US500279655021019","Block 1019, Block Group 1, Census Tract 9655.02, Windsor County, Vermont","0","0","0"
"1000000US500279655021020","Block 1020, Block Group 1, Census Tract 9655.02, Windsor County, Vermont","5","5","0"
"1000000US500279655021021","Block 1021, Block Group 1, Census Tract 9655.02, Windsor County, Vermont","1","1","0"
"1000000US500279655021022","Block 1022, Block Group 1, Census Tract 9655.02, Windsor County, Vermont","0","0","0"
"1000000US500279655021023","Block 1023, Block Group 1, Census Tract 9655.02, Windsor County, Vermont","3","3","0"
"1000000US500279655021024","Block 1024, Block Group 1, Census Tract 9655.02, Windsor County, Vermont","5","4","1"
"1000000US500279655021025","Block 1025, Block Group 1, Census Tract 9655.02, Windsor County, Vermont","6","6","0"
"1000000US500279655021026","Block 1026, Block Group 1, Census Tract 9655.02, Windsor County, Vermont","0","0","0"
"1000000US500279655021027","Block 1027, Block Group 1, Census Tract 9655.02, Windsor County, Vermont","6","6","0"
"1000000US500279655021028","Block 1028, Block Group 1, Census Tract 9655.02, Windsor County, Vermont","1","1","0"
"1000000US500279655021029","Block 1029, Block Group 1, Census Tract 9655.02, Windsor County, Vermont","2","0","2"
"1000000US500279655021030","Block 1030, Block Group 1, Census Tract 9655.02, Windsor County, Vermont","0","0","0"
"1000000US500279655021031","Block 1031, Block Group 1, Census Tract 9655.02, Windsor County, Vermont","0","0","0"
"1000000US500279655021032","Block 1032, Block Group 1, Census Tract 9655.02, Windsor County, Vermont","2","2","0"
"1000000US500279655021033","Block 1033, Block Group 1, Census Tract 9655.02, Windsor County, Vermont","0","0","0"
"1000000US500279655021034","Block 1034, Block Group 1, Census Tract 9655.02, Windsor County, Vermont","3","3","0"
"1000000US500279655021035","Block 1035, Block Group 1, Census Tract 9655.02, Windsor County, Vermont","6","5","1"
"1000000US500279655021036","Block 1036, Block Group 1, Census Tract 9655.02, Windsor County, Vermont","5","4","1"
"1000000US500279655021037","Block 1037, Block Group 1, Census Tract 9655.02, Windsor County, Vermont","0","0","0"
"1000000US500279655021038","Block 1038, Block Group 1, Census Tract 9655.02, Windsor County, Vermont","0","0","0"
"1000000US500279655021039","Block 1039, Block Group 1, Census Tract 9655.02, Windsor County, Vermont","0","0","0"
"1000000US500279655021040","Block 1040, Block Group 1, Census Tract 9655.02, Windsor County, Vermont","2","2","0"
"1000000US500279655021041","Block 1041, Block Group 1, Census Tract 9655.02, Windsor County, Vermont","0","0","0"
"1000000US500279655021042","Block 1042, Block Group 1, Census Tract 9655.02, Windsor County, Vermont","13","13","0"
"1000000US500279655021043","Block 1043, Block Group 1, Census Tract 9655.02, Windsor County, Vermont","0","0","0"
"1000000US500279655021044","Block 1044, Block Group 1, Census Tract 9655.02, Windsor County, Vermont","1","1","0"
"1000000US500279655021045","Block 1045, Block Group 1, Census Tract 9655.02, Windsor County, Vermont","0","0","0"
"1000000US500279655021046","Block 1046, Block Group 1, Census Tract 9655.02, Windsor County, Vermont","4","4","0"
"1000000US500279655021047","Block 1047, Block Group 1, Census Tract 9655.02, Windsor County, Vermont","107","96","11"
"1000000US500279655021048","Block 1048, Block Group 1, Census Tract 9655.02, Windsor County, Vermont","0","0","0"
"1000000US500279655021049","Block 1049, Block Group 1, Census Tract 9655.02, Windsor County, Vermont","0","0","0"
"1000000US500279655021050","Block 1050, Block Group 1, Census Tract 9655.02, Windsor County, Vermont","0","0","0"
"1000000US500279655021051","Block 1051, Block Group 1, Census Tract 9655.02, Windsor County, Vermont","0","0","0"
"1000000US500279655021052","Block 1052, Block Group 1, Census Tract 9655.02, Windsor County, Vermont","0","0","0"
"1000000US500279655021053","Block 1053, Block Group 1, Census Tract 9655.02, Windsor County, Vermont","0","0","0"
"1000000US500279655021054","Block 1054, Block Group 1, Census Tract 9655.02, Windsor County, Vermont","1","1","0"
"1000000US500279655021055","Block 1055, Block Group 1, Census Tract 9655.02, Windsor County, Vermont","0","0","0"
"1000000US500279655021056","Block 1056, Block Group 1, Census Tract 9655.02, Windsor County, Vermont","0","0","0"
"1000000US500279655021057","Block 1057, Block Group 1, Census Tract 9655.02, Windsor County, Vermont","0","0","0"
"1000000US500279655021058","Block 1058, Block Group 1, Census Tract 9655.02, Windsor County, Vermont","0","0","0"
"1000000US500279655021059","Block 1059, Block Group 1, Census Tract 9655.02, Windsor County, Vermont","0","0","0"
"1000000US500279655021060","Block 1060, Block Group 1, Census Tract 9655.02, Windsor County, Vermont","0","0","0"
"1000000US500279655021061","Block 1061, Block Group 1, Census Tract 9655.02, Windsor County, Vermont","0","0","0"
"1000000US500279655021062","Block 1062, Block Group 1, Census Tract 9655.02, Windsor County, Vermont","7","7","0"
"1000000US500279655021063","Block 1063, Block Group 1, Census Tract 9655.02, Windsor County, Vermont","1","0","1"
"1000000US500279655021064","Block 1064, Block Group 1, Census Tract 9655.02, Windsor County, Vermont","0","0","0"
"1000000US500279655021065","Block 1065, Block Group 1, Census Tract 9655.02, Windsor County, Vermont","0","0","0"
"1000000US500279655022000","Block 2000, Block Group 2, Census Tract 9655.02, Windsor County, Vermont","0","0","0"
"1000000US500279655022001","Block 2001, Block Group 2, Census Tract 9655.02, Windsor County, Vermont","0","0","0"
"1000000US500279655022002","Block 2002, Block Group 2, Census Tract 9655.02, Windsor County, Vermont","0","0","0"
"1000000US500279655022003","Block 2003, Block Group 2, Census Tract 9655.02, Windsor County, Vermont","60","58","2"
"1000000US500279655022004","Block 2004, Block Group 2, Census Tract 9655.02, Windsor County, Vermont","14","13","1"
"1000000US500279655022005","Block 2005, Block Group 2, Census Tract 9655.02, Windsor County, Vermont","98","90","8"
"1000000US500279655022006","Block 2006, Block Group 2, Census Tract 9655.02, Windsor County, Vermont","0","0","0"
"1000000US500279655022007","Block 2007, Block Group 2, Census Tract 9655.02, Windsor County, Vermont","3","3","0"
"1000000US500279655022008","Block 2008, Block Group 2, Census Tract 9655.02, Windsor County, Vermont","0","0","0"
"1000000US500279655022009","Block 2009, Block Group 2, Census Tract 9655.02, Windsor County, Vermont","9","8","1"
"1000000US500279655022010","Block 2010, Block Group 2, Census Tract 9655.02, Windsor County, Vermont","0","0","0"
"1000000US500279655022011","Block 2011, Block Group 2, Census Tract 9655.02, Windsor County, Vermont","0","0","0"
"1000000US500279655022012","Block 2012, Block Group 2, Census Tract 9655.02, Windsor County, Vermont","2","2","0"
"1000000US500279655022013","Block 2013, Block Group 2, Census Tract 9655.02, Windsor County, Vermont","7","6","1"
"1000000US500279655022014","Block 2014, Block Group 2, Census Tract 9655.02, Windsor County, Vermont","12","12","0"
"1000000US500279655022015","Block 2015, Block Group 2, Census Tract 9655.02, Windsor County, Vermont","4","4","0"
"1000000US500279655022016","Block 2016, Block Group 2, Census Tract 9655.02, Windsor County, Vermont","30","29","1"
"1000000US500279655022017","Block 2017, Block Group 2, Census Tract 9655.02, Windsor County, Vermont","1","1","0"
"1000000US500279655022018","Block 2018, Block Group 2, Census Tract 9655.02, Windsor County, Vermont","2","2","0"
"1000000US500279655022019","Block 2019, Block Group 2, Census Tract 9655.02, Windsor County, Vermont","0","0","0"
"1000000US500279655022020","Block 2020, Block Group 2, Census Tract 9655.02, Windsor County, Vermont","4","4","0"
"1000000US500279655022021","Block 2021, Block Group 2, Census Tract 9655.02, Windsor County, Vermont","0","0","0"
"1000000US500279655022022","Block 2022, Block Group 2, Census Tract 9655.02, Windsor County, Vermont","13","13","0"
"1000000US500279655022023","Block 2023, Block Group 2, Census Tract 9655.02, Windsor County, Vermont","293","263","30"
"1000000US500279655022024","Block 2024, Block Group 2, Census Tract 9655.02, Windsor County, Vermont","0","0","0"
"1000000US500279655022025","Block 2025, Block Group 2, Census Tract 9655.02, Windsor County, Vermont","0","0","0"
"1000000US500279655022026","Block 2026, Block Group 2, Census Tract 9655.02, Windsor County, Vermont","72","63","9"
"1000000US500279655022027","Block 2027, Block Group 2, Census Tract 9655.02, Windsor County, Vermont","8","8","0"
"1000000US500279655022028","Block 2028, Block Group 2, Census Tract 9655.02, Windsor County, Vermont","57","53","4"
"1000000US500279655022029","Block 2029, Block Group 2, Census Tract 9655.02, Windsor County, Vermont","30","29","1"
"1000000US500279655022030","Block 2030, Block Group 2, Census Tract 9655.02, Windsor County, Vermont","6","6","0"
"1000000US500279655022031","Block 2031, Block Group 2, Census Tract 9655.02, Windsor County, Vermont","153","141","12"
"1000000US500279655022032","Block 2032, Block Group 2, Census Tract 9655.02, Windsor County, Vermont","0","0","0"
"1000000US500279655022033","Block 2033, Block Group 2, Census Tract 9655.02, Windsor County, Vermont","0","0","0"
"1000000US500279655022034","Block 2034, Block Group 2, Census Tract 9655.02, Windsor County, Vermont","0","0","0"
"1000000US500279655022035","Block 2035, Block Group 2, Census Tract 9655.02, Windsor County, Vermont","0","0","0"
"1000000US500279655022036","Block 2036, Block Group 2, Census Tract 9655.02, Windsor County, Vermont","45","41","4"
"1000000US500279655022037","Block 2037, Block Group 2, Census Tract 9655.02, Windsor County, Vermont","10","8","2"
"1000000US500279655022038","Block 2038, Block Group 2, Census Tract 9655.02, Windsor County, Vermont","22","22","0"
"1000000US500279655022039","Block 2039, Block Group 2, Census Tract 9655.02, Windsor County, Vermont","0","0","0"
"1000000US500279655022040","Block 2040, Block Group 2, Census Tract 9655.02, Windsor County, Vermont","0","0","0"
"1000000US500279655022041","Block 2041, Block Group 2, Census Tract 9655.02, Windsor County, Vermont","0","0","0"
"1000000US500279655022042","Block 2042, Block Group 2, Census Tract 9655.02, Windsor County, Vermont","25","24","1"
"1000000US500279655022043","Block 2043, Block Group 2, Census Tract 9655.02, Windsor County, Vermont","73","68","5"
"1000000US500279655022044","Block 2044, Block Group 2, Census Tract 9655.02, Windsor County, Vermont","13","11","2"
"1000000US500279655022045","Block 2045, Block Group 2, Census Tract 9655.02, Windsor County, Vermont","6","6","0"
"1000000US500279655022046","Block 2046, Block Group 2, Census Tract 9655.02, Windsor County, Vermont","8","8","0"
"1000000US500279655022047","Block 2047, Block Group 2, Census Tract 9655.02, Windsor County, Vermont","0","0","0"
"1000000US500279655022048","Block 2048, Block Group 2, Census Tract 9655.02, Windsor County, Vermont","33","29","4"
"1000000US500279655022049","Block 2049, Block Group 2, Census Tract 9655.02, Windsor County, Vermont","0","0","0"
"1000000US500279655022050","Block 2050, Block Group 2, Census Tract 9655.02, Windsor County, Vermont","0","0","0"
"1000000US500279655022051","Block 2051, Block Group 2, Census Tract 9655.02, Windsor County, Vermont","1","1","0"
"1000000US500279655022052","Block 2052, Block Group 2, Census Tract 9655.02, Windsor County, Vermont","18","18","0"
"1000000US500279655022053","Block 2053, Block Group 2, Census Tract 9655.02, Windsor County, Vermont","1","1","0"
"1000000US500279655022054","Block 2054, Block Group 2, Census Tract 9655.02, Windsor County, Vermont","0","0","0"
"1000000US500279655022055","Block 2055, Block Group 2, Census Tract 9655.02, Windsor County, Vermont","0","0","0"
"1000000US500279655022056","Block 2056, Block Group 2, Census Tract 9655.02, Windsor County, Vermont","0","0","0"
"1000000US500279656001000","Block 1000, Block Group 1, Census Tract 9656, Windsor County, Vermont","45","43","2"
"1000000US500279656001001","Block 1001, Block Group 1, Census Tract 9656, Windsor County, Vermont","9","8","1"
"1000000US500279656001002","Block 1002, Block Group 1, Census Tract 9656, Windsor County, Vermont","20","19","1"
"1000000US500279656001003","Block 1003, Block Group 1, Census Tract 9656, Windsor County, Vermont","3","3","0"
"1000000US500279656001004","Block 1004, Block Group 1, Census Tract 9656, Windsor County, Vermont","5","5","0"
"1000000US500279656001005","Block 1005, Block Group 1, Census Tract 9656, Windsor County, Vermont","5","5","0"
"1000000US500279656001006","Block 1006, Block Group 1, Census Tract 9656, Windsor County, Vermont","14","14","0"
"1000000US500279656001007","Block 1007, Block Group 1, Census Tract 9656, Windsor County, Vermont","7","7","0"
"1000000US500279656001008","Block 1008, Block Group 1, Census Tract 9656, Windsor County, Vermont","11","9","2"
"1000000US500279656001009","Block 1009, Block Group 1, Census Tract 9656, Windsor County, Vermont","14","14","0"
"1000000US500279656001010","Block 1010, Block Group 1, Census Tract 9656, Windsor County, Vermont","18","17","1"
"1000000US500279656001011","Block 1011, Block Group 1, Census Tract 9656, Windsor County, Vermont","12","12","0"
"1000000US500279656001012","Block 1012, Block Group 1, Census Tract 9656, Windsor County, Vermont","7","7","0"
"1000000US500279656001013","Block 1013, Block Group 1, Census Tract 9656, Windsor County, Vermont","15","15","0"
"1000000US500279656001014","Block 1014, Block Group 1, Census Tract 9656, Windsor County, Vermont","10","8","2"
"1000000US500279656001015","Block 1015, Block Group 1, Census Tract 9656, Windsor County, Vermont","114","98","16"
"1000000US500279656001016","Block 1016, Block Group 1, Census Tract 9656, Windsor County, Vermont","8","7","1"
"1000000US500279656001017","Block 1017, Block Group 1, Census Tract 9656, Windsor County, Vermont","0","0","0"
"1000000US500279656001018","Block 1018, Block Group 1, Census Tract 9656, Windsor County, Vermont","21","20","1"
"1000000US500279656001019","Block 1019, Block Group 1, Census Tract 9656, Windsor County, Vermont","0","0","0"
"1000000US500279656001020","Block 1020, Block Group 1, Census Tract 9656, Windsor County, Vermont","0","0","0"
"1000000US500279656002000","Block 2000, Block Group 2, Census Tract 9656, Windsor County, Vermont","0","0","0"
"1000000US500279656002001","Block 2001, Block Group 2, Census Tract 9656, Windsor County, Vermont","137","115","22"
"1000000US500279656002002","Block 2002, Block Group 2, Census Tract 9656, Windsor County, Vermont","9","8","1"
"1000000US500279656002003","Block 2003, Block Group 2, Census Tract 9656, Windsor County, Vermont","0","0","0"
"1000000US500279656002004","Block 2004, Block Group 2, Census Tract 9656, Windsor County, Vermont","0","0","0"
"1000000US500279656002005","Block 2005, Block Group 2, Census Tract 9656, Windsor County, Vermont","18","18","0"
"1000000US500279656002006","Block 2006, Block Group 2, Census Tract 9656, Windsor County, Vermont","135","129","6"
"1000000US500279656002007","Block 2007, Block Group 2, Census Tract 9656, Windsor County, Vermont","11","10","1"
"1000000US500279656002008","Block 2008, Block Group 2, Census Tract 9656, Windsor County, Vermont","0","0","0"
"1000000US500279656002009","Block 2009, Block Group 2, Census Tract 9656, Windsor County, Vermont","0","0","0"
"1000000US500279656002010","Block 2010, Block Group 2, Census Tract 9656, Windsor County, Vermont","52","52","0"
"1000000US500279656002011","Block 2011, Block Group 2, Census Tract 9656, Windsor County, Vermont","5","5","0"
"1000000US500279656002012","Block 2012, Block Group 2, Census Tract 9656, Windsor County, Vermont","7","5","2"
"1000000US500279656002013","Block 2013, Block Group 2, Census Tract 9656, Windsor County, Vermont","32","32","0"
"1000000US500279656002014","Block 2014, Block Group 2, Census Tract 9656, Windsor County, Vermont","32","30","2"
"1000000US500279656002015","Block 2015, Block Group 2, Census Tract 9656, Windsor County, Vermont","0","0","0"
"1000000US500279656002016","Block 2016, Block Group 2, Census Tract 9656, Windsor County, Vermont","0","0","0"
"1000000US500279656002017","Block 2017, Block Group 2, Census Tract 9656, Windsor County, Vermont","0","0","0"
"1000000US500279656003000","Block 3000, Block Group 3, Census Tract 9656, Windsor County, Vermont","0","0","0"
"1000000US500279656003001","Block 3001, Block Group 3, Census Tract 9656, Windsor County, Vermont","0","0","0"
"1000000US500279656003002","Block 3002, Block Group 3, Census Tract 9656, Windsor County, Vermont","0","0","0"
"1000000US500279656003003","Block 3003, Block Group 3, Census Tract 9656, Windsor County, Vermont","0","0","0"
"1000000US500279656003004","Block 3004, Block Group 3, Census Tract 9656, Windsor County, Vermont","13","10","3"
"1000000US500279656003005","Block 3005, Block Group 3, Census Tract 9656, Windsor County, Vermont","0","0","0"
"1000000US500279656003006","Block 3006, Block Group 3, Census Tract 9656, Windsor County, Vermont","1","1","0"
"1000000US500279656003007","Block 3007, Block Group 3, Census Tract 9656, Windsor County, Vermont","0","0","0"
"1000000US500279656003008","Block 3008, Block Group 3, Census Tract 9656, Windsor County, Vermont","0","0","0"
"1000000US500279656003009","Block 3009, Block Group 3, Census Tract 9656, Windsor County, Vermont","0","0","0"
"1000000US500279656003010","Block 3010, Block Group 3, Census Tract 9656, Windsor County, Vermont","0","0","0"
"1000000US500279656003011","Block 3011, Block Group 3, Census Tract 9656, Windsor County, Vermont","93","92","1"
"1000000US500279656003012","Block 3012, Block Group 3, Census Tract 9656, Windsor County, Vermont","0","0","0"
"1000000US500279656003013","Block 3013, Block Group 3, Census Tract 9656, Windsor County, Vermont","0","0","0"
"1000000US500279656003014","Block 3014, Block Group 3, Census Tract 9656, Windsor County, Vermont","0","0","0"
"1000000US500279656003015","Block 3015, Block Group 3, Census Tract 9656, Windsor County, Vermont","42","31","11"
"1000000US500279656003016","Block 3016, Block Group 3, Census Tract 9656, Windsor County, Vermont","0","0","0"
"1000000US500279656003017","Block 3017, Block Group 3, Census Tract 9656, Windsor County, Vermont","0","0","0"
"1000000US500279656003018","Block 3018, Block Group 3, Census Tract 9656, Windsor County, Vermont","2","2","0"
"1000000US500279656003019","Block 3019, Block Group 3, Census Tract 9656, Windsor County, Vermont","18","18","0"
"1000000US500279656003020","Block 3020, Block Group 3, Census Tract 9656, Windsor County, Vermont","0","0","0"
"1000000US500279656003021","Block 3021, Block Group 3, Census Tract 9656, Windsor County, Vermont","0","0","0"
"1000000US500279656003022","Block 3022, Block Group 3, Census Tract 9656, Windsor County, Vermont","22","19","3"
"1000000US500279656003023","Block 3023, Block Group 3, Census Tract 9656, Windsor County, Vermont","0","0","0"
"1000000US500279656003024","Block 3024, Block Group 3, Census Tract 9656, Windsor County, Vermont","0","0","0"
"1000000US500279656003025","Block 3025, Block Group 3, Census Tract 9656, Windsor County, Vermont","193","174","19"
"1000000US500279656003026","Block 3026, Block Group 3, Census Tract 9656, Windsor County, Vermont","1","1","0"
"1000000US500279656003027","Block 3027, Block Group 3, Census Tract 9656, Windsor County, Vermont","21","20","1"
"1000000US500279656003028","Block 3028, Block Group 3, Census Tract 9656, Windsor County, Vermont","9","9","0"
"1000000US500279656003029","Block 3029, Block Group 3, Census Tract 9656, Windsor County, Vermont","17","13","4"
"1000000US500279656003030","Block 3030, Block Group 3, Census Tract 9656, Windsor County, Vermont","8","8","0"
"1000000US500279656003031","Block 3031, Block Group 3, Census Tract 9656, Windsor County, Vermont","28","27","1"
"1000000US500279656003032","Block 3032, Block Group 3, Census Tract 9656, Windsor County, Vermont","113","100","13"
"1000000US500279656003033","Block 3033, Block Group 3, Census Tract 9656, Windsor County, Vermont","8","7","1"
"1000000US500279656003034","Block 3034, Block Group 3, Census Tract 9656, Windsor County, Vermont","7","7","0"
"1000000US500279656003035","Block 3035, Block Group 3, Census Tract 9656, Windsor County, Vermont","12","11","1"
"1000000US500279656003036","Block 3036, Block Group 3, Census Tract 9656, Windsor County, Vermont","51","50","1"
"1000000US500279656003037","Block 3037, Block Group 3, Census Tract 9656, Windsor County, Vermont","12","9","3"
"1000000US500279656003038","Block 3038, Block Group 3, Census Tract 9656, Windsor County, Vermont","0","0","0"
"1000000US500279656003039","Block 3039, Block Group 3, Census Tract 9656, Windsor County, Vermont","0","0","0"
"1000000US500279656003040","Block 3040, Block Group 3, Census Tract 9656, Windsor County, Vermont","0","0","0"
"1000000US500279656003041","Block 3041, Block Group 3, Census Tract 9656, Windsor County, Vermont","0","0","0"
"1000000US500279656003042","Block 3042, Block Group 3, Census Tract 9656, Windsor County, Vermont","0","0","0"
"1000000US500279656003043","Block 3043, Block Group 3, Census Tract 9656, Windsor County, Vermont","0","0","0"
"1000000US500279656003044","Block 3044, Block Group 3, Census Tract 9656, Windsor County, Vermont","33","33","0"
"1000000US500279656003045","Block 3045, Block Group 3, Census Tract 9656, Windsor County, Vermont","12","12","0"
"1000000US500279656003046","Block 3046, Block Group 3, Census Tract 9656, Windsor County, Vermont","5","5","0"
"1000000US500279656003047","Block 3047, Block Group 3, Census Tract 9656, Windsor County, Vermont","5","2","3"
"1000000US500279656003048","Block 3048, Block Group 3, Census Tract 9656, Windsor County, Vermont","0","0","0"
"1000000US500279656003049","Block 3049, Block Group 3, Census Tract 9656, Windsor County, Vermont","0","0","0"
"1000000US500279656003050","Block 3050, Block Group 3, Census Tract 9656, Windsor County, Vermont","0","0","0"
"1000000US500279656003051","Block 3051, Block Group 3, Census Tract 9656, Windsor County, Vermont","0","0","0"
"1000000US500279656003052","Block 3052, Block Group 3, Census Tract 9656, Windsor County, Vermont","0","0","0"
"1000000US500279656003053","Block 3053, Block Group 3, Census Tract 9656, Windsor County, Vermont","0","0","0"
"1000000US500279656003054","Block 3054, Block Group 3, Census Tract 9656, Windsor County, Vermont","0","0","0"
"1000000US500279656003055","Block 3055, Block Group 3, Census Tract 9656, Windsor County, Vermont","0","0","0"
"1000000US500279656003056","Block 3056, Block Group 3, Census Tract 9656, Windsor County, Vermont","0","0","0"
"1000000US500279656003057","Block 3057, Block Group 3, Census Tract 9656, Windsor County, Vermont","0","0","0"
"1000000US500279656003058","Block 3058, Block Group 3, Census Tract 9656, Windsor County, Vermont","0","0","0"
"1000000US500279656003059","Block 3059, Block Group 3, Census Tract 9656, Windsor County, Vermont","0","0","0"
"1000000US500279656003060","Block 3060, Block Group 3, Census Tract 9656, Windsor County, Vermont","0","0","0"
"1000000US500279656003061","Block 3061, Block Group 3, Census Tract 9656, Windsor County, Vermont","0","0","0"
"1000000US500279656003062","Block 3062, Block Group 3, Census Tract 9656, Windsor County, Vermont","2","2","0"
"1000000US500279656003063","Block 3063, Block Group 3, Census Tract 9656, Windsor County, Vermont","0","0","0"
"1000000US500279656003064","Block 3064, Block Group 3, Census Tract 9656, Windsor County, Vermont","0","0","0"
"1000000US500279656003065","Block 3065, Block Group 3, Census Tract 9656, Windsor County, Vermont","0","0","0"
"1000000US500279656003066","Block 3066, Block Group 3, Census Tract 9656, Windsor County, Vermont","0","0","0"
"1000000US500279656003067","Block 3067, Block Group 3, Census Tract 9656, Windsor County, Vermont","3","3","0"
"1000000US500279656003068","Block 3068, Block Group 3, Census Tract 9656, Windsor County, Vermont","37","37","0"
"1000000US500279656003069","Block 3069, Block Group 3, Census Tract 9656, Windsor County, Vermont","0","0","0"
"1000000US500279656003070","Block 3070, Block Group 3, Census Tract 9656, Windsor County, Vermont","3","3","0"
"1000000US500279656003071","Block 3071, Block Group 3, Census Tract 9656, Windsor County, Vermont","6","6","0"
"1000000US500279656003072","Block 3072, Block Group 3, Census Tract 9656, Windsor County, Vermont","0","0","0"
"1000000US500279656003073","Block 3073, Block Group 3, Census Tract 9656, Windsor County, Vermont","0","0","0"
"1000000US500279656003074","Block 3074, Block Group 3, Census Tract 9656, Windsor County, Vermont","0","0","0"
"1000000US500279656003075","Block 3075, Block Group 3, Census Tract 9656, Windsor County, Vermont","0","0","0"
"1000000US500279656003076","Block 3076, Block Group 3, Census Tract 9656, Windsor County, Vermont","11","11","0"
"1000000US500279656003077","Block 3077, Block Group 3, Census Tract 9656, Windsor County, Vermont","0","0","0"
"1000000US500279656003078","Block 3078, Block Group 3, Census Tract 9656, Windsor County, Vermont","0","0","0"
"1000000US500279656003079","Block 3079, Block Group 3, Census Tract 9656, Windsor County, Vermont","4","4","0"
"1000000US500279656003080","Block 3080, Block Group 3, Census Tract 9656, Windsor County, Vermont","6","6","0"
"1000000US500279656003081","Block 3081, Block Group 3, Census Tract 9656, Windsor County, Vermont","0","0","0"
"1000000US500279656003082","Block 3082, Block Group 3, Census Tract 9656, Windsor County, Vermont","0","0","0"
"1000000US500279656003083","Block 3083, Block Group 3, Census Tract 9656, Windsor County, Vermont","1","1","0"
"1000000US500279656003084","Block 3084, Block Group 3, Census Tract 9656, Windsor County, Vermont","0","0","0"
"1000000US500279656003085","Block 3085, Block Group 3, Census Tract 9656, Windsor County, Vermont","0","0","0"
"1000000US500279656003086","Block 3086, Block Group 3, Census Tract 9656, Windsor County, Vermont","0","0","0"
"1000000US500279656003087","Block 3087, Block Group 3, Census Tract 9656, Windsor County, Vermont","0","0","0"
"1000000US500279656003088","Block 3088, Block Group 3, Census Tract 9656, Windsor County, Vermont","0","0","0"
"1000000US500279656003089","Block 3089, Block Group 3, Census Tract 9656, Windsor County, Vermont","26","26","0"
"1000000US500279656003090","Block 3090, Block Group 3, Census Tract 9656, Windsor County, Vermont","0","0","0"
"1000000US500279656003091","Block 3091, Block Group 3, Census Tract 9656, Windsor County, Vermont","9","6","3"
"1000000US500279656003092","Block 3092, Block Group 3, Census Tract 9656, Windsor County, Vermont","15","15","0"
"1000000US500279656003093","Block 3093, Block Group 3, Census Tract 9656, Windsor County, Vermont","0","0","0"
"1000000US500279656003094","Block 3094, Block Group 3, Census Tract 9656, Windsor County, Vermont","0","0","0"
"1000000US500279656004000","Block 4000, Block Group 4, Census Tract 9656, Windsor County, Vermont","11","11","0"
"1000000US500279656004001","Block 4001, Block Group 4, Census Tract 9656, Windsor County, Vermont","64","44","20"
"1000000US500279656004002","Block 4002, Block Group 4, Census Tract 9656, Windsor County, Vermont","0","0","0"
"1000000US500279656004003","Block 4003, Block Group 4, Census Tract 9656, Windsor County, Vermont","4","4","0"
"1000000US500279656004004","Block 4004, Block Group 4, Census Tract 9656, Windsor County, Vermont","9","9","0"
"1000000US500279656004005","Block 4005, Block Group 4, Census Tract 9656, Windsor County, Vermont","0","0","0"
"1000000US500279656004006","Block 4006, Block Group 4, Census Tract 9656, Windsor County, Vermont","2","0","2"
"1000000US500279656004007","Block 4007, Block Group 4, Census Tract 9656, Windsor County, Vermont","109","102","7"
"1000000US500279656004008","Block 4008, Block Group 4, Census Tract 9656, Windsor County, Vermont","9","9","0"
"1000000US500279656004009","Block 4009, Block Group 4, Census Tract 9656, Windsor County, Vermont","10","8","2"
"1000000US500279656004010","Block 4010, Block Group 4, Census Tract 9656, Windsor County, Vermont","6","5","1"
"1000000US500279656004011","Block 4011, Block Group 4, Census Tract 9656, Windsor County, Vermont","18","17","1"
"1000000US500279656004012","Block 4012, Block Group 4, Census Tract 9656, Windsor County, Vermont","23","23","0"
"1000000US500279656004013","Block 4013, Block Group 4, Census Tract 9656, Windsor County, Vermont","2","2","0"
"1000000US500279656004014","Block 4014, Block Group 4, Census Tract 9656, Windsor County, Vermont","0","0","0"
"1000000US500279656004015","Block 4015, Block Group 4, Census Tract 9656, Windsor County, Vermont","0","0","0"
"1000000US500279656004016","Block 4016, Block Group 4, Census Tract 9656, Windsor County, Vermont","3","3","0"
"1000000US500279656004017","Block 4017, Block Group 4, Census Tract 9656, Windsor County, Vermont","41","37","4"
"1000000US500279656004018","Block 4018, Block Group 4, Census Tract 9656, Windsor County, Vermont","16","16","0"
"1000000US500279656004019","Block 4019, Block Group 4, Census Tract 9656, Windsor County, Vermont","8","8","0"
"1000000US500279656004020","Block 4020, Block Group 4, Census Tract 9656, Windsor County, Vermont","0","0","0"
"1000000US500279656004021","Block 4021, Block Group 4, Census Tract 9656, Windsor County, Vermont","0","0","0"
"1000000US500279656004022","Block 4022, Block Group 4, Census Tract 9656, Windsor County, Vermont","0","0","0"
"1000000US500279656004023","Block 4023, Block Group 4, Census Tract 9656, Windsor County, Vermont","0","0","0"
"1000000US500279656004024","Block 4024, Block Group 4, Census Tract 9656, Windsor County, Vermont","0","0","0"
"1000000US500279656004025","Block 4025, Block Group 4, Census Tract 9656, Windsor County, Vermont","11","10","1"
"1000000US500279656004026","Block 4026, Block Group 4, Census Tract 9656, Windsor County, Vermont","62","49","13"
"1000000US500279656004027","Block 4027, Block Group 4, Census Tract 9656, Windsor County, Vermont","3","2","1"
"1000000US500279656004028","Block 4028, Block Group 4, Census Tract 9656, Windsor County, Vermont","0","0","0"
"1000000US500279656004029","Block 4029, Block Group 4, Census Tract 9656, Windsor County, Vermont","0","0","0"
"1000000US500279656004030","Block 4030, Block Group 4, Census Tract 9656, Windsor County, Vermont","1","0","1"
"1000000US500279656004031","Block 4031, Block Group 4, Census Tract 9656, Windsor County, Vermont","0","0","0"
"1000000US500279656004032","Block 4032, Block Group 4, Census Tract 9656, Windsor County, Vermont","0","0","0"
"1000000US500279656004033","Block 4033, Block Group 4, Census Tract 9656, Windsor County, Vermont","0","0","0"
"1000000US500279656004034","Block 4034, Block Group 4, Census Tract 9656, Windsor County, Vermont","0","0","0"
"1000000US500279657001000","Block 1000, Block Group 1, Census Tract 9657, Windsor County, Vermont","2","2","0"
"1000000US500279657001001","Block 1001, Block Group 1, Census Tract 9657, Windsor County, Vermont","0","0","0"
"1000000US500279657001002","Block 1002, Block Group 1, Census Tract 9657, Windsor County, Vermont","0","0","0"
"1000000US500279657001003","Block 1003, Block Group 1, Census Tract 9657, Windsor County, Vermont","0","0","0"
"1000000US500279657001004","Block 1004, Block Group 1, Census Tract 9657, Windsor County, Vermont","2","2","0"
"1000000US500279657001005","Block 1005, Block Group 1, Census Tract 9657, Windsor County, Vermont","1","1","0"
"1000000US500279657001006","Block 1006, Block Group 1, Census Tract 9657, Windsor County, Vermont","80","70","10"
"1000000US500279657001007","Block 1007, Block Group 1, Census Tract 9657, Windsor County, Vermont","1","0","1"
"1000000US500279657001008","Block 1008, Block Group 1, Census Tract 9657, Windsor County, Vermont","1","1","0"
"1000000US500279657001009","Block 1009, Block Group 1, Census Tract 9657, Windsor County, Vermont","27","19","8"
"1000000US500279657001010","Block 1010, Block Group 1, Census Tract 9657, Windsor County, Vermont","1","0","1"
"1000000US500279657001011","Block 1011, Block Group 1, Census Tract 9657, Windsor County, Vermont","29","23","6"
"1000000US500279657001012","Block 1012, Block Group 1, Census Tract 9657, Windsor County, Vermont","1","1","0"
"1000000US500279657001013","Block 1013, Block Group 1, Census Tract 9657, Windsor County, Vermont","20","13","7"
"1000000US500279657001014","Block 1014, Block Group 1, Census Tract 9657, Windsor County, Vermont","1","0","1"
"1000000US500279657001015","Block 1015, Block Group 1, Census Tract 9657, Windsor County, Vermont","0","0","0"
"1000000US500279657001016","Block 1016, Block Group 1, Census Tract 9657, Windsor County, Vermont","0","0","0"
"1000000US500279657001017","Block 1017, Block Group 1, Census Tract 9657, Windsor County, Vermont","1","1","0"
"1000000US500279657001018","Block 1018, Block Group 1, Census Tract 9657, Windsor County, Vermont","0","0","0"
"1000000US500279657001019","Block 1019, Block Group 1, Census Tract 9657, Windsor County, Vermont","0","0","0"
"1000000US500279657001020","Block 1020, Block Group 1, Census Tract 9657, Windsor County, Vermont","54","47","7"
"1000000US500279657001021","Block 1021, Block Group 1, Census Tract 9657, Windsor County, Vermont","2","2","0"
"1000000US500279657001022","Block 1022, Block Group 1, Census Tract 9657, Windsor County, Vermont","0","0","0"
"1000000US500279657001023","Block 1023, Block Group 1, Census Tract 9657, Windsor County, Vermont","10","7","3"
"1000000US500279657001024","Block 1024, Block Group 1, Census Tract 9657, Windsor County, Vermont","0","0","0"
"1000000US500279657001025","Block 1025, Block Group 1, Census Tract 9657, Windsor County, Vermont","5","5","0"
"1000000US500279657001026","Block 1026, Block Group 1, Census Tract 9657, Windsor County, Vermont","38","30","8"
"1000000US500279657001027","Block 1027, Block Group 1, Census Tract 9657, Windsor County, Vermont","0","0","0"
"1000000US500279657001028","Block 1028, Block Group 1, Census Tract 9657, Windsor County, Vermont","0","0","0"
"1000000US500279657001029","Block 1029, Block Group 1, Census Tract 9657, Windsor County, Vermont","0","0","0"
"1000000US500279657001030","Block 1030, Block Group 1, Census Tract 9657, Windsor County, Vermont","3","3","0"
"1000000US500279657001031","Block 1031, Block Group 1, Census Tract 9657, Windsor County, Vermont","1","1","0"
"1000000US500279657001032","Block 1032, Block Group 1, Census Tract 9657, Windsor County, Vermont","1","1","0"
"1000000US500279657001033","Block 1033, Block Group 1, Census Tract 9657, Windsor County, Vermont","0","0","0"
"1000000US500279657001034","Block 1034, Block Group 1, Census Tract 9657, Windsor County, Vermont","1","0","1"
"1000000US500279657001035","Block 1035, Block Group 1, Census Tract 9657, Windsor County, Vermont","0","0","0"
"1000000US500279657001036","Block 1036, Block Group 1, Census Tract 9657, Windsor County, Vermont","12","11","1"
"1000000US500279657001037","Block 1037, Block Group 1, Census Tract 9657, Windsor County, Vermont","27","21","6"
"1000000US500279657001038","Block 1038, Block Group 1, Census Tract 9657, Windsor County, Vermont","0","0","0"
"1000000US500279657001039","Block 1039, Block Group 1, Census Tract 9657, Windsor County, Vermont","1","1","0"
"1000000US500279657001040","Block 1040, Block Group 1, Census Tract 9657, Windsor County, Vermont","5","4","1"
"1000000US500279657001041","Block 1041, Block Group 1, Census Tract 9657, Windsor County, Vermont","0","0","0"
"1000000US500279657001042","Block 1042, Block Group 1, Census Tract 9657, Windsor County, Vermont","0","0","0"
"1000000US500279657001043","Block 1043, Block Group 1, Census Tract 9657, Windsor County, Vermont","0","0","0"
"1000000US500279657001044","Block 1044, Block Group 1, Census Tract 9657, Windsor County, Vermont","11","10","1"
"1000000US500279657001045","Block 1045, Block Group 1, Census Tract 9657, Windsor County, Vermont","22","19","3"
"1000000US500279657001046","Block 1046, Block Group 1, Census Tract 9657, Windsor County, Vermont","3","2","1"
"1000000US500279657001047","Block 1047, Block Group 1, Census Tract 9657, Windsor County, Vermont","0","0","0"
"1000000US500279657001048","Block 1048, Block Group 1, Census Tract 9657, Windsor County, Vermont","0","0","0"
"1000000US500279657001049","Block 1049, Block Group 1, Census Tract 9657, Windsor County, Vermont","63","54","9"
"1000000US500279657001050","Block 1050, Block Group 1, Census Tract 9657, Windsor County, Vermont","0","0","0"
"1000000US500279657001051","Block 1051, Block Group 1, Census Tract 9657, Windsor County, Vermont","0","0","0"
"1000000US500279657001052","Block 1052, Block Group 1, Census Tract 9657, Windsor County, Vermont","0","0","0"
"1000000US500279657001053","Block 1053, Block Group 1, Census Tract 9657, Windsor County, Vermont","29","24","5"
"1000000US500279657001054","Block 1054, Block Group 1, Census Tract 9657, Windsor County, Vermont","0","0","0"
"1000000US500279657001055","Block 1055, Block Group 1, Census Tract 9657, Windsor County, Vermont","23","22","1"
"1000000US500279657001056","Block 1056, Block Group 1, Census Tract 9657, Windsor County, Vermont","5","5","0"
"1000000US500279657001057","Block 1057, Block Group 1, Census Tract 9657, Windsor County, Vermont","0","0","0"
"1000000US500279657001058","Block 1058, Block Group 1, Census Tract 9657, Windsor County, Vermont","0","0","0"
"1000000US500279657001059","Block 1059, Block Group 1, Census Tract 9657, Windsor County, Vermont","1","1","0"
"1000000US500279657001060","Block 1060, Block Group 1, Census Tract 9657, Windsor County, Vermont","1","1","0"
"1000000US500279657001061","Block 1061, Block Group 1, Census Tract 9657, Windsor County, Vermont","0","0","0"
"1000000US500279657001062","Block 1062, Block Group 1, Census Tract 9657, Windsor County, Vermont","3","3","0"
"1000000US500279657001063","Block 1063, Block Group 1, Census Tract 9657, Windsor County, Vermont","0","0","0"
"1000000US500279657001064","Block 1064, Block Group 1, Census Tract 9657, Windsor County, Vermont","2","2","0"
"1000000US500279657001065","Block 1065, Block Group 1, Census Tract 9657, Windsor County, Vermont","0","0","0"
"1000000US500279657001066","Block 1066, Block Group 1, Census Tract 9657, Windsor County, Vermont","0","0","0"
"1000000US500279657001067","Block 1067, Block Group 1, Census Tract 9657, Windsor County, Vermont","8","6","2"
"1000000US500279657002000","Block 2000, Block Group 2, Census Tract 9657, Windsor County, Vermont","18","17","1"
"1000000US500279657002001","Block 2001, Block Group 2, Census Tract 9657, Windsor County, Vermont","22","16","6"
"1000000US500279657002002","Block 2002, Block Group 2, Census Tract 9657, Windsor County, Vermont","0","0","0"
"1000000US500279657002003","Block 2003, Block Group 2, Census Tract 9657, Windsor County, Vermont","0","0","0"
"1000000US500279657002004","Block 2004, Block Group 2, Census Tract 9657, Windsor County, Vermont","3","3","0"
"1000000US500279657002005","Block 2005, Block Group 2, Census Tract 9657, Windsor County, Vermont","2","2","0"
"1000000US500279657002006","Block 2006, Block Group 2, Census Tract 9657, Windsor County, Vermont","14","13","1"
"1000000US500279657002007","Block 2007, Block Group 2, Census Tract 9657, Windsor County, Vermont","0","0","0"
"1000000US500279657002008","Block 2008, Block Group 2, Census Tract 9657, Windsor County, Vermont","13","11","2"
"1000000US500279657002009","Block 2009, Block Group 2, Census Tract 9657, Windsor County, Vermont","16","14","2"
"1000000US500279657002010","Block 2010, Block Group 2, Census Tract 9657, Windsor County, Vermont","7","5","2"
"1000000US500279657002011","Block 2011, Block Group 2, Census Tract 9657, Windsor County, Vermont","8","8","0"
"1000000US500279657002012","Block 2012, Block Group 2, Census Tract 9657, Windsor County, Vermont","63","60","3"
"1000000US500279657002013","Block 2013, Block Group 2, Census Tract 9657, Windsor County, Vermont","17","16","1"
"1000000US500279657002014","Block 2014, Block Group 2, Census Tract 9657, Windsor County, Vermont","53","48","5"
"1000000US500279657002015","Block 2015, Block Group 2, Census Tract 9657, Windsor County, Vermont","2","2","0"
"1000000US500279657002016","Block 2016, Block Group 2, Census Tract 9657, Windsor County, Vermont","0","0","0"
"1000000US500279657002017","Block 2017, Block Group 2, Census Tract 9657, Windsor County, Vermont","1","1","0"
"1000000US500279657002018","Block 2018, Block Group 2, Census Tract 9657, Windsor County, Vermont","3","3","0"
"1000000US500279657002019","Block 2019, Block Group 2, Census Tract 9657, Windsor County, Vermont","15","14","1"
"1000000US500279657002020","Block 2020, Block Group 2, Census Tract 9657, Windsor County, Vermont","28","24","4"
"1000000US500279657002021","Block 2021, Block Group 2, Census Tract 9657, Windsor County, Vermont","1","1","0"
"1000000US500279657002022","Block 2022, Block Group 2, Census Tract 9657, Windsor County, Vermont","0","0","0"
"1000000US500279657002023","Block 2023, Block Group 2, Census Tract 9657, Windsor County, Vermont","1","1","0"
"1000000US500279657002024","Block 2024, Block Group 2, Census Tract 9657, Windsor County, Vermont","28","28","0"
"1000000US500279657002025","Block 2025, Block Group 2, Census Tract 9657, Windsor County, Vermont","67","63","4"
"1000000US500279657002026","Block 2026, Block Group 2, Census Tract 9657, Windsor County, Vermont","0","0","0"
"1000000US500279657002027","Block 2027, Block Group 2, Census Tract 9657, Windsor County, Vermont","1","1","0"
"1000000US500279657002028","Block 2028, Block Group 2, Census Tract 9657, Windsor County, Vermont","13","11","2"
"1000000US500279657002029","Block 2029, Block Group 2, Census Tract 9657, Windsor County, Vermont","0","0","0"
"1000000US500279657002030","Block 2030, Block Group 2, Census Tract 9657, Windsor County, Vermont","0","0","0"
"1000000US500279657002031","Block 2031, Block Group 2, Census Tract 9657, Windsor County, Vermont","0","0","0"
"1000000US500279657002032","Block 2032, Block Group 2, Census Tract 9657, Windsor County, Vermont","12","9","3"
"1000000US500279657002033","Block 2033, Block Group 2, Census Tract 9657, Windsor County, Vermont","0","0","0"
"1000000US500279657002034","Block 2034, Block Group 2, Census Tract 9657, Windsor County, Vermont","13","12","1"
"1000000US500279657002035","Block 2035, Block Group 2, Census Tract 9657, Windsor County, Vermont","1","1","0"
"1000000US500279657002036","Block 2036, Block Group 2, Census Tract 9657, Windsor County, Vermont","14","11","3"
"1000000US500279657003000","Block 3000, Block Group 3, Census Tract 9657, Windsor County, Vermont","4","4","0"
"1000000US500279657003001","Block 3001, Block Group 3, Census Tract 9657, Windsor County, Vermont","0","0","0"
"1000000US500279657003002","Block 3002, Block Group 3, Census Tract 9657, Windsor County, Vermont","2","2","0"
"1000000US500279657003003","Block 3003, Block Group 3, Census Tract 9657, Windsor County, Vermont","0","0","0"
"1000000US500279657003004","Block 3004, Block Group 3, Census Tract 9657, Windsor County, Vermont","42","40","2"
"1000000US500279657003005","Block 3005, Block Group 3, Census Tract 9657, Windsor County, Vermont","4","4","0"
"1000000US500279657003006","Block 3006, Block Group 3, Census Tract 9657, Windsor County, Vermont","9","9","0"
"1000000US500279657003007","Block 3007, Block Group 3, Census Tract 9657, Windsor County, Vermont","2","1","1"
"1000000US500279657003008","Block 3008, Block Group 3, Census Tract 9657, Windsor County, Vermont","14","12","2"
"1000000US500279657003009","Block 3009, Block Group 3, Census Tract 9657, Windsor County, Vermont","13","8","5"
"1000000US500279657003010","Block 3010, Block Group 3, Census Tract 9657, Windsor County, Vermont","0","0","0"
"1000000US500279657003011","Block 3011, Block Group 3, Census Tract 9657, Windsor County, Vermont","0","0","0"
"1000000US500279657003012","Block 3012, Block Group 3, Census Tract 9657, Windsor County, Vermont","2","1","1"
"1000000US500279657003013","Block 3013, Block Group 3, Census Tract 9657, Windsor County, Vermont","0","0","0"
"1000000US500279657003014","Block 3014, Block Group 3, Census Tract 9657, Windsor County, Vermont","0","0","0"
"1000000US500279657003015","Block 3015, Block Group 3, Census Tract 9657, Windsor County, Vermont","3","3","0"
"1000000US500279657003016","Block 3016, Block Group 3, Census Tract 9657, Windsor County, Vermont","14","13","1"
"1000000US500279657003017","Block 3017, Block Group 3, Census Tract 9657, Windsor County, Vermont","12","12","0"
"1000000US500279657003018","Block 3018, Block Group 3, Census Tract 9657, Windsor County, Vermont","0","0","0"
"1000000US500279657003019","Block 3019, Block Group 3, Census Tract 9657, Windsor County, Vermont","11","11","0"
"1000000US500279657003020","Block 3020, Block Group 3, Census Tract 9657, Windsor County, Vermont","95","79","16"
"1000000US500279657003021","Block 3021, Block Group 3, Census Tract 9657, Windsor County, Vermont","0","0","0"
"1000000US500279657003022","Block 3022, Block Group 3, Census Tract 9657, Windsor County, Vermont","0","0","0"
"1000000US500279657003023","Block 3023, Block Group 3, Census Tract 9657, Windsor County, Vermont","0","0","0"
"1000000US500279657003024","Block 3024, Block Group 3, Census Tract 9657, Windsor County, Vermont","15","15","0"
"1000000US500279657003025","Block 3025, Block Group 3, Census Tract 9657, Windsor County, Vermont","0","0","0"
"1000000US500279657003026","Block 3026, Block Group 3, Census Tract 9657, Windsor County, Vermont","1","1","0"
"1000000US500279657003027","Block 3027, Block Group 3, Census Tract 9657, Windsor County, Vermont","0","0","0"
"1000000US500279657003028","Block 3028, Block Group 3, Census Tract 9657, Windsor County, Vermont","18","18","0"
"1000000US500279657003029","Block 3029, Block Group 3, Census Tract 9657, Windsor County, Vermont","0","0","0"
"1000000US500279657003030","Block 3030, Block Group 3, Census Tract 9657, Windsor County, Vermont","0","0","0"
"1000000US500279657003031","Block 3031, Block Group 3, Census Tract 9657, Windsor County, Vermont","0","0","0"
"1000000US500279657003032","Block 3032, Block Group 3, Census Tract 9657, Windsor County, Vermont","1","1","0"
"1000000US500279657003033","Block 3033, Block Group 3, Census Tract 9657, Windsor County, Vermont","0","0","0"
"1000000US500279657003034","Block 3034, Block Group 3, Census Tract 9657, Windsor County, Vermont","0","0","0"
"1000000US500279657003035","Block 3035, Block Group 3, Census Tract 9657, Windsor County, Vermont","0","0","0"
"1000000US500279657003036","Block 3036, Block Group 3, Census Tract 9657, Windsor County, Vermont","0","0","0"
"1000000US500279657003037","Block 3037, Block Group 3, Census Tract 9657, Windsor County, Vermont","0","0","0"
"1000000US500279657003038","Block 3038, Block Group 3, Census Tract 9657, Windsor County, Vermont","28","28","0"
"1000000US500279657003039","Block 3039, Block Group 3, Census Tract 9657, Windsor County, Vermont","1","1","0"
"1000000US500279657003040","Block 3040, Block Group 3, Census Tract 9657, Windsor County, Vermont","0","0","0"
"1000000US500279657003041","Block 3041, Block Group 3, Census Tract 9657, Windsor County, Vermont","0","0","0"
"1000000US500279657003042","Block 3042, Block Group 3, Census Tract 9657, Windsor County, Vermont","0","0","0"
"1000000US500279657003043","Block 3043, Block Group 3, Census Tract 9657, Windsor County, Vermont","2","2","0"
"1000000US500279657003044","Block 3044, Block Group 3, Census Tract 9657, Windsor County, Vermont","0","0","0"
"1000000US500279657003045","Block 3045, Block Group 3, Census Tract 9657, Windsor County, Vermont","0","0","0"
"1000000US500279657003046","Block 3046, Block Group 3, Census Tract 9657, Windsor County, Vermont","21","21","0"
"1000000US500279657003047","Block 3047, Block Group 3, Census Tract 9657, Windsor County, Vermont","0","0","0"
"1000000US500279657003048","Block 3048, Block Group 3, Census Tract 9657, Windsor County, Vermont","2","2","0"
"1000000US500279657003049","Block 3049, Block Group 3, Census Tract 9657, Windsor County, Vermont","13","13","0"
"1000000US500279657003050","Block 3050, Block Group 3, Census Tract 9657, Windsor County, Vermont","0","0","0"
"1000000US500279657003051","Block 3051, Block Group 3, Census Tract 9657, Windsor County, Vermont","0","0","0"
"1000000US500279657003052","Block 3052, Block Group 3, Census Tract 9657, Windsor County, Vermont","13","13","0"
"1000000US500279657003053","Block 3053, Block Group 3, Census Tract 9657, Windsor County, Vermont","3","3","0"
"1000000US500279657003054","Block 3054, Block Group 3, Census Tract 9657, Windsor County, Vermont","0","0","0"
"1000000US500279657003055","Block 3055, Block Group 3, Census Tract 9657, Windsor County, Vermont","0","0","0"
"1000000US500279657003056","Block 3056, Block Group 3, Census Tract 9657, Windsor County, Vermont","0","0","0"
"1000000US500279657003057","Block 3057, Block Group 3, Census Tract 9657, Windsor County, Vermont","0","0","0"
"1000000US500279657003058","Block 3058, Block Group 3, Census Tract 9657, Windsor County, Vermont","10","10","0"
"1000000US500279657003059","Block 3059, Block Group 3, Census Tract 9657, Windsor County, Vermont","2","2","0"
"1000000US500279657003060","Block 3060, Block Group 3, Census Tract 9657, Windsor County, Vermont","9","8","1"
"1000000US500279657003061","Block 3061, Block Group 3, Census Tract 9657, Windsor County, Vermont","0","0","0"
"1000000US500279657003062","Block 3062, Block Group 3, Census Tract 9657, Windsor County, Vermont","0","0","0"
"1000000US500279657003063","Block 3063, Block Group 3, Census Tract 9657, Windsor County, Vermont","5","5","0"
"1000000US500279657003064","Block 3064, Block Group 3, Census Tract 9657, Windsor County, Vermont","6","5","1"
"1000000US500279657003065","Block 3065, Block Group 3, Census Tract 9657, Windsor County, Vermont","41","40","1"
"1000000US500279657003066","Block 3066, Block Group 3, Census Tract 9657, Windsor County, Vermont","74","68","6"
"1000000US500279657003067","Block 3067, Block Group 3, Census Tract 9657, Windsor County, Vermont","0","0","0"
"1000000US500279657003068","Block 3068, Block Group 3, Census Tract 9657, Windsor County, Vermont","0","0","0"
"1000000US500279657003069","Block 3069, Block Group 3, Census Tract 9657, Windsor County, Vermont","0","0","0"
"1000000US500279657003070","Block 3070, Block Group 3, Census Tract 9657, Windsor County, Vermont","0","0","0"
"1000000US500279657003071","Block 3071, Block Group 3, Census Tract 9657, Windsor County, Vermont","0","0","0"
"1000000US500279657003072","Block 3072, Block Group 3, Census Tract 9657, Windsor County, Vermont","0","0","0"
"1000000US500279657003073","Block 3073, Block Group 3, Census Tract 9657, Windsor County, Vermont","3","3","0"
"1000000US500279657003074","Block 3074, Block Group 3, Census Tract 9657, Windsor County, Vermont","0","0","0"
"1000000US500279657003075","Block 3075, Block Group 3, Census Tract 9657, Windsor County, Vermont","0","0","0"
"1000000US500279657003076","Block 3076, Block Group 3, Census Tract 9657, Windsor County, Vermont","3","3","0"
"1000000US500279657003077","Block 3077, Block Group 3, Census Tract 9657, Windsor County, Vermont","52","50","2"
"1000000US500279657003078","Block 3078, Block Group 3, Census Tract 9657, Windsor County, Vermont","0","0","0"
"1000000US500279657003079","Block 3079, Block Group 3, Census Tract 9657, Windsor County, Vermont","0","0","0"
"1000000US500279657003080","Block 3080, Block Group 3, Census Tract 9657, Windsor County, Vermont","1","1","0"
"1000000US500279657003081","Block 3081, Block Group 3, Census Tract 9657, Windsor County, Vermont","4","4","0"
"1000000US500279657003082","Block 3082, Block Group 3, Census Tract 9657, Windsor County, Vermont","0","0","0"
"1000000US500279657003083","Block 3083, Block Group 3, Census Tract 9657, Windsor County, Vermont","2","2","0"
"1000000US500279657003084","Block 3084, Block Group 3, Census Tract 9657, Windsor County, Vermont","7","7","0"
"1000000US500279657003085","Block 3085, Block Group 3, Census Tract 9657, Windsor County, Vermont","0","0","0"
"1000000US500279657003086","Block 3086, Block Group 3, Census Tract 9657, Windsor County, Vermont","0","0","0"
"1000000US500279657003087","Block 3087, Block Group 3, Census Tract 9657, Windsor County, Vermont","0","0","0"
"1000000US500279657003088","Block 3088, Block Group 3, Census Tract 9657, Windsor County, Vermont","0","0","0"
"1000000US500279657003089","Block 3089, Block Group 3, Census Tract 9657, Windsor County, Vermont","0","0","0"
"1000000US500279657003090","Block 3090, Block Group 3, Census Tract 9657, Windsor County, Vermont","9","9","0"
"1000000US500279657003091","Block 3091, Block Group 3, Census Tract 9657, Windsor County, Vermont","0","0","0"
"1000000US500279657003092","Block 3092, Block Group 3, Census Tract 9657, Windsor County, Vermont","3","3","0"
"1000000US500279657003093","Block 3093, Block Group 3, Census Tract 9657, Windsor County, Vermont","0","0","0"
"1000000US500279657003094","Block 3094, Block Group 3, Census Tract 9657, Windsor County, Vermont","9","9","0"
"1000000US500279657003095","Block 3095, Block Group 3, Census Tract 9657, Windsor County, Vermont","10","9","1"
"1000000US500279657003096","Block 3096, Block Group 3, Census Tract 9657, Windsor County, Vermont","1","1","0"
"1000000US500279657003097","Block 3097, Block Group 3, Census Tract 9657, Windsor County, Vermont","0","0","0"
"1000000US500279657003098","Block 3098, Block Group 3, Census Tract 9657, Windsor County, Vermont","13","11","2"
"1000000US500279657003099","Block 3099, Block Group 3, Census Tract 9657, Windsor County, Vermont","35","34","1"
"1000000US500279657003100","Block 3100, Block Group 3, Census Tract 9657, Windsor County, Vermont","1","1","0"
"1000000US500279657003101","Block 3101, Block Group 3, Census Tract 9657, Windsor County, Vermont","0","0","0"
"1000000US500279657003102","Block 3102, Block Group 3, Census Tract 9657, Windsor County, Vermont","1","1","0"
"1000000US500279657003103","Block 3103, Block Group 3, Census Tract 9657, Windsor County, Vermont","0","0","0"
"1000000US500279657003104","Block 3104, Block Group 3, Census Tract 9657, Windsor County, Vermont","0","0","0"
"1000000US500279657003105","Block 3105, Block Group 3, Census Tract 9657, Windsor County, Vermont","3","3","0"
"1000000US500279657003106","Block 3106, Block Group 3, Census Tract 9657, Windsor County, Vermont","0","0","0"
"1000000US500279657003107","Block 3107, Block Group 3, Census Tract 9657, Windsor County, Vermont","1","1","0"
"1000000US500279658001000","Block 1000, Block Group 1, Census Tract 9658, Windsor County, Vermont","1","1","0"
"1000000US500279658001001","Block 1001, Block Group 1, Census Tract 9658, Windsor County, Vermont","7","4","3"
"1000000US500279658001002","Block 1002, Block Group 1, Census Tract 9658, Windsor County, Vermont","0","0","0"
"1000000US500279658001003","Block 1003, Block Group 1, Census Tract 9658, Windsor County, Vermont","1","1","0"
"1000000US500279658001004","Block 1004, Block Group 1, Census Tract 9658, Windsor County, Vermont","140","108","32"
"1000000US500279658001005","Block 1005, Block Group 1, Census Tract 9658, Windsor County, Vermont","0","0","0"
"1000000US500279658001006","Block 1006, Block Group 1, Census Tract 9658, Windsor County, Vermont","0","0","0"
"1000000US500279658001007","Block 1007, Block Group 1, Census Tract 9658, Windsor County, Vermont","1","0","1"
"1000000US500279658001008","Block 1008, Block Group 1, Census Tract 9658, Windsor County, Vermont","1","1","0"
"1000000US500279658001009","Block 1009, Block Group 1, Census Tract 9658, Windsor County, Vermont","0","0","0"
"1000000US500279658001010","Block 1010, Block Group 1, Census Tract 9658, Windsor County, Vermont","12","9","3"
"1000000US500279658001011","Block 1011, Block Group 1, Census Tract 9658, Windsor County, Vermont","0","0","0"
"1000000US500279658001012","Block 1012, Block Group 1, Census Tract 9658, Windsor County, Vermont","111","81","30"
"1000000US500279658001013","Block 1013, Block Group 1, Census Tract 9658, Windsor County, Vermont","0","0","0"
"1000000US500279658001014","Block 1014, Block Group 1, Census Tract 9658, Windsor County, Vermont","0","0","0"
"1000000US500279658001015","Block 1015, Block Group 1, Census Tract 9658, Windsor County, Vermont","0","0","0"
"1000000US500279658001016","Block 1016, Block Group 1, Census Tract 9658, Windsor County, Vermont","0","0","0"
"1000000US500279658001017","Block 1017, Block Group 1, Census Tract 9658, Windsor County, Vermont","3","3","0"
"1000000US500279658001018","Block 1018, Block Group 1, Census Tract 9658, Windsor County, Vermont","2","1","1"
"1000000US500279658001019","Block 1019, Block Group 1, Census Tract 9658, Windsor County, Vermont","1","1","0"
"1000000US500279658001020","Block 1020, Block Group 1, Census Tract 9658, Windsor County, Vermont","0","0","0"
"1000000US500279658001021","Block 1021, Block Group 1, Census Tract 9658, Windsor County, Vermont","0","0","0"
"1000000US500279658001022","Block 1022, Block Group 1, Census Tract 9658, Windsor County, Vermont","15","14","1"
"1000000US500279658001023","Block 1023, Block Group 1, Census Tract 9658, Windsor County, Vermont","26","22","4"
"1000000US500279658001024","Block 1024, Block Group 1, Census Tract 9658, Windsor County, Vermont","0","0","0"
"1000000US500279658001025","Block 1025, Block Group 1, Census Tract 9658, Windsor County, Vermont","1","1","0"
"1000000US500279658001026","Block 1026, Block Group 1, Census Tract 9658, Windsor County, Vermont","3","3","0"
"1000000US500279658001027","Block 1027, Block Group 1, Census Tract 9658, Windsor County, Vermont","0","0","0"
"1000000US500279658001028","Block 1028, Block Group 1, Census Tract 9658, Windsor County, Vermont","6","3","3"
"1000000US500279658001029","Block 1029, Block Group 1, Census Tract 9658, Windsor County, Vermont","0","0","0"
"1000000US500279658001030","Block 1030, Block Group 1, Census Tract 9658, Windsor County, Vermont","17","11","6"
"1000000US500279658001031","Block 1031, Block Group 1, Census Tract 9658, Windsor County, Vermont","2","2","0"
"1000000US500279658001032","Block 1032, Block Group 1, Census Tract 9658, Windsor County, Vermont","0","0","0"
"1000000US500279658001033","Block 1033, Block Group 1, Census Tract 9658, Windsor County, Vermont","0","0","0"
"1000000US500279658001034","Block 1034, Block Group 1, Census Tract 9658, Windsor County, Vermont","0","0","0"
"1000000US500279658001035","Block 1035, Block Group 1, Census Tract 9658, Windsor County, Vermont","9","8","1"
"1000000US500279658001036","Block 1036, Block Group 1, Census Tract 9658, Windsor County, Vermont","12","12","0"
"1000000US500279658001037","Block 1037, Block Group 1, Census Tract 9658, Windsor County, Vermont","0","0","0"
"1000000US500279658001038","Block 1038, Block Group 1, Census Tract 9658, Windsor County, Vermont","1","1","0"
"1000000US500279658001039","Block 1039, Block Group 1, Census Tract 9658, Windsor County, Vermont","1","1","0"
"1000000US500279658001040","Block 1040, Block Group 1, Census Tract 9658, Windsor County, Vermont","0","0","0"
"1000000US500279658001041","Block 1041, Block Group 1, Census Tract 9658, Windsor County, Vermont","0","0","0"
"1000000US500279658001042","Block 1042, Block Group 1, Census Tract 9658, Windsor County, Vermont","0","0","0"
"1000000US500279658001043","Block 1043, Block Group 1, Census Tract 9658, Windsor County, Vermont","0","0","0"
"1000000US500279658001044","Block 1044, Block Group 1, Census Tract 9658, Windsor County, Vermont","5","5","0"
"1000000US500279658001045","Block 1045, Block Group 1, Census Tract 9658, Windsor County, Vermont","0","0","0"
"1000000US500279658001046","Block 1046, Block Group 1, Census Tract 9658, Windsor County, Vermont","0","0","0"
"1000000US500279658001047","Block 1047, Block Group 1, Census Tract 9658, Windsor County, Vermont","27","13","14"
"1000000US500279658001048","Block 1048, Block Group 1, Census Tract 9658, Windsor County, Vermont","6","6","0"
"1000000US500279658001049","Block 1049, Block Group 1, Census Tract 9658, Windsor County, Vermont","5","1","4"
"1000000US500279658001050","Block 1050, Block Group 1, Census Tract 9658, Windsor County, Vermont","3","3","0"
"1000000US500279658001051","Block 1051, Block Group 1, Census Tract 9658, Windsor County, Vermont","33","25","8"
"1000000US500279658001052","Block 1052, Block Group 1, Census Tract 9658, Windsor County, Vermont","1","0","1"
"1000000US500279658001053","Block 1053, Block Group 1, Census Tract 9658, Windsor County, Vermont","3","2","1"
"1000000US500279658001054","Block 1054, Block Group 1, Census Tract 9658, Windsor County, Vermont","4","4","0"
"1000000US500279658001055","Block 1055, Block Group 1, Census Tract 9658, Windsor County, Vermont","21","20","1"
"1000000US500279658001056","Block 1056, Block Group 1, Census Tract 9658, Windsor County, Vermont","29","17","12"
"1000000US500279658001057","Block 1057, Block Group 1, Census Tract 9658, Windsor County, Vermont","0","0","0"
"1000000US500279658001058","Block 1058, Block Group 1, Census Tract 9658, Windsor County, Vermont","0","0","0"
"1000000US500279658001059","Block 1059, Block Group 1, Census Tract 9658, Windsor County, Vermont","1","0","1"
"1000000US500279658001060","Block 1060, Block Group 1, Census Tract 9658, Windsor County, Vermont","0","0","0"
"1000000US500279658001061","Block 1061, Block Group 1, Census Tract 9658, Windsor County, Vermont","0","0","0"
"1000000US500279658001062","Block 1062, Block Group 1, Census Tract 9658, Windsor County, Vermont","0","0","0"
"1000000US500279658001063","Block 1063, Block Group 1, Census Tract 9658, Windsor County, Vermont","19","13","6"
"1000000US500279658001064","Block 1064, Block Group 1, Census Tract 9658, Windsor County, Vermont","1","0","1"
"1000000US500279658001065","Block 1065, Block Group 1, Census Tract 9658, Windsor County, Vermont","6","2","4"
"1000000US500279658001066","Block 1066, Block Group 1, Census Tract 9658, Windsor County, Vermont","8","2","6"
"1000000US500279658001067","Block 1067, Block Group 1, Census Tract 9658, Windsor County, Vermont","0","0","0"
"1000000US500279658001068","Block 1068, Block Group 1, Census Tract 9658, Windsor County, Vermont","0","0","0"
"1000000US500279658001069","Block 1069, Block Group 1, Census Tract 9658, Windsor County, Vermont","16","11","5"
"1000000US500279658001070","Block 1070, Block Group 1, Census Tract 9658, Windsor County, Vermont","23","11","12"
"1000000US500279658001071","Block 1071, Block Group 1, Census Tract 9658, Windsor County, Vermont","0","0","0"
"1000000US500279658001072","Block 1072, Block Group 1, Census Tract 9658, Windsor County, Vermont","42","28","14"
"1000000US500279658001073","Block 1073, Block Group 1, Census Tract 9658, Windsor County, Vermont","0","0","0"
"1000000US500279658001074","Block 1074, Block Group 1, Census Tract 9658, Windsor County, Vermont","9","7","2"
"1000000US500279658001075","Block 1075, Block Group 1, Census Tract 9658, Windsor County, Vermont","5","5","0"
"1000000US500279658001076","Block 1076, Block Group 1, Census Tract 9658, Windsor County, Vermont","3","2","1"
"1000000US500279658001077","Block 1077, Block Group 1, Census Tract 9658, Windsor County, Vermont","0","0","0"
"1000000US500279658001078","Block 1078, Block Group 1, Census Tract 9658, Windsor County, Vermont","1","0","1"
"1000000US500279658001079","Block 1079, Block Group 1, Census Tract 9658, Windsor County, Vermont","2","1","1"
"1000000US500279658001080","Block 1080, Block Group 1, Census Tract 9658, Windsor County, Vermont","18","6","12"
"1000000US500279658001081","Block 1081, Block Group 1, Census Tract 9658, Windsor County, Vermont","3","2","1"
"1000000US500279658001082","Block 1082, Block Group 1, Census Tract 9658, Windsor County, Vermont","0","0","0"
"1000000US500279658001083","Block 1083, Block Group 1, Census Tract 9658, Windsor County, Vermont","1","1","0"
"1000000US500279658001084","Block 1084, Block Group 1, Census Tract 9658, Windsor County, Vermont","0","0","0"
"1000000US500279658001085","Block 1085, Block Group 1, Census Tract 9658, Windsor County, Vermont","0","0","0"
"1000000US500279658001086","Block 1086, Block Group 1, Census Tract 9658, Windsor County, Vermont","0","0","0"
"1000000US500279658002000","Block 2000, Block Group 2, Census Tract 9658, Windsor County, Vermont","0","0","0"
"1000000US500279658002001","Block 2001, Block Group 2, Census Tract 9658, Windsor County, Vermont","0","0","0"
"1000000US500279658002002","Block 2002, Block Group 2, Census Tract 9658, Windsor County, Vermont","2","1","1"
"1000000US500279658002003","Block 2003, Block Group 2, Census Tract 9658, Windsor County, Vermont","0","0","0"
"1000000US500279658002004","Block 2004, Block Group 2, Census Tract 9658, Windsor County, Vermont","0","0","0"
"1000000US500279658002005","Block 2005, Block Group 2, Census Tract 9658, Windsor County, Vermont","0","0","0"
"1000000US500279658002006","Block 2006, Block Group 2, Census Tract 9658, Windsor County, Vermont","12","10","2"
"1000000US500279658002007","Block 2007, Block Group 2, Census Tract 9658, Windsor County, Vermont","0","0","0"
"1000000US500279658002008","Block 2008, Block Group 2, Census Tract 9658, Windsor County, Vermont","0","0","0"
"1000000US500279658002009","Block 2009, Block Group 2, Census Tract 9658, Windsor County, Vermont","0","0","0"
"1000000US500279658002010","Block 2010, Block Group 2, Census Tract 9658, Windsor County, Vermont","0","0","0"
"1000000US500279658002011","Block 2011, Block Group 2, Census Tract 9658, Windsor County, Vermont","2","1","1"
"1000000US500279658002012","Block 2012, Block Group 2, Census Tract 9658, Windsor County, Vermont","14","11","3"
"1000000US500279658002013","Block 2013, Block Group 2, Census Tract 9658, Windsor County, Vermont","0","0","0"
"1000000US500279658002014","Block 2014, Block Group 2, Census Tract 9658, Windsor County, Vermont","0","0","0"
"1000000US500279658002015","Block 2015, Block Group 2, Census Tract 9658, Windsor County, Vermont","4","4","0"
"1000000US500279658002016","Block 2016, Block Group 2, Census Tract 9658, Windsor County, Vermont","21","19","2"
"1000000US500279658002017","Block 2017, Block Group 2, Census Tract 9658, Windsor County, Vermont","0","0","0"
"1000000US500279658002018","Block 2018, Block Group 2, Census Tract 9658, Windsor County, Vermont","0","0","0"
"1000000US500279658002019","Block 2019, Block Group 2, Census Tract 9658, Windsor County, Vermont","11","7","4"
"1000000US500279658002020","Block 2020, Block Group 2, Census Tract 9658, Windsor County, Vermont","13","10","3"
"1000000US500279658002021","Block 2021, Block Group 2, Census Tract 9658, Windsor County, Vermont","2","2","0"
"1000000US500279658002022","Block 2022, Block Group 2, Census Tract 9658, Windsor County, Vermont","4","4","0"
"1000000US500279658002023","Block 2023, Block Group 2, Census Tract 9658, Windsor County, Vermont","2","1","1"
"1000000US500279658002024","Block 2024, Block Group 2, Census Tract 9658, Windsor County, Vermont","49","39","10"
"1000000US500279658002025","Block 2025, Block Group 2, Census Tract 9658, Windsor County, Vermont","7","7","0"
"1000000US500279658002026","Block 2026, Block Group 2, Census Tract 9658, Windsor County, Vermont","4","4","0"
"1000000US500279658002027","Block 2027, Block Group 2, Census Tract 9658, Windsor County, Vermont","0","0","0"
"1000000US500279658002028","Block 2028, Block Group 2, Census Tract 9658, Windsor County, Vermont","1","1","0"
"1000000US500279658002029","Block 2029, Block Group 2, Census Tract 9658, Windsor County, Vermont","6","5","1"
"1000000US500279658002030","Block 2030, Block Group 2, Census Tract 9658, Windsor County, Vermont","0","0","0"
"1000000US500279658002031","Block 2031, Block Group 2, Census Tract 9658, Windsor County, Vermont","0","0","0"
"1000000US500279658002032","Block 2032, Block Group 2, Census Tract 9658, Windsor County, Vermont","0","0","0"
"1000000US500279658002033","Block 2033, Block Group 2, Census Tract 9658, Windsor County, Vermont","1","1","0"
"1000000US500279658002034","Block 2034, Block Group 2, Census Tract 9658, Windsor County, Vermont","0","0","0"
"1000000US500279658002035","Block 2035, Block Group 2, Census Tract 9658, Windsor County, Vermont","47","35","12"
"1000000US500279658002036","Block 2036, Block Group 2, Census Tract 9658, Windsor County, Vermont","16","10","6"
"1000000US500279658002037","Block 2037, Block Group 2, Census Tract 9658, Windsor County, Vermont","24","17","7"
"1000000US500279658002038","Block 2038, Block Group 2, Census Tract 9658, Windsor County, Vermont","1","1","0"
"1000000US500279658002039","Block 2039, Block Group 2, Census Tract 9658, Windsor County, Vermont","0","0","0"
"1000000US500279658002040","Block 2040, Block Group 2, Census Tract 9658, Windsor County, Vermont","5","3","2"
"1000000US500279658002041","Block 2041, Block Group 2, Census Tract 9658, Windsor County, Vermont","1","0","1"
"1000000US500279658002042","Block 2042, Block Group 2, Census Tract 9658, Windsor County, Vermont","8","4","4"
"1000000US500279658002043","Block 2043, Block Group 2, Census Tract 9658, Windsor County, Vermont","0","0","0"
"1000000US500279658002044","Block 2044, Block Group 2, Census Tract 9658, Windsor County, Vermont","0","0","0"
"1000000US500279658002045","Block 2045, Block Group 2, Census Tract 9658, Windsor County, Vermont","0","0","0"
"1000000US500279658002046","Block 2046, Block Group 2, Census Tract 9658, Windsor County, Vermont","0","0","0"
"1000000US500279658002047","Block 2047, Block Group 2, Census Tract 9658, Windsor County, Vermont","0","0","0"
"1000000US500279658002048","Block 2048, Block Group 2, Census Tract 9658, Windsor County, Vermont","1","0","1"
"1000000US500279658002049","Block 2049, Block Group 2, Census Tract 9658, Windsor County, Vermont","39","36","3"
"1000000US500279658002050","Block 2050, Block Group 2, Census Tract 9658, Windsor County, Vermont","15","13","2"
"1000000US500279658002051","Block 2051, Block Group 2, Census Tract 9658, Windsor County, Vermont","7","5","2"
"1000000US500279658002052","Block 2052, Block Group 2, Census Tract 9658, Windsor County, Vermont","1","1","0"
"1000000US500279658002053","Block 2053, Block Group 2, Census Tract 9658, Windsor County, Vermont","6","5","1"
"1000000US500279658002054","Block 2054, Block Group 2, Census Tract 9658, Windsor County, Vermont","18","13","5"
"1000000US500279658002055","Block 2055, Block Group 2, Census Tract 9658, Windsor County, Vermont","9","3","6"
"1000000US500279658002056","Block 2056, Block Group 2, Census Tract 9658, Windsor County, Vermont","0","0","0"
"1000000US500279658002057","Block 2057, Block Group 2, Census Tract 9658, Windsor County, Vermont","0","0","0"
"1000000US500279658002058","Block 2058, Block Group 2, Census Tract 9658, Windsor County, Vermont","8","4","4"
"1000000US500279658002059","Block 2059, Block Group 2, Census Tract 9658, Windsor County, Vermont","0","0","0"
"1000000US500279658002060","Block 2060, Block Group 2, Census Tract 9658, Windsor County, Vermont","3","2","1"
"1000000US500279658002061","Block 2061, Block Group 2, Census Tract 9658, Windsor County, Vermont","0","0","0"
"1000000US500279658002062","Block 2062, Block Group 2, Census Tract 9658, Windsor County, Vermont","5","4","1"
"1000000US500279658002063","Block 2063, Block Group 2, Census Tract 9658, Windsor County, Vermont","7","5","2"
"1000000US500279658002064","Block 2064, Block Group 2, Census Tract 9658, Windsor County, Vermont","13","8","5"
"1000000US500279658002065","Block 2065, Block Group 2, Census Tract 9658, Windsor County, Vermont","0","0","0"
"1000000US500279658002066","Block 2066, Block Group 2, Census Tract 9658, Windsor County, Vermont","0","0","0"
"1000000US500279658002067","Block 2067, Block Group 2, Census Tract 9658, Windsor County, Vermont","2","1","1"
"1000000US500279658002068","Block 2068, Block Group 2, Census Tract 9658, Windsor County, Vermont","15","7","8"
"1000000US500279658002069","Block 2069, Block Group 2, Census Tract 9658, Windsor County, Vermont","0","0","0"
"1000000US500279658002070","Block 2070, Block Group 2, Census Tract 9658, Windsor County, Vermont","20","15","5"
"1000000US500279658002071","Block 2071, Block Group 2, Census Tract 9658, Windsor County, Vermont","60","51","9"
"1000000US500279658002072","Block 2072, Block Group 2, Census Tract 9658, Windsor County, Vermont","2","1","1"
"1000000US500279658002073","Block 2073, Block Group 2, Census Tract 9658, Windsor County, Vermont","31","29","2"
"1000000US500279658002074","Block 2074, Block Group 2, Census Tract 9658, Windsor County, Vermont","12","11","1"
"1000000US500279658002075","Block 2075, Block Group 2, Census Tract 9658, Windsor County, Vermont","13","10","3"
"1000000US500279658002076","Block 2076, Block Group 2, Census Tract 9658, Windsor County, Vermont","0","0","0"
"1000000US500279658002077","Block 2077, Block Group 2, Census Tract 9658, Windsor County, Vermont","2","0","2"
"1000000US500279658002078","Block 2078, Block Group 2, Census Tract 9658, Windsor County, Vermont","13","7","6"
"1000000US500279658002079","Block 2079, Block Group 2, Census Tract 9658, Windsor County, Vermont","21","18","3"
"1000000US500279658002080","Block 2080, Block Group 2, Census Tract 9658, Windsor County, Vermont","27","21","6"
"1000000US500279658002081","Block 2081, Block Group 2, Census Tract 9658, Windsor County, Vermont","1","0","1"
"1000000US500279658002082","Block 2082, Block Group 2, Census Tract 9658, Windsor County, Vermont","13","9","4"
"1000000US500279658002083","Block 2083, Block Group 2, Census Tract 9658, Windsor County, Vermont","99","79","20"
"1000000US500279658002084","Block 2084, Block Group 2, Census Tract 9658, Windsor County, Vermont","2","0","2"
"1000000US500279658002085","Block 2085, Block Group 2, Census Tract 9658, Windsor County, Vermont","2","2","0"
"1000000US500279658002086","Block 2086, Block Group 2, Census Tract 9658, Windsor County, Vermont","41","33","8"
"1000000US500279658002087","Block 2087, Block Group 2, Census Tract 9658, Windsor County, Vermont","4","3","1"
"1000000US500279658002088","Block 2088, Block Group 2, Census Tract 9658, Windsor County, Vermont","6","4","2"
"1000000US500279658002089","Block 2089, Block Group 2, Census Tract 9658, Windsor County, Vermont","8","8","0"
"1000000US500279658002090","Block 2090, Block Group 2, Census Tract 9658, Windsor County, Vermont","3","3","0"
"1000000US500279658002091","Block 2091, Block Group 2, Census Tract 9658, Windsor County, Vermont","0","0","0"
"1000000US500279658002092","Block 2092, Block Group 2, Census Tract 9658, Windsor County, Vermont","6","5","1"
"1000000US500279658002093","Block 2093, Block Group 2, Census Tract 9658, Windsor County, Vermont","91","75","16"
"1000000US500279658002094","Block 2094, Block Group 2, Census Tract 9658, Windsor County, Vermont","1","0","1"
"1000000US500279658002095","Block 2095, Block Group 2, Census Tract 9658, Windsor County, Vermont","8","4","4"
"1000000US500279658002096","Block 2096, Block Group 2, Census Tract 9658, Windsor County, Vermont","0","0","0"
"1000000US500279658002097","Block 2097, Block Group 2, Census Tract 9658, Windsor County, Vermont","2","2","0"
"1000000US500279658002098","Block 2098, Block Group 2, Census Tract 9658, Windsor County, Vermont","0","0","0"
"1000000US500279658002099","Block 2099, Block Group 2, Census Tract 9658, Windsor County, Vermont","2","1","1"
"1000000US500279658002100","Block 2100, Block Group 2, Census Tract 9658, Windsor County, Vermont","0","0","0"
"1000000US500279658002101","Block 2101, Block Group 2, Census Tract 9658, Windsor County, Vermont","30","22","8"
"1000000US500279658002102","Block 2102, Block Group 2, Census Tract 9658, Windsor County, Vermont","52","32","20"
"1000000US500279658002103","Block 2103, Block Group 2, Census Tract 9658, Windsor County, Vermont","18","14","4"
"1000000US500279658002104","Block 2104, Block Group 2, Census Tract 9658, Windsor County, Vermont","5","5","0"
"1000000US500279658002105","Block 2105, Block Group 2, Census Tract 9658, Windsor County, Vermont","29","9","20"
"1000000US500279658002106","Block 2106, Block Group 2, Census Tract 9658, Windsor County, Vermont","5","2","3"
"1000000US500279658002107","Block 2107, Block Group 2, Census Tract 9658, Windsor County, Vermont","2","2","0"
"1000000US500279658002108","Block 2108, Block Group 2, Census Tract 9658, Windsor County, Vermont","1","1","0"
"1000000US500279658002109","Block 2109, Block Group 2, Census Tract 9658, Windsor County, Vermont","1","1","0"
"1000000US500279658002110","Block 2110, Block Group 2, Census Tract 9658, Windsor County, Vermont","11","11","0"
"1000000US500279658002111","Block 2111, Block Group 2, Census Tract 9658, Windsor County, Vermont","4","4","0"
"1000000US500279658002112","Block 2112, Block Group 2, Census Tract 9658, Windsor County, Vermont","0","0","0"
"1000000US500279658002113","Block 2113, Block Group 2, Census Tract 9658, Windsor County, Vermont","0","0","0"
"1000000US500279658002114","Block 2114, Block Group 2, Census Tract 9658, Windsor County, Vermont","44","30","14"
"1000000US500279658002115","Block 2115, Block Group 2, Census Tract 9658, Windsor County, Vermont","0","0","0"
"1000000US500279658002116","Block 2116, Block Group 2, Census Tract 9658, Windsor County, Vermont","16","16","0"
"1000000US500279658002117","Block 2117, Block Group 2, Census Tract 9658, Windsor County, Vermont","5","4","1"
"1000000US500279658002118","Block 2118, Block Group 2, Census Tract 9658, Windsor County, Vermont","0","0","0"
"1000000US500279658002119","Block 2119, Block Group 2, Census Tract 9658, Windsor County, Vermont","4","3","1"
"1000000US500279658002120","Block 2120, Block Group 2, Census Tract 9658, Windsor County, Vermont","0","0","0"
"1000000US500279658002121","Block 2121, Block Group 2, Census Tract 9658, Windsor County, Vermont","7","5","2"
"1000000US500279658002122","Block 2122, Block Group 2, Census Tract 9658, Windsor County, Vermont","8","6","2"
"1000000US500279658002123","Block 2123, Block Group 2, Census Tract 9658, Windsor County, Vermont","2","0","2"
"1000000US500279658002124","Block 2124, Block Group 2, Census Tract 9658, Windsor County, Vermont","29","17","12"
"1000000US500279658002125","Block 2125, Block Group 2, Census Tract 9658, Windsor County, Vermont","0","0","0"
"1000000US500279658002126","Block 2126, Block Group 2, Census Tract 9658, Windsor County, Vermont","1","0","1"
"1000000US500279658002127","Block 2127, Block Group 2, Census Tract 9658, Windsor County, Vermont","2","1","1"
"1000000US500279658002128","Block 2128, Block Group 2, Census Tract 9658, Windsor County, Vermont","3","1","2"
"1000000US500279658002129","Block 2129, Block Group 2, Census Tract 9658, Windsor County, Vermont","0","0","0"
"1000000US500279658002130","Block 2130, Block Group 2, Census Tract 9658, Windsor County, Vermont","0","0","0"
"1000000US500279658002131","Block 2131, Block Group 2, Census Tract 9658, Windsor County, Vermont","2","1","1"
"1000000US500279658002132","Block 2132, Block Group 2, Census Tract 9658, Windsor County, Vermont","10","7","3"
"1000000US500279658002133","Block 2133, Block Group 2, Census Tract 9658, Windsor County, Vermont","5","4","1"
"1000000US500279658002134","Block 2134, Block Group 2, Census Tract 9658, Windsor County, Vermont","0","0","0"
"1000000US500279658002135","Block 2135, Block Group 2, Census Tract 9658, Windsor County, Vermont","8","6","2"
"1000000US500279658002136","Block 2136, Block Group 2, Census Tract 9658, Windsor County, Vermont","0","0","0"
"1000000US500279658002137","Block 2137, Block Group 2, Census Tract 9658, Windsor County, Vermont","4","1","3"
"1000000US500279658002138","Block 2138, Block Group 2, Census Tract 9658, Windsor County, Vermont","0","0","0"
"1000000US500279658002139","Block 2139, Block Group 2, Census Tract 9658, Windsor County, Vermont","2","1","1"
"1000000US500279658002140","Block 2140, Block Group 2, Census Tract 9658, Windsor County, Vermont","2","1","1"
"1000000US500279658002141","Block 2141, Block Group 2, Census Tract 9658, Windsor County, Vermont","2","2","0"
"1000000US500279658002142","Block 2142, Block Group 2, Census Tract 9658, Windsor County, Vermont","15","13","2"
"1000000US500279659001000","Block 1000, Block Group 1, Census Tract 9659, Windsor County, Vermont","5","3","2"
"1000000US500279659001001","Block 1001, Block Group 1, Census Tract 9659, Windsor County, Vermont","62","27","35"
"1000000US500279659001002","Block 1002, Block Group 1, Census Tract 9659, Windsor County, Vermont","0","0","0"
"1000000US500279659001003","Block 1003, Block Group 1, Census Tract 9659, Windsor County, Vermont","0","0","0"
"1000000US500279659001004","Block 1004, Block Group 1, Census Tract 9659, Windsor County, Vermont","0","0","0"
"1000000US500279659001005","Block 1005, Block Group 1, Census Tract 9659, Windsor County, Vermont","0","0","0"
"1000000US500279659001006","Block 1006, Block Group 1, Census Tract 9659, Windsor County, Vermont","0","0","0"
"1000000US500279659001007","Block 1007, Block Group 1, Census Tract 9659, Windsor County, Vermont","0","0","0"
"1000000US500279659001008","Block 1008, Block Group 1, Census Tract 9659, Windsor County, Vermont","0","0","0"
"1000000US500279659001009","Block 1009, Block Group 1, Census Tract 9659, Windsor County, Vermont","3","0","3"
"1000000US500279659001010","Block 1010, Block Group 1, Census Tract 9659, Windsor County, Vermont","1","0","1"
"1000000US500279659001011","Block 1011, Block Group 1, Census Tract 9659, Windsor County, Vermont","110","55","55"
"1000000US500279659001012","Block 1012, Block Group 1, Census Tract 9659, Windsor County, Vermont","22","10","12"
"1000000US500279659001013","Block 1013, Block Group 1, Census Tract 9659, Windsor County, Vermont","2","1","1"
"1000000US500279659001014","Block 1014, Block Group 1, Census Tract 9659, Windsor County, Vermont","3","2","1"
"1000000US500279659001015","Block 1015, Block Group 1, Census Tract 9659, Windsor County, Vermont","4","2","2"
"1000000US500279659001016","Block 1016, Block Group 1, Census Tract 9659, Windsor County, Vermont","2","1","1"
"1000000US500279659001017","Block 1017, Block Group 1, Census Tract 9659, Windsor County, Vermont","3","3","0"
"1000000US500279659001018","Block 1018, Block Group 1, Census Tract 9659, Windsor County, Vermont","4","2","2"
"1000000US500279659001019","Block 1019, Block Group 1, Census Tract 9659, Windsor County, Vermont","1","1","0"
"1000000US500279659001020","Block 1020, Block Group 1, Census Tract 9659, Windsor County, Vermont","6","3","3"
"1000000US500279659001021","Block 1021, Block Group 1, Census Tract 9659, Windsor County, Vermont","34","15","19"
"1000000US500279659001022","Block 1022, Block Group 1, Census Tract 9659, Windsor County, Vermont","3","2","1"
"1000000US500279659001023","Block 1023, Block Group 1, Census Tract 9659, Windsor County, Vermont","0","0","0"
"1000000US500279659001024","Block 1024, Block Group 1, Census Tract 9659, Windsor County, Vermont","0","0","0"
"1000000US500279659001025","Block 1025, Block Group 1, Census Tract 9659, Windsor County, Vermont","0","0","0"
"1000000US500279659001026","Block 1026, Block Group 1, Census Tract 9659, Windsor County, Vermont","0","0","0"
"1000000US500279659001027","Block 1027, Block Group 1, Census Tract 9659, Windsor County, Vermont","1","1","0"
"1000000US500279659001028","Block 1028, Block Group 1, Census Tract 9659, Windsor County, Vermont","1","0","1"
"1000000US500279659001029","Block 1029, Block Group 1, Census Tract 9659, Windsor County, Vermont","82","61","21"
"1000000US500279659001030","Block 1030, Block Group 1, Census Tract 9659, Windsor County, Vermont","0","0","0"
"1000000US500279659001031","Block 1031, Block Group 1, Census Tract 9659, Windsor County, Vermont","5","5","0"
"1000000US500279659001032","Block 1032, Block Group 1, Census Tract 9659, Windsor County, Vermont","0","0","0"
"1000000US500279659001033","Block 1033, Block Group 1, Census Tract 9659, Windsor County, Vermont","0","0","0"
"1000000US500279659001034","Block 1034, Block Group 1, Census Tract 9659, Windsor County, Vermont","3","1","2"
"1000000US500279659001035","Block 1035, Block Group 1, Census Tract 9659, Windsor County, Vermont","3","3","0"
"1000000US500279659001036","Block 1036, Block Group 1, Census Tract 9659, Windsor County, Vermont","7","7","0"
"1000000US500279659001037","Block 1037, Block Group 1, Census Tract 9659, Windsor County, Vermont","0","0","0"
"1000000US500279659001038","Block 1038, Block Group 1, Census Tract 9659, Windsor County, Vermont","0","0","0"
"1000000US500279659001039","Block 1039, Block Group 1, Census Tract 9659, Windsor County, Vermont","0","0","0"
"1000000US500279659001040","Block 1040, Block Group 1, Census Tract 9659, Windsor County, Vermont","0","0","0"
"1000000US500279659001041","Block 1041, Block Group 1, Census Tract 9659, Windsor County, Vermont","59","37","22"
"1000000US500279659001042","Block 1042, Block Group 1, Census Tract 9659, Windsor County, Vermont","0","0","0"
"1000000US500279659001043","Block 1043, Block Group 1, Census Tract 9659, Windsor County, Vermont","0","0","0"
"1000000US500279659001044","Block 1044, Block Group 1, Census Tract 9659, Windsor County, Vermont","0","0","0"
"1000000US500279659001045","Block 1045, Block Group 1, Census Tract 9659, Windsor County, Vermont","0","0","0"
"1000000US500279659001046","Block 1046, Block Group 1, Census Tract 9659, Windsor County, Vermont","0","0","0"
"1000000US500279659001047","Block 1047, Block Group 1, Census Tract 9659, Windsor County, Vermont","4","3","1"
"1000000US500279659001048","Block 1048, Block Group 1, Census Tract 9659, Windsor County, Vermont","3","3","0"
"1000000US500279659001049","Block 1049, Block Group 1, Census Tract 9659, Windsor County, Vermont","4","3","1"
"1000000US500279659001050","Block 1050, Block Group 1, Census Tract 9659, Windsor County, Vermont","0","0","0"
"1000000US500279659001051","Block 1051, Block Group 1, Census Tract 9659, Windsor County, Vermont","0","0","0"
"1000000US500279659001052","Block 1052, Block Group 1, Census Tract 9659, Windsor County, Vermont","0","0","0"
"1000000US500279659001053","Block 1053, Block Group 1, Census Tract 9659, Windsor County, Vermont","16","14","2"
"1000000US500279659001054","Block 1054, Block Group 1, Census Tract 9659, Windsor County, Vermont","4","3","1"
"1000000US500279659001055","Block 1055, Block Group 1, Census Tract 9659, Windsor County, Vermont","26","22","4"
"1000000US500279659001056","Block 1056, Block Group 1, Census Tract 9659, Windsor County, Vermont","0","0","0"
"1000000US500279659001057","Block 1057, Block Group 1, Census Tract 9659, Windsor County, Vermont","0","0","0"
"1000000US500279659001058","Block 1058, Block Group 1, Census Tract 9659, Windsor County, Vermont","21","14","7"
"1000000US500279659001059","Block 1059, Block Group 1, Census Tract 9659, Windsor County, Vermont","4","3","1"
"1000000US500279659001060","Block 1060, Block Group 1, Census Tract 9659, Windsor County, Vermont","0","0","0"
"1000000US500279659001061","Block 1061, Block Group 1, Census Tract 9659, Windsor County, Vermont","3","2","1"
"1000000US500279659001062","Block 1062, Block Group 1, Census Tract 9659, Windsor County, Vermont","0","0","0"
"1000000US500279659001063","Block 1063, Block Group 1, Census Tract 9659, Windsor County, Vermont","0","0","0"
"1000000US500279659001064","Block 1064, Block Group 1, Census Tract 9659, Windsor County, Vermont","0","0","0"
"1000000US500279659001065","Block 1065, Block Group 1, Census Tract 9659, Windsor County, Vermont","0","0","0"
"1000000US500279659001066","Block 1066, Block Group 1, Census Tract 9659, Windsor County, Vermont","0","0","0"
"1000000US500279659001067","Block 1067, Block Group 1, Census Tract 9659, Windsor County, Vermont","0","0","0"
"1000000US500279659001068","Block 1068, Block Group 1, Census Tract 9659, Windsor County, Vermont","2","2","0"
"1000000US500279659001069","Block 1069, Block Group 1, Census Tract 9659, Windsor County, Vermont","37","30","7"
"1000000US500279659001070","Block 1070, Block Group 1, Census Tract 9659, Windsor County, Vermont","0","0","0"
"1000000US500279659001071","Block 1071, Block Group 1, Census Tract 9659, Windsor County, Vermont","17","11","6"
"1000000US500279659001072","Block 1072, Block Group 1, Census Tract 9659, Windsor County, Vermont","7","3","4"
"1000000US500279659001073","Block 1073, Block Group 1, Census Tract 9659, Windsor County, Vermont","0","0","0"
"1000000US500279659001074","Block 1074, Block Group 1, Census Tract 9659, Windsor County, Vermont","16","14","2"
"1000000US500279659001075","Block 1075, Block Group 1, Census Tract 9659, Windsor County, Vermont","20","9","11"
"1000000US500279659001076","Block 1076, Block Group 1, Census Tract 9659, Windsor County, Vermont","47","38","9"
"1000000US500279659001077","Block 1077, Block Group 1, Census Tract 9659, Windsor County, Vermont","1","1","0"
"1000000US500279659001078","Block 1078, Block Group 1, Census Tract 9659, Windsor County, Vermont","2","1","1"
"1000000US500279659001079","Block 1079, Block Group 1, Census Tract 9659, Windsor County, Vermont","2","2","0"
"1000000US500279659001080","Block 1080, Block Group 1, Census Tract 9659, Windsor County, Vermont","1","1","0"
"1000000US500279659001081","Block 1081, Block Group 1, Census Tract 9659, Windsor County, Vermont","1","0","1"
"1000000US500279659001082","Block 1082, Block Group 1, Census Tract 9659, Windsor County, Vermont","5","2","3"
"1000000US500279659001083","Block 1083, Block Group 1, Census Tract 9659, Windsor County, Vermont","0","0","0"
"1000000US500279659001084","Block 1084, Block Group 1, Census Tract 9659, Windsor County, Vermont","1","1","0"
"1000000US500279659001085","Block 1085, Block Group 1, Census Tract 9659, Windsor County, Vermont","0","0","0"
"1000000US500279659001086","Block 1086, Block Group 1, Census Tract 9659, Windsor County, Vermont","14","4","10"
"1000000US500279659001087","Block 1087, Block Group 1, Census Tract 9659, Windsor County, Vermont","4","3","1"
"1000000US500279659001088","Block 1088, Block Group 1, Census Tract 9659, Windsor County, Vermont","0","0","0"
"1000000US500279659001089","Block 1089, Block Group 1, Census Tract 9659, Windsor County, Vermont","0","0","0"
"1000000US500279659001090","Block 1090, Block Group 1, Census Tract 9659, Windsor County, Vermont","0","0","0"
"1000000US500279659001091","Block 1091, Block Group 1, Census Tract 9659, Windsor County, Vermont","0","0","0"
"1000000US500279659002000","Block 2000, Block Group 2, Census Tract 9659, Windsor County, Vermont","11","4","7"
"1000000US500279659002001","Block 2001, Block Group 2, Census Tract 9659, Windsor County, Vermont","2","2","0"
"1000000US500279659002002","Block 2002, Block Group 2, Census Tract 9659, Windsor County, Vermont","20","9","11"
"1000000US500279659002003","Block 2003, Block Group 2, Census Tract 9659, Windsor County, Vermont","1","0","1"
"1000000US500279659002004","Block 2004, Block Group 2, Census Tract 9659, Windsor County, Vermont","1","1","0"
"1000000US500279659002005","Block 2005, Block Group 2, Census Tract 9659, Windsor County, Vermont","0","0","0"
"1000000US500279659002006","Block 2006, Block Group 2, Census Tract 9659, Windsor County, Vermont","0","0","0"
"1000000US500279659002007","Block 2007, Block Group 2, Census Tract 9659, Windsor County, Vermont","2","1","1"
"1000000US500279659002008","Block 2008, Block Group 2, Census Tract 9659, Windsor County, Vermont","0","0","0"
"1000000US500279659002009","Block 2009, Block Group 2, Census Tract 9659, Windsor County, Vermont","0","0","0"
"1000000US500279659002010","Block 2010, Block Group 2, Census Tract 9659, Windsor County, Vermont","0","0","0"
"1000000US500279659002011","Block 2011, Block Group 2, Census Tract 9659, Windsor County, Vermont","1","1","0"
"1000000US500279659002012","Block 2012, Block Group 2, Census Tract 9659, Windsor County, Vermont","0","0","0"
"1000000US500279659002013","Block 2013, Block Group 2, Census Tract 9659, Windsor County, Vermont","0","0","0"
"1000000US500279659002014","Block 2014, Block Group 2, Census Tract 9659, Windsor County, Vermont","0","0","0"
"1000000US500279659002015","Block 2015, Block Group 2, Census Tract 9659, Windsor County, Vermont","4","3","1"
"1000000US500279659002016","Block 2016, Block Group 2, Census Tract 9659, Windsor County, Vermont","2","1","1"
"1000000US500279659002017","Block 2017, Block Group 2, Census Tract 9659, Windsor County, Vermont","63","31","32"
"1000000US500279659002018","Block 2018, Block Group 2, Census Tract 9659, Windsor County, Vermont","0","0","0"
"1000000US500279659002019","Block 2019, Block Group 2, Census Tract 9659, Windsor County, Vermont","0","0","0"
"1000000US500279659002020","Block 2020, Block Group 2, Census Tract 9659, Windsor County, Vermont","0","0","0"
"1000000US500279659002021","Block 2021, Block Group 2, Census Tract 9659, Windsor County, Vermont","16","7","9"
"1000000US500279659002022","Block 2022, Block Group 2, Census Tract 9659, Windsor County, Vermont","0","0","0"
"1000000US500279659002023","Block 2023, Block Group 2, Census Tract 9659, Windsor County, Vermont","1","0","1"
"1000000US500279659002024","Block 2024, Block Group 2, Census Tract 9659, Windsor County, Vermont","1","1","0"
"1000000US500279659002025","Block 2025, Block Group 2, Census Tract 9659, Windsor County, Vermont","0","0","0"
"1000000US500279659002026","Block 2026, Block Group 2, Census Tract 9659, Windsor County, Vermont","1","1","0"
"1000000US500279659002027","Block 2027, Block Group 2, Census Tract 9659, Windsor County, Vermont","0","0","0"
"1000000US500279659002028","Block 2028, Block Group 2, Census Tract 9659, Windsor County, Vermont","9","4","5"
"1000000US500279659002029","Block 2029, Block Group 2, Census Tract 9659, Windsor County, Vermont","6","1","5"
"1000000US500279659002030","Block 2030, Block Group 2, Census Tract 9659, Windsor County, Vermont","16","6","10"
"1000000US500279659002031","Block 2031, Block Group 2, Census Tract 9659, Windsor County, Vermont","18","7","11"
"1000000US500279659002032","Block 2032, Block Group 2, Census Tract 9659, Windsor County, Vermont","0","0","0"
"1000000US500279659002033","Block 2033, Block Group 2, Census Tract 9659, Windsor County, Vermont","0","0","0"
"1000000US500279659002034","Block 2034, Block Group 2, Census Tract 9659, Windsor County, Vermont","0","0","0"
"1000000US500279659002035","Block 2035, Block Group 2, Census Tract 9659, Windsor County, Vermont","2","2","0"
"1000000US500279659002036","Block 2036, Block Group 2, Census Tract 9659, Windsor County, Vermont","0","0","0"
"1000000US500279659002037","Block 2037, Block Group 2, Census Tract 9659, Windsor County, Vermont","0","0","0"
"1000000US500279659002038","Block 2038, Block Group 2, Census Tract 9659, Windsor County, Vermont","2","0","2"
"1000000US500279659002039","Block 2039, Block Group 2, Census Tract 9659, Windsor County, Vermont","0","0","0"
"1000000US500279659002040","Block 2040, Block Group 2, Census Tract 9659, Windsor County, Vermont","15","10","5"
"1000000US500279659002041","Block 2041, Block Group 2, Census Tract 9659, Windsor County, Vermont","0","0","0"
"1000000US500279659002042","Block 2042, Block Group 2, Census Tract 9659, Windsor County, Vermont","183","32","151"
"1000000US500279659002043","Block 2043, Block Group 2, Census Tract 9659, Windsor County, Vermont","0","0","0"
"1000000US500279659002044","Block 2044, Block Group 2, Census Tract 9659, Windsor County, Vermont","4","3","1"
"1000000US500279659002045","Block 2045, Block Group 2, Census Tract 9659, Windsor County, Vermont","0","0","0"
"1000000US500279659002046","Block 2046, Block Group 2, Census Tract 9659, Windsor County, Vermont","0","0","0"
"1000000US500279659002047","Block 2047, Block Group 2, Census Tract 9659, Windsor County, Vermont","0","0","0"
"1000000US500279659002048","Block 2048, Block Group 2, Census Tract 9659, Windsor County, Vermont","0","0","0"
"1000000US500279659002049","Block 2049, Block Group 2, Census Tract 9659, Windsor County, Vermont","1","0","1"
"1000000US500279659002050","Block 2050, Block Group 2, Census Tract 9659, Windsor County, Vermont","0","0","0"
"1000000US500279659002051","Block 2051, Block Group 2, Census Tract 9659, Windsor County, Vermont","0","0","0"
"1000000US500279659002052","Block 2052, Block Group 2, Census Tract 9659, Windsor County, Vermont","2","1","1"
"1000000US500279659002053","Block 2053, Block Group 2, Census Tract 9659, Windsor County, Vermont","3","1","2"
"1000000US500279659002054","Block 2054, Block Group 2, Census Tract 9659, Windsor County, Vermont","5","3","2"
"1000000US500279659002055","Block 2055, Block Group 2, Census Tract 9659, Windsor County, Vermont","2","2","0"
"1000000US500279659002056","Block 2056, Block Group 2, Census Tract 9659, Windsor County, Vermont","2","1","1"
"1000000US500279659002057","Block 2057, Block Group 2, Census Tract 9659, Windsor County, Vermont","3","1","2"
"1000000US500279659002058","Block 2058, Block Group 2, Census Tract 9659, Windsor County, Vermont","116","25","91"
"1000000US500279659002059","Block 2059, Block Group 2, Census Tract 9659, Windsor County, Vermont","5","1","4"
"1000000US500279659002060","Block 2060, Block Group 2, Census Tract 9659, Windsor County, Vermont","0","0","0"
"1000000US500279659002061","Block 2061, Block Group 2, Census Tract 9659, Windsor County, Vermont","4","2","2"
"1000000US500279659002062","Block 2062, Block Group 2, Census Tract 9659, Windsor County, Vermont","5","3","2"
"1000000US500279659002063","Block 2063, Block Group 2, Census Tract 9659, Windsor County, Vermont","1","0","1"
"1000000US500279659002064","Block 2064, Block Group 2, Census Tract 9659, Windsor County, Vermont","0","0","0"
"1000000US500279659002065","Block 2065, Block Group 2, Census Tract 9659, Windsor County, Vermont","2","1","1"
"1000000US500279659002066","Block 2066, Block Group 2, Census Tract 9659, Windsor County, Vermont","13","2","11"
"1000000US500279659002067","Block 2067, Block Group 2, Census Tract 9659, Windsor County, Vermont","0","0","0"
"1000000US500279659002068","Block 2068, Block Group 2, Census Tract 9659, Windsor County, Vermont","0","0","0"
"1000000US500279659002069","Block 2069, Block Group 2, Census Tract 9659, Windsor County, Vermont","3","1","2"
"1000000US500279659002070","Block 2070, Block Group 2, Census Tract 9659, Windsor County, Vermont","2","0","2"
"1000000US500279659002071","Block 2071, Block Group 2, Census Tract 9659, Windsor County, Vermont","9","3","6"
"1000000US500279659002072","Block 2072, Block Group 2, Census Tract 9659, Windsor County, Vermont","0","0","0"
"1000000US500279659002073","Block 2073, Block Group 2, Census Tract 9659, Windsor County, Vermont","0","0","0"
"1000000US500279659002074","Block 2074, Block Group 2, Census Tract 9659, Windsor County, Vermont","0","0","0"
"1000000US500279659002075","Block 2075, Block Group 2, Census Tract 9659, Windsor County, Vermont","0","0","0"
"1000000US500279659002076","Block 2076, Block Group 2, Census Tract 9659, Windsor County, Vermont","0","0","0"
"1000000US500279659002077","Block 2077, Block Group 2, Census Tract 9659, Windsor County, Vermont","0","0","0"
"1000000US500279659002078","Block 2078, Block Group 2, Census Tract 9659, Windsor County, Vermont","1","0","1"
"1000000US500279659002079","Block 2079, Block Group 2, Census Tract 9659, Windsor County, Vermont","58","27","31"
"1000000US500279659002080","Block 2080, Block Group 2, Census Tract 9659, Windsor County, Vermont","1","0","1"
"1000000US500279659002081","Block 2081, Block Group 2, Census Tract 9659, Windsor County, Vermont","10","3","7"
"1000000US500279659002082","Block 2082, Block Group 2, Census Tract 9659, Windsor County, Vermont","0","0","0"
"1000000US500279659002083","Block 2083, Block Group 2, Census Tract 9659, Windsor County, Vermont","9","2","7"
"1000000US500279659002084","Block 2084, Block Group 2, Census Tract 9659, Windsor County, Vermont","0","0","0"
"1000000US500279659002085","Block 2085, Block Group 2, Census Tract 9659, Windsor County, Vermont","0","0","0"
"1000000US500279659002086","Block 2086, Block Group 2, Census Tract 9659, Windsor County, Vermont","0","0","0"
"1000000US500279659002087","Block 2087, Block Group 2, Census Tract 9659, Windsor County, Vermont","9","2","7"
"1000000US500279659002088","Block 2088, Block Group 2, Census Tract 9659, Windsor County, Vermont","0","0","0"
"1000000US500279659002089","Block 2089, Block Group 2, Census Tract 9659, Windsor County, Vermont","0","0","0"
"1000000US500279659002090","Block 2090, Block Group 2, Census Tract 9659, Windsor County, Vermont","13","3","10"
"1000000US500279659002091","Block 2091, Block Group 2, Census Tract 9659, Windsor County, Vermont","0","0","0"
"1000000US500279659002092","Block 2092, Block Group 2, Census Tract 9659, Windsor County, Vermont","0","0","0"
"1000000US500279659002093","Block 2093, Block Group 2, Census Tract 9659, Windsor County, Vermont","0","0","0"
"1000000US500279659002094","Block 2094, Block Group 2, Census Tract 9659, Windsor County, Vermont","3","0","3"
"1000000US500279659002095","Block 2095, Block Group 2, Census Tract 9659, Windsor County, Vermont","0","0","0"
"1000000US500279659002096","Block 2096, Block Group 2, Census Tract 9659, Windsor County, Vermont","0","0","0"
"1000000US500279659002097","Block 2097, Block Group 2, Census Tract 9659, Windsor County, Vermont","17","11","6"
"1000000US500279659002098","Block 2098, Block Group 2, Census Tract 9659, Windsor County, Vermont","0","0","0"
"1000000US500279659002099","Block 2099, Block Group 2, Census Tract 9659, Windsor County, Vermont","2","2","0"
"1000000US500279659002100","Block 2100, Block Group 2, Census Tract 9659, Windsor County, Vermont","0","0","0"
"1000000US500279659002101","Block 2101, Block Group 2, Census Tract 9659, Windsor County, Vermont","66","11","55"
"1000000US500279659002102","Block 2102, Block Group 2, Census Tract 9659, Windsor County, Vermont","0","0","0"
"1000000US500279659002103","Block 2103, Block Group 2, Census Tract 9659, Windsor County, Vermont","32","21","11"
"1000000US500279659002104","Block 2104, Block Group 2, Census Tract 9659, Windsor County, Vermont","3","2","1"
"1000000US500279659002105","Block 2105, Block Group 2, Census Tract 9659, Windsor County, Vermont","4","0","4"
"1000000US500279659002106","Block 2106, Block Group 2, Census Tract 9659, Windsor County, Vermont","0","0","0"
"1000000US500279659002107","Block 2107, Block Group 2, Census Tract 9659, Windsor County, Vermont","29","12","17"
"1000000US500279659002108","Block 2108, Block Group 2, Census Tract 9659, Windsor County, Vermont","13","6","7"
"1000000US500279659002109","Block 2109, Block Group 2, Census Tract 9659, Windsor County, Vermont","2","2","0"
"1000000US500279659002110","Block 2110, Block Group 2, Census Tract 9659, Windsor County, Vermont","0","0","0"
"1000000US500279659002111","Block 2111, Block Group 2, Census Tract 9659, Windsor County, Vermont","0","0","0"
"1000000US500279659002112","Block 2112, Block Group 2, Census Tract 9659, Windsor County, Vermont","9","0","9"
"1000000US500279659002113","Block 2113, Block Group 2, Census Tract 9659, Windsor County, Vermont","3","0","3"
"1000000US500279659002114","Block 2114, Block Group 2, Census Tract 9659, Windsor County, Vermont","3","2","1"
"1000000US500279659002115","Block 2115, Block Group 2, Census Tract 9659, Windsor County, Vermont","0","0","0"
"1000000US500279659002116","Block 2116, Block Group 2, Census Tract 9659, Windsor County, Vermont","4","2","2"
"1000000US500279659002117","Block 2117, Block Group 2, Census Tract 9659, Windsor County, Vermont","0","0","0"
"1000000US500279659002118","Block 2118, Block Group 2, Census Tract 9659, Windsor County, Vermont","0","0","0"
"1000000US500279659002119","Block 2119, Block Group 2, Census Tract 9659, Windsor County, Vermont","0","0","0"
"1000000US500279659002120","Block 2120, Block Group 2, Census Tract 9659, Windsor County, Vermont","8","4","4"
"1000000US500279659002121","Block 2121, Block Group 2, Census Tract 9659, Windsor County, Vermont","0","0","0"
"1000000US500279659002122","Block 2122, Block Group 2, Census Tract 9659, Windsor County, Vermont","6","4","2"
"1000000US500279659002123","Block 2123, Block Group 2, Census Tract 9659, Windsor County, Vermont","0","0","0"
"1000000US500279659002124","Block 2124, Block Group 2, Census Tract 9659, Windsor County, Vermont","0","0","0"
"1000000US500279659002125","Block 2125, Block Group 2, Census Tract 9659, Windsor County, Vermont","0","0","0"
"1000000US500279659002126","Block 2126, Block Group 2, Census Tract 9659, Windsor County, Vermont","0","0","0"
"1000000US500279659002127","Block 2127, Block Group 2, Census Tract 9659, Windsor County, Vermont","0","0","0"
"1000000US500279659003000","Block 3000, Block Group 3, Census Tract 9659, Windsor County, Vermont","8","1","7"
"1000000US500279659003001","Block 3001, Block Group 3, Census Tract 9659, Windsor County, Vermont","35","25","10"
"1000000US500279659003002","Block 3002, Block Group 3, Census Tract 9659, Windsor County, Vermont","0","0","0"
"1000000US500279659003003","Block 3003, Block Group 3, Census Tract 9659, Windsor County, Vermont","0","0","0"
"1000000US500279659003004","Block 3004, Block Group 3, Census Tract 9659, Windsor County, Vermont","0","0","0"
"1000000US500279659003005","Block 3005, Block Group 3, Census Tract 9659, Windsor County, Vermont","0","0","0"
"1000000US500279659003006","Block 3006, Block Group 3, Census Tract 9659, Windsor County, Vermont","3","1","2"
"1000000US500279659003007","Block 3007, Block Group 3, Census Tract 9659, Windsor County, Vermont","8","2","6"
"1000000US500279659003008","Block 3008, Block Group 3, Census Tract 9659, Windsor County, Vermont","1","0","1"
"1000000US500279659003009","Block 3009, Block Group 3, Census Tract 9659, Windsor County, Vermont","0","0","0"
"1000000US500279659003010","Block 3010, Block Group 3, Census Tract 9659, Windsor County, Vermont","0","0","0"
"1000000US500279659003011","Block 3011, Block Group 3, Census Tract 9659, Windsor County, Vermont","0","0","0"
"1000000US500279659003012","Block 3012, Block Group 3, Census Tract 9659, Windsor County, Vermont","0","0","0"
"1000000US500279659003013","Block 3013, Block Group 3, Census Tract 9659, Windsor County, Vermont","11","7","4"
"1000000US500279659003014","Block 3014, Block Group 3, Census Tract 9659, Windsor County, Vermont","1","1","0"
"1000000US500279659003015","Block 3015, Block Group 3, Census Tract 9659, Windsor County, Vermont","5","3","2"
"1000000US500279659003016","Block 3016, Block Group 3, Census Tract 9659, Windsor County, Vermont","0","0","0"
"1000000US500279659003017","Block 3017, Block Group 3, Census Tract 9659, Windsor County, Vermont","1","1","0"
"1000000US500279659003018","Block 3018, Block Group 3, Census Tract 9659, Windsor County, Vermont","5","2","3"
"1000000US500279659003019","Block 3019, Block Group 3, Census Tract 9659, Windsor County, Vermont","0","0","0"
"1000000US500279659003020","Block 3020, Block Group 3, Census Tract 9659, Windsor County, Vermont","21","15","6"
"1000000US500279659003021","Block 3021, Block Group 3, Census Tract 9659, Windsor County, Vermont","1","1","0"
"1000000US500279659003022","Block 3022, Block Group 3, Census Tract 9659, Windsor County, Vermont","0","0","0"
"1000000US500279659003023","Block 3023, Block Group 3, Census Tract 9659, Windsor County, Vermont","0","0","0"
"1000000US500279659003024","Block 3024, Block Group 3, Census Tract 9659, Windsor County, Vermont","0","0","0"
"1000000US500279659003025","Block 3025, Block Group 3, Census Tract 9659, Windsor County, Vermont","1","0","1"
"1000000US500279659003026","Block 3026, Block Group 3, Census Tract 9659, Windsor County, Vermont","6","6","0"
"1000000US500279659003027","Block 3027, Block Group 3, Census Tract 9659, Windsor County, Vermont","1","1","0"
"1000000US500279659003028","Block 3028, Block Group 3, Census Tract 9659, Windsor County, Vermont","0","0","0"
"1000000US500279659003029","Block 3029, Block Group 3, Census Tract 9659, Windsor County, Vermont","68","49","19"
"1000000US500279659003030","Block 3030, Block Group 3, Census Tract 9659, Windsor County, Vermont","4","4","0"
"1000000US500279659003031","Block 3031, Block Group 3, Census Tract 9659, Windsor County, Vermont","0","0","0"
"1000000US500279659003032","Block 3032, Block Group 3, Census Tract 9659, Windsor County, Vermont","52","36","16"
"1000000US500279659003033","Block 3033, Block Group 3, Census Tract 9659, Windsor County, Vermont","3","2","1"
"1000000US500279659003034","Block 3034, Block Group 3, Census Tract 9659, Windsor County, Vermont","11","3","8"
"1000000US500279659003035","Block 3035, Block Group 3, Census Tract 9659, Windsor County, Vermont","0","0","0"
"1000000US500279659003036","Block 3036, Block Group 3, Census Tract 9659, Windsor County, Vermont","6","1","5"
"1000000US500279659003037","Block 3037, Block Group 3, Census Tract 9659, Windsor County, Vermont","0","0","0"
"1000000US500279659003038","Block 3038, Block Group 3, Census Tract 9659, Windsor County, Vermont","0","0","0"
"1000000US500279659003039","Block 3039, Block Group 3, Census Tract 9659, Windsor County, Vermont","0","0","0"
"1000000US500279659003040","Block 3040, Block Group 3, Census Tract 9659, Windsor County, Vermont","0","0","0"
"1000000US500279659003041","Block 3041, Block Group 3, Census Tract 9659, Windsor County, Vermont","0","0","0"
"1000000US500279659003042","Block 3042, Block Group 3, Census Tract 9659, Windsor County, Vermont","0","0","0"
"1000000US500279659003043","Block 3043, Block Group 3, Census Tract 9659, Windsor County, Vermont","12","7","5"
"1000000US500279659003044","Block 3044, Block Group 3, Census Tract 9659, Windsor County, Vermont","1","0","1"
"1000000US500279659003045","Block 3045, Block Group 3, Census Tract 9659, Windsor County, Vermont","4","0","4"
"1000000US500279659003046","Block 3046, Block Group 3, Census Tract 9659, Windsor County, Vermont","10","3","7"
"1000000US500279659003047","Block 3047, Block Group 3, Census Tract 9659, Windsor County, Vermont","4","3","1"
"1000000US500279659003048","Block 3048, Block Group 3, Census Tract 9659, Windsor County, Vermont","0","0","0"
"1000000US500279659003049","Block 3049, Block Group 3, Census Tract 9659, Windsor County, Vermont","0","0","0"
"1000000US500279659003050","Block 3050, Block Group 3, Census Tract 9659, Windsor County, Vermont","0","0","0"
"1000000US500279659003051","Block 3051, Block Group 3, Census Tract 9659, Windsor County, Vermont","0","0","0"
"1000000US500279659003052","Block 3052, Block Group 3, Census Tract 9659, Windsor County, Vermont","4","4","0"
"1000000US500279659003053","Block 3053, Block Group 3, Census Tract 9659, Windsor County, Vermont","0","0","0"
"1000000US500279659003054","Block 3054, Block Group 3, Census Tract 9659, Windsor County, Vermont","18","10","8"
"1000000US500279659003055","Block 3055, Block Group 3, Census Tract 9659, Windsor County, Vermont","1","1","0"
"1000000US500279659003056","Block 3056, Block Group 3, Census Tract 9659, Windsor County, Vermont","0","0","0"
"1000000US500279659003057","Block 3057, Block Group 3, Census Tract 9659, Windsor County, Vermont","4","2","2"
"1000000US500279659003058","Block 3058, Block Group 3, Census Tract 9659, Windsor County, Vermont","8","4","4"
"1000000US500279659003059","Block 3059, Block Group 3, Census Tract 9659, Windsor County, Vermont","0","0","0"
"1000000US500279659003060","Block 3060, Block Group 3, Census Tract 9659, Windsor County, Vermont","5","2","3"
"1000000US500279659003061","Block 3061, Block Group 3, Census Tract 9659, Windsor County, Vermont","7","3","4"
"1000000US500279659003062","Block 3062, Block Group 3, Census Tract 9659, Windsor County, Vermont","0","0","0"
"1000000US500279659003063","Block 3063, Block Group 3, Census Tract 9659, Windsor County, Vermont","0","0","0"
"1000000US500279659003064","Block 3064, Block Group 3, Census Tract 9659, Windsor County, Vermont","0","0","0"
"1000000US500279659003065","Block 3065, Block Group 3, Census Tract 9659, Windsor County, Vermont","6","3","3"
"1000000US500279659003066","Block 3066, Block Group 3, Census Tract 9659, Windsor County, Vermont","2","1","1"
"1000000US500279659003067","Block 3067, Block Group 3, Census Tract 9659, Windsor County, Vermont","4","4","0"
"1000000US500279659003068","Block 3068, Block Group 3, Census Tract 9659, Windsor County, Vermont","6","5","1"
"1000000US500279659003069","Block 3069, Block Group 3, Census Tract 9659, Windsor County, Vermont","1","0","1"
"1000000US500279659003070","Block 3070, Block Group 3, Census Tract 9659, Windsor County, Vermont","2","1","1"
"1000000US500279659003071","Block 3071, Block Group 3, Census Tract 9659, Windsor County, Vermont","8","6","2"
"1000000US500279659003072","Block 3072, Block Group 3, Census Tract 9659, Windsor County, Vermont","12","8","4"
"1000000US500279659003073","Block 3073, Block Group 3, Census Tract 9659, Windsor County, Vermont","0","0","0"
"1000000US500279659003074","Block 3074, Block Group 3, Census Tract 9659, Windsor County, Vermont","1","1","0"
"1000000US500279659003075","Block 3075, Block Group 3, Census Tract 9659, Windsor County, Vermont","3","3","0"
"1000000US500279659003076","Block 3076, Block Group 3, Census Tract 9659, Windsor County, Vermont","0","0","0"
"1000000US500279659003077","Block 3077, Block Group 3, Census Tract 9659, Windsor County, Vermont","8","6","2"
"1000000US500279659003078","Block 3078, Block Group 3, Census Tract 9659, Windsor County, Vermont","0","0","0"
"1000000US500279659003079","Block 3079, Block Group 3, Census Tract 9659, Windsor County, Vermont","0","0","0"
"1000000US500279659003080","Block 3080, Block Group 3, Census Tract 9659, Windsor County, Vermont","7","6","1"
"1000000US500279659003081","Block 3081, Block Group 3, Census Tract 9659, Windsor County, Vermont","0","0","0"
"1000000US500279659003082","Block 3082, Block Group 3, Census Tract 9659, Windsor County, Vermont","0","0","0"
"1000000US500279659003083","Block 3083, Block Group 3, Census Tract 9659, Windsor County, Vermont","1","1","0"
"1000000US500279659003084","Block 3084, Block Group 3, Census Tract 9659, Windsor County, Vermont","21","17","4"
"1000000US500279659003085","Block 3085, Block Group 3, Census Tract 9659, Windsor County, Vermont","6","1","5"
"1000000US500279659003086","Block 3086, Block Group 3, Census Tract 9659, Windsor County, Vermont","1","1","0"
"1000000US500279659003087","Block 3087, Block Group 3, Census Tract 9659, Windsor County, Vermont","2","2","0"
"1000000US500279659003088","Block 3088, Block Group 3, Census Tract 9659, Windsor County, Vermont","1","1","0"
"1000000US500279659003089","Block 3089, Block Group 3, Census Tract 9659, Windsor County, Vermont","0","0","0"
"1000000US500279659003090","Block 3090, Block Group 3, Census Tract 9659, Windsor County, Vermont","7","7","0"
"1000000US500279659003091","Block 3091, Block Group 3, Census Tract 9659, Windsor County, Vermont","2","2","0"
"1000000US500279659003092","Block 3092, Block Group 3, Census Tract 9659, Windsor County, Vermont","0","0","0"
"1000000US500279659003093","Block 3093, Block Group 3, Census Tract 9659, Windsor County, Vermont","11","10","1"
"1000000US500279659003094","Block 3094, Block Group 3, Census Tract 9659, Windsor County, Vermont","6","4","2"
"1000000US500279659003095","Block 3095, Block Group 3, Census Tract 9659, Windsor County, Vermont","0","0","0"
"1000000US500279659003096","Block 3096, Block Group 3, Census Tract 9659, Windsor County, Vermont","0","0","0"
"1000000US500279659004000","Block 4000, Block Group 4, Census Tract 9659, Windsor County, Vermont","4","4","0"
"1000000US500279659004001","Block 4001, Block Group 4, Census Tract 9659, Windsor County, Vermont","0","0","0"
"1000000US500279659004002","Block 4002, Block Group 4, Census Tract 9659, Windsor County, Vermont","4","2","2"
"1000000US500279659004003","Block 4003, Block Group 4, Census Tract 9659, Windsor County, Vermont","0","0","0"
"1000000US500279659004004","Block 4004, Block Group 4, Census Tract 9659, Windsor County, Vermont","0","0","0"
"1000000US500279659004005","Block 4005, Block Group 4, Census Tract 9659, Windsor County, Vermont","18","13","5"
"1000000US500279659004006","Block 4006, Block Group 4, Census Tract 9659, Windsor County, Vermont","0","0","0"
"1000000US500279659004007","Block 4007, Block Group 4, Census Tract 9659, Windsor County, Vermont","20","13","7"
"1000000US500279659004008","Block 4008, Block Group 4, Census Tract 9659, Windsor County, Vermont","0","0","0"
"1000000US500279659004009","Block 4009, Block Group 4, Census Tract 9659, Windsor County, Vermont","2","2","0"
"1000000US500279659004010","Block 4010, Block Group 4, Census Tract 9659, Windsor County, Vermont","1","1","0"
"1000000US500279659004011","Block 4011, Block Group 4, Census Tract 9659, Windsor County, Vermont","1","0","1"
"1000000US500279659004012","Block 4012, Block Group 4, Census Tract 9659, Windsor County, Vermont","12","8","4"
"1000000US500279659004013","Block 4013, Block Group 4, Census Tract 9659, Windsor County, Vermont","0","0","0"
"1000000US500279659004014","Block 4014, Block Group 4, Census Tract 9659, Windsor County, Vermont","10","6","4"
"1000000US500279659004015","Block 4015, Block Group 4, Census Tract 9659, Windsor County, Vermont","0","0","0"
"1000000US500279659004016","Block 4016, Block Group 4, Census Tract 9659, Windsor County, Vermont","5","3","2"
"1000000US500279659004017","Block 4017, Block Group 4, Census Tract 9659, Windsor County, Vermont","11","6","5"
"1000000US500279659004018","Block 4018, Block Group 4, Census Tract 9659, Windsor County, Vermont","11","9","2"
"1000000US500279659004019","Block 4019, Block Group 4, Census Tract 9659, Windsor County, Vermont","1","1","0"
"1000000US500279659004020","Block 4020, Block Group 4, Census Tract 9659, Windsor County, Vermont","12","11","1"
"1000000US500279659004021","Block 4021, Block Group 4, Census Tract 9659, Windsor County, Vermont","0","0","0"
"1000000US500279659004022","Block 4022, Block Group 4, Census Tract 9659, Windsor County, Vermont","1","1","0"
"1000000US500279659004023","Block 4023, Block Group 4, Census Tract 9659, Windsor County, Vermont","0","0","0"
"1000000US500279659004024","Block 4024, Block Group 4, Census Tract 9659, Windsor County, Vermont","29","17","12"
"1000000US500279659004025","Block 4025, Block Group 4, Census Tract 9659, Windsor County, Vermont","5","4","1"
"1000000US500279659004026","Block 4026, Block Group 4, Census Tract 9659, Windsor County, Vermont","0","0","0"
"1000000US500279659004027","Block 4027, Block Group 4, Census Tract 9659, Windsor County, Vermont","0","0","0"
"1000000US500279659004028","Block 4028, Block Group 4, Census Tract 9659, Windsor County, Vermont","36","28","8"
"1000000US500279659004029","Block 4029, Block Group 4, Census Tract 9659, Windsor County, Vermont","0","0","0"
"1000000US500279659004030","Block 4030, Block Group 4, Census Tract 9659, Windsor County, Vermont","0","0","0"
"1000000US500279659004031","Block 4031, Block Group 4, Census Tract 9659, Windsor County, Vermont","0","0","0"
"1000000US500279659004032","Block 4032, Block Group 4, Census Tract 9659, Windsor County, Vermont","4","4","0"
"1000000US500279659004033","Block 4033, Block Group 4, Census Tract 9659, Windsor County, Vermont","20","16","4"
"1000000US500279659004034","Block 4034, Block Group 4, Census Tract 9659, Windsor County, Vermont","18","16","2"
"1000000US500279659004035","Block 4035, Block Group 4, Census Tract 9659, Windsor County, Vermont","19","16","3"
"1000000US500279659004036","Block 4036, Block Group 4, Census Tract 9659, Windsor County, Vermont","0","0","0"
"1000000US500279659004037","Block 4037, Block Group 4, Census Tract 9659, Windsor County, Vermont","19","16","3"
"1000000US500279659004038","Block 4038, Block Group 4, Census Tract 9659, Windsor County, Vermont","0","0","0"
"1000000US500279659004039","Block 4039, Block Group 4, Census Tract 9659, Windsor County, Vermont","3","3","0"
"1000000US500279659004040","Block 4040, Block Group 4, Census Tract 9659, Windsor County, Vermont","3","2","1"
"1000000US500279659004041","Block 4041, Block Group 4, Census Tract 9659, Windsor County, Vermont","1","0","1"
"1000000US500279659004042","Block 4042, Block Group 4, Census Tract 9659, Windsor County, Vermont","8","8","0"
"1000000US500279659004043","Block 4043, Block Group 4, Census Tract 9659, Windsor County, Vermont","65","52","13"
"1000000US500279659004044","Block 4044, Block Group 4, Census Tract 9659, Windsor County, Vermont","1","1","0"
"1000000US500279659004045","Block 4045, Block Group 4, Census Tract 9659, Windsor County, Vermont","1","0","1"
"1000000US500279659004046","Block 4046, Block Group 4, Census Tract 9659, Windsor County, Vermont","13","8","5"
"1000000US500279659004047","Block 4047, Block Group 4, Census Tract 9659, Windsor County, Vermont","0","0","0"
"1000000US500279659004048","Block 4048, Block Group 4, Census Tract 9659, Windsor County, Vermont","89","66","23"
"1000000US500279659004049","Block 4049, Block Group 4, Census Tract 9659, Windsor County, Vermont","0","0","0"
"1000000US500279659004050","Block 4050, Block Group 4, Census Tract 9659, Windsor County, Vermont","0","0","0"
"1000000US500279659004051","Block 4051, Block Group 4, Census Tract 9659, Windsor County, Vermont","0","0","0"
"1000000US500279659004052","Block 4052, Block Group 4, Census Tract 9659, Windsor County, Vermont","4","3","1"
"1000000US500279659004053","Block 4053, Block Group 4, Census Tract 9659, Windsor County, Vermont","0","0","0"
"1000000US500279659004054","Block 4054, Block Group 4, Census Tract 9659, Windsor County, Vermont","0","0","0"
"1000000US500279659004055","Block 4055, Block Group 4, Census Tract 9659, Windsor County, Vermont","4","1","3"
"1000000US500279659004056","Block 4056, Block Group 4, Census Tract 9659, Windsor County, Vermont","23","11","12"
"1000000US500279659004057","Block 4057, Block Group 4, Census Tract 9659, Windsor County, Vermont","0","0","0"
"1000000US500279659004058","Block 4058, Block Group 4, Census Tract 9659, Windsor County, Vermont","0","0","0"
"1000000US500279659004059","Block 4059, Block Group 4, Census Tract 9659, Windsor County, Vermont","3","1","2"
"1000000US500279659004060","Block 4060, Block Group 4, Census Tract 9659, Windsor County, Vermont","0","0","0"
"1000000US500279659004061","Block 4061, Block Group 4, Census Tract 9659, Windsor County, Vermont","24","16","8"
"1000000US500279659004062","Block 4062, Block Group 4, Census Tract 9659, Windsor County, Vermont","0","0","0"
"1000000US500279659004063","Block 4063, Block Group 4, Census Tract 9659, Windsor County, Vermont","13","10","3"
"1000000US500279659004064","Block 4064, Block Group 4, Census Tract 9659, Windsor County, Vermont","1","0","1"
"1000000US500279659004065","Block 4065, Block Group 4, Census Tract 9659, Windsor County, Vermont","0","0","0"
"1000000US500279659004066","Block 4066, Block Group 4, Census Tract 9659, Windsor County, Vermont","4","3","1"
"1000000US500279659004067","Block 4067, Block Group 4, Census Tract 9659, Windsor County, Vermont","1","1","0"
"1000000US500279659004068","Block 4068, Block Group 4, Census Tract 9659, Windsor County, Vermont","0","0","0"
"1000000US500279659004069","Block 4069, Block Group 4, Census Tract 9659, Windsor County, Vermont","0","0","0"
"1000000US500279659004070","Block 4070, Block Group 4, Census Tract 9659, Windsor County, Vermont","3","3","0"
"1000000US500279659004071","Block 4071, Block Group 4, Census Tract 9659, Windsor County, Vermont","3","3","0"
"1000000US500279659004072","Block 4072, Block Group 4, Census Tract 9659, Windsor County, Vermont","5","3","2"
"1000000US500279659004073","Block 4073, Block Group 4, Census Tract 9659, Windsor County, Vermont","5","4","1"
"1000000US500279659004074","Block 4074, Block Group 4, Census Tract 9659, Windsor County, Vermont","209","73","136"
"1000000US500279659004075","Block 4075, Block Group 4, Census Tract 9659, Windsor County, Vermont","12","0","12"
"1000000US500279659004076","Block 4076, Block Group 4, Census Tract 9659, Windsor County, Vermont","2","1","1"
"1000000US500279659004077","Block 4077, Block Group 4, Census Tract 9659, Windsor County, Vermont","0","0","0"
"1000000US500279659004078","Block 4078, Block Group 4, Census Tract 9659, Windsor County, Vermont","1","1","0"
"1000000US500279659004079","Block 4079, Block Group 4, Census Tract 9659, Windsor County, Vermont","0","0","0"
"1000000US500279659004080","Block 4080, Block Group 4, Census Tract 9659, Windsor County, Vermont","0","0","0"
"1000000US500279659004081","Block 4081, Block Group 4, Census Tract 9659, Windsor County, Vermont","0","0","0"
"1000000US500279659004082","Block 4082, Block Group 4, Census Tract 9659, Windsor County, Vermont","0","0","0"
"1000000US500279659004083","Block 4083, Block Group 4, Census Tract 9659, Windsor County, Vermont","8","8","0"
"1000000US500279659004084","Block 4084, Block Group 4, Census Tract 9659, Windsor County, Vermont","3","2","1"
"1000000US500279659004085","Block 4085, Block Group 4, Census Tract 9659, Windsor County, Vermont","3","3","0"
"1000000US500279659004086","Block 4086, Block Group 4, Census Tract 9659, Windsor County, Vermont","0","0","0"
"1000000US500279659004087","Block 4087, Block Group 4, Census Tract 9659, Windsor County, Vermont","0","0","0"
"1000000US500279659004088","Block 4088, Block Group 4, Census Tract 9659, Windsor County, Vermont","0","0","0"
"1000000US500279659004089","Block 4089, Block Group 4, Census Tract 9659, Windsor County, Vermont","2","1","1"
"1000000US500279659004090","Block 4090, Block Group 4, Census Tract 9659, Windsor County, Vermont","2","1","1"
"1000000US500279659004091","Block 4091, Block Group 4, Census Tract 9659, Windsor County, Vermont","0","0","0"
"1000000US500279659004092","Block 4092, Block Group 4, Census Tract 9659, Windsor County, Vermont","0","0","0"
"1000000US500279659004093","Block 4093, Block Group 4, Census Tract 9659, Windsor County, Vermont","1","0","1"
"1000000US500279659004094","Block 4094, Block Group 4, Census Tract 9659, Windsor County, Vermont","0","0","0"
"1000000US500279659004095","Block 4095, Block Group 4, Census Tract 9659, Windsor County, Vermont","0","0","0"
"1000000US500279659004096","Block 4096, Block Group 4, Census Tract 9659, Windsor County, Vermont","1","1","0"
"1000000US500279659004097","Block 4097, Block Group 4, Census Tract 9659, Windsor County, Vermont","1","1","0"
"1000000US500279659004098","Block 4098, Block Group 4, Census Tract 9659, Windsor County, Vermont","0","0","0"
"1000000US500279659004099","Block 4099, Block Group 4, Census Tract 9659, Windsor County, Vermont","3","3","0"
"1000000US500279659004100","Block 4100, Block Group 4, Census Tract 9659, Windsor County, Vermont","4","3","1"
"1000000US500279659004101","Block 4101, Block Group 4, Census Tract 9659, Windsor County, Vermont","0","0","0"
"1000000US500279659004102","Block 4102, Block Group 4, Census Tract 9659, Windsor County, Vermont","6","4","2"
"1000000US500279659004103","Block 4103, Block Group 4, Census Tract 9659, Windsor County, Vermont","1","1","0"
"1000000US500279660001000","Block 1000, Block Group 1, Census Tract 9660, Windsor County, Vermont","3","2","1"
"1000000US500279660001001","Block 1001, Block Group 1, Census Tract 9660, Windsor County, Vermont","16","14","2"
"1000000US500279660001002","Block 1002, Block Group 1, Census Tract 9660, Windsor County, Vermont","4","4","0"
"1000000US500279660001003","Block 1003, Block Group 1, Census Tract 9660, Windsor County, Vermont","7","5","2"
"1000000US500279660001004","Block 1004, Block Group 1, Census Tract 9660, Windsor County, Vermont","3","3","0"
"1000000US500279660001005","Block 1005, Block Group 1, Census Tract 9660, Windsor County, Vermont","119","113","6"
"1000000US500279660001006","Block 1006, Block Group 1, Census Tract 9660, Windsor County, Vermont","6","5","1"
"1000000US500279660001007","Block 1007, Block Group 1, Census Tract 9660, Windsor County, Vermont","4","4","0"
"1000000US500279660001008","Block 1008, Block Group 1, Census Tract 9660, Windsor County, Vermont","16","15","1"
"1000000US500279660001009","Block 1009, Block Group 1, Census Tract 9660, Windsor County, Vermont","0","0","0"
"1000000US500279660001010","Block 1010, Block Group 1, Census Tract 9660, Windsor County, Vermont","4","3","1"
"1000000US500279660001011","Block 1011, Block Group 1, Census Tract 9660, Windsor County, Vermont","16","13","3"
"1000000US500279660001012","Block 1012, Block Group 1, Census Tract 9660, Windsor County, Vermont","9","9","0"
"1000000US500279660001013","Block 1013, Block Group 1, Census Tract 9660, Windsor County, Vermont","26","24","2"
"1000000US500279660001014","Block 1014, Block Group 1, Census Tract 9660, Windsor County, Vermont","0","0","0"
"1000000US500279660001015","Block 1015, Block Group 1, Census Tract 9660, Windsor County, Vermont","1","1","0"
"1000000US500279660001016","Block 1016, Block Group 1, Census Tract 9660, Windsor County, Vermont","28","24","4"
"1000000US500279660001017","Block 1017, Block Group 1, Census Tract 9660, Windsor County, Vermont","0","0","0"
"1000000US500279660001018","Block 1018, Block Group 1, Census Tract 9660, Windsor County, Vermont","1","1","0"
"1000000US500279660001019","Block 1019, Block Group 1, Census Tract 9660, Windsor County, Vermont","0","0","0"
"1000000US500279660001020","Block 1020, Block Group 1, Census Tract 9660, Windsor County, Vermont","0","0","0"
"1000000US500279660001021","Block 1021, Block Group 1, Census Tract 9660, Windsor County, Vermont","16","14","2"
"1000000US500279660001022","Block 1022, Block Group 1, Census Tract 9660, Windsor County, Vermont","0","0","0"
"1000000US500279660001023","Block 1023, Block Group 1, Census Tract 9660, Windsor County, Vermont","23","17","6"
"1000000US500279660001024","Block 1024, Block Group 1, Census Tract 9660, Windsor County, Vermont","14","9","5"
"1000000US500279660001025","Block 1025, Block Group 1, Census Tract 9660, Windsor County, Vermont","116","106","10"
"1000000US500279660001026","Block 1026, Block Group 1, Census Tract 9660, Windsor County, Vermont","0","0","0"
"1000000US500279660001027","Block 1027, Block Group 1, Census Tract 9660, Windsor County, Vermont","55","51","4"
"1000000US500279660001028","Block 1028, Block Group 1, Census Tract 9660, Windsor County, Vermont","0","0","0"
"1000000US500279660001029","Block 1029, Block Group 1, Census Tract 9660, Windsor County, Vermont","7","6","1"
"1000000US500279660001030","Block 1030, Block Group 1, Census Tract 9660, Windsor County, Vermont","0","0","0"
"1000000US500279660001031","Block 1031, Block Group 1, Census Tract 9660, Windsor County, Vermont","0","0","0"
"1000000US500279660001032","Block 1032, Block Group 1, Census Tract 9660, Windsor County, Vermont","0","0","0"
"1000000US500279660002000","Block 2000, Block Group 2, Census Tract 9660, Windsor County, Vermont","85","76","9"
"1000000US500279660002001","Block 2001, Block Group 2, Census Tract 9660, Windsor County, Vermont","30","27","3"
"1000000US500279660002002","Block 2002, Block Group 2, Census Tract 9660, Windsor County, Vermont","42","32","10"
"1000000US500279660002003","Block 2003, Block Group 2, Census Tract 9660, Windsor County, Vermont","0","0","0"
"1000000US500279660002004","Block 2004, Block Group 2, Census Tract 9660, Windsor County, Vermont","175","158","17"
"1000000US500279660002005","Block 2005, Block Group 2, Census Tract 9660, Windsor County, Vermont","0","0","0"
"1000000US500279660002006","Block 2006, Block Group 2, Census Tract 9660, Windsor County, Vermont","131","112","19"
"1000000US500279660002007","Block 2007, Block Group 2, Census Tract 9660, Windsor County, Vermont","22","19","3"
"1000000US500279660002008","Block 2008, Block Group 2, Census Tract 9660, Windsor County, Vermont","4","4","0"
"1000000US500279660002009","Block 2009, Block Group 2, Census Tract 9660, Windsor County, Vermont","0","0","0"
"1000000US500279660002010","Block 2010, Block Group 2, Census Tract 9660, Windsor County, Vermont","0","0","0"
"1000000US500279660002011","Block 2011, Block Group 2, Census Tract 9660, Windsor County, Vermont","1","1","0"
"1000000US500279660002012","Block 2012, Block Group 2, Census Tract 9660, Windsor County, Vermont","18","12","6"
"1000000US500279660002013","Block 2013, Block Group 2, Census Tract 9660, Windsor County, Vermont","9","8","1"
"1000000US500279660002014","Block 2014, Block Group 2, Census Tract 9660, Windsor County, Vermont","9","9","0"
"1000000US500279660002015","Block 2015, Block Group 2, Census Tract 9660, Windsor County, Vermont","13","12","1"
"1000000US500279660002016","Block 2016, Block Group 2, Census Tract 9660, Windsor County, Vermont","0","0","0"
"1000000US500279660002017","Block 2017, Block Group 2, Census Tract 9660, Windsor County, Vermont","8","6","2"
"1000000US500279660002018","Block 2018, Block Group 2, Census Tract 9660, Windsor County, Vermont","2","2","0"
"1000000US500279660002019","Block 2019, Block Group 2, Census Tract 9660, Windsor County, Vermont","0","0","0"
"1000000US500279660002020","Block 2020, Block Group 2, Census Tract 9660, Windsor County, Vermont","45","41","4"
"1000000US500279660002021","Block 2021, Block Group 2, Census Tract 9660, Windsor County, Vermont","2","2","0"
"1000000US500279660002022","Block 2022, Block Group 2, Census Tract 9660, Windsor County, Vermont","0","0","0"
"1000000US500279660002023","Block 2023, Block Group 2, Census Tract 9660, Windsor County, Vermont","17","13","4"
"1000000US500279660002024","Block 2024, Block Group 2, Census Tract 9660, Windsor County, Vermont","0","0","0"
"1000000US500279660002025","Block 2025, Block Group 2, Census Tract 9660, Windsor County, Vermont","0","0","0"
"1000000US500279660002026","Block 2026, Block Group 2, Census Tract 9660, Windsor County, Vermont","0","0","0"
"1000000US500279660002027","Block 2027, Block Group 2, Census Tract 9660, Windsor County, Vermont","0","0","0"
"1000000US500279660002028","Block 2028, Block Group 2, Census Tract 9660, Windsor County, Vermont","0","0","0"
"1000000US500279660002029","Block 2029, Block Group 2, Census Tract 9660, Windsor County, Vermont","15","14","1"
"1000000US500279660003000","Block 3000, Block Group 3, Census Tract 9660, Windsor County, Vermont","28","26","2"
"1000000US500279660003001","Block 3001, Block Group 3, Census Tract 9660, Windsor County, Vermont","0","0","0"
"1000000US500279660003002","Block 3002, Block Group 3, Census Tract 9660, Windsor County, Vermont","16","15","1"
"1000000US500279660003003","Block 3003, Block Group 3, Census Tract 9660, Windsor County, Vermont","5","5","0"
"1000000US500279660003004","Block 3004, Block Group 3, Census Tract 9660, Windsor County, Vermont","52","46","6"
"1000000US500279660003005","Block 3005, Block Group 3, Census Tract 9660, Windsor County, Vermont","17","15","2"
"1000000US500279660003006","Block 3006, Block Group 3, Census Tract 9660, Windsor County, Vermont","0","0","0"
"1000000US500279660003007","Block 3007, Block Group 3, Census Tract 9660, Windsor County, Vermont","60","56","4"
"1000000US500279660003008","Block 3008, Block Group 3, Census Tract 9660, Windsor County, Vermont","23","18","5"
"1000000US500279660003009","Block 3009, Block Group 3, Census Tract 9660, Windsor County, Vermont","0","0","0"
"1000000US500279660003010","Block 3010, Block Group 3, Census Tract 9660, Windsor County, Vermont","0","0","0"
"1000000US500279660003011","Block 3011, Block Group 3, Census Tract 9660, Windsor County, Vermont","0","0","0"
"1000000US500279660003012","Block 3012, Block Group 3, Census Tract 9660, Windsor County, Vermont","0","0","0"
"1000000US500279660003013","Block 3013, Block Group 3, Census Tract 9660, Windsor County, Vermont","0","0","0"
"1000000US500279660003014","Block 3014, Block Group 3, Census Tract 9660, Windsor County, Vermont","0","0","0"
"1000000US500279660003015","Block 3015, Block Group 3, Census Tract 9660, Windsor County, Vermont","21","21","0"
"1000000US500279660003016","Block 3016, Block Group 3, Census Tract 9660, Windsor County, Vermont","2","1","1"
"1000000US500279660003017","Block 3017, Block Group 3, Census Tract 9660, Windsor County, Vermont","42","39","3"
"1000000US500279660003018","Block 3018, Block Group 3, Census Tract 9660, Windsor County, Vermont","4","4","0"
"1000000US500279660003019","Block 3019, Block Group 3, Census Tract 9660, Windsor County, Vermont","9","9","0"
"1000000US500279660003020","Block 3020, Block Group 3, Census Tract 9660, Windsor County, Vermont","0","0","0"
"1000000US500279660003021","Block 3021, Block Group 3, Census Tract 9660, Windsor County, Vermont","0","0","0"
"1000000US500279660003022","Block 3022, Block Group 3, Census Tract 9660, Windsor County, Vermont","51","22","29"
"1000000US500279660003023","Block 3023, Block Group 3, Census Tract 9660, Windsor County, Vermont","3","2","1"
"1000000US500279660003024","Block 3024, Block Group 3, Census Tract 9660, Windsor County, Vermont","0","0","0"
"1000000US500279660003025","Block 3025, Block Group 3, Census Tract 9660, Windsor County, Vermont","1","1","0"
"1000000US500279660003026","Block 3026, Block Group 3, Census Tract 9660, Windsor County, Vermont","0","0","0"
"1000000US500279660003027","Block 3027, Block Group 3, Census Tract 9660, Windsor County, Vermont","0","0","0"
"1000000US500279660003028","Block 3028, Block Group 3, Census Tract 9660, Windsor County, Vermont","2","2","0"
"1000000US500279660003029","Block 3029, Block Group 3, Census Tract 9660, Windsor County, Vermont","0","0","0"
"1000000US500279660003030","Block 3030, Block Group 3, Census Tract 9660, Windsor County, Vermont","0","0","0"
"1000000US500279660003031","Block 3031, Block Group 3, Census Tract 9660, Windsor County, Vermont","6","6","0"
"1000000US500279660003032","Block 3032, Block Group 3, Census Tract 9660, Windsor County, Vermont","0","0","0"
"1000000US500279660004000","Block 4000, Block Group 4, Census Tract 9660, Windsor County, Vermont","0","0","0"
"1000000US500279660004001","Block 4001, Block Group 4, Census Tract 9660, Windsor County, Vermont","1","1","0"
"1000000US500279660004002","Block 4002, Block Group 4, Census Tract 9660, Windsor County, Vermont","14","12","2"
"1000000US500279660004003","Block 4003, Block Group 4, Census Tract 9660, Windsor County, Vermont","0","0","0"
"1000000US500279660004004","Block 4004, Block Group 4, Census Tract 9660, Windsor County, Vermont","10","8","2"
"1000000US500279660004005","Block 4005, Block Group 4, Census Tract 9660, Windsor County, Vermont","0","0","0"
"1000000US500279660004006","Block 4006, Block Group 4, Census Tract 9660, Windsor County, Vermont","0","0","0"
"1000000US500279660004007","Block 4007, Block Group 4, Census Tract 9660, Windsor County, Vermont","0","0","0"
"1000000US500279660004008","Block 4008, Block Group 4, Census Tract 9660, Windsor County, Vermont","4","3","1"
"1000000US500279660004009","Block 4009, Block Group 4, Census Tract 9660, Windsor County, Vermont","0","0","0"
"1000000US500279660004010","Block 4010, Block Group 4, Census Tract 9660, Windsor County, Vermont","1","1","0"
"1000000US500279660004011","Block 4011, Block Group 4, Census Tract 9660, Windsor County, Vermont","1","0","1"
"1000000US500279660004012","Block 4012, Block Group 4, Census Tract 9660, Windsor County, Vermont","12","10","2"
"1000000US500279660004013","Block 4013, Block Group 4, Census Tract 9660, Windsor County, Vermont","0","0","0"
"1000000US500279660004014","Block 4014, Block Group 4, Census Tract 9660, Windsor County, Vermont","22","20","2"
"1000000US500279660004015","Block 4015, Block Group 4, Census Tract 9660, Windsor County, Vermont","0","0","0"
"1000000US500279660004016","Block 4016, Block Group 4, Census Tract 9660, Windsor County, Vermont","0","0","0"
"1000000US500279660004017","Block 4017, Block Group 4, Census Tract 9660, Windsor County, Vermont","0","0","0"
"1000000US500279660004018","Block 4018, Block Group 4, Census Tract 9660, Windsor County, Vermont","1","1","0"
"1000000US500279660004019","Block 4019, Block Group 4, Census Tract 9660, Windsor County, Vermont","0","0","0"
"1000000US500279660004020","Block 4020, Block Group 4, Census Tract 9660, Windsor County, Vermont","0","0","0"
"1000000US500279660004021","Block 4021, Block Group 4, Census Tract 9660, Windsor County, Vermont","13","10","3"
"1000000US500279660004022","Block 4022, Block Group 4, Census Tract 9660, Windsor County, Vermont","3","3","0"
"1000000US500279660004023","Block 4023, Block Group 4, Census Tract 9660, Windsor County, Vermont","1","1","0"
"1000000US500279660004024","Block 4024, Block Group 4, Census Tract 9660, Windsor County, Vermont","1","1","0"
"1000000US500279660004025","Block 4025, Block Group 4, Census Tract 9660, Windsor County, Vermont","1","1","0"
"1000000US500279660004026","Block 4026, Block Group 4, Census Tract 9660, Windsor County, Vermont","1","1","0"
"1000000US500279660004027","Block 4027, Block Group 4, Census Tract 9660, Windsor County, Vermont","23","17","6"
"1000000US500279660004028","Block 4028, Block Group 4, Census Tract 9660, Windsor County, Vermont","1","1","0"
"1000000US500279660004029","Block 4029, Block Group 4, Census Tract 9660, Windsor County, Vermont","0","0","0"
"1000000US500279660004030","Block 4030, Block Group 4, Census Tract 9660, Windsor County, Vermont","0","0","0"
"1000000US500279660004031","Block 4031, Block Group 4, Census Tract 9660, Windsor County, Vermont","0","0","0"
"1000000US500279660004032","Block 4032, Block Group 4, Census Tract 9660, Windsor County, Vermont","0","0","0"
"1000000US500279660004033","Block 4033, Block Group 4, Census Tract 9660, Windsor County, Vermont","0","0","0"
"1000000US500279660004034","Block 4034, Block Group 4, Census Tract 9660, Windsor County, Vermont","0","0","0"
"1000000US500279660004035","Block 4035, Block Group 4, Census Tract 9660, Windsor County, Vermont","0","0","0"
"1000000US500279660004036","Block 4036, Block Group 4, Census Tract 9660, Windsor County, Vermont","0","0","0"
"1000000US500279660004037","Block 4037, Block Group 4, Census Tract 9660, Windsor County, Vermont","0","0","0"
"1000000US500279660004038","Block 4038, Block Group 4, Census Tract 9660, Windsor County, Vermont","0","0","0"
"1000000US500279660004039","Block 4039, Block Group 4, Census Tract 9660, Windsor County, Vermont","20","15","5"
"1000000US500279660004040","Block 4040, Block Group 4, Census Tract 9660, Windsor County, Vermont","0","0","0"
"1000000US500279660004041","Block 4041, Block Group 4, Census Tract 9660, Windsor County, Vermont","0","0","0"
"1000000US500279660004042","Block 4042, Block Group 4, Census Tract 9660, Windsor County, Vermont","1","1","0"
"1000000US500279660004043","Block 4043, Block Group 4, Census Tract 9660, Windsor County, Vermont","0","0","0"
"1000000US500279660004044","Block 4044, Block Group 4, Census Tract 9660, Windsor County, Vermont","14","12","2"
"1000000US500279660004045","Block 4045, Block Group 4, Census Tract 9660, Windsor County, Vermont","5","5","0"
"1000000US500279660004046","Block 4046, Block Group 4, Census Tract 9660, Windsor County, Vermont","42","38","4"
"1000000US500279660004047","Block 4047, Block Group 4, Census Tract 9660, Windsor County, Vermont","13","10","3"
"1000000US500279660004048","Block 4048, Block Group 4, Census Tract 9660, Windsor County, Vermont","0","0","0"
"1000000US500279660004049","Block 4049, Block Group 4, Census Tract 9660, Windsor County, Vermont","0","0","0"
"1000000US500279660004050","Block 4050, Block Group 4, Census Tract 9660, Windsor County, Vermont","0","0","0"
"1000000US500279660004051","Block 4051, Block Group 4, Census Tract 9660, Windsor County, Vermont","7","7","0"
"1000000US500279660004052","Block 4052, Block Group 4, Census Tract 9660, Windsor County, Vermont","0","0","0"
"1000000US500279660004053","Block 4053, Block Group 4, Census Tract 9660, Windsor County, Vermont","0","0","0"
"1000000US500279660004054","Block 4054, Block Group 4, Census Tract 9660, Windsor County, Vermont","3","3","0"
"1000000US500279660004055","Block 4055, Block Group 4, Census Tract 9660, Windsor County, Vermont","0","0","0"
"1000000US500279660004056","Block 4056, Block Group 4, Census Tract 9660, Windsor County, Vermont","30","29","1"
"1000000US500279660004057","Block 4057, Block Group 4, Census Tract 9660, Windsor County, Vermont","0","0","0"
"1000000US500279660004058","Block 4058, Block Group 4, Census Tract 9660, Windsor County, Vermont","0","0","0"
"1000000US500279660004059","Block 4059, Block Group 4, Census Tract 9660, Windsor County, Vermont","1","0","1"
"1000000US500279660004060","Block 4060, Block Group 4, Census Tract 9660, Windsor County, Vermont","0","0","0"
"1000000US500279660004061","Block 4061, Block Group 4, Census Tract 9660, Windsor County, Vermont","0","0","0"
"1000000US500279660004062","Block 4062, Block Group 4, Census Tract 9660, Windsor County, Vermont","0","0","0"
"1000000US500279660004063","Block 4063, Block Group 4, Census Tract 9660, Windsor County, Vermont","0","0","0"
"1000000US500279660004064","Block 4064, Block Group 4, Census Tract 9660, Windsor County, Vermont","0","0","0"
"1000000US500279660004065","Block 4065, Block Group 4, Census Tract 9660, Windsor County, Vermont","0","0","0"
"1000000US500279660004066","Block 4066, Block Group 4, Census Tract 9660, Windsor County, Vermont","0","0","0"
"1000000US500279660004067","Block 4067, Block Group 4, Census Tract 9660, Windsor County, Vermont","0","0","0"
"1000000US500279660004068","Block 4068, Block Group 4, Census Tract 9660, Windsor County, Vermont","1","1","0"
"1000000US500279660004069","Block 4069, Block Group 4, Census Tract 9660, Windsor County, Vermont","1","1","0"
"1000000US500279660004070","Block 4070, Block Group 4, Census Tract 9660, Windsor County, Vermont","0","0","0"
"1000000US500279661001000","Block 1000, Block Group 1, Census Tract 9661, Windsor County, Vermont","43","43","0"
"1000000US500279661001001","Block 1001, Block Group 1, Census Tract 9661, Windsor County, Vermont","16","15","1"
"1000000US500279661001002","Block 1002, Block Group 1, Census Tract 9661, Windsor County, Vermont","6","5","1"
"1000000US500279661001003","Block 1003, Block Group 1, Census Tract 9661, Windsor County, Vermont","1","1","0"
"1000000US500279661001004","Block 1004, Block Group 1, Census Tract 9661, Windsor County, Vermont","64","52","12"
"1000000US500279661001005","Block 1005, Block Group 1, Census Tract 9661, Windsor County, Vermont","8","7","1"
"1000000US500279661001006","Block 1006, Block Group 1, Census Tract 9661, Windsor County, Vermont","0","0","0"
"1000000US500279661001007","Block 1007, Block Group 1, Census Tract 9661, Windsor County, Vermont","14","11","3"
"1000000US500279661001008","Block 1008, Block Group 1, Census Tract 9661, Windsor County, Vermont","0","0","0"
"1000000US500279661001009","Block 1009, Block Group 1, Census Tract 9661, Windsor County, Vermont","5","5","0"
"1000000US500279661001010","Block 1010, Block Group 1, Census Tract 9661, Windsor County, Vermont","4","4","0"
"1000000US500279661001011","Block 1011, Block Group 1, Census Tract 9661, Windsor County, Vermont","55","50","5"
"1000000US500279661001012","Block 1012, Block Group 1, Census Tract 9661, Windsor County, Vermont","3","3","0"
"1000000US500279661001013","Block 1013, Block Group 1, Census Tract 9661, Windsor County, Vermont","0","0","0"
"1000000US500279661001014","Block 1014, Block Group 1, Census Tract 9661, Windsor County, Vermont","3","2","1"
"1000000US500279661001015","Block 1015, Block Group 1, Census Tract 9661, Windsor County, Vermont","1","0","1"
"1000000US500279661001016","Block 1016, Block Group 1, Census Tract 9661, Windsor County, Vermont","0","0","0"
"1000000US500279661001017","Block 1017, Block Group 1, Census Tract 9661, Windsor County, Vermont","5","5","0"
"1000000US500279661001018","Block 1018, Block Group 1, Census Tract 9661, Windsor County, Vermont","1","1","0"
"1000000US500279661001019","Block 1019, Block Group 1, Census Tract 9661, Windsor County, Vermont","1","1","0"
"1000000US500279661001020","Block 1020, Block Group 1, Census Tract 9661, Windsor County, Vermont","34","26","8"
"1000000US500279661001021","Block 1021, Block Group 1, Census Tract 9661, Windsor County, Vermont","3","3","0"
"1000000US500279661001022","Block 1022, Block Group 1, Census Tract 9661, Windsor County, Vermont","0","0","0"
"1000000US500279661001023","Block 1023, Block Group 1, Census Tract 9661, Windsor County, Vermont","11","11","0"
"1000000US500279661001024","Block 1024, Block Group 1, Census Tract 9661, Windsor County, Vermont","2","1","1"
"1000000US500279661001025","Block 1025, Block Group 1, Census Tract 9661, Windsor County, Vermont","20","16","4"
"1000000US500279661001026","Block 1026, Block Group 1, Census Tract 9661, Windsor County, Vermont","2","1","1"
"1000000US500279661001027","Block 1027, Block Group 1, Census Tract 9661, Windsor County, Vermont","4","4","0"
"1000000US500279661001028","Block 1028, Block Group 1, Census Tract 9661, Windsor County, Vermont","8","6","2"
"1000000US500279661001029","Block 1029, Block Group 1, Census Tract 9661, Windsor County, Vermont","5","5","0"
"1000000US500279661001030","Block 1030, Block Group 1, Census Tract 9661, Windsor County, Vermont","7","6","1"
"1000000US500279661001031","Block 1031, Block Group 1, Census Tract 9661, Windsor County, Vermont","0","0","0"
"1000000US500279661001032","Block 1032, Block Group 1, Census Tract 9661, Windsor County, Vermont","0","0","0"
"1000000US500279661001033","Block 1033, Block Group 1, Census Tract 9661, Windsor County, Vermont","3","3","0"
"1000000US500279661001034","Block 1034, Block Group 1, Census Tract 9661, Windsor County, Vermont","18","14","4"
"1000000US500279661001035","Block 1035, Block Group 1, Census Tract 9661, Windsor County, Vermont","0","0","0"
"1000000US500279661001036","Block 1036, Block Group 1, Census Tract 9661, Windsor County, Vermont","1","0","1"
"1000000US500279661001037","Block 1037, Block Group 1, Census Tract 9661, Windsor County, Vermont","2","2","0"
"1000000US500279661001038","Block 1038, Block Group 1, Census Tract 9661, Windsor County, Vermont","1","1","0"
"1000000US500279661001039","Block 1039, Block Group 1, Census Tract 9661, Windsor County, Vermont","8","7","1"
"1000000US500279661001040","Block 1040, Block Group 1, Census Tract 9661, Windsor County, Vermont","1","1","0"
"1000000US500279661001041","Block 1041, Block Group 1, Census Tract 9661, Windsor County, Vermont","16","16","0"
"1000000US500279661001042","Block 1042, Block Group 1, Census Tract 9661, Windsor County, Vermont","41","39","2"
"1000000US500279661001043","Block 1043, Block Group 1, Census Tract 9661, Windsor County, Vermont","0","0","0"
"1000000US500279661001044","Block 1044, Block Group 1, Census Tract 9661, Windsor County, Vermont","0","0","0"
"1000000US500279661001045","Block 1045, Block Group 1, Census Tract 9661, Windsor County, Vermont","2","2","0"
"1000000US500279661001046","Block 1046, Block Group 1, Census Tract 9661, Windsor County, Vermont","0","0","0"
"1000000US500279661001047","Block 1047, Block Group 1, Census Tract 9661, Windsor County, Vermont","0","0","0"
"1000000US500279661001048","Block 1048, Block Group 1, Census Tract 9661, Windsor County, Vermont","0","0","0"
"1000000US500279661001049","Block 1049, Block Group 1, Census Tract 9661, Windsor County, Vermont","12","11","1"
"1000000US500279661001050","Block 1050, Block Group 1, Census Tract 9661, Windsor County, Vermont","0","0","0"
"1000000US500279661001051","Block 1051, Block Group 1, Census Tract 9661, Windsor County, Vermont","15","14","1"
"1000000US500279661001052","Block 1052, Block Group 1, Census Tract 9661, Windsor County, Vermont","2","2","0"
"1000000US500279661001053","Block 1053, Block Group 1, Census Tract 9661, Windsor County, Vermont","0","0","0"
"1000000US500279661001054","Block 1054, Block Group 1, Census Tract 9661, Windsor County, Vermont","0","0","0"
"1000000US500279661001055","Block 1055, Block Group 1, Census Tract 9661, Windsor County, Vermont","6","6","0"
"1000000US500279661001056","Block 1056, Block Group 1, Census Tract 9661, Windsor County, Vermont","19","19","0"
"1000000US500279661001057","Block 1057, Block Group 1, Census Tract 9661, Windsor County, Vermont","0","0","0"
"1000000US500279661001058","Block 1058, Block Group 1, Census Tract 9661, Windsor County, Vermont","0","0","0"
"1000000US500279661001059","Block 1059, Block Group 1, Census Tract 9661, Windsor County, Vermont","7","6","1"
"1000000US500279661001060","Block 1060, Block Group 1, Census Tract 9661, Windsor County, Vermont","0","0","0"
"1000000US500279661001061","Block 1061, Block Group 1, Census Tract 9661, Windsor County, Vermont","0","0","0"
"1000000US500279661001062","Block 1062, Block Group 1, Census Tract 9661, Windsor County, Vermont","8","8","0"
"1000000US500279661001063","Block 1063, Block Group 1, Census Tract 9661, Windsor County, Vermont","15","12","3"
"1000000US500279661001064","Block 1064, Block Group 1, Census Tract 9661, Windsor County, Vermont","1","0","1"
"1000000US500279661001065","Block 1065, Block Group 1, Census Tract 9661, Windsor County, Vermont","4","4","0"
"1000000US500279661001066","Block 1066, Block Group 1, Census Tract 9661, Windsor County, Vermont","0","0","0"
"1000000US500279661002000","Block 2000, Block Group 2, Census Tract 9661, Windsor County, Vermont","0","0","0"
"1000000US500279661002001","Block 2001, Block Group 2, Census Tract 9661, Windsor County, Vermont","0","0","0"
"1000000US500279661002002","Block 2002, Block Group 2, Census Tract 9661, Windsor County, Vermont","3","3","0"
"1000000US500279661002003","Block 2003, Block Group 2, Census Tract 9661, Windsor County, Vermont","0","0","0"
"1000000US500279661002004","Block 2004, Block Group 2, Census Tract 9661, Windsor County, Vermont","1","1","0"
"1000000US500279661002005","Block 2005, Block Group 2, Census Tract 9661, Windsor County, Vermont","1","1","0"
"1000000US500279661002006","Block 2006, Block Group 2, Census Tract 9661, Windsor County, Vermont","0","0","0"
"1000000US500279661002007","Block 2007, Block Group 2, Census Tract 9661, Windsor County, Vermont","0","0","0"
"1000000US500279661002008","Block 2008, Block Group 2, Census Tract 9661, Windsor County, Vermont","0","0","0"
"1000000US500279661002009","Block 2009, Block Group 2, Census Tract 9661, Windsor County, Vermont","2","2","0"
"1000000US500279661002010","Block 2010, Block Group 2, Census Tract 9661, Windsor County, Vermont","1","1","0"
"1000000US500279661002011","Block 2011, Block Group 2, Census Tract 9661, Windsor County, Vermont","1","1","0"
"1000000US500279661002012","Block 2012, Block Group 2, Census Tract 9661, Windsor County, Vermont","1","1","0"
"1000000US500279661002013","Block 2013, Block Group 2, Census Tract 9661, Windsor County, Vermont","12","11","1"
"1000000US500279661002014","Block 2014, Block Group 2, Census Tract 9661, Windsor County, Vermont","1","1","0"
"1000000US500279661002015","Block 2015, Block Group 2, Census Tract 9661, Windsor County, Vermont","8","8","0"
"1000000US500279661002016","Block 2016, Block Group 2, Census Tract 9661, Windsor County, Vermont","7","7","0"
"1000000US500279661002017","Block 2017, Block Group 2, Census Tract 9661, Windsor County, Vermont","7","5","2"
"1000000US500279661002018","Block 2018, Block Group 2, Census Tract 9661, Windsor County, Vermont","3","3","0"
"1000000US500279661002019","Block 2019, Block Group 2, Census Tract 9661, Windsor County, Vermont","0","0","0"
"1000000US500279661002020","Block 2020, Block Group 2, Census Tract 9661, Windsor County, Vermont","13","11","2"
"1000000US500279661002021","Block 2021, Block Group 2, Census Tract 9661, Windsor County, Vermont","14","10","4"
"1000000US500279661002022","Block 2022, Block Group 2, Census Tract 9661, Windsor County, Vermont","3","3","0"
"1000000US500279661002023","Block 2023, Block Group 2, Census Tract 9661, Windsor County, Vermont","0","0","0"
"1000000US500279661002024","Block 2024, Block Group 2, Census Tract 9661, Windsor County, Vermont","0","0","0"
"1000000US500279661002025","Block 2025, Block Group 2, Census Tract 9661, Windsor County, Vermont","8","7","1"
"1000000US500279661002026","Block 2026, Block Group 2, Census Tract 9661, Windsor County, Vermont","13","13","0"
"1000000US500279661002027","Block 2027, Block Group 2, Census Tract 9661, Windsor County, Vermont","11","11","0"
"1000000US500279661002028","Block 2028, Block Group 2, Census Tract 9661, Windsor County, Vermont","3","3","0"
"1000000US500279661002029","Block 2029, Block Group 2, Census Tract 9661, Windsor County, Vermont","0","0","0"
"1000000US500279661002030","Block 2030, Block Group 2, Census Tract 9661, Windsor County, Vermont","2","2","0"
"1000000US500279661002031","Block 2031, Block Group 2, Census Tract 9661, Windsor County, Vermont","4","3","1"
"1000000US500279661002032","Block 2032, Block Group 2, Census Tract 9661, Windsor County, Vermont","0","0","0"
"1000000US500279661002033","Block 2033, Block Group 2, Census Tract 9661, Windsor County, Vermont","1","1","0"
"1000000US500279661002034","Block 2034, Block Group 2, Census Tract 9661, Windsor County, Vermont","3","1","2"
"1000000US500279661002035","Block 2035, Block Group 2, Census Tract 9661, Windsor County, Vermont","13","9","4"
"1000000US500279661002036","Block 2036, Block Group 2, Census Tract 9661, Windsor County, Vermont","9","9","0"
"1000000US500279661002037","Block 2037, Block Group 2, Census Tract 9661, Windsor County, Vermont","0","0","0"
"1000000US500279661002038","Block 2038, Block Group 2, Census Tract 9661, Windsor County, Vermont","4","3","1"
"1000000US500279661002039","Block 2039, Block Group 2, Census Tract 9661, Windsor County, Vermont","46","41","5"
"1000000US500279661002040","Block 2040, Block Group 2, Census Tract 9661, Windsor County, Vermont","0","0","0"
"1000000US500279661002041","Block 2041, Block Group 2, Census Tract 9661, Windsor County, Vermont","5","5","0"
"1000000US500279661002042","Block 2042, Block Group 2, Census Tract 9661, Windsor County, Vermont","9","6","3"
"1000000US500279661002043","Block 2043, Block Group 2, Census Tract 9661, Windsor County, Vermont","0","0","0"
"1000000US500279661002044","Block 2044, Block Group 2, Census Tract 9661, Windsor County, Vermont","9","8","1"
"1000000US500279661002045","Block 2045, Block Group 2, Census Tract 9661, Windsor County, Vermont","36","33","3"
"1000000US500279661002046","Block 2046, Block Group 2, Census Tract 9661, Windsor County, Vermont","0","0","0"
"1000000US500279661002047","Block 2047, Block Group 2, Census Tract 9661, Windsor County, Vermont","0","0","0"
"1000000US500279661002048","Block 2048, Block Group 2, Census Tract 9661, Windsor County, Vermont","0","0","0"
"1000000US500279661002049","Block 2049, Block Group 2, Census Tract 9661, Windsor County, Vermont","0","0","0"
"1000000US500279661002050","Block 2050, Block Group 2, Census Tract 9661, Windsor County, Vermont","2","2","0"
"1000000US500279661002051","Block 2051, Block Group 2, Census Tract 9661, Windsor County, Vermont","0","0","0"
"1000000US500279661002052","Block 2052, Block Group 2, Census Tract 9661, Windsor County, Vermont","17","16","1"
"1000000US500279661002053","Block 2053, Block Group 2, Census Tract 9661, Windsor County, Vermont","0","0","0"
"1000000US500279661002054","Block 2054, Block Group 2, Census Tract 9661, Windsor County, Vermont","4","4","0"
"1000000US500279661002055","Block 2055, Block Group 2, Census Tract 9661, Windsor County, Vermont","2","2","0"
"1000000US500279661002056","Block 2056, Block Group 2, Census Tract 9661, Windsor County, Vermont","23","22","1"
"1000000US500279661002057","Block 2057, Block Group 2, Census Tract 9661, Windsor County, Vermont","0","0","0"
"1000000US500279661002058","Block 2058, Block Group 2, Census Tract 9661, Windsor County, Vermont","1","1","0"
"1000000US500279661002059","Block 2059, Block Group 2, Census Tract 9661, Windsor County, Vermont","0","0","0"
"1000000US500279661002060","Block 2060, Block Group 2, Census Tract 9661, Windsor County, Vermont","18","16","2"
"1000000US500279661002061","Block 2061, Block Group 2, Census Tract 9661, Windsor County, Vermont","0","0","0"
"1000000US500279661002062","Block 2062, Block Group 2, Census Tract 9661, Windsor County, Vermont","5","3","2"
"1000000US500279661002063","Block 2063, Block Group 2, Census Tract 9661, Windsor County, Vermont","0","0","0"
"1000000US500279661002064","Block 2064, Block Group 2, Census Tract 9661, Windsor County, Vermont","0","0","0"
"1000000US500279661002065","Block 2065, Block Group 2, Census Tract 9661, Windsor County, Vermont","16","13","3"
"1000000US500279661002066","Block 2066, Block Group 2, Census Tract 9661, Windsor County, Vermont","4","3","1"
"1000000US500279661002067","Block 2067, Block Group 2, Census Tract 9661, Windsor County, Vermont","0","0","0"
"1000000US500279661002068","Block 2068, Block Group 2, Census Tract 9661, Windsor County, Vermont","2","2","0"
"1000000US500279661002069","Block 2069, Block Group 2, Census Tract 9661, Windsor County, Vermont","18","18","0"
"1000000US500279661002070","Block 2070, Block Group 2, Census Tract 9661, Windsor County, Vermont","0","0","0"
"1000000US500279661003000","Block 3000, Block Group 3, Census Tract 9661, Windsor County, Vermont","19","16","3"
"1000000US500279661003001","Block 3001, Block Group 3, Census Tract 9661, Windsor County, Vermont","0","0","0"
"1000000US500279661003002","Block 3002, Block Group 3, Census Tract 9661, Windsor County, Vermont","0","0","0"
"1000000US500279661003003","Block 3003, Block Group 3, Census Tract 9661, Windsor County, Vermont","11","10","1"
"1000000US500279661003004","Block 3004, Block Group 3, Census Tract 9661, Windsor County, Vermont","0","0","0"
"1000000US500279661003005","Block 3005, Block Group 3, Census Tract 9661, Windsor County, Vermont","5","5","0"
"1000000US500279661003006","Block 3006, Block Group 3, Census Tract 9661, Windsor County, Vermont","1","1","0"
"1000000US500279661003007","Block 3007, Block Group 3, Census Tract 9661, Windsor County, Vermont","2","2","0"
"1000000US500279661003008","Block 3008, Block Group 3, Census Tract 9661, Windsor County, Vermont","0","0","0"
"1000000US500279661003009","Block 3009, Block Group 3, Census Tract 9661, Windsor County, Vermont","0","0","0"
"1000000US500279661003010","Block 3010, Block Group 3, Census Tract 9661, Windsor County, Vermont","1","1","0"
"1000000US500279661003011","Block 3011, Block Group 3, Census Tract 9661, Windsor County, Vermont","5","3","2"
"1000000US500279661003012","Block 3012, Block Group 3, Census Tract 9661, Windsor County, Vermont","1","1","0"
"1000000US500279661003013","Block 3013, Block Group 3, Census Tract 9661, Windsor County, Vermont","0","0","0"
"1000000US500279661003014","Block 3014, Block Group 3, Census Tract 9661, Windsor County, Vermont","5","4","1"
"1000000US500279661003015","Block 3015, Block Group 3, Census Tract 9661, Windsor County, Vermont","6","4","2"
"1000000US500279661003016","Block 3016, Block Group 3, Census Tract 9661, Windsor County, Vermont","0","0","0"
"1000000US500279661003017","Block 3017, Block Group 3, Census Tract 9661, Windsor County, Vermont","6","6","0"
"1000000US500279661003018","Block 3018, Block Group 3, Census Tract 9661, Windsor County, Vermont","5","5","0"
"1000000US500279661003019","Block 3019, Block Group 3, Census Tract 9661, Windsor County, Vermont","0","0","0"
"1000000US500279661003020","Block 3020, Block Group 3, Census Tract 9661, Windsor County, Vermont","5","4","1"
"1000000US500279661003021","Block 3021, Block Group 3, Census Tract 9661, Windsor County, Vermont","0","0","0"
"1000000US500279661003022","Block 3022, Block Group 3, Census Tract 9661, Windsor County, Vermont","7","6","1"
"1000000US500279661003023","Block 3023, Block Group 3, Census Tract 9661, Windsor County, Vermont","0","0","0"
"1000000US500279661003024","Block 3024, Block Group 3, Census Tract 9661, Windsor County, Vermont","0","0","0"
"1000000US500279661003025","Block 3025, Block Group 3, Census Tract 9661, Windsor County, Vermont","2","2","0"
"1000000US500279661003026","Block 3026, Block Group 3, Census Tract 9661, Windsor County, Vermont","11","9","2"
"1000000US500279661003027","Block 3027, Block Group 3, Census Tract 9661, Windsor County, Vermont","2","2","0"
"1000000US500279661003028","Block 3028, Block Group 3, Census Tract 9661, Windsor County, Vermont","1","1","0"
"1000000US500279661003029","Block 3029, Block Group 3, Census Tract 9661, Windsor County, Vermont","4","4","0"
"1000000US500279661003030","Block 3030, Block Group 3, Census Tract 9661, Windsor County, Vermont","0","0","0"
"1000000US500279661003031","Block 3031, Block Group 3, Census Tract 9661, Windsor County, Vermont","0","0","0"
"1000000US500279661003032","Block 3032, Block Group 3, Census Tract 9661, Windsor County, Vermont","0","0","0"
"1000000US500279661003033","Block 3033, Block Group 3, Census Tract 9661, Windsor County, Vermont","27","20","7"
"1000000US500279661003034","Block 3034, Block Group 3, Census Tract 9661, Windsor County, Vermont","0","0","0"
"1000000US500279661003035","Block 3035, Block Group 3, Census Tract 9661, Windsor County, Vermont","0","0","0"
"1000000US500279661003036","Block 3036, Block Group 3, Census Tract 9661, Windsor County, Vermont","13","13","0"
"1000000US500279661003037","Block 3037, Block Group 3, Census Tract 9661, Windsor County, Vermont","0","0","0"
"1000000US500279661003038","Block 3038, Block Group 3, Census Tract 9661, Windsor County, Vermont","1","1","0"
"1000000US500279661003039","Block 3039, Block Group 3, Census Tract 9661, Windsor County, Vermont","0","0","0"
"1000000US500279661003040","Block 3040, Block Group 3, Census Tract 9661, Windsor County, Vermont","0","0","0"
"1000000US500279661003041","Block 3041, Block Group 3, Census Tract 9661, Windsor County, Vermont","0","0","0"
"1000000US500279661003042","Block 3042, Block Group 3, Census Tract 9661, Windsor County, Vermont","0","0","0"
"1000000US500279661003043","Block 3043, Block Group 3, Census Tract 9661, Windsor County, Vermont","0","0","0"
"1000000US500279661003044","Block 3044, Block Group 3, Census Tract 9661, Windsor County, Vermont","36","28","8"
"1000000US500279661003045","Block 3045, Block Group 3, Census Tract 9661, Windsor County, Vermont","4","4","0"
"1000000US500279661003046","Block 3046, Block Group 3, Census Tract 9661, Windsor County, Vermont","0","0","0"
"1000000US500279661003047","Block 3047, Block Group 3, Census Tract 9661, Windsor County, Vermont","0","0","0"
"1000000US500279661003048","Block 3048, Block Group 3, Census Tract 9661, Windsor County, Vermont","0","0","0"
"1000000US500279661003049","Block 3049, Block Group 3, Census Tract 9661, Windsor County, Vermont","15","11","4"
"1000000US500279661003050","Block 3050, Block Group 3, Census Tract 9661, Windsor County, Vermont","0","0","0"
"1000000US500279661003051","Block 3051, Block Group 3, Census Tract 9661, Windsor County, Vermont","0","0","0"
"1000000US500279661003052","Block 3052, Block Group 3, Census Tract 9661, Windsor County, Vermont","3","3","0"
"1000000US500279661003053","Block 3053, Block Group 3, Census Tract 9661, Windsor County, Vermont","4","3","1"
"1000000US500279661003054","Block 3054, Block Group 3, Census Tract 9661, Windsor County, Vermont","0","0","0"
"1000000US500279661003055","Block 3055, Block Group 3, Census Tract 9661, Windsor County, Vermont","0","0","0"
"1000000US500279661003056","Block 3056, Block Group 3, Census Tract 9661, Windsor County, Vermont","0","0","0"
"1000000US500279661003057","Block 3057, Block Group 3, Census Tract 9661, Windsor County, Vermont","0","0","0"
"1000000US500279661003058","Block 3058, Block Group 3, Census Tract 9661, Windsor County, Vermont","0","0","0"
"1000000US500279661003059","Block 3059, Block Group 3, Census Tract 9661, Windsor County, Vermont","3","2","1"
"1000000US500279661003060","Block 3060, Block Group 3, Census Tract 9661, Windsor County, Vermont","7","7","0"
"1000000US500279661003061","Block 3061, Block Group 3, Census Tract 9661, Windsor County, Vermont","0","0","0"
"1000000US500279661003062","Block 3062, Block Group 3, Census Tract 9661, Windsor County, Vermont","5","4","1"
"1000000US500279661003063","Block 3063, Block Group 3, Census Tract 9661, Windsor County, Vermont","42","35","7"
"1000000US500279661003064","Block 3064, Block Group 3, Census Tract 9661, Windsor County, Vermont","1","1","0"
"1000000US500279661003065","Block 3065, Block Group 3, Census Tract 9661, Windsor County, Vermont","0","0","0"
"1000000US500279661003066","Block 3066, Block Group 3, Census Tract 9661, Windsor County, Vermont","4","3","1"
"1000000US500279661003067","Block 3067, Block Group 3, Census Tract 9661, Windsor County, Vermont","0","0","0"
"1000000US500279661003068","Block 3068, Block Group 3, Census Tract 9661, Windsor County, Vermont","9","7","2"
"1000000US500279661003069","Block 3069, Block Group 3, Census Tract 9661, Windsor County, Vermont","4","4","0"
"1000000US500279661003070","Block 3070, Block Group 3, Census Tract 9661, Windsor County, Vermont","13","13","0"
"1000000US500279661003071","Block 3071, Block Group 3, Census Tract 9661, Windsor County, Vermont","27","22","5"
"1000000US500279661003072","Block 3072, Block Group 3, Census Tract 9661, Windsor County, Vermont","7","4","3"
"1000000US500279661003073","Block 3073, Block Group 3, Census Tract 9661, Windsor County, Vermont","0","0","0"
"1000000US500279661003074","Block 3074, Block Group 3, Census Tract 9661, Windsor County, Vermont","22","19","3"
"1000000US500279661003075","Block 3075, Block Group 3, Census Tract 9661, Windsor County, Vermont","0","0","0"
"1000000US500279661003076","Block 3076, Block Group 3, Census Tract 9661, Windsor County, Vermont","0","0","0"
"1000000US500279661003077","Block 3077, Block Group 3, Census Tract 9661, Windsor County, Vermont","7","6","1"
"1000000US500279661003078","Block 3078, Block Group 3, Census Tract 9661, Windsor County, Vermont","2","2","0"
"1000000US500279661003079","Block 3079, Block Group 3, Census Tract 9661, Windsor County, Vermont","14","13","1"
"1000000US500279661003080","Block 3080, Block Group 3, Census Tract 9661, Windsor County, Vermont","5","5","0"
"1000000US500279661003081","Block 3081, Block Group 3, Census Tract 9661, Windsor County, Vermont","1","1","0"
"1000000US500279661003082","Block 3082, Block Group 3, Census Tract 9661, Windsor County, Vermont","2","1","1"
"1000000US500279661003083","Block 3083, Block Group 3, Census Tract 9661, Windsor County, Vermont","0","0","0"
"1000000US500279661003084","Block 3084, Block Group 3, Census Tract 9661, Windsor County, Vermont","0","0","0"
"1000000US500279661003085","Block 3085, Block Group 3, Census Tract 9661, Windsor County, Vermont","0","0","0"
"1000000US500279661003086","Block 3086, Block Group 3, Census Tract 9661, Windsor County, Vermont","0","0","0"
"1000000US500279661003087","Block 3087, Block Group 3, Census Tract 9661, Windsor County, Vermont","0","0","0"
"1000000US500279661003088","Block 3088, Block Group 3, Census Tract 9661, Windsor County, Vermont","5","3","2"
"1000000US500279661003089","Block 3089, Block Group 3, Census Tract 9661, Windsor County, Vermont","0","0","0"
"1000000US500279661003090","Block 3090, Block Group 3, Census Tract 9661, Windsor County, Vermont","0","0","0"
"1000000US500279661003091","Block 3091, Block Group 3, Census Tract 9661, Windsor County, Vermont","51","45","6"
"1000000US500279661003092","Block 3092, Block Group 3, Census Tract 9661, Windsor County, Vermont","1","1","0"
"1000000US500279661003093","Block 3093, Block Group 3, Census Tract 9661, Windsor County, Vermont","0","0","0"
"1000000US500279661003094","Block 3094, Block Group 3, Census Tract 9661, Windsor County, Vermont","0","0","0"
"1000000US500279661003095","Block 3095, Block Group 3, Census Tract 9661, Windsor County, Vermont","4","4","0"
"1000000US500279661003096","Block 3096, Block Group 3, Census Tract 9661, Windsor County, Vermont","12","10","2"
"1000000US500279661003097","Block 3097, Block Group 3, Census Tract 9661, Windsor County, Vermont","51","47","4"
"1000000US500279661003098","Block 3098, Block Group 3, Census Tract 9661, Windsor County, Vermont","2","2","0"
"1000000US500279661003099","Block 3099, Block Group 3, Census Tract 9661, Windsor County, Vermont","0","0","0"
"1000000US500279661003100","Block 3100, Block Group 3, Census Tract 9661, Windsor County, Vermont","0","0","0"
"1000000US500279661003101","Block 3101, Block Group 3, Census Tract 9661, Windsor County, Vermont","2","2","0"
"1000000US500279661003102","Block 3102, Block Group 3, Census Tract 9661, Windsor County, Vermont","0","0","0"
"1000000US500279661003103","Block 3103, Block Group 3, Census Tract 9661, Windsor County, Vermont","0","0","0"
"1000000US500279661003104","Block 3104, Block Group 3, Census Tract 9661, Windsor County, Vermont","20","18","2"
"1000000US500279661003105","Block 3105, Block Group 3, Census Tract 9661, Windsor County, Vermont","8","8","0"
"1000000US500279661003106","Block 3106, Block Group 3, Census Tract 9661, Windsor County, Vermont","9","9","0"
"1000000US500279661003107","Block 3107, Block Group 3, Census Tract 9661, Windsor County, Vermont","8","6","2"
"1000000US500279661003108","Block 3108, Block Group 3, Census Tract 9661, Windsor County, Vermont","2","2","0"
"1000000US500279661003109","Block 3109, Block Group 3, Census Tract 9661, Windsor County, Vermont","0","0","0"
"1000000US500279661003110","Block 3110, Block Group 3, Census Tract 9661, Windsor County, Vermont","0","0","0"
"1000000US500279661003111","Block 3111, Block Group 3, Census Tract 9661, Windsor County, Vermont","0","0","0"
"1000000US500279661003112","Block 3112, Block Group 3, Census Tract 9661, Windsor County, Vermont","1","1","0"
"1000000US500279661003113","Block 3113, Block Group 3, Census Tract 9661, Windsor County, Vermont","0","0","0"
"1000000US500279662001000","Block 1000, Block Group 1, Census Tract 9662, Windsor County, Vermont","1","1","0"
"1000000US500279662001001","Block 1001, Block Group 1, Census Tract 9662, Windsor County, Vermont","22","15","7"
"1000000US500279662001002","Block 1002, Block Group 1, Census Tract 9662, Windsor County, Vermont","8","6","2"
"1000000US500279662001003","Block 1003, Block Group 1, Census Tract 9662, Windsor County, Vermont","0","0","0"
"1000000US500279662001004","Block 1004, Block Group 1, Census Tract 9662, Windsor County, Vermont","0","0","0"
"1000000US500279662001005","Block 1005, Block Group 1, Census Tract 9662, Windsor County, Vermont","32","20","12"
"1000000US500279662001006","Block 1006, Block Group 1, Census Tract 9662, Windsor County, Vermont","0","0","0"
"1000000US500279662001007","Block 1007, Block Group 1, Census Tract 9662, Windsor County, Vermont","7","3","4"
"1000000US500279662001008","Block 1008, Block Group 1, Census Tract 9662, Windsor County, Vermont","0","0","0"
"1000000US500279662001009","Block 1009, Block Group 1, Census Tract 9662, Windsor County, Vermont","37","23","14"
"1000000US500279662001010","Block 1010, Block Group 1, Census Tract 9662, Windsor County, Vermont","1","0","1"
"1000000US500279662001011","Block 1011, Block Group 1, Census Tract 9662, Windsor County, Vermont","0","0","0"
"1000000US500279662001012","Block 1012, Block Group 1, Census Tract 9662, Windsor County, Vermont","2","1","1"
"1000000US500279662001013","Block 1013, Block Group 1, Census Tract 9662, Windsor County, Vermont","12","9","3"
"1000000US500279662001014","Block 1014, Block Group 1, Census Tract 9662, Windsor County, Vermont","4","3","1"
"1000000US500279662001015","Block 1015, Block Group 1, Census Tract 9662, Windsor County, Vermont","2","1","1"
"1000000US500279662001016","Block 1016, Block Group 1, Census Tract 9662, Windsor County, Vermont","4","4","0"
"1000000US500279662001017","Block 1017, Block Group 1, Census Tract 9662, Windsor County, Vermont","1","0","1"
"1000000US500279662001018","Block 1018, Block Group 1, Census Tract 9662, Windsor County, Vermont","0","0","0"
"1000000US500279662001019","Block 1019, Block Group 1, Census Tract 9662, Windsor County, Vermont","0","0","0"
"1000000US500279662001020","Block 1020, Block Group 1, Census Tract 9662, Windsor County, Vermont","0","0","0"
"1000000US500279662001021","Block 1021, Block Group 1, Census Tract 9662, Windsor County, Vermont","1","0","1"
"1000000US500279662001022","Block 1022, Block Group 1, Census Tract 9662, Windsor County, Vermont","137","51","86"
"1000000US500279662001023","Block 1023, Block Group 1, Census Tract 9662, Windsor County, Vermont","2","2","0"
"1000000US500279662001024","Block 1024, Block Group 1, Census Tract 9662, Windsor County, Vermont","21","13","8"
"1000000US500279662001025","Block 1025, Block Group 1, Census Tract 9662, Windsor County, Vermont","0","0","0"
"1000000US500279662001026","Block 1026, Block Group 1, Census Tract 9662, Windsor County, Vermont","0","0","0"
"1000000US500279662001027","Block 1027, Block Group 1, Census Tract 9662, Windsor County, Vermont","5","4","1"
"1000000US500279662001028","Block 1028, Block Group 1, Census Tract 9662, Windsor County, Vermont","30","12","18"
"1000000US500279662001029","Block 1029, Block Group 1, Census Tract 9662, Windsor County, Vermont","6","3","3"
"1000000US500279662001030","Block 1030, Block Group 1, Census Tract 9662, Windsor County, Vermont","1","0","1"
"1000000US500279662001031","Block 1031, Block Group 1, Census Tract 9662, Windsor County, Vermont","8","4","4"
"1000000US500279662001032","Block 1032, Block Group 1, Census Tract 9662, Windsor County, Vermont","4","3","1"
"1000000US500279662001033","Block 1033, Block Group 1, Census Tract 9662, Windsor County, Vermont","45","28","17"
"1000000US500279662001034","Block 1034, Block Group 1, Census Tract 9662, Windsor County, Vermont","5","5","0"
"1000000US500279662001035","Block 1035, Block Group 1, Census Tract 9662, Windsor County, Vermont","0","0","0"
"1000000US500279662001036","Block 1036, Block Group 1, Census Tract 9662, Windsor County, Vermont","1","1","0"
"1000000US500279662001037","Block 1037, Block Group 1, Census Tract 9662, Windsor County, Vermont","25","22","3"
"1000000US500279662001038","Block 1038, Block Group 1, Census Tract 9662, Windsor County, Vermont","0","0","0"
"1000000US500279662001039","Block 1039, Block Group 1, Census Tract 9662, Windsor County, Vermont","1","1","0"
"1000000US500279662001040","Block 1040, Block Group 1, Census Tract 9662, Windsor County, Vermont","14","9","5"
"1000000US500279662001041","Block 1041, Block Group 1, Census Tract 9662, Windsor County, Vermont","2","2","0"
"1000000US500279662001042","Block 1042, Block Group 1, Census Tract 9662, Windsor County, Vermont","0","0","0"
"1000000US500279662001043","Block 1043, Block Group 1, Census Tract 9662, Windsor County, Vermont","1","1","0"
"1000000US500279662001044","Block 1044, Block Group 1, Census Tract 9662, Windsor County, Vermont","3","2","1"
"1000000US500279662001045","Block 1045, Block Group 1, Census Tract 9662, Windsor County, Vermont","0","0","0"
"1000000US500279662001046","Block 1046, Block Group 1, Census Tract 9662, Windsor County, Vermont","8","5","3"
"1000000US500279662001047","Block 1047, Block Group 1, Census Tract 9662, Windsor County, Vermont","39","26","13"
"1000000US500279662001048","Block 1048, Block Group 1, Census Tract 9662, Windsor County, Vermont","1","1","0"
"1000000US500279662001049","Block 1049, Block Group 1, Census Tract 9662, Windsor County, Vermont","1","1","0"
"1000000US500279662001050","Block 1050, Block Group 1, Census Tract 9662, Windsor County, Vermont","4","4","0"
"1000000US500279662001051","Block 1051, Block Group 1, Census Tract 9662, Windsor County, Vermont","3","2","1"
"1000000US500279662001052","Block 1052, Block Group 1, Census Tract 9662, Windsor County, Vermont","10","4","6"
"1000000US500279662001053","Block 1053, Block Group 1, Census Tract 9662, Windsor County, Vermont","0","0","0"
"1000000US500279662001054","Block 1054, Block Group 1, Census Tract 9662, Windsor County, Vermont","2","2","0"
"1000000US500279662001055","Block 1055, Block Group 1, Census Tract 9662, Windsor County, Vermont","14","12","2"
"1000000US500279662001056","Block 1056, Block Group 1, Census Tract 9662, Windsor County, Vermont","0","0","0"
"1000000US500279662001057","Block 1057, Block Group 1, Census Tract 9662, Windsor County, Vermont","2","1","1"
"1000000US500279662001058","Block 1058, Block Group 1, Census Tract 9662, Windsor County, Vermont","7","5","2"
"1000000US500279662001059","Block 1059, Block Group 1, Census Tract 9662, Windsor County, Vermont","2","0","2"
"1000000US500279662001060","Block 1060, Block Group 1, Census Tract 9662, Windsor County, Vermont","1","1","0"
"1000000US500279662001061","Block 1061, Block Group 1, Census Tract 9662, Windsor County, Vermont","0","0","0"
"1000000US500279662001062","Block 1062, Block Group 1, Census Tract 9662, Windsor County, Vermont","17","12","5"
"1000000US500279662001063","Block 1063, Block Group 1, Census Tract 9662, Windsor County, Vermont","34","19","15"
"1000000US500279662001064","Block 1064, Block Group 1, Census Tract 9662, Windsor County, Vermont","40","24","16"
"1000000US500279662001065","Block 1065, Block Group 1, Census Tract 9662, Windsor County, Vermont","1","1","0"
"1000000US500279662001066","Block 1066, Block Group 1, Census Tract 9662, Windsor County, Vermont","6","6","0"
"1000000US500279662001067","Block 1067, Block Group 1, Census Tract 9662, Windsor County, Vermont","0","0","0"
"1000000US500279662001068","Block 1068, Block Group 1, Census Tract 9662, Windsor County, Vermont","5","4","1"
"1000000US500279662001069","Block 1069, Block Group 1, Census Tract 9662, Windsor County, Vermont","0","0","0"
"1000000US500279662001070","Block 1070, Block Group 1, Census Tract 9662, Windsor County, Vermont","9","5","4"
"1000000US500279662001071","Block 1071, Block Group 1, Census Tract 9662, Windsor County, Vermont","1","1","0"
"1000000US500279662001072","Block 1072, Block Group 1, Census Tract 9662, Windsor County, Vermont","3","3","0"
"1000000US500279662001073","Block 1073, Block Group 1, Census Tract 9662, Windsor County, Vermont","2","2","0"
"1000000US500279662001074","Block 1074, Block Group 1, Census Tract 9662, Windsor County, Vermont","1","1","0"
"1000000US500279662001075","Block 1075, Block Group 1, Census Tract 9662, Windsor County, Vermont","2","1","1"
"1000000US500279662001076","Block 1076, Block Group 1, Census Tract 9662, Windsor County, Vermont","0","0","0"
"1000000US500279662002000","Block 2000, Block Group 2, Census Tract 9662, Windsor County, Vermont","0","0","0"
"1000000US500279662002001","Block 2001, Block Group 2, Census Tract 9662, Windsor County, Vermont","0","0","0"
"1000000US500279662002002","Block 2002, Block Group 2, Census Tract 9662, Windsor County, Vermont","0","0","0"
"1000000US500279662002003","Block 2003, Block Group 2, Census Tract 9662, Windsor County, Vermont","7","6","1"
"1000000US500279662002004","Block 2004, Block Group 2, Census Tract 9662, Windsor County, Vermont","2","1","1"
"1000000US500279662002005","Block 2005, Block Group 2, Census Tract 9662, Windsor County, Vermont","0","0","0"
"1000000US500279662002006","Block 2006, Block Group 2, Census Tract 9662, Windsor County, Vermont","7","3","4"
"1000000US500279662002007","Block 2007, Block Group 2, Census Tract 9662, Windsor County, Vermont","0","0","0"
"1000000US500279662002008","Block 2008, Block Group 2, Census Tract 9662, Windsor County, Vermont","0","0","0"
"1000000US500279662002009","Block 2009, Block Group 2, Census Tract 9662, Windsor County, Vermont","10","5","5"
"1000000US500279662002010","Block 2010, Block Group 2, Census Tract 9662, Windsor County, Vermont","1","0","1"
"1000000US500279662002011","Block 2011, Block Group 2, Census Tract 9662, Windsor County, Vermont","1","0","1"
"1000000US500279662002012","Block 2012, Block Group 2, Census Tract 9662, Windsor County, Vermont","0","0","0"
"1000000US500279662002013","Block 2013, Block Group 2, Census Tract 9662, Windsor County, Vermont","15","13","2"
"1000000US500279662002014","Block 2014, Block Group 2, Census Tract 9662, Windsor County, Vermont","0","0","0"
"1000000US500279662002015","Block 2015, Block Group 2, Census Tract 9662, Windsor County, Vermont","19","16","3"
"1000000US500279662002016","Block 2016, Block Group 2, Census Tract 9662, Windsor County, Vermont","0","0","0"
"1000000US500279662002017","Block 2017, Block Group 2, Census Tract 9662, Windsor County, Vermont","1","0","1"
"1000000US500279662002018","Block 2018, Block Group 2, Census Tract 9662, Windsor County, Vermont","1","0","1"
"1000000US500279662002019","Block 2019, Block Group 2, Census Tract 9662, Windsor County, Vermont","0","0","0"
"1000000US500279662002020","Block 2020, Block Group 2, Census Tract 9662, Windsor County, Vermont","0","0","0"
"1000000US500279662002021","Block 2021, Block Group 2, Census Tract 9662, Windsor County, Vermont","2","1","1"
"1000000US500279662002022","Block 2022, Block Group 2, Census Tract 9662, Windsor County, Vermont","64","40","24"
"1000000US500279662002023","Block 2023, Block Group 2, Census Tract 9662, Windsor County, Vermont","0","0","0"
"1000000US500279662002024","Block 2024, Block Group 2, Census Tract 9662, Windsor County, Vermont","3","3","0"
"1000000US500279662002025","Block 2025, Block Group 2, Census Tract 9662, Windsor County, Vermont","0","0","0"
"1000000US500279662002026","Block 2026, Block Group 2, Census Tract 9662, Windsor County, Vermont","0","0","0"
"1000000US500279662002027","Block 2027, Block Group 2, Census Tract 9662, Windsor County, Vermont","2","2","0"
"1000000US500279662002028","Block 2028, Block Group 2, Census Tract 9662, Windsor County, Vermont","2","2","0"
"1000000US500279662002029","Block 2029, Block Group 2, Census Tract 9662, Windsor County, Vermont","1","1","0"
"1000000US500279662002030","Block 2030, Block Group 2, Census Tract 9662, Windsor County, Vermont","16","9","7"
"1000000US500279662002031","Block 2031, Block Group 2, Census Tract 9662, Windsor County, Vermont","19","9","10"
"1000000US500279662002032","Block 2032, Block Group 2, Census Tract 9662, Windsor County, Vermont","1","0","1"
"1000000US500279662002033","Block 2033, Block Group 2, Census Tract 9662, Windsor County, Vermont","0","0","0"
"1000000US500279662002034","Block 2034, Block Group 2, Census Tract 9662, Windsor County, Vermont","8","6","2"
"1000000US500279662002035","Block 2035, Block Group 2, Census Tract 9662, Windsor County, Vermont","3","2","1"
"1000000US500279662002036","Block 2036, Block Group 2, Census Tract 9662, Windsor County, Vermont","7","6","1"
"1000000US500279662002037","Block 2037, Block Group 2, Census Tract 9662, Windsor County, Vermont","0","0","0"
"1000000US500279662002038","Block 2038, Block Group 2, Census Tract 9662, Windsor County, Vermont","0","0","0"
"1000000US500279662002039","Block 2039, Block Group 2, Census Tract 9662, Windsor County, Vermont","6","2","4"
"1000000US500279662002040","Block 2040, Block Group 2, Census Tract 9662, Windsor County, Vermont","18","15","3"
"1000000US500279662002041","Block 2041, Block Group 2, Census Tract 9662, Windsor County, Vermont","4","2","2"
"1000000US500279662002042","Block 2042, Block Group 2, Census Tract 9662, Windsor County, Vermont","0","0","0"
"1000000US500279662002043","Block 2043, Block Group 2, Census Tract 9662, Windsor County, Vermont","0","0","0"
"1000000US500279662002044","Block 2044, Block Group 2, Census Tract 9662, Windsor County, Vermont","0","0","0"
"1000000US500279662002045","Block 2045, Block Group 2, Census Tract 9662, Windsor County, Vermont","0","0","0"
"1000000US500279662002046","Block 2046, Block Group 2, Census Tract 9662, Windsor County, Vermont","0","0","0"
"1000000US500279662002047","Block 2047, Block Group 2, Census Tract 9662, Windsor County, Vermont","0","0","0"
"1000000US500279662002048","Block 2048, Block Group 2, Census Tract 9662, Windsor County, Vermont","0","0","0"
"1000000US500279662002049","Block 2049, Block Group 2, Census Tract 9662, Windsor County, Vermont","0","0","0"
"1000000US500279662002050","Block 2050, Block Group 2, Census Tract 9662, Windsor County, Vermont","2","1","1"
"1000000US500279662002051","Block 2051, Block Group 2, Census Tract 9662, Windsor County, Vermont","0","0","0"
"1000000US500279662002052","Block 2052, Block Group 2, Census Tract 9662, Windsor County, Vermont","0","0","0"
"1000000US500279662002053","Block 2053, Block Group 2, Census Tract 9662, Windsor County, Vermont","0","0","0"
"1000000US500279662002054","Block 2054, Block Group 2, Census Tract 9662, Windsor County, Vermont","0","0","0"
"1000000US500279662002055","Block 2055, Block Group 2, Census Tract 9662, Windsor County, Vermont","7","5","2"
"1000000US500279662002056","Block 2056, Block Group 2, Census Tract 9662, Windsor County, Vermont","33","23","10"
"1000000US500279662002057","Block 2057, Block Group 2, Census Tract 9662, Windsor County, Vermont","0","0","0"
"1000000US500279662002058","Block 2058, Block Group 2, Census Tract 9662, Windsor County, Vermont","3","3","0"
"1000000US500279662002059","Block 2059, Block Group 2, Census Tract 9662, Windsor County, Vermont","16","15","1"
"1000000US500279662002060","Block 2060, Block Group 2, Census Tract 9662, Windsor County, Vermont","0","0","0"
"1000000US500279662002061","Block 2061, Block Group 2, Census Tract 9662, Windsor County, Vermont","0","0","0"
"1000000US500279662002062","Block 2062, Block Group 2, Census Tract 9662, Windsor County, Vermont","0","0","0"
"1000000US500279662002063","Block 2063, Block Group 2, Census Tract 9662, Windsor County, Vermont","4","0","4"
"1000000US500279662002064","Block 2064, Block Group 2, Census Tract 9662, Windsor County, Vermont","0","0","0"
"1000000US500279662002065","Block 2065, Block Group 2, Census Tract 9662, Windsor County, Vermont","4","3","1"
"1000000US500279662002066","Block 2066, Block Group 2, Census Tract 9662, Windsor County, Vermont","4","4","0"
"1000000US500279662002067","Block 2067, Block Group 2, Census Tract 9662, Windsor County, Vermont","2","2","0"
"1000000US500279662002068","Block 2068, Block Group 2, Census Tract 9662, Windsor County, Vermont","1","0","1"
"1000000US500279662002069","Block 2069, Block Group 2, Census Tract 9662, Windsor County, Vermont","0","0","0"
"1000000US500279662002070","Block 2070, Block Group 2, Census Tract 9662, Windsor County, Vermont","0","0","0"
"1000000US500279662002071","Block 2071, Block Group 2, Census Tract 9662, Windsor County, Vermont","2","1","1"
"1000000US500279662002072","Block 2072, Block Group 2, Census Tract 9662, Windsor County, Vermont","0","0","0"
"1000000US500279662002073","Block 2073, Block Group 2, Census Tract 9662, Windsor County, Vermont","9","9","0"
"1000000US500279662002074","Block 2074, Block Group 2, Census Tract 9662, Windsor County, Vermont","43","39","4"
"1000000US500279662002075","Block 2075, Block Group 2, Census Tract 9662, Windsor County, Vermont","6","5","1"
"1000000US500279662002076","Block 2076, Block Group 2, Census Tract 9662, Windsor County, Vermont","6","6","0"
"1000000US500279662002077","Block 2077, Block Group 2, Census Tract 9662, Windsor County, Vermont","3","3","0"
"1000000US500279662002078","Block 2078, Block Group 2, Census Tract 9662, Windsor County, Vermont","12","11","1"
"1000000US500279662002079","Block 2079, Block Group 2, Census Tract 9662, Windsor County, Vermont","21","16","5"
"1000000US500279662002080","Block 2080, Block Group 2, Census Tract 9662, Windsor County, Vermont","0","0","0"
"1000000US500279662002081","Block 2081, Block Group 2, Census Tract 9662, Windsor County, Vermont","0","0","0"
"1000000US500279662002082","Block 2082, Block Group 2, Census Tract 9662, Windsor County, Vermont","0","0","0"
"1000000US500279662002083","Block 2083, Block Group 2, Census Tract 9662, Windsor County, Vermont","0","0","0"
"1000000US500279662002084","Block 2084, Block Group 2, Census Tract 9662, Windsor County, Vermont","0","0","0"
"1000000US500279662002085","Block 2085, Block Group 2, Census Tract 9662, Windsor County, Vermont","0","0","0"
"1000000US500279662002086","Block 2086, Block Group 2, Census Tract 9662, Windsor County, Vermont","0","0","0"
"1000000US500279662002087","Block 2087, Block Group 2, Census Tract 9662, Windsor County, Vermont","7","6","1"
"1000000US500279663001000","Block 1000, Block Group 1, Census Tract 9663, Windsor County, Vermont","1","1","0"
"1000000US500279663001001","Block 1001, Block Group 1, Census Tract 9663, Windsor County, Vermont","0","0","0"
"1000000US500279663001002","Block 1002, Block Group 1, Census Tract 9663, Windsor County, Vermont","28","13","15"
"1000000US500279663001003","Block 1003, Block Group 1, Census Tract 9663, Windsor County, Vermont","0","0","0"
"1000000US500279663001004","Block 1004, Block Group 1, Census Tract 9663, Windsor County, Vermont","0","0","0"
"1000000US500279663001005","Block 1005, Block Group 1, Census Tract 9663, Windsor County, Vermont","4","1","3"
"1000000US500279663001006","Block 1006, Block Group 1, Census Tract 9663, Windsor County, Vermont","49","9","40"
"1000000US500279663001007","Block 1007, Block Group 1, Census Tract 9663, Windsor County, Vermont","0","0","0"
"1000000US500279663001008","Block 1008, Block Group 1, Census Tract 9663, Windsor County, Vermont","0","0","0"
"1000000US500279663001009","Block 1009, Block Group 1, Census Tract 9663, Windsor County, Vermont","2","2","0"
"1000000US500279663001010","Block 1010, Block Group 1, Census Tract 9663, Windsor County, Vermont","24","11","13"
"1000000US500279663001011","Block 1011, Block Group 1, Census Tract 9663, Windsor County, Vermont","0","0","0"
"1000000US500279663001012","Block 1012, Block Group 1, Census Tract 9663, Windsor County, Vermont","2","1","1"
"1000000US500279663001013","Block 1013, Block Group 1, Census Tract 9663, Windsor County, Vermont","50","12","38"
"1000000US500279663001014","Block 1014, Block Group 1, Census Tract 9663, Windsor County, Vermont","0","0","0"
"1000000US500279663001015","Block 1015, Block Group 1, Census Tract 9663, Windsor County, Vermont","0","0","0"
"1000000US500279663001016","Block 1016, Block Group 1, Census Tract 9663, Windsor County, Vermont","24","4","20"
"1000000US500279663001017","Block 1017, Block Group 1, Census Tract 9663, Windsor County, Vermont","5","2","3"
"1000000US500279663001018","Block 1018, Block Group 1, Census Tract 9663, Windsor County, Vermont","16","7","9"
"1000000US500279663001019","Block 1019, Block Group 1, Census Tract 9663, Windsor County, Vermont","3","0","3"
"1000000US500279663001020","Block 1020, Block Group 1, Census Tract 9663, Windsor County, Vermont","12","2","10"
"1000000US500279663001021","Block 1021, Block Group 1, Census Tract 9663, Windsor County, Vermont","29","3","26"
"1000000US500279663001022","Block 1022, Block Group 1, Census Tract 9663, Windsor County, Vermont","0","0","0"
"1000000US500279663001023","Block 1023, Block Group 1, Census Tract 9663, Windsor County, Vermont","14","2","12"
"1000000US500279663001024","Block 1024, Block Group 1, Census Tract 9663, Windsor County, Vermont","25","11","14"
"1000000US500279663001025","Block 1025, Block Group 1, Census Tract 9663, Windsor County, Vermont","11","0","11"
"1000000US500279663001026","Block 1026, Block Group 1, Census Tract 9663, Windsor County, Vermont","2","1","1"
"1000000US500279663001027","Block 1027, Block Group 1, Census Tract 9663, Windsor County, Vermont","6","0","6"
"1000000US500279663001028","Block 1028, Block Group 1, Census Tract 9663, Windsor County, Vermont","5","1","4"
"1000000US500279663001029","Block 1029, Block Group 1, Census Tract 9663, Windsor County, Vermont","6","3","3"
"1000000US500279663001030","Block 1030, Block Group 1, Census Tract 9663, Windsor County, Vermont","17","5","12"
"1000000US500279663001031","Block 1031, Block Group 1, Census Tract 9663, Windsor County, Vermont","0","0","0"
"1000000US500279663001032","Block 1032, Block Group 1, Census Tract 9663, Windsor County, Vermont","5","0","5"
"1000000US500279663001033","Block 1033, Block Group 1, Census Tract 9663, Windsor County, Vermont","0","0","0"
"1000000US500279663001034","Block 1034, Block Group 1, Census Tract 9663, Windsor County, Vermont","2","1","1"
"1000000US500279663001035","Block 1035, Block Group 1, Census Tract 9663, Windsor County, Vermont","19","10","9"
"1000000US500279663001036","Block 1036, Block Group 1, Census Tract 9663, Windsor County, Vermont","1","1","0"
"1000000US500279663001037","Block 1037, Block Group 1, Census Tract 9663, Windsor County, Vermont","0","0","0"
"1000000US500279663001038","Block 1038, Block Group 1, Census Tract 9663, Windsor County, Vermont","0","0","0"
"1000000US500279663001039","Block 1039, Block Group 1, Census Tract 9663, Windsor County, Vermont","0","0","0"
"1000000US500279663001040","Block 1040, Block Group 1, Census Tract 9663, Windsor County, Vermont","9","5","4"
"1000000US500279663001041","Block 1041, Block Group 1, Census Tract 9663, Windsor County, Vermont","3","1","2"
"1000000US500279663001042","Block 1042, Block Group 1, Census Tract 9663, Windsor County, Vermont","0","0","0"
"1000000US500279663001043","Block 1043, Block Group 1, Census Tract 9663, Windsor County, Vermont","6","3","3"
"1000000US500279663001044","Block 1044, Block Group 1, Census Tract 9663, Windsor County, Vermont","13","7","6"
"1000000US500279663001045","Block 1045, Block Group 1, Census Tract 9663, Windsor County, Vermont","8","1","7"
"1000000US500279663001046","Block 1046, Block Group 1, Census Tract 9663, Windsor County, Vermont","0","0","0"
"1000000US500279663001047","Block 1047, Block Group 1, Census Tract 9663, Windsor County, Vermont","5","3","2"
"1000000US500279663001048","Block 1048, Block Group 1, Census Tract 9663, Windsor County, Vermont","0","0","0"
"1000000US500279663001049","Block 1049, Block Group 1, Census Tract 9663, Windsor County, Vermont","0","0","0"
"1000000US500279663001050","Block 1050, Block Group 1, Census Tract 9663, Windsor County, Vermont","0","0","0"
"1000000US500279663001051","Block 1051, Block Group 1, Census Tract 9663, Windsor County, Vermont","53","17","36"
"1000000US500279663001052","Block 1052, Block Group 1, Census Tract 9663, Windsor County, Vermont","3","1","2"
"1000000US500279663001053","Block 1053, Block Group 1, Census Tract 9663, Windsor County, Vermont","0","0","0"
"1000000US500279663001054","Block 1054, Block Group 1, Census Tract 9663, Windsor County, Vermont","22","6","16"
"1000000US500279663001055","Block 1055, Block Group 1, Census Tract 9663, Windsor County, Vermont","6","2","4"
"1000000US500279663001056","Block 1056, Block Group 1, Census Tract 9663, Windsor County, Vermont","0","0","0"
"1000000US500279663001057","Block 1057, Block Group 1, Census Tract 9663, Windsor County, Vermont","0","0","0"
"1000000US500279663001058","Block 1058, Block Group 1, Census Tract 9663, Windsor County, Vermont","8","5","3"
"1000000US500279663001059","Block 1059, Block Group 1, Census Tract 9663, Windsor County, Vermont","0","0","0"
"1000000US500279663001060","Block 1060, Block Group 1, Census Tract 9663, Windsor County, Vermont","29","21","8"
"1000000US500279663001061","Block 1061, Block Group 1, Census Tract 9663, Windsor County, Vermont","0","0","0"
"1000000US500279663001062","Block 1062, Block Group 1, Census Tract 9663, Windsor County, Vermont","142","94","48"
"1000000US500279663001063","Block 1063, Block Group 1, Census Tract 9663, Windsor County, Vermont","48","30","18"
"1000000US500279663001064","Block 1064, Block Group 1, Census Tract 9663, Windsor County, Vermont","54","25","29"
"1000000US500279663001065","Block 1065, Block Group 1, Census Tract 9663, Windsor County, Vermont","25","6","19"
"1000000US500279663001066","Block 1066, Block Group 1, Census Tract 9663, Windsor County, Vermont","15","6","9"
"1000000US500279663001067","Block 1067, Block Group 1, Census Tract 9663, Windsor County, Vermont","0","0","0"
"1000000US500279663001068","Block 1068, Block Group 1, Census Tract 9663, Windsor County, Vermont","1","0","1"
"1000000US500279663001069","Block 1069, Block Group 1, Census Tract 9663, Windsor County, Vermont","1","0","1"
"1000000US500279663001070","Block 1070, Block Group 1, Census Tract 9663, Windsor County, Vermont","31","10","21"
"1000000US500279663001071","Block 1071, Block Group 1, Census Tract 9663, Windsor County, Vermont","3","0","3"
"1000000US500279663001072","Block 1072, Block Group 1, Census Tract 9663, Windsor County, Vermont","0","0","0"
"1000000US500279663001073","Block 1073, Block Group 1, Census Tract 9663, Windsor County, Vermont","36","12","24"
"1000000US500279663001074","Block 1074, Block Group 1, Census Tract 9663, Windsor County, Vermont","9","8","1"
"1000000US500279663001075","Block 1075, Block Group 1, Census Tract 9663, Windsor County, Vermont","4","0","4"
"1000000US500279663001076","Block 1076, Block Group 1, Census Tract 9663, Windsor County, Vermont","8","1","7"
"1000000US500279663001077","Block 1077, Block Group 1, Census Tract 9663, Windsor County, Vermont","8","2","6"
"1000000US500279663001078","Block 1078, Block Group 1, Census Tract 9663, Windsor County, Vermont","0","0","0"
"1000000US500279663001079","Block 1079, Block Group 1, Census Tract 9663, Windsor County, Vermont","1","0","1"
"1000000US500279663002000","Block 2000, Block Group 2, Census Tract 9663, Windsor County, Vermont","0","0","0"
"1000000US500279663002001","Block 2001, Block Group 2, Census Tract 9663, Windsor County, Vermont","0","0","0"
"1000000US500279663002002","Block 2002, Block Group 2, Census Tract 9663, Windsor County, Vermont","0","0","0"
"1000000US500279663002003","Block 2003, Block Group 2, Census Tract 9663, Windsor County, Vermont","6","4","2"
"1000000US500279663002004","Block 2004, Block Group 2, Census Tract 9663, Windsor County, Vermont","0","0","0"
"1000000US500279663002005","Block 2005, Block Group 2, Census Tract 9663, Windsor County, Vermont","4","4","0"
"1000000US500279663002006","Block 2006, Block Group 2, Census Tract 9663, Windsor County, Vermont","0","0","0"
"1000000US500279663002007","Block 2007, Block Group 2, Census Tract 9663, Windsor County, Vermont","10","6","4"
"1000000US500279663002008","Block 2008, Block Group 2, Census Tract 9663, Windsor County, Vermont","23","5","18"
"1000000US500279663002009","Block 2009, Block Group 2, Census Tract 9663, Windsor County, Vermont","8","3","5"
"1000000US500279663002010","Block 2010, Block Group 2, Census Tract 9663, Windsor County, Vermont","11","4","7"
"1000000US500279663002011","Block 2011, Block Group 2, Census Tract 9663, Windsor County, Vermont","53","32","21"
"1000000US500279663002012","Block 2012, Block Group 2, Census Tract 9663, Windsor County, Vermont","0","0","0"
"1000000US500279663002013","Block 2013, Block Group 2, Census Tract 9663, Windsor County, Vermont","34","3","31"
"1000000US500279663002014","Block 2014, Block Group 2, Census Tract 9663, Windsor County, Vermont","0","0","0"
"1000000US500279663002015","Block 2015, Block Group 2, Census Tract 9663, Windsor County, Vermont","0","0","0"
"1000000US500279663002016","Block 2016, Block Group 2, Census Tract 9663, Windsor County, Vermont","2","0","2"
"1000000US500279663002017","Block 2017, Block Group 2, Census Tract 9663, Windsor County, Vermont","32","20","12"
"1000000US500279663002018","Block 2018, Block Group 2, Census Tract 9663, Windsor County, Vermont","36","19","17"
"1000000US500279663002019","Block 2019, Block Group 2, Census Tract 9663, Windsor County, Vermont","0","0","0"
"1000000US500279663002020","Block 2020, Block Group 2, Census Tract 9663, Windsor County, Vermont","19","13","6"
"1000000US500279663002021","Block 2021, Block Group 2, Census Tract 9663, Windsor County, Vermont","30","18","12"
"1000000US500279663002022","Block 2022, Block Group 2, Census Tract 9663, Windsor County, Vermont","2","0","2"
"1000000US500279663002023","Block 2023, Block Group 2, Census Tract 9663, Windsor County, Vermont","11","6","5"
"1000000US500279663002024","Block 2024, Block Group 2, Census Tract 9663, Windsor County, Vermont","0","0","0"
"1000000US500279663002025","Block 2025, Block Group 2, Census Tract 9663, Windsor County, Vermont","24","6","18"
"1000000US500279663002026","Block 2026, Block Group 2, Census Tract 9663, Windsor County, Vermont","8","4","4"
"1000000US500279663002027","Block 2027, Block Group 2, Census Tract 9663, Windsor County, Vermont","0","0","0"
"1000000US500279663002028","Block 2028, Block Group 2, Census Tract 9663, Windsor County, Vermont","0","0","0"
"1000000US500279663002029","Block 2029, Block Group 2, Census Tract 9663, Windsor County, Vermont","33","2","31"
"1000000US500279663002030","Block 2030, Block Group 2, Census Tract 9663, Windsor County, Vermont","0","0","0"
"1000000US500279663002031","Block 2031, Block Group 2, Census Tract 9663, Windsor County, Vermont","17","11","6"
"1000000US500279663002032","Block 2032, Block Group 2, Census Tract 9663, Windsor County, Vermont","83","49","34"
"1000000US500279663002033","Block 2033, Block Group 2, Census Tract 9663, Windsor County, Vermont","2","1","1"
"1000000US500279663002034","Block 2034, Block Group 2, Census Tract 9663, Windsor County, Vermont","29","15","14"
"1000000US500279663002035","Block 2035, Block Group 2, Census Tract 9663, Windsor County, Vermont","20","17","3"
"1000000US500279663002036","Block 2036, Block Group 2, Census Tract 9663, Windsor County, Vermont","19","15","4"
"1000000US500279663002037","Block 2037, Block Group 2, Census Tract 9663, Windsor County, Vermont","1","1","0"
"1000000US500279663003000","Block 3000, Block Group 3, Census Tract 9663, Windsor County, Vermont","0","0","0"
"1000000US500279663003001","Block 3001, Block Group 3, Census Tract 9663, Windsor County, Vermont","0","0","0"
"1000000US500279663003002","Block 3002, Block Group 3, Census Tract 9663, Windsor County, Vermont","180","0","180"
"1000000US500279663003003","Block 3003, Block Group 3, Census Tract 9663, Windsor County, Vermont","5","2","3"
"1000000US500279663003004","Block 3004, Block Group 3, Census Tract 9663, Windsor County, Vermont","0","0","0"
"1000000US500279663003005","Block 3005, Block Group 3, Census Tract 9663, Windsor County, Vermont","0","0","0"
"1000000US500279663003006","Block 3006, Block Group 3, Census Tract 9663, Windsor County, Vermont","0","0","0"
"1000000US500279663003007","Block 3007, Block Group 3, Census Tract 9663, Windsor County, Vermont","0","0","0"
"1000000US500279663003008","Block 3008, Block Group 3, Census Tract 9663, Windsor County, Vermont","0","0","0"
"1000000US500279663003009","Block 3009, Block Group 3, Census Tract 9663, Windsor County, Vermont","5","3","2"
"1000000US500279663003010","Block 3010, Block Group 3, Census Tract 9663, Windsor County, Vermont","50","0","50"
"1000000US500279663003011","Block 3011, Block Group 3, Census Tract 9663, Windsor County, Vermont","0","0","0"
"1000000US500279663003012","Block 3012, Block Group 3, Census Tract 9663, Windsor County, Vermont","10","1","9"
"1000000US500279663003013","Block 3013, Block Group 3, Census Tract 9663, Windsor County, Vermont","11","0","11"
"1000000US500279663003014","Block 3014, Block Group 3, Census Tract 9663, Windsor County, Vermont","447","4","443"
"1000000US500279663003015","Block 3015, Block Group 3, Census Tract 9663, Windsor County, Vermont","366","37","329"
"1000000US500279663003016","Block 3016, Block Group 3, Census Tract 9663, Windsor County, Vermont","101","8","93"
"1000000US500279663003017","Block 3017, Block Group 3, Census Tract 9663, Windsor County, Vermont","1","0","1"
"1000000US500279663003018","Block 3018, Block Group 3, Census Tract 9663, Windsor County, Vermont","4","0","4"
"1000000US500279663003019","Block 3019, Block Group 3, Census Tract 9663, Windsor County, Vermont","0","0","0"
"1000000US500279663003020","Block 3020, Block Group 3, Census Tract 9663, Windsor County, Vermont","64","4","60"
"1000000US500279663003021","Block 3021, Block Group 3, Census Tract 9663, Windsor County, Vermont","1","1","0"
"1000000US500279663003022","Block 3022, Block Group 3, Census Tract 9663, Windsor County, Vermont","11","0","11"
"1000000US500279663003023","Block 3023, Block Group 3, Census Tract 9663, Windsor County, Vermont","10","2","8"
"1000000US500279663003024","Block 3024, Block Group 3, Census Tract 9663, Windsor County, Vermont","15","2","13"
"1000000US500279663003025","Block 3025, Block Group 3, Census Tract 9663, Windsor County, Vermont","2","0","2"
"1000000US500279663003026","Block 3026, Block Group 3, Census Tract 9663, Windsor County, Vermont","14","10","4"
"1000000US500279663003027","Block 3027, Block Group 3, Census Tract 9663, Windsor County, Vermont","0","0","0"
"1000000US500279663003028","Block 3028, Block Group 3, Census Tract 9663, Windsor County, Vermont","0","0","0"
"1000000US500279663003029","Block 3029, Block Group 3, Census Tract 9663, Windsor County, Vermont","1","0","1"
"1000000US500279663003030","Block 3030, Block Group 3, Census Tract 9663, Windsor County, Vermont","29","0","29"
"1000000US500279663003031","Block 3031, Block Group 3, Census Tract 9663, Windsor County, Vermont","1","0","1"
"1000000US500279663003032","Block 3032, Block Group 3, Census Tract 9663, Windsor County, Vermont","6","6","0"
"1000000US500279663003033","Block 3033, Block Group 3, Census Tract 9663, Windsor County, Vermont","0","0","0"
"1000000US500279663003034","Block 3034, Block Group 3, Census Tract 9663, Windsor County, Vermont","160","59","101"
"1000000US500279663003035","Block 3035, Block Group 3, Census Tract 9663, Windsor County, Vermont","2","0","2"
"1000000US500279663003036","Block 3036, Block Group 3, Census Tract 9663, Windsor County, Vermont","3","3","0"
"1000000US500279663003037","Block 3037, Block Group 3, Census Tract 9663, Windsor County, Vermont","0","0","0"
"1000000US500279663003038","Block 3038, Block Group 3, Census Tract 9663, Windsor County, Vermont","2","2","0"
"1000000US500279663003039","Block 3039, Block Group 3, Census Tract 9663, Windsor County, Vermont","4","4","0"
"1000000US500279663003040","Block 3040, Block Group 3, Census Tract 9663, Windsor County, Vermont","23","8","15"
"1000000US500279663003041","Block 3041, Block Group 3, Census Tract 9663, Windsor County, Vermont","5","4","1"
"1000000US500279663003042","Block 3042, Block Group 3, Census Tract 9663, Windsor County, Vermont","0","0","0"
"1000000US500279663003043","Block 3043, Block Group 3, Census Tract 9663, Windsor County, Vermont","43","21","22"
"1000000US500279663003044","Block 3044, Block Group 3, Census Tract 9663, Windsor County, Vermont","3","1","2"
"1000000US500279663003045","Block 3045, Block Group 3, Census Tract 9663, Windsor County, Vermont","0","0","0"
"1000000US500279663003046","Block 3046, Block Group 3, Census Tract 9663, Windsor County, Vermont","21","6","15"
"1000000US500279663003047","Block 3047, Block Group 3, Census Tract 9663, Windsor County, Vermont","3","2","1"
"1000000US500279663003048","Block 3048, Block Group 3, Census Tract 9663, Windsor County, Vermont","0","0","0"
"1000000US500279663003049","Block 3049, Block Group 3, Census Tract 9663, Windsor County, Vermont","0","0","0"
"1000000US500279663003050","Block 3050, Block Group 3, Census Tract 9663, Windsor County, Vermont","3","2","1"
"1000000US500279663003051","Block 3051, Block Group 3, Census Tract 9663, Windsor County, Vermont","4","3","1"
"1000000US500279663003052","Block 3052, Block Group 3, Census Tract 9663, Windsor County, Vermont","3","1","2"
"1000000US500279663003053","Block 3053, Block Group 3, Census Tract 9663, Windsor County, Vermont","5","3","2"
"1000000US500279663003054","Block 3054, Block Group 3, Census Tract 9663, Windsor County, Vermont","2","0","2"
"1000000US500279663003055","Block 3055, Block Group 3, Census Tract 9663, Windsor County, Vermont","4","3","1"
"1000000US500279663003056","Block 3056, Block Group 3, Census Tract 9663, Windsor County, Vermont","22","12","10"
"1000000US500279663003057","Block 3057, Block Group 3, Census Tract 9663, Windsor County, Vermont","35","22","13"
"1000000US500279663003058","Block 3058, Block Group 3, Census Tract 9663, Windsor County, Vermont","0","0","0"
"1000000US500279663003059","Block 3059, Block Group 3, Census Tract 9663, Windsor County, Vermont","1","1","0"
"1000000US500279663003060","Block 3060, Block Group 3, Census Tract 9663, Windsor County, Vermont","0","0","0"
"1000000US500279663003061","Block 3061, Block Group 3, Census Tract 9663, Windsor County, Vermont","0","0","0"
"1000000US500279663003062","Block 3062, Block Group 3, Census Tract 9663, Windsor County, Vermont","6","3","3"
"1000000US500279663003063","Block 3063, Block Group 3, Census Tract 9663, Windsor County, Vermont","0","0","0"
"1000000US500279663003064","Block 3064, Block Group 3, Census Tract 9663, Windsor County, Vermont","0","0","0"
"1000000US500279663003065","Block 3065, Block Group 3, Census Tract 9663, Windsor County, Vermont","0","0","0"
"1000000US500279663003066","Block 3066, Block Group 3, Census Tract 9663, Windsor County, Vermont","1","1","0"
"1000000US500279663003067","Block 3067, Block Group 3, Census Tract 9663, Windsor County, Vermont","14","7","7"
"1000000US500279663003068","Block 3068, Block Group 3, Census Tract 9663, Windsor County, Vermont","0","0","0"
"1000000US500279663003069","Block 3069, Block Group 3, Census Tract 9663, Windsor County, Vermont","8","4","4"
"1000000US500279663003070","Block 3070, Block Group 3, Census Tract 9663, Windsor County, Vermont","0","0","0"
"1000000US500279663003071","Block 3071, Block Group 3, Census Tract 9663, Windsor County, Vermont","0","0","0"
"1000000US500279663003072","Block 3072, Block Group 3, Census Tract 9663, Windsor County, Vermont","0","0","0"
"1000000US500279663003073","Block 3073, Block Group 3, Census Tract 9663, Windsor County, Vermont","0","0","0"
"1000000US500279663003074","Block 3074, Block Group 3, Census Tract 9663, Windsor County, Vermont","56","23","33"
"1000000US500279663003075","Block 3075, Block Group 3, Census Tract 9663, Windsor County, Vermont","3","1","2"
"1000000US500279663003076","Block 3076, Block Group 3, Census Tract 9663, Windsor County, Vermont","0","0","0"
"1000000US500279663003077","Block 3077, Block Group 3, Census Tract 9663, Windsor County, Vermont","3","0","3"
"1000000US500279663003078","Block 3078, Block Group 3, Census Tract 9663, Windsor County, Vermont","0","0","0"
"1000000US500279663003079","Block 3079, Block Group 3, Census Tract 9663, Windsor County, Vermont","0","0","0"
"1000000US500279663003080","Block 3080, Block Group 3, Census Tract 9663, Windsor County, Vermont","0","0","0"
"1000000US500279663003081","Block 3081, Block Group 3, Census Tract 9663, Windsor County, Vermont","0","0","0"
"1000000US500279663003082","Block 3082, Block Group 3, Census Tract 9663, Windsor County, Vermont","0","0","0"
"1000000US500279663003083","Block 3083, Block Group 3, Census Tract 9663, Windsor County, Vermont","0","0","0"
"1000000US500279663003084","Block 3084, Block Group 3, Census Tract 9663, Windsor County, Vermont","14","8","6"
"1000000US500279663003085","Block 3085, Block Group 3, Census Tract 9663, Windsor County, Vermont","0","0","0"
"1000000US500279663003086","Block 3086, Block Group 3, Census Tract 9663, Windsor County, Vermont","22","2","20"
"1000000US500279663003087","Block 3087, Block Group 3, Census Tract 9663, Windsor County, Vermont","0","0","0"
"1000000US500279663003088","Block 3088, Block Group 3, Census Tract 9663, Windsor County, Vermont","7","4","3"
"1000000US500279663003089","Block 3089, Block Group 3, Census Tract 9663, Windsor County, Vermont","37","12","25"
"1000000US500279663003090","Block 3090, Block Group 3, Census Tract 9663, Windsor County, Vermont","0","0","0"
"1000000US500279663003091","Block 3091, Block Group 3, Census Tract 9663, Windsor County, Vermont","0","0","0"
"1000000US500279663003092","Block 3092, Block Group 3, Census Tract 9663, Windsor County, Vermont","1","0","1"
"1000000US500279663003093","Block 3093, Block Group 3, Census Tract 9663, Windsor County, Vermont","0","0","0"
"1000000US500279663003094","Block 3094, Block Group 3, Census Tract 9663, Windsor County, Vermont","1","1","0"
"1000000US500279663003095","Block 3095, Block Group 3, Census Tract 9663, Windsor County, Vermont","0","0","0"
"1000000US500279665001000","Block 1000, Block Group 1, Census Tract 9665, Windsor County, Vermont","0","0","0"
"1000000US500279665001001","Block 1001, Block Group 1, Census Tract 9665, Windsor County, Vermont","15","12","3"
"1000000US500279665001002","Block 1002, Block Group 1, Census Tract 9665, Windsor County, Vermont","0","0","0"
"1000000US500279665001003","Block 1003, Block Group 1, Census Tract 9665, Windsor County, Vermont","5","4","1"
"1000000US500279665001004","Block 1004, Block Group 1, Census Tract 9665, Windsor County, Vermont","8","7","1"
"1000000US500279665001005","Block 1005, Block Group 1, Census Tract 9665, Windsor County, Vermont","2","2","0"
"1000000US500279665001006","Block 1006, Block Group 1, Census Tract 9665, Windsor County, Vermont","14","9","5"
"1000000US500279665001007","Block 1007, Block Group 1, Census Tract 9665, Windsor County, Vermont","0","0","0"
"1000000US500279665001008","Block 1008, Block Group 1, Census Tract 9665, Windsor County, Vermont","7","3","4"
"1000000US500279665001009","Block 1009, Block Group 1, Census Tract 9665, Windsor County, Vermont","2","1","1"
"1000000US500279665001010","Block 1010, Block Group 1, Census Tract 9665, Windsor County, Vermont","21","17","4"
"1000000US500279665001011","Block 1011, Block Group 1, Census Tract 9665, Windsor County, Vermont","3","2","1"
"1000000US500279665001012","Block 1012, Block Group 1, Census Tract 9665, Windsor County, Vermont","16","14","2"
"1000000US500279665001013","Block 1013, Block Group 1, Census Tract 9665, Windsor County, Vermont","2","2","0"
"1000000US500279665001014","Block 1014, Block Group 1, Census Tract 9665, Windsor County, Vermont","29","24","5"
"1000000US500279665001015","Block 1015, Block Group 1, Census Tract 9665, Windsor County, Vermont","2","2","0"
"1000000US500279665001016","Block 1016, Block Group 1, Census Tract 9665, Windsor County, Vermont","0","0","0"
"1000000US500279665001017","Block 1017, Block Group 1, Census Tract 9665, Windsor County, Vermont","3","3","0"
"1000000US500279665001018","Block 1018, Block Group 1, Census Tract 9665, Windsor County, Vermont","8","6","2"
"1000000US500279665001019","Block 1019, Block Group 1, Census Tract 9665, Windsor County, Vermont","3","3","0"
"1000000US500279665001020","Block 1020, Block Group 1, Census Tract 9665, Windsor County, Vermont","22","21","1"
"1000000US500279665001021","Block 1021, Block Group 1, Census Tract 9665, Windsor County, Vermont","0","0","0"
"1000000US500279665001022","Block 1022, Block Group 1, Census Tract 9665, Windsor County, Vermont","1","1","0"
"1000000US500279665001023","Block 1023, Block Group 1, Census Tract 9665, Windsor County, Vermont","0","0","0"
"1000000US500279665001024","Block 1024, Block Group 1, Census Tract 9665, Windsor County, Vermont","13","13","0"
"1000000US500279665001025","Block 1025, Block Group 1, Census Tract 9665, Windsor County, Vermont","74","58","16"
"1000000US500279665001026","Block 1026, Block Group 1, Census Tract 9665, Windsor County, Vermont","1","1","0"
"1000000US500279665001027","Block 1027, Block Group 1, Census Tract 9665, Windsor County, Vermont","45","37","8"
"1000000US500279665001028","Block 1028, Block Group 1, Census Tract 9665, Windsor County, Vermont","36","30","6"
"1000000US500279665001029","Block 1029, Block Group 1, Census Tract 9665, Windsor County, Vermont","2","1","1"
"1000000US500279665001030","Block 1030, Block Group 1, Census Tract 9665, Windsor County, Vermont","3","3","0"
"1000000US500279665001031","Block 1031, Block Group 1, Census Tract 9665, Windsor County, Vermont","0","0","0"
"1000000US500279665001032","Block 1032, Block Group 1, Census Tract 9665, Windsor County, Vermont","2","1","1"
"1000000US500279665001033","Block 1033, Block Group 1, Census Tract 9665, Windsor County, Vermont","4","3","1"
"1000000US500279665001034","Block 1034, Block Group 1, Census Tract 9665, Windsor County, Vermont","1","1","0"
"1000000US500279665001035","Block 1035, Block Group 1, Census Tract 9665, Windsor County, Vermont","2","2","0"
"1000000US500279665001036","Block 1036, Block Group 1, Census Tract 9665, Windsor County, Vermont","45","36","9"
"1000000US500279665001037","Block 1037, Block Group 1, Census Tract 9665, Windsor County, Vermont","0","0","0"
"1000000US500279665001038","Block 1038, Block Group 1, Census Tract 9665, Windsor County, Vermont","29","22","7"
"1000000US500279665001039","Block 1039, Block Group 1, Census Tract 9665, Windsor County, Vermont","5","5","0"
"1000000US500279665001040","Block 1040, Block Group 1, Census Tract 9665, Windsor County, Vermont","4","3","1"
"1000000US500279665001041","Block 1041, Block Group 1, Census Tract 9665, Windsor County, Vermont","75","59","16"
"1000000US500279665001042","Block 1042, Block Group 1, Census Tract 9665, Windsor County, Vermont","0","0","0"
"1000000US500279665001043","Block 1043, Block Group 1, Census Tract 9665, Windsor County, Vermont","2","2","0"
"1000000US500279665001044","Block 1044, Block Group 1, Census Tract 9665, Windsor County, Vermont","3","3","0"
"1000000US500279665001045","Block 1045, Block Group 1, Census Tract 9665, Windsor County, Vermont","0","0","0"
"1000000US500279665001046","Block 1046, Block Group 1, Census Tract 9665, Windsor County, Vermont","2","2","0"
"1000000US500279665001047","Block 1047, Block Group 1, Census Tract 9665, Windsor County, Vermont","51","40","11"
"1000000US500279665001048","Block 1048, Block Group 1, Census Tract 9665, Windsor County, Vermont","2","1","1"
"1000000US500279665001049","Block 1049, Block Group 1, Census Tract 9665, Windsor County, Vermont","2","2","0"
"1000000US500279665001050","Block 1050, Block Group 1, Census Tract 9665, Windsor County, Vermont","7","7","0"
"1000000US500279665001051","Block 1051, Block Group 1, Census Tract 9665, Windsor County, Vermont","0","0","0"
"1000000US500279665001052","Block 1052, Block Group 1, Census Tract 9665, Windsor County, Vermont","0","0","0"
"1000000US500279665001053","Block 1053, Block Group 1, Census Tract 9665, Windsor County, Vermont","4","4","0"
"1000000US500279665001054","Block 1054, Block Group 1, Census Tract 9665, Windsor County, Vermont","0","0","0"
"1000000US500279665001055","Block 1055, Block Group 1, Census Tract 9665, Windsor County, Vermont","0","0","0"
"1000000US500279665001056","Block 1056, Block Group 1, Census Tract 9665, Windsor County, Vermont","0","0","0"
"1000000US500279665001057","Block 1057, Block Group 1, Census Tract 9665, Windsor County, Vermont","0","0","0"
"1000000US500279665001058","Block 1058, Block Group 1, Census Tract 9665, Windsor County, Vermont","0","0","0"
"1000000US500279665001059","Block 1059, Block Group 1, Census Tract 9665, Windsor County, Vermont","0","0","0"
"1000000US500279665001060","Block 1060, Block Group 1, Census Tract 9665, Windsor County, Vermont","0","0","0"
"1000000US500279665001061","Block 1061, Block Group 1, Census Tract 9665, Windsor County, Vermont","0","0","0"
"1000000US500279665001062","Block 1062, Block Group 1, Census Tract 9665, Windsor County, Vermont","9","7","2"
"1000000US500279665001063","Block 1063, Block Group 1, Census Tract 9665, Windsor County, Vermont","4","4","0"
"1000000US500279665001064","Block 1064, Block Group 1, Census Tract 9665, Windsor County, Vermont","6","3","3"
"1000000US500279665001065","Block 1065, Block Group 1, Census Tract 9665, Windsor County, Vermont","2","2","0"
"1000000US500279665001066","Block 1066, Block Group 1, Census Tract 9665, Windsor County, Vermont","0","0","0"
"1000000US500279665001067","Block 1067, Block Group 1, Census Tract 9665, Windsor County, Vermont","0","0","0"
"1000000US500279665001068","Block 1068, Block Group 1, Census Tract 9665, Windsor County, Vermont","0","0","0"
"1000000US500279665001069","Block 1069, Block Group 1, Census Tract 9665, Windsor County, Vermont","3","3","0"
"1000000US500279665002000","Block 2000, Block Group 2, Census Tract 9665, Windsor County, Vermont","3","3","0"
"1000000US500279665002001","Block 2001, Block Group 2, Census Tract 9665, Windsor County, Vermont","8","7","1"
"1000000US500279665002002","Block 2002, Block Group 2, Census Tract 9665, Windsor County, Vermont","0","0","0"
"1000000US500279665002003","Block 2003, Block Group 2, Census Tract 9665, Windsor County, Vermont","7","7","0"
"1000000US500279665002004","Block 2004, Block Group 2, Census Tract 9665, Windsor County, Vermont","51","46","5"
"1000000US500279665002005","Block 2005, Block Group 2, Census Tract 9665, Windsor County, Vermont","10","9","1"
"1000000US500279665002006","Block 2006, Block Group 2, Census Tract 9665, Windsor County, Vermont","0","0","0"
"1000000US500279665002007","Block 2007, Block Group 2, Census Tract 9665, Windsor County, Vermont","0","0","0"
"1000000US500279665002008","Block 2008, Block Group 2, Census Tract 9665, Windsor County, Vermont","1","0","1"
"1000000US500279665002009","Block 2009, Block Group 2, Census Tract 9665, Windsor County, Vermont","10","8","2"
"1000000US500279665002010","Block 2010, Block Group 2, Census Tract 9665, Windsor County, Vermont","36","33","3"
"1000000US500279665002011","Block 2011, Block Group 2, Census Tract 9665, Windsor County, Vermont","0","0","0"
"1000000US500279665002012","Block 2012, Block Group 2, Census Tract 9665, Windsor County, Vermont","3","3","0"
"1000000US500279665002013","Block 2013, Block Group 2, Census Tract 9665, Windsor County, Vermont","1","1","0"
"1000000US500279665002014","Block 2014, Block Group 2, Census Tract 9665, Windsor County, Vermont","0","0","0"
"1000000US500279665002015","Block 2015, Block Group 2, Census Tract 9665, Windsor County, Vermont","18","15","3"
"1000000US500279665002016","Block 2016, Block Group 2, Census Tract 9665, Windsor County, Vermont","19","14","5"
"1000000US500279665002017","Block 2017, Block Group 2, Census Tract 9665, Windsor County, Vermont","0","0","0"
"1000000US500279665002018","Block 2018, Block Group 2, Census Tract 9665, Windsor County, Vermont","3","3","0"
"1000000US500279665002019","Block 2019, Block Group 2, Census Tract 9665, Windsor County, Vermont","0","0","0"
"1000000US500279665002020","Block 2020, Block Group 2, Census Tract 9665, Windsor County, Vermont","7","6","1"
"1000000US500279665002021","Block 2021, Block Group 2, Census Tract 9665, Windsor County, Vermont","0","0","0"
"1000000US500279665002022","Block 2022, Block Group 2, Census Tract 9665, Windsor County, Vermont","62","59","3"
"1000000US500279665002023","Block 2023, Block Group 2, Census Tract 9665, Windsor County, Vermont","0","0","0"
"1000000US500279665002024","Block 2024, Block Group 2, Census Tract 9665, Windsor County, Vermont","38","33","5"
"1000000US500279665002025","Block 2025, Block Group 2, Census Tract 9665, Windsor County, Vermont","1","1","0"
"1000000US500279665002026","Block 2026, Block Group 2, Census Tract 9665, Windsor County, Vermont","99","72","27"
"1000000US500279665002027","Block 2027, Block Group 2, Census Tract 9665, Windsor County, Vermont","0","0","0"
"1000000US500279665002028","Block 2028, Block Group 2, Census Tract 9665, Windsor County, Vermont","0","0","0"
"1000000US500279665002029","Block 2029, Block Group 2, Census Tract 9665, Windsor County, Vermont","0","0","0"
"1000000US500279665002030","Block 2030, Block Group 2, Census Tract 9665, Windsor County, Vermont","29","26","3"
"1000000US500279665002031","Block 2031, Block Group 2, Census Tract 9665, Windsor County, Vermont","6","5","1"
"1000000US500279665002032","Block 2032, Block Group 2, Census Tract 9665, Windsor County, Vermont","11","9","2"
"1000000US500279665002033","Block 2033, Block Group 2, Census Tract 9665, Windsor County, Vermont","25","25","0"
"1000000US500279665002034","Block 2034, Block Group 2, Census Tract 9665, Windsor County, Vermont","0","0","0"
"1000000US500279665002035","Block 2035, Block Group 2, Census Tract 9665, Windsor County, Vermont","13","12","1"
"1000000US500279665002036","Block 2036, Block Group 2, Census Tract 9665, Windsor County, Vermont","5","5","0"
"1000000US500279665002037","Block 2037, Block Group 2, Census Tract 9665, Windsor County, Vermont","4","2","2"
"1000000US500279665002038","Block 2038, Block Group 2, Census Tract 9665, Windsor County, Vermont","68","64","4"
"1000000US500279665002039","Block 2039, Block Group 2, Census Tract 9665, Windsor County, Vermont","15","13","2"
"1000000US500279665002040","Block 2040, Block Group 2, Census Tract 9665, Windsor County, Vermont","4","3","1"
"1000000US500279665002041","Block 2041, Block Group 2, Census Tract 9665, Windsor County, Vermont","11","11","0"
"1000000US500279665003000","Block 3000, Block Group 3, Census Tract 9665, Windsor County, Vermont","4","1","3"
"1000000US500279665003001","Block 3001, Block Group 3, Census Tract 9665, Windsor County, Vermont","1","0","1"
"1000000US500279665003002","Block 3002, Block Group 3, Census Tract 9665, Windsor County, Vermont","0","0","0"
"1000000US500279665003003","Block 3003, Block Group 3, Census Tract 9665, Windsor County, Vermont","3","2","1"
"1000000US500279665003004","Block 3004, Block Group 3, Census Tract 9665, Windsor County, Vermont","2","1","1"
"1000000US500279665003005","Block 3005, Block Group 3, Census Tract 9665, Windsor County, Vermont","4","3","1"
"1000000US500279665003006","Block 3006, Block Group 3, Census Tract 9665, Windsor County, Vermont","0","0","0"
"1000000US500279665003007","Block 3007, Block Group 3, Census Tract 9665, Windsor County, Vermont","1","0","1"
"1000000US500279665003008","Block 3008, Block Group 3, Census Tract 9665, Windsor County, Vermont","0","0","0"
"1000000US500279665003009","Block 3009, Block Group 3, Census Tract 9665, Windsor County, Vermont","1","0","1"
"1000000US500279665003010","Block 3010, Block Group 3, Census Tract 9665, Windsor County, Vermont","153","83","70"
"1000000US500279665003011","Block 3011, Block Group 3, Census Tract 9665, Windsor County, Vermont","0","0","0"
"1000000US500279665003012","Block 3012, Block Group 3, Census Tract 9665, Windsor County, Vermont","1","1","0"
"1000000US500279665003013","Block 3013, Block Group 3, Census Tract 9665, Windsor County, Vermont","1","1","0"
"1000000US500279665003014","Block 3014, Block Group 3, Census Tract 9665, Windsor County, Vermont","0","0","0"
"1000000US500279665003015","Block 3015, Block Group 3, Census Tract 9665, Windsor County, Vermont","2","2","0"
"1000000US500279665003016","Block 3016, Block Group 3, Census Tract 9665, Windsor County, Vermont","0","0","0"
"1000000US500279665003017","Block 3017, Block Group 3, Census Tract 9665, Windsor County, Vermont","0","0","0"
"1000000US500279665003018","Block 3018, Block Group 3, Census Tract 9665, Windsor County, Vermont","0","0","0"
"1000000US500279665003019","Block 3019, Block Group 3, Census Tract 9665, Windsor County, Vermont","0","0","0"
"1000000US500279665003020","Block 3020, Block Group 3, Census Tract 9665, Windsor County, Vermont","0","0","0"
"1000000US500279665003021","Block 3021, Block Group 3, Census Tract 9665, Windsor County, Vermont","0","0","0"
"1000000US500279665003022","Block 3022, Block Group 3, Census Tract 9665, Windsor County, Vermont","0","0","0"
"1000000US500279665003023","Block 3023, Block Group 3, Census Tract 9665, Windsor County, Vermont","27","20","7"
"1000000US500279665003024","Block 3024, Block Group 3, Census Tract 9665, Windsor County, Vermont","3","1","2"
"1000000US500279665003025","Block 3025, Block Group 3, Census Tract 9665, Windsor County, Vermont","0","0","0"
"1000000US500279665003026","Block 3026, Block Group 3, Census Tract 9665, Windsor County, Vermont","0","0","0"
"1000000US500279665003027","Block 3027, Block Group 3, Census Tract 9665, Windsor County, Vermont","0","0","0"
"1000000US500279665003028","Block 3028, Block Group 3, Census Tract 9665, Windsor County, Vermont","0","0","0"
"1000000US500279665003029","Block 3029, Block Group 3, Census Tract 9665, Windsor County, Vermont","1","1","0"
"1000000US500279665003030","Block 3030, Block Group 3, Census Tract 9665, Windsor County, Vermont","0","0","0"
"1000000US500279665003031","Block 3031, Block Group 3, Census Tract 9665, Windsor County, Vermont","6","2","4"
"1000000US500279665003032","Block 3032, Block Group 3, Census Tract 9665, Windsor County, Vermont","0","0","0"
"1000000US500279665003033","Block 3033, Block Group 3, Census Tract 9665, Windsor County, Vermont","2","1","1"
"1000000US500279665003034","Block 3034, Block Group 3, Census Tract 9665, Windsor County, Vermont","0","0","0"
"1000000US500279665003035","Block 3035, Block Group 3, Census Tract 9665, Windsor County, Vermont","8","3","5"
"1000000US500279665003036","Block 3036, Block Group 3, Census Tract 9665, Windsor County, Vermont","13","12","1"
"1000000US500279665003037","Block 3037, Block Group 3, Census Tract 9665, Windsor County, Vermont","0","0","0"
"1000000US500279665003038","Block 3038, Block Group 3, Census Tract 9665, Windsor County, Vermont","3","2","1"
"1000000US500279665003039","Block 3039, Block Group 3, Census Tract 9665, Windsor County, Vermont","0","0","0"
"1000000US500279665003040","Block 3040, Block Group 3, Census Tract 9665, Windsor County, Vermont","0","0","0"
"1000000US500279665003041","Block 3041, Block Group 3, Census Tract 9665, Windsor County, Vermont","0","0","0"
"1000000US500279665003042","Block 3042, Block Group 3, Census Tract 9665, Windsor County, Vermont","0","0","0"
"1000000US500279665003043","Block 3043, Block Group 3, Census Tract 9665, Windsor County, Vermont","0","0","0"
"1000000US500279665003044","Block 3044, Block Group 3, Census Tract 9665, Windsor County, Vermont","12","8","4"
"1000000US500279665003045","Block 3045, Block Group 3, Census Tract 9665, Windsor County, Vermont","0","0","0"
"1000000US500279665003046","Block 3046, Block Group 3, Census Tract 9665, Windsor County, Vermont","0","0","0"
"1000000US500279665003047","Block 3047, Block Group 3, Census Tract 9665, Windsor County, Vermont","8","4","4"
"1000000US500279665003048","Block 3048, Block Group 3, Census Tract 9665, Windsor County, Vermont","2","1","1"
"1000000US500279665003049","Block 3049, Block Group 3, Census Tract 9665, Windsor County, Vermont","5","2","3"
"1000000US500279665003050","Block 3050, Block Group 3, Census Tract 9665, Windsor County, Vermont","0","0","0"
"1000000US500279665003051","Block 3051, Block Group 3, Census Tract 9665, Windsor County, Vermont","4","2","2"
"1000000US500279665003052","Block 3052, Block Group 3, Census Tract 9665, Windsor County, Vermont","0","0","0"
"1000000US500279665003053","Block 3053, Block Group 3, Census Tract 9665, Windsor County, Vermont","0","0","0"
"1000000US500279665003054","Block 3054, Block Group 3, Census Tract 9665, Windsor County, Vermont","5","3","2"
"1000000US500279665003055","Block 3055, Block Group 3, Census Tract 9665, Windsor County, Vermont","0","0","0"
"1000000US500279665003056","Block 3056, Block Group 3, Census Tract 9665, Windsor County, Vermont","5","1","4"
"1000000US500279665003057","Block 3057, Block Group 3, Census Tract 9665, Windsor County, Vermont","0","0","0"
"1000000US500279665003058","Block 3058, Block Group 3, Census Tract 9665, Windsor County, Vermont","103","79","24"
"1000000US500279665003059","Block 3059, Block Group 3, Census Tract 9665, Windsor County, Vermont","0","0","0"
"1000000US500279665003060","Block 3060, Block Group 3, Census Tract 9665, Windsor County, Vermont","0","0","0"
"1000000US500279665003061","Block 3061, Block Group 3, Census Tract 9665, Windsor County, Vermont","0","0","0"
"1000000US500279665003062","Block 3062, Block Group 3, Census Tract 9665, Windsor County, Vermont","0","0","0"
"1000000US500279665003063","Block 3063, Block Group 3, Census Tract 9665, Windsor County, Vermont","3","3","0"
"1000000US500279665003064","Block 3064, Block Group 3, Census Tract 9665, Windsor County, Vermont","14","11","3"
"1000000US500279665003065","Block 3065, Block Group 3, Census Tract 9665, Windsor County, Vermont","8","4","4"
"1000000US500279665003066","Block 3066, Block Group 3, Census Tract 9665, Windsor County, Vermont","0","0","0"
"1000000US500279665003067","Block 3067, Block Group 3, Census Tract 9665, Windsor County, Vermont","0","0","0"
"1000000US500279665003068","Block 3068, Block Group 3, Census Tract 9665, Windsor County, Vermont","0","0","0"
"1000000US500279665003069","Block 3069, Block Group 3, Census Tract 9665, Windsor County, Vermont","14","11","3"
"1000000US500279665003070","Block 3070, Block Group 3, Census Tract 9665, Windsor County, Vermont","1","0","1"
"1000000US500279665003071","Block 3071, Block Group 3, Census Tract 9665, Windsor County, Vermont","0","0","0"
"1000000US500279665003072","Block 3072, Block Group 3, Census Tract 9665, Windsor County, Vermont","1","0","1"
"1000000US500279665003073","Block 3073, Block Group 3, Census Tract 9665, Windsor County, Vermont","7","5","2"
"1000000US500279665003074","Block 3074, Block Group 3, Census Tract 9665, Windsor County, Vermont","0","0","0"
"1000000US500279665003075","Block 3075, Block Group 3, Census Tract 9665, Windsor County, Vermont","51","39","12"
"1000000US500279665003076","Block 3076, Block Group 3, Census Tract 9665, Windsor County, Vermont","10","9","1"
"1000000US500279665003077","Block 3077, Block Group 3, Census Tract 9665, Windsor County, Vermont","1","1","0"
"1000000US500279665003078","Block 3078, Block Group 3, Census Tract 9665, Windsor County, Vermont","0","0","0"
"1000000US500279665003079","Block 3079, Block Group 3, Census Tract 9665, Windsor County, Vermont","8","8","0"
"1000000US500279665003080","Block 3080, Block Group 3, Census Tract 9665, Windsor County, Vermont","16","15","1"
"1000000US500279665003081","Block 3081, Block Group 3, Census Tract 9665, Windsor County, Vermont","0","0","0"
"1000000US500279665003082","Block 3082, Block Group 3, Census Tract 9665, Windsor County, Vermont","0","0","0"
"1000000US500279665003083","Block 3083, Block Group 3, Census Tract 9665, Windsor County, Vermont","4","1","3"
"1000000US500279665003084","Block 3084, Block Group 3, Census Tract 9665, Windsor County, Vermont","14","3","11"
"1000000US500279665003085","Block 3085, Block Group 3, Census Tract 9665, Windsor County, Vermont","0","0","0"
"1000000US500279665003086","Block 3086, Block Group 3, Census Tract 9665, Windsor County, Vermont","2","1","1"
"1000000US500279665003087","Block 3087, Block Group 3, Census Tract 9665, Windsor County, Vermont","0","0","0"
"1000000US500279665003088","Block 3088, Block Group 3, Census Tract 9665, Windsor County, Vermont","0","0","0"
"1000000US500279665003089","Block 3089, Block Group 3, Census Tract 9665, Windsor County, Vermont","0","0","0"
"1000000US500279665003090","Block 3090, Block Group 3, Census Tract 9665, Windsor County, Vermont","0","0","0"
"1000000US500279665003091","Block 3091, Block Group 3, Census Tract 9665, Windsor County, Vermont","7","7","0"
"1000000US500279665003092","Block 3092, Block Group 3, Census Tract 9665, Windsor County, Vermont","1","0","1"
"1000000US500279665003093","Block 3093, Block Group 3, Census Tract 9665, Windsor County, Vermont","2","2","0"
"1000000US500279665003094","Block 3094, Block Group 3, Census Tract 9665, Windsor County, Vermont","0","0","0"
"1000000US500279665003095","Block 3095, Block Group 3, Census Tract 9665, Windsor County, Vermont","4","4","0"
"1000000US500279665003096","Block 3096, Block Group 3, Census Tract 9665, Windsor County, Vermont","1","1","0"
"1000000US500279665003097","Block 3097, Block Group 3, Census Tract 9665, Windsor County, Vermont","0","0","0"
"1000000US500279665003098","Block 3098, Block Group 3, Census Tract 9665, Windsor County, Vermont","19","14","5"
"1000000US500279665003099","Block 3099, Block Group 3, Census Tract 9665, Windsor County, Vermont","0","0","0"
"1000000US500279665003100","Block 3100, Block Group 3, Census Tract 9665, Windsor County, Vermont","0","0","0"
"1000000US500279665003101","Block 3101, Block Group 3, Census Tract 9665, Windsor County, Vermont","1","1","0"
"1000000US500279665003102","Block 3102, Block Group 3, Census Tract 9665, Windsor County, Vermont","0","0","0"
"1000000US500279665003103","Block 3103, Block Group 3, Census Tract 9665, Windsor County, Vermont","0","0","0"
"1000000US500279665003104","Block 3104, Block Group 3, Census Tract 9665, Windsor County, Vermont","1","0","1"
"1000000US500279665003105","Block 3105, Block Group 3, Census Tract 9665, Windsor County, Vermont","0","0","0"
"1000000US500279665003106","Block 3106, Block Group 3, Census Tract 9665, Windsor County, Vermont","5","5","0"
"1000000US500279665003107","Block 3107, Block Group 3, Census Tract 9665, Windsor County, Vermont","0","0","0"
"1000000US500279665003108","Block 3108, Block Group 3, Census Tract 9665, Windsor County, Vermont","0","0","0"
"1000000US500279665003109","Block 3109, Block Group 3, Census Tract 9665, Windsor County, Vermont","0","0","0"
"1000000US500279665003110","Block 3110, Block Group 3, Census Tract 9665, Windsor County, Vermont","0","0","0"
"1000000US500279665003111","Block 3111, Block Group 3, Census Tract 9665, Windsor County, Vermont","0","0","0"
"1000000US500279665003112","Block 3112, Block Group 3, Census Tract 9665, Windsor County, Vermont","0","0","0"
"1000000US500279665003113","Block 3113, Block Group 3, Census Tract 9665, Windsor County, Vermont","0","0","0"
"1000000US500279665003114","Block 3114, Block Group 3, Census Tract 9665, Windsor County, Vermont","0","0","0"
"1000000US500279665003115","Block 3115, Block Group 3, Census Tract 9665, Windsor County, Vermont","0","0","0"
"1000000US500279665003116","Block 3116, Block Group 3, Census Tract 9665, Windsor County, Vermont","0","0","0"
"1000000US500279665003117","Block 3117, Block Group 3, Census Tract 9665, Windsor County, Vermont","0","0","0"
"1000000US500279665003118","Block 3118, Block Group 3, Census Tract 9665, Windsor County, Vermont","0","0","0"
"1000000US500279665003119","Block 3119, Block Group 3, Census Tract 9665, Windsor County, Vermont","0","0","0"
"1000000US500279665003120","Block 3120, Block Group 3, Census Tract 9665, Windsor County, Vermont","1","1","0"
"1000000US500279665003121","Block 3121, Block Group 3, Census Tract 9665, Windsor County, Vermont","0","0","0"
"1000000US500279665003122","Block 3122, Block Group 3, Census Tract 9665, Windsor County, Vermont","14","7","7"
"1000000US500279665003123","Block 3123, Block Group 3, Census Tract 9665, Windsor County, Vermont","10","9","1"
"1000000US500279665003124","Block 3124, Block Group 3, Census Tract 9665, Windsor County, Vermont","0","0","0"
"1000000US500279665003125","Block 3125, Block Group 3, Census Tract 9665, Windsor County, Vermont","0","0","0"
"1000000US500279665003126","Block 3126, Block Group 3, Census Tract 9665, Windsor County, Vermont","4","4","0"
"1000000US500279665003127","Block 3127, Block Group 3, Census Tract 9665, Windsor County, Vermont","0","0","0"
"1000000US500279665003128","Block 3128, Block Group 3, Census Tract 9665, Windsor County, Vermont","9","9","0"
"1000000US500279665003129","Block 3129, Block Group 3, Census Tract 9665, Windsor County, Vermont","0","0","0"
"1000000US500279665003130","Block 3130, Block Group 3, Census Tract 9665, Windsor County, Vermont","0","0","0"
"1000000US500279665003131","Block 3131, Block Group 3, Census Tract 9665, Windsor County, Vermont","0","0","0"
"1000000US500279665003132","Block 3132, Block Group 3, Census Tract 9665, Windsor County, Vermont","1","0","1"
"1000000US500279665003133","Block 3133, Block Group 3, Census Tract 9665, Windsor County, Vermont","10","8","2"
"1000000US500279665003134","Block 3134, Block Group 3, Census Tract 9665, Windsor County, Vermont","0","0","0"
"1000000US500279665003135","Block 3135, Block Group 3, Census Tract 9665, Windsor County, Vermont","0","0","0"
"1000000US500279665003136","Block 3136, Block Group 3, Census Tract 9665, Windsor County, Vermont","0","0","0"
"1000000US500279665003137","Block 3137, Block Group 3, Census Tract 9665, Windsor County, Vermont","0","0","0"
"1000000US500279665003138","Block 3138, Block Group 3, Census Tract 9665, Windsor County, Vermont","0","0","0"
"1000000US500279665003139","Block 3139, Block Group 3, Census Tract 9665, Windsor County, Vermont","0","0","0"
"1000000US500279665004000","Block 4000, Block Group 4, Census Tract 9665, Windsor County, Vermont","17","9","8"
"1000000US500279665004001","Block 4001, Block Group 4, Census Tract 9665, Windsor County, Vermont","19","8","11"
"1000000US500279665004002","Block 4002, Block Group 4, Census Tract 9665, Windsor County, Vermont","0","0","0"
"1000000US500279665004003","Block 4003, Block Group 4, Census Tract 9665, Windsor County, Vermont","2","0","2"
"1000000US500279665004004","Block 4004, Block Group 4, Census Tract 9665, Windsor County, Vermont","103","46","57"
"1000000US500279665004005","Block 4005, Block Group 4, Census Tract 9665, Windsor County, Vermont","0","0","0"
"1000000US500279665004006","Block 4006, Block Group 4, Census Tract 9665, Windsor County, Vermont","0","0","0"
"1000000US500279665004007","Block 4007, Block Group 4, Census Tract 9665, Windsor County, Vermont","0","0","0"
"1000000US500279665004008","Block 4008, Block Group 4, Census Tract 9665, Windsor County, Vermont","5","3","2"
"1000000US500279665004009","Block 4009, Block Group 4, Census Tract 9665, Windsor County, Vermont","1","1","0"
"1000000US500279665004010","Block 4010, Block Group 4, Census Tract 9665, Windsor County, Vermont","0","0","0"
"1000000US500279665004011","Block 4011, Block Group 4, Census Tract 9665, Windsor County, Vermont","0","0","0"
"1000000US500279665004012","Block 4012, Block Group 4, Census Tract 9665, Windsor County, Vermont","0","0","0"
"1000000US500279665004013","Block 4013, Block Group 4, Census Tract 9665, Windsor County, Vermont","13","10","3"
"1000000US500279665004014","Block 4014, Block Group 4, Census Tract 9665, Windsor County, Vermont","5","3","2"
"1000000US500279665004015","Block 4015, Block Group 4, Census Tract 9665, Windsor County, Vermont","13","4","9"
"1000000US500279665004016","Block 4016, Block Group 4, Census Tract 9665, Windsor County, Vermont","0","0","0"
"1000000US500279665004017","Block 4017, Block Group 4, Census Tract 9665, Windsor County, Vermont","0","0","0"
"1000000US500279665004018","Block 4018, Block Group 4, Census Tract 9665, Windsor County, Vermont","11","6","5"
"1000000US500279665004019","Block 4019, Block Group 4, Census Tract 9665, Windsor County, Vermont","0","0","0"
"1000000US500279665004020","Block 4020, Block Group 4, Census Tract 9665, Windsor County, Vermont","0","0","0"
"1000000US500279665004021","Block 4021, Block Group 4, Census Tract 9665, Windsor County, Vermont","1","1","0"
"1000000US500279665004022","Block 4022, Block Group 4, Census Tract 9665, Windsor County, Vermont","70","33","37"
"1000000US500279665004023","Block 4023, Block Group 4, Census Tract 9665, Windsor County, Vermont","6","3","3"
"1000000US500279665004024","Block 4024, Block Group 4, Census Tract 9665, Windsor County, Vermont","2","0","2"
"1000000US500279665004025","Block 4025, Block Group 4, Census Tract 9665, Windsor County, Vermont","3","2","1"
"1000000US500279665004026","Block 4026, Block Group 4, Census Tract 9665, Windsor County, Vermont","2","1","1"
"1000000US500279665004027","Block 4027, Block Group 4, Census Tract 9665, Windsor County, Vermont","0","0","0"
"1000000US500279665004028","Block 4028, Block Group 4, Census Tract 9665, Windsor County, Vermont","52","28","24"
"1000000US500279665004029","Block 4029, Block Group 4, Census Tract 9665, Windsor County, Vermont","12","6","6"
"1000000US500279665004030","Block 4030, Block Group 4, Census Tract 9665, Windsor County, Vermont","0","0","0"
"1000000US500279665004031","Block 4031, Block Group 4, Census Tract 9665, Windsor County, Vermont","10","5","5"
"1000000US500279665004032","Block 4032, Block Group 4, Census Tract 9665, Windsor County, Vermont","9","4","5"
"1000000US500279665004033","Block 4033, Block Group 4, Census Tract 9665, Windsor County, Vermont","1","0","1"
"1000000US500279665004034","Block 4034, Block Group 4, Census Tract 9665, Windsor County, Vermont","1","0","1"
"1000000US500279665004035","Block 4035, Block Group 4, Census Tract 9665, Windsor County, Vermont","18","13","5"
"1000000US500279665004036","Block 4036, Block Group 4, Census Tract 9665, Windsor County, Vermont","2","1","1"
"1000000US500279665004037","Block 4037, Block Group 4, Census Tract 9665, Windsor County, Vermont","12","8","4"
"1000000US500279665004038","Block 4038, Block Group 4, Census Tract 9665, Windsor County, Vermont","0","0","0"
"1000000US500279665004039","Block 4039, Block Group 4, Census Tract 9665, Windsor County, Vermont","6","4","2"
"1000000US500279665004040","Block 4040, Block Group 4, Census Tract 9665, Windsor County, Vermont","2","1","1"
"1000000US500279665004041","Block 4041, Block Group 4, Census Tract 9665, Windsor County, Vermont","17","8","9"
"1000000US500279665004042","Block 4042, Block Group 4, Census Tract 9665, Windsor County, Vermont","0","0","0"
"1000000US500279665004043","Block 4043, Block Group 4, Census Tract 9665, Windsor County, Vermont","23","10","13"
"1000000US500279665004044","Block 4044, Block Group 4, Census Tract 9665, Windsor County, Vermont","44","13","31"
"1000000US500279665004045","Block 4045, Block Group 4, Census Tract 9665, Windsor County, Vermont","0","0","0"
"1000000US500279665004046","Block 4046, Block Group 4, Census Tract 9665, Windsor County, Vermont","0","0","0"
"1000000US500279665004047","Block 4047, Block Group 4, Census Tract 9665, Windsor County, Vermont","1","0","1"
"1000000US500279665004048","Block 4048, Block Group 4, Census Tract 9665, Windsor County, Vermont","3","1","2"
"1000000US500279665004049","Block 4049, Block Group 4, Census Tract 9665, Windsor County, Vermont","4","3","1"
"1000000US500279665004050","Block 4050, Block Group 4, Census Tract 9665, Windsor County, Vermont","9","4","5"
"1000000US500279665004051","Block 4051, Block Group 4, Census Tract 9665, Windsor County, Vermont","1","1","0"
"1000000US500279665004052","Block 4052, Block Group 4, Census Tract 9665, Windsor County, Vermont","0","0","0"
"1000000US500279665004053","Block 4053, Block Group 4, Census Tract 9665, Windsor County, Vermont","39","18","21"
"1000000US500279665004054","Block 4054, Block Group 4, Census Tract 9665, Windsor County, Vermont","10","1","9"
"1000000US500279665004055","Block 4055, Block Group 4, Census Tract 9665, Windsor County, Vermont","5","2","3"
"1000000US500279665004056","Block 4056, Block Group 4, Census Tract 9665, Windsor County, Vermont","4","3","1"
"1000000US500279665004057","Block 4057, Block Group 4, Census Tract 9665, Windsor County, Vermont","0","0","0"
"1000000US500279665004058","Block 4058, Block Group 4, Census Tract 9665, Windsor County, Vermont","14","7","7"
"1000000US500279665004059","Block 4059, Block Group 4, Census Tract 9665, Windsor County, Vermont","1","0","1"
"1000000US500279665004060","Block 4060, Block Group 4, Census Tract 9665, Windsor County, Vermont","7","1","6"
"1000000US500279665004061","Block 4061, Block Group 4, Census Tract 9665, Windsor County, Vermont","0","0","0"
"1000000US500279665004062","Block 4062, Block Group 4, Census Tract 9665, Windsor County, Vermont","1","0","1"
"1000000US500279665004063","Block 4063, Block Group 4, Census Tract 9665, Windsor County, Vermont","34","10","24"
"1000000US500279665004064","Block 4064, Block Group 4, Census Tract 9665, Windsor County, Vermont","0","0","0"
"1000000US500279665004065","Block 4065, Block Group 4, Census Tract 9665, Windsor County, Vermont","0","0","0"
"1000000US500279665004066","Block 4066, Block Group 4, Census Tract 9665, Windsor County, Vermont","1","0","1"
"1000000US500279665004067","Block 4067, Block Group 4, Census Tract 9665, Windsor County, Vermont","5","4","1"
"1000000US500279665004068","Block 4068, Block Group 4, Census Tract 9665, Windsor County, Vermont","0","0","0"
"1000000US500279665004069","Block 4069, Block Group 4, Census Tract 9665, Windsor County, Vermont","2","0","2"
"1000000US500279665004070","Block 4070, Block Group 4, Census Tract 9665, Windsor County, Vermont","9","5","4"
"1000000US500279665004071","Block 4071, Block Group 4, Census Tract 9665, Windsor County, Vermont","5","2","3"
"1000000US500279665004072","Block 4072, Block Group 4, Census Tract 9665, Windsor County, Vermont","3","0","3"
"1000000US500279665004073","Block 4073, Block Group 4, Census Tract 9665, Windsor County, Vermont","0","0","0"
"1000000US500279665004074","Block 4074, Block Group 4, Census Tract 9665, Windsor County, Vermont","25","14","11"
"1000000US500279665004075","Block 4075, Block Group 4, Census Tract 9665, Windsor County, Vermont","17","9","8"
"1000000US500279665004076","Block 4076, Block Group 4, Census Tract 9665, Windsor County, Vermont","0","0","0"
"1000000US500279665004077","Block 4077, Block Group 4, Census Tract 9665, Windsor County, Vermont","0","0","0"
"1000000US500279665004078","Block 4078, Block Group 4, Census Tract 9665, Windsor County, Vermont","1","0","1"
"1000000US500279665004079","Block 4079, Block Group 4, Census Tract 9665, Windsor County, Vermont","1","1","0"
"1000000US500279665004080","Block 4080, Block Group 4, Census Tract 9665, Windsor County, Vermont","13","6","7"
"1000000US500279665004081","Block 4081, Block Group 4, Census Tract 9665, Windsor County, Vermont","15","6","9"
"1000000US500279665004082","Block 4082, Block Group 4, Census Tract 9665, Windsor County, Vermont","1","0","1"
"1000000US500279665004083","Block 4083, Block Group 4, Census Tract 9665, Windsor County, Vermont","13","8","5"
"1000000US500279665004084","Block 4084, Block Group 4, Census Tract 9665, Windsor County, Vermont","0","0","0"
"1000000US500279665004085","Block 4085, Block Group 4, Census Tract 9665, Windsor County, Vermont","6","4","2"
"1000000US500279665004086","Block 4086, Block Group 4, Census Tract 9665, Windsor County, Vermont","0","0","0"
"1000000US500279665004087","Block 4087, Block Group 4, Census Tract 9665, Windsor County, Vermont","1","1","0"
"1000000US500279665004088","Block 4088, Block Group 4, Census Tract 9665, Windsor County, Vermont","0","0","0"
"1000000US500279665004089","Block 4089, Block Group 4, Census Tract 9665, Windsor County, Vermont","3","2","1"
"1000000US500279665004090","Block 4090, Block Group 4, Census Tract 9665, Windsor County, Vermont","3","1","2"
"1000000US500279665004091","Block 4091, Block Group 4, Census Tract 9665, Windsor County, Vermont","20","13","7"
"1000000US500279665004092","Block 4092, Block Group 4, Census Tract 9665, Windsor County, Vermont","0","0","0"
"1000000US500279665004093","Block 4093, Block Group 4, Census Tract 9665, Windsor County, Vermont","42","25","17"
"1000000US500279665004094","Block 4094, Block Group 4, Census Tract 9665, Windsor County, Vermont","0","0","0"
"1000000US500279665004095","Block 4095, Block Group 4, Census Tract 9665, Windsor County, Vermont","44","15","29"
"1000000US500279665004096","Block 4096, Block Group 4, Census Tract 9665, Windsor County, Vermont","0","0","0"
"1000000US500279665004097","Block 4097, Block Group 4, Census Tract 9665, Windsor County, Vermont","0","0","0"
"1000000US500279665004098","Block 4098, Block Group 4, Census Tract 9665, Windsor County, Vermont","0","0","0"
"1000000US500279665004099","Block 4099, Block Group 4, Census Tract 9665, Windsor County, Vermont","0","0","0"
"1000000US500279665004100","Block 4100, Block Group 4, Census Tract 9665, Windsor County, Vermont","1","1","0"
"1000000US500279665004101","Block 4101, Block Group 4, Census Tract 9665, Windsor County, Vermont","2","2","0"
"1000000US500279665004102","Block 4102, Block Group 4, Census Tract 9665, Windsor County, Vermont","22","16","6"
"1000000US500279665004103","Block 4103, Block Group 4, Census Tract 9665, Windsor County, Vermont","0","0","0"
"1000000US500279665004104","Block 4104, Block Group 4, Census Tract 9665, Windsor County, Vermont","14","10","4"
"1000000US500279665004105","Block 4105, Block Group 4, Census Tract 9665, Windsor County, Vermont","2","2","0"
"1000000US500279665004106","Block 4106, Block Group 4, Census Tract 9665, Windsor County, Vermont","6","5","1"
"1000000US500279665004107","Block 4107, Block Group 4, Census Tract 9665, Windsor County, Vermont","3","2","1"
"1000000US500279665004108","Block 4108, Block Group 4, Census Tract 9665, Windsor County, Vermont","1","1","0"
"1000000US500279665004109","Block 4109, Block Group 4, Census Tract 9665, Windsor County, Vermont","1","0","1"
"1000000US500279665004110","Block 4110, Block Group 4, Census Tract 9665, Windsor County, Vermont","0","0","0"
"1000000US500279665004111","Block 4111, Block Group 4, Census Tract 9665, Windsor County, Vermont","0","0","0"
"1000000US500279665004112","Block 4112, Block Group 4, Census Tract 9665, Windsor County, Vermont","0","0","0"
"1000000US500279665004113","Block 4113, Block Group 4, Census Tract 9665, Windsor County, Vermont","4","4","0"
"1000000US500279665004114","Block 4114, Block Group 4, Census Tract 9665, Windsor County, Vermont","0","0","0"
"1000000US500279665004115","Block 4115, Block Group 4, Census Tract 9665, Windsor County, Vermont","0","0","0"
"1000000US500279665004116","Block 4116, Block Group 4, Census Tract 9665, Windsor County, Vermont","2","1","1"
"1000000US500279665004117","Block 4117, Block Group 4, Census Tract 9665, Windsor County, Vermont","29","14","15"
"1000000US500279665004118","Block 4118, Block Group 4, Census Tract 9665, Windsor County, Vermont","0","0","0"
"1000000US500279665004119","Block 4119, Block Group 4, Census Tract 9665, Windsor County, Vermont","1","1","0"
"1000000US500279665004120","Block 4120, Block Group 4, Census Tract 9665, Windsor County, Vermont","3","2","1"
"1000000US500279665004121","Block 4121, Block Group 4, Census Tract 9665, Windsor County, Vermont","0","0","0"
"1000000US500279665004122","Block 4122, Block Group 4, Census Tract 9665, Windsor County, Vermont","1","0","1"
"1000000US500279665004123","Block 4123, Block Group 4, Census Tract 9665, Windsor County, Vermont","0","0","0"
"1000000US500279665004124","Block 4124, Block Group 4, Census Tract 9665, Windsor County, Vermont","2","0","2"
"1000000US500279665004125","Block 4125, Block Group 4, Census Tract 9665, Windsor County, Vermont","0","0","0"
"1000000US500279665004126","Block 4126, Block Group 4, Census Tract 9665, Windsor County, Vermont","0","0","0"
"1000000US500279665004127","Block 4127, Block Group 4, Census Tract 9665, Windsor County, Vermont","8","4","4"
"1000000US500279665004128","Block 4128, Block Group 4, Census Tract 9665, Windsor County, Vermont","6","4","2"
"1000000US500279665004129","Block 4129, Block Group 4, Census Tract 9665, Windsor County, Vermont","0","0","0"
"1000000US500279665004130","Block 4130, Block Group 4, Census Tract 9665, Windsor County, Vermont","0","0","0"
"1000000US500279665004131","Block 4131, Block Group 4, Census Tract 9665, Windsor County, Vermont","2","1","1"
"1000000US500279665004132","Block 4132, Block Group 4, Census Tract 9665, Windsor County, Vermont","0","0","0"
"1000000US500279665004133","Block 4133, Block Group 4, Census Tract 9665, Windsor County, Vermont","0","0","0"
"1000000US500279665004134","Block 4134, Block Group 4, Census Tract 9665, Windsor County, Vermont","13","11","2"
"1000000US500279665004135","Block 4135, Block Group 4, Census Tract 9665, Windsor County, Vermont","0","0","0"
"1000000US500279665004136","Block 4136, Block Group 4, Census Tract 9665, Windsor County, Vermont","4","1","3"
"1000000US500279665004137","Block 4137, Block Group 4, Census Tract 9665, Windsor County, Vermont","0","0","0"
"1000000US500279665004138","Block 4138, Block Group 4, Census Tract 9665, Windsor County, Vermont","0","0","0"
"1000000US500279665004139","Block 4139, Block Group 4, Census Tract 9665, Windsor County, Vermont","0","0","0"
"1000000US500279665004140","Block 4140, Block Group 4, Census Tract 9665, Windsor County, Vermont","0","0","0"
"1000000US500279665004141","Block 4141, Block Group 4, Census Tract 9665, Windsor County, Vermont","0","0","0"
"1000000US500279665004142","Block 4142, Block Group 4, Census Tract 9665, Windsor County, Vermont","1","0","1"
"1000000US500279665004143","Block 4143, Block Group 4, Census Tract 9665, Windsor County, Vermont","0","0","0"
"1000000US500279665004144","Block 4144, Block Group 4, Census Tract 9665, Windsor County, Vermont","0","0","0"
"1000000US500279666001000","Block 1000, Block Group 1, Census Tract 9666, Windsor County, Vermont","1","1","0"
"1000000US500279666001001","Block 1001, Block Group 1, Census Tract 9666, Windsor County, Vermont","50","49","1"
"1000000US500279666001002","Block 1002, Block Group 1, Census Tract 9666, Windsor County, Vermont","7","7","0"
"1000000US500279666001003","Block 1003, Block Group 1, Census Tract 9666, Windsor County, Vermont","14","14","0"
"1000000US500279666001004","Block 1004, Block Group 1, Census Tract 9666, Windsor County, Vermont","1","1","0"
"1000000US500279666001005","Block 1005, Block Group 1, Census Tract 9666, Windsor County, Vermont","10","7","3"
"1000000US500279666001006","Block 1006, Block Group 1, Census Tract 9666, Windsor County, Vermont","5","4","1"
"1000000US500279666001007","Block 1007, Block Group 1, Census Tract 9666, Windsor County, Vermont","15","15","0"
"1000000US500279666001008","Block 1008, Block Group 1, Census Tract 9666, Windsor County, Vermont","13","12","1"
"1000000US500279666001009","Block 1009, Block Group 1, Census Tract 9666, Windsor County, Vermont","0","0","0"
"1000000US500279666001010","Block 1010, Block Group 1, Census Tract 9666, Windsor County, Vermont","1","1","0"
"1000000US500279666001011","Block 1011, Block Group 1, Census Tract 9666, Windsor County, Vermont","5","5","0"
"1000000US500279666001012","Block 1012, Block Group 1, Census Tract 9666, Windsor County, Vermont","0","0","0"
"1000000US500279666001013","Block 1013, Block Group 1, Census Tract 9666, Windsor County, Vermont","14","13","1"
"1000000US500279666001014","Block 1014, Block Group 1, Census Tract 9666, Windsor County, Vermont","0","0","0"
"1000000US500279666001015","Block 1015, Block Group 1, Census Tract 9666, Windsor County, Vermont","6","6","0"
"1000000US500279666001016","Block 1016, Block Group 1, Census Tract 9666, Windsor County, Vermont","40","34","6"
"1000000US500279666001017","Block 1017, Block Group 1, Census Tract 9666, Windsor County, Vermont","0","0","0"
"1000000US500279666001018","Block 1018, Block Group 1, Census Tract 9666, Windsor County, Vermont","0","0","0"
"1000000US500279666001019","Block 1019, Block Group 1, Census Tract 9666, Windsor County, Vermont","5","5","0"
"1000000US500279666001020","Block 1020, Block Group 1, Census Tract 9666, Windsor County, Vermont","0","0","0"
"1000000US500279666001021","Block 1021, Block Group 1, Census Tract 9666, Windsor County, Vermont","17","15","2"
"1000000US500279666001022","Block 1022, Block Group 1, Census Tract 9666, Windsor County, Vermont","20","20","0"
"1000000US500279666001023","Block 1023, Block Group 1, Census Tract 9666, Windsor County, Vermont","7","7","0"
"1000000US500279666001024","Block 1024, Block Group 1, Census Tract 9666, Windsor County, Vermont","1","1","0"
"1000000US500279666001025","Block 1025, Block Group 1, Census Tract 9666, Windsor County, Vermont","0","0","0"
"1000000US500279666001026","Block 1026, Block Group 1, Census Tract 9666, Windsor County, Vermont","14","13","1"
"1000000US500279666001027","Block 1027, Block Group 1, Census Tract 9666, Windsor County, Vermont","5","5","0"
"1000000US500279666001028","Block 1028, Block Group 1, Census Tract 9666, Windsor County, Vermont","6","6","0"
"1000000US500279666001029","Block 1029, Block Group 1, Census Tract 9666, Windsor County, Vermont","1","1","0"
"1000000US500279666001030","Block 1030, Block Group 1, Census Tract 9666, Windsor County, Vermont","2","2","0"
"1000000US500279666001031","Block 1031, Block Group 1, Census Tract 9666, Windsor County, Vermont","2","2","0"
"1000000US500279666001032","Block 1032, Block Group 1, Census Tract 9666, Windsor County, Vermont","46","44","2"
"1000000US500279666001033","Block 1033, Block Group 1, Census Tract 9666, Windsor County, Vermont","0","0","0"
"1000000US500279666001034","Block 1034, Block Group 1, Census Tract 9666, Windsor County, Vermont","0","0","0"
"1000000US500279666001035","Block 1035, Block Group 1, Census Tract 9666, Windsor County, Vermont","0","0","0"
"1000000US500279666001036","Block 1036, Block Group 1, Census Tract 9666, Windsor County, Vermont","9","9","0"
"1000000US500279666001037","Block 1037, Block Group 1, Census Tract 9666, Windsor County, Vermont","0","0","0"
"1000000US500279666001038","Block 1038, Block Group 1, Census Tract 9666, Windsor County, Vermont","0","0","0"
"1000000US500279666001039","Block 1039, Block Group 1, Census Tract 9666, Windsor County, Vermont","0","0","0"
"1000000US500279666001040","Block 1040, Block Group 1, Census Tract 9666, Windsor County, Vermont","0","0","0"
"1000000US500279666001041","Block 1041, Block Group 1, Census Tract 9666, Windsor County, Vermont","1","1","0"
"1000000US500279666001042","Block 1042, Block Group 1, Census Tract 9666, Windsor County, Vermont","1","1","0"
"1000000US500279666001043","Block 1043, Block Group 1, Census Tract 9666, Windsor County, Vermont","57","54","3"
"1000000US500279666001044","Block 1044, Block Group 1, Census Tract 9666, Windsor County, Vermont","2","2","0"
"1000000US500279666001045","Block 1045, Block Group 1, Census Tract 9666, Windsor County, Vermont","4","4","0"
"1000000US500279666001046","Block 1046, Block Group 1, Census Tract 9666, Windsor County, Vermont","33","27","6"
"1000000US500279666001047","Block 1047, Block Group 1, Census Tract 9666, Windsor County, Vermont","0","0","0"
"1000000US500279666001048","Block 1048, Block Group 1, Census Tract 9666, Windsor County, Vermont","30","27","3"
"1000000US500279666001049","Block 1049, Block Group 1, Census Tract 9666, Windsor County, Vermont","29","27","2"
"1000000US500279666001050","Block 1050, Block Group 1, Census Tract 9666, Windsor County, Vermont","3","3","0"
"1000000US500279666001051","Block 1051, Block Group 1, Census Tract 9666, Windsor County, Vermont","0","0","0"
"1000000US500279666001052","Block 1052, Block Group 1, Census Tract 9666, Windsor County, Vermont","0","0","0"
"1000000US500279666001053","Block 1053, Block Group 1, Census Tract 9666, Windsor County, Vermont","1","1","0"
"1000000US500279666001054","Block 1054, Block Group 1, Census Tract 9666, Windsor County, Vermont","1","1","0"
"1000000US500279666001055","Block 1055, Block Group 1, Census Tract 9666, Windsor County, Vermont","4","4","0"
"1000000US500279666001056","Block 1056, Block Group 1, Census Tract 9666, Windsor County, Vermont","0","0","0"
"1000000US500279666001057","Block 1057, Block Group 1, Census Tract 9666, Windsor County, Vermont","24","23","1"
"1000000US500279666001058","Block 1058, Block Group 1, Census Tract 9666, Windsor County, Vermont","0","0","0"
"1000000US500279666001059","Block 1059, Block Group 1, Census Tract 9666, Windsor County, Vermont","0","0","0"
"1000000US500279666001060","Block 1060, Block Group 1, Census Tract 9666, Windsor County, Vermont","0","0","0"
"1000000US500279666001061","Block 1061, Block Group 1, Census Tract 9666, Windsor County, Vermont","1","1","0"
"1000000US500279666001062","Block 1062, Block Group 1, Census Tract 9666, Windsor County, Vermont","24","22","2"
"1000000US500279666001063","Block 1063, Block Group 1, Census Tract 9666, Windsor County, Vermont","31","28","3"
"1000000US500279666001064","Block 1064, Block Group 1, Census Tract 9666, Windsor County, Vermont","3","3","0"
"1000000US500279666001065","Block 1065, Block Group 1, Census Tract 9666, Windsor County, Vermont","5","5","0"
"1000000US500279666001066","Block 1066, Block Group 1, Census Tract 9666, Windsor County, Vermont","1","1","0"
"1000000US500279666001067","Block 1067, Block Group 1, Census Tract 9666, Windsor County, Vermont","1","1","0"
"1000000US500279666001068","Block 1068, Block Group 1, Census Tract 9666, Windsor County, Vermont","6","5","1"
"1000000US500279666001069","Block 1069, Block Group 1, Census Tract 9666, Windsor County, Vermont","18","18","0"
"1000000US500279666001070","Block 1070, Block Group 1, Census Tract 9666, Windsor County, Vermont","0","0","0"
"1000000US500279666001071","Block 1071, Block Group 1, Census Tract 9666, Windsor County, Vermont","1","1","0"
"1000000US500279666001072","Block 1072, Block Group 1, Census Tract 9666, Windsor County, Vermont","0","0","0"
"1000000US500279666001073","Block 1073, Block Group 1, Census Tract 9666, Windsor County, Vermont","11","11","0"
"1000000US500279666001074","Block 1074, Block Group 1, Census Tract 9666, Windsor County, Vermont","0","0","0"
"1000000US500279666001075","Block 1075, Block Group 1, Census Tract 9666, Windsor County, Vermont","0","0","0"
"1000000US500279666002000","Block 2000, Block Group 2, Census Tract 9666, Windsor County, Vermont","6","6","0"
"1000000US500279666002001","Block 2001, Block Group 2, Census Tract 9666, Windsor County, Vermont","0","0","0"
"1000000US500279666002002","Block 2002, Block Group 2, Census Tract 9666, Windsor County, Vermont","0","0","0"
"1000000US500279666002003","Block 2003, Block Group 2, Census Tract 9666, Windsor County, Vermont","0","0","0"
"1000000US500279666002004","Block 2004, Block Group 2, Census Tract 9666, Windsor County, Vermont","21","10","11"
"1000000US500279666002005","Block 2005, Block Group 2, Census Tract 9666, Windsor County, Vermont","0","0","0"
"1000000US500279666002006","Block 2006, Block Group 2, Census Tract 9666, Windsor County, Vermont","71","70","1"
"1000000US500279666002007","Block 2007, Block Group 2, Census Tract 9666, Windsor County, Vermont","65","62","3"
"1000000US500279666002008","Block 2008, Block Group 2, Census Tract 9666, Windsor County, Vermont","16","13","3"
"1000000US500279666002009","Block 2009, Block Group 2, Census Tract 9666, Windsor County, Vermont","21","19","2"
"1000000US500279666002010","Block 2010, Block Group 2, Census Tract 9666, Windsor County, Vermont","0","0","0"
"1000000US500279666002011","Block 2011, Block Group 2, Census Tract 9666, Windsor County, Vermont","16","14","2"
"1000000US500279666002012","Block 2012, Block Group 2, Census Tract 9666, Windsor County, Vermont","26","16","10"
"1000000US500279666002013","Block 2013, Block Group 2, Census Tract 9666, Windsor County, Vermont","5","5","0"
"1000000US500279666002014","Block 2014, Block Group 2, Census Tract 9666, Windsor County, Vermont","29","21","8"
"1000000US500279666002015","Block 2015, Block Group 2, Census Tract 9666, Windsor County, Vermont","25","21","4"
"1000000US500279666002016","Block 2016, Block Group 2, Census Tract 9666, Windsor County, Vermont","13","12","1"
"1000000US500279666002017","Block 2017, Block Group 2, Census Tract 9666, Windsor County, Vermont","16","9","7"
"1000000US500279666002018","Block 2018, Block Group 2, Census Tract 9666, Windsor County, Vermont","8","7","1"
"1000000US500279666002019","Block 2019, Block Group 2, Census Tract 9666, Windsor County, Vermont","51","47","4"
"1000000US500279666002020","Block 2020, Block Group 2, Census Tract 9666, Windsor County, Vermont","6","6","0"
"1000000US500279666002021","Block 2021, Block Group 2, Census Tract 9666, Windsor County, Vermont","0","0","0"
"1000000US500279666002022","Block 2022, Block Group 2, Census Tract 9666, Windsor County, Vermont","9","9","0"
"1000000US500279666002023","Block 2023, Block Group 2, Census Tract 9666, Windsor County, Vermont","24","21","3"
"1000000US500279666002024","Block 2024, Block Group 2, Census Tract 9666, Windsor County, Vermont","0","0","0"
"1000000US500279666002025","Block 2025, Block Group 2, Census Tract 9666, Windsor County, Vermont","0","0","0"
"1000000US500279666002026","Block 2026, Block Group 2, Census Tract 9666, Windsor County, Vermont","0","0","0"
"1000000US500279666003000","Block 3000, Block Group 3, Census Tract 9666, Windsor County, Vermont","20","16","4"
"1000000US500279666003001","Block 3001, Block Group 3, Census Tract 9666, Windsor County, Vermont","50","46","4"
"1000000US500279666003002","Block 3002, Block Group 3, Census Tract 9666, Windsor County, Vermont","29","27","2"
"1000000US500279666003003","Block 3003, Block Group 3, Census Tract 9666, Windsor County, Vermont","8","8","0"
"1000000US500279666003004","Block 3004, Block Group 3, Census Tract 9666, Windsor County, Vermont","210","191","19"
"1000000US500279666003005","Block 3005, Block Group 3, Census Tract 9666, Windsor County, Vermont","14","13","1"
"1000000US500279666003006","Block 3006, Block Group 3, Census Tract 9666, Windsor County, Vermont","3","3","0"
"1000000US500279666003007","Block 3007, Block Group 3, Census Tract 9666, Windsor County, Vermont","3","3","0"
"1000000US500279666003008","Block 3008, Block Group 3, Census Tract 9666, Windsor County, Vermont","6","6","0"
"1000000US500279666003009","Block 3009, Block Group 3, Census Tract 9666, Windsor County, Vermont","20","17","3"
"1000000US500279666003010","Block 3010, Block Group 3, Census Tract 9666, Windsor County, Vermont","6","5","1"
"1000000US500279666003011","Block 3011, Block Group 3, Census Tract 9666, Windsor County, Vermont","21","20","1"
"1000000US500279666003012","Block 3012, Block Group 3, Census Tract 9666, Windsor County, Vermont","20","20","0"
"1000000US500279666003013","Block 3013, Block Group 3, Census Tract 9666, Windsor County, Vermont","0","0","0"
"1000000US500279666004000","Block 4000, Block Group 4, Census Tract 9666, Windsor County, Vermont","267","237","30"
"1000000US500279666004001","Block 4001, Block Group 4, Census Tract 9666, Windsor County, Vermont","12","9","3"
"1000000US500279666004002","Block 4002, Block Group 4, Census Tract 9666, Windsor County, Vermont","25","22","3"
"1000000US500279666004003","Block 4003, Block Group 4, Census Tract 9666, Windsor County, Vermont","0","0","0"
"1000000US500279666004004","Block 4004, Block Group 4, Census Tract 9666, Windsor County, Vermont","6","5","1"
"1000000US500279666004005","Block 4005, Block Group 4, Census Tract 9666, Windsor County, Vermont","2","2","0"
"1000000US500279666004006","Block 4006, Block Group 4, Census Tract 9666, Windsor County, Vermont","0","0","0"
"1000000US500279666004007","Block 4007, Block Group 4, Census Tract 9666, Windsor County, Vermont","0","0","0"
"1000000US500279666004008","Block 4008, Block Group 4, Census Tract 9666, Windsor County, Vermont","1","1","0"
"1000000US500279666004009","Block 4009, Block Group 4, Census Tract 9666, Windsor County, Vermont","8","5","3"
"1000000US500279666004010","Block 4010, Block Group 4, Census Tract 9666, Windsor County, Vermont","14","14","0"
"1000000US500279666004011","Block 4011, Block Group 4, Census Tract 9666, Windsor County, Vermont","2","2","0"
"1000000US500279666004012","Block 4012, Block Group 4, Census Tract 9666, Windsor County, Vermont","8","7","1"
"1000000US500279666004013","Block 4013, Block Group 4, Census Tract 9666, Windsor County, Vermont","1","0","1"
"1000000US500279666004014","Block 4014, Block Group 4, Census Tract 9666, Windsor County, Vermont","9","7","2"
"1000000US500279666004015","Block 4015, Block Group 4, Census Tract 9666, Windsor County, Vermont","0","0","0"
"1000000US500279666004016","Block 4016, Block Group 4, Census Tract 9666, Windsor County, Vermont","6","3","3"
"1000000US500279666004017","Block 4017, Block Group 4, Census Tract 9666, Windsor County, Vermont","12","9","3"
"1000000US500279666004018","Block 4018, Block Group 4, Census Tract 9666, Windsor County, Vermont","18","15","3"
"1000000US500279666004019","Block 4019, Block Group 4, Census Tract 9666, Windsor County, Vermont","16","16","0"
"1000000US500279666004020","Block 4020, Block Group 4, Census Tract 9666, Windsor County, Vermont","0","0","0"
"1000000US500279666004021","Block 4021, Block Group 4, Census Tract 9666, Windsor County, Vermont","20","19","1"
"1000000US500279666004022","Block 4022, Block Group 4, Census Tract 9666, Windsor County, Vermont","7","7","0"
"1000000US500279666004023","Block 4023, Block Group 4, Census Tract 9666, Windsor County, Vermont","18","14","4"
"1000000US500279666004024","Block 4024, Block Group 4, Census Tract 9666, Windsor County, Vermont","0","0","0"
"1000000US500279666004025","Block 4025, Block Group 4, Census Tract 9666, Windsor County, Vermont","0","0","0"
"1000000US500279666004026","Block 4026, Block Group 4, Census Tract 9666, Windsor County, Vermont","0","0","0"
"1000000US500279666004027","Block 4027, Block Group 4, Census Tract 9666, Windsor County, Vermont","7","7","0"
"1000000US500279666004028","Block 4028, Block Group 4, Census Tract 9666, Windsor County, Vermont","2","2","0"
"1000000US500279666004029","Block 4029, Block Group 4, Census Tract 9666, Windsor County, Vermont","0","0","0"
"1000000US500279666004030","Block 4030, Block Group 4, Census Tract 9666, Windsor County, Vermont","0","0","0"
"1000000US500279666005000","Block 5000, Block Group 5, Census Tract 9666, Windsor County, Vermont","230","216","14"
"1000000US500279666005001","Block 5001, Block Group 5, Census Tract 9666, Windsor County, Vermont","1","1","0"
"1000000US500279666005002","Block 5002, Block Group 5, Census Tract 9666, Windsor County, Vermont","4","4","0"
"1000000US500279666005003","Block 5003, Block Group 5, Census Tract 9666, Windsor County, Vermont","0","0","0"
"1000000US500279666005004","Block 5004, Block Group 5, Census Tract 9666, Windsor County, Vermont","26","23","3"
"1000000US500279666005005","Block 5005, Block Group 5, Census Tract 9666, Windsor County, Vermont","0","0","0"
"1000000US500279666005006","Block 5006, Block Group 5, Census Tract 9666, Windsor County, Vermont","1","1","0"
"1000000US500279666005007","Block 5007, Block Group 5, Census Tract 9666, Windsor County, Vermont","35","32","3"
"1000000US500279666005008","Block 5008, Block Group 5, Census Tract 9666, Windsor County, Vermont","6","6","0"
"1000000US500279666005009","Block 5009, Block Group 5, Census Tract 9666, Windsor County, Vermont","4","4","0"
"1000000US500279666005010","Block 5010, Block Group 5, Census Tract 9666, Windsor County, Vermont","15","13","2"
"1000000US500279666005011","Block 5011, Block Group 5, Census Tract 9666, Windsor County, Vermont","1","1","0"
"1000000US500279666005012","Block 5012, Block Group 5, Census Tract 9666, Windsor County, Vermont","2","2","0"
"1000000US500279666005013","Block 5013, Block Group 5, Census Tract 9666, Windsor County, Vermont","93","69","24"
"1000000US500279666005014","Block 5014, Block Group 5, Census Tract 9666, Windsor County, Vermont","0","0","0"
"1000000US500279666005015","Block 5015, Block Group 5, Census Tract 9666, Windsor County, Vermont","2","1","1"
"1000000US500279666005016","Block 5016, Block Group 5, Census Tract 9666, Windsor County, Vermont","2","1","1"
"1000000US500279666005017","Block 5017, Block Group 5, Census Tract 9666, Windsor County, Vermont","15","14","1"
"1000000US500279666005018","Block 5018, Block Group 5, Census Tract 9666, Windsor County, Vermont","0","0","0"
"1000000US500279666005019","Block 5019, Block Group 5, Census Tract 9666, Windsor County, Vermont","12","11","1"
"1000000US500279666005020","Block 5020, Block Group 5, Census Tract 9666, Windsor County, Vermont","0","0","0"
"1000000US500279666005021","Block 5021, Block Group 5, Census Tract 9666, Windsor County, Vermont","0","0","0"
"1000000US500279666005022","Block 5022, Block Group 5, Census Tract 9666, Windsor County, Vermont","0","0","0"
"1000000US500279666005023","Block 5023, Block Group 5, Census Tract 9666, Windsor County, Vermont","0","0","0"
"1000000US500279666005024","Block 5024, Block Group 5, Census Tract 9666, Windsor County, Vermont","0","0","0"
"1000000US500279666005025","Block 5025, Block Group 5, Census Tract 9666, Windsor County, Vermont","0","0","0"
"1000000US500279666005026","Block 5026, Block Group 5, Census Tract 9666, Windsor County, Vermont","0","0","0"
"1000000US500279666005027","Block 5027, Block Group 5, Census Tract 9666, Windsor County, Vermont","0","0","0"
"1000000US500279666005028","Block 5028, Block Group 5, Census Tract 9666, Windsor County, Vermont","0","0","0"
"1000000US500279666005029","Block 5029, Block Group 5, Census Tract 9666, Windsor County, Vermont","0","0","0"
"1000000US500279666005030","Block 5030, Block Group 5, Census Tract 9666, Windsor County, Vermont","0","0","0"
"1000000US500279666005031","Block 5031, Block Group 5, Census Tract 9666, Windsor County, Vermont","0","0","0"
"1000000US500279666005032","Block 5032, Block Group 5, Census Tract 9666, Windsor County, Vermont","9","9","0"
"1000000US500279666005033","Block 5033, Block Group 5, Census Tract 9666, Windsor County, Vermont","0","0","0"
"1000000US500279666005034","Block 5034, Block Group 5, Census Tract 9666, Windsor County, Vermont","10","10","0"
"1000000US500279666005035","Block 5035, Block Group 5, Census Tract 9666, Windsor County, Vermont","0","0","0"
"1000000US500279666005036","Block 5036, Block Group 5, Census Tract 9666, Windsor County, Vermont","0","0","0"
"1000000US500279666005037","Block 5037, Block Group 5, Census Tract 9666, Windsor County, Vermont","1","1","0"
"1000000US500279666005038","Block 5038, Block Group 5, Census Tract 9666, Windsor County, Vermont","0","0","0"
"1000000US500279666005039","Block 5039, Block Group 5, Census Tract 9666, Windsor County, Vermont","1","1","0"
"1000000US500279666005040","Block 5040, Block Group 5, Census Tract 9666, Windsor County, Vermont","0","0","0"
"1000000US500279666005041","Block 5041, Block Group 5, Census Tract 9666, Windsor County, Vermont","0","0","0"
"1000000US500279666005042","Block 5042, Block Group 5, Census Tract 9666, Windsor County, Vermont","0","0","0"
"1000000US500279666005043","Block 5043, Block Group 5, Census Tract 9666, Windsor County, Vermont","0","0","0"
"1000000US500279666005044","Block 5044, Block Group 5, Census Tract 9666, Windsor County, Vermont","0","0","0"
"1000000US500279666005045","Block 5045, Block Group 5, Census Tract 9666, Windsor County, Vermont","0","0","0"
"1000000US500279666005046","Block 5046, Block Group 5, Census Tract 9666, Windsor County, Vermont","0","0","0"
"1000000US500279666005047","Block 5047, Block Group 5, Census Tract 9666, Windsor County, Vermont","39","37","2"
"1000000US500279666005048","Block 5048, Block Group 5, Census Tract 9666, Windsor County, Vermont","0","0","0"
"1000000US500279666005049","Block 5049, Block Group 5, Census Tract 9666, Windsor County, Vermont","3","3","0"
"1000000US500279666005050","Block 5050, Block Group 5, Census Tract 9666, Windsor County, Vermont","3","2","1"
"1000000US500279667001000","Block 1000, Block Group 1, Census Tract 9667, Windsor County, Vermont","30","29","1"
"1000000US500279667001001","Block 1001, Block Group 1, Census Tract 9667, Windsor County, Vermont","12","10","2"
"1000000US500279667001002","Block 1002, Block Group 1, Census Tract 9667, Windsor County, Vermont","39","37","2"
"1000000US500279667001003","Block 1003, Block Group 1, Census Tract 9667, Windsor County, Vermont","7","6","1"
"1000000US500279667001004","Block 1004, Block Group 1, Census Tract 9667, Windsor County, Vermont","52","36","16"
"1000000US500279667001005","Block 1005, Block Group 1, Census Tract 9667, Windsor County, Vermont","9","8","1"
"1000000US500279667001006","Block 1006, Block Group 1, Census Tract 9667, Windsor County, Vermont","0","0","0"
"1000000US500279667001007","Block 1007, Block Group 1, Census Tract 9667, Windsor County, Vermont","6","5","1"
"1000000US500279667001008","Block 1008, Block Group 1, Census Tract 9667, Windsor County, Vermont","1","1","0"
"1000000US500279667001009","Block 1009, Block Group 1, Census Tract 9667, Windsor County, Vermont","1","1","0"
"1000000US500279667001010","Block 1010, Block Group 1, Census Tract 9667, Windsor County, Vermont","2","2","0"
"1000000US500279667001011","Block 1011, Block Group 1, Census Tract 9667, Windsor County, Vermont","5","3","2"
"1000000US500279667001012","Block 1012, Block Group 1, Census Tract 9667, Windsor County, Vermont","6","6","0"
"1000000US500279667001013","Block 1013, Block Group 1, Census Tract 9667, Windsor County, Vermont","20","16","4"
"1000000US500279667001014","Block 1014, Block Group 1, Census Tract 9667, Windsor County, Vermont","9","9","0"
"1000000US500279667001015","Block 1015, Block Group 1, Census Tract 9667, Windsor County, Vermont","13","13","0"
"1000000US500279667001016","Block 1016, Block Group 1, Census Tract 9667, Windsor County, Vermont","10","8","2"
"1000000US500279667001017","Block 1017, Block Group 1, Census Tract 9667, Windsor County, Vermont","0","0","0"
"1000000US500279667001018","Block 1018, Block Group 1, Census Tract 9667, Windsor County, Vermont","31","31","0"
"1000000US500279667001019","Block 1019, Block Group 1, Census Tract 9667, Windsor County, Vermont","7","7","0"
"1000000US500279667001020","Block 1020, Block Group 1, Census Tract 9667, Windsor County, Vermont","10","9","1"
"1000000US500279667001021","Block 1021, Block Group 1, Census Tract 9667, Windsor County, Vermont","0","0","0"
"1000000US500279667001022","Block 1022, Block Group 1, Census Tract 9667, Windsor County, Vermont","14","12","2"
"1000000US500279667001023","Block 1023, Block Group 1, Census Tract 9667, Windsor County, Vermont","23","22","1"
"1000000US500279667001024","Block 1024, Block Group 1, Census Tract 9667, Windsor County, Vermont","7","7","0"
"1000000US500279667001025","Block 1025, Block Group 1, Census Tract 9667, Windsor County, Vermont","0","0","0"
"1000000US500279667001026","Block 1026, Block Group 1, Census Tract 9667, Windsor County, Vermont","0","0","0"
"1000000US500279667002000","Block 2000, Block Group 2, Census Tract 9667, Windsor County, Vermont","0","0","0"
"1000000US500279667002001","Block 2001, Block Group 2, Census Tract 9667, Windsor County, Vermont","148","132","16"
"1000000US500279667002002","Block 2002, Block Group 2, Census Tract 9667, Windsor County, Vermont","6","5","1"
"1000000US500279667002003","Block 2003, Block Group 2, Census Tract 9667, Windsor County, Vermont","11","8","3"
"1000000US500279667002004","Block 2004, Block Group 2, Census Tract 9667, Windsor County, Vermont","5","5","0"
"1000000US500279667002005","Block 2005, Block Group 2, Census Tract 9667, Windsor County, Vermont","12","11","1"
"1000000US500279667002006","Block 2006, Block Group 2, Census Tract 9667, Windsor County, Vermont","32","29","3"
"1000000US500279667002007","Block 2007, Block Group 2, Census Tract 9667, Windsor County, Vermont","0","0","0"
"1000000US500279667002008","Block 2008, Block Group 2, Census Tract 9667, Windsor County, Vermont","6","6","0"
"1000000US500279667002009","Block 2009, Block Group 2, Census Tract 9667, Windsor County, Vermont","5","5","0"
"1000000US500279667002010","Block 2010, Block Group 2, Census Tract 9667, Windsor County, Vermont","5","5","0"
"1000000US500279667002011","Block 2011, Block Group 2, Census Tract 9667, Windsor County, Vermont","0","0","0"
"1000000US500279667002012","Block 2012, Block Group 2, Census Tract 9667, Windsor County, Vermont","0","0","0"
"1000000US500279667002013","Block 2013, Block Group 2, Census Tract 9667, Windsor County, Vermont","32","31","1"
"1000000US500279667002014","Block 2014, Block Group 2, Census Tract 9667, Windsor County, Vermont","19","18","1"
"1000000US500279667002015","Block 2015, Block Group 2, Census Tract 9667, Windsor County, Vermont","3","3","0"
"1000000US500279667002016","Block 2016, Block Group 2, Census Tract 9667, Windsor County, Vermont","6","6","0"
"1000000US500279667002017","Block 2017, Block Group 2, Census Tract 9667, Windsor County, Vermont","43","41","2"
"1000000US500279667002018","Block 2018, Block Group 2, Census Tract 9667, Windsor County, Vermont","81","75","6"
"1000000US500279667002019","Block 2019, Block Group 2, Census Tract 9667, Windsor County, Vermont","21","20","1"
"1000000US500279667002020","Block 2020, Block Group 2, Census Tract 9667, Windsor County, Vermont","0","0","0"
"1000000US500279667002021","Block 2021, Block Group 2, Census Tract 9667, Windsor County, Vermont","1","1","0"
"1000000US500279667002022","Block 2022, Block Group 2, Census Tract 9667, Windsor County, Vermont","12","12","0"
"1000000US500279667002023","Block 2023, Block Group 2, Census Tract 9667, Windsor County, Vermont","23","19","4"
"1000000US500279667002024","Block 2024, Block Group 2, Census Tract 9667, Windsor County, Vermont","15","15","0"
"1000000US500279667002025","Block 2025, Block Group 2, Census Tract 9667, Windsor County, Vermont","0","0","0"
"1000000US500279667003000","Block 3000, Block Group 3, Census Tract 9667, Windsor County, Vermont","7","7","0"
"1000000US500279667003001","Block 3001, Block Group 3, Census Tract 9667, Windsor County, Vermont","39","36","3"
"1000000US500279667003002","Block 3002, Block Group 3, Census Tract 9667, Windsor County, Vermont","10","10","0"
"1000000US500279667003003","Block 3003, Block Group 3, Census Tract 9667, Windsor County, Vermont","39","38","1"
"1000000US500279667003004","Block 3004, Block Group 3, Census Tract 9667, Windsor County, Vermont","50","39","11"
"1000000US500279667003005","Block 3005, Block Group 3, Census Tract 9667, Windsor County, Vermont","2","2","0"
"1000000US500279667003006","Block 3006, Block Group 3, Census Tract 9667, Windsor County, Vermont","18","17","1"
"1000000US500279667003007","Block 3007, Block Group 3, Census Tract 9667, Windsor County, Vermont","67","61","6"
"1000000US500279667003008","Block 3008, Block Group 3, Census Tract 9667, Windsor County, Vermont","0","0","0"
"1000000US500279667003009","Block 3009, Block Group 3, Census Tract 9667, Windsor County, Vermont","82","73","9"
"1000000US500279667003010","Block 3010, Block Group 3, Census Tract 9667, Windsor County, Vermont","0","0","0"
"1000000US500279667003011","Block 3011, Block Group 3, Census Tract 9667, Windsor County, Vermont","6","3","3"
"1000000US500279667003012","Block 3012, Block Group 3, Census Tract 9667, Windsor County, Vermont","0","0","0"
"1000000US500279667003013","Block 3013, Block Group 3, Census Tract 9667, Windsor County, Vermont","0","0","0"
"1000000US500279667003014","Block 3014, Block Group 3, Census Tract 9667, Windsor County, Vermont","29","27","2"
"1000000US500279667003015","Block 3015, Block Group 3, Census Tract 9667, Windsor County, Vermont","10","10","0"
"1000000US500279667003016","Block 3016, Block Group 3, Census Tract 9667, Windsor County, Vermont","0","0","0"
"1000000US500279667003017","Block 3017, Block Group 3, Census Tract 9667, Windsor County, Vermont","0","0","0"
"1000000US500279667004000","Block 4000, Block Group 4, Census Tract 9667, Windsor County, Vermont","0","0","0"
"1000000US500279667004001","Block 4001, Block Group 4, Census Tract 9667, Windsor County, Vermont","0","0","0"
"1000000US500279667004002","Block 4002, Block Group 4, Census Tract 9667, Windsor County, Vermont","1","1","0"
"1000000US500279667004003","Block 4003, Block Group 4, Census Tract 9667, Windsor County, Vermont","0","0","0"
"1000000US500279667004004","Block 4004, Block Group 4, Census Tract 9667, Windsor County, Vermont","0","0","0"
"1000000US500279667004005","Block 4005, Block Group 4, Census Tract 9667, Windsor County, Vermont","11","10","1"
"1000000US500279667004006","Block 4006, Block Group 4, Census Tract 9667, Windsor County, Vermont","0","0","0"
"1000000US500279667004007","Block 4007, Block Group 4, Census Tract 9667, Windsor County, Vermont","0","0","0"
"1000000US500279667004008","Block 4008, Block Group 4, Census Tract 9667, Windsor County, Vermont","0","0","0"
"1000000US500279667004009","Block 4009, Block Group 4, Census Tract 9667, Windsor County, Vermont","0","0","0"
"1000000US500279667004010","Block 4010, Block Group 4, Census Tract 9667, Windsor County, Vermont","3","3","0"
"1000000US500279667004011","Block 4011, Block Group 4, Census Tract 9667, Windsor County, Vermont","37","34","3"
"1000000US500279667004012","Block 4012, Block Group 4, Census Tract 9667, Windsor County, Vermont","0","0","0"
"1000000US500279667004013","Block 4013, Block Group 4, Census Tract 9667, Windsor County, Vermont","0","0","0"
"1000000US500279667004014","Block 4014, Block Group 4, Census Tract 9667, Windsor County, Vermont","0","0","0"
"1000000US500279667004015","Block 4015, Block Group 4, Census Tract 9667, Windsor County, Vermont","37","30","7"
"1000000US500279667004016","Block 4016, Block Group 4, Census Tract 9667, Windsor County, Vermont","14","14","0"
"1000000US500279667004017","Block 4017, Block Group 4, Census Tract 9667, Windsor County, Vermont","6","5","1"
"1000000US500279667004018","Block 4018, Block Group 4, Census Tract 9667, Windsor County, Vermont","4","2","2"
"1000000US500279667004019","Block 4019, Block Group 4, Census Tract 9667, Windsor County, Vermont","0","0","0"
"1000000US500279667004020","Block 4020, Block Group 4, Census Tract 9667, Windsor County, Vermont","6","5","1"
"1000000US500279667004021","Block 4021, Block Group 4, Census Tract 9667, Windsor County, Vermont","0","0","0"
"1000000US500279667004022","Block 4022, Block Group 4, Census Tract 9667, Windsor County, Vermont","1","1","0"
"1000000US500279667004023","Block 4023, Block Group 4, Census Tract 9667, Windsor County, Vermont","28","28","0"
"1000000US500279667004024","Block 4024, Block Group 4, Census Tract 9667, Windsor County, Vermont","0","0","0"
"1000000US500279667004025","Block 4025, Block Group 4, Census Tract 9667, Windsor County, Vermont","33","29","4"
"1000000US500279667004026","Block 4026, Block Group 4, Census Tract 9667, Windsor County, Vermont","0","0","0"
"1000000US500279667004027","Block 4027, Block Group 4, Census Tract 9667, Windsor County, Vermont","0","0","0"
"1000000US500279667004028","Block 4028, Block Group 4, Census Tract 9667, Windsor County, Vermont","0","0","0"
"1000000US500279667004029","Block 4029, Block Group 4, Census Tract 9667, Windsor County, Vermont","0","0","0"
"1000000US500279667004030","Block 4030, Block Group 4, Census Tract 9667, Windsor County, Vermont","2","2","0"
"1000000US500279667004031","Block 4031, Block Group 4, Census Tract 9667, Windsor County, Vermont","24","20","4"
"1000000US500279667004032","Block 4032, Block Group 4, Census Tract 9667, Windsor County, Vermont","39","38","1"
"1000000US500279667004033","Block 4033, Block Group 4, Census Tract 9667, Windsor County, Vermont","0","0","0"
"1000000US500279667004034","Block 4034, Block Group 4, Census Tract 9667, Windsor County, Vermont","0","0","0"
"1000000US500279667004035","Block 4035, Block Group 4, Census Tract 9667, Windsor County, Vermont","0","0","0"
"1000000US500279667004036","Block 4036, Block Group 4, Census Tract 9667, Windsor County, Vermont","0","0","0"
"1000000US500279667004037","Block 4037, Block Group 4, Census Tract 9667, Windsor County, Vermont","0","0","0"
"1000000US500279667004038","Block 4038, Block Group 4, Census Tract 9667, Windsor County, Vermont","0","0","0"
"1000000US500279667004039","Block 4039, Block Group 4, Census Tract 9667, Windsor County, Vermont","0","0","0"
"1000000US500279667004040","Block 4040, Block Group 4, Census Tract 9667, Windsor County, Vermont","0","0","0"
"1000000US500279667004041","Block 4041, Block Group 4, Census Tract 9667, Windsor County, Vermont","0","0","0"
"1000000US500279667004042","Block 4042, Block Group 4, Census Tract 9667, Windsor County, Vermont","0","0","0"
"1000000US500279667004043","Block 4043, Block Group 4, Census Tract 9667, Windsor County, Vermont","147","137","10"
"1000000US500279667004044","Block 4044, Block Group 4, Census Tract 9667, Windsor County, Vermont","38","33","5"
"1000000US500279667004045","Block 4045, Block Group 4, Census Tract 9667, Windsor County, Vermont","4","4","0"
"1000000US500279667004046","Block 4046, Block Group 4, Census Tract 9667, Windsor County, Vermont","21","20","1"
"1000000US500279667004047","Block 4047, Block Group 4, Census Tract 9667, Windsor County, Vermont","42","36","6"
"1000000US500279667004048","Block 4048, Block Group 4, Census Tract 9667, Windsor County, Vermont","3","3","0"
"1000000US500279667004049","Block 4049, Block Group 4, Census Tract 9667, Windsor County, Vermont","20","20","0"
"1000000US500279667004050","Block 4050, Block Group 4, Census Tract 9667, Windsor County, Vermont","9","9","0"
"1000000US500279667004051","Block 4051, Block Group 4, Census Tract 9667, Windsor County, Vermont","4","4","0"
"1000000US500279667004052","Block 4052, Block Group 4, Census Tract 9667, Windsor County, Vermont","6","6","0"
"1000000US500279667004053","Block 4053, Block Group 4, Census Tract 9667, Windsor County, Vermont","117","106","11"
"1000000US500279667004054","Block 4054, Block Group 4, Census Tract 9667, Windsor County, Vermont","0","0","0"
"1000000US500279667004055","Block 4055, Block Group 4, Census Tract 9667, Windsor County, Vermont","1","1","0"
"1000000US500279667004056","Block 4056, Block Group 4, Census Tract 9667, Windsor County, Vermont","0","0","0"
"1000000US500279667004057","Block 4057, Block Group 4, Census Tract 9667, Windsor County, Vermont","7","7","0"
"1000000US500279667004058","Block 4058, Block Group 4, Census Tract 9667, Windsor County, Vermont","0","0","0"
"1000000US500279667004059","Block 4059, Block Group 4, Census Tract 9667, Windsor County, Vermont","0","0","0"
"1000000US500279667004060","Block 4060, Block Group 4, Census Tract 9667, Windsor County, Vermont","6","4","2"
"1000000US500279667004061","Block 4061, Block Group 4, Census Tract 9667, Windsor County, Vermont","49","44","5"
"1000000US500279667004062","Block 4062, Block Group 4, Census Tract 9667, Windsor County, Vermont","6","5","1"
"1000000US500279667004063","Block 4063, Block Group 4, Census Tract 9667, Windsor County, Vermont","0","0","0"
"1000000US500279667004064","Block 4064, Block Group 4, Census Tract 9667, Windsor County, Vermont","0","0","0"
"1000000US500279667004065","Block 4065, Block Group 4, Census Tract 9667, Windsor County, Vermont","0","0","0"
"1000000US500279667004066","Block 4066, Block Group 4, Census Tract 9667, Windsor County, Vermont","0","0","0"
"1000000US500279667004067","Block 4067, Block Group 4, Census Tract 9667, Windsor County, Vermont","9","9","0"
"1000000US500279667004068","Block 4068, Block Group 4, Census Tract 9667, Windsor County, Vermont","0","0","0"
"1000000US500279667004069","Block 4069, Block Group 4, Census Tract 9667, Windsor County, Vermont","0","0","0"
"1000000US500279667004070","Block 4070, Block Group 4, Census Tract 9667, Windsor County, Vermont","0","0","0"
"1000000US500279667004071","Block 4071, Block Group 4, Census Tract 9667, Windsor County, Vermont","5","5","0"
"1000000US500279667004072","Block 4072, Block Group 4, Census Tract 9667, Windsor County, Vermont","2","2","0"
"1000000US500279667004073","Block 4073, Block Group 4, Census Tract 9667, Windsor County, Vermont","0","0","0"
