GEO_ID,H003001,H003002,H003003
1000000US500019601001000,52,47,5
1000000US500019601001001,0,0,0
1000000US500019601001002,53,40,13
1000000US500019601001003,0,0,0
1000000US500019601001004,3,0,3
1000000US500019601001005,2,2,0
1000000US500019601001006,33,19,14
1000000US500019601001007,0,0,0
1000000US500019601001008,0,0,0
1000000US500019601001009,27,22,5
1000000US500019601001010,0,0,0
1000000US500019601001011,1,1,0
1000000US500019601001012,2,2,0
1000000US500019601001013,92,70,22
1000000US500019601001014,1,1,0
1000000US500019601001015,1,0,1
1000000US500019601001016,0,0,0
1000000US500019601001017,1,1,0
1000000US500019601001018,2,0,2
1000000US500019601001019,4,3,1
1000000US500019601001020,1,0,1
1000000US500019601001021,3,3,0
1000000US500019601001022,1,1,0
1000000US500019601001023,0,0,0
1000000US500019601001024,1,0,1
1000000US500019601001025,42,31,11
1000000US500019601001026,0,0,0
1000000US500019601001027,4,3,1
1000000US500019601001028,1,1,0
1000000US500019601001029,1,1,0
1000000US500019601001030,11,10,1
1000000US500019601001031,0,0,0
1000000US500019601001032,53,49,4
1000000US500019601001033,4,4,0
1000000US500019601001034,1,0,1
1000000US500019601001035,1,1,0
1000000US500019601001036,0,0,0
1000000US500019601001037,1,1,0
1000000US500019601001038,2,2,0
1000000US500019601001039,16,15,1
1000000US500019601001040,22,20,2
1000000US500019601001041,9,7,2
1000000US500019601001042,2,1,1
1000000US500019601001043,2,2,0
1000000US500019601001044,0,0,0
1000000US500019601001045,14,10,4
1000000US500019601001046,12,11,1
1000000US500019601001047,13,13,0
1000000US500019601001048,4,4,0
1000000US500019601001049,0,0,0
1000000US500019601001050,0,0,0
1000000US500019601001051,4,4,0
1000000US500019601001052,5,4,1
1000000US500019601002000,7,6,1
1000000US500019601002001,0,0,0
1000000US500019601002002,9,9,0
1000000US500019601002003,8,8,0
1000000US500019601002004,10,10,0
1000000US500019601002005,0,0,0
1000000US500019601002006,13,13,0
1000000US500019601002007,84,71,13
1000000US500019601002008,14,14,0
1000000US500019601002009,1,1,0
1000000US500019601002010,26,23,3
1000000US500019601002011,1,1,0
1000000US500019601002012,6,5,1
1000000US500019601002013,32,28,4
1000000US500019601002014,0,0,0
1000000US500019601002015,0,0,0
1000000US500019601002016,1,1,0
1000000US500019601002017,0,0,0
1000000US500019601002018,0,0,0
1000000US500019601002019,1,0,1
1000000US500019601002020,16,13,3
1000000US500019601002021,6,6,0
1000000US500019601002022,0,0,0
1000000US500019601002023,17,16,1
1000000US500019601002024,10,9,1
1000000US500019601002025,0,0,0
1000000US500019601002026,0,0,0
1000000US500019601002027,12,12,0
1000000US500019601002028,0,0,0
1000000US500019601002029,7,6,1
1000000US500019601002030,2,2,0
1000000US500019601002031,5,5,0
1000000US500019601002032,8,7,1
1000000US500019601002033,7,7,0
1000000US500019601002034,7,7,0
1000000US500019601002035,2,2,0
1000000US500019601002036,10,10,0
1000000US500019601003000,1,0,1
1000000US500019601003001,4,4,0
1000000US500019601003002,0,0,0
1000000US500019601003003,19,18,1
1000000US500019601003004,0,0,0
1000000US500019601003005,15,15,0
1000000US500019601003006,5,4,1
1000000US500019601003007,24,23,1
1000000US500019601003008,13,13,0
1000000US500019601003009,0,0,0
1000000US500019601003010,16,16,0
1000000US500019601003011,2,2,0
1000000US500019601003012,7,5,2
1000000US500019601003013,1,1,0
1000000US500019601003014,11,11,0
1000000US500019601003015,0,0,0
1000000US500019601003016,59,33,26
1000000US500019601003017,0,0,0
1000000US500019601003018,0,0,0
1000000US500019601003019,0,0,0
1000000US500019601003020,0,0,0
1000000US500019601003021,0,0,0
1000000US500019601003022,13,10,3
1000000US500019601003023,22,21,1
1000000US500019601003024,0,0,0
1000000US500019601003025,0,0,0
1000000US500019601003026,4,3,1
1000000US500019601003027,95,92,3
1000000US500019601003028,47,47,0
1000000US500019601003029,0,0,0
1000000US500019601003030,0,0,0
1000000US500019601003031,0,0,0
1000000US500019601003032,0,0,0
1000000US500019601003033,7,7,0
1000000US500019601003034,0,0,0
1000000US500019601003035,0,0,0
1000000US500019601003036,27,27,0
1000000US500019601003037,0,0,0
1000000US500019601003038,0,0,0
1000000US500019601003039,0,0,0
1000000US500019601003040,0,0,0
1000000US500019601003041,50,49,1
1000000US500019601003042,0,0,0
1000000US500019601003043,0,0,0
1000000US500019601003044,2,2,0
1000000US500019601003045,6,5,1
1000000US500019601003046,7,6,1
1000000US500019601003047,35,34,1
1000000US500019601003048,1,1,0
1000000US500019601003049,2,2,0
1000000US500019601003050,0,0,0
1000000US500019601003051,0,0,0
1000000US500019601003052,51,47,4
1000000US500019601003053,84,83,1
1000000US500019601003054,0,0,0
1000000US500019601003055,2,2,0
1000000US500019601003056,0,0,0
1000000US500019601003057,4,4,0
1000000US500019601003058,23,20,3
1000000US500019601003059,0,0,0
1000000US500019601003060,22,22,0
1000000US500019601003061,9,9,0
1000000US500019601003062,0,0,0
1000000US500019601003063,2,2,0
1000000US500019601003064,0,0,0
1000000US500019601003065,31,29,2
1000000US500019601003066,0,0,0
1000000US500019601003067,0,0,0
1000000US500019601003068,0,0,0
1000000US500019601003069,0,0,0
1000000US500019601003070,20,20,0
1000000US500019601003071,1,1,0
1000000US500019601003072,0,0,0
1000000US500019601003073,4,3,1
1000000US500019601003074,2,2,0
1000000US500019601003075,0,0,0
1000000US500019601003076,19,18,1
1000000US500019601003077,10,9,1
1000000US500019601003078,13,13,0
1000000US500019601003079,0,0,0
1000000US500019601003080,2,2,0
1000000US500019601003081,0,0,0
1000000US500019601003082,0,0,0
1000000US500019601003083,2,2,0
1000000US500019601003084,0,0,0
1000000US500019601003085,1,1,0
1000000US500019601003086,1,1,0
1000000US500019601003087,0,0,0
1000000US500019601003088,0,0,0
1000000US500019601003089,0,0,0
1000000US500019602001000,6,5,1
1000000US500019602001001,0,0,0
1000000US500019602001002,0,0,0
1000000US500019602001003,30,28,2
1000000US500019602001004,19,18,1
1000000US500019602001005,0,0,0
1000000US500019602001006,23,23,0
1000000US500019602001007,39,38,1
1000000US500019602001008,0,0,0
1000000US500019602001009,0,0,0
1000000US500019602001010,31,29,2
1000000US500019602001011,0,0,0
1000000US500019602001012,0,0,0
1000000US500019602001013,3,3,0
1000000US500019602001014,51,46,5
1000000US500019602001015,0,0,0
1000000US500019602001016,0,0,0
1000000US500019602001017,12,12,0
1000000US500019602001018,0,0,0
1000000US500019602001019,0,0,0
1000000US500019602001020,17,17,0
1000000US500019602001021,4,4,0
1000000US500019602001022,4,4,0
1000000US500019602001023,48,46,2
1000000US500019602001024,1,1,0
1000000US500019602001025,0,0,0
1000000US500019602001026,6,4,2
1000000US500019602001027,24,24,0
1000000US500019602001028,0,0,0
1000000US500019602001029,108,104,4
1000000US500019602001030,0,0,0
1000000US500019602001031,0,0,0
1000000US500019602001032,4,4,0
1000000US500019602001033,0,0,0
1000000US500019602001034,21,20,1
1000000US500019602001035,0,0,0
1000000US500019602001036,0,0,0
1000000US500019602001037,1,1,0
1000000US500019602001038,1,1,0
1000000US500019602001039,15,14,1
1000000US500019602001040,8,8,0
1000000US500019602001041,0,0,0
1000000US500019602001042,0,0,0
1000000US500019602001043,0,0,0
1000000US500019602001044,0,0,0
1000000US500019602001045,0,0,0
1000000US500019602001046,0,0,0
1000000US500019602001047,21,20,1
1000000US500019602001048,17,17,0
1000000US500019602001049,0,0,0
1000000US500019602001050,1,1,0
1000000US500019602001051,2,2,0
1000000US500019602001052,0,0,0
1000000US500019602001053,0,0,0
1000000US500019602001054,0,0,0
1000000US500019602001055,5,5,0
1000000US500019602001056,9,9,0
1000000US500019602001057,0,0,0
1000000US500019602001058,1,1,0
1000000US500019602001059,0,0,0
1000000US500019602001060,40,38,2
1000000US500019602001061,0,0,0
1000000US500019602001062,0,0,0
1000000US500019602001063,4,2,2
1000000US500019602001064,3,3,0
1000000US500019602001065,1,1,0
1000000US500019602001066,0,0,0
1000000US500019602001067,0,0,0
1000000US500019602001068,0,0,0
1000000US500019602001069,0,0,0
1000000US500019602001070,0,0,0
1000000US500019602002000,24,22,2
1000000US500019602002001,3,3,0
1000000US500019602002002,3,3,0
1000000US500019602002003,1,1,0
1000000US500019602002004,4,4,0
1000000US500019602002005,0,0,0
1000000US500019602002006,81,18,63
1000000US500019602002007,9,3,6
1000000US500019602002008,5,2,3
1000000US500019602002009,0,0,0
1000000US500019602002010,0,0,0
1000000US500019602002011,0,0,0
1000000US500019602002012,1,0,1
1000000US500019602002013,2,2,0
1000000US500019602002014,12,10,2
1000000US500019602002015,0,0,0
1000000US500019602002016,57,12,45
1000000US500019602002017,4,4,0
1000000US500019602002018,0,0,0
1000000US500019602002019,0,0,0
1000000US500019602002020,31,24,7
1000000US500019602002021,0,0,0
1000000US500019602002022,0,0,0
1000000US500019602002023,78,17,61
1000000US500019602002024,55,7,48
1000000US500019602002025,0,0,0
1000000US500019602002026,21,15,6
1000000US500019602002027,14,4,10
1000000US500019602002028,11,2,9
1000000US500019602002029,42,17,25
1000000US500019602002030,24,9,15
1000000US500019602002031,0,0,0
1000000US500019602002032,0,0,0
1000000US500019602002033,31,29,2
1000000US500019602002034,0,0,0
1000000US500019602002035,0,0,0
1000000US500019602002036,0,0,0
1000000US500019602002037,0,0,0
1000000US500019602002038,0,0,0
1000000US500019602002039,9,6,3
1000000US500019602002040,21,20,1
1000000US500019602002041,0,0,0
1000000US500019602002042,0,0,0
1000000US500019602002043,0,0,0
1000000US500019602002044,0,0,0
1000000US500019602002045,19,17,2
1000000US500019602002046,0,0,0
1000000US500019602002047,7,6,1
1000000US500019602002048,7,6,1
1000000US500019602002049,0,0,0
1000000US500019602002050,0,0,0
1000000US500019602002051,20,17,3
1000000US500019602002052,0,0,0
1000000US500019602002053,33,32,1
1000000US500019602002054,11,11,0
1000000US500019602002055,12,10,2
1000000US500019602002056,11,11,0
1000000US500019602002057,0,0,0
1000000US500019602002058,0,0,0
1000000US500019602002059,8,8,0
1000000US500019602002060,6,6,0
1000000US500019602002061,3,3,0
1000000US500019602002062,0,0,0
1000000US500019602002063,0,0,0
1000000US500019602002064,33,32,1
1000000US500019602002065,3,3,0
1000000US500019602002066,0,0,0
1000000US500019602002067,5,5,0
1000000US500019602002068,18,17,1
1000000US500019602002069,0,0,0
1000000US500019602002070,6,5,1
1000000US500019602002071,19,19,0
1000000US500019602002072,15,14,1
1000000US500019602002073,6,6,0
1000000US500019602002074,0,0,0
1000000US500019602002075,0,0,0
1000000US500019602002076,0,0,0
1000000US500019602002077,10,10,0
1000000US500019602002078,0,0,0
1000000US500019602002079,2,2,0
1000000US500019602002080,0,0,0
1000000US500019602002081,3,3,0
1000000US500019602002082,0,0,0
1000000US500019602002083,0,0,0
1000000US500019602002084,0,0,0
1000000US500019602002085,13,10,3
1000000US500019602002086,17,16,1
1000000US500019602002087,0,0,0
1000000US500019602002088,0,0,0
1000000US500019602002089,0,0,0
1000000US500019602002090,6,6,0
1000000US500019602002091,0,0,0
1000000US500019602002092,0,0,0
1000000US500019602002093,0,0,0
1000000US500019602002094,7,4,3
1000000US500019602002095,5,3,2
1000000US500019602002096,0,0,0
1000000US500019602002097,0,0,0
1000000US500019602002098,0,0,0
1000000US500019602002099,0,0,0
1000000US500019602002100,0,0,0
1000000US500019602002101,0,0,0
1000000US500019602002102,0,0,0
1000000US500019602002103,0,0,0
1000000US500019602002104,3,2,1
1000000US500019602002105,0,0,0
1000000US500019602002106,1,1,0
1000000US500019602002107,0,0,0
1000000US500019602002108,0,0,0
1000000US500019602002109,0,0,0
1000000US500019602002110,0,0,0
1000000US500019602002111,0,0,0
1000000US500019602002112,14,12,2
1000000US500019602002113,0,0,0
1000000US500019602002114,14,14,0
1000000US500019602002115,4,4,0
1000000US500019602002116,0,0,0
1000000US500019602002117,0,0,0
1000000US500019602002118,27,17,10
1000000US500019602002119,0,0,0
1000000US500019602002120,0,0,0
1000000US500019602002121,0,0,0
1000000US500019602002122,0,0,0
1000000US500019602002123,0,0,0
1000000US500019603001000,68,61,7
1000000US500019603001001,10,9,1
1000000US500019603001002,4,4,0
1000000US500019603001003,1,1,0
1000000US500019603001004,0,0,0
1000000US500019603001005,0,0,0
1000000US500019603001006,21,20,1
1000000US500019603001007,13,12,1
1000000US500019603001008,0,0,0
1000000US500019603001009,0,0,0
1000000US500019603001010,0,0,0
1000000US500019603001011,0,0,0
1000000US500019603001012,0,0,0
1000000US500019603001013,0,0,0
1000000US500019603001014,26,24,2
1000000US500019603001015,0,0,0
1000000US500019603001016,4,4,0
1000000US500019603001017,0,0,0
1000000US500019603001018,41,39,2
1000000US500019603001019,12,12,0
1000000US500019603001020,31,31,0
1000000US500019603001021,0,0,0
1000000US500019603001022,4,2,2
1000000US500019603001023,37,31,6
1000000US500019603001024,8,7,1
1000000US500019603001025,12,11,1
1000000US500019603001026,4,3,1
1000000US500019603001027,20,16,4
1000000US500019603002000,4,4,0
1000000US500019603002001,0,0,0
1000000US500019603002002,0,0,0
1000000US500019603002003,21,20,1
1000000US500019603002004,10,10,0
1000000US500019603002005,0,0,0
1000000US500019603002006,4,4,0
1000000US500019603002007,119,111,8
1000000US500019603002008,0,0,0
1000000US500019603002009,25,24,1
1000000US500019603002010,15,12,3
1000000US500019603002011,4,4,0
1000000US500019603002012,7,6,1
1000000US500019603002013,1,1,0
1000000US500019603002014,23,21,2
1000000US500019603002015,19,17,2
1000000US500019603002016,3,2,1
1000000US500019603002017,15,15,0
1000000US500019603002018,0,0,0
1000000US500019603002019,8,7,1
1000000US500019603002020,20,17,3
1000000US500019603002021,68,62,6
1000000US500019603002022,29,27,2
1000000US500019603002023,1,1,0
1000000US500019603002024,15,13,2
1000000US500019603002025,19,18,1
1000000US500019603002026,21,16,5
1000000US500019603002027,10,10,0
1000000US500019603002028,86,81,5
1000000US500019603002029,10,10,0
1000000US500019603002030,12,11,1
1000000US500019603002031,29,29,0
1000000US500019603002032,57,55,2
1000000US500019603002033,0,0,0
1000000US500019603002034,0,0,0
1000000US500019603002035,75,74,1
1000000US500019603002036,18,17,1
1000000US500019603002037,8,8,0
1000000US500019603002038,0,0,0
1000000US500019603002039,0,0,0
1000000US500019604001000,3,3,0
1000000US500019604001001,2,2,0
1000000US500019604001002,1,1,0
1000000US500019604001003,14,14,0
1000000US500019604001004,0,0,0
1000000US500019604001005,5,5,0
1000000US500019604001006,4,4,0
1000000US500019604001007,2,2,0
1000000US500019604001008,0,0,0
1000000US500019604001009,0,0,0
1000000US500019604001010,32,28,4
1000000US500019604001011,0,0,0
1000000US500019604001012,0,0,0
1000000US500019604001013,1,1,0
1000000US500019604001014,0,0,0
1000000US500019604001015,0,0,0
1000000US500019604001016,6,5,1
1000000US500019604001017,1,1,0
1000000US500019604001018,0,0,0
1000000US500019604001019,1,1,0
1000000US500019604001020,3,3,0
1000000US500019604001021,7,7,0
1000000US500019604001022,0,0,0
1000000US500019604001023,0,0,0
1000000US500019604001024,0,0,0
1000000US500019604001025,0,0,0
1000000US500019604001026,0,0,0
1000000US500019604001027,0,0,0
1000000US500019604001028,6,3,3
1000000US500019604001029,26,22,4
1000000US500019604001030,3,3,0
1000000US500019604001031,0,0,0
1000000US500019604001032,0,0,0
1000000US500019604001033,0,0,0
1000000US500019604001034,7,7,0
1000000US500019604001035,63,60,3
1000000US500019604001036,0,0,0
1000000US500019604001037,0,0,0
1000000US500019604001038,0,0,0
1000000US500019604001039,0,0,0
1000000US500019604001040,19,17,2
1000000US500019604001041,0,0,0
1000000US500019604001042,0,0,0
1000000US500019604001043,0,0,0
1000000US500019604001044,60,57,3
1000000US500019604001045,0,0,0
1000000US500019604001046,0,0,0
1000000US500019604001047,113,108,5
1000000US500019604001048,0,0,0
1000000US500019604001049,33,33,0
1000000US500019604001050,1,1,0
1000000US500019604001051,5,5,0
1000000US500019604001052,5,5,0
1000000US500019604001053,0,0,0
1000000US500019604001054,31,29,2
1000000US500019604001055,1,1,0
1000000US500019604001056,6,6,0
1000000US500019604001057,20,19,1
1000000US500019604001058,0,0,0
1000000US500019604001059,1,1,0
1000000US500019604001060,0,0,0
1000000US500019604001061,5,5,0
1000000US500019604001062,6,6,0
1000000US500019604001063,20,19,1
1000000US500019604001064,0,0,0
1000000US500019604001065,0,0,0
1000000US500019604001066,0,0,0
1000000US500019604001067,3,3,0
1000000US500019604001068,4,4,0
1000000US500019604001069,31,25,6
1000000US500019604001070,0,0,0
1000000US500019604001071,0,0,0
1000000US500019604001072,0,0,0
1000000US500019604001073,2,2,0
1000000US500019604001074,8,8,0
1000000US500019604001075,5,5,0
1000000US500019604001076,0,0,0
1000000US500019604001077,29,28,1
1000000US500019604001078,0,0,0
1000000US500019604001079,0,0,0
1000000US500019604001080,30,29,1
1000000US500019604001081,1,1,0
1000000US500019604001082,0,0,0
1000000US500019604001083,6,5,1
1000000US500019604001084,0,0,0
1000000US500019604001085,3,3,0
1000000US500019604001086,15,15,0
1000000US500019604001087,28,26,2
1000000US500019604001088,0,0,0
1000000US500019604001089,4,4,0
1000000US500019604001090,10,9,1
1000000US500019604001091,8,8,0
1000000US500019604001092,0,0,0
1000000US500019604001093,0,0,0
1000000US500019604001094,3,3,0
1000000US500019604001095,1,1,0
1000000US500019604001096,4,3,1
1000000US500019604001097,0,0,0
1000000US500019604001098,0,0,0
1000000US500019604001099,0,0,0
1000000US500019604001100,0,0,0
1000000US500019604001101,2,1,1
1000000US500019604001102,4,4,0
1000000US500019604001103,15,14,1
1000000US500019604001104,2,2,0
1000000US500019604001105,0,0,0
1000000US500019604001106,2,2,0
1000000US500019604001107,0,0,0
1000000US500019604001108,0,0,0
1000000US500019604001109,0,0,0
1000000US500019604001110,0,0,0
1000000US500019604001111,0,0,0
1000000US500019604001112,0,0,0
1000000US500019604001113,0,0,0
1000000US500019604002000,0,0,0
1000000US500019604002001,11,11,0
1000000US500019604002002,0,0,0
1000000US500019604002003,41,41,0
1000000US500019604002004,0,0,0
1000000US500019604002005,22,21,1
1000000US500019604002006,37,36,1
1000000US500019604002007,76,73,3
1000000US500019604002008,0,0,0
1000000US500019604002009,34,19,15
1000000US500019604002010,0,0,0
1000000US500019604002011,0,0,0
1000000US500019604002012,0,0,0
1000000US500019604002013,0,0,0
1000000US500019604002014,0,0,0
1000000US500019604002015,0,0,0
1000000US500019604002016,4,4,0
1000000US500019604002017,27,27,0
1000000US500019604002018,42,40,2
1000000US500019604002019,0,0,0
1000000US500019604002020,0,0,0
1000000US500019604002021,15,14,1
1000000US500019604002022,0,0,0
1000000US500019604002023,0,0,0
1000000US500019604002024,0,0,0
1000000US500019604002025,0,0,0
1000000US500019604002026,0,0,0
1000000US500019604002027,10,10,0
1000000US500019604002028,1,1,0
1000000US500019604002029,20,19,1
1000000US500019604002030,7,7,0
1000000US500019604002031,0,0,0
1000000US500019604002032,1,1,0
1000000US500019604002033,0,0,0
1000000US500019604002034,0,0,0
1000000US500019604002035,24,23,1
1000000US500019604002036,0,0,0
1000000US500019604002037,0,0,0
1000000US500019604002038,0,0,0
1000000US500019604002039,0,0,0
1000000US500019604002040,11,11,0
1000000US500019604002041,0,0,0
1000000US500019604002042,0,0,0
1000000US500019604002043,0,0,0
1000000US500019604002044,0,0,0
1000000US500019604002045,0,0,0
1000000US500019604002046,4,4,0
1000000US500019604002047,1,1,0
1000000US500019604002048,0,0,0
1000000US500019604002049,0,0,0
1000000US500019604002050,0,0,0
1000000US500019604002051,0,0,0
1000000US500019604002052,0,0,0
1000000US500019604002053,0,0,0
1000000US500019604002054,2,2,0
1000000US500019604002055,1,1,0
1000000US500019604002056,0,0,0
1000000US500019604002057,13,13,0
1000000US500019604002058,0,0,0
1000000US500019604002059,0,0,0
1000000US500019604002060,30,28,2
1000000US500019604002061,0,0,0
1000000US500019604002062,17,15,2
1000000US500019604002063,0,0,0
1000000US500019604002064,12,12,0
1000000US500019604002065,14,6,8
1000000US500019604002066,0,0,0
1000000US500019604002067,0,0,0
1000000US500019604002068,0,0,0
1000000US500019604002069,0,0,0
1000000US500019604002070,0,0,0
1000000US500019604002071,7,3,4
1000000US500019604002072,0,0,0
1000000US500019604002073,0,0,0
1000000US500019604002074,1,0,1
1000000US500019604002075,7,3,4
1000000US500019604002076,4,1,3
1000000US500019604002077,25,16,9
1000000US500019604002078,0,0,0
1000000US500019604002079,0,0,0
1000000US500019604002080,8,8,0
1000000US500019604002081,0,0,0
1000000US500019604003000,0,0,0
1000000US500019604003001,1,1,0
1000000US500019604003002,0,0,0
1000000US500019604003003,15,12,3
1000000US500019604003004,0,0,0
1000000US500019604003005,0,0,0
1000000US500019604003006,10,9,1
1000000US500019604003007,20,19,1
1000000US500019604003008,1,1,0
1000000US500019604003009,13,10,3
1000000US500019604003010,0,0,0
1000000US500019604003011,0,0,0
1000000US500019604003012,0,0,0
1000000US500019604003013,0,0,0
1000000US500019604003014,0,0,0
1000000US500019604003015,0,0,0
1000000US500019604003016,14,14,0
1000000US500019604003017,1,0,1
1000000US500019604003018,0,0,0
1000000US500019604003019,0,0,0
1000000US500019604003020,0,0,0
1000000US500019604003021,0,0,0
1000000US500019604003022,0,0,0
1000000US500019604003023,0,0,0
1000000US500019604003024,16,16,0
1000000US500019604003025,0,0,0
1000000US500019604003026,0,0,0
1000000US500019604003027,9,7,2
1000000US500019604003028,1,1,0
1000000US500019604003029,27,26,1
1000000US500019604003030,0,0,0
1000000US500019604003031,0,0,0
1000000US500019604003032,44,39,5
1000000US500019604003033,0,0,0
1000000US500019604003034,10,10,0
1000000US500019604003035,1,1,0
1000000US500019604003036,0,0,0
1000000US500019604003037,10,9,1
1000000US500019604003038,0,0,0
1000000US500019604003039,25,22,3
1000000US500019604003040,31,30,1
1000000US500019604003041,0,0,0
1000000US500019604003042,0,0,0
1000000US500019604003043,0,0,0
1000000US500019604003044,26,26,0
1000000US500019604003045,2,2,0
1000000US500019604003046,0,0,0
1000000US500019604003047,0,0,0
1000000US500019604003048,6,6,0
1000000US500019604003049,6,5,1
1000000US500019604003050,0,0,0
1000000US500019604003051,0,0,0
1000000US500019604003052,0,0,0
1000000US500019604003053,0,0,0
1000000US500019604003054,0,0,0
1000000US500019604003055,15,13,2
1000000US500019604003056,0,0,0
1000000US500019604003057,0,0,0
1000000US500019604003058,0,0,0
1000000US500019604003059,0,0,0
1000000US500019604003060,0,0,0
1000000US500019604003061,9,8,1
1000000US500019604003062,1,1,0
1000000US500019604003063,14,12,2
1000000US500019604003064,17,17,0
1000000US500019604003065,0,0,0
1000000US500019604003066,2,2,0
1000000US500019604003067,221,93,128
1000000US500019604003068,0,0,0
1000000US500019604003069,0,0,0
1000000US500019604003070,1,0,1
1000000US500019604003071,0,0,0
1000000US500019604003072,13,13,0
1000000US500019604003073,3,2,1
1000000US500019604003074,0,0,0
1000000US500019604003075,1,0,1
1000000US500019604003076,0,0,0
1000000US500019604003077,3,2,1
1000000US500019604003078,0,0,0
1000000US500019604003079,0,0,0
1000000US500019604003080,0,0,0
1000000US500019604003081,0,0,0
1000000US500019604003082,0,0,0
1000000US500019604003083,0,0,0
1000000US500019604003084,0,0,0
1000000US500019604003085,7,6,1
1000000US500019604003086,0,0,0
1000000US500019604003087,0,0,0
1000000US500019604003088,0,0,0
1000000US500019604003089,2,1,1
1000000US500019604003090,0,0,0
1000000US500019604003091,0,0,0
1000000US500019604003092,49,39,10
1000000US500019604003093,0,0,0
1000000US500019604003094,0,0,0
1000000US500019604003095,0,0,0
1000000US500019604003096,0,0,0
1000000US500019604003097,0,0,0
1000000US500019604003098,0,0,0
1000000US500019604003099,0,0,0
1000000US500019604003100,0,0,0
1000000US500019604003101,0,0,0
1000000US500019604003102,0,0,0
1000000US500019604003103,1,1,0
1000000US500019604003104,9,8,1
1000000US500019604003105,0,0,0
1000000US500019604003106,0,0,0
1000000US500019604003107,0,0,0
1000000US500019604003108,0,0,0
1000000US500019604003109,0,0,0
1000000US500019604003110,0,0,0
1000000US500019604003111,0,0,0
1000000US500019604003112,2,2,0
1000000US500019604003113,0,0,0
1000000US500019604003114,0,0,0
1000000US500019604003115,0,0,0
1000000US500019604003116,0,0,0
1000000US500019604003117,0,0,0
1000000US500019604003118,8,4,4
1000000US500019604003119,0,0,0
1000000US500019604003120,0,0,0
1000000US500019604003121,0,0,0
1000000US500019604003122,2,1,1
1000000US500019604003123,2,2,0
1000000US500019604003124,8,7,1
1000000US500019604003125,7,7,0
1000000US500019604003126,0,0,0
1000000US500019604003127,0,0,0
1000000US500019604003128,0,0,0
1000000US500019604003129,2,1,1
1000000US500019604003130,0,0,0
1000000US500019604003131,0,0,0
1000000US500019604003132,0,0,0
1000000US500019604003133,11,10,1
1000000US500019604003134,0,0,0
1000000US500019604003135,10,9,1
1000000US500019604003136,0,0,0
1000000US500019604004000,0,0,0
1000000US500019604004001,0,0,0
1000000US500019604004002,0,0,0
1000000US500019604004003,0,0,0
1000000US500019604004004,2,2,0
1000000US500019604004005,13,12,1
1000000US500019604004006,16,13,3
1000000US500019604004007,0,0,0
1000000US500019604004008,0,0,0
1000000US500019604004009,0,0,0
1000000US500019604004010,0,0,0
1000000US500019604004011,0,0,0
1000000US500019604004012,0,0,0
1000000US500019604004013,0,0,0
1000000US500019604004014,1,1,0
1000000US500019604004015,0,0,0
1000000US500019604004016,8,8,0
1000000US500019604004017,3,2,1
1000000US500019604004018,0,0,0
1000000US500019604004019,0,0,0
1000000US500019604004020,21,20,1
1000000US500019604004021,4,3,1
1000000US500019604004022,8,8,0
1000000US500019604004023,0,0,0
1000000US500019604004024,0,0,0
1000000US500019604004025,0,0,0
1000000US500019604004026,69,64,5
1000000US500019604004027,0,0,0
1000000US500019604004028,0,0,0
1000000US500019604004029,11,11,0
1000000US500019604004030,6,5,1
1000000US500019604004031,14,14,0
1000000US500019604004032,14,11,3
1000000US500019604004033,0,0,0
1000000US500019604004034,5,5,0
1000000US500019604004035,0,0,0
1000000US500019604004036,0,0,0
1000000US500019604004037,0,0,0
1000000US500019604004038,5,5,0
1000000US500019604004039,1,1,0
1000000US500019604004040,0,0,0
1000000US500019604004041,3,3,0
1000000US500019604004042,11,11,0
1000000US500019604004043,1,1,0
1000000US500019604004044,21,21,0
1000000US500019604004045,0,0,0
1000000US500019604004046,24,24,0
1000000US500019604004047,64,62,2
1000000US500019604004048,1,1,0
1000000US500019604004049,5,4,1
1000000US500019604004050,0,0,0
1000000US500019604004051,0,0,0
1000000US500019604004052,0,0,0
1000000US500019604004053,12,11,1
1000000US500019604004054,2,1,1
1000000US500019604004055,0,0,0
1000000US500019604004056,2,1,1
1000000US500019604004057,7,6,1
1000000US500019604004058,0,0,0
1000000US500019605001000,39,37,2
1000000US500019605001001,2,2,0
1000000US500019605001002,30,29,1
1000000US500019605001003,1,1,0
1000000US500019605001004,6,6,0
1000000US500019605001005,0,0,0
1000000US500019605001006,12,12,0
1000000US500019605001007,8,8,0
1000000US500019605001008,57,39,18
1000000US500019605001009,0,0,0
1000000US500019605001010,1,1,0
1000000US500019605001011,60,55,5
1000000US500019605001012,24,24,0
1000000US500019605001013,40,38,2
1000000US500019605001014,0,0,0
1000000US500019605001015,0,0,0
1000000US500019605001016,1,1,0
1000000US500019605001017,0,0,0
1000000US500019605001018,0,0,0
1000000US500019605001019,0,0,0
1000000US500019605001020,92,87,5
1000000US500019605001021,0,0,0
1000000US500019605001022,4,4,0
1000000US500019605001023,45,37,8
1000000US500019605001024,28,27,1
1000000US500019605001025,21,19,2
1000000US500019605001026,14,13,1
1000000US500019605001027,53,52,1
1000000US500019605001028,0,0,0
1000000US500019605001029,0,0,0
1000000US500019605001030,73,68,5
1000000US500019605001031,1,1,0
1000000US500019605001032,0,0,0
1000000US500019605001033,1,1,0
1000000US500019605001034,0,0,0
1000000US500019605001035,2,1,1
1000000US500019605001036,47,38,9
1000000US500019605001037,4,4,0
1000000US500019605001038,2,2,0
1000000US500019605001039,0,0,0
1000000US500019605001040,101,96,5
1000000US500019605001041,0,0,0
1000000US500019605001042,12,12,0
1000000US500019605001043,12,11,1
1000000US500019605001044,0,0,0
1000000US500019605001045,0,0,0
1000000US500019605001046,27,25,2
1000000US500019605001047,0,0,0
1000000US500019605001048,0,0,0
1000000US500019605001049,16,14,2
1000000US500019605001050,0,0,0
1000000US500019605001051,0,0,0
1000000US500019605001052,0,0,0
1000000US500019605001053,0,0,0
1000000US500019605001054,7,6,1
1000000US500019605001055,14,10,4
1000000US500019605001056,1,1,0
1000000US500019605001057,0,0,0
1000000US500019605001058,5,5,0
1000000US500019605001059,16,14,2
1000000US500019605001060,0,0,0
1000000US500019605001061,0,0,0
1000000US500019605001062,0,0,0
1000000US500019605001063,0,0,0
1000000US500019605001064,0,0,0
1000000US500019605001065,0,0,0
1000000US500019605002000,41,40,1
1000000US500019605002001,114,110,4
1000000US500019605002002,33,33,0
1000000US500019605002003,14,14,0
1000000US500019605002004,0,0,0
1000000US500019605002005,24,22,2
1000000US500019605002006,6,6,0
1000000US500019605002007,7,6,1
1000000US500019605002008,94,92,2
1000000US500019605002009,30,30,0
1000000US500019605002010,0,0,0
1000000US500019605002011,26,24,2
1000000US500019605002012,38,38,0
1000000US500019605002013,19,19,0
1000000US500019605002014,25,21,4
1000000US500019605002015,30,30,0
1000000US500019605002016,0,0,0
1000000US500019605002017,7,7,0
1000000US500019605003000,87,83,4
1000000US500019605003001,8,8,0
1000000US500019605003002,0,0,0
1000000US500019605003003,42,39,3
1000000US500019605003004,0,0,0
1000000US500019605003005,0,0,0
1000000US500019605003006,17,17,0
1000000US500019605003007,2,2,0
1000000US500019605003008,0,0,0
1000000US500019605003009,16,16,0
1000000US500019605003010,0,0,0
1000000US500019605003011,0,0,0
1000000US500019605003012,3,3,0
1000000US500019605003013,0,0,0
1000000US500019605003014,76,73,3
1000000US500019605003015,5,5,0
1000000US500019605003016,0,0,0
1000000US500019605003017,0,0,0
1000000US500019605003018,0,0,0
1000000US500019605003019,0,0,0
1000000US500019605003020,0,0,0
1000000US500019605003021,1,0,1
1000000US500019605003022,0,0,0
1000000US500019605003023,6,6,0
1000000US500019605003024,41,40,1
1000000US500019606001000,136,114,22
1000000US500019606001001,0,0,0
1000000US500019606001002,0,0,0
1000000US500019606001003,3,2,1
1000000US500019606001004,0,0,0
1000000US500019606001005,2,2,0
1000000US500019606001006,5,4,1
1000000US500019606001007,54,46,8
1000000US500019606001008,25,20,5
1000000US500019606001009,0,0,0
1000000US500019606001010,8,8,0
1000000US500019606001011,0,0,0
1000000US500019606001012,27,25,2
1000000US500019606001013,0,0,0
1000000US500019606001014,1,0,1
1000000US500019606001015,20,19,1
1000000US500019606001016,0,0,0
1000000US500019606001017,0,0,0
1000000US500019606001018,0,0,0
1000000US500019606001019,0,0,0
1000000US500019606001020,15,15,0
1000000US500019606001021,0,0,0
1000000US500019606001022,11,6,5
1000000US500019606001023,3,3,0
1000000US500019606001024,0,0,0
1000000US500019606001025,0,0,0
1000000US500019606001026,3,2,1
1000000US500019606001027,0,0,0
1000000US500019606001028,26,19,7
1000000US500019606001029,0,0,0
1000000US500019606001030,4,4,0
1000000US500019606001031,1,0,1
1000000US500019606001032,0,0,0
1000000US500019606001033,0,0,0
1000000US500019606001034,5,5,0
1000000US500019606001035,0,0,0
1000000US500019606001036,8,7,1
1000000US500019606001037,0,0,0
1000000US500019606001038,0,0,0
1000000US500019606001039,59,51,8
1000000US500019606001040,0,0,0
1000000US500019606001041,0,0,0
1000000US500019606001042,2,2,0
1000000US500019606001043,0,0,0
1000000US500019606001044,0,0,0
1000000US500019606001045,8,7,1
1000000US500019606001046,0,0,0
1000000US500019606001047,1,1,0
1000000US500019606001048,6,4,2
1000000US500019606001049,0,0,0
1000000US500019606001050,3,1,2
1000000US500019606001051,21,19,2
1000000US500019606001052,0,0,0
1000000US500019606001053,68,46,22
1000000US500019606001054,0,0,0
1000000US500019606001055,0,0,0
1000000US500019606001056,1,0,1
1000000US500019606001057,4,3,1
1000000US500019606001058,0,0,0
1000000US500019606001059,10,7,3
1000000US500019606001060,4,3,1
1000000US500019606001061,7,6,1
1000000US500019606001062,0,0,0
1000000US500019606001063,0,0,0
1000000US500019606001064,0,0,0
1000000US500019606001065,8,5,3
1000000US500019606001066,0,0,0
1000000US500019606001067,9,9,0
1000000US500019606001068,0,0,0
1000000US500019606001069,0,0,0
1000000US500019606001070,0,0,0
1000000US500019606001071,20,15,5
1000000US500019606001072,37,21,16
1000000US500019606001073,0,0,0
1000000US500019606001074,4,4,0
1000000US500019606001075,0,0,0
1000000US500019606001076,0,0,0
1000000US500019606001077,7,7,0
1000000US500019606001078,0,0,0
1000000US500019606001079,0,0,0
1000000US500019606001080,0,0,0
1000000US500019606001081,0,0,0
1000000US500019606002000,21,6,15
1000000US500019606002001,0,0,0
1000000US500019606002002,0,0,0
1000000US500019606002003,0,0,0
1000000US500019606002004,0,0,0
1000000US500019606002005,0,0,0
1000000US500019606002006,0,0,0
1000000US500019606002007,0,0,0
1000000US500019606002008,0,0,0
1000000US500019606002009,64,50,14
1000000US500019606002010,6,3,3
1000000US500019606002011,0,0,0
1000000US500019606002012,1,1,0
1000000US500019606002013,39,32,7
1000000US500019606002014,15,11,4
1000000US500019606002015,0,0,0
1000000US500019606002016,10,8,2
1000000US500019606002017,0,0,0
1000000US500019606002018,10,10,0
1000000US500019606002019,11,10,1
1000000US500019606002020,0,0,0
1000000US500019606002021,1,1,0
1000000US500019606002022,0,0,0
1000000US500019606002023,3,3,0
1000000US500019606002024,1,0,1
1000000US500019606002025,0,0,0
1000000US500019606002026,0,0,0
1000000US500019606002027,0,0,0
1000000US500019606002028,0,0,0
1000000US500019606002029,4,3,1
1000000US500019606002030,19,15,4
1000000US500019606002031,5,5,0
1000000US500019606002032,1,0,1
1000000US500019606002033,0,0,0
1000000US500019606002034,40,30,10
1000000US500019606002035,0,0,0
1000000US500019606002036,13,11,2
1000000US500019606002037,6,5,1
1000000US500019606002038,8,8,0
1000000US500019606002039,7,7,0
1000000US500019606002040,0,0,0
1000000US500019606002041,2,2,0
1000000US500019606002042,4,4,0
1000000US500019606002043,21,21,0
1000000US500019606002044,3,0,3
1000000US500019606002045,0,0,0
1000000US500019606002046,1,0,1
1000000US500019606002047,4,3,1
1000000US500019606002048,1,0,1
1000000US500019606002049,5,4,1
1000000US500019606002050,6,6,0
1000000US500019606002051,1,1,0
1000000US500019606002052,2,0,2
1000000US500019606002053,1,0,1
1000000US500019606002054,1,1,0
1000000US500019606002055,0,0,0
1000000US500019606002056,0,0,0
1000000US500019606002057,0,0,0
1000000US500019606002058,1,1,0
1000000US500019606002059,1,0,1
1000000US500019606002060,1,0,1
1000000US500019606002061,36,25,11
1000000US500019606002062,0,0,0
1000000US500019606002063,0,0,0
1000000US500019606002064,0,0,0
1000000US500019606002065,3,1,2
1000000US500019606002066,4,4,0
1000000US500019606002067,0,0,0
1000000US500019606002068,3,1,2
1000000US500019606002069,0,0,0
1000000US500019606002070,4,3,1
1000000US500019606002071,1,1,0
1000000US500019606002072,1,1,0
1000000US500019606002073,0,0,0
1000000US500019606002074,3,2,1
1000000US500019606002075,20,12,8
1000000US500019606002076,0,0,0
1000000US500019606002077,0,0,0
1000000US500019606002078,1,1,0
1000000US500019606002079,0,0,0
1000000US500019606002080,6,2,4
1000000US500019606002081,1,1,0
1000000US500019606002082,2,2,0
1000000US500019606002083,10,7,3
1000000US500019606002084,0,0,0
1000000US500019606002085,0,0,0
1000000US500019606002086,11,10,1
1000000US500019606002087,0,0,0
1000000US500019606002088,4,0,4
1000000US500019606002089,1,0,1
1000000US500019606002090,2,0,2
1000000US500019606002091,3,2,1
1000000US500019606002092,1,0,1
1000000US500019606002093,0,0,0
1000000US500019606002094,0,0,0
1000000US500019606002095,0,0,0
1000000US500019606003000,6,6,0
1000000US500019606003001,3,3,0
1000000US500019606003002,0,0,0
1000000US500019606003003,0,0,0
1000000US500019606003004,20,11,9
1000000US500019606003005,1,1,0
1000000US500019606003006,0,0,0
1000000US500019606003007,0,0,0
1000000US500019606003008,0,0,0
1000000US500019606003009,0,0,0
1000000US500019606003010,0,0,0
1000000US500019606003011,0,0,0
1000000US500019606003012,0,0,0
1000000US500019606003013,0,0,0
1000000US500019606003014,0,0,0
1000000US500019606003015,12,8,4
1000000US500019606003016,0,0,0
1000000US500019606003017,3,2,1
1000000US500019606003018,39,26,13
1000000US500019606003019,3,2,1
1000000US500019606003020,0,0,0
1000000US500019606003021,1,0,1
1000000US500019606003022,0,0,0
1000000US500019606003023,0,0,0
1000000US500019606003024,32,17,15
1000000US500019606003025,4,1,3
1000000US500019606003026,0,0,0
1000000US500019606003027,23,10,13
1000000US500019606003028,0,0,0
1000000US500019606003029,8,3,5
1000000US500019606003030,6,4,2
1000000US500019606003031,0,0,0
1000000US500019606003032,0,0,0
1000000US500019606003033,0,0,0
1000000US500019606003034,3,0,3
1000000US500019606003035,0,0,0
1000000US500019606003036,0,0,0
1000000US500019606003037,1,1,0
1000000US500019606003038,11,5,6
1000000US500019606003039,5,2,3
1000000US500019606003040,6,6,0
1000000US500019606003041,0,0,0
1000000US500019606003042,2,2,0
1000000US500019606003043,0,0,0
1000000US500019606003044,0,0,0
1000000US500019606003045,0,0,0
1000000US500019606003046,0,0,0
1000000US500019606003047,0,0,0
1000000US500019606003048,0,0,0
1000000US500019606003049,0,0,0
1000000US500019606003050,0,0,0
1000000US500019606003051,0,0,0
1000000US500019606003052,15,5,10
1000000US500019606003053,0,0,0
1000000US500019606003054,0,0,0
1000000US500019606003055,0,0,0
1000000US500019606003056,3,0,3
1000000US500019606003057,0,0,0
1000000US500019606003058,2,1,1
1000000US500019606003059,0,0,0
1000000US500019606003060,0,0,0
1000000US500019606003061,0,0,0
1000000US500019606003062,0,0,0
1000000US500019606003063,0,0,0
1000000US500019606003064,3,3,0
1000000US500019606003065,47,34,13
1000000US500019606003066,1,1,0
1000000US500019606003067,0,0,0
1000000US500019606003068,4,3,1
1000000US500019606003069,3,3,0
1000000US500019606003070,0,0,0
1000000US500019606003071,12,10,2
1000000US500019606003072,3,3,0
1000000US500019606003073,18,8,10
1000000US500019606003074,0,0,0
1000000US500019606003075,0,0,0
1000000US500019606003076,28,24,4
1000000US500019606003077,48,31,17
1000000US500019606003078,0,0,0
1000000US500019606003079,0,0,0
1000000US500019606003080,2,1,1
1000000US500019606003081,0,0,0
1000000US500019606003082,0,0,0
1000000US500019606003083,0,0,0
1000000US500019606003084,3,2,1
1000000US500019606003085,0,0,0
1000000US500019606003086,0,0,0
1000000US500019606003087,2,2,0
1000000US500019606003088,1,0,1
1000000US500019606003089,0,0,0
1000000US500019606003090,0,0,0
1000000US500019606003091,0,0,0
1000000US500019606003092,0,0,0
1000000US500019606003093,6,3,3
1000000US500019606003094,0,0,0
1000000US500019606003095,0,0,0
1000000US500019606003096,0,0,0
1000000US500019606003097,1,1,0
1000000US500019606003098,0,0,0
1000000US500019606003099,9,2,7
1000000US500019606003100,1,0,1
1000000US500019606003101,17,8,9
1000000US500019606003102,8,6,2
1000000US500019606003103,0,0,0
1000000US500019606003104,4,4,0
1000000US500019606003105,9,9,0
1000000US500019606003106,1,1,0
1000000US500019606003107,0,0,0
1000000US500019606003108,3,2,1
1000000US500019606003109,0,0,0
1000000US500019606003110,0,0,0
1000000US500019606003111,3,3,0
1000000US500019606003112,2,2,0
1000000US500019606003113,0,0,0
1000000US500019606003114,2,2,0
1000000US500019606003115,2,2,0
1000000US500019607001000,176,166,10
1000000US500019607001001,0,0,0
1000000US500019607001002,9,9,0
1000000US500019607001003,1,1,0
1000000US500019607001004,0,0,0
1000000US500019607001005,0,0,0
1000000US500019607001006,23,22,1
1000000US500019607001007,16,15,1
1000000US500019607001008,5,5,0
1000000US500019607001009,4,4,0
1000000US500019607001010,15,15,0
1000000US500019607001011,25,23,2
1000000US500019607001012,0,0,0
1000000US500019607001013,15,14,1
1000000US500019607001014,0,0,0
1000000US500019607001015,0,0,0
1000000US500019607001016,0,0,0
1000000US500019607001017,47,42,5
1000000US500019607001018,0,0,0
1000000US500019607001019,0,0,0
1000000US500019607001020,0,0,0
1000000US500019607001021,6,5,1
1000000US500019607001022,2,2,0
1000000US500019607001023,0,0,0
1000000US500019607001024,58,52,6
1000000US500019607001025,2,2,0
1000000US500019607001026,0,0,0
1000000US500019607001027,8,8,0
1000000US500019607001028,2,0,2
1000000US500019607001029,3,2,1
1000000US500019607001030,3,3,0
1000000US500019607001031,0,0,0
1000000US500019607001032,0,0,0
1000000US500019607001033,0,0,0
1000000US500019607002000,10,10,0
1000000US500019607002001,4,4,0
1000000US500019607002002,0,0,0
1000000US500019607002003,11,8,3
1000000US500019607002004,28,28,0
1000000US500019607002005,0,0,0
1000000US500019607002006,5,5,0
1000000US500019607002007,43,42,1
1000000US500019607002008,0,0,0
1000000US500019607002009,0,0,0
1000000US500019607002010,50,48,2
1000000US500019607002011,4,4,0
1000000US500019607002012,1,1,0
1000000US500019607002013,10,10,0
1000000US500019607002014,62,59,3
1000000US500019607002015,9,9,0
1000000US500019607002016,5,5,0
1000000US500019607002017,99,92,7
1000000US500019607002018,8,8,0
1000000US500019607002019,0,0,0
1000000US500019607002020,6,5,1
1000000US500019607002021,9,8,1
1000000US500019607002022,23,23,0
1000000US500019607003000,242,231,11
1000000US500019607003001,0,0,0
1000000US500019607003002,0,0,0
1000000US500019607003003,1,1,0
1000000US500019607003004,0,0,0
1000000US500019607003005,13,13,0
1000000US500019607003006,152,149,3
1000000US500019607003007,11,10,1
1000000US500019607003008,15,12,3
1000000US500019607003009,33,32,1
1000000US500019607003010,7,6,1
1000000US500019607003011,0,0,0
1000000US500019607003012,108,97,11
1000000US500019607003013,2,1,1
1000000US500019607003014,0,0,0
1000000US500019607003015,13,12,1
1000000US500019607003016,27,25,2
1000000US500019607003017,14,14,0
1000000US500019607003018,43,39,4
1000000US500019607003019,12,12,0
1000000US500019607003020,11,11,0
1000000US500019607004000,23,22,1
1000000US500019607004001,0,0,0
1000000US500019607004002,13,12,1
1000000US500019607004003,12,10,2
1000000US500019607004004,1,1,0
1000000US500019607004005,0,0,0
1000000US500019607004006,0,0,0
1000000US500019607004007,24,22,2
1000000US500019607004008,11,11,0
1000000US500019607004009,0,0,0
1000000US500019607004010,0,0,0
1000000US500019607004011,99,94,5
1000000US500019607004012,4,4,0
1000000US500019607004013,15,12,3
1000000US500019607004014,4,4,0
1000000US500019607004015,12,10,2
1000000US500019607004016,0,0,0
1000000US500019607004017,0,0,0
1000000US500019607004018,21,20,1
1000000US500019607004019,17,15,2
1000000US500019607004020,0,0,0
1000000US500019607004021,0,0,0
1000000US500019607004022,0,0,0
1000000US500019607004023,5,5,0
1000000US500019607004024,11,9,2
1000000US500019607004025,0,0,0
1000000US500019607004026,0,0,0
1000000US500019607004027,36,34,2
1000000US500019607004028,0,0,0
1000000US500019607004029,31,30,1
1000000US500019607004030,0,0,0
1000000US500019607004031,0,0,0
1000000US500019607004032,0,0,0
1000000US500019607004033,9,8,1
1000000US500019607004034,0,0,0
1000000US500019607004035,1,1,0
1000000US500019608001000,9,7,2
1000000US500019608001001,7,7,0
1000000US500019608001002,6,6,0
1000000US500019608001003,85,81,4
1000000US500019608001004,0,0,0
1000000US500019608001005,91,79,12
1000000US500019608001006,0,0,0
1000000US500019608001007,0,0,0
1000000US500019608001008,0,0,0
1000000US500019608001009,0,0,0
1000000US500019608001010,32,28,4
1000000US500019608001011,44,41,3
1000000US500019608001012,31,29,2
1000000US500019608001013,8,8,0
1000000US500019608001014,42,32,10
1000000US500019608001015,0,0,0
1000000US500019608001016,0,0,0
1000000US500019608001017,0,0,0
1000000US500019608002000,0,0,0
1000000US500019608002001,77,71,6
1000000US500019608002002,1,1,0
1000000US500019608002003,71,69,2
1000000US500019608002004,12,11,1
1000000US500019608002005,8,6,2
1000000US500019608002006,0,0,0
1000000US500019608002007,4,3,1
1000000US500019608002008,0,0,0
1000000US500019608002009,0,0,0
1000000US500019608002010,0,0,0
1000000US500019608002011,0,0,0
1000000US500019608002012,0,0,0
1000000US500019608002013,0,0,0
1000000US500019608002014,0,0,0
1000000US500019608002015,3,3,0
1000000US500019608002016,0,0,0
1000000US500019608002017,29,19,10
1000000US500019608002018,16,16,0
1000000US500019608002019,0,0,0
1000000US500019608002020,6,5,1
1000000US500019608002021,51,47,4
1000000US500019608002022,0,0,0
1000000US500019608002023,74,65,9
1000000US500019608002024,0,0,0
1000000US500019608002025,0,0,0
1000000US500019608002026,14,10,4
1000000US500019608002027,11,11,0
1000000US500019608002028,15,14,1
1000000US500019608002029,9,8,1
1000000US500019608003000,0,0,0
1000000US500019608003001,0,0,0
1000000US500019608003002,53,52,1
1000000US500019608003003,0,0,0
1000000US500019608003004,25,22,3
1000000US500019608003005,16,13,3
1000000US500019608003006,0,0,0
1000000US500019608003007,0,0,0
1000000US500019608003008,0,0,0
1000000US500019608003009,0,0,0
1000000US500019608003010,0,0,0
1000000US500019608003011,1,1,0
1000000US500019608003012,33,31,2
1000000US500019608003013,194,133,61
1000000US500019608003014,2,1,1
1000000US500019608003015,5,1,4
1000000US500019608003016,0,0,0
1000000US500019608003017,1,1,0
1000000US500019608003018,36,35,1
1000000US500019608003019,0,0,0
1000000US500019608003020,0,0,0
1000000US500019608003021,1,1,0
1000000US500019608003022,1,1,0
1000000US500019608003023,8,6,2
1000000US500019608003024,0,0,0
1000000US500019608003025,5,5,0
1000000US500019608003026,0,0,0
1000000US500019608003027,10,8,2
1000000US500019608003028,0,0,0
1000000US500019608003029,7,6,1
1000000US500019608003030,16,15,1
1000000US500019608003031,1,0,1
1000000US500019608003032,1,1,0
1000000US500019608003033,0,0,0
1000000US500019608003034,4,4,0
1000000US500019608003035,0,0,0
1000000US500019608003036,0,0,0
1000000US500019608003037,0,0,0
1000000US500019608003038,0,0,0
1000000US500019608003039,3,3,0
1000000US500019608003040,0,0,0
1000000US500019608003041,0,0,0
1000000US500019608003042,0,0,0
1000000US500019608003043,1,1,0
1000000US500019608003044,5,3,2
1000000US500019608003045,0,0,0
1000000US500019608003046,19,14,5
1000000US500019608003047,0,0,0
1000000US500019608003048,4,4,0
1000000US500019608003049,0,0,0
1000000US500019609001000,1,0,1
1000000US500019609001001,28,25,3
1000000US500019609001002,0,0,0
1000000US500019609001003,0,0,0
1000000US500019609001004,6,3,3
1000000US500019609001005,0,0,0
1000000US500019609001006,1,1,0
1000000US500019609001007,8,7,1
1000000US500019609001008,0,0,0
1000000US500019609001009,41,39,2
1000000US500019609001010,0,0,0
1000000US500019609001011,40,39,1
1000000US500019609001012,0,0,0
1000000US500019609001013,0,0,0
1000000US500019609001014,13,11,2
1000000US500019609001015,5,5,0
1000000US500019609001016,10,9,1
1000000US500019609001017,0,0,0
1000000US500019609001018,38,33,5
1000000US500019609001019,15,11,4
1000000US500019609001020,0,0,0
1000000US500019609001021,0,0,0
1000000US500019609001022,5,4,1
1000000US500019609001023,0,0,0
1000000US500019609001024,37,32,5
1000000US500019609001025,3,3,0
1000000US500019609001026,0,0,0
1000000US500019609001027,3,3,0
1000000US500019609001028,7,7,0
1000000US500019609001029,0,0,0
1000000US500019609001030,10,9,1
1000000US500019609001031,0,0,0
1000000US500019609001032,0,0,0
1000000US500019609001033,0,0,0
1000000US500019609001034,23,20,3
1000000US500019609001035,0,0,0
1000000US500019609001036,1,0,1
1000000US500019609001037,0,0,0
1000000US500019609001038,0,0,0
1000000US500019609001039,4,3,1
1000000US500019609001040,7,6,1
1000000US500019609001041,0,0,0
1000000US500019609001042,23,23,0
1000000US500019609001043,0,0,0
1000000US500019609001044,46,43,3
1000000US500019609001045,24,21,3
1000000US500019609001046,4,4,0
1000000US500019609001047,11,11,0
1000000US500019609001048,0,0,0
1000000US500019609001049,0,0,0
1000000US500019609001050,2,2,0
1000000US500019609001051,5,5,0
1000000US500019609001052,22,22,0
1000000US500019609001053,29,26,3
1000000US500019609001054,2,2,0
1000000US500019609001055,0,0,0
1000000US500019609001056,3,3,0
1000000US500019609001057,0,0,0
1000000US500019609001058,2,2,0
1000000US500019609001059,8,8,0
1000000US500019609001060,14,13,1
1000000US500019609001061,5,5,0
1000000US500019609001062,0,0,0
1000000US500019609001063,0,0,0
1000000US500019609001064,1,1,0
1000000US500019609001065,9,7,2
1000000US500019609001066,19,19,0
1000000US500019609001067,0,0,0
1000000US500019609001068,13,12,1
1000000US500019609001069,0,0,0
1000000US500019609001070,0,0,0
1000000US500019609001071,27,25,2
1000000US500019609001072,19,16,3
1000000US500019609001073,0,0,0
1000000US500019609001074,0,0,0
1000000US500019609001075,0,0,0
1000000US500019609001076,11,9,2
1000000US500019609001077,0,0,0
1000000US500019609001078,0,0,0
1000000US500019609001079,0,0,0
1000000US500019609001080,5,3,2
1000000US500019609001081,12,11,1
1000000US500019609001082,6,6,0
1000000US500019609001083,1,1,0
1000000US500019609001084,15,14,1
1000000US500019609001085,0,0,0
1000000US500019609001086,0,0,0
1000000US500019609001087,3,3,0
1000000US500019609001088,3,3,0
1000000US500019609001089,0,0,0
1000000US500019609001090,6,6,0
1000000US500019609001091,5,5,0
1000000US500019609001092,6,6,0
1000000US500019609001093,0,0,0
1000000US500019609001094,10,9,1
1000000US500019609001095,16,15,1
1000000US500019609001096,0,0,0
1000000US500019609001097,0,0,0
1000000US500019609001098,3,3,0
1000000US500019609001099,0,0,0
1000000US500019609001100,0,0,0
1000000US500019609001101,0,0,0
1000000US500019609001102,0,0,0
1000000US500019609001103,1,1,0
1000000US500019609001104,0,0,0
1000000US500019609002000,2,2,0
1000000US500019609002001,0,0,0
1000000US500019609002002,7,7,0
1000000US500019609002003,15,12,3
1000000US500019609002004,0,0,0
1000000US500019609002005,6,3,3
1000000US500019609002006,40,37,3
1000000US500019609002007,0,0,0
1000000US500019609002008,16,11,5
1000000US500019609002009,26,25,1
1000000US500019609002010,4,4,0
1000000US500019609002011,0,0,0
1000000US500019609002012,0,0,0
1000000US500019609002013,0,0,0
1000000US500019609002014,9,8,1
1000000US500019609002015,22,20,2
1000000US500019609002016,0,0,0
1000000US500019609002017,0,0,0
1000000US500019609002018,7,7,0
1000000US500019609002019,0,0,0
1000000US500019609002020,16,15,1
1000000US500019609002021,7,7,0
1000000US500019609002022,4,4,0
1000000US500019609002023,17,14,3
1000000US500019609002024,0,0,0
1000000US500019609002025,0,0,0
1000000US500019609002026,8,8,0
1000000US500019609002027,0,0,0
1000000US500019609002028,0,0,0
1000000US500019609002029,0,0,0
1000000US500019609002030,6,4,2
1000000US500019609002031,0,0,0
1000000US500019609002032,1,1,0
1000000US500019609002033,12,12,0
1000000US500019609002034,2,2,0
1000000US500019609002035,0,0,0
1000000US500019609002036,54,28,26
1000000US500019609002037,0,0,0
1000000US500019609002038,0,0,0
1000000US500019609002039,0,0,0
1000000US500019609002040,0,0,0
1000000US500019609002041,0,0,0
1000000US500019609002042,0,0,0
1000000US500019609002043,0,0,0
1000000US500019609002044,0,0,0
1000000US500019609002045,0,0,0
1000000US500019609002046,0,0,0
1000000US500019609002047,0,0,0
1000000US500019609002048,52,18,34
1000000US500019609002049,2,0,2
1000000US500019609002050,0,0,0
1000000US500019609002051,49,22,27
1000000US500019609002052,0,0,0
1000000US500019609002053,2,2,0
1000000US500019609002054,10,9,1
1000000US500019609002055,3,3,0
1000000US500019609002056,0,0,0
1000000US500019609002057,0,0,0
1000000US500019609002058,3,2,1
1000000US500019609002059,0,0,0
1000000US500019609002060,19,17,2
1000000US500019609002061,0,0,0
1000000US500019609002062,5,5,0
1000000US500019609002063,0,0,0
1000000US500019609002064,0,0,0
1000000US500019609002065,7,6,1
1000000US500019609002066,0,0,0
1000000US500019609002067,0,0,0
1000000US500019609002068,0,0,0
1000000US500019609002069,0,0,0
1000000US500019609002070,0,0,0
1000000US500019609002071,0,0,0
1000000US500019609002072,5,5,0
1000000US500019609002073,0,0,0
1000000US500019609002074,0,0,0
1000000US500019609002075,21,21,0
1000000US500019609002076,0,0,0
1000000US500019609002077,8,8,0
1000000US500019609002078,1,1,0
1000000US500019609002079,14,14,0
1000000US500019609002080,16,14,2
1000000US500019609002081,0,0,0
1000000US500019609002082,0,0,0
1000000US500019609002083,2,2,0
1000000US500019609002084,5,5,0
1000000US500019609002085,0,0,0
1000000US500019609002086,0,0,0
1000000US500019609002087,6,6,0
1000000US500019609002088,1,1,0
1000000US500019609002089,8,6,2
1000000US500019609002090,16,16,0
1000000US500019609002091,0,0,0
1000000US500019609002092,0,0,0
1000000US500019609002093,1,1,0
1000000US500019609002094,18,17,1
1000000US500019609002095,9,9,0
1000000US500019609002096,0,0,0
1000000US500019609002097,1,1,0
1000000US500019609002098,12,11,1
1000000US500019609002099,0,0,0
1000000US500019609002100,4,3,1
1000000US500019609002101,0,0,0
1000000US500019609002102,0,0,0
1000000US500019609002103,0,0,0
1000000US500019609002104,0,0,0
1000000US500019609002105,7,6,1
1000000US500019609002106,0,0,0
1000000US500019609002107,2,2,0
1000000US500019609002108,8,8,0
1000000US500019609002109,12,11,1
1000000US500019609002110,0,0,0
1000000US500019609002111,2,2,0
1000000US500019609002112,0,0,0
1000000US500019609002113,0,0,0
1000000US500019609002114,0,0,0
1000000US500019609002115,0,0,0
1000000US500019609003000,1,1,0
1000000US500019609003001,0,0,0
1000000US500019609003002,1,1,0
1000000US500019609003003,5,5,0
1000000US500019609003004,0,0,0
1000000US500019609003005,0,0,0
1000000US500019609003006,8,7,1
1000000US500019609003007,3,3,0
1000000US500019609003008,0,0,0
1000000US500019609003009,21,20,1
1000000US500019609003010,15,15,0
1000000US500019609003011,2,2,0
1000000US500019609003012,0,0,0
1000000US500019609003013,0,0,0
1000000US500019609003014,3,3,0
1000000US500019609003015,5,5,0
1000000US500019609003016,0,0,0
1000000US500019609003017,1,1,0
1000000US500019609003018,12,9,3
1000000US500019609003019,4,3,1
1000000US500019609003020,0,0,0
1000000US500019609003021,1,1,0
1000000US500019609003022,6,4,2
1000000US500019609003023,8,3,5
1000000US500019609003024,76,39,37
1000000US500019609003025,0,0,0
1000000US500019609003026,0,0,0
1000000US500019609003027,0,0,0
1000000US500019609003028,30,13,17
1000000US500019609003029,0,0,0
1000000US500019609003030,0,0,0
1000000US500019609003031,1,1,0
1000000US500019609003032,8,3,5
1000000US500019609003033,5,4,1
1000000US500019609003034,46,44,2
1000000US500019609003035,0,0,0
1000000US500019609003036,15,15,0
1000000US500019609003037,1,1,0
1000000US500019609003038,30,28,2
1000000US500019609003039,0,0,0
1000000US500019609003040,0,0,0
1000000US500019609003041,0,0,0
1000000US500019609003042,22,21,1
1000000US500019609003043,0,0,0
1000000US500019609003044,0,0,0
1000000US500019609003045,3,3,0
1000000US500019609003046,0,0,0
1000000US500019609003047,15,12,3
1000000US500019609003048,0,0,0
1000000US500019609003049,0,0,0
1000000US500019609003050,0,0,0
1000000US500019609003051,1,0,1
1000000US500019609003052,0,0,0
1000000US500019609003053,4,4,0
1000000US500019609003054,17,17,0
1000000US500019609003055,0,0,0
1000000US500019609003056,0,0,0
1000000US500019609003057,0,0,0
1000000US500019609003058,0,0,0
1000000US500019609003059,0,0,0
1000000US500019609003060,0,0,0
1000000US500019609003061,9,6,3
1000000US500019609003062,0,0,0
1000000US500019609003063,5,4,1
1000000US500019609003064,0,0,0
1000000US500019609003065,0,0,0
1000000US500019609003066,4,4,0
1000000US500019609003067,22,21,1
1000000US500019609003068,28,26,2
1000000US500019609003069,0,0,0
1000000US500019609003070,4,3,1
1000000US500019609003071,28,24,4
1000000US500019609003072,1,1,0
1000000US500019609003073,0,0,0
1000000US500019609003074,0,0,0
1000000US500019609003075,0,0,0
1000000US500019609003076,12,11,1
1000000US500019609003077,22,19,3
1000000US500019609003078,0,0,0
1000000US500019609003079,2,2,0
1000000US500019609003080,2,2,0
1000000US500019609003081,3,3,0
1000000US500019609003082,0,0,0
1000000US500019609003083,6,5,1
1000000US500019609003084,0,0,0
1000000US500019609003085,3,2,1
1000000US500019609003086,13,7,6
1000000US500019609003087,5,3,2
1000000US500019609003088,2,2,0
1000000US500019609003089,0,0,0
1000000US500019609003090,11,11,0
1000000US500019609003091,7,6,1
1000000US500019609003092,12,11,1
1000000US500019609003093,4,4,0
1000000US500019609003094,0,0,0
1000000US500019609003095,1,1,0
1000000US500019609003096,3,3,0
1000000US500019609003097,0,0,0
1000000US500019609003098,9,9,0
1000000US500019609003099,0,0,0
1000000US500019609003100,6,6,0
1000000US500019609003101,0,0,0
1000000US500019609003102,5,5,0
1000000US500019609003103,13,12,1
1000000US500019609003104,0,0,0
1000000US500019609003105,0,0,0
1000000US500019609003106,1,0,1
1000000US500019609003107,0,0,0
1000000US500019609003108,0,0,0
1000000US500019609003109,8,5,3
1000000US500019609003110,4,4,0
1000000US500019609004000,0,0,0
1000000US500019609004001,0,0,0
1000000US500019609004002,11,10,1
1000000US500019609004003,0,0,0
1000000US500019609004004,5,4,1
1000000US500019609004005,1,1,0
1000000US500019609004006,6,5,1
1000000US500019609004007,0,0,0
1000000US500019609004008,2,2,0
1000000US500019609004009,6,5,1
1000000US500019609004010,0,0,0
1000000US500019609004011,0,0,0
1000000US500019609004012,0,0,0
1000000US500019609004013,5,5,0
1000000US500019609004014,4,4,0
1000000US500019609004015,0,0,0
1000000US500019609004016,6,6,0
1000000US500019609004017,3,3,0
1000000US500019609004018,0,0,0
1000000US500019609004019,23,10,13
1000000US500019609004020,0,0,0
1000000US500019609004021,7,2,5
1000000US500019609004022,31,13,18
1000000US500019609004023,0,0,0
1000000US500019609004024,0,0,0
1000000US500019609004025,27,12,15
1000000US500019609004026,38,28,10
1000000US500019609004027,2,1,1
1000000US500019609004028,0,0,0
1000000US500019609004029,0,0,0
1000000US500019609004030,0,0,0
1000000US500019609004031,1,0,1
1000000US500019609004032,7,7,0
1000000US500019609004033,5,5,0
1000000US500019609004034,1,1,0
1000000US500019609004035,4,4,0
1000000US500019609004036,0,0,0
1000000US500019609004037,0,0,0
1000000US500019609004038,0,0,0
1000000US500019609004039,2,1,1
1000000US500019609004040,3,3,0
1000000US500019609004041,0,0,0
1000000US500019609004042,2,1,1
1000000US500019609004043,0,0,0
1000000US500019609004044,32,28,4
1000000US500019609004045,0,0,0
1000000US500019609004046,13,12,1
1000000US500019609004047,0,0,0
1000000US500019609004048,1,1,0
1000000US500019609004049,0,0,0
1000000US500019609004050,4,4,0
1000000US500019609004051,0,0,0
1000000US500019609004052,0,0,0
1000000US500019609004053,0,0,0
1000000US500019609004054,0,0,0
1000000US500019609004055,0,0,0
1000000US500019609004056,0,0,0
1000000US500019609004057,0,0,0
1000000US500019609004058,23,21,2
1000000US500019609004059,3,3,0
1000000US500019609004060,0,0,0
1000000US500019609004061,8,7,1
1000000US500019609004062,3,3,0
1000000US500019609004063,12,11,1
1000000US500019609004064,0,0,0
1000000US500019609004065,10,9,1
1000000US500019609004066,0,0,0
1000000US500019609004067,0,0,0
1000000US500019609004068,10,10,0
1000000US500019609004069,0,0,0
1000000US500019609004070,11,11,0
1000000US500019609004071,0,0,0
1000000US500019609004072,29,28,1
1000000US500019609004073,12,11,1
1000000US500019609004074,3,1,2
1000000US500019609004075,26,24,2
1000000US500019609004076,0,0,0
1000000US500019609004077,4,3,1
1000000US500019609004078,4,4,0
1000000US500019609004079,1,1,0
1000000US500019609004080,1,1,0
1000000US500019609004081,0,0,0
1000000US500019609004082,5,5,0
1000000US500019609004083,0,0,0
1000000US500019609004084,0,0,0
1000000US500019609004085,0,0,0
1000000US500019609004086,20,16,4
1000000US500019609004087,1,1,0
1000000US500019609004088,0,0,0
1000000US500019609004089,4,4,0
1000000US500019609004090,0,0,0
1000000US500019609004091,0,0,0
1000000US500019609004092,10,8,2
1000000US500019609004093,0,0,0
1000000US500019609004094,29,16,13
1000000US500019609004095,1,1,0
1000000US500019609004096,14,13,1
1000000US500019609004097,0,0,0
1000000US500019609004098,32,28,4
1000000US500019609004099,0,0,0
1000000US500019609004100,12,1,11
1000000US500019609004101,0,0,0
1000000US500019609004102,13,11,2
1000000US500019609004103,0,0,0
1000000US500019609004104,0,0,0
1000000US500019609004105,0,0,0
1000000US500019609004106,13,2,11
1000000US500019609004107,0,0,0
1000000US500019609004108,3,3,0
1000000US500019609004109,2,2,0
1000000US500019609004110,0,0,0
1000000US500019609004111,8,7,1
1000000US500019609004112,5,5,0
1000000US500019609004113,0,0,0
1000000US500019609004114,5,3,2
1000000US500019609004115,32,2,30
1000000US500019609004116,0,0,0
1000000US500019609004117,0,0,0
1000000US500019609004118,0,0,0
1000000US500019609004119,4,4,0
1000000US500019609004120,0,0,0
1000000US500019609004121,7,6,1
1000000US500019609004122,0,0,0
1000000US500019609004123,13,11,2
1000000US500019609004124,7,7,0
1000000US500019609004125,2,1,1
1000000US500019609004126,0,0,0
1000000US500019609004127,2,2,0
1000000US500019609004128,0,0,0
1000000US500019609004129,0,0,0
1000000US500019609004130,0,0,0
1000000US500019609004131,0,0,0
1000000US500019610001000,46,35,11
1000000US500019610001001,0,0,0
1000000US500019610001002,0,0,0
1000000US500019610001003,24,5,19
1000000US500019610001004,1,1,0
1000000US500019610001005,16,16,0
1000000US500019610001006,1,0,1
1000000US500019610001007,0,0,0
1000000US500019610001008,0,0,0
1000000US500019610001009,0,0,0
1000000US500019610001010,0,0,0
1000000US500019610001011,20,9,11
1000000US500019610001012,77,13,64
1000000US500019610001013,11,11,0
1000000US500019610001014,17,11,6
1000000US500019610001015,23,23,0
1000000US500019610001016,0,0,0
1000000US500019610001017,20,20,0
1000000US500019610001018,5,5,0
1000000US500019610001019,0,0,0
1000000US500019610001020,11,7,4
1000000US500019610001021,6,6,0
1000000US500019610001022,0,0,0
1000000US500019610001023,0,0,0
1000000US500019610001024,8,8,0
1000000US500019610001025,0,0,0
1000000US500019610001026,0,0,0
1000000US500019610001027,0,0,0
1000000US500019610001028,10,10,0
1000000US500019610001029,0,0,0
1000000US500019610001030,29,28,1
1000000US500019610001031,36,33,3
1000000US500019610001032,18,13,5
1000000US500019610001033,0,0,0
1000000US500019610001034,0,0,0
1000000US500019610001035,0,0,0
1000000US500019610001036,0,0,0
1000000US500019610001037,1,1,0
1000000US500019610001038,3,3,0
1000000US500019610001039,16,14,2
1000000US500019610001040,11,11,0
1000000US500019610001041,0,0,0
1000000US500019610001042,14,14,0
1000000US500019610001043,1,1,0
1000000US500019610001044,0,0,0
1000000US500019610001045,0,0,0
1000000US500019610001046,0,0,0
1000000US500019610001047,2,2,0
1000000US500019610001048,31,31,0
1000000US500019610001049,0,0,0
1000000US500019610001050,4,4,0
1000000US500019610001051,1,1,0
1000000US500019610001052,5,4,1
1000000US500019610001053,0,0,0
1000000US500019610001054,8,6,2
1000000US500019610001055,0,0,0
1000000US500019610001056,68,31,37
1000000US500019610001057,0,0,0
1000000US500019610001058,0,0,0
1000000US500019610001059,0,0,0
1000000US500019610001060,0,0,0
1000000US500019610001061,0,0,0
1000000US500019610001062,0,0,0
1000000US500019610001063,4,4,0
1000000US500019610001064,3,3,0
1000000US500019610001065,27,7,20
1000000US500019610001066,9,2,7
1000000US500019610001067,0,0,0
1000000US500019610001068,0,0,0
1000000US500019610001069,10,2,8
1000000US500019610001070,0,0,0
1000000US500019610001071,21,5,16
1000000US500019610001072,0,0,0
1000000US500019610001073,0,0,0
1000000US500019610001074,1,0,1
1000000US500019610001075,13,12,1
1000000US500019610001076,1,1,0
1000000US500019610001077,7,7,0
1000000US500019610001078,0,0,0
1000000US500019610001079,5,3,2
1000000US500019610001080,0,0,0
1000000US500019610001081,6,6,0
1000000US500019610001082,0,0,0
1000000US500019610001083,0,0,0
1000000US500019610001084,0,0,0
1000000US500019610001085,0,0,0
1000000US500019610001086,0,0,0
1000000US500019610001087,2,0,2
1000000US500019610001088,5,5,0
1000000US500019610001089,0,0,0
1000000US500019610001090,19,1,18
1000000US500019610001091,0,0,0
1000000US500019610001092,11,4,7
1000000US500019610001093,5,2,3
1000000US500019610001094,0,0,0
1000000US500019610001095,3,3,0
1000000US500019610001096,0,0,0
1000000US500019610001097,0,0,0
1000000US500019610002000,0,0,0
1000000US500019610002001,0,0,0
1000000US500019610002002,63,56,7
1000000US500019610002003,0,0,0
1000000US500019610002004,0,0,0
1000000US500019610002005,6,6,0
1000000US500019610002006,0,0,0
1000000US500019610002007,6,6,0
1000000US500019610002008,11,3,8
1000000US500019610002009,4,0,4
1000000US500019610002010,11,7,4
1000000US500019610002011,120,40,80
1000000US500019610002012,0,0,0
1000000US500019610002013,1,0,1
1000000US500019610002014,0,0,0
1000000US500019610002015,0,0,0
1000000US500019610002016,0,0,0
1000000US500019610002017,0,0,0
1000000US500019610002018,0,0,0
1000000US500019610002019,1,0,1
1000000US500019610002020,3,0,3
1000000US500019610002021,0,0,0
1000000US500019610002022,36,34,2
1000000US500019610002023,10,10,0
1000000US500019610002024,5,5,0
1000000US500019610002025,63,38,25
1000000US500019610002026,1,1,0
1000000US500019610002027,0,0,0
1000000US500019610002028,1,1,0
1000000US500019610002029,0,0,0
1000000US500019610002030,0,0,0
1000000US500019610002031,9,9,0
1000000US500019610002032,0,0,0
1000000US500019610002033,0,0,0
1000000US500019610002034,7,4,3
1000000US500019610002035,1,1,0
1000000US500019610002036,15,14,1
1000000US500019610002037,7,7,0
1000000US500019610002038,3,3,0
1000000US500019610002039,26,25,1
1000000US500019610002040,0,0,0
1000000US500019610002041,0,0,0
1000000US500019610002042,0,0,0
1000000US500019610002043,0,0,0
1000000US500019610002044,0,0,0
1000000US500019610002045,0,0,0
1000000US500019610002046,1,1,0
1000000US500019610002047,0,0,0
1000000US500019610002048,1,1,0
1000000US500019610002049,6,5,1
1000000US500019610002050,0,0,0
1000000US500019610002051,11,10,1
1000000US500019610002052,0,0,0
1000000US500019610002053,2,2,0
1000000US500019610002054,5,5,0
1000000US500019610002055,2,2,0
1000000US500019610002056,13,13,0
1000000US500019610002057,0,0,0
1000000US500019610002058,15,15,0
1000000US500019610002059,16,16,0
1000000US500019610002060,0,0,0
1000000US500019610002061,0,0,0
1000000US500019610002062,8,7,1
1000000US500019610002063,13,12,1
1000000US500019610002064,3,3,0
1000000US500019610002065,2,2,0
1000000US500019610002066,0,0,0
1000000US500019610002067,4,4,0
1000000US500019610002068,8,7,1
1000000US500019610002069,0,0,0
1000000US500019610002070,3,3,0
1000000US500019610002071,0,0,0
1000000US500019610002072,2,2,0
1000000US500019610002073,3,3,0
1000000US500019610002074,15,15,0
1000000US500019610002075,13,12,1
1000000US500019610002076,0,0,0
1000000US500019610002077,4,4,0
1000000US500019610002078,0,0,0
1000000US500019610002079,38,13,25
1000000US500019610002080,3,3,0
1000000US500019610002081,0,0,0
1000000US500019610002082,20,5,15
1000000US500019610002083,10,3,7
1000000US500019610002084,9,4,5
1000000US500019610002085,0,0,0
1000000US500019610002086,15,5,10
1000000US500019610002087,3,1,2
1000000US500039702001000,6,4,2
1000000US500039702001001,1,1,0
1000000US500039702001002,1,0,1
1000000US500039702001003,3,0,3
1000000US500039702001004,0,0,0
1000000US500039702001005,0,0,0
1000000US500039702001006,21,15,6
1000000US500039702001007,32,21,11
1000000US500039702001008,2,2,0
1000000US500039702001009,0,0,0
1000000US500039702001010,1,0,1
1000000US500039702001011,69,52,17
1000000US500039702001012,0,0,0
1000000US500039702001013,0,0,0
1000000US500039702001014,0,0,0
1000000US500039702001015,0,0,0
1000000US500039702001016,0,0,0
1000000US500039702001017,0,0,0
1000000US500039702001018,6,6,0
1000000US500039702001019,0,0,0
1000000US500039702001020,6,5,1
1000000US500039702001021,0,0,0
1000000US500039702001022,0,0,0
1000000US500039702001023,1,1,0
1000000US500039702001024,0,0,0
1000000US500039702001025,0,0,0
1000000US500039702001026,0,0,0
1000000US500039702001027,0,0,0
1000000US500039702001028,0,0,0
1000000US500039702001029,0,0,0
1000000US500039702001030,5,3,2
1000000US500039702001031,89,68,21
1000000US500039702001032,1,0,1
1000000US500039702001033,12,7,5
1000000US500039702001034,11,10,1
1000000US500039702001035,1,1,0
1000000US500039702001036,0,0,0
1000000US500039702001037,0,0,0
1000000US500039702001038,0,0,0
1000000US500039702001039,12,11,1
1000000US500039702001040,22,18,4
1000000US500039702001041,1,1,0
1000000US500039702001042,5,5,0
1000000US500039702001043,22,20,2
1000000US500039702001044,0,0,0
1000000US500039702001045,34,31,3
1000000US500039702001046,3,1,2
1000000US500039702001047,0,0,0
1000000US500039702001048,0,0,0
1000000US500039702001049,8,2,6
1000000US500039702001050,0,0,0
1000000US500039702001051,0,0,0
1000000US500039702001052,0,0,0
1000000US500039702001053,0,0,0
1000000US500039702001054,0,0,0
1000000US500039702001055,2,1,1
1000000US500039702001056,1,1,0
1000000US500039702001057,1,1,0
1000000US500039702001058,0,0,0
1000000US500039702001059,0,0,0
1000000US500039702001060,1,1,0
1000000US500039702001061,0,0,0
1000000US500039702001062,1,1,0
1000000US500039702002000,334,175,159
1000000US500039702002001,84,51,33
1000000US500039702002002,19,16,3
1000000US500039702002003,8,6,2
1000000US500039702002004,6,2,4
1000000US500039702002005,12,10,2
1000000US500039702002006,59,40,19
1000000US500039702002007,22,6,16
1000000US500039702002008,0,0,0
1000000US500039702002009,7,3,4
1000000US500039702002010,0,0,0
1000000US500039702002011,2,2,0
1000000US500039702002012,2,0,2
1000000US500039702002013,2,1,1
1000000US500039702002014,23,19,4
1000000US500039702002015,1,1,0
1000000US500039702002016,2,2,0
1000000US500039702002017,9,4,5
1000000US500039702002018,9,6,3
1000000US500039702002019,0,0,0
1000000US500039702002020,13,9,4
1000000US500039702002021,1,0,1
1000000US500039702002022,0,0,0
1000000US500039702002023,26,13,13
1000000US500039702002024,0,0,0
1000000US500039702002025,0,0,0
1000000US500039702002026,0,0,0
1000000US500039702002027,6,5,1
1000000US500039702002028,3,2,1
1000000US500039702002029,7,5,2
1000000US500039702002030,11,6,5
1000000US500039702002031,0,0,0
1000000US500039702002032,2,0,2
1000000US500039702002033,0,0,0
1000000US500039702002034,5,4,1
1000000US500039702002035,8,7,1
1000000US500039702002036,76,57,19
1000000US500039702002037,0,0,0
1000000US500039702002038,2,2,0
1000000US500039702002039,7,7,0
1000000US500039702002040,0,0,0
1000000US500039702002041,5,3,2
1000000US500039702002042,0,0,0
1000000US500039702002043,18,7,11
1000000US500039702002044,2,2,0
1000000US500039702002045,62,31,31
1000000US500039702002046,2,2,0
1000000US500039702002047,2,1,1
1000000US500039702002048,7,3,4
1000000US500039702002049,2,0,2
1000000US500039702002050,6,2,4
1000000US500039702002051,3,2,1
1000000US500039702002052,0,0,0
1000000US500039702002053,0,0,0
1000000US500039702002054,13,9,4
1000000US500039702002055,0,0,0
1000000US500039702002056,23,10,13
1000000US500039702002057,12,7,5
1000000US500039702002058,0,0,0
1000000US500039702002059,36,14,22
1000000US500039702002060,63,31,32
1000000US500039702002061,4,3,1
1000000US500039702002062,16,5,11
1000000US500039702002063,22,12,10
1000000US500039702002064,0,0,0
1000000US500039702002065,3,3,0
1000000US500039703001000,12,10,2
1000000US500039703001001,5,4,1
1000000US500039703001002,1,1,0
1000000US500039703001003,0,0,0
1000000US500039703001004,0,0,0
1000000US500039703001005,9,8,1
1000000US500039703001006,0,0,0
1000000US500039703001007,0,0,0
1000000US500039703001008,1,1,0
1000000US500039703001009,72,50,22
1000000US500039703001010,0,0,0
1000000US500039703001011,24,16,8
1000000US500039703001012,0,0,0
1000000US500039703001013,1,1,0
1000000US500039703001014,0,0,0
1000000US500039703001015,3,1,2
1000000US500039703001016,3,1,2
1000000US500039703001017,0,0,0
1000000US500039703001018,11,4,7
1000000US500039703001019,0,0,0
1000000US500039703001020,0,0,0
1000000US500039703001021,1,0,1
1000000US500039703001022,0,0,0
1000000US500039703001023,0,0,0
1000000US500039703001024,84,38,46
1000000US500039703001025,0,0,0
1000000US500039703001026,0,0,0
1000000US500039703001027,0,0,0
1000000US500039703001028,0,0,0
1000000US500039703001029,0,0,0
1000000US500039703001030,0,0,0
1000000US500039703001031,1,0,1
1000000US500039703001032,0,0,0
1000000US500039703001033,2,0,2
1000000US500039703001034,3,3,0
1000000US500039703001035,0,0,0
1000000US500039703001036,1,1,0
1000000US500039703001037,0,0,0
1000000US500039703001038,0,0,0
1000000US500039703001039,2,2,0
1000000US500039703001040,1,0,1
1000000US500039703001041,0,0,0
1000000US500039703001042,2,2,0
1000000US500039703001043,2,2,0
1000000US500039703001044,1,1,0
1000000US500039703001045,0,0,0
1000000US500039703001046,5,4,1
1000000US500039703001047,1,1,0
1000000US500039703001048,0,0,0
1000000US500039703001049,2,1,1
1000000US500039703001050,0,0,0
1000000US500039703001051,0,0,0
1000000US500039703001052,0,0,0
1000000US500039703001053,0,0,0
1000000US500039703001054,6,4,2
1000000US500039703001055,0,0,0
1000000US500039703001056,0,0,0
1000000US500039703001057,1,1,0
1000000US500039703001058,7,5,2
1000000US500039703001059,5,5,0
1000000US500039703001060,12,7,5
1000000US500039703001061,36,28,8
1000000US500039703001062,5,3,2
1000000US500039703001063,12,9,3
1000000US500039703001064,22,20,2
1000000US500039703001065,44,24,20
1000000US500039703001066,0,0,0
1000000US500039703001067,0,0,0
1000000US500039703001068,1,0,1
1000000US500039703001069,1,1,0
1000000US500039703001070,0,0,0
1000000US500039703001071,7,5,2
1000000US500039703001072,8,6,2
1000000US500039703001073,18,8,10
1000000US500039703001074,1,0,1
1000000US500039703001075,21,18,3
1000000US500039703001076,0,0,0
1000000US500039703001077,25,13,12
1000000US500039703001078,6,2,4
1000000US500039703001079,48,26,22
1000000US500039703001080,4,3,1
1000000US500039703001081,0,0,0
1000000US500039703001082,0,0,0
1000000US500039703001083,0,0,0
1000000US500039703001084,2,1,1
1000000US500039703001085,1,0,1
1000000US500039703001086,1,1,0
1000000US500039703001087,1,1,0
1000000US500039703001088,9,4,5
1000000US500039703001089,5,4,1
1000000US500039703001090,0,0,0
1000000US500039703001091,25,14,11
1000000US500039703001092,1,1,0
1000000US500039703001093,1,0,1
1000000US500039703001094,22,10,12
1000000US500039703001095,4,2,2
1000000US500039703001096,2,2,0
1000000US500039703001097,0,0,0
1000000US500039703001098,17,9,8
1000000US500039703001099,16,7,9
1000000US500039703001100,0,0,0
1000000US500039703001101,0,0,0
1000000US500039703001102,0,0,0
1000000US500039703001103,0,0,0
1000000US500039703001104,0,0,0
1000000US500039703001105,0,0,0
1000000US500039703001106,0,0,0
1000000US500039703001107,0,0,0
1000000US500039703001108,1,1,0
1000000US500039703001109,19,11,8
1000000US500039703001110,0,0,0
1000000US500039703001111,0,0,0
1000000US500039703001112,0,0,0
1000000US500039703001113,10,6,4
1000000US500039703001114,10,8,2
1000000US500039703001115,1,1,0
1000000US500039703001116,0,0,0
1000000US500039703001117,35,21,14
1000000US500039703001118,2,0,2
1000000US500039703001119,5,3,2
1000000US500039703001120,1,1,0
1000000US500039703001121,26,14,12
1000000US500039703001122,0,0,0
1000000US500039703001123,4,4,0
1000000US500039703001124,2,1,1
1000000US500039703001125,4,2,2
1000000US500039703001126,2,2,0
1000000US500039703001127,0,0,0
1000000US500039703001128,0,0,0
1000000US500039703001129,0,0,0
1000000US500039703001130,0,0,0
1000000US500039704001000,18,11,7
1000000US500039704001001,0,0,0
1000000US500039704001002,11,9,2
1000000US500039704001003,0,0,0
1000000US500039704001004,0,0,0
1000000US500039704001005,0,0,0
1000000US500039704001006,5,5,0
1000000US500039704001007,0,0,0
1000000US500039704001008,5,5,0
1000000US500039704001009,15,13,2
1000000US500039704001010,38,22,16
1000000US500039704001011,109,69,40
1000000US500039704001012,3,2,1
1000000US500039704001013,12,10,2
1000000US500039704001014,0,0,0
1000000US500039704001015,99,83,16
1000000US500039704001016,0,0,0
1000000US500039704001017,18,15,3
1000000US500039704001018,0,0,0
1000000US500039704001019,2,1,1
1000000US500039704001020,4,4,0
1000000US500039704001021,0,0,0
1000000US500039704001022,57,52,5
1000000US500039704001023,0,0,0
1000000US500039704001024,0,0,0
1000000US500039704001025,16,16,0
1000000US500039704001026,3,2,1
1000000US500039704001027,1,1,0
1000000US500039704001028,0,0,0
1000000US500039704001029,7,7,0
1000000US500039704001030,8,7,1
1000000US500039704001031,230,138,92
1000000US500039704001032,2,1,1
1000000US500039704001033,0,0,0
1000000US500039704001034,13,11,2
1000000US500039704001035,0,0,0
1000000US500039704001036,1,0,1
1000000US500039704001037,0,0,0
1000000US500039704001038,0,0,0
1000000US500039704002000,18,13,5
1000000US500039704002001,44,30,14
1000000US500039704002002,0,0,0
1000000US500039704002003,0,0,0
1000000US500039704002004,1,0,1
1000000US500039704002005,11,4,7
1000000US500039704002006,15,9,6
1000000US500039704002007,0,0,0
1000000US500039704002008,5,3,2
1000000US500039704002009,8,8,0
1000000US500039704002010,4,3,1
1000000US500039704002011,0,0,0
1000000US500039704002012,2,1,1
1000000US500039704002013,6,6,0
1000000US500039704002014,3,1,2
1000000US500039704002015,91,71,20
1000000US500039704002016,1,1,0
1000000US500039704002017,0,0,0
1000000US500039704002018,1,1,0
1000000US500039704002019,20,14,6
1000000US500039704002020,6,4,2
1000000US500039704002021,2,0,2
1000000US500039704002022,0,0,0
1000000US500039704002023,0,0,0
1000000US500039704002024,13,13,0
1000000US500039704002025,41,36,5
1000000US500039704002026,8,7,1
1000000US500039704002027,24,20,4
1000000US500039704002028,3,1,2
1000000US500039704003000,32,17,15
1000000US500039704003001,1,0,1
1000000US500039704003002,5,4,1
1000000US500039704003003,0,0,0
1000000US500039704003004,15,9,6
1000000US500039704003005,0,0,0
1000000US500039704003006,47,36,11
1000000US500039704003007,0,0,0
1000000US500039704003008,0,0,0
1000000US500039704003009,27,22,5
1000000US500039704003010,5,5,0
1000000US500039704003011,2,1,1
1000000US500039704003012,68,34,34
1000000US500039704003013,2,2,0
1000000US500039704003014,9,7,2
1000000US500039704003015,18,14,4
1000000US500039704003016,0,0,0
1000000US500039704003017,0,0,0
1000000US500039704003018,17,13,4
1000000US500039704003019,88,58,30
1000000US500039704003020,0,0,0
1000000US500039704003021,11,4,7
1000000US500039704003022,6,6,0
1000000US500039704003023,0,0,0
1000000US500039704003024,0,0,0
1000000US500039704003025,0,0,0
1000000US500039704003026,13,11,2
1000000US500039704003027,0,0,0
1000000US500039704003028,8,5,3
1000000US500039704003029,1,1,0
1000000US500039704003030,69,47,22
1000000US500039704003031,1,1,0
1000000US500039704003032,5,3,2
1000000US500039704003033,0,0,0
1000000US500039704003034,5,5,0
1000000US500039704003035,22,18,4
1000000US500039704003036,8,8,0
1000000US500039704003037,56,38,18
1000000US500039704003038,0,0,0
1000000US500039704003039,3,2,1
1000000US500039704003040,0,0,0
1000000US500039704003041,0,0,0
1000000US500039704003042,17,13,4
1000000US500039704003043,0,0,0
1000000US500039704003044,9,5,4
1000000US500039704003045,14,13,1
1000000US500039704003046,0,0,0
1000000US500039704003047,2,1,1
1000000US500039704003048,42,23,19
1000000US500039704003049,13,5,8
1000000US500039704003050,0,0,0
1000000US500039704003051,0,0,0
1000000US500039704003052,0,0,0
1000000US500039704003053,8,7,1
1000000US500039704003054,0,0,0
1000000US500039704003055,0,0,0
1000000US500039704004000,37,22,15
1000000US500039704004001,0,0,0
1000000US500039704004002,9,6,3
1000000US500039704004003,4,4,0
1000000US500039704004004,10,7,3
1000000US500039704004005,5,3,2
1000000US500039704004006,11,9,2
1000000US500039704004007,108,94,14
1000000US500039704004008,5,3,2
1000000US500039704004009,0,0,0
1000000US500039704004010,0,0,0
1000000US500039704004011,11,9,2
1000000US500039704004012,127,107,20
1000000US500039704004013,4,4,0
1000000US500039704004014,26,20,6
1000000US500039704004015,55,51,4
1000000US500039704004016,0,0,0
1000000US500039704004017,0,0,0
1000000US500039704004018,17,17,0
1000000US500039704004019,0,0,0
1000000US500039704004020,8,8,0
1000000US500039704004021,56,52,4
1000000US500039704004022,0,0,0
1000000US500039704004023,0,0,0
1000000US500039704004024,5,3,2
1000000US500039704004025,0,0,0
1000000US500039704004026,243,195,48
1000000US500039704004027,0,0,0
1000000US500039704004028,0,0,0
1000000US500039704004029,0,0,0
1000000US500039704004030,8,4,4
1000000US500039704004031,0,0,0
1000000US500039704004032,2,2,0
1000000US500039704004033,0,0,0
1000000US500039704004034,0,0,0
1000000US500039704004035,120,31,89
1000000US500039704004036,2,0,2
1000000US500039704004037,13,1,12
1000000US500039704004038,2,1,1
1000000US500039704004039,4,3,1
1000000US500039704004040,51,46,5
1000000US500039704004041,13,11,2
1000000US500039704004042,0,0,0
1000000US500039704004043,12,10,2
1000000US500039704004044,18,16,2
1000000US500039704004045,4,4,0
1000000US500039704004046,0,0,0
1000000US500039704004047,0,0,0
1000000US500039704004048,0,0,0
1000000US500039704004049,0,0,0
1000000US500039704004050,5,3,2
1000000US500039704004051,25,12,13
1000000US500039704004052,0,0,0
1000000US500039704004053,0,0,0
1000000US500039704004054,0,0,0
1000000US500039704004055,4,2,2
1000000US500039704004056,1,0,1
1000000US500039704004057,14,7,7
1000000US500039704004058,13,10,3
1000000US500039704004059,3,2,1
1000000US500039704004060,0,0,0
1000000US500039704004061,0,0,0
1000000US500039704004062,0,0,0
1000000US500039704004063,0,0,0
1000000US500039704004064,0,0,0
1000000US500039704004065,8,5,3
1000000US500039704004066,43,36,7
1000000US500039704004067,0,0,0
1000000US500039704004068,5,2,3
1000000US500039704004069,0,0,0
1000000US500039704004070,0,0,0
1000000US500039704004071,0,0,0
1000000US500039704004072,0,0,0
1000000US500039704004073,3,2,1
1000000US500039704004074,1,1,0
1000000US500039704004075,2,2,0
1000000US500039704004076,1,1,0
1000000US500039704004077,15,6,9
1000000US500039704004078,0,0,0
1000000US500039704004079,0,0,0
1000000US500039704004080,20,11,9
1000000US500039704004081,0,0,0
1000000US500039704004082,1,1,0
1000000US500039704004083,4,2,2
1000000US500039704004084,27,13,14
1000000US500039704004085,0,0,0
1000000US500039704004086,11,7,4
1000000US500039704004087,0,0,0
1000000US500039704004088,0,0,0
1000000US500039704004089,0,0,0
1000000US500039704004090,2,0,2
1000000US500039704004091,0,0,0
1000000US500039704004092,1,0,1
1000000US500039704004093,0,0,0
1000000US500039704004094,11,10,1
1000000US500039704004095,1,1,0
1000000US500039704004096,0,0,0
1000000US500039705001000,9,8,1
1000000US500039705001001,2,1,1
1000000US500039705001002,19,7,12
1000000US500039705001003,1,1,0
1000000US500039705001004,0,0,0
1000000US500039705001005,6,2,4
1000000US500039705001006,284,46,238
1000000US500039705001007,26,0,26
1000000US500039705001008,12,0,12
1000000US500039705001009,4,0,4
1000000US500039705001010,0,0,0
1000000US500039705001011,23,1,22
1000000US500039705001012,2,1,1
1000000US500039705001013,25,10,15
1000000US500039705001014,20,0,20
1000000US500039705001015,2,1,1
1000000US500039705001016,2,1,1
1000000US500039705001017,2,0,2
1000000US500039705001018,27,10,17
1000000US500039705001019,0,0,0
1000000US500039705001020,0,0,0
1000000US500039705001021,0,0,0
1000000US500039705001022,28,9,19
1000000US500039705001023,27,2,25
1000000US500039705001024,4,0,4
1000000US500039705001025,6,0,6
1000000US500039705001026,2,1,1
1000000US500039705001027,2,2,0
1000000US500039705001028,7,6,1
1000000US500039705001029,0,0,0
1000000US500039705001030,3,2,1
1000000US500039705001031,28,11,17
1000000US500039705001032,3,1,2
1000000US500039705001033,28,13,15
1000000US500039705001034,0,0,0
1000000US500039705001035,7,4,3
1000000US500039705001036,1,1,0
1000000US500039705001037,0,0,0
1000000US500039705001038,0,0,0
1000000US500039705001039,3,0,3
1000000US500039705001040,1,0,1
1000000US500039705001041,16,6,10
1000000US500039705001042,3,1,2
1000000US500039705001043,0,0,0
1000000US500039705001044,0,0,0
1000000US500039705001045,0,0,0
1000000US500039705001046,0,0,0
1000000US500039705001047,0,0,0
1000000US500039705001048,0,0,0
1000000US500039705001049,0,0,0
1000000US500039705001050,12,0,12
1000000US500039705001051,1,0,1
1000000US500039705001052,0,0,0
1000000US500039705001053,0,0,0
1000000US500039705001054,35,20,15
1000000US500039705001055,0,0,0
1000000US500039705001056,65,30,35
1000000US500039705001057,3,1,2
1000000US500039705001058,0,0,0
1000000US500039705001059,0,0,0
1000000US500039705001060,10,2,8
1000000US500039705001061,35,12,23
1000000US500039705001062,13,4,9
1000000US500039705001063,8,1,7
1000000US500039705001064,2,2,0
1000000US500039705001065,0,0,0
1000000US500039705001066,15,4,11
1000000US500039705001067,13,6,7
1000000US500039705001068,0,0,0
1000000US500039705001069,1,0,1
1000000US500039705001070,0,0,0
1000000US500039705001071,1,0,1
1000000US500039705001072,11,9,2
1000000US500039705001073,0,0,0
1000000US500039705001074,0,0,0
1000000US500039705001075,0,0,0
1000000US500039705001076,0,0,0
1000000US500039705001077,1,0,1
1000000US500039705002000,2,2,0
1000000US500039705002001,0,0,0
1000000US500039705002002,1,0,1
1000000US500039705002003,1,1,0
1000000US500039705002004,1,0,1
1000000US500039705002005,0,0,0
1000000US500039705002006,3,0,3
1000000US500039705002007,1,0,1
1000000US500039705002008,0,0,0
1000000US500039705002009,3,1,2
1000000US500039705002010,67,20,47
1000000US500039705002011,1,1,0
1000000US500039705002012,7,1,6
1000000US500039705002013,0,0,0
1000000US500039705002014,0,0,0
1000000US500039705002015,12,3,9
1000000US500039705002016,0,0,0
1000000US500039705002017,17,6,11
1000000US500039705002018,68,18,50
1000000US500039705002019,3,0,3
1000000US500039705002020,0,0,0
1000000US500039705002021,3,3,0
1000000US500039705002022,0,0,0
1000000US500039705002023,5,3,2
1000000US500039705002024,8,5,3
1000000US500039705002025,79,30,49
1000000US500039705002026,35,12,23
1000000US500039705002027,28,6,22
1000000US500039705002028,0,0,0
1000000US500039705002029,4,3,1
1000000US500039705002030,0,0,0
1000000US500039705002031,36,8,28
1000000US500039705002032,0,0,0
1000000US500039705002033,9,3,6
1000000US500039705002034,15,2,13
1000000US500039705002035,0,0,0
1000000US500039705002036,11,3,8
1000000US500039705002037,52,23,29
1000000US500039705002038,0,0,0
1000000US500039705002039,0,0,0
1000000US500039705002040,7,2,5
1000000US500039705002041,1,1,0
1000000US500039705002042,0,0,0
1000000US500039705002043,10,2,8
1000000US500039705002044,30,9,21
1000000US500039705002045,26,5,21
1000000US500039705002046,0,0,0
1000000US500039705002047,0,0,0
1000000US500039705002048,0,0,0
1000000US500039705002049,0,0,0
1000000US500039705002050,9,4,5
1000000US500039705002051,2,1,1
1000000US500039705002052,19,7,12
1000000US500039705002053,2,1,1
1000000US500039705002054,9,1,8
1000000US500039705002055,0,0,0
1000000US500039705002056,0,0,0
1000000US500039705002057,0,0,0
1000000US500039705002058,0,0,0
1000000US500039705002059,0,0,0
1000000US500039705002060,0,0,0
1000000US500039705002061,0,0,0
1000000US500039705002062,0,0,0
1000000US500039705002063,0,0,0
1000000US500039705003000,49,8,41
1000000US500039705003001,0,0,0
1000000US500039705003002,14,0,14
1000000US500039705003003,0,0,0
1000000US500039705003004,0,0,0
1000000US500039705003005,8,0,8
1000000US500039705003006,11,3,8
1000000US500039705003007,39,7,32
1000000US500039705003008,61,11,50
1000000US500039705003009,8,2,6
1000000US500039705003010,5,0,5
1000000US500039705003011,0,0,0
1000000US500039705003012,1,0,1
1000000US500039705003013,4,3,1
1000000US500039705003014,0,0,0
1000000US500039705003015,31,16,15
1000000US500039705003016,0,0,0
1000000US500039705003017,15,9,6
1000000US500039705003018,3,3,0
1000000US500039705003019,18,9,9
1000000US500039705003020,1,1,0
1000000US500039705003021,0,0,0
1000000US500039705003022,53,9,44
1000000US500039705003023,4,1,3
1000000US500039705003024,57,2,55
1000000US500039705003025,3,2,1
1000000US500039705003026,1,1,0
1000000US500039705003027,7,4,3
1000000US500039705003028,0,0,0
1000000US500039705003029,195,9,186
1000000US500039705003030,7,1,6
1000000US500039705003031,3,0,3
1000000US500039705003032,4,0,4
1000000US500039705003033,42,1,41
1000000US500039705003034,7,0,7
1000000US500039705003035,108,3,105
1000000US500039705003036,15,3,12
1000000US500039705003037,29,0,29
1000000US500039705003038,21,1,20
1000000US500039705003039,41,5,36
1000000US500039705003040,42,5,37
1000000US500039705003041,7,0,7
1000000US500039705003042,2,2,0
1000000US500039705003043,0,0,0
1000000US500039705003044,7,0,7
1000000US500039705003045,10,1,9
1000000US500039705003046,17,1,16
1000000US500039705003047,35,4,31
1000000US500039705003048,0,0,0
1000000US500039705003049,27,3,24
1000000US500039705003050,8,0,8
1000000US500039705003051,1,0,1
1000000US500039705003052,64,12,52
1000000US500039705003053,9,1,8
1000000US500039705003054,4,0,4
1000000US500039705003055,5,0,5
1000000US500039705003056,1,0,1
1000000US500039705003057,40,8,32
1000000US500039705003058,9,2,7
1000000US500039705003059,3,1,2
1000000US500039705003060,5,2,3
1000000US500039705003061,1,0,1
1000000US500039705003062,0,0,0
1000000US500039706001000,0,0,0
1000000US500039706001001,0,0,0
1000000US500039706001002,0,0,0
1000000US500039706001003,50,29,21
1000000US500039706001004,0,0,0
1000000US500039706001005,0,0,0
1000000US500039706001006,10,3,7
1000000US500039706001007,0,0,0
1000000US500039706001008,0,0,0
1000000US500039706001009,42,25,17
1000000US500039706001010,0,0,0
1000000US500039706001011,0,0,0
1000000US500039706001012,22,20,2
1000000US500039706001013,0,0,0
1000000US500039706001014,0,0,0
1000000US500039706001015,0,0,0
1000000US500039706001016,0,0,0
1000000US500039706001017,4,2,2
1000000US500039706001018,0,0,0
1000000US500039706001019,3,2,1
1000000US500039706001020,3,3,0
1000000US500039706001021,0,0,0
1000000US500039706001022,15,10,5
1000000US500039706001023,0,0,0
1000000US500039706001024,8,4,4
1000000US500039706001025,0,0,0
1000000US500039706001026,1,1,0
1000000US500039706001027,0,0,0
1000000US500039706001028,0,0,0
1000000US500039706001029,2,2,0
1000000US500039706001030,0,0,0
1000000US500039706001031,16,13,3
1000000US500039706001032,0,0,0
1000000US500039706001033,3,3,0
1000000US500039706001034,6,5,1
1000000US500039706001035,49,42,7
1000000US500039706001036,0,0,0
1000000US500039706001037,3,3,0
1000000US500039706001038,72,58,14
1000000US500039706001039,12,10,2
1000000US500039706001040,54,46,8
1000000US500039706001041,1,1,0
1000000US500039706001042,2,0,2
1000000US500039706001043,10,8,2
1000000US500039706001044,21,19,2
1000000US500039706001045,1,1,0
1000000US500039706001046,22,20,2
1000000US500039706001047,1,0,1
1000000US500039706001048,0,0,0
1000000US500039706001049,0,0,0
1000000US500039706001050,0,0,0
1000000US500039706001051,0,0,0
1000000US500039706001052,0,0,0
1000000US500039706001053,0,0,0
1000000US500039706001054,0,0,0
1000000US500039706001055,0,0,0
1000000US500039706001056,0,0,0
1000000US500039706001057,26,16,10
1000000US500039706001058,1,0,1
1000000US500039706001059,9,3,6
1000000US500039706001060,2,2,0
1000000US500039706001061,0,0,0
1000000US500039706001062,0,0,0
1000000US500039706001063,17,17,0
1000000US500039706001064,0,0,0
1000000US500039706001065,0,0,0
1000000US500039706001066,0,0,0
1000000US500039706001067,0,0,0
1000000US500039706001068,4,3,1
1000000US500039706001069,0,0,0
1000000US500039706001070,0,0,0
1000000US500039706001071,1,1,0
1000000US500039706001072,0,0,0
1000000US500039706001073,0,0,0
1000000US500039706001074,0,0,0
1000000US500039706001075,1,0,1
1000000US500039706001076,11,8,3
1000000US500039706001077,3,2,1
1000000US500039706001078,2,0,2
1000000US500039706001079,7,4,3
1000000US500039706001080,0,0,0
1000000US500039706001081,8,7,1
1000000US500039706001082,0,0,0
1000000US500039706001083,0,0,0
1000000US500039706001084,0,0,0
1000000US500039706002000,3,2,1
1000000US500039706002001,0,0,0
1000000US500039706002002,0,0,0
1000000US500039706002003,0,0,0
1000000US500039706002004,0,0,0
1000000US500039706002005,1,1,0
1000000US500039706002006,0,0,0
1000000US500039706002007,0,0,0
1000000US500039706002008,0,0,0
1000000US500039706002009,0,0,0
1000000US500039706002010,0,0,0
1000000US500039706002011,0,0,0
1000000US500039706002012,0,0,0
1000000US500039706002013,0,0,0
1000000US500039706002014,0,0,0
1000000US500039706002015,0,0,0
1000000US500039706002016,0,0,0
1000000US500039706002017,0,0,0
1000000US500039706002018,46,41,5
1000000US500039706002019,0,0,0
1000000US500039706002020,0,0,0
1000000US500039706002021,7,5,2
1000000US500039706002022,2,0,2
1000000US500039706002023,0,0,0
1000000US500039706002024,129,47,82
1000000US500039706002025,12,3,9
1000000US500039706002026,3,3,0
1000000US500039706002027,5,2,3
1000000US500039706002028,10,2,8
1000000US500039706002029,7,2,5
1000000US500039706002030,30,6,24
1000000US500039706002031,0,0,0
1000000US500039706002032,6,2,4
1000000US500039706002033,0,0,0
1000000US500039706002034,0,0,0
1000000US500039706002035,3,1,2
1000000US500039706002036,7,2,5
1000000US500039706002037,10,1,9
1000000US500039706002038,4,3,1
1000000US500039706002039,2,2,0
1000000US500039706002040,0,0,0
1000000US500039706002041,1,1,0
1000000US500039706002042,27,10,17
1000000US500039706002043,0,0,0
1000000US500039706002044,0,0,0
1000000US500039706002045,1,0,1
1000000US500039706002046,0,0,0
1000000US500039706002047,0,0,0
1000000US500039706002048,0,0,0
1000000US500039706002049,0,0,0
1000000US500039706002050,6,5,1
1000000US500039706002051,0,0,0
1000000US500039706002052,0,0,0
1000000US500039706002053,0,0,0
1000000US500039706002054,0,0,0
1000000US500039706002055,3,2,1
1000000US500039706002056,15,7,8
1000000US500039706002057,32,14,18
1000000US500039706002058,0,0,0
1000000US500039706002059,1,0,1
1000000US500039706002060,1,1,0
1000000US500039706002061,4,4,0
1000000US500039706002062,0,0,0
1000000US500039706002063,1,1,0
1000000US500039706002064,0,0,0
1000000US500039706002065,2,0,2
1000000US500039706002066,0,0,0
1000000US500039706002067,32,19,13
1000000US500039706002068,0,0,0
1000000US500039706002069,0,0,0
1000000US500039706002070,1,1,0
1000000US500039706002071,1,1,0
1000000US500039706002072,0,0,0
1000000US500039706002073,0,0,0
1000000US500039706002074,0,0,0
1000000US500039706002075,0,0,0
1000000US500039706002076,0,0,0
1000000US500039706002077,0,0,0
1000000US500039706002078,0,0,0
1000000US500039706002079,0,0,0
1000000US500039706002080,0,0,0
1000000US500039706002081,0,0,0
1000000US500039706002082,0,0,0
1000000US500039706002083,0,0,0
1000000US500039706002084,0,0,0
1000000US500039706002085,3,3,0
1000000US500039706002086,0,0,0
1000000US500039706002087,0,0,0
1000000US500039706002088,0,0,0
1000000US500039706002089,21,19,2
1000000US500039706002090,0,0,0
1000000US500039706002091,2,2,0
1000000US500039706002092,1,1,0
1000000US500039706002093,0,0,0
1000000US500039706002094,0,0,0
1000000US500039706002095,3,3,0
1000000US500039706002096,0,0,0
1000000US500039706002097,0,0,0
1000000US500039706002098,1,1,0
1000000US500039706002099,4,3,1
1000000US500039706002100,0,0,0
1000000US500039706002101,0,0,0
1000000US500039706002102,3,3,0
1000000US500039706002103,0,0,0
1000000US500039706002104,0,0,0
1000000US500039706002105,0,0,0
1000000US500039706002106,7,1,6
1000000US500039706002107,0,0,0
1000000US500039706003000,60,48,12
1000000US500039706003001,0,0,0
1000000US500039706003002,0,0,0
1000000US500039706003003,0,0,0
1000000US500039706003004,0,0,0
1000000US500039706003005,0,0,0
1000000US500039706003006,12,4,8
1000000US500039706003007,0,0,0
1000000US500039706003008,4,4,0
1000000US500039706003009,2,1,1
1000000US500039706003010,2,2,0
1000000US500039706003011,0,0,0
1000000US500039706003012,0,0,0
1000000US500039706003013,13,12,1
1000000US500039706003014,0,0,0
1000000US500039706003015,0,0,0
1000000US500039706003016,2,2,0
1000000US500039706003017,28,26,2
1000000US500039706003018,0,0,0
1000000US500039706003019,18,9,9
1000000US500039706003020,0,0,0
1000000US500039706003021,10,7,3
1000000US500039706003022,26,21,5
1000000US500039706003023,0,0,0
1000000US500039706003024,5,4,1
1000000US500039706003025,3,3,0
1000000US500039706003026,0,0,0
1000000US500039706003027,2,2,0
1000000US500039706003028,0,0,0
1000000US500039706003029,3,3,0
1000000US500039706003030,15,15,0
1000000US500039706003031,1,1,0
1000000US500039706003032,28,25,3
1000000US500039706003033,1,1,0
1000000US500039706003034,0,0,0
1000000US500039706003035,1,1,0
1000000US500039706003036,4,4,0
1000000US500039706003037,5,5,0
1000000US500039706003038,82,67,15
1000000US500039706003039,2,2,0
1000000US500039706003040,1,1,0
1000000US500039706003041,7,0,7
1000000US500039706003042,3,0,3
1000000US500039706003043,0,0,0
1000000US500039706003044,0,0,0
1000000US500039706003045,1,0,1
1000000US500039706003046,0,0,0
1000000US500039706003047,0,0,0
1000000US500039706003048,24,24,0
1000000US500039706003049,12,12,0
1000000US500039706003050,3,3,0
1000000US500039706003051,15,14,1
1000000US500039706003052,6,4,2
1000000US500039706003053,9,7,2
1000000US500039706004000,27,19,8
1000000US500039706004001,0,0,0
1000000US500039706004002,7,3,4
1000000US500039706004003,0,0,0
1000000US500039706004004,1,1,0
1000000US500039706004005,1,1,0
1000000US500039706004006,0,0,0
1000000US500039706004007,18,13,5
1000000US500039706004008,0,0,0
1000000US500039706004009,0,0,0
1000000US500039706004010,0,0,0
1000000US500039706004011,1,0,1
1000000US500039706004012,0,0,0
1000000US500039706004013,12,10,2
1000000US500039706004014,19,14,5
1000000US500039706004015,20,12,8
1000000US500039706004016,0,0,0
1000000US500039706004017,0,0,0
1000000US500039706004018,43,24,19
1000000US500039706004019,7,3,4
1000000US500039706004020,11,6,5
1000000US500039706004021,4,3,1
1000000US500039706004022,0,0,0
1000000US500039706004023,0,0,0
1000000US500039706004024,0,0,0
1000000US500039706004025,8,4,4
1000000US500039706004026,19,12,7
1000000US500039706004027,6,2,4
1000000US500039706004028,0,0,0
1000000US500039706004029,4,2,2
1000000US500039706004030,8,4,4
1000000US500039706004031,1,0,1
1000000US500039706004032,10,6,4
1000000US500039706004033,0,0,0
1000000US500039706004034,0,0,0
1000000US500039706004035,17,10,7
1000000US500039706004036,0,0,0
1000000US500039706004037,2,1,1
1000000US500039706004038,3,3,0
1000000US500039706004039,12,12,0
1000000US500039706004040,3,0,3
1000000US500039706004041,0,0,0
1000000US500039706004042,3,2,1
1000000US500039706004043,12,10,2
1000000US500039706004044,42,34,8
1000000US500039706004045,9,7,2
1000000US500039706004046,0,0,0
1000000US500039706004047,1,1,0
1000000US500039706004048,8,6,2
1000000US500039706004049,18,13,5
1000000US500039706004050,9,7,2
1000000US500039706004051,8,5,3
1000000US500039706004052,1,1,0
1000000US500039706004053,0,0,0
1000000US500039706004054,1,1,0
1000000US500039706004055,8,7,1
1000000US500039706004056,8,7,1
1000000US500039706004057,0,0,0
1000000US500039706004058,0,0,0
1000000US500039706004059,0,0,0
1000000US500039706004060,11,11,0
1000000US500039706004061,2,1,1
1000000US500039706004062,0,0,0
1000000US500039706004063,0,0,0
1000000US500039706004064,0,0,0
1000000US500039706004065,0,0,0
1000000US500039706004066,0,0,0
1000000US500039706004067,0,0,0
1000000US500039706004068,0,0,0
1000000US500039706004069,0,0,0
1000000US500039706004070,0,0,0
1000000US500039706004071,0,0,0
1000000US500039706004072,0,0,0
1000000US500039706004073,0,0,0
1000000US500039706004074,22,18,4
1000000US500039706004075,0,0,0
1000000US500039706004076,4,2,2
1000000US500039706004077,0,0,0
1000000US500039706004078,11,8,3
1000000US500039706004079,0,0,0
1000000US500039706004080,4,4,0
1000000US500039706004081,1,0,1
1000000US500039706004082,0,0,0
1000000US500039706004083,0,0,0
1000000US500039706004084,1,0,1
1000000US500039706004085,1,0,1
1000000US500039706004086,7,4,3
1000000US500039706004087,6,5,1
1000000US500039706004088,4,0,4
1000000US500039706004089,0,0,0
1000000US500039706004090,12,10,2
1000000US500039706004091,0,0,0
1000000US500039706004092,3,1,2
1000000US500039706004093,5,1,4
1000000US500039706004094,4,1,3
1000000US500039706004095,0,0,0
1000000US500039706004096,6,4,2
1000000US500039707001000,0,0,0
1000000US500039707001001,4,4,0
1000000US500039707001002,0,0,0
1000000US500039707001003,0,0,0
1000000US500039707001004,1,1,0
1000000US500039707001005,3,3,0
1000000US500039707001006,0,0,0
1000000US500039707001007,0,0,0
1000000US500039707001008,0,0,0
1000000US500039707001009,16,13,3
1000000US500039707001010,0,0,0
1000000US500039707001011,0,0,0
1000000US500039707001012,10,10,0
1000000US500039707001013,6,3,3
1000000US500039707001014,33,24,9
1000000US500039707001015,1,1,0
1000000US500039707001016,0,0,0
1000000US500039707001017,35,15,20
1000000US500039707001018,0,0,0
1000000US500039707001019,2,0,2
1000000US500039707001020,0,0,0
1000000US500039707001021,4,4,0
1000000US500039707001022,3,2,1
1000000US500039707001023,9,7,2
1000000US500039707001024,0,0,0
1000000US500039707001025,0,0,0
1000000US500039707001026,26,19,7
1000000US500039707001027,0,0,0
1000000US500039707001028,0,0,0
1000000US500039707001029,15,14,1
1000000US500039707001030,0,0,0
1000000US500039707001031,0,0,0
1000000US500039707001032,17,15,2
1000000US500039707001033,0,0,0
1000000US500039707001034,4,4,0
1000000US500039707001035,19,18,1
1000000US500039707001036,20,15,5
1000000US500039707001037,9,8,1
1000000US500039707001038,2,2,0
1000000US500039707001039,60,53,7
1000000US500039707001040,11,11,0
1000000US500039707001041,17,16,1
1000000US500039707001042,56,50,6
1000000US500039707001043,0,0,0
1000000US500039707001044,4,4,0
1000000US500039707001045,27,25,2
1000000US500039707001046,1,1,0
1000000US500039707001047,35,29,6
1000000US500039707001048,0,0,0
1000000US500039707001049,0,0,0
1000000US500039707001050,27,24,3
1000000US500039707001051,0,0,0
1000000US500039707001052,6,4,2
1000000US500039707001053,10,6,4
1000000US500039707001054,4,4,0
1000000US500039707001055,8,5,3
1000000US500039707001056,0,0,0
1000000US500039707001057,65,59,6
1000000US500039707001058,8,7,1
1000000US500039707001059,5,4,1
1000000US500039707001060,10,9,1
1000000US500039707001061,0,0,0
1000000US500039707001062,6,5,1
1000000US500039707001063,6,5,1
1000000US500039707001064,0,0,0
1000000US500039707001065,0,0,0
1000000US500039707001066,0,0,0
1000000US500039707001067,0,0,0
1000000US500039707002000,179,131,48
1000000US500039707002001,3,2,1
1000000US500039707002002,1,0,1
1000000US500039707002003,0,0,0
1000000US500039707002004,11,8,3
1000000US500039707002005,0,0,0
1000000US500039707002006,6,3,3
1000000US500039707002007,0,0,0
1000000US500039707002008,1,1,0
1000000US500039707002009,8,4,4
1000000US500039707002010,41,30,11
1000000US500039707002011,1,1,0
1000000US500039707002012,4,3,1
1000000US500039707002013,9,6,3
1000000US500039707002014,1,1,0
1000000US500039707002015,4,2,2
1000000US500039707002016,0,0,0
1000000US500039707002017,0,0,0
1000000US500039707002018,1,1,0
1000000US500039707002019,0,0,0
1000000US500039707002020,10,5,5
1000000US500039707002021,0,0,0
1000000US500039707002022,3,1,2
1000000US500039707002023,0,0,0
1000000US500039707002024,0,0,0
1000000US500039707002025,8,5,3
1000000US500039707002026,0,0,0
1000000US500039707002027,0,0,0
1000000US500039707002028,0,0,0
1000000US500039707002029,6,3,3
1000000US500039707002030,142,92,50
1000000US500039707002031,1,1,0
1000000US500039707002032,63,52,11
1000000US500039707002033,10,10,0
1000000US500039707002034,0,0,0
1000000US500039707002035,8,7,1
1000000US500039707002036,0,0,0
1000000US500039707002037,38,33,5
1000000US500039707002038,4,2,2
1000000US500039707002039,1,1,0
1000000US500039707002040,12,9,3
1000000US500039707002041,2,1,1
1000000US500039707002042,0,0,0
1000000US500039707002043,6,6,0
1000000US500039707002044,2,2,0
1000000US500039707002045,18,16,2
1000000US500039707002046,9,9,0
1000000US500039707002047,0,0,0
1000000US500039707002048,5,4,1
1000000US500039707002049,5,4,1
1000000US500039707002050,30,24,6
1000000US500039707002051,5,0,5
1000000US500039707002052,1,1,0
1000000US500039707002053,0,0,0
1000000US500039707002054,0,0,0
1000000US500039707002055,0,0,0
1000000US500039707002056,2,0,2
1000000US500039707002057,2,2,0
1000000US500039707002058,14,11,3
1000000US500039707002059,0,0,0
1000000US500039707002060,0,0,0
1000000US500039707002061,0,0,0
1000000US500039707002062,3,2,1
1000000US500039707002063,0,0,0
1000000US500039708001000,11,7,4
1000000US500039708001001,0,0,0
1000000US500039708001002,10,7,3
1000000US500039708001003,0,0,0
1000000US500039708001004,1,1,0
1000000US500039708001005,2,2,0
1000000US500039708001006,12,10,2
1000000US500039708001007,12,10,2
1000000US500039708001008,9,5,4
1000000US500039708001009,0,0,0
1000000US500039708001010,8,8,0
1000000US500039708001011,26,22,4
1000000US500039708001012,3,3,0
1000000US500039708001013,4,3,1
1000000US500039708001014,2,1,1
1000000US500039708001015,13,8,5
1000000US500039708001016,8,6,2
1000000US500039708001017,15,14,1
1000000US500039708001018,2,2,0
1000000US500039708001019,14,12,2
1000000US500039708001020,0,0,0
1000000US500039708001021,67,62,5
1000000US500039708001022,9,8,1
1000000US500039708001023,9,7,2
1000000US500039708001024,16,14,2
1000000US500039708001025,4,2,2
1000000US500039708001026,0,0,0
1000000US500039708001027,58,56,2
1000000US500039708001028,1,1,0
1000000US500039708001029,0,0,0
1000000US500039708001030,2,2,0
1000000US500039708001031,0,0,0
1000000US500039708001032,16,14,2
1000000US500039708001033,0,0,0
1000000US500039708001034,4,3,1
1000000US500039708001035,23,20,3
1000000US500039708001036,0,0,0
1000000US500039708001037,0,0,0
1000000US500039708001038,59,57,2
1000000US500039708001039,0,0,0
1000000US500039708001040,0,0,0
1000000US500039708001041,0,0,0
1000000US500039708001042,0,0,0
1000000US500039708001043,0,0,0
1000000US500039708001044,0,0,0
1000000US500039708001045,1,1,0
1000000US500039708001046,1,1,0
1000000US500039708001047,5,5,0
1000000US500039708001048,6,6,0
1000000US500039708001049,0,0,0
1000000US500039708001050,2,0,2
1000000US500039708001051,84,72,12
1000000US500039708001052,7,5,2
1000000US500039708001053,10,10,0
1000000US500039708001054,3,3,0
1000000US500039708001055,17,16,1
1000000US500039708001056,14,13,1
1000000US500039708001057,1,1,0
1000000US500039708001058,7,5,2
1000000US500039708001059,18,17,1
1000000US500039708001060,24,24,0
1000000US500039708001061,0,0,0
1000000US500039708001062,0,0,0
1000000US500039708001063,11,10,1
1000000US500039708001064,2,2,0
1000000US500039708001065,2,2,0
1000000US500039708001066,0,0,0
1000000US500039708001067,0,0,0
1000000US500039708002000,175,151,24
1000000US500039708002001,0,0,0
1000000US500039708002002,3,3,0
1000000US500039708002003,0,0,0
1000000US500039708002004,1,1,0
1000000US500039708002005,0,0,0
1000000US500039708002006,37,29,8
1000000US500039708002007,0,0,0
1000000US500039708002008,0,0,0
1000000US500039708002009,8,6,2
1000000US500039708002010,4,4,0
1000000US500039708002011,0,0,0
1000000US500039708002012,9,7,2
1000000US500039708002013,2,2,0
1000000US500039708002014,1,1,0
1000000US500039708002015,12,12,0
1000000US500039708002016,0,0,0
1000000US500039708002017,35,29,6
1000000US500039708002018,1,1,0
1000000US500039708002019,0,0,0
1000000US500039708002020,0,0,0
1000000US500039708002021,23,20,3
1000000US500039708002022,11,10,1
1000000US500039708002023,5,3,2
1000000US500039708002024,20,20,0
1000000US500039708002025,2,2,0
1000000US500039708002026,4,3,1
1000000US500039708002027,48,43,5
1000000US500039708002028,7,7,0
1000000US500039708002029,5,5,0
1000000US500039708002030,1,1,0
1000000US500039708002031,3,3,0
1000000US500039708002032,0,0,0
1000000US500039708003000,1,1,0
1000000US500039708003001,35,33,2
1000000US500039708003002,0,0,0
1000000US500039708003003,10,9,1
1000000US500039708003004,26,25,1
1000000US500039708003005,11,10,1
1000000US500039708003006,63,60,3
1000000US500039708003007,1,1,0
1000000US500039708003008,2,2,0
1000000US500039708003009,2,2,0
1000000US500039708003010,14,13,1
1000000US500039708003011,1,1,0
1000000US500039708003012,11,8,3
1000000US500039708003013,0,0,0
1000000US500039708003014,0,0,0
1000000US500039708003015,16,14,2
1000000US500039708003016,0,0,0
1000000US500039708003017,0,0,0
1000000US500039708003018,0,0,0
1000000US500039708003019,0,0,0
1000000US500039708003020,0,0,0
1000000US500039708003021,0,0,0
1000000US500039708003022,2,2,0
1000000US500039708003023,1,1,0
1000000US500039708003024,16,14,2
1000000US500039708003025,26,25,1
1000000US500039708003026,4,4,0
1000000US500039708003027,41,37,4
1000000US500039708003028,12,11,1
1000000US500039708003029,0,0,0
1000000US500039708003030,13,12,1
1000000US500039708003031,1,1,0
1000000US500039708003032,55,51,4
1000000US500039708003033,29,27,2
1000000US500039708003034,16,15,1
1000000US500039708003035,11,11,0
1000000US500039708003036,0,0,0
1000000US500039708003037,9,9,0
1000000US500039708003038,0,0,0
1000000US500039708003039,85,82,3
1000000US500039708003040,8,8,0
1000000US500039708003041,0,0,0
1000000US500039708003042,1,1,0
1000000US500039708003043,4,4,0
1000000US500039708003044,53,48,5
1000000US500039708003045,8,7,1
1000000US500039708003046,23,23,0
1000000US500039708003047,0,0,0
1000000US500039708003048,5,5,0
1000000US500039708003049,2,2,0
1000000US500039708003050,0,0,0
1000000US500039708003051,1,1,0
1000000US500039708003052,5,5,0
1000000US500039708003053,0,0,0
1000000US500039709001000,129,121,8
1000000US500039709001001,21,21,0
1000000US500039709001002,0,0,0
1000000US500039709001003,83,79,4
1000000US500039709001004,1,1,0
1000000US500039709001005,2,2,0
1000000US500039709001006,0,0,0
1000000US500039709001007,14,14,0
1000000US500039709001008,0,0,0
1000000US500039709001009,27,26,1
1000000US500039709001010,47,45,2
1000000US500039709001011,4,3,1
1000000US500039709001012,16,15,1
1000000US500039709001013,0,0,0
1000000US500039709001014,20,19,1
1000000US500039709001015,3,3,0
1000000US500039709001016,30,29,1
1000000US500039709001017,1,1,0
1000000US500039709002000,67,66,1
1000000US500039709002001,0,0,0
1000000US500039709002002,0,0,0
1000000US500039709002003,0,0,0
1000000US500039709002004,0,0,0
1000000US500039709002005,0,0,0
1000000US500039709002006,0,0,0
1000000US500039709002007,24,22,2
1000000US500039709002008,2,2,0
1000000US500039709002009,2,2,0
1000000US500039709002010,87,84,3
1000000US500039709002011,40,40,0
1000000US500039709002012,30,29,1
1000000US500039709002013,2,2,0
1000000US500039709002014,0,0,0
1000000US500039709002015,0,0,0
1000000US500039709002016,0,0,0
1000000US500039709002017,4,4,0
1000000US500039709002018,14,12,2
1000000US500039709002019,2,2,0
1000000US500039709002020,0,0,0
1000000US500039709002021,0,0,0
1000000US500039709002022,0,0,0
1000000US500039709002023,0,0,0
1000000US500039709002024,0,0,0
1000000US500039709002025,0,0,0
1000000US500039709002026,21,21,0
1000000US500039709002027,0,0,0
1000000US500039709002028,0,0,0
1000000US500039709002029,0,0,0
1000000US500039709002030,0,0,0
1000000US500039709002031,0,0,0
1000000US500039709002032,0,0,0
1000000US500039709002033,0,0,0
1000000US500039709002034,0,0,0
1000000US500039709002035,3,3,0
1000000US500039709002036,177,171,6
1000000US500039709002037,7,6,1
1000000US500039709002038,0,0,0
1000000US500039709002039,0,0,0
1000000US500039709002040,15,15,0
1000000US500039709002041,13,11,2
1000000US500039709002042,0,0,0
1000000US500039709002043,0,0,0
1000000US500039710001000,0,0,0
1000000US500039710001001,0,0,0
1000000US500039710001002,0,0,0
1000000US500039710001003,2,2,0
1000000US500039710001004,7,7,0
1000000US500039710001005,0,0,0
1000000US500039710001006,43,38,5
1000000US500039710001007,0,0,0
1000000US500039710001008,1,1,0
1000000US500039710001009,12,10,2
1000000US500039710001010,0,0,0
1000000US500039710001011,0,0,0
1000000US500039710001012,0,0,0
1000000US500039710001013,0,0,0
1000000US500039710001014,0,0,0
1000000US500039710001015,10,9,1
1000000US500039710001016,42,39,3
1000000US500039710001017,41,39,2
1000000US500039710001018,0,0,0
1000000US500039710001019,0,0,0
1000000US500039710001020,0,0,0
1000000US500039710001021,11,8,3
1000000US500039710001022,0,0,0
1000000US500039710001023,5,4,1
1000000US500039710001024,1,1,0
1000000US500039710001025,52,47,5
1000000US500039710001026,0,0,0
1000000US500039710001027,17,16,1
1000000US500039710001028,97,81,16
1000000US500039710001029,0,0,0
1000000US500039710001030,0,0,0
1000000US500039710001031,1,1,0
1000000US500039710001032,36,29,7
1000000US500039710001033,0,0,0
1000000US500039710001034,21,20,1
1000000US500039710001035,26,25,1
1000000US500039710001036,8,8,0
1000000US500039710001037,4,3,1
1000000US500039710001038,0,0,0
1000000US500039710001039,84,79,5
1000000US500039710001040,3,3,0
1000000US500039710001041,11,9,2
1000000US500039710001042,29,28,1
1000000US500039710001043,8,7,1
1000000US500039710001044,18,13,5
1000000US500039710001045,0,0,0
1000000US500039710001046,0,0,0
1000000US500039710001047,33,27,6
1000000US500039710001048,4,4,0
1000000US500039710001049,51,23,28
1000000US500039710001050,0,0,0
1000000US500039710001051,1,0,1
1000000US500039710001052,17,15,2
1000000US500039710001053,0,0,0
1000000US500039710001054,0,0,0
1000000US500039710001055,0,0,0
1000000US500039710001056,0,0,0
1000000US500039710002000,13,12,1
1000000US500039710002001,9,7,2
1000000US500039710002002,0,0,0
1000000US500039710002003,0,0,0
1000000US500039710002004,1,1,0
1000000US500039710002005,0,0,0
1000000US500039710002006,3,3,0
1000000US500039710002007,2,2,0
1000000US500039710002008,1,1,0
1000000US500039710002009,0,0,0
1000000US500039710002010,81,76,5
1000000US500039710002011,3,3,0
1000000US500039710002012,6,5,1
1000000US500039710002013,0,0,0
1000000US500039710002014,0,0,0
1000000US500039710002015,0,0,0
1000000US500039710002016,9,4,5
1000000US500039710002017,0,0,0
1000000US500039710002018,1,1,0
1000000US500039710002019,1,0,1
1000000US500039710002020,40,40,0
1000000US500039710002021,0,0,0
1000000US500039710002022,0,0,0
1000000US500039710002023,5,4,1
1000000US500039710002024,10,10,0
1000000US500039710002025,23,21,2
1000000US500039710002026,0,0,0
1000000US500039710002027,0,0,0
1000000US500039710002028,0,0,0
1000000US500039710002029,21,19,2
1000000US500039710002030,17,17,0
1000000US500039710002031,35,31,4
1000000US500039710002032,5,5,0
1000000US500039710002033,0,0,0
1000000US500039710002034,8,8,0
1000000US500039710002035,8,8,0
1000000US500039710002036,24,24,0
1000000US500039710002037,0,0,0
1000000US500039710002038,13,10,3
1000000US500039710002039,0,0,0
1000000US500039710002040,0,0,0
1000000US500039710002041,71,60,11
1000000US500039710002042,4,4,0
1000000US500039710002043,0,0,0
1000000US500039710002044,0,0,0
1000000US500039710002045,0,0,0
1000000US500039710002046,0,0,0
1000000US500039710002047,0,0,0
1000000US500039710002048,0,0,0
1000000US500039710002049,0,0,0
1000000US500039710002050,0,0,0
1000000US500039710002051,1,1,0
1000000US500039710002052,38,36,2
1000000US500039710002053,0,0,0
1000000US500039710002054,1,1,0
1000000US500039710002055,0,0,0
1000000US500039710002056,26,22,4
1000000US500039710002057,11,10,1
1000000US500039710002058,51,48,3
1000000US500039710002059,16,16,0
1000000US500039710002060,5,4,1
1000000US500039710002061,0,0,0
1000000US500039710002062,31,27,4
1000000US500039710002063,2,2,0
1000000US500039710002064,0,0,0
1000000US500039710002065,1,1,0
1000000US500039710002066,5,5,0
1000000US500039710002067,5,5,0
1000000US500039710002068,0,0,0
1000000US500039710002069,7,7,0
1000000US500039710002070,0,0,0
1000000US500039710002071,0,0,0
1000000US500039710002072,2,1,1
1000000US500039710002073,0,0,0
1000000US500039710002074,0,0,0
1000000US500039710002075,10,9,1
1000000US500039710002076,4,3,1
1000000US500039710002077,4,4,0
1000000US500039710002078,1,1,0
1000000US500039710002079,0,0,0
1000000US500039710002080,19,17,2
1000000US500039710002081,21,19,2
1000000US500039710002082,13,12,1
1000000US500039710002083,0,0,0
1000000US500039710002084,0,0,0
1000000US500039710002085,12,11,1
1000000US500039710002086,13,11,2
1000000US500039710002087,0,0,0
1000000US500039710002088,0,0,0
1000000US500039710002089,0,0,0
1000000US500039710002090,0,0,0
1000000US500039710002091,0,0,0
1000000US500039710002092,0,0,0
1000000US500039710002093,0,0,0
1000000US500039710002094,0,0,0
1000000US500039710002095,0,0,0
1000000US500039710002096,2,2,0
1000000US500039710002097,6,2,4
1000000US500039710002098,0,0,0
1000000US500039710002099,0,0,0
1000000US500039710002100,0,0,0
1000000US500039710002101,7,6,1
1000000US500039711001000,2,2,0
1000000US500039711001001,0,0,0
1000000US500039711001002,33,32,1
1000000US500039711001003,16,16,0
1000000US500039711001004,7,7,0
1000000US500039711001005,2,2,0
1000000US500039711001006,5,5,0
1000000US500039711001007,10,10,0
1000000US500039711001008,67,64,3
1000000US500039711001009,0,0,0
1000000US500039711001010,19,19,0
1000000US500039711001011,11,8,3
1000000US500039711001012,19,17,2
1000000US500039711001013,13,11,2
1000000US500039711001014,242,236,6
1000000US500039711001015,10,9,1
1000000US500039711001016,16,16,0
1000000US500039711001017,0,0,0
1000000US500039711001018,19,19,0
1000000US500039711001019,12,12,0
1000000US500039711001020,26,25,1
1000000US500039711001021,1,1,0
1000000US500039711001022,39,38,1
1000000US500039711001023,24,23,1
1000000US500039711001024,26,22,4
1000000US500039711001025,18,18,0
1000000US500039711001026,58,53,5
1000000US500039711001027,55,53,2
1000000US500039711001028,8,8,0
1000000US500039711001029,90,86,4
1000000US500039711001030,2,2,0
1000000US500039711001031,13,10,3
1000000US500039711001032,0,0,0
1000000US500039711001033,13,11,2
1000000US500039711001034,6,6,0
1000000US500039711001035,5,4,1
1000000US500039711001036,1,1,0
1000000US500039711001037,0,0,0
1000000US500039711001038,1,1,0
1000000US500039711001039,0,0,0
1000000US500039711001040,0,0,0
1000000US500039711001041,13,13,0
1000000US500039711001042,19,18,1
1000000US500039711002000,146,133,13
1000000US500039711002001,8,6,2
1000000US500039711002002,9,8,1
1000000US500039711002003,0,0,0
1000000US500039711002004,58,55,3
1000000US500039711002005,0,0,0
1000000US500039711002006,0,0,0
1000000US500039711002007,3,3,0
1000000US500039711002008,6,6,0
1000000US500039711002009,0,0,0
1000000US500039711002010,26,24,2
1000000US500039711002011,14,13,1
1000000US500039711002012,15,12,3
1000000US500039711002013,15,15,0
1000000US500039711002014,8,8,0
1000000US500039711002015,4,4,0
1000000US500039711002016,164,155,9
1000000US500039711002017,0,0,0
1000000US500039711002018,20,19,1
1000000US500039711002019,18,17,1
1000000US500039711003000,32,29,3
1000000US500039711003001,55,54,1
1000000US500039711003002,125,119,6
1000000US500039711003003,9,9,0
1000000US500039711003004,0,0,0
1000000US500039711003005,0,0,0
1000000US500039711003006,0,0,0
1000000US500039711003007,14,13,1
1000000US500039711003008,0,0,0
1000000US500039711003009,2,2,0
1000000US500039711003010,13,11,2
1000000US500039711003011,0,0,0
1000000US500039711003012,0,0,0
1000000US500039711003013,92,77,15
1000000US500039711003014,4,3,1
1000000US500039711003015,41,40,1
1000000US500039711003016,1,1,0
1000000US500039711003017,22,21,1
1000000US500039711003018,22,22,0
1000000US500039711003019,22,22,0
1000000US500039711003020,0,0,0
1000000US500039711003021,7,7,0
1000000US500039711003022,4,3,1
1000000US500039711003023,5,4,1
1000000US500039711003024,4,4,0
1000000US500039711003025,1,1,0
1000000US500039711003026,7,5,2
1000000US500039711003027,2,2,0
1000000US500039711003028,4,4,0
1000000US500039712001000,0,0,0
1000000US500039712001001,1,1,0
1000000US500039712001002,23,22,1
1000000US500039712001003,0,0,0
1000000US500039712001004,29,26,3
1000000US500039712001005,5,5,0
1000000US500039712001006,19,19,0
1000000US500039712001007,14,14,0
1000000US500039712001008,32,31,1
1000000US500039712001009,22,20,2
1000000US500039712001010,60,56,4
1000000US500039712001011,16,16,0
1000000US500039712001012,19,16,3
1000000US500039712001013,24,23,1
1000000US500039712001014,25,22,3
1000000US500039712001015,16,15,1
1000000US500039712001016,26,23,3
1000000US500039712002000,30,27,3
1000000US500039712002001,0,0,0
1000000US500039712002002,7,7,0
1000000US500039712002003,4,4,0
1000000US500039712002004,0,0,0
1000000US500039712002005,0,0,0
1000000US500039712002006,0,0,0
1000000US500039712002007,4,4,0
1000000US500039712002008,37,35,2
1000000US500039712002009,27,27,0
1000000US500039712002010,38,34,4
1000000US500039712002011,27,24,3
1000000US500039712002012,33,31,2
1000000US500039712002013,26,25,1
1000000US500039712002014,21,19,2
1000000US500039712002015,32,31,1
1000000US500039712002016,11,9,2
1000000US500039712002017,13,12,1
1000000US500039712002018,14,14,0
1000000US500039712002019,52,46,6
1000000US500039712002020,54,51,3
1000000US500039712002021,49,48,1
1000000US500039712002022,9,9,0
1000000US500039712002023,0,0,0
1000000US500039712003000,0,0,0
1000000US500039712003001,10,10,0
1000000US500039712003002,0,0,0
1000000US500039712003003,0,0,0
1000000US500039712003004,0,0,0
1000000US500039712003005,0,0,0
1000000US500039712003006,0,0,0
1000000US500039712003007,0,0,0
1000000US500039712003008,0,0,0
1000000US500039712003009,0,0,0
1000000US500039712003010,0,0,0
1000000US500039712003011,0,0,0
1000000US500039712003012,0,0,0
1000000US500039712003013,0,0,0
1000000US500039712003014,0,0,0
1000000US500039712003015,0,0,0
1000000US500039712003016,0,0,0
1000000US500039712003017,0,0,0
1000000US500039712003018,0,0,0
1000000US500039712003019,0,0,0
1000000US500039712003020,1,1,0
1000000US500039712003021,26,25,1
1000000US500039712003022,0,0,0
1000000US500039712003023,72,64,8
1000000US500039712003024,13,10,3
1000000US500039712003025,3,3,0
1000000US500039712003026,73,65,8
1000000US500039712003027,9,9,0
1000000US500039712003028,8,7,1
1000000US500039712003029,0,0,0
1000000US500039712003030,0,0,0
1000000US500039712003031,89,84,5
1000000US500039712003032,23,20,3
1000000US500039712003033,17,17,0
1000000US500039712003034,24,21,3
1000000US500039712003035,15,15,0
1000000US500039712003036,20,18,2
1000000US500039712004000,12,12,0
1000000US500039712004001,37,35,2
1000000US500039712004002,25,24,1
1000000US500039712004003,34,30,4
1000000US500039712004004,41,37,4
1000000US500039712004005,5,5,0
1000000US500039712004006,40,36,4
1000000US500039712004007,16,15,1
1000000US500039712004008,0,0,0
1000000US500039712004009,33,27,6
1000000US500039712004010,22,21,1
1000000US500039712004011,56,54,2
1000000US500039712004012,5,4,1
1000000US500039712004013,5,2,3
1000000US500039712004014,1,1,0
1000000US500039712005000,11,11,0
1000000US500039712005001,0,0,0
1000000US500039712005002,24,23,1
1000000US500039712005003,37,33,4
1000000US500039712005004,4,0,4
1000000US500039712005005,48,44,4
1000000US500039712005006,0,0,0
1000000US500039712005007,109,104,5
1000000US500039712005008,25,24,1
1000000US500039712005009,43,39,4
1000000US500039712005010,28,24,4
1000000US500039712006000,10,8,2
1000000US500039712006001,72,61,11
1000000US500039712006002,23,22,1
1000000US500039712006003,55,53,2
1000000US500039712006004,17,16,1
1000000US500039712006005,33,28,5
1000000US500039712006006,62,59,3
1000000US500039712006007,62,51,11
1000000US500039712006008,31,31,0
1000000US500039712006009,0,0,0
1000000US500039712006010,0,0,0
1000000US500039712006011,10,10,0
1000000US500039712006012,0,0,0
1000000US500039712006013,104,97,7
1000000US500039712006014,5,5,0
1000000US500039712006015,24,22,2
1000000US500039712006016,7,6,1
1000000US500039712006017,35,32,3
1000000US500039712006018,26,23,3
1000000US500039712006019,20,20,0
1000000US500039712006020,17,16,1
1000000US500039712006021,6,5,1
1000000US500039712006022,6,6,0
1000000US500039713001000,40,39,1
1000000US500039713001001,6,6,0
1000000US500039713001002,3,3,0
1000000US500039713001003,20,19,1
1000000US500039713001004,57,51,6
1000000US500039713001005,3,3,0
1000000US500039713001006,0,0,0
1000000US500039713001007,1,1,0
1000000US500039713001008,10,10,0
1000000US500039713001009,13,12,1
1000000US500039713001010,9,8,1
1000000US500039713001011,26,25,1
1000000US500039713001012,0,0,0
1000000US500039713001013,4,3,1
1000000US500039713001014,0,0,0
1000000US500039713001015,6,5,1
1000000US500039713001016,35,34,1
1000000US500039713001017,31,30,1
1000000US500039713001018,0,0,0
1000000US500039713001019,6,5,1
1000000US500039713001020,6,6,0
1000000US500039713001021,2,2,0
1000000US500039713001022,7,7,0
1000000US500039713001023,2,2,0
1000000US500039713001024,30,26,4
1000000US500039713001025,94,86,8
1000000US500039713001026,5,5,0
1000000US500039713001027,2,2,0
1000000US500039713001028,5,5,0
1000000US500039713001029,0,0,0
1000000US500039713001030,7,5,2
1000000US500039713001031,2,2,0
1000000US500039713001032,4,4,0
1000000US500039713001033,4,4,0
1000000US500039713001034,0,0,0
1000000US500039713001035,4,4,0
1000000US500039713001036,22,20,2
1000000US500039713001037,12,12,0
1000000US500039713001038,23,16,7
1000000US500039713001039,2,2,0
1000000US500039713001040,19,18,1
1000000US500039713001041,58,52,6
1000000US500039713001042,20,19,1
1000000US500039713001043,71,67,4
1000000US500039713001044,2,1,1
1000000US500039713001045,0,0,0
1000000US500039713001046,0,0,0
1000000US500039713002000,30,27,3
1000000US500039713002001,2,2,0
1000000US500039713002002,0,0,0
1000000US500039713002003,14,12,2
1000000US500039713002004,14,8,6
1000000US500039713002005,0,0,0
1000000US500039713002006,6,5,1
1000000US500039713002007,1,1,0
1000000US500039713002008,1,1,0
1000000US500039713002009,1,1,0
1000000US500039713002010,2,2,0
1000000US500039713002011,0,0,0
1000000US500039713002012,2,1,1
1000000US500039713002013,17,16,1
1000000US500039713002014,0,0,0
1000000US500039713002015,0,0,0
1000000US500039713002016,3,2,1
1000000US500039713002017,55,53,2
1000000US500039713002018,11,10,1
1000000US500039713002019,14,8,6
1000000US500039713002020,2,2,0
1000000US500039713002021,1,1,0
1000000US500039713002022,2,1,1
1000000US500039713002023,4,3,1
1000000US500039713002024,7,7,0
1000000US500039713002025,41,35,6
1000000US500039713002026,20,18,2
1000000US500039713002027,2,2,0
1000000US500039713002028,0,0,0
1000000US500039713002029,17,14,3
1000000US500039713002030,19,17,2
1000000US500039713002031,0,0,0
1000000US500039713002032,2,2,0
1000000US500039713002033,5,4,1
1000000US500039713002034,54,49,5
1000000US500039713002035,0,0,0
1000000US500039713002036,12,11,1
1000000US500039713002037,14,12,2
1000000US500039713002038,1,1,0
1000000US500039713002039,4,3,1
1000000US500039713002040,6,6,0
1000000US500039713002041,8,5,3
1000000US500039713002042,30,25,5
1000000US500039713002043,20,16,4
1000000US500039713002044,0,0,0
1000000US500039713002045,5,5,0
1000000US500039713002046,0,0,0
1000000US500039713002047,0,0,0
1000000US500039713003000,55,31,24
1000000US500039713003001,0,0,0
1000000US500039713003002,2,1,1
1000000US500039713003003,1,0,1
1000000US500039713003004,3,3,0
1000000US500039713003005,0,0,0
1000000US500039713003006,0,0,0
1000000US500039713003007,105,93,12
1000000US500039713003008,1,0,1
1000000US500039713003009,2,2,0
1000000US500039713003010,0,0,0
1000000US500039713003011,1,1,0
1000000US500039713003012,0,0,0
1000000US500039713003013,0,0,0
1000000US500039713003014,0,0,0
1000000US500039713003015,5,4,1
1000000US500039713003016,0,0,0
1000000US500039713003017,4,2,2
1000000US500039713003018,2,2,0
1000000US500039713003019,3,3,0
1000000US500039713003020,0,0,0
1000000US500039713003021,45,41,4
1000000US500039713003022,5,5,0
1000000US500039713003023,17,16,1
1000000US500039713003024,2,1,1
1000000US500039713003025,9,7,2
1000000US500039713003026,15,14,1
1000000US500039713003027,0,0,0
1000000US500039713003028,5,3,2
1000000US500039713003029,11,9,2
1000000US500039713003030,2,2,0
1000000US500039713003031,0,0,0
1000000US500039713003032,0,0,0
1000000US500039713003033,0,0,0
1000000US500039713003034,0,0,0
1000000US500039713003035,0,0,0
1000000US500039713003036,8,7,1
1000000US500039713003037,0,0,0
1000000US500039713003038,0,0,0
1000000US500039713003039,0,0,0
1000000US500039713003040,0,0,0
1000000US500039713003041,0,0,0
1000000US500039713003042,0,0,0
1000000US500039713003043,40,35,5
1000000US500039713003044,0,0,0
1000000US500039713003045,0,0,0
1000000US500039713003046,0,0,0
1000000US500039713003047,0,0,0
1000000US500039713003048,0,0,0
1000000US500039713003049,1,1,0
1000000US500039713003050,0,0,0
1000000US500039713003051,0,0,0
1000000US500039713003052,0,0,0
1000000US500039713003053,0,0,0
1000000US500039713003054,0,0,0
1000000US500039713003055,2,2,0
1000000US500039713003056,29,28,1
1000000US500039713003057,2,2,0
1000000US500039713003058,3,3,0
1000000US500039713003059,0,0,0
1000000US500039713003060,56,53,3
1000000US500039713003061,7,7,0
1000000US500039713003062,0,0,0
1000000US500039713003063,0,0,0
1000000US500039713003064,0,0,0
1000000US500039713003065,12,11,1
1000000US500039713003066,3,3,0
1000000US500039713003067,0,0,0
1000000US500039713003068,5,3,2
1000000US500039713003069,29,25,4
1000000US500039713003070,0,0,0
1000000US500039713003071,0,0,0
1000000US500059570001000,1,0,1
1000000US500059570001001,4,2,2
1000000US500059570001002,77,23,54
1000000US500059570001003,2,0,2
1000000US500059570001004,63,15,48
1000000US500059570001005,12,9,3
1000000US500059570001006,0,0,0
1000000US500059570001007,4,1,3
1000000US500059570001008,7,5,2
1000000US500059570001009,0,0,0
1000000US500059570001010,4,2,2
1000000US500059570001011,1,0,1
1000000US500059570001012,0,0,0
1000000US500059570001013,0,0,0
1000000US500059570001014,0,0,0
1000000US500059570001015,2,0,2
1000000US500059570001016,22,8,14
1000000US500059570001017,1,0,1
1000000US500059570001018,4,1,3
1000000US500059570001019,10,3,7
1000000US500059570001020,0,0,0
1000000US500059570001021,17,13,4
1000000US500059570001022,0,0,0
1000000US500059570001023,0,0,0
1000000US500059570001024,17,10,7
1000000US500059570001025,35,13,22
1000000US500059570001026,0,0,0
1000000US500059570001027,0,0,0
1000000US500059570001028,2,1,1
1000000US500059570001029,0,0,0
1000000US500059570001030,8,6,2
1000000US500059570001031,40,32,8
1000000US500059570001032,25,16,9
1000000US500059570001033,109,37,72
1000000US500059570001034,1,1,0
1000000US500059570001035,0,0,0
1000000US500059570001036,8,0,8
1000000US500059570001037,2,1,1
1000000US500059570001038,9,2,7
1000000US500059570001039,0,0,0
1000000US500059570001040,10,9,1
1000000US500059570001041,10,6,4
1000000US500059570001042,18,13,5
1000000US500059570001043,4,4,0
1000000US500059570001044,0,0,0
1000000US500059570001045,0,0,0
1000000US500059570001046,2,0,2
1000000US500059570001047,1,0,1
1000000US500059570001048,22,20,2
1000000US500059570001049,2,1,1
1000000US500059570001050,8,8,0
1000000US500059570001051,0,0,0
1000000US500059570001052,0,0,0
1000000US500059570001053,0,0,0
1000000US500059570001054,9,8,1
1000000US500059570001055,28,19,9
1000000US500059570001056,0,0,0
1000000US500059570001057,7,6,1
1000000US500059570001058,0,0,0
1000000US500059570001059,0,0,0
1000000US500059570001060,0,0,0
1000000US500059570001061,0,0,0
1000000US500059570001062,0,0,0
1000000US500059570001063,0,0,0
1000000US500059570001064,2,2,0
1000000US500059570001065,0,0,0
1000000US500059570001066,0,0,0
1000000US500059570001067,1,0,1
1000000US500059570001068,1,0,1
1000000US500059570001069,0,0,0
1000000US500059570001070,2,2,0
1000000US500059570001071,12,10,2
1000000US500059570001072,1,0,1
1000000US500059570001073,13,8,5
1000000US500059570001074,17,13,4
1000000US500059570001075,0,0,0
1000000US500059570001076,20,17,3
1000000US500059570001077,14,10,4
1000000US500059570001078,13,13,0
1000000US500059570001079,0,0,0
1000000US500059570001080,25,10,15
1000000US500059570001081,0,0,0
1000000US500059570001082,38,29,9
1000000US500059570001083,1,1,0
1000000US500059570001084,0,0,0
1000000US500059570001085,4,3,1
1000000US500059570001086,0,0,0
1000000US500059570001087,9,9,0
1000000US500059570001088,3,3,0
1000000US500059570001089,8,7,1
1000000US500059570001090,13,10,3
1000000US500059570001091,16,15,1
1000000US500059570001092,11,10,1
1000000US500059570001093,0,0,0
1000000US500059570001094,12,11,1
1000000US500059570001095,15,12,3
1000000US500059570001096,1,1,0
1000000US500059570001097,10,10,0
1000000US500059570001098,12,9,3
1000000US500059570001099,3,2,1
1000000US500059570001100,2,2,0
1000000US500059570001101,1,1,0
1000000US500059570001102,0,0,0
1000000US500059570001103,29,28,1
1000000US500059570001104,0,0,0
1000000US500059570001105,0,0,0
1000000US500059570001106,0,0,0
1000000US500059570001107,5,5,0
1000000US500059570001108,6,6,0
1000000US500059570001109,0,0,0
1000000US500059570001110,2,2,0
1000000US500059570001111,5,5,0
1000000US500059570001112,0,0,0
1000000US500059570001113,12,12,0
1000000US500059570001114,2,2,0
1000000US500059570001115,17,16,1
1000000US500059570001116,1,1,0
1000000US500059570001117,3,3,0
1000000US500059570001118,18,14,4
1000000US500059570001119,2,2,0
1000000US500059570001120,0,0,0
1000000US500059570001121,0,0,0
1000000US500059570001122,0,0,0
1000000US500059570001123,0,0,0
1000000US500059570001124,0,0,0
1000000US500059570001125,0,0,0
1000000US500059570001126,15,13,2
1000000US500059570001127,0,0,0
1000000US500059570001128,12,11,1
1000000US500059570001129,1,1,0
1000000US500059570001130,1,1,0
1000000US500059570001131,13,7,6
1000000US500059570001132,4,3,1
1000000US500059570001133,0,0,0
1000000US500059570001134,3,2,1
1000000US500059570001135,0,0,0
1000000US500059570001136,2,1,1
1000000US500059570001137,0,0,0
1000000US500059570001138,0,0,0
1000000US500059570001139,0,0,0
1000000US500059570001140,20,18,2
1000000US500059570001141,0,0,0
1000000US500059570001142,0,0,0
1000000US500059570001143,0,0,0
1000000US500059570001144,0,0,0
1000000US500059570001145,1,1,0
1000000US500059570001146,0,0,0
1000000US500059570001147,0,0,0
1000000US500059570001148,0,0,0
1000000US500059570001149,0,0,0
1000000US500059570001150,0,0,0
1000000US500059570002000,2,1,1
1000000US500059570002001,0,0,0
1000000US500059570002002,85,22,63
1000000US500059570002003,0,0,0
1000000US500059570002004,0,0,0
1000000US500059570002005,0,0,0
1000000US500059570002006,0,0,0
1000000US500059570002007,0,0,0
1000000US500059570002008,2,1,1
1000000US500059570002009,3,2,1
1000000US500059570002010,0,0,0
1000000US500059570002011,3,3,0
1000000US500059570002012,9,9,0
1000000US500059570002013,11,8,3
1000000US500059570002014,24,8,16
1000000US500059570002015,0,0,0
1000000US500059570002016,1,1,0
1000000US500059570002017,18,9,9
1000000US500059570002018,13,10,3
1000000US500059570002019,1,1,0
1000000US500059570002020,1,0,1
1000000US500059570002021,8,8,0
1000000US500059570002022,1,1,0
1000000US500059570002023,28,20,8
1000000US500059570002024,1,1,0
1000000US500059570002025,11,9,2
1000000US500059570002026,5,4,1
1000000US500059570002027,4,2,2
1000000US500059570002028,4,2,2
1000000US500059570002029,7,6,1
1000000US500059570002030,4,3,1
1000000US500059570002031,4,3,1
1000000US500059570002032,6,5,1
1000000US500059570002033,15,11,4
1000000US500059570002034,4,4,0
1000000US500059570002035,2,2,0
1000000US500059570002036,3,3,0
1000000US500059570002037,5,3,2
1000000US500059570002038,10,7,3
1000000US500059570002039,3,3,0
1000000US500059570002040,1,1,0
1000000US500059570002041,10,8,2
1000000US500059570002042,5,5,0
1000000US500059570002043,6,6,0
1000000US500059570002044,3,2,1
1000000US500059570002045,17,12,5
1000000US500059570002046,1,0,1
1000000US500059570002047,4,4,0
1000000US500059570002048,0,0,0
1000000US500059570002049,0,0,0
1000000US500059570002050,8,7,1
1000000US500059570002051,43,25,18
1000000US500059570002052,2,1,1
1000000US500059570002053,0,0,0
1000000US500059570002054,21,17,4
1000000US500059570002055,0,0,0
1000000US500059570002056,12,12,0
1000000US500059570002057,3,3,0
1000000US500059570002058,5,5,0
1000000US500059570002059,0,0,0
1000000US500059570002060,10,6,4
1000000US500059570002061,0,0,0
1000000US500059570002062,1,1,0
1000000US500059570002063,0,0,0
1000000US500059570002064,10,10,0
1000000US500059570002065,15,12,3
1000000US500059570002066,2,2,0
1000000US500059570002067,0,0,0
1000000US500059570002068,0,0,0
1000000US500059570002069,0,0,0
1000000US500059570002070,5,1,4
1000000US500059570002071,38,17,21
1000000US500059570002072,3,0,3
1000000US500059570002073,1,1,0
1000000US500059570002074,4,4,0
1000000US500059570002075,3,2,1
1000000US500059570002076,8,7,1
1000000US500059570002077,4,4,0
1000000US500059570002078,7,7,0
1000000US500059570002079,23,18,5
1000000US500059570002080,1,0,1
1000000US500059570002081,1,1,0
1000000US500059570002082,0,0,0
1000000US500059570002083,22,1,21
1000000US500059570002084,0,0,0
1000000US500059570002085,0,0,0
1000000US500059570003000,7,1,6
1000000US500059570003001,0,0,0
1000000US500059570003002,0,0,0
1000000US500059570003003,2,0,2
1000000US500059570003004,0,0,0
1000000US500059570003005,0,0,0
1000000US500059570003006,0,0,0
1000000US500059570003007,0,0,0
1000000US500059570003008,5,2,3
1000000US500059570003009,38,27,11
1000000US500059570003010,0,0,0
1000000US500059570003011,0,0,0
1000000US500059570003012,0,0,0
1000000US500059570003013,0,0,0
1000000US500059570003014,3,3,0
1000000US500059570003015,32,23,9
1000000US500059570003016,0,0,0
1000000US500059570003017,20,16,4
1000000US500059570003018,15,15,0
1000000US500059570003019,0,0,0
1000000US500059570003020,0,0,0
1000000US500059570003021,1,0,1
1000000US500059570003022,0,0,0
1000000US500059570003023,0,0,0
1000000US500059570003024,3,3,0
1000000US500059570003025,1,1,0
1000000US500059570003026,0,0,0
1000000US500059570003027,0,0,0
1000000US500059570003028,0,0,0
1000000US500059570003029,1,0,1
1000000US500059570003030,0,0,0
1000000US500059570003031,0,0,0
1000000US500059570003032,6,1,5
1000000US500059570003033,51,20,31
1000000US500059570003034,0,0,0
1000000US500059570003035,1,1,0
1000000US500059570003036,0,0,0
1000000US500059570003037,0,0,0
1000000US500059570003038,0,0,0
1000000US500059570003039,0,0,0
1000000US500059570003040,0,0,0
1000000US500059570003041,1,0,1
1000000US500059570003042,1,0,1
1000000US500059570003043,2,2,0
1000000US500059570003044,7,7,0
1000000US500059570003045,0,0,0
1000000US500059570003046,2,2,0
1000000US500059570003047,6,6,0
1000000US500059570003048,0,0,0
1000000US500059570003049,8,5,3
1000000US500059570003050,0,0,0
1000000US500059570003051,21,16,5
1000000US500059570003052,1,1,0
1000000US500059570003053,9,5,4
1000000US500059570003054,0,0,0
1000000US500059570003055,11,6,5
1000000US500059570003056,11,10,1
1000000US500059570003057,0,0,0
1000000US500059570003058,5,3,2
1000000US500059570003059,0,0,0
1000000US500059570003060,2,1,1
1000000US500059570003061,1,1,0
1000000US500059570003062,4,3,1
1000000US500059570003063,0,0,0
1000000US500059570003064,0,0,0
1000000US500059570003065,0,0,0
1000000US500059570003066,15,8,7
1000000US500059570003067,0,0,0
1000000US500059570003068,0,0,0
1000000US500059570003069,0,0,0
1000000US500059570003070,0,0,0
1000000US500059570003071,0,0,0
1000000US500059570003072,13,12,1
1000000US500059570003073,11,10,1
1000000US500059570003074,1,1,0
1000000US500059570003075,9,7,2
1000000US500059570003076,36,21,15
1000000US500059570003077,0,0,0
1000000US500059570003078,4,3,1
1000000US500059570003079,20,11,9
1000000US500059570003080,0,0,0
1000000US500059570003081,5,4,1
1000000US500059570003082,1,0,1
1000000US500059570003083,15,0,15
1000000US500059570003084,0,0,0
1000000US500059570003085,0,0,0
1000000US500059570003086,1,0,1
1000000US500059570003087,2,2,0
1000000US500059570003088,5,2,3
1000000US500059570003089,24,20,4
1000000US500059570003090,25,23,2
1000000US500059570003091,0,0,0
1000000US500059570003092,0,0,0
1000000US500059570003093,51,29,22
1000000US500059570003094,0,0,0
1000000US500059570003095,0,0,0
1000000US500059570003096,0,0,0
1000000US500059570003097,0,0,0
1000000US500059570003098,4,4,0
1000000US500059570003099,0,0,0
1000000US500059570003100,0,0,0
1000000US500059570003101,0,0,0
1000000US500059570003102,0,0,0
1000000US500059570003103,0,0,0
1000000US500059570003104,1,1,0
1000000US500059570003105,4,2,2
1000000US500059570003106,17,10,7
1000000US500059570003107,3,0,3
1000000US500059570003108,0,0,0
1000000US500059570003109,21,9,12
1000000US500059570003110,0,0,0
1000000US500059570003111,3,3,0
1000000US500059570003112,2,2,0
1000000US500059570003113,2,2,0
1000000US500059570003114,1,0,1
1000000US500059570003115,74,49,25
1000000US500059570003116,0,0,0
1000000US500059570003117,0,0,0
1000000US500059570003118,0,0,0
1000000US500059570003119,0,0,0
1000000US500059570003120,7,7,0
1000000US500059570003121,24,21,3
1000000US500059570003122,3,2,1
1000000US500059570003123,25,25,0
1000000US500059570003124,1,1,0
1000000US500059570003125,3,3,0
1000000US500059570003126,0,0,0
1000000US500059570003127,0,0,0
1000000US500059570003128,6,6,0
1000000US500059570003129,4,4,0
1000000US500059570003130,3,2,1
1000000US500059570003131,5,5,0
1000000US500059570003132,24,21,3
1000000US500059570003133,1,1,0
1000000US500059570003134,0,0,0
1000000US500059570003135,0,0,0
1000000US500059570003136,13,9,4
1000000US500059570003137,1,1,0
1000000US500059570003138,11,10,1
1000000US500059570003139,0,0,0
1000000US500059570003140,3,3,0
1000000US500059570003141,0,0,0
1000000US500059570003142,3,3,0
1000000US500059570003143,9,8,1
1000000US500059570003144,14,12,2
1000000US500059570003145,0,0,0
1000000US500059570003146,3,3,0
1000000US500059570003147,1,0,1
1000000US500059570003148,2,2,0
1000000US500059570003149,13,11,2
1000000US500059570003150,0,0,0
1000000US500059570003151,2,2,0
1000000US500059570003152,1,1,0
1000000US500059570003153,14,12,2
1000000US500059570003154,8,8,0
1000000US500059570003155,9,5,4
1000000US500059570003156,3,2,1
1000000US500059570003157,18,6,12
1000000US500059570003158,1,1,0
1000000US500059570003159,2,0,2
1000000US500059570003160,15,13,2
1000000US500059570003161,0,0,0
1000000US500059570003162,9,6,3
1000000US500059570003163,0,0,0
1000000US500059570003164,7,7,0
1000000US500059570003165,24,14,10
1000000US500059570003166,0,0,0
1000000US500059570003167,13,5,8
1000000US500059570003168,4,4,0
1000000US500059570003169,8,8,0
1000000US500059570003170,0,0,0
1000000US500059570003171,4,4,0
1000000US500059570003172,0,0,0
1000000US500059570003173,0,0,0
1000000US500059570003174,4,4,0
1000000US500059570003175,0,0,0
1000000US500059570003176,2,2,0
1000000US500059570003177,0,0,0
1000000US500059570003178,2,0,2
1000000US500059570003179,2,1,1
1000000US500059570003180,0,0,0
1000000US500059570003181,0,0,0
1000000US500059570003182,0,0,0
1000000US500059570003183,0,0,0
1000000US500059570003184,0,0,0
1000000US500059570003185,3,3,0
1000000US500059570003186,1,0,1
1000000US500059570003187,7,6,1
1000000US500059571001000,6,5,1
1000000US500059571001001,10,8,2
1000000US500059571001002,2,1,1
1000000US500059571001003,34,29,5
1000000US500059571001004,3,2,1
1000000US500059571001005,23,23,0
1000000US500059571001006,9,8,1
1000000US500059571001007,0,0,0
1000000US500059571001008,7,7,0
1000000US500059571001009,1,1,0
1000000US500059571001010,3,3,0
1000000US500059571001011,28,28,0
1000000US500059571001012,0,0,0
1000000US500059571001013,4,4,0
1000000US500059571001014,9,8,1
1000000US500059571001015,7,6,1
1000000US500059571001016,0,0,0
1000000US500059571001017,32,25,7
1000000US500059571001018,8,7,1
1000000US500059571001019,1,0,1
1000000US500059571001020,6,5,1
1000000US500059571001021,2,2,0
1000000US500059571001022,6,2,4
1000000US500059571001023,11,9,2
1000000US500059571001024,0,0,0
1000000US500059571001025,22,21,1
1000000US500059571001026,19,17,2
1000000US500059571001027,3,1,2
1000000US500059571001028,0,0,0
1000000US500059571001029,31,25,6
1000000US500059571001030,0,0,0
1000000US500059571001031,9,9,0
1000000US500059571001032,14,11,3
1000000US500059571001033,21,18,3
1000000US500059571001034,25,19,6
1000000US500059571001035,0,0,0
1000000US500059571001036,4,2,2
1000000US500059571001037,3,3,0
1000000US500059571001038,42,38,4
1000000US500059571001039,1,1,0
1000000US500059571001040,4,4,0
1000000US500059571001041,2,2,0
1000000US500059571001042,7,7,0
1000000US500059571001043,10,9,1
1000000US500059571001044,12,11,1
1000000US500059571001045,0,0,0
1000000US500059571001046,2,2,0
1000000US500059571001047,4,3,1
1000000US500059571001048,7,7,0
1000000US500059571001049,16,12,4
1000000US500059571001050,0,0,0
1000000US500059571001051,0,0,0
1000000US500059571001052,0,0,0
1000000US500059571001053,0,0,0
1000000US500059571001054,8,7,1
1000000US500059571001055,1,1,0
1000000US500059571001056,25,22,3
1000000US500059571001057,0,0,0
1000000US500059571002000,2,2,0
1000000US500059571002001,29,20,9
1000000US500059571002002,7,6,1
1000000US500059571002003,1,1,0
1000000US500059571002004,0,0,0
1000000US500059571002005,19,13,6
1000000US500059571002006,0,0,0
1000000US500059571002007,27,21,6
1000000US500059571002008,3,3,0
1000000US500059571002009,0,0,0
1000000US500059571002010,22,14,8
1000000US500059571002011,0,0,0
1000000US500059571002012,0,0,0
1000000US500059571002013,0,0,0
1000000US500059571002014,0,0,0
1000000US500059571002015,4,4,0
1000000US500059571002016,8,7,1
1000000US500059571002017,27,16,11
1000000US500059571002018,0,0,0
1000000US500059571002019,5,2,3
1000000US500059571002020,0,0,0
1000000US500059571002021,51,35,16
1000000US500059571002022,0,0,0
1000000US500059571002023,1,0,1
1000000US500059571002024,0,0,0
1000000US500059571002025,223,49,174
1000000US500059571002026,4,3,1
1000000US500059571002027,5,4,1
1000000US500059571002028,6,1,5
1000000US500059571002029,2,2,0
1000000US500059571002030,0,0,0
1000000US500059571002031,0,0,0
1000000US500059571002032,0,0,0
1000000US500059571002033,8,3,5
1000000US500059571002034,45,32,13
1000000US500059571002035,1,1,0
1000000US500059571002036,0,0,0
1000000US500059571002037,12,3,9
1000000US500059571002038,15,13,2
1000000US500059571002039,3,2,1
1000000US500059571002040,0,0,0
1000000US500059571002041,0,0,0
1000000US500059571002042,6,3,3
1000000US500059571002043,33,22,11
1000000US500059571002044,2,2,0
1000000US500059571002045,1,1,0
1000000US500059571002046,5,3,2
1000000US500059571002047,2,1,1
1000000US500059571002048,33,29,4
1000000US500059571002049,0,0,0
1000000US500059571002050,22,11,11
1000000US500059571002051,5,5,0
1000000US500059571002052,0,0,0
1000000US500059571002053,8,6,2
1000000US500059571002054,8,8,0
1000000US500059571002055,13,9,4
1000000US500059571002056,9,7,2
1000000US500059571002057,16,12,4
1000000US500059571002058,7,3,4
1000000US500059571002059,0,0,0
1000000US500059571002060,27,17,10
1000000US500059571002061,3,3,0
1000000US500059571002062,0,0,0
1000000US500059571002063,2,2,0
1000000US500059571002064,73,64,9
1000000US500059571002065,3,2,1
1000000US500059571002066,0,0,0
1000000US500059571002067,4,4,0
1000000US500059571002068,0,0,0
1000000US500059571002069,0,0,0
1000000US500059571002070,5,4,1
1000000US500059571002071,4,4,0
1000000US500059571002072,0,0,0
1000000US500059571002073,3,2,1
1000000US500059571002074,1,1,0
1000000US500059571002075,0,0,0
1000000US500059571002076,1,1,0
1000000US500059571002077,2,2,0
1000000US500059571002078,11,4,7
1000000US500059572001000,0,0,0
1000000US500059572001001,19,17,2
1000000US500059572001002,0,0,0
1000000US500059572001003,11,10,1
1000000US500059572001004,32,30,2
1000000US500059572001005,8,8,0
1000000US500059572001006,2,2,0
1000000US500059572001007,11,11,0
1000000US500059572001008,0,0,0
1000000US500059572001009,0,0,0
1000000US500059572001010,1,1,0
1000000US500059572001011,0,0,0
1000000US500059572001012,6,5,1
1000000US500059572001013,6,6,0
1000000US500059572001014,7,5,2
1000000US500059572001015,244,224,20
1000000US500059572001016,18,16,2
1000000US500059572001017,4,4,0
1000000US500059572001018,0,0,0
1000000US500059572001019,7,7,0
1000000US500059572001020,1,1,0
1000000US500059572001021,1,1,0
1000000US500059572001022,0,0,0
1000000US500059572001023,0,0,0
1000000US500059572001024,8,8,0
1000000US500059572001025,28,25,3
1000000US500059572001026,0,0,0
1000000US500059572001027,2,2,0
1000000US500059572001028,1,1,0
1000000US500059572001029,1,1,0
1000000US500059572001030,0,0,0
1000000US500059572001031,0,0,0
1000000US500059572001032,1,1,0
1000000US500059572001033,1,1,0
1000000US500059572001034,23,20,3
1000000US500059572001035,0,0,0
1000000US500059572001036,0,0,0
1000000US500059572001037,5,5,0
1000000US500059572001038,0,0,0
1000000US500059572001039,3,3,0
1000000US500059572001040,2,2,0
1000000US500059572001041,0,0,0
1000000US500059572001042,0,0,0
1000000US500059572001043,0,0,0
1000000US500059572001044,0,0,0
1000000US500059572001045,1,1,0
1000000US500059572001046,3,2,1
1000000US500059572001047,16,16,0
1000000US500059572001048,0,0,0
1000000US500059572001049,0,0,0
1000000US500059572001050,4,4,0
1000000US500059572001051,0,0,0
1000000US500059572001052,0,0,0
1000000US500059572001053,0,0,0
1000000US500059572002000,5,5,0
1000000US500059572002001,4,4,0
1000000US500059572002002,0,0,0
1000000US500059572002003,0,0,0
1000000US500059572002004,25,22,3
1000000US500059572002005,8,7,1
1000000US500059572002006,0,0,0
1000000US500059572002007,1,1,0
1000000US500059572002008,0,0,0
1000000US500059572002009,0,0,0
1000000US500059572002010,26,26,0
1000000US500059572002011,3,3,0
1000000US500059572002012,0,0,0
1000000US500059572002013,0,0,0
1000000US500059572002014,0,0,0
1000000US500059572002015,24,22,2
1000000US500059572002016,3,3,0
1000000US500059572002017,1,1,0
1000000US500059572002018,7,7,0
1000000US500059572002019,169,151,18
1000000US500059572002020,8,8,0
1000000US500059572002021,3,3,0
1000000US500059572002022,6,6,0
1000000US500059572002023,12,10,2
1000000US500059572002024,24,23,1
1000000US500059572002025,13,12,1
1000000US500059572002026,7,5,2
1000000US500059572002027,6,6,0
1000000US500059572002028,3,3,0
1000000US500059572002029,3,3,0
1000000US500059572002030,78,72,6
1000000US500059572002031,0,0,0
1000000US500059572002032,0,0,0
1000000US500059572002033,26,25,1
1000000US500059572002034,0,0,0
1000000US500059572002035,2,2,0
1000000US500059572002036,0,0,0
1000000US500059572002037,32,29,3
1000000US500059572002038,51,46,5
1000000US500059572002039,24,18,6
1000000US500059572002040,42,37,5
1000000US500059572002041,14,10,4
1000000US500059572002042,14,14,0
1000000US500059572002043,0,0,0
1000000US500059572002044,18,17,1
1000000US500059572002045,28,27,1
1000000US500059572002046,0,0,0
1000000US500059572002047,35,34,1
1000000US500059572002048,43,39,4
1000000US500059572002049,3,3,0
1000000US500059572002050,0,0,0
1000000US500059572002051,9,7,2
1000000US500059572002052,0,0,0
1000000US500059572002053,0,0,0
1000000US500059573001000,1,1,0
1000000US500059573001001,0,0,0
1000000US500059573001002,5,5,0
1000000US500059573001003,0,0,0
1000000US500059573001004,55,52,3
1000000US500059573001005,3,3,0
1000000US500059573001006,0,0,0
1000000US500059573001007,2,2,0
1000000US500059573001008,14,13,1
1000000US500059573001009,82,78,4
1000000US500059573001010,0,0,0
1000000US500059573001011,0,0,0
1000000US500059573001012,0,0,0
1000000US500059573001013,0,0,0
1000000US500059573001014,0,0,0
1000000US500059573001015,8,8,0
1000000US500059573001016,0,0,0
1000000US500059573001017,7,7,0
1000000US500059573001018,0,0,0
1000000US500059573001019,97,90,7
1000000US500059573001020,2,2,0
1000000US500059573001021,1,1,0
1000000US500059573001022,1,1,0
1000000US500059573001023,2,2,0
1000000US500059573001024,0,0,0
1000000US500059573001025,0,0,0
1000000US500059573001026,30,28,2
1000000US500059573001027,9,9,0
1000000US500059573001028,1,1,0
1000000US500059573001029,2,2,0
1000000US500059573001030,1,1,0
1000000US500059573001031,0,0,0
1000000US500059573001032,1,1,0
1000000US500059573002000,2,1,1
1000000US500059573002001,2,2,0
1000000US500059573002002,24,21,3
1000000US500059573002003,0,0,0
1000000US500059573002004,0,0,0
1000000US500059573002005,0,0,0
1000000US500059573002006,14,14,0
1000000US500059573002007,0,0,0
1000000US500059573002008,0,0,0
1000000US500059573002009,0,0,0
1000000US500059573002010,0,0,0
1000000US500059573002011,0,0,0
1000000US500059573002012,8,8,0
1000000US500059573002013,0,0,0
1000000US500059573002014,0,0,0
1000000US500059573002015,33,32,1
1000000US500059573002016,2,2,0
1000000US500059573002017,0,0,0
1000000US500059573002018,0,0,0
1000000US500059573002019,44,41,3
1000000US500059573002020,0,0,0
1000000US500059573002021,5,4,1
1000000US500059573002022,0,0,0
1000000US500059573002023,40,31,9
1000000US500059573002024,43,43,0
1000000US500059573002025,17,16,1
1000000US500059573002026,34,30,4
1000000US500059573002027,18,17,1
1000000US500059573002028,0,0,0
1000000US500059573002029,0,0,0
1000000US500059573002030,0,0,0
1000000US500059573002031,0,0,0
1000000US500059573002032,0,0,0
1000000US500059573002033,24,22,2
1000000US500059573002034,0,0,0
1000000US500059573002035,0,0,0
1000000US500059573002036,0,0,0
1000000US500059573002037,0,0,0
1000000US500059573002038,0,0,0
1000000US500059573002039,1,1,0
1000000US500059573002040,0,0,0
1000000US500059573002041,2,2,0
1000000US500059573002042,0,0,0
1000000US500059573003000,0,0,0
1000000US500059573003001,12,12,0
1000000US500059573003002,2,2,0
1000000US500059573003003,1,1,0
1000000US500059573003004,0,0,0
1000000US500059573003005,0,0,0
1000000US500059573003006,0,0,0
1000000US500059573003007,1,1,0
1000000US500059573003008,4,4,0
1000000US500059573003009,0,0,0
1000000US500059573003010,0,0,0
1000000US500059573003011,1,1,0
1000000US500059573003012,0,0,0
1000000US500059573003013,0,0,0
1000000US500059573003014,17,16,1
1000000US500059573003015,4,4,0
1000000US500059573003016,5,5,0
1000000US500059573003017,3,3,0
1000000US500059573003018,4,3,1
1000000US500059573003019,15,14,1
1000000US500059573003020,2,2,0
1000000US500059573003021,40,37,3
1000000US500059573003022,4,4,0
1000000US500059573003023,9,8,1
1000000US500059573003024,0,0,0
1000000US500059573003025,2,1,1
1000000US500059573003026,3,3,0
1000000US500059573003027,3,2,1
1000000US500059573003028,35,32,3
1000000US500059573003029,0,0,0
1000000US500059573003030,0,0,0
1000000US500059573003031,5,4,1
1000000US500059573003032,0,0,0
1000000US500059573003033,19,18,1
1000000US500059573003034,15,14,1
1000000US500059573003035,1,1,0
1000000US500059573003036,9,7,2
1000000US500059573003037,0,0,0
1000000US500059573003038,0,0,0
1000000US500059573003039,67,64,3
1000000US500059573003040,1,1,0
1000000US500059573003041,0,0,0
1000000US500059573003042,40,39,1
1000000US500059573003043,6,6,0
1000000US500059573003044,13,12,1
1000000US500059573003045,14,13,1
1000000US500059573003046,16,15,1
1000000US500059573003047,25,18,7
1000000US500059573003048,2,2,0
1000000US500059573003049,2,2,0
1000000US500059573003050,5,5,0
1000000US500059573003051,25,25,0
1000000US500059573003052,0,0,0
1000000US500059573003053,4,4,0
1000000US500059573003054,9,8,1
1000000US500059573003055,3,3,0
1000000US500059573003056,31,26,5
1000000US500059573003057,0,0,0
1000000US500059573003058,0,0,0
1000000US500059573003059,0,0,0
1000000US500059573003060,33,23,10
1000000US500059573003061,0,0,0
1000000US500059573003062,0,0,0
1000000US500059573003063,0,0,0
1000000US500059574001000,0,0,0
1000000US500059574001001,4,4,0
1000000US500059574001002,1,1,0
1000000US500059574001003,0,0,0
1000000US500059574001004,9,8,1
1000000US500059574001005,16,15,1
1000000US500059574001006,0,0,0
1000000US500059574001007,0,0,0
1000000US500059574001008,6,6,0
1000000US500059574001009,0,0,0
1000000US500059574001010,8,8,0
1000000US500059574001011,0,0,0
1000000US500059574001012,0,0,0
1000000US500059574001013,33,31,2
1000000US500059574001014,0,0,0
1000000US500059574001015,7,6,1
1000000US500059574001016,8,3,5
1000000US500059574001017,0,0,0
1000000US500059574001018,4,4,0
1000000US500059574001019,10,10,0
1000000US500059574001020,26,24,2
1000000US500059574001021,43,40,3
1000000US500059574001022,0,0,0
1000000US500059574001023,1,1,0
1000000US500059574001024,0,0,0
1000000US500059574001025,1,1,0
1000000US500059574001026,14,14,0
1000000US500059574001027,2,2,0
1000000US500059574001028,4,3,1
1000000US500059574001029,8,7,1
1000000US500059574001030,1,1,0
1000000US500059574001031,9,9,0
1000000US500059574001032,7,7,0
1000000US500059574001033,0,0,0
1000000US500059574001034,0,0,0
1000000US500059574001035,0,0,0
1000000US500059574001036,0,0,0
1000000US500059574001037,8,8,0
1000000US500059574001038,3,3,0
1000000US500059574001039,0,0,0
1000000US500059574001040,0,0,0
1000000US500059574001041,0,0,0
1000000US500059574001042,28,26,2
1000000US500059574001043,0,0,0
1000000US500059574001044,4,3,1
1000000US500059574001045,13,12,1
1000000US500059574001046,0,0,0
1000000US500059574001047,0,0,0
1000000US500059574001048,0,0,0
1000000US500059574001049,0,0,0
1000000US500059574001050,0,0,0
1000000US500059574001051,0,0,0
1000000US500059574001052,6,4,2
1000000US500059574001053,1,1,0
1000000US500059574001054,0,0,0
1000000US500059574001055,1,1,0
1000000US500059574001056,0,0,0
1000000US500059574001057,114,103,11
1000000US500059574001058,0,0,0
1000000US500059574001059,6,6,0
1000000US500059574001060,0,0,0
1000000US500059574001061,0,0,0
1000000US500059574001062,0,0,0
1000000US500059574001063,0,0,0
1000000US500059574001064,0,0,0
1000000US500059574001065,0,0,0
1000000US500059574001066,0,0,0
1000000US500059574001067,0,0,0
1000000US500059574001068,0,0,0
1000000US500059574001069,0,0,0
1000000US500059574001070,0,0,0
1000000US500059574001071,0,0,0
1000000US500059574001072,0,0,0
1000000US500059574001073,0,0,0
1000000US500059574001074,0,0,0
1000000US500059574001075,0,0,0
1000000US500059574001076,0,0,0
1000000US500059574001077,0,0,0
1000000US500059574001078,1,1,0
1000000US500059574001079,0,0,0
1000000US500059574001080,6,4,2
1000000US500059574001081,2,1,1
1000000US500059574001082,4,4,0
1000000US500059574001083,2,2,0
1000000US500059574001084,0,0,0
1000000US500059574001085,1,1,0
1000000US500059574001086,0,0,0
1000000US500059574001087,0,0,0
1000000US500059574001088,0,0,0
1000000US500059574001089,0,0,0
1000000US500059574001090,0,0,0
1000000US500059574001091,0,0,0
1000000US500059574001092,0,0,0
1000000US500059574001093,4,4,0
1000000US500059574001094,0,0,0
1000000US500059574001095,19,17,2
1000000US500059574001096,0,0,0
1000000US500059574001097,0,0,0
1000000US500059574001098,0,0,0
1000000US500059574001099,0,0,0
1000000US500059574001100,0,0,0
1000000US500059574001101,0,0,0
1000000US500059574001102,0,0,0
1000000US500059574001103,0,0,0
1000000US500059574001104,0,0,0
1000000US500059574001105,6,6,0
1000000US500059574001106,28,27,1
1000000US500059574001107,4,4,0
1000000US500059574001108,0,0,0
1000000US500059574001109,0,0,0
1000000US500059574001110,10,8,2
1000000US500059574001111,0,0,0
1000000US500059574001112,0,0,0
1000000US500059574001113,1,1,0
1000000US500059574001114,16,15,1
1000000US500059574001115,0,0,0
1000000US500059574001116,1,1,0
1000000US500059574001117,0,0,0
1000000US500059574001118,3,3,0
1000000US500059574001119,1,1,0
1000000US500059574001120,0,0,0
1000000US500059574001121,0,0,0
1000000US500059574001122,0,0,0
1000000US500059574001123,0,0,0
1000000US500059574001124,5,5,0
1000000US500059574001125,0,0,0
1000000US500059574001126,0,0,0
1000000US500059574001127,0,0,0
1000000US500059574001128,0,0,0
1000000US500059574001129,0,0,0
1000000US500059574001130,0,0,0
1000000US500059574001131,36,31,5
1000000US500059574001132,0,0,0
1000000US500059574001133,0,0,0
1000000US500059574001134,0,0,0
1000000US500059574001135,0,0,0
1000000US500059574001136,0,0,0
1000000US500059574001137,3,3,0
1000000US500059574001138,2,2,0
1000000US500059574001139,7,7,0
1000000US500059574001140,16,10,6
1000000US500059574001141,0,0,0
1000000US500059574001142,0,0,0
1000000US500059574001143,0,0,0
1000000US500059574001144,0,0,0
1000000US500059574001145,0,0,0
1000000US500059574001146,10,9,1
1000000US500059574001147,0,0,0
1000000US500059574001148,0,0,0
1000000US500059574001149,0,0,0
1000000US500059574001150,0,0,0
1000000US500059574001151,0,0,0
1000000US500059574001152,3,3,0
1000000US500059574001153,0,0,0
1000000US500059574002000,0,0,0
1000000US500059574002001,0,0,0
1000000US500059574002002,0,0,0
1000000US500059574002003,0,0,0
1000000US500059574002004,0,0,0
1000000US500059574002005,46,41,5
1000000US500059574002006,1,1,0
1000000US500059574002007,10,10,0
1000000US500059574002008,4,2,2
1000000US500059574002009,30,26,4
1000000US500059574002010,25,22,3
1000000US500059574002011,13,11,2
1000000US500059574002012,48,46,2
1000000US500059574002013,0,0,0
1000000US500059574002014,62,51,11
1000000US500059574002015,7,7,0
1000000US500059574002016,61,53,8
1000000US500059574002017,0,0,0
1000000US500059574002018,0,0,0
1000000US500059574002019,0,0,0
1000000US500059574002020,0,0,0
1000000US500059574002021,49,42,7
1000000US500059574002022,74,65,9
1000000US500059574002023,68,59,9
1000000US500059574002024,66,54,12
1000000US500059574002025,41,32,9
1000000US500059574002026,2,2,0
1000000US500059574002027,19,17,2
1000000US500059574002028,54,50,4
1000000US500059574002029,19,17,2
1000000US500059574002030,0,0,0
1000000US500059574002031,0,0,0
1000000US500059574002032,0,0,0
1000000US500059574002033,36,31,5
1000000US500059574002034,0,0,0
1000000US500059574002035,7,6,1
1000000US500059574002036,0,0,0
1000000US500059574003000,44,38,6
1000000US500059574003001,23,17,6
1000000US500059574003002,43,40,3
1000000US500059574003003,18,15,3
1000000US500059574003004,20,20,0
1000000US500059574003005,26,23,3
1000000US500059574003006,27,25,2
1000000US500059574003007,9,6,3
1000000US500059574003008,5,5,0
1000000US500059574003009,67,52,15
1000000US500059574003010,35,28,7
1000000US500059574003011,6,6,0
1000000US500059574003012,60,60,0
1000000US500059574003013,0,0,0
1000000US500059574003014,77,62,15
1000000US500059574003015,11,11,0
1000000US500059574003016,0,0,0
1000000US500059574003017,11,11,0
1000000US500059574003018,24,20,4
1000000US500059574003019,9,8,1
1000000US500059574003020,0,0,0
1000000US500059574003021,0,0,0
1000000US500059574003022,0,0,0
1000000US500059574003023,13,12,1
1000000US500059574003024,0,0,0
1000000US500059574003025,0,0,0
1000000US500059574003026,0,0,0
1000000US500059574003027,0,0,0
1000000US500059574003028,1,1,0
1000000US500059574003029,0,0,0
1000000US500059574003030,0,0,0
1000000US500059574003031,15,12,3
1000000US500059575001000,3,3,0
1000000US500059575001001,74,67,7
1000000US500059575001002,1,0,1
1000000US500059575001003,0,0,0
1000000US500059575001004,1,1,0
1000000US500059575001005,0,0,0
1000000US500059575001006,9,8,1
1000000US500059575001007,4,3,1
1000000US500059575001008,0,0,0
1000000US500059575001009,1,1,0
1000000US500059575001010,0,0,0
1000000US500059575001011,1,0,1
1000000US500059575001012,33,32,1
1000000US500059575001013,1,1,0
1000000US500059575001014,0,0,0
1000000US500059575001015,0,0,0
1000000US500059575001016,0,0,0
1000000US500059575001017,4,4,0
1000000US500059575001018,0,0,0
1000000US500059575001019,0,0,0
1000000US500059575001020,0,0,0
1000000US500059575001021,68,63,5
1000000US500059575001022,9,9,0
1000000US500059575001023,25,25,0
1000000US500059575001024,0,0,0
1000000US500059575001025,0,0,0
1000000US500059575001026,38,33,5
1000000US500059575001027,12,9,3
1000000US500059575001028,19,13,6
1000000US500059575001029,0,0,0
1000000US500059575001030,0,0,0
1000000US500059575001031,41,37,4
1000000US500059575001032,0,0,0
1000000US500059575001033,3,3,0
1000000US500059575001034,9,9,0
1000000US500059575001035,14,14,0
1000000US500059575001036,0,0,0
1000000US500059575001037,0,0,0
1000000US500059575001038,7,6,1
1000000US500059575001039,1,1,0
1000000US500059575001040,1,1,0
1000000US500059575001041,7,4,3
1000000US500059575001042,1,1,0
1000000US500059575001043,46,44,2
1000000US500059575001044,56,53,3
1000000US500059575001045,3,3,0
1000000US500059575001046,1,1,0
1000000US500059575001047,1,1,0
1000000US500059575001048,1,0,1
1000000US500059575001049,0,0,0
1000000US500059575001050,0,0,0
1000000US500059575001051,0,0,0
1000000US500059575001052,0,0,0
1000000US500059575001053,14,14,0
1000000US500059575001054,13,13,0
1000000US500059575001055,125,113,12
1000000US500059575001056,4,3,1
1000000US500059575001057,14,14,0
1000000US500059575001058,72,71,1
1000000US500059575001059,0,0,0
1000000US500059575001060,0,0,0
1000000US500059575001061,1,1,0
1000000US500059575001062,9,6,3
1000000US500059575001063,3,3,0
1000000US500059575001064,0,0,0
1000000US500059575001065,0,0,0
1000000US500059575001066,1,1,0
1000000US500059575001067,0,0,0
1000000US500059575001068,0,0,0
1000000US500059575001069,2,2,0
1000000US500059575001070,0,0,0
1000000US500059575001071,0,0,0
1000000US500059575001072,7,6,1
1000000US500059575001073,0,0,0
1000000US500059575001074,0,0,0
1000000US500059575001075,0,0,0
1000000US500059575001076,0,0,0
1000000US500059575001077,0,0,0
1000000US500059575001078,0,0,0
1000000US500059575001079,0,0,0
1000000US500059575001080,2,2,0
1000000US500059575001081,0,0,0
1000000US500059575001082,0,0,0
1000000US500059575001083,0,0,0
1000000US500059575001084,0,0,0
1000000US500059575001085,0,0,0
1000000US500059575002000,1,1,0
1000000US500059575002001,104,94,10
1000000US500059575002002,0,0,0
1000000US500059575002003,0,0,0
1000000US500059575002004,10,8,2
1000000US500059575002005,0,0,0
1000000US500059575002006,3,3,0
1000000US500059575002007,9,9,0
1000000US500059575002008,12,11,1
1000000US500059575002009,0,0,0
1000000US500059575002010,0,0,0
1000000US500059575002011,0,0,0
1000000US500059575002012,0,0,0
1000000US500059575002013,21,21,0
1000000US500059575002014,0,0,0
1000000US500059575002015,5,4,1
1000000US500059575002016,10,10,0
1000000US500059575002017,41,40,1
1000000US500059575002018,7,7,0
1000000US500059575002019,0,0,0
1000000US500059575002020,51,47,4
1000000US500059575002021,28,28,0
1000000US500059575002022,12,11,1
1000000US500059575002023,29,27,2
1000000US500059575002024,0,0,0
1000000US500059575002025,2,1,1
1000000US500059575002026,22,17,5
1000000US500059575002027,1,1,0
1000000US500059575003000,9,9,0
1000000US500059575003001,0,0,0
1000000US500059575003002,0,0,0
1000000US500059575003003,5,5,0
1000000US500059575003004,35,33,2
1000000US500059575003005,21,20,1
1000000US500059575003006,9,7,2
1000000US500059575003007,0,0,0
1000000US500059575003008,0,0,0
1000000US500059575003009,39,32,7
1000000US500059575003010,0,0,0
1000000US500059575003011,32,31,1
1000000US500059575003012,19,15,4
1000000US500059575003013,0,0,0
1000000US500059575003014,6,5,1
1000000US500059575003015,3,3,0
1000000US500059575003016,3,2,1
1000000US500059575003017,0,0,0
1000000US500059575003018,0,0,0
1000000US500059575003019,0,0,0
1000000US500059575003020,17,11,6
1000000US500059575003021,92,83,9
1000000US500059575003022,48,41,7
1000000US500059575003023,63,59,4
1000000US500059575003024,2,1,1
1000000US500059575003025,2,2,0
1000000US500059575003026,0,0,0
1000000US500059575003027,0,0,0
1000000US500059575003028,2,1,1
1000000US500059575003029,54,53,1
1000000US500059575003030,5,5,0
1000000US500059575003031,35,34,1
1000000US500059575003032,0,0,0
1000000US500059575003033,0,0,0
1000000US500059575003034,7,7,0
1000000US500059575003035,0,0,0
1000000US500059575003036,0,0,0
1000000US500059575003037,1,1,0
1000000US500059575003038,0,0,0
1000000US500059575003039,0,0,0
1000000US500059575003040,0,0,0
1000000US500059575003041,0,0,0
1000000US500059576001000,7,6,1
1000000US500059576001001,2,1,1
1000000US500059576001002,5,5,0
1000000US500059576001003,8,5,3
1000000US500059576001004,0,0,0
1000000US500059576001005,0,0,0
1000000US500059576001006,1,1,0
1000000US500059576001007,1,0,1
1000000US500059576001008,12,9,3
1000000US500059576001009,9,8,1
1000000US500059576001010,0,0,0
1000000US500059576001011,2,2,0
1000000US500059576001012,4,2,2
1000000US500059576001013,16,14,2
1000000US500059576001014,18,15,3
1000000US500059576001015,0,0,0
1000000US500059576001016,4,4,0
1000000US500059576001017,26,22,4
1000000US500059576001018,11,10,1
1000000US500059576001019,1,1,0
1000000US500059576001020,0,0,0
1000000US500059576001021,6,4,2
1000000US500059576001022,13,11,2
1000000US500059576001023,9,7,2
1000000US500059576001024,2,1,1
1000000US500059576001025,2,2,0
1000000US500059576001026,10,7,3
1000000US500059576001027,3,0,3
1000000US500059576001028,78,64,14
1000000US500059576001029,0,0,0
1000000US500059576001030,2,2,0
1000000US500059576001031,1,1,0
1000000US500059576001032,0,0,0
1000000US500059576001033,14,14,0
1000000US500059576001034,30,28,2
1000000US500059576001035,7,5,2
1000000US500059576001036,1,1,0
1000000US500059576001037,11,10,1
1000000US500059576001038,0,0,0
1000000US500059576001039,6,5,1
1000000US500059576001040,55,44,11
1000000US500059576001041,1,0,1
1000000US500059576001042,0,0,0
1000000US500059576001043,35,33,2
1000000US500059576001044,0,0,0
1000000US500059576001045,1,1,0
1000000US500059576001046,5,3,2
1000000US500059576001047,5,4,1
1000000US500059576001048,4,2,2
1000000US500059576001049,88,14,74
1000000US500059576001050,4,0,4
1000000US500059576001051,3,0,3
1000000US500059576001052,0,0,0
1000000US500059576001053,2,0,2
1000000US500059576001054,1,0,1
1000000US500059576001055,3,3,0
1000000US500059576001056,3,0,3
1000000US500059576001057,0,0,0
1000000US500059576001058,2,2,0
1000000US500059576001059,0,0,0
1000000US500059576001060,0,0,0
1000000US500059576001061,2,0,2
1000000US500059576001062,4,2,2
1000000US500059576001063,1,0,1
1000000US500059576001064,0,0,0
1000000US500059576001065,4,2,2
1000000US500059576001066,16,15,1
1000000US500059576001067,0,0,0
1000000US500059576001068,0,0,0
1000000US500059576001069,0,0,0
1000000US500059576001070,0,0,0
1000000US500059576001071,0,0,0
1000000US500059576001072,59,5,54
1000000US500059576001073,2,0,2
1000000US500059576001074,4,1,3
1000000US500059576001075,0,0,0
1000000US500059576001076,0,0,0
1000000US500059576001077,0,0,0
1000000US500059576001078,1,1,0
1000000US500059576001079,2,2,0
1000000US500059576001080,9,8,1
1000000US500059576001081,40,39,1
1000000US500059576001082,28,25,3
1000000US500059576001083,7,7,0
1000000US500059576001084,24,23,1
1000000US500059576001085,11,9,2
1000000US500059576001086,1,1,0
1000000US500059576001087,5,4,1
1000000US500059576001088,26,25,1
1000000US500059576001089,8,8,0
1000000US500059576001090,6,6,0
1000000US500059576001091,2,1,1
1000000US500059576001092,3,1,2
1000000US500059576001093,3,2,1
1000000US500059576001094,1,1,0
1000000US500059576001095,1,1,0
1000000US500059576001096,0,0,0
1000000US500059576001097,0,0,0
1000000US500059576002000,15,14,1
1000000US500059576002001,8,5,3
1000000US500059576002002,2,2,0
1000000US500059576002003,0,0,0
1000000US500059576002004,20,17,3
1000000US500059576002005,6,5,1
1000000US500059576002006,7,7,0
1000000US500059576002007,0,0,0
1000000US500059576002008,19,11,8
1000000US500059576002009,1,0,1
1000000US500059576002010,13,10,3
1000000US500059576002011,1,0,1
1000000US500059576002012,16,11,5
1000000US500059576002013,0,0,0
1000000US500059576002014,19,13,6
1000000US500059576002015,36,35,1
1000000US500059576002016,0,0,0
1000000US500059576002017,0,0,0
1000000US500059576002018,7,5,2
1000000US500059576002019,12,10,2
1000000US500059576002020,9,8,1
1000000US500059576002021,5,5,0
1000000US500059576002022,16,14,2
1000000US500059576002023,0,0,0
1000000US500059576002024,0,0,0
1000000US500059576002025,0,0,0
1000000US500059576002026,0,0,0
1000000US500059576002027,8,6,2
1000000US500059576002028,6,3,3
1000000US500059576002029,10,6,4
1000000US500059576002030,0,0,0
1000000US500059576002031,1,0,1
1000000US500059576002032,20,17,3
1000000US500059576002033,0,0,0
1000000US500059576002034,12,10,2
1000000US500059576002035,15,10,5
1000000US500059576002036,0,0,0
1000000US500059576002037,1,1,0
1000000US500059576002038,0,0,0
1000000US500059576002039,0,0,0
1000000US500059576002040,13,10,3
1000000US500059576002041,0,0,0
1000000US500059576002042,0,0,0
1000000US500059576002043,0,0,0
1000000US500059576002044,1,1,0
1000000US500059576002045,1,1,0
1000000US500059576002046,5,5,0
1000000US500059576002047,0,0,0
1000000US500059576002048,0,0,0
1000000US500059576002049,1,1,0
1000000US500059576002050,16,13,3
1000000US500059576002051,0,0,0
1000000US500059576002052,7,4,3
1000000US500059576002053,0,0,0
1000000US500059576002054,2,0,2
1000000US500059576002055,2,1,1
1000000US500059576002056,0,0,0
1000000US500059576002057,10,9,1
1000000US500059576002058,5,3,2
1000000US500059576002059,0,0,0
1000000US500059576002060,0,0,0
1000000US500059576002061,7,6,1
1000000US500059576002062,6,4,2
1000000US500059576002063,17,13,4
1000000US500059576002064,5,3,2
1000000US500059576002065,2,2,0
1000000US500059576002066,20,17,3
1000000US500059576002067,1,1,0
1000000US500059576002068,0,0,0
1000000US500059576002069,3,3,0
1000000US500059576002070,5,4,1
1000000US500059576002071,0,0,0
1000000US500059576002072,4,4,0
1000000US500059576002073,8,7,1
1000000US500059576002074,0,0,0
1000000US500059576002075,4,4,0
1000000US500059576002076,1,1,0
1000000US500059576002077,3,1,2
1000000US500059576002078,1,0,1
1000000US500059576002079,0,0,0
1000000US500059576002080,2,2,0
1000000US500059576002081,2,2,0
1000000US500059576002082,0,0,0
1000000US500059576002083,4,3,1
1000000US500059576002084,0,0,0
1000000US500059576002085,1,1,0
1000000US500059576002086,0,0,0
1000000US500059576002087,12,11,1
1000000US500059576002088,7,4,3
1000000US500059576002089,1,0,1
1000000US500059577001000,1,0,1
1000000US500059577001001,0,0,0
1000000US500059577001002,6,6,0
1000000US500059577001003,0,0,0
1000000US500059577001004,17,17,0
1000000US500059577001005,9,9,0
1000000US500059577001006,8,5,3
1000000US500059577001007,0,0,0
1000000US500059577001008,19,17,2
1000000US500059577001009,0,0,0
1000000US500059577001010,8,5,3
1000000US500059577001011,3,2,1
1000000US500059577001012,4,3,1
1000000US500059577001013,0,0,0
1000000US500059577001014,0,0,0
1000000US500059577001015,0,0,0
1000000US500059577001016,2,2,0
1000000US500059577001017,0,0,0
1000000US500059577001018,0,0,0
1000000US500059577001019,0,0,0
1000000US500059577001020,0,0,0
1000000US500059577001021,0,0,0
1000000US500059577001022,5,4,1
1000000US500059577001023,1,1,0
1000000US500059577001024,32,27,5
1000000US500059577001025,0,0,0
1000000US500059577001026,0,0,0
1000000US500059577001027,0,0,0
1000000US500059577001028,12,10,2
1000000US500059577001029,0,0,0
1000000US500059577001030,2,2,0
1000000US500059577001031,0,0,0
1000000US500059577001032,29,20,9
1000000US500059577001033,0,0,0
1000000US500059577001034,0,0,0
1000000US500059577001035,7,7,0
1000000US500059577001036,0,0,0
1000000US500059577001037,6,5,1
1000000US500059577001038,22,17,5
1000000US500059577001039,20,16,4
1000000US500059577001040,4,3,1
1000000US500059577001041,0,0,0
1000000US500059577001042,1,1,0
1000000US500059577001043,12,11,1
1000000US500059577001044,48,39,9
1000000US500059577001045,5,4,1
1000000US500059577001046,13,11,2
1000000US500059577001047,0,0,0
1000000US500059577001048,0,0,0
1000000US500059577001049,1,1,0
1000000US500059577001050,0,0,0
1000000US500059577001051,13,11,2
1000000US500059577001052,0,0,0
1000000US500059577001053,27,25,2
1000000US500059577001054,2,2,0
1000000US500059577001055,0,0,0
1000000US500059577001056,0,0,0
1000000US500059577001057,1,0,1
1000000US500059577001058,0,0,0
1000000US500059577001059,36,30,6
1000000US500059577001060,8,8,0
1000000US500059577001061,0,0,0
1000000US500059577001062,28,25,3
1000000US500059577001063,0,0,0
1000000US500059577001064,12,9,3
1000000US500059577001065,23,20,3
1000000US500059577001066,18,18,0
1000000US500059577001067,5,4,1
1000000US500059577001068,5,4,1
1000000US500059577001069,10,9,1
1000000US500059577001070,7,7,0
1000000US500059577001071,5,5,0
1000000US500059577001072,13,10,3
1000000US500059577001073,0,0,0
1000000US500059577001074,0,0,0
1000000US500059577001075,1,1,0
1000000US500059577001076,1,1,0
1000000US500059577001077,0,0,0
1000000US500059577001078,0,0,0
1000000US500059577001079,5,5,0
1000000US500059577001080,0,0,0
1000000US500059577001081,0,0,0
1000000US500059577001082,0,0,0
1000000US500059577001083,6,6,0
1000000US500059577001084,0,0,0
1000000US500059577001085,1,1,0
1000000US500059577001086,0,0,0
1000000US500059577001087,11,11,0
1000000US500059577001088,9,7,2
1000000US500059577001089,10,10,0
1000000US500059577001090,2,2,0
1000000US500059577001091,19,18,1
1000000US500059577001092,25,22,3
1000000US500059577001093,8,5,3
1000000US500059577001094,22,20,2
1000000US500059577001095,16,16,0
1000000US500059577001096,0,0,0
1000000US500059577001097,0,0,0
1000000US500059577001098,3,3,0
1000000US500059577001099,0,0,0
1000000US500059577001100,0,0,0
1000000US500059577001101,1,1,0
1000000US500059577001102,0,0,0
1000000US500059577001103,4,4,0
1000000US500059577001104,1,1,0
1000000US500059577001105,0,0,0
1000000US500059577001106,6,5,1
1000000US500059577001107,0,0,0
1000000US500059577001108,2,1,1
1000000US500059577001109,2,2,0
1000000US500059577001110,1,1,0
1000000US500059577001111,5,5,0
1000000US500059577001112,0,0,0
1000000US500059577001113,4,4,0
1000000US500059577001114,0,0,0
1000000US500059577001115,0,0,0
1000000US500059577001116,1,1,0
1000000US500059577001117,4,3,1
1000000US500059577001118,16,14,2
1000000US500059577001119,3,2,1
1000000US500059577001120,3,3,0
1000000US500059577001121,1,1,0
1000000US500059577001122,0,0,0
1000000US500059577001123,0,0,0
1000000US500059577001124,39,34,5
1000000US500059577001125,22,22,0
1000000US500059577001126,5,5,0
1000000US500059577001127,3,3,0
1000000US500059577001128,0,0,0
1000000US500059577002000,33,29,4
1000000US500059577002001,27,23,4
1000000US500059577002002,0,0,0
1000000US500059577002003,18,10,8
1000000US500059577002004,39,31,8
1000000US500059577002005,38,34,4
1000000US500059577002006,6,4,2
1000000US500059577002007,13,12,1
1000000US500059577002008,15,11,4
1000000US500059577002009,8,6,2
1000000US500059577002010,14,11,3
1000000US500059577002011,5,5,0
1000000US500059577002012,36,36,0
1000000US500059577002013,1,1,0
1000000US500059577002014,5,5,0
1000000US500059577002015,6,6,0
1000000US500059577002016,1,1,0
1000000US500059577002017,0,0,0
1000000US500059577002018,0,0,0
1000000US500059577002019,0,0,0
1000000US500059577002020,0,0,0
1000000US500059577002021,0,0,0
1000000US500059577002022,5,5,0
1000000US500059577002023,0,0,0
1000000US500059577002024,0,0,0
1000000US500059577002025,0,0,0
1000000US500059577002026,0,0,0
1000000US500059577002027,0,0,0
1000000US500059577002028,0,0,0
1000000US500059577002029,0,0,0
1000000US500059577002030,0,0,0
1000000US500059577002031,0,0,0
1000000US500059577002032,0,0,0
1000000US500059577002033,5,3,2
1000000US500059577002034,0,0,0
1000000US500059577002035,0,0,0
1000000US500059577002036,0,0,0
1000000US500059577002037,0,0,0
1000000US500059577002038,0,0,0
1000000US500059577002039,0,0,0
1000000US500059577002040,0,0,0
1000000US500059577002041,0,0,0
1000000US500059577002042,6,6,0
1000000US500059577002043,0,0,0
1000000US500059577002044,0,0,0
1000000US500059577002045,0,0,0
1000000US500059577002046,2,1,1
1000000US500059577002047,17,16,1
1000000US500059577002048,92,83,9
1000000US500059577002049,10,10,0
1000000US500059577002050,1,1,0
1000000US500059577002051,12,10,2
1000000US500059577002052,4,4,0
1000000US500059577002053,8,6,2
1000000US500059577002054,0,0,0
1000000US500059577002055,19,17,2
1000000US500059577002056,7,7,0
1000000US500059577002057,1,0,1
1000000US500059577002058,0,0,0
1000000US500059577002059,2,2,0
1000000US500059577002060,3,3,0
1000000US500059577002061,0,0,0
1000000US500059577002062,16,13,3
1000000US500059577002063,33,28,5
1000000US500059577002064,0,0,0
1000000US500059577002065,1,1,0
1000000US500059577002066,7,6,1
1000000US500059577002067,22,19,3
1000000US500059577002068,7,7,0
1000000US500059577002069,8,8,0
1000000US500059577002070,9,9,0
1000000US500059577002071,31,30,1
1000000US500059577002072,6,5,1
1000000US500059577002073,14,13,1
1000000US500059577002074,11,8,3
1000000US500059577002075,0,0,0
1000000US500059577002076,0,0,0
1000000US500059577002077,0,0,0
1000000US500059577002078,10,9,1
1000000US500059577002079,1,0,1
1000000US500059577002080,0,0,0
1000000US500059577002081,0,0,0
1000000US500059577002082,0,0,0
1000000US500059577002083,0,0,0
1000000US500059577002084,1,0,1
1000000US500059577002085,4,2,2
1000000US500059577002086,0,0,0
1000000US500059577002087,11,10,1
1000000US500059578001000,0,0,0
1000000US500059578001001,0,0,0
1000000US500059578001002,0,0,0
1000000US500059578001003,4,1,3
1000000US500059578001004,0,0,0
1000000US500059578001005,1,1,0
1000000US500059578001006,4,3,1
1000000US500059578001007,0,0,0
1000000US500059578001008,0,0,0
1000000US500059578001009,23,18,5
1000000US500059578001010,0,0,0
1000000US500059578001011,6,6,0
1000000US500059578001012,5,3,2
1000000US500059578001013,1,0,1
1000000US500059578001014,7,5,2
1000000US500059578001015,51,28,23
1000000US500059578001016,1,0,1
1000000US500059578001017,2,2,0
1000000US500059578001018,0,0,0
1000000US500059578001019,0,0,0
1000000US500059578001020,18,12,6
1000000US500059578001021,0,0,0
1000000US500059578001022,124,20,104
1000000US500059578001023,3,1,2
1000000US500059578001024,0,0,0
1000000US500059578001025,0,0,0
1000000US500059578001026,7,3,4
1000000US500059578001027,0,0,0
1000000US500059578001028,0,0,0
1000000US500059578001029,1,0,1
1000000US500059578001030,27,1,26
1000000US500059578001031,0,0,0
1000000US500059578001032,0,0,0
1000000US500059578001033,0,0,0
1000000US500059578001034,1,1,0
1000000US500059578001035,3,3,0
1000000US500059578001036,9,6,3
1000000US500059578001037,0,0,0
1000000US500059578001038,12,3,9
1000000US500059578001039,1,1,0
1000000US500059578001040,25,16,9
1000000US500059578001041,0,0,0
1000000US500059578001042,0,0,0
1000000US500059578001043,28,22,6
1000000US500059578001044,0,0,0
1000000US500059578001045,12,10,2
1000000US500059578001046,0,0,0
1000000US500059578001047,5,5,0
1000000US500059578001048,0,0,0
1000000US500059578001049,2,2,0
1000000US500059578001050,8,7,1
1000000US500059578001051,9,6,3
1000000US500059578001052,0,0,0
1000000US500059578001053,0,0,0
1000000US500059578001054,0,0,0
1000000US500059578001055,7,5,2
1000000US500059578001056,2,1,1
1000000US500059578001057,5,4,1
1000000US500059578001058,1,1,0
1000000US500059578001059,12,12,0
1000000US500059578001060,0,0,0
1000000US500059578001061,1,1,0
1000000US500059578001062,12,12,0
1000000US500059578001063,0,0,0
1000000US500059578001064,1,0,1
1000000US500059578001065,4,4,0
1000000US500059578001066,2,0,2
1000000US500059578001067,0,0,0
1000000US500059578001068,2,1,1
1000000US500059578001069,0,0,0
1000000US500059578001070,3,2,1
1000000US500059578001071,0,0,0
1000000US500059578001072,1,1,0
1000000US500059578001073,1,1,0
1000000US500059578001074,0,0,0
1000000US500059578001075,21,17,4
1000000US500059578001076,0,0,0
1000000US500059578001077,0,0,0
1000000US500059578001078,0,0,0
1000000US500059578001079,3,3,0
1000000US500059578001080,1,0,1
1000000US500059578001081,5,5,0
1000000US500059578001082,1,1,0
1000000US500059578001083,0,0,0
1000000US500059578001084,5,5,0
1000000US500059578001085,0,0,0
1000000US500059578001086,0,0,0
1000000US500059578001087,0,0,0
1000000US500059578001088,3,2,1
1000000US500059578001089,0,0,0
1000000US500059578001090,16,13,3
1000000US500059578001091,1,1,0
1000000US500059578001092,4,2,2
1000000US500059578001093,0,0,0
1000000US500059578001094,0,0,0
1000000US500059578001095,3,3,0
1000000US500059578001096,0,0,0
1000000US500059578001097,0,0,0
1000000US500059578001098,0,0,0
1000000US500059578001099,0,0,0
1000000US500059578001100,0,0,0
1000000US500059578001101,0,0,0
1000000US500059578001102,0,0,0
1000000US500059578001103,2,1,1
1000000US500059578001104,1,0,1
1000000US500059578001105,16,14,2
1000000US500059578001106,0,0,0
1000000US500059578001107,1,1,0
1000000US500059578001108,0,0,0
1000000US500059578001109,5,0,5
1000000US500059578001110,0,0,0
1000000US500059578001111,0,0,0
1000000US500059578001112,0,0,0
1000000US500059578001113,0,0,0
1000000US500059578002000,8,5,3
1000000US500059578002001,4,4,0
1000000US500059578002002,0,0,0
1000000US500059578002003,61,19,42
1000000US500059578002004,0,0,0
1000000US500059578002005,0,0,0
1000000US500059578002006,0,0,0
1000000US500059578002007,0,0,0
1000000US500059578002008,7,7,0
1000000US500059578002009,0,0,0
1000000US500059578002010,1,1,0
1000000US500059578002011,3,3,0
1000000US500059578002012,0,0,0
1000000US500059578002013,0,0,0
1000000US500059578002014,0,0,0
1000000US500059578002015,0,0,0
1000000US500059578002016,1,1,0
1000000US500059578002017,0,0,0
1000000US500059578002018,0,0,0
1000000US500059578002019,0,0,0
1000000US500059578002020,16,2,14
1000000US500059578002021,0,0,0
1000000US500059578002022,0,0,0
1000000US500059578002023,5,2,3
1000000US500059578002024,13,1,12
1000000US500059578002025,6,2,4
1000000US500059578002026,0,0,0
1000000US500059578002027,0,0,0
1000000US500059578002028,0,0,0
1000000US500059578002029,0,0,0
1000000US500059578002030,0,0,0
1000000US500059578002031,0,0,0
1000000US500059578002032,0,0,0
1000000US500059578002033,43,8,35
1000000US500059578002034,0,0,0
1000000US500059578002035,0,0,0
1000000US500059578002036,0,0,0
1000000US500059578002037,1,0,1
1000000US500059578002038,0,0,0
1000000US500059578002039,0,0,0
1000000US500059578002040,3,0,3
1000000US500059578002041,1,1,0
1000000US500059578002042,0,0,0
1000000US500059578002043,0,0,0
1000000US500059578002044,0,0,0
1000000US500059578002045,0,0,0
1000000US500059578002046,0,0,0
1000000US500059578002047,0,0,0
1000000US500059578002048,0,0,0
1000000US500059578002049,0,0,0
1000000US500059578002050,8,3,5
1000000US500059578002051,0,0,0
1000000US500059578002052,14,6,8
1000000US500059578002053,15,14,1
1000000US500059578002054,0,0,0
1000000US500059578002055,0,0,0
1000000US500059578002056,1,1,0
1000000US500059578002057,1,1,0
1000000US500059578002058,0,0,0
1000000US500059578002059,0,0,0
1000000US500059578002060,0,0,0
1000000US500059578002061,1,1,0
1000000US500059578002062,0,0,0
1000000US500059578002063,0,0,0
1000000US500059578002064,0,0,0
1000000US500059578002065,22,13,9
1000000US500059578002066,0,0,0
1000000US500059578002067,1,0,1
1000000US500059578002068,0,0,0
1000000US500059578002069,2,1,1
1000000US500059578002070,2,2,0
1000000US500059578002071,8,6,2
1000000US500059578002072,0,0,0
1000000US500059578002073,0,0,0
1000000US500059578002074,0,0,0
1000000US500059578002075,4,4,0
1000000US500059578002076,0,0,0
1000000US500059578002077,0,0,0
1000000US500059578002078,7,5,2
1000000US500059578002079,1,0,1
1000000US500059578002080,1,0,1
1000000US500059578002081,0,0,0
1000000US500059578002082,0,0,0
1000000US500059578002083,0,0,0
1000000US500059578002084,1,1,0
1000000US500059578002085,23,20,3
1000000US500059578002086,1,1,0
1000000US500059578002087,11,8,3
1000000US500059578002088,9,5,4
1000000US500059578002089,0,0,0
1000000US500059578002090,0,0,0
1000000US500059578002091,0,0,0
1000000US500059578002092,7,7,0
1000000US500059578002093,0,0,0
1000000US500059578002094,0,0,0
1000000US500059578002095,0,0,0
1000000US500059578002096,3,3,0
1000000US500059578002097,1,1,0
1000000US500059578002098,0,0,0
1000000US500059578002099,1,1,0
1000000US500059578002100,6,5,1
1000000US500059578002101,0,0,0
1000000US500059578002102,3,2,1
1000000US500059578002103,7,4,3
1000000US500059578002104,1,1,0
1000000US500059578002105,0,0,0
1000000US500059578002106,0,0,0
1000000US500059578002107,3,2,1
1000000US500059578002108,0,0,0
1000000US500059578002109,8,7,1
1000000US500059578002110,53,43,10
1000000US500059578002111,2,2,0
1000000US500059578002112,0,0,0
1000000US500059578002113,6,5,1
1000000US500059578002114,6,5,1
1000000US500059578002115,2,2,0
1000000US500059578002116,0,0,0
1000000US500059578002117,5,4,1
1000000US500059578002118,0,0,0
1000000US500059578002119,7,4,3
1000000US500059578002120,1,1,0
1000000US500059578002121,12,11,1
1000000US500059578002122,10,10,0
1000000US500059578002123,0,0,0
1000000US500059578002124,4,3,1
1000000US500059578002125,3,3,0
1000000US500059578002126,1,1,0
1000000US500059578002127,0,0,0
1000000US500059578002128,3,3,0
1000000US500059578002129,7,6,1
1000000US500059578002130,0,0,0
1000000US500059578002131,2,2,0
1000000US500059578002132,2,0,2
1000000US500059578002133,12,10,2
1000000US500059578002134,0,0,0
1000000US500059578002135,13,11,2
1000000US500059578002136,4,4,0
1000000US500059578002137,29,28,1
1000000US500059578002138,0,0,0
1000000US500059578002139,18,17,1
1000000US500059578002140,12,11,1
1000000US500059578002141,0,0,0
1000000US500059578002142,0,0,0
1000000US500059578002143,1,1,0
1000000US500059578002144,0,0,0
1000000US500059578002145,4,4,0
1000000US500059578002146,0,0,0
1000000US500059578002147,1,1,0
1000000US500059578002148,7,6,1
1000000US500059578002149,0,0,0
1000000US500059578002150,0,0,0
1000000US500059578002151,0,0,0
1000000US500059578002152,0,0,0
1000000US500059578002153,1,0,1
1000000US500059578002154,0,0,0
1000000US500059578002155,0,0,0
1000000US500059578002156,0,0,0
1000000US500059578002157,0,0,0
1000000US500059578002158,17,14,3
1000000US500059578002159,1,1,0
1000000US500059578002160,1,1,0
1000000US500059578002161,5,2,3
1000000US500059578002162,4,3,1
1000000US500059578002163,1,0,1
1000000US500059578002164,0,0,0
1000000US500059578002165,1,1,0
1000000US500059578002166,4,2,2
1000000US500059578002167,0,0,0
1000000US500059578002168,3,0,3
1000000US500059578002169,5,5,0
1000000US500059578002170,0,0,0
1000000US500059578002171,7,2,5
1000000US500059578002172,0,0,0
1000000US500059578002173,13,2,11
1000000US500059578002174,3,1,2
1000000US500059578002175,0,0,0
1000000US500059578002176,0,0,0
1000000US500059578002177,0,0,0
1000000US500059578003000,0,0,0
1000000US500059578003001,0,0,0
1000000US500059578003002,4,4,0
1000000US500059578003003,22,19,3
1000000US500059578003004,0,0,0
1000000US500059578003005,4,3,1
1000000US500059578003006,0,0,0
1000000US500059578003007,0,0,0
1000000US500059578003008,1,1,0
1000000US500059578003009,0,0,0
1000000US500059578003010,0,0,0
1000000US500059578003011,0,0,0
1000000US500059578003012,1,0,1
1000000US500059578003013,13,5,8
1000000US500059578003014,0,0,0
1000000US500059578003015,1,1,0
1000000US500059578003016,0,0,0
1000000US500059578003017,0,0,0
1000000US500059578003018,0,0,0
1000000US500059578003019,0,0,0
1000000US500059578003020,38,24,14
1000000US500059578003021,0,0,0
1000000US500059578003022,4,3,1
1000000US500059578003023,9,6,3
1000000US500059578003024,11,8,3
1000000US500059578003025,4,3,1
1000000US500059578003026,2,2,0
1000000US500059578003027,7,4,3
1000000US500059578003028,0,0,0
1000000US500059578003029,0,0,0
1000000US500059578003030,3,2,1
1000000US500059578003031,36,29,7
1000000US500059578003032,0,0,0
1000000US500059578003033,10,9,1
1000000US500059578003034,13,11,2
1000000US500059578003035,10,6,4
1000000US500059578003036,0,0,0
1000000US500059578003037,3,2,1
1000000US500059578003038,1,0,1
1000000US500059578003039,1,0,1
1000000US500059578003040,3,3,0
1000000US500059578003041,1,1,0
1000000US500059578003042,0,0,0
1000000US500059578003043,2,2,0
1000000US500059578003044,0,0,0
1000000US500059578003045,16,12,4
1000000US500059578003046,0,0,0
1000000US500059578003047,5,4,1
1000000US500059578003048,41,33,8
1000000US500059578003049,0,0,0
1000000US500059578003050,4,4,0
1000000US500059578003051,0,0,0
1000000US500059578003052,22,4,18
1000000US500059578003053,53,42,11
1000000US500059578003054,0,0,0
1000000US500059578003055,24,18,6
1000000US500059578003056,0,0,0
1000000US500059578003057,6,4,2
1000000US500059578003058,14,9,5
1000000US500059578003059,0,0,0
1000000US500059578003060,2,2,0
1000000US500059578003061,0,0,0
1000000US500059578003062,0,0,0
1000000US500059578003063,0,0,0
1000000US500059578003064,0,0,0
1000000US500059578003065,0,0,0
1000000US500059578003066,0,0,0
1000000US500059578003067,6,6,0
1000000US500059578003068,10,10,0
1000000US500059578003069,2,1,1
1000000US500059578003070,0,0,0
1000000US500059578003071,18,17,1
1000000US500059578003072,2,2,0
1000000US500059578003073,3,2,1
1000000US500059578003074,1,1,0
1000000US500059578003075,5,5,0
1000000US500059578003076,0,0,0
1000000US500059578003077,14,14,0
1000000US500059578003078,0,0,0
1000000US500059578003079,1,1,0
1000000US500059578003080,0,0,0
1000000US500059578003081,12,6,6
1000000US500059578003082,14,13,1
1000000US500059578003083,7,6,1
1000000US500059578003084,14,11,3
1000000US500059578003085,27,24,3
1000000US500059578003086,3,3,0
1000000US500059578003087,3,3,0
1000000US500059578003088,2,2,0
1000000US500059578003089,0,0,0
1000000US500059578003090,0,0,0
1000000US500059578003091,0,0,0
1000000US500059578003092,0,0,0
1000000US500059578003093,0,0,0
1000000US500059578003094,0,0,0
1000000US500059578003095,0,0,0
1000000US500059578003096,1,1,0
1000000US500059578003097,2,2,0
1000000US500059578003098,0,0,0
1000000US500059578003099,0,0,0
1000000US500059578003100,0,0,0
1000000US500059578003101,21,17,4
1000000US500059578003102,0,0,0
1000000US500059578003103,0,0,0
1000000US500059578003104,6,4,2
1000000US500059578003105,5,5,0
1000000US500059578003106,3,3,0
1000000US500059578003107,0,0,0
1000000US500059578003108,0,0,0
1000000US500059578003109,5,5,0
1000000US500059578003110,9,9,0
1000000US500059578003111,25,18,7
1000000US500059578003112,0,0,0
1000000US500059578003113,0,0,0
1000000US500059578003114,1,0,1
1000000US500059578003115,6,6,0
1000000US500059578003116,0,0,0
1000000US500059578003117,0,0,0
1000000US500059578003118,0,0,0
1000000US500059578003119,1,1,0
1000000US500059579001000,22,21,1
1000000US500059579001001,1,1,0
1000000US500059579001002,9,9,0
1000000US500059579001003,0,0,0
1000000US500059579001004,0,0,0
1000000US500059579001005,1,1,0
1000000US500059579001006,1,0,1
1000000US500059579001007,2,2,0
1000000US500059579001008,2,2,0
1000000US500059579001009,2,2,0
1000000US500059579001010,1,1,0
1000000US500059579001011,3,3,0
1000000US500059579001012,0,0,0
1000000US500059579001013,0,0,0
1000000US500059579001014,0,0,0
1000000US500059579001015,0,0,0
1000000US500059579001016,0,0,0
1000000US500059579001017,0,0,0
1000000US500059579001018,0,0,0
1000000US500059579001019,1,1,0
1000000US500059579001020,0,0,0
1000000US500059579001021,22,21,1
1000000US500059579001022,0,0,0
1000000US500059579001023,0,0,0
1000000US500059579001024,0,0,0
1000000US500059579001025,26,24,2
1000000US500059579001026,23,23,0
1000000US500059579001027,0,0,0
1000000US500059579001028,0,0,0
1000000US500059579001029,3,3,0
1000000US500059579001030,12,11,1
1000000US500059579001031,2,1,1
1000000US500059579001032,12,12,0
1000000US500059579001033,0,0,0
1000000US500059579001034,0,0,0
1000000US500059579001035,12,11,1
1000000US500059579001036,67,61,6
1000000US500059579001037,0,0,0
1000000US500059579001038,32,25,7
1000000US500059579001039,11,10,1
1000000US500059579001040,18,16,2
1000000US500059579001041,0,0,0
1000000US500059579001042,6,5,1
1000000US500059579001043,28,28,0
1000000US500059579001044,0,0,0
1000000US500059579001045,0,0,0
1000000US500059579001046,11,11,0
1000000US500059579001047,11,11,0
1000000US500059579001048,14,11,3
1000000US500059579001049,8,7,1
1000000US500059579001050,3,3,0
1000000US500059579001051,0,0,0
1000000US500059579001052,0,0,0
1000000US500059579001053,0,0,0
1000000US500059579001054,1,1,0
1000000US500059579001055,0,0,0
1000000US500059579001056,0,0,0
1000000US500059579001057,0,0,0
1000000US500059579001058,0,0,0
1000000US500059579001059,0,0,0
1000000US500059579001060,0,0,0
1000000US500059579001061,0,0,0
1000000US500059579001062,0,0,0
1000000US500059579001063,33,25,8
1000000US500059579001064,0,0,0
1000000US500059579001065,0,0,0
1000000US500059579001066,1,1,0
1000000US500059579001067,0,0,0
1000000US500059579001068,1,1,0
1000000US500059579001069,0,0,0
1000000US500059579001070,0,0,0
1000000US500059579001071,0,0,0
1000000US500059579001072,0,0,0
1000000US500059579001073,10,10,0
1000000US500059579001074,0,0,0
1000000US500059579001075,1,1,0
1000000US500059579001076,0,0,0
1000000US500059579001077,0,0,0
1000000US500059579001078,5,4,1
1000000US500059579001079,15,14,1
1000000US500059579001080,4,4,0
1000000US500059579001081,0,0,0
1000000US500059579001082,0,0,0
1000000US500059579001083,6,6,0
1000000US500059579001084,18,16,2
1000000US500059579001085,8,6,2
1000000US500059579001086,0,0,0
1000000US500059579001087,0,0,0
1000000US500059579001088,0,0,0
1000000US500059579001089,0,0,0
1000000US500059579001090,0,0,0
1000000US500059579001091,2,2,0
1000000US500059579001092,2,2,0
1000000US500059579001093,0,0,0
1000000US500059579001094,0,0,0
1000000US500059579001095,0,0,0
1000000US500059579001096,0,0,0
1000000US500059579001097,0,0,0
1000000US500059579001098,0,0,0
1000000US500059579001099,1,1,0
1000000US500059579001100,0,0,0
1000000US500059579001101,16,5,11
1000000US500059579001102,3,2,1
1000000US500059579001103,1,1,0
1000000US500059579001104,7,2,5
1000000US500059579001105,19,14,5
1000000US500059579001106,1,0,1
1000000US500059579001107,0,0,0
1000000US500059579001108,1,0,1
1000000US500059579001109,14,12,2
1000000US500059579001110,0,0,0
1000000US500059579001111,3,1,2
1000000US500059579001112,2,1,1
1000000US500059579001113,1,1,0
1000000US500059579001114,0,0,0
1000000US500059579001115,0,0,0
1000000US500059579001116,0,0,0
1000000US500059579001117,0,0,0
1000000US500059579001118,2,2,0
1000000US500059579001119,3,3,0
1000000US500059579001120,0,0,0
1000000US500059579001121,5,5,0
1000000US500059579001122,3,2,1
1000000US500059579001123,1,0,1
1000000US500059579001124,7,7,0
1000000US500059579001125,1,1,0
1000000US500059579001126,3,3,0
1000000US500059579001127,6,5,1
1000000US500059579001128,5,5,0
1000000US500059579001129,0,0,0
1000000US500059579001130,0,0,0
1000000US500059579001131,2,2,0
1000000US500059579001132,0,0,0
1000000US500059579001133,0,0,0
1000000US500059579001134,0,0,0
1000000US500059579001135,0,0,0
1000000US500059579002000,22,20,2
1000000US500059579002001,0,0,0
1000000US500059579002002,0,0,0
1000000US500059579002003,1,1,0
1000000US500059579002004,1,0,1
1000000US500059579002005,16,14,2
1000000US500059579002006,2,1,1
1000000US500059579002007,1,1,0
1000000US500059579002008,4,4,0
1000000US500059579002009,16,14,2
1000000US500059579002010,0,0,0
1000000US500059579002011,0,0,0
1000000US500059579002012,18,16,2
1000000US500059579002013,1,1,0
1000000US500059579002014,0,0,0
1000000US500059579002015,0,0,0
1000000US500059579002016,7,6,1
1000000US500059579002017,3,3,0
1000000US500059579002018,0,0,0
1000000US500059579002019,2,0,2
1000000US500059579002020,4,2,2
1000000US500059579002021,2,2,0
1000000US500059579002022,16,11,5
1000000US500059579002023,0,0,0
1000000US500059579002024,0,0,0
1000000US500059579002025,0,0,0
1000000US500059579002026,1,1,0
1000000US500059579002027,0,0,0
1000000US500059579002028,1,1,0
1000000US500059579002029,2,1,1
1000000US500059579002030,0,0,0
1000000US500059579002031,21,20,1
1000000US500059579002032,0,0,0
1000000US500059579002033,5,5,0
1000000US500059579002034,0,0,0
1000000US500059579002035,5,4,1
1000000US500059579002036,7,3,4
1000000US500059579002037,4,0,4
1000000US500059579002038,8,7,1
1000000US500059579002039,0,0,0
1000000US500059579002040,0,0,0
1000000US500059579002041,1,1,0
1000000US500059579002042,17,15,2
1000000US500059579002043,0,0,0
1000000US500059579002044,0,0,0
1000000US500059579002045,0,0,0
1000000US500059579002046,2,2,0
1000000US500059579002047,2,2,0
1000000US500059579002048,0,0,0
1000000US500059579002049,0,0,0
1000000US500059579002050,7,7,0
1000000US500059579002051,9,9,0
1000000US500059579002052,0,0,0
1000000US500059579002053,0,0,0
1000000US500059579002054,0,0,0
1000000US500059579002055,0,0,0
1000000US500059579002056,1,1,0
1000000US500059579002057,10,7,3
1000000US500059579002058,0,0,0
1000000US500059579002059,0,0,0
1000000US500059579002060,0,0,0
1000000US500059579002061,1,0,1
1000000US500059579002062,0,0,0
1000000US500059579002063,8,6,2
1000000US500059579002064,2,2,0
1000000US500059579002065,1,0,1
1000000US500059579002066,0,0,0
1000000US500059579002067,5,5,0
1000000US500059579002068,1,1,0
1000000US500059579002069,0,0,0
1000000US500059579002070,1,1,0
1000000US500059579002071,0,0,0
1000000US500059579002072,0,0,0
1000000US500059579002073,5,4,1
1000000US500059579002074,1,1,0
1000000US500059579002075,0,0,0
1000000US500059579002076,0,0,0
1000000US500059579002077,23,20,3
1000000US500059579002078,2,2,0
1000000US500059579002079,4,3,1
1000000US500059579002080,0,0,0
1000000US500059579002081,11,10,1
1000000US500059579002082,0,0,0
1000000US500059579002083,0,0,0
1000000US500059579002084,0,0,0
1000000US500059579002085,0,0,0
1000000US500059579002086,0,0,0
1000000US500059579002087,1,1,0
1000000US500059579002088,0,0,0
1000000US500059579002089,0,0,0
1000000US500059579002090,7,4,3
1000000US500059579002091,0,0,0
1000000US500059579002092,0,0,0
1000000US500059579002093,0,0,0
1000000US500059579002094,0,0,0
1000000US500059579002095,4,4,0
1000000US500059579002096,1,0,1
1000000US500059579002097,0,0,0
1000000US500059579002098,0,0,0
1000000US500059579002099,0,0,0
1000000US500059579002100,0,0,0
1000000US500059579002101,0,0,0
1000000US500059579002102,0,0,0
1000000US500059579002103,0,0,0
1000000US500059579002104,0,0,0
1000000US500059579002105,0,0,0
1000000US500059579002106,0,0,0
1000000US500059579002107,4,4,0
1000000US500059579002108,0,0,0
1000000US500059579002109,0,0,0
1000000US500059579002110,0,0,0
1000000US500059579002111,9,8,1
1000000US500059579002112,0,0,0
1000000US500059579002113,0,0,0
1000000US500059579002114,0,0,0
1000000US500059579002115,7,7,0
1000000US500059579002116,0,0,0
1000000US500059579002117,0,0,0
1000000US500059579002118,7,6,1
1000000US500059579002119,0,0,0
1000000US500059579002120,4,4,0
1000000US500059579002121,0,0,0
1000000US500059579002122,2,2,0
1000000US500059579002123,0,0,0
1000000US500059579002124,0,0,0
1000000US500059579002125,4,4,0
1000000US500059579002126,0,0,0
1000000US500059579002127,0,0,0
1000000US500059579002128,0,0,0
1000000US500059579002129,0,0,0
1000000US500059579002130,0,0,0
1000000US500059579002131,1,1,0
1000000US500059579002132,0,0,0
1000000US500059579002133,0,0,0
1000000US500059579002134,0,0,0
1000000US500059579002135,0,0,0
1000000US500059579002136,0,0,0
1000000US500059579002137,0,0,0
1000000US500059579002138,5,4,1
1000000US500059579002139,9,7,2
1000000US500059579002140,0,0,0
1000000US500059579002141,11,8,3
1000000US500059579002142,11,10,1
1000000US500059579002143,5,4,1
1000000US500059579002144,0,0,0
1000000US500059579002145,7,6,1
1000000US500059579002146,0,0,0
1000000US500059579002147,0,0,0
1000000US500059579002148,7,6,1
1000000US500059579002149,12,8,4
1000000US500059579002150,0,0,0
1000000US500059579002151,6,4,2
1000000US500059579002152,0,0,0
1000000US500059579002153,3,2,1
1000000US500059579002154,19,15,4
1000000US500059579002155,0,0,0
1000000US500059579002156,0,0,0
1000000US500059579002157,8,7,1
1000000US500059579002158,0,0,0
1000000US500059579002159,0,0,0
1000000US500059579002160,0,0,0
1000000US500059579002161,2,2,0
1000000US500059579002162,0,0,0
1000000US500059579002163,16,13,3
1000000US500059579002164,2,2,0
1000000US500059579002165,0,0,0
1000000US500059579002166,0,0,0
1000000US500059579002167,0,0,0
1000000US500059579003000,0,0,0
1000000US500059579003001,0,0,0
1000000US500059579003002,0,0,0
1000000US500059579003003,0,0,0
1000000US500059579003004,0,0,0
1000000US500059579003005,0,0,0
1000000US500059579003006,1,1,0
1000000US500059579003007,1,1,0
1000000US500059579003008,0,0,0
1000000US500059579003009,0,0,0
1000000US500059579003010,3,3,0
1000000US500059579003011,5,3,2
1000000US500059579003012,4,2,2
1000000US500059579003013,12,10,2
1000000US500059579003014,2,2,0
1000000US500059579003015,4,4,0
1000000US500059579003016,1,1,0
1000000US500059579003017,1,1,0
1000000US500059579003018,0,0,0
1000000US500059579003019,13,12,1
1000000US500059579003020,2,2,0
1000000US500059579003021,0,0,0
1000000US500059579003022,15,12,3
1000000US500059579003023,0,0,0
1000000US500059579003024,7,3,4
1000000US500059579003025,1,1,0
1000000US500059579003026,8,2,6
1000000US500059579003027,104,25,79
1000000US500059579003028,0,0,0
1000000US500059579003029,3,0,3
1000000US500059579003030,0,0,0
1000000US500059579003031,0,0,0
1000000US500059579003032,22,15,7
1000000US500059579003033,1,0,1
1000000US500059579003034,1,1,0
1000000US500059579003035,29,22,7
1000000US500059579003036,1,1,0
1000000US500059579003037,0,0,0
1000000US500059579003038,0,0,0
1000000US500059579003039,4,3,1
1000000US500059579003040,8,7,1
1000000US500059579003041,16,4,12
1000000US500059579003042,61,12,49
1000000US500059579003043,1,0,1
1000000US500059579003044,0,0,0
1000000US500059579003045,0,0,0
1000000US500059579003046,6,4,2
1000000US500059579003047,0,0,0
1000000US500059579003048,0,0,0
1000000US500059579003049,5,4,1
1000000US500059579003050,3,3,0
1000000US500059579003051,2,2,0
1000000US500059579003052,0,0,0
1000000US500059579003053,0,0,0
1000000US500059579003054,0,0,0
1000000US500059579003055,5,5,0
1000000US500059579003056,0,0,0
1000000US500059579003057,0,0,0
1000000US500059579003058,0,0,0
1000000US500059579003059,0,0,0
1000000US500059579003060,0,0,0
1000000US500059579003061,2,2,0
1000000US500059579003062,14,14,0
1000000US500059579003063,1,1,0
1000000US500059579003064,2,2,0
1000000US500059579003065,0,0,0
1000000US500059579003066,10,10,0
1000000US500059579003067,5,5,0
1000000US500059579003068,4,4,0
1000000US500059579003069,0,0,0
1000000US500059579003070,2,2,0
1000000US500059579003071,9,9,0
1000000US500059579003072,12,9,3
1000000US500059579003073,22,18,4
1000000US500059579003074,0,0,0
1000000US500059579003075,10,9,1
1000000US500059579003076,0,0,0
1000000US500059579003077,2,1,1
1000000US500059579003078,2,2,0
1000000US500059579003079,8,7,1
1000000US500059579003080,4,2,2
1000000US500059579003081,3,2,1
1000000US500059579003082,0,0,0
1000000US500059579003083,2,1,1
1000000US500059579003084,12,11,1
1000000US500059579003085,0,0,0
1000000US500059579003086,2,2,0
1000000US500059579003087,0,0,0
1000000US500059579003088,10,3,7
1000000US500059579003089,2,2,0
1000000US500070001001000,0,0,0
1000000US500070001001001,29,28,1
1000000US500070001001002,2,2,0
1000000US500070001001003,0,0,0
1000000US500070001001004,16,14,2
1000000US500070001001005,12,12,0
1000000US500070001001006,0,0,0
1000000US500070001001007,0,0,0
1000000US500070001001008,298,290,8
1000000US500070001001009,1,1,0
1000000US500070001001010,14,13,1
1000000US500070001001011,28,28,0
1000000US500070001001012,26,25,1
1000000US500070001001013,6,6,0
1000000US500070001001014,61,61,0
1000000US500070001001015,27,27,0
1000000US500070001001016,138,133,5
1000000US500070001001017,28,28,0
1000000US500070001001018,8,8,0
1000000US500070001001019,16,16,0
1000000US500070001001020,30,30,0
1000000US500070001001021,9,9,0
1000000US500070001001022,1,1,0
1000000US500070001001023,22,22,0
1000000US500070001001024,26,26,0
1000000US500070001001025,39,38,1
1000000US500070001001026,14,14,0
1000000US500070001001027,33,33,0
1000000US500070001001028,110,106,4
1000000US500070001001029,28,25,3
1000000US500070001001030,19,19,0
1000000US500070001001031,18,18,0
1000000US500070001001032,20,20,0
1000000US500070001001033,9,9,0
1000000US500070001001034,26,26,0
1000000US500070001002000,185,182,3
1000000US500070001002001,12,12,0
1000000US500070001002002,10,10,0
1000000US500070001002003,25,24,1
1000000US500070001002004,21,21,0
1000000US500070001002005,0,0,0
1000000US500070001002006,31,30,1
1000000US500070001002007,119,114,5
1000000US500070001002008,20,19,1
1000000US500070001002009,13,13,0
1000000US500070001002010,142,140,2
1000000US500070001002011,38,38,0
1000000US500070001002012,13,13,0
1000000US500070001002013,9,8,1
1000000US500070001002014,0,0,0
1000000US500070001002015,0,0,0
1000000US500070001002016,0,0,0
1000000US500070001002017,1,1,0
1000000US500070001002018,12,12,0
1000000US500070001002019,18,16,2
1000000US500070001002020,111,107,4
1000000US500070001002021,23,23,0
1000000US500070001002022,0,0,0
1000000US500070001002023,0,0,0
1000000US500070001002024,0,0,0
1000000US500070001002025,0,0,0
1000000US500070001002026,0,0,0
1000000US500070002001000,95,90,5
1000000US500070002001001,0,0,0
1000000US500070002001002,567,498,69
1000000US500070002001003,0,0,0
1000000US500070002001004,0,0,0
1000000US500070002001005,5,5,0
1000000US500070002001006,8,8,0
1000000US500070002001007,12,12,0
1000000US500070002001008,0,0,0
1000000US500070002001009,0,0,0
1000000US500070002001010,0,0,0
1000000US500070002001011,1,1,0
1000000US500070002001012,17,16,1
1000000US500070002001013,37,36,1
1000000US500070002001014,0,0,0
1000000US500070002002000,78,76,2
1000000US500070002002001,72,67,5
1000000US500070002002002,57,56,1
1000000US500070002002003,193,189,4
1000000US500070002002004,32,32,0
1000000US500070002002005,24,24,0
1000000US500070002002006,12,12,0
1000000US500070002002007,79,78,1
1000000US500070002002008,82,81,1
1000000US500070002003000,210,193,17
1000000US500070002003001,15,15,0
1000000US500070002003002,21,21,0
1000000US500070002003003,66,60,6
1000000US500070002003004,29,28,1
1000000US500070002003005,17,17,0
1000000US500070002003006,10,10,0
1000000US500070002003007,8,8,0
1000000US500070002003008,16,13,3
1000000US500070002003009,0,0,0
1000000US500070002003010,0,0,0
1000000US500070002003011,0,0,0
1000000US500070002003012,0,0,0
1000000US500070002003013,0,0,0
1000000US500070002003014,10,7,3
1000000US500070002003015,2,2,0
1000000US500070002003016,0,0,0
1000000US500070002003017,0,0,0
1000000US500070002003018,0,0,0
1000000US500070002003019,0,0,0
1000000US500070002003020,0,0,0
1000000US500070002003021,0,0,0
1000000US500070002003022,0,0,0
1000000US500070002003023,0,0,0
1000000US500070002003024,0,0,0
1000000US500070002003025,0,0,0
1000000US500070002003026,0,0,0
1000000US500070002003027,0,0,0
1000000US500070002003028,0,0,0
1000000US500070002004000,78,76,2
1000000US500070002004001,7,6,1
1000000US500070002004002,66,61,5
1000000US500070002004003,14,14,0
1000000US500070002004004,8,8,0
1000000US500070002004005,18,18,0
1000000US500070002004006,17,16,1
1000000US500070002004007,9,9,0
1000000US500070002004008,23,21,2
1000000US500070002004009,11,11,0
1000000US500070002004010,16,16,0
1000000US500070002004011,58,55,3
1000000US500070002004012,0,0,0
1000000US500070002004013,0,0,0
1000000US500070002004014,12,12,0
1000000US500070002004015,26,25,1
1000000US500070002004016,12,11,1
1000000US500070002004017,0,0,0
1000000US500070002004018,180,176,4
1000000US500070002004019,0,0,0
1000000US500070002004020,60,58,2
1000000US500070002004021,37,34,3
1000000US500070002004022,0,0,0
1000000US500070002004023,0,0,0
1000000US500070002004024,0,0,0
1000000US500070002004025,0,0,0
1000000US500070002004026,0,0,0
1000000US500070002004027,0,0,0
1000000US500070002004028,0,0,0
1000000US500070002004029,0,0,0
1000000US500070002004030,0,0,0
1000000US500070002004031,0,0,0
1000000US500070002004032,0,0,0
1000000US500070003001000,0,0,0
1000000US500070003001001,0,0,0
1000000US500070003001002,1,1,0
1000000US500070003001003,0,0,0
1000000US500070003001004,0,0,0
1000000US500070003001005,0,0,0
1000000US500070003001006,0,0,0
1000000US500070003001007,0,0,0
1000000US500070003001008,0,0,0
1000000US500070003001009,5,5,0
1000000US500070003001010,54,54,0
1000000US500070003001011,10,9,1
1000000US500070003001012,18,15,3
1000000US500070003001013,41,35,6
1000000US500070003001014,18,17,1
1000000US500070003001015,13,12,1
1000000US500070003001016,0,0,0
1000000US500070003001017,56,51,5
1000000US500070003001018,78,72,6
1000000US500070003001019,18,17,1
1000000US500070003001020,0,0,0
1000000US500070003001021,44,42,2
1000000US500070003001022,15,13,2
1000000US500070003001023,0,0,0
1000000US500070003001024,29,28,1
1000000US500070003001025,49,46,3
1000000US500070003001026,0,0,0
1000000US500070003001027,16,14,2
1000000US500070003001028,96,89,7
1000000US500070003001029,76,74,2
1000000US500070003001030,56,55,1
1000000US500070003001031,49,46,3
1000000US500070003001032,58,55,3
1000000US500070003001033,62,58,4
1000000US500070003002000,18,18,0
1000000US500070003002001,18,18,0
1000000US500070003002002,104,101,3
1000000US500070003002003,17,17,0
1000000US500070003002004,80,77,3
1000000US500070003002005,26,25,1
1000000US500070003002006,59,58,1
1000000US500070003002007,25,25,0
1000000US500070003002008,22,21,1
1000000US500070003002009,24,22,2
1000000US500070003002010,30,28,2
1000000US500070003002011,41,41,0
1000000US500070003002012,24,23,1
1000000US500070003002013,69,65,4
1000000US500070003002014,50,47,3
1000000US500070003002015,3,3,0
1000000US500070003002016,2,2,0
1000000US500070003002017,20,20,0
1000000US500070003002018,0,0,0
1000000US500070003002019,0,0,0
1000000US500070004001000,2,2,0
1000000US500070004001001,79,73,6
1000000US500070004001002,51,51,0
1000000US500070004001003,0,0,0
1000000US500070004001004,58,56,2
1000000US500070004001005,118,112,6
1000000US500070004001006,64,59,5
1000000US500070004001007,110,102,8
1000000US500070004001008,37,36,1
1000000US500070004001009,101,97,4
1000000US500070004002000,66,64,2
1000000US500070004002001,68,66,2
1000000US500070004002002,50,48,2
1000000US500070004002003,39,39,0
1000000US500070004002004,78,76,2
1000000US500070004002005,136,133,3
1000000US500070004002006,125,117,8
1000000US500070004003000,120,113,7
1000000US500070004003001,36,35,1
1000000US500070004003002,133,127,6
1000000US500070004003003,36,35,1
1000000US500070004003004,75,72,3
1000000US500070005001000,22,22,0
1000000US500070005001001,2,2,0
1000000US500070005001002,109,105,4
1000000US500070005001003,0,0,0
1000000US500070005001004,32,32,0
1000000US500070005001005,86,81,5
1000000US500070005001006,34,33,1
1000000US500070005001007,48,42,6
1000000US500070005002000,37,37,0
1000000US500070005002001,39,39,0
1000000US500070005002002,92,91,1
1000000US500070005002003,152,150,2
1000000US500070005002004,115,112,3
1000000US500070005002005,43,43,0
1000000US500070005002006,145,143,2
1000000US500070005002007,199,193,6
1000000US500070005002008,52,49,3
1000000US500070005003000,90,90,0
1000000US500070005003001,64,60,4
1000000US500070005003002,40,39,1
1000000US500070005003003,15,15,0
1000000US500070005003004,81,72,9
1000000US500070005003005,86,80,6
1000000US500070005003006,44,44,0
1000000US500070005003007,71,66,5
1000000US500070005003008,27,26,1
1000000US500070005003009,103,101,2
1000000US500070005003010,3,3,0
1000000US500070006001000,0,0,0
1000000US500070006001001,0,0,0
1000000US500070006001002,10,10,0
1000000US500070006001003,0,0,0
1000000US500070006001004,14,14,0
1000000US500070006001005,0,0,0
1000000US500070006001006,456,418,38
1000000US500070006001007,72,72,0
1000000US500070006001008,18,15,3
1000000US500070006001009,0,0,0
1000000US500070006001010,81,76,5
1000000US500070006001011,55,54,1
1000000US500070006001012,28,26,2
1000000US500070006001013,6,6,0
1000000US500070006001014,62,60,2
1000000US500070006001015,45,45,0
1000000US500070006001016,61,59,2
1000000US500070006001017,261,259,2
1000000US500070006001018,2,2,0
1000000US500070006001019,11,11,0
1000000US500070006001020,64,62,2
1000000US500070006001021,0,0,0
1000000US500070006001022,4,4,0
1000000US500070006001023,0,0,0
1000000US500070006002000,22,22,0
1000000US500070006002001,60,59,1
1000000US500070006002002,22,20,2
1000000US500070006002003,53,49,4
1000000US500070006002004,39,37,2
1000000US500070006002005,115,111,4
1000000US500070006002006,49,49,0
1000000US500070006002007,76,73,3
1000000US500070006002008,55,54,1
1000000US500070006002009,255,247,8
1000000US500070006002010,49,40,9
1000000US500070008001000,22,21,1
1000000US500070008001001,82,80,2
1000000US500070008001002,38,35,3
1000000US500070008001003,133,126,7
1000000US500070008001004,41,40,1
1000000US500070008001005,30,30,0
1000000US500070008001006,57,53,4
1000000US500070008001007,55,52,3
1000000US500070008001008,54,52,2
1000000US500070008001009,118,116,2
1000000US500070008001010,81,77,4
1000000US500070008001011,20,19,1
1000000US500070008001012,21,21,0
1000000US500070008001013,24,24,0
1000000US500070008001014,18,17,1
1000000US500070008001015,29,28,1
1000000US500070008002000,0,0,0
1000000US500070008002001,10,7,3
1000000US500070008002002,164,158,6
1000000US500070008002003,14,14,0
1000000US500070008002004,39,37,2
1000000US500070008002005,12,11,1
1000000US500070008002006,10,10,0
1000000US500070008002007,18,17,1
1000000US500070008002008,12,11,1
1000000US500070008002009,27,27,0
1000000US500070009001000,36,36,0
1000000US500070009001001,55,54,1
1000000US500070009001002,24,24,0
1000000US500070009001003,22,22,0
1000000US500070009001004,38,35,3
1000000US500070009001005,36,35,1
1000000US500070009001006,39,37,2
1000000US500070009001007,40,39,1
1000000US500070009002000,50,50,0
1000000US500070009002001,80,77,3
1000000US500070009002002,53,52,1
1000000US500070009002003,88,83,5
1000000US500070009002004,93,87,6
1000000US500070009002005,49,48,1
1000000US500070009003000,46,46,0
1000000US500070009003001,40,40,0
1000000US500070009003002,210,205,5
1000000US500070009003003,116,112,4
1000000US500070009003004,73,72,1
1000000US500070009003005,64,60,4
1000000US500070010001000,13,13,0
1000000US500070010001001,9,9,0
1000000US500070010001002,124,122,2
1000000US500070010001003,56,48,8
1000000US500070010001004,0,0,0
1000000US500070010001005,41,40,1
1000000US500070010001006,0,0,0
1000000US500070010001007,0,0,0
1000000US500070010001008,0,0,0
1000000US500070010001009,0,0,0
1000000US500070010001010,0,0,0
1000000US500070010001011,0,0,0
1000000US500070010001012,0,0,0
1000000US500070010001013,0,0,0
1000000US500070010001014,110,68,42
1000000US500070010001015,6,6,0
1000000US500070010001016,7,7,0
1000000US500070010001017,0,0,0
1000000US500070010001018,0,0,0
1000000US500070010001019,14,13,1
1000000US500070010001020,4,2,2
1000000US500070010001021,29,25,4
1000000US500070010001022,0,0,0
1000000US500070010001023,34,33,1
1000000US500070010001024,2,1,1
1000000US500070010001025,44,43,1
1000000US500070010001026,78,76,2
1000000US500070010001027,41,38,3
1000000US500070010001028,42,40,2
1000000US500070010001029,96,81,15
1000000US500070010001030,29,29,0
1000000US500070010001031,0,0,0
1000000US500070010001032,8,8,0
1000000US500070010001033,16,8,8
1000000US500070010001034,0,0,0
1000000US500070010001035,0,0,0
1000000US500070010002000,56,55,1
1000000US500070010002001,72,71,1
1000000US500070010002002,14,14,0
1000000US500070010002003,115,114,1
1000000US500070010002004,85,82,3
1000000US500070010002005,1,1,0
1000000US500070010002006,0,0,0
1000000US500070010002007,103,101,2
1000000US500070010002008,137,121,16
1000000US500070010002009,38,36,2
1000000US500070010002010,16,16,0
1000000US500070011001000,30,30,0
1000000US500070011001001,21,20,1
1000000US500070011001002,27,27,0
1000000US500070011001003,8,7,1
1000000US500070011001004,14,14,0
1000000US500070011001005,2,2,0
1000000US500070011001006,12,12,0
1000000US500070011001007,21,20,1
1000000US500070011001008,15,15,0
1000000US500070011001009,18,18,0
1000000US500070011001010,41,40,1
1000000US500070011001011,33,33,0
1000000US500070011001012,18,17,1
1000000US500070011001013,17,15,2
1000000US500070011001014,19,18,1
1000000US500070011001015,13,12,1
1000000US500070011001016,27,27,0
1000000US500070011001017,23,21,2
1000000US500070011001018,16,15,1
1000000US500070011001019,15,15,0
1000000US500070011001020,114,114,0
1000000US500070011001021,24,24,0
1000000US500070011001022,22,22,0
1000000US500070011001023,38,38,0
1000000US500070011001024,39,39,0
1000000US500070011001025,1,1,0
1000000US500070011001026,18,18,0
1000000US500070011001027,3,3,0
1000000US500070011001028,0,0,0
1000000US500070011001029,0,0,0
1000000US500070011002000,58,54,4
1000000US500070011002001,0,0,0
1000000US500070011002002,15,13,2
1000000US500070011002003,300,278,22
1000000US500070011002004,23,21,2
1000000US500070011002005,44,41,3
1000000US500070011002006,38,33,5
1000000US500070011002007,0,0,0
1000000US500070011002008,0,0,0
1000000US500070021011000,0,0,0
1000000US500070021011001,0,0,0
1000000US500070021011002,37,37,0
1000000US500070021011003,11,10,1
1000000US500070021011004,24,23,1
1000000US500070021011005,0,0,0
1000000US500070021011006,4,4,0
1000000US500070021011007,18,17,1
1000000US500070021011008,20,4,16
1000000US500070021011009,2,2,0
1000000US500070021011010,52,50,2
1000000US500070021011011,9,8,1
1000000US500070021011012,68,27,41
1000000US500070021011013,0,0,0
1000000US500070021011014,1,1,0
1000000US500070021011015,8,0,8
1000000US500070021011016,0,0,0
1000000US500070021011017,0,0,0
1000000US500070021011018,17,4,13
1000000US500070021011019,0,0,0
1000000US500070021011020,0,0,0
1000000US500070021011021,1,0,1
1000000US500070021011022,63,29,34
1000000US500070021011023,8,5,3
1000000US500070021011024,22,12,10
1000000US500070021011025,0,0,0
1000000US500070021011026,75,71,4
1000000US500070021011027,8,7,1
1000000US500070021011028,41,40,1
1000000US500070021011029,0,0,0
1000000US500070021011030,14,13,1
1000000US500070021011031,39,38,1
1000000US500070021011032,0,0,0
1000000US500070021011033,0,0,0
1000000US500070021011034,4,4,0
1000000US500070021011035,12,11,1
1000000US500070021011036,1,1,0
1000000US500070021011037,0,0,0
1000000US500070021011038,40,36,4
1000000US500070021011039,0,0,0
1000000US500070021011040,20,19,1
1000000US500070021011041,0,0,0
1000000US500070021011042,0,0,0
1000000US500070021011043,0,0,0
1000000US500070021011044,0,0,0
1000000US500070021011045,0,0,0
1000000US500070021011046,0,0,0
1000000US500070021011047,0,0,0
1000000US500070021011048,0,0,0
1000000US500070021011049,0,0,0
1000000US500070021011050,0,0,0
1000000US500070021011051,0,0,0
1000000US500070021011052,0,0,0
1000000US500070021011053,0,0,0
1000000US500070021011054,0,0,0
1000000US500070021011055,0,0,0
1000000US500070021011056,1,0,1
1000000US500070021011057,0,0,0
1000000US500070021011058,21,18,3
1000000US500070021011059,0,0,0
1000000US500070021011060,0,0,0
1000000US500070021011061,0,0,0
1000000US500070021011062,0,0,0
1000000US500070021011063,0,0,0
1000000US500070021011064,1,1,0
1000000US500070021011065,7,4,3
1000000US500070021011066,0,0,0
1000000US500070021012000,0,0,0
1000000US500070021012001,22,20,2
1000000US500070021012002,61,61,0
1000000US500070021012003,16,15,1
1000000US500070021012004,2,2,0
1000000US500070021012005,18,18,0
1000000US500070021012006,23,22,1
1000000US500070021012007,0,0,0
1000000US500070021012008,12,11,1
1000000US500070021012009,0,0,0
1000000US500070021012010,67,65,2
1000000US500070021012011,99,95,4
1000000US500070021012012,5,5,0
1000000US500070021012013,0,0,0
1000000US500070021012014,8,8,0
1000000US500070021012015,3,3,0
1000000US500070021012016,0,0,0
1000000US500070021012017,0,0,0
1000000US500070021012018,43,42,1
1000000US500070021012019,17,17,0
1000000US500070021012020,52,52,0
1000000US500070021012021,43,43,0
1000000US500070021012022,7,7,0
1000000US500070021012023,15,15,0
1000000US500070021012024,0,0,0
1000000US500070021012025,0,0,0
1000000US500070021012026,16,16,0
1000000US500070021012027,12,12,0
1000000US500070021012028,5,5,0
1000000US500070021012029,0,0,0
1000000US500070021021000,62,57,5
1000000US500070021021001,0,0,0
1000000US500070021021002,0,0,0
1000000US500070021021003,27,24,3
1000000US500070021021004,6,6,0
1000000US500070021021005,1,1,0
1000000US500070021021006,9,9,0
1000000US500070021021007,2,2,0
1000000US500070021021008,13,13,0
1000000US500070021021009,48,46,2
1000000US500070021021010,0,0,0
1000000US500070021021011,0,0,0
1000000US500070021021012,0,0,0
1000000US500070021021013,0,0,0
1000000US500070021021014,8,8,0
1000000US500070021021015,1,1,0
1000000US500070021021016,8,8,0
1000000US500070021021017,39,39,0
1000000US500070021021018,68,66,2
1000000US500070021021019,65,60,5
1000000US500070021021020,0,0,0
1000000US500070021021021,38,37,1
1000000US500070021021022,0,0,0
1000000US500070021021023,1,1,0
1000000US500070021021024,26,25,1
1000000US500070021021025,31,31,0
1000000US500070021021026,7,7,0
1000000US500070021021027,3,3,0
1000000US500070021021028,2,2,0
1000000US500070021021029,0,0,0
1000000US500070021021030,1,1,0
1000000US500070021021031,1,0,1
1000000US500070021021032,0,0,0
1000000US500070021021033,66,65,1
1000000US500070021021034,15,15,0
1000000US500070021021035,0,0,0
1000000US500070021021036,9,9,0
1000000US500070021021037,0,0,0
1000000US500070021021038,2,2,0
1000000US500070021022000,0,0,0
1000000US500070021022001,0,0,0
1000000US500070021022002,0,0,0
1000000US500070021022003,0,0,0
1000000US500070021022004,0,0,0
1000000US500070021022005,7,7,0
1000000US500070021022006,0,0,0
1000000US500070021022007,0,0,0
1000000US500070021022008,0,0,0
1000000US500070021022009,0,0,0
1000000US500070021022010,254,251,3
1000000US500070021022011,18,17,1
1000000US500070021022012,4,4,0
1000000US500070021022013,1,1,0
1000000US500070021022014,9,9,0
1000000US500070021022015,41,41,0
1000000US500070021022016,0,0,0
1000000US500070021022017,32,29,3
1000000US500070021022018,84,79,5
1000000US500070021022019,6,6,0
1000000US500070021022020,6,6,0
1000000US500070021022021,0,0,0
1000000US500070021022022,0,0,0
1000000US500070021022023,31,30,1
1000000US500070021022024,3,3,0
1000000US500070021022025,3,3,0
1000000US500070021022026,0,0,0
1000000US500070021022027,0,0,0
1000000US500070021022028,7,6,1
1000000US500070021022029,0,0,0
1000000US500070021022030,0,0,0
1000000US500070021022031,16,15,1
1000000US500070021022032,26,23,3
1000000US500070021022033,2,2,0
1000000US500070021023000,99,96,3
1000000US500070021023001,1,1,0
1000000US500070021023002,2,2,0
1000000US500070021023003,1,1,0
1000000US500070021023004,1,1,0
1000000US500070021023005,1,1,0
1000000US500070021023006,11,11,0
1000000US500070021023007,52,51,1
1000000US500070021023008,0,0,0
1000000US500070021023009,0,0,0
1000000US500070021023010,2,2,0
1000000US500070021023011,0,0,0
1000000US500070021023012,0,0,0
1000000US500070021023013,0,0,0
1000000US500070021023014,0,0,0
1000000US500070021023015,2,2,0
1000000US500070021023016,7,7,0
1000000US500070021023017,62,60,2
1000000US500070021023018,0,0,0
1000000US500070021023019,0,0,0
1000000US500070021023020,0,0,0
1000000US500070021023021,0,0,0
1000000US500070021023022,0,0,0
1000000US500070021023023,0,0,0
1000000US500070021023024,0,0,0
1000000US500070021023025,29,28,1
1000000US500070021023026,5,5,0
1000000US500070021023027,24,24,0
1000000US500070021023028,4,4,0
1000000US500070021023029,17,15,2
1000000US500070021023030,3,3,0
1000000US500070021023031,6,6,0
1000000US500070021023032,1,1,0
1000000US500070021023033,0,0,0
1000000US500070021023034,26,24,2
1000000US500070021023035,5,4,1
1000000US500070021023036,57,55,2
1000000US500070021023037,1,1,0
1000000US500070021023038,9,9,0
1000000US500070021023039,19,19,0
1000000US500070021023040,3,3,0
1000000US500070021023041,129,127,2
1000000US500070021023042,7,7,0
1000000US500070021023043,14,14,0
1000000US500070021023044,11,10,1
1000000US500070021023045,22,22,0
1000000US500070021023046,179,179,0
1000000US500070021023047,18,18,0
1000000US500070021023048,25,25,0
1000000US500070021023049,23,23,0
1000000US500070021023050,8,8,0
1000000US500070021023051,23,23,0
1000000US500070021023052,36,35,1
1000000US500070021023053,0,0,0
1000000US500070021023054,1,1,0
1000000US500070021023055,1,1,0
1000000US500070021023056,8,7,1
1000000US500070021023057,0,0,0
1000000US500070021023058,0,0,0
1000000US500070021023059,12,11,1
1000000US500070021023060,55,54,1
1000000US500070021023061,18,18,0
1000000US500070021024000,0,0,0
1000000US500070021024001,15,12,3
1000000US500070021024002,0,0,0
1000000US500070021024003,0,0,0
1000000US500070021024004,0,0,0
1000000US500070021024005,2,2,0
1000000US500070021024006,0,0,0
1000000US500070021024007,80,73,7
1000000US500070021024008,1,0,1
1000000US500070021024009,0,0,0
1000000US500070021024010,0,0,0
1000000US500070021024011,51,50,1
1000000US500070021024012,0,0,0
1000000US500070021024013,16,16,0
1000000US500070021024014,0,0,0
1000000US500070021024015,21,20,1
1000000US500070021024016,0,0,0
1000000US500070021024017,22,22,0
1000000US500070021024018,1,1,0
1000000US500070021024019,50,47,3
1000000US500070021024020,0,0,0
1000000US500070021024021,15,15,0
1000000US500070021024022,76,72,4
1000000US500070021024023,30,29,1
1000000US500070021024024,18,18,0
1000000US500070021024025,0,0,0
1000000US500070021024026,0,0,0
1000000US500070021024027,16,16,0
1000000US500070021024028,2,2,0
1000000US500070021024029,0,0,0
1000000US500070021024030,0,0,0
1000000US500070021024031,0,0,0
1000000US500070021024032,0,0,0
1000000US500070021024033,5,5,0
1000000US500070021024034,1,1,0
1000000US500070021024035,44,38,6
1000000US500070021024036,78,74,4
1000000US500070021024037,17,17,0
1000000US500070021024038,8,8,0
1000000US500070021024039,30,30,0
1000000US500070021024040,112,110,2
1000000US500070021024041,1,1,0
1000000US500070021024042,11,11,0
1000000US500070021024043,9,9,0
1000000US500070021024044,13,13,0
1000000US500070021024045,22,22,0
1000000US500070021024046,7,7,0
1000000US500070021024047,0,0,0
1000000US500070021024048,1,1,0
1000000US500070021024049,11,11,0
1000000US500070021024050,17,17,0
1000000US500070022001000,1,1,0
1000000US500070022001001,19,19,0
1000000US500070022001002,0,0,0
1000000US500070022001003,0,0,0
1000000US500070022001004,1,1,0
1000000US500070022001005,0,0,0
1000000US500070022001006,3,3,0
1000000US500070022001007,0,0,0
1000000US500070022001008,1,1,0
1000000US500070022001009,1,1,0
1000000US500070022001010,8,6,2
1000000US500070022001011,21,20,1
1000000US500070022001012,3,3,0
1000000US500070022001013,3,3,0
1000000US500070022001014,20,20,0
1000000US500070022001015,7,7,0
1000000US500070022001016,6,6,0
1000000US500070022001017,58,57,1
1000000US500070022001018,3,3,0
1000000US500070022001019,0,0,0
1000000US500070022001020,0,0,0
1000000US500070022001021,0,0,0
1000000US500070022001022,2,2,0
1000000US500070022001023,0,0,0
1000000US500070022001024,3,3,0
1000000US500070022001025,12,12,0
1000000US500070022001026,28,28,0
1000000US500070022001027,0,0,0
1000000US500070022001028,0,0,0
1000000US500070022001029,0,0,0
1000000US500070022001030,0,0,0
1000000US500070022001031,0,0,0
1000000US500070022001032,0,0,0
1000000US500070022001033,12,12,0
1000000US500070022001034,0,0,0
1000000US500070022001035,33,32,1
1000000US500070022001036,19,19,0
1000000US500070022001037,6,6,0
1000000US500070022001038,17,16,1
1000000US500070022001039,0,0,0
1000000US500070022001040,0,0,0
1000000US500070022001041,0,0,0
1000000US500070022001042,1,1,0
1000000US500070022001043,65,64,1
1000000US500070022001044,109,104,5
1000000US500070022001045,26,26,0
1000000US500070022001046,16,15,1
1000000US500070022001047,20,20,0
1000000US500070022001048,21,21,0
1000000US500070022001049,4,4,0
1000000US500070022001050,16,16,0
1000000US500070022001051,20,18,2
1000000US500070022001052,2,1,1
1000000US500070022001053,2,2,0
1000000US500070022001054,0,0,0
1000000US500070022001055,1,1,0
1000000US500070022001056,8,8,0
1000000US500070022001057,132,127,5
1000000US500070022001058,16,16,0
1000000US500070022001059,8,8,0
1000000US500070022001060,20,19,1
1000000US500070022001061,72,67,5
1000000US500070022001062,0,0,0
1000000US500070022001063,0,0,0
1000000US500070022001064,12,12,0
1000000US500070022001065,1,1,0
1000000US500070022001066,62,61,1
1000000US500070022001067,0,0,0
1000000US500070022001068,27,26,1
1000000US500070022001069,10,9,1
1000000US500070022001070,0,0,0
1000000US500070022001071,0,0,0
1000000US500070022002000,268,257,11
1000000US500070022002001,9,9,0
1000000US500070022002002,6,6,0
1000000US500070022002003,5,5,0
1000000US500070022002004,0,0,0
1000000US500070022002005,6,6,0
1000000US500070022002006,13,13,0
1000000US500070022002007,0,0,0
1000000US500070022002008,7,7,0
1000000US500070022002009,0,0,0
1000000US500070022002010,7,6,1
1000000US500070022002011,13,13,0
1000000US500070022002012,10,10,0
1000000US500070022002013,0,0,0
1000000US500070022002014,7,7,0
1000000US500070022002015,21,20,1
1000000US500070022002016,12,12,0
1000000US500070022002017,15,13,2
1000000US500070022002018,7,7,0
1000000US500070022002019,10,10,0
1000000US500070022002020,0,0,0
1000000US500070022002021,7,7,0
1000000US500070022002022,9,8,1
1000000US500070022002023,24,24,0
1000000US500070022002024,0,0,0
1000000US500070022002025,0,0,0
1000000US500070022002026,0,0,0
1000000US500070022003000,121,48,73
1000000US500070022003001,19,19,0
1000000US500070022003002,0,0,0
1000000US500070022003003,0,0,0
1000000US500070022003004,89,86,3
1000000US500070022003005,5,4,1
1000000US500070022003006,0,0,0
1000000US500070022003007,25,25,0
1000000US500070022003008,13,13,0
1000000US500070022003009,0,0,0
1000000US500070022003010,0,0,0
1000000US500070022003011,0,0,0
1000000US500070022003012,0,0,0
1000000US500070022003013,0,0,0
1000000US500070022003014,0,0,0
1000000US500070022003015,0,0,0
1000000US500070022003016,0,0,0
1000000US500070022003017,0,0,0
1000000US500070022003018,0,0,0
1000000US500070022003019,0,0,0
1000000US500070022003020,0,0,0
1000000US500070022003021,0,0,0
1000000US500070022003022,0,0,0
1000000US500070022003023,0,0,0
1000000US500070022003024,0,0,0
1000000US500070022003025,0,0,0
1000000US500070022003026,0,0,0
1000000US500070022003027,0,0,0
1000000US500070022003028,0,0,0
1000000US500070022003029,0,0,0
1000000US500070022003030,0,0,0
1000000US500070022003031,0,0,0
1000000US500070022003032,0,0,0
1000000US500070022003033,0,0,0
1000000US500070022003034,0,0,0
1000000US500070022003035,0,0,0
1000000US500070022003036,0,0,0
1000000US500070022003037,0,0,0
1000000US500070022003038,0,0,0
1000000US500070022003039,0,0,0
1000000US500070022003040,0,0,0
1000000US500070022003041,0,0,0
1000000US500070022003042,2,2,0
1000000US500070022003043,0,0,0
1000000US500070022003044,0,0,0
1000000US500070022003045,0,0,0
1000000US500070022003046,1,0,1
1000000US500070022003047,0,0,0
1000000US500070022003048,0,0,0
1000000US500070022003049,0,0,0
1000000US500070022003050,0,0,0
1000000US500070022003051,0,0,0
1000000US500070022003052,0,0,0
1000000US500070022003053,0,0,0
1000000US500070022003054,0,0,0
1000000US500070022003055,0,0,0
1000000US500070022003056,0,0,0
1000000US500070022003057,0,0,0
1000000US500070022003058,0,0,0
1000000US500070022003059,0,0,0
1000000US500070022003060,0,0,0
1000000US500070022003061,0,0,0
1000000US500070022003062,0,0,0
1000000US500070022003063,0,0,0
1000000US500070022003064,0,0,0
1000000US500070022003065,0,0,0
1000000US500070022003066,0,0,0
1000000US500070022003067,0,0,0
1000000US500070022003068,0,0,0
1000000US500070022003069,0,0,0
1000000US500070022003070,0,0,0
1000000US500070022003071,79,73,6
1000000US500070022003072,25,23,2
1000000US500070022003073,0,0,0
1000000US500070022003074,0,0,0
1000000US500070022003075,0,0,0
1000000US500070022003076,27,25,2
1000000US500070022003077,0,0,0
1000000US500070022003078,37,33,4
1000000US500070022003079,37,36,1
1000000US500070022003080,64,60,4
1000000US500070022003081,1,1,0
1000000US500070022003082,0,0,0
1000000US500070022003083,0,0,0
1000000US500070022003084,0,0,0
1000000US500070022003085,0,0,0
1000000US500070022003086,0,0,0
1000000US500070022003087,0,0,0
1000000US500070022003088,0,0,0
1000000US500070022003089,22,22,0
1000000US500070022003090,8,8,0
1000000US500070022003091,0,0,0
1000000US500070022003092,0,0,0
1000000US500070022003093,0,0,0
1000000US500070022003094,39,39,0
1000000US500070022003095,0,0,0
1000000US500070022003096,0,0,0
1000000US500070022003097,0,0,0
1000000US500070022003098,0,0,0
1000000US500070022003099,0,0,0
1000000US500070022003100,0,0,0
1000000US500070022003101,0,0,0
1000000US500070022003102,0,0,0
1000000US500070022003103,25,21,4
1000000US500070022003104,0,0,0
1000000US500070022003105,1,1,0
1000000US500070022003106,0,0,0
1000000US500070022003107,0,0,0
1000000US500070022003108,0,0,0
1000000US500070022003109,0,0,0
1000000US500070022003110,0,0,0
1000000US500070022003111,0,0,0
1000000US500070022003112,0,0,0
1000000US500070022003113,0,0,0
1000000US500070022003114,0,0,0
1000000US500070022004000,64,62,2
1000000US500070022004001,19,19,0
1000000US500070022004002,131,128,3
1000000US500070022004003,12,12,0
1000000US500070022004004,1,1,0
1000000US500070022004005,27,26,1
1000000US500070022004006,0,0,0
1000000US500070022004007,6,6,0
1000000US500070022004008,62,58,4
1000000US500070022004009,16,16,0
1000000US500070022004010,14,14,0
1000000US500070022004011,0,0,0
1000000US500070022004012,0,0,0
1000000US500070022004013,157,151,6
1000000US500070022004014,1,0,1
1000000US500070022004015,0,0,0
1000000US500070022004016,9,9,0
1000000US500070022004017,15,14,1
1000000US500070022004018,0,0,0
1000000US500070022004019,81,81,0
1000000US500070022004020,48,48,0
1000000US500070022004021,0,0,0
1000000US500070022004022,3,3,0
1000000US500070022005000,11,10,1
1000000US500070022005001,0,0,0
1000000US500070022005002,0,0,0
1000000US500070022005003,0,0,0
1000000US500070022005004,0,0,0
1000000US500070022005005,6,6,0
1000000US500070022005006,0,0,0
1000000US500070022005007,0,0,0
1000000US500070022005008,0,0,0
1000000US500070022005009,0,0,0
1000000US500070022005010,0,0,0
1000000US500070022005011,0,0,0
1000000US500070022005012,0,0,0
1000000US500070022005013,0,0,0
1000000US500070022005014,113,106,7
1000000US500070022005015,0,0,0
1000000US500070022005016,0,0,0
1000000US500070022005017,0,0,0
1000000US500070022005018,0,0,0
1000000US500070022005019,0,0,0
1000000US500070022005020,0,0,0
1000000US500070022005021,1,1,0
1000000US500070022005022,1,1,0
1000000US500070022005023,0,0,0
1000000US500070022005024,0,0,0
1000000US500070022005025,25,25,0
1000000US500070022005026,11,9,2
1000000US500070022005027,0,0,0
1000000US500070022005028,30,30,0
1000000US500070022005029,0,0,0
1000000US500070022005030,0,0,0
1000000US500070022005031,0,0,0
1000000US500070022005032,0,0,0
1000000US500070022005033,0,0,0
1000000US500070022005034,73,68,5
1000000US500070023011000,0,0,0
1000000US500070023011001,7,3,4
1000000US500070023011002,0,0,0
1000000US500070023011003,7,5,2
1000000US500070023011004,0,0,0
1000000US500070023011005,0,0,0
1000000US500070023011006,49,21,28
1000000US500070023011007,0,0,0
1000000US500070023011008,0,0,0
1000000US500070023011009,0,0,0
1000000US500070023011010,0,0,0
1000000US500070023011011,0,0,0
1000000US500070023011012,0,0,0
1000000US500070023011013,0,0,0
1000000US500070023011014,0,0,0
1000000US500070023011015,192,177,15
1000000US500070023011016,1,1,0
1000000US500070023011017,8,8,0
1000000US500070023011018,10,9,1
1000000US500070023011019,13,6,7
1000000US500070023011020,0,0,0
1000000US500070023011021,47,16,31
1000000US500070023011022,9,9,0
1000000US500070023011023,277,262,15
1000000US500070023011024,0,0,0
1000000US500070023011025,0,0,0
1000000US500070023011026,16,16,0
1000000US500070023011027,0,0,0
1000000US500070023011028,1,1,0
1000000US500070023011029,0,0,0
1000000US500070023011030,16,15,1
1000000US500070023011031,8,8,0
1000000US500070023011032,0,0,0
1000000US500070023011033,0,0,0
1000000US500070023012000,33,31,2
1000000US500070023012001,14,14,0
1000000US500070023012002,11,11,0
1000000US500070023012003,0,0,0
1000000US500070023012004,0,0,0
1000000US500070023012005,0,0,0
1000000US500070023012006,71,60,11
1000000US500070023012007,1,1,0
1000000US500070023012008,0,0,0
1000000US500070023012009,45,36,9
1000000US500070023012010,76,56,20
1000000US500070023012011,0,0,0
1000000US500070023012012,0,0,0
1000000US500070023012013,0,0,0
1000000US500070023012014,0,0,0
1000000US500070023012015,22,20,2
1000000US500070023012016,58,53,5
1000000US500070023012017,0,0,0
1000000US500070023012018,0,0,0
1000000US500070023012019,7,7,0
1000000US500070023012020,8,2,6
1000000US500070023012021,0,0,0
1000000US500070023012022,0,0,0
1000000US500070023012023,0,0,0
1000000US500070023012024,2,1,1
1000000US500070023012025,0,0,0
1000000US500070023012026,3,3,0
1000000US500070023012027,0,0,0
1000000US500070023012028,0,0,0
1000000US500070023012029,0,0,0
1000000US500070023012030,5,5,0
1000000US500070023012031,1,1,0
1000000US500070023012032,0,0,0
1000000US500070023012033,22,21,1
1000000US500070023012034,0,0,0
1000000US500070023012035,0,0,0
1000000US500070023012036,0,0,0
1000000US500070023012037,0,0,0
1000000US500070023012038,0,0,0
1000000US500070023012039,0,0,0
1000000US500070023012040,33,21,12
1000000US500070023012041,0,0,0
1000000US500070023021000,0,0,0
1000000US500070023021001,0,0,0
1000000US500070023021002,0,0,0
1000000US500070023021003,0,0,0
1000000US500070023021004,0,0,0
1000000US500070023021005,0,0,0
1000000US500070023021006,31,6,25
1000000US500070023021007,154,92,62
1000000US500070023021008,20,16,4
1000000US500070023021009,16,10,6
1000000US500070023021010,10,10,0
1000000US500070023021011,0,0,0
1000000US500070023021012,0,0,0
1000000US500070023021013,485,310,175
1000000US500070023021014,0,0,0
1000000US500070023021015,0,0,0
1000000US500070023021016,0,0,0
1000000US500070023021017,4,2,2
1000000US500070023021018,0,0,0
1000000US500070023021019,6,5,1
1000000US500070023021020,5,3,2
1000000US500070023021021,0,0,0
1000000US500070023021022,1,1,0
1000000US500070023021023,18,16,2
1000000US500070023021024,2,2,0
1000000US500070023021025,9,9,0
1000000US500070023021026,0,0,0
1000000US500070023021027,0,0,0
1000000US500070023022000,42,42,0
1000000US500070023022001,1,1,0
1000000US500070023022002,47,44,3
1000000US500070023022003,10,10,0
1000000US500070023022004,8,8,0
1000000US500070023022005,11,10,1
1000000US500070023022006,0,0,0
1000000US500070023022007,2,2,0
1000000US500070023022008,96,94,2
1000000US500070023022009,0,0,0
1000000US500070023022010,36,32,4
1000000US500070023022011,12,12,0
1000000US500070023022012,67,66,1
1000000US500070023022013,0,0,0
1000000US500070023022014,0,0,0
1000000US500070023022015,0,0,0
1000000US500070023022016,0,0,0
1000000US500070023022017,0,0,0
1000000US500070023022018,0,0,0
1000000US500070023022019,0,0,0
1000000US500070023022020,42,40,2
1000000US500070023022021,0,0,0
1000000US500070023022022,0,0,0
1000000US500070023023000,127,123,4
1000000US500070023023001,353,259,94
1000000US500070023023002,55,54,1
1000000US500070023023003,60,59,1
1000000US500070023023004,10,10,0
1000000US500070023023005,29,28,1
1000000US500070023023006,9,6,3
1000000US500070023023007,2,1,1
1000000US500070023023008,27,26,1
1000000US500070023023009,0,0,0
1000000US500070023023010,0,0,0
1000000US500070023023011,0,0,0
1000000US500070023023012,0,0,0
1000000US500070023023013,15,14,1
1000000US500070023023014,13,13,0
1000000US500070023023015,1,1,0
1000000US500070023023016,0,0,0
1000000US500070023023017,17,16,1
1000000US500070023023018,9,8,1
1000000US500070023024000,158,150,8
1000000US500070023024001,0,0,0
1000000US500070023024002,19,18,1
1000000US500070023024003,11,11,0
1000000US500070023024004,8,8,0
1000000US500070023024005,0,0,0
1000000US500070023024006,16,16,0
1000000US500070023024007,46,44,2
1000000US500070023024008,373,367,6
1000000US500070023024009,13,13,0
1000000US500070023024010,14,14,0
1000000US500070023024011,21,21,0
1000000US500070023024012,16,16,0
1000000US500070023024013,11,11,0
1000000US500070023024014,11,11,0
1000000US500070023024015,14,14,0
1000000US500070023024016,0,0,0
1000000US500070023025000,189,177,12
1000000US500070023025001,0,0,0
1000000US500070023025002,0,0,0
1000000US500070023025003,0,0,0
1000000US500070023025004,0,0,0
1000000US500070023025005,0,0,0
1000000US500070023025006,0,0,0
1000000US500070023025007,0,0,0
1000000US500070023025008,0,0,0
1000000US500070023025009,0,0,0
1000000US500070023025010,0,0,0
1000000US500070023025011,8,8,0
1000000US500070023025012,34,34,0
1000000US500070023025013,114,111,3
1000000US500070023025014,11,11,0
1000000US500070023025015,12,11,1
1000000US500070023025016,2,2,0
1000000US500070023025017,69,66,3
1000000US500070023025018,8,8,0
1000000US500070023025019,0,0,0
1000000US500070023025020,0,0,0
1000000US500070023025021,0,0,0
1000000US500070023025022,0,0,0
1000000US500070023025023,0,0,0
1000000US500070023025024,0,0,0
1000000US500070023025025,0,0,0
1000000US500070024001000,26,23,3
1000000US500070024001001,32,31,1
1000000US500070024001002,30,30,0
1000000US500070024001003,112,102,10
1000000US500070024001004,72,71,1
1000000US500070024001005,111,107,4
1000000US500070024001006,63,60,3
1000000US500070024001007,83,80,3
1000000US500070024001008,0,0,0
1000000US500070024002000,77,75,2
1000000US500070024002001,98,94,4
1000000US500070024002002,25,23,2
1000000US500070024002003,45,43,2
1000000US500070024002004,47,43,4
1000000US500070024002005,59,58,1
1000000US500070024002006,22,18,4
1000000US500070024002007,8,8,0
1000000US500070024003000,98,96,2
1000000US500070024003001,22,18,4
1000000US500070024003002,26,26,0
1000000US500070024003003,40,39,1
1000000US500070024003004,43,39,4
1000000US500070024003005,36,34,2
1000000US500070024003006,23,23,0
1000000US500070024003007,53,48,5
1000000US500070024003008,64,60,4
1000000US500070024003009,54,51,3
1000000US500070024003010,25,23,2
1000000US500070024003011,1,1,0
1000000US500070025001000,34,31,3
1000000US500070025001001,40,39,1
1000000US500070025001002,0,0,0
1000000US500070025001003,12,12,0
1000000US500070025001004,0,0,0
1000000US500070025001005,17,17,0
1000000US500070025001006,12,12,0
1000000US500070025001007,7,7,0
1000000US500070025001008,89,85,4
1000000US500070025001009,10,10,0
1000000US500070025001010,63,62,1
1000000US500070025001011,29,28,1
1000000US500070025001012,50,48,2
1000000US500070025001013,0,0,0
1000000US500070025001014,12,12,0
1000000US500070025001015,11,11,0
1000000US500070025001016,10,10,0
1000000US500070025001017,18,18,0
1000000US500070025001018,11,11,0
1000000US500070025001019,27,27,0
1000000US500070025001020,0,0,0
1000000US500070025001021,8,8,0
1000000US500070025001022,6,6,0
1000000US500070025001023,28,24,4
1000000US500070025001024,0,0,0
1000000US500070025001025,0,0,0
1000000US500070025001026,36,36,0
1000000US500070025001027,12,10,2
1000000US500070025001028,15,15,0
1000000US500070025001029,17,16,1
1000000US500070025002000,44,43,1
1000000US500070025002001,43,39,4
1000000US500070025002002,77,77,0
1000000US500070025002003,102,96,6
1000000US500070025002004,43,41,2
1000000US500070025002005,162,162,0
1000000US500070025002006,35,35,0
1000000US500070025002007,18,18,0
1000000US500070025003000,10,10,0
1000000US500070025003001,0,0,0
1000000US500070025003002,0,0,0
1000000US500070025003003,0,0,0
1000000US500070025003004,0,0,0
1000000US500070025003005,0,0,0
1000000US500070025003006,0,0,0
1000000US500070025003007,10,7,3
1000000US500070025003008,0,0,0
1000000US500070025003009,0,0,0
1000000US500070025003010,0,0,0
1000000US500070025003011,22,21,1
1000000US500070025003012,0,0,0
1000000US500070025003013,0,0,0
1000000US500070025003014,80,34,46
1000000US500070025003015,237,220,17
1000000US500070025003016,0,0,0
1000000US500070025003017,99,95,4
1000000US500070025003018,27,26,1
1000000US500070025003019,0,0,0
1000000US500070025003020,43,40,3
1000000US500070025003021,22,22,0
1000000US500070025003022,47,45,2
1000000US500070025003023,0,0,0
1000000US500070025003024,8,8,0
1000000US500070025003025,11,10,1
1000000US500070025003026,2,0,2
1000000US500070025003027,27,25,2
1000000US500070025003028,0,0,0
1000000US500070025003029,230,219,11
1000000US500070025003030,0,0,0
1000000US500070025003031,0,0,0
1000000US500070025003032,0,0,0
1000000US500070025003033,0,0,0
1000000US500070025003034,0,0,0
1000000US500070025003035,0,0,0
1000000US500070025003036,0,0,0
1000000US500070025003037,0,0,0
1000000US500070025003038,0,0,0
1000000US500070025003039,0,0,0
1000000US500070025003040,25,25,0
1000000US500070026011000,0,0,0
1000000US500070026011001,0,0,0
1000000US500070026011002,29,29,0
1000000US500070026011003,5,5,0
1000000US500070026011004,0,0,0
1000000US500070026011005,137,133,4
1000000US500070026011006,0,0,0
1000000US500070026011007,0,0,0
1000000US500070026011008,27,20,7
1000000US500070026011009,23,23,0
1000000US500070026011010,20,20,0
1000000US500070026011011,20,20,0
1000000US500070026011012,41,41,0
1000000US500070026011013,21,20,1
1000000US500070026011014,15,14,1
1000000US500070026011015,11,11,0
1000000US500070026011016,20,20,0
1000000US500070026011017,40,39,1
1000000US500070026011018,2,2,0
1000000US500070026011019,0,0,0
1000000US500070026011020,5,5,0
1000000US500070026011021,10,10,0
1000000US500070026011022,0,0,0
1000000US500070026011023,131,112,19
1000000US500070026012000,2,2,0
1000000US500070026012001,267,256,11
1000000US500070026012002,0,0,0
1000000US500070026012003,23,23,0
1000000US500070026012004,1,1,0
1000000US500070026012005,1,1,0
1000000US500070026012006,16,14,2
1000000US500070026012007,0,0,0
1000000US500070026012008,0,0,0
1000000US500070026012009,37,35,2
1000000US500070026012010,31,30,1
1000000US500070026012011,26,25,1
1000000US500070026012012,2,2,0
1000000US500070026012013,1,1,0
1000000US500070026012014,17,17,0
1000000US500070026012015,22,21,1
1000000US500070026012016,18,18,0
1000000US500070026012017,0,0,0
1000000US500070026013000,0,0,0
1000000US500070026013001,0,0,0
1000000US500070026013002,245,238,7
1000000US500070026013003,34,33,1
1000000US500070026013004,11,11,0
1000000US500070026013005,153,150,3
1000000US500070026013006,26,26,0
1000000US500070026013007,2,2,0
1000000US500070026013008,0,0,0
1000000US500070026013009,0,0,0
1000000US500070026013010,56,56,0
1000000US500070026013011,15,15,0
1000000US500070026013012,0,0,0
1000000US500070026013013,0,0,0
1000000US500070026013014,0,0,0
1000000US500070026013015,0,0,0
1000000US500070026013016,48,46,2
1000000US500070026013017,26,25,1
1000000US500070026013018,13,13,0
1000000US500070026013019,79,78,1
1000000US500070026013020,17,17,0
1000000US500070026013021,18,18,0
1000000US500070026013022,28,27,1
1000000US500070026014000,0,0,0
1000000US500070026014001,35,31,4
1000000US500070026014002,151,144,7
1000000US500070026014003,19,18,1
1000000US500070026014004,16,15,1
1000000US500070026014005,17,17,0
1000000US500070026014006,34,33,1
1000000US500070026014007,8,8,0
1000000US500070026014008,74,74,0
1000000US500070026014009,24,23,1
1000000US500070026014010,18,18,0
1000000US500070026014011,0,0,0
1000000US500070026014012,34,34,0
1000000US500070026014013,10,10,0
1000000US500070026014014,15,14,1
1000000US500070026014015,53,52,1
1000000US500070026021000,83,82,1
1000000US500070026021001,4,3,1
1000000US500070026021002,20,19,1
1000000US500070026021003,49,46,3
1000000US500070026021004,14,14,0
1000000US500070026021005,22,20,2
1000000US500070026021006,0,0,0
1000000US500070026021007,28,21,7
1000000US500070026021008,34,32,2
1000000US500070026021009,78,74,4
1000000US500070026021010,11,9,2
1000000US500070026021011,15,14,1
1000000US500070026021012,4,4,0
1000000US500070026021013,25,25,0
1000000US500070026021014,0,0,0
1000000US500070026021015,0,0,0
1000000US500070026021016,0,0,0
1000000US500070026021017,0,0,0
1000000US500070026022000,41,41,0
1000000US500070026022001,92,91,1
1000000US500070026022002,21,21,0
1000000US500070026022003,10,10,0
1000000US500070026022004,137,136,1
1000000US500070026022005,25,25,0
1000000US500070026022006,6,6,0
1000000US500070026022007,2,2,0
1000000US500070026022008,39,38,1
1000000US500070026022009,113,109,4
1000000US500070026022010,44,42,2
1000000US500070026022011,0,0,0
1000000US500070026023000,0,0,0
1000000US500070026023001,133,128,5
1000000US500070026023002,38,38,0
1000000US500070026023003,10,9,1
1000000US500070026023004,35,35,0
1000000US500070026023005,2,2,0
1000000US500070026023006,6,6,0
1000000US500070026023007,37,37,0
1000000US500070026023008,0,0,0
1000000US500070026023009,40,40,0
1000000US500070026023010,32,32,0
1000000US500070026023011,0,0,0
1000000US500070026023012,40,40,0
1000000US500070026023013,0,0,0
1000000US500070026023014,14,14,0
1000000US500070026023015,10,10,0
1000000US500070026023016,13,13,0
1000000US500070026023017,97,93,4
1000000US500070026023018,0,0,0
1000000US500070026023019,30,29,1
1000000US500070026023020,0,0,0
1000000US500070026023021,18,18,0
1000000US500070026023022,0,0,0
1000000US500070026023023,148,142,6
1000000US500070026023024,4,4,0
1000000US500070026023025,0,0,0
1000000US500070026023026,3,3,0
1000000US500070026023027,3,3,0
1000000US500070026023028,63,63,0
1000000US500070026023029,8,8,0
1000000US500070026023030,0,0,0
1000000US500070026023031,10,10,0
1000000US500070026023032,0,0,0
1000000US500070026023033,0,0,0
1000000US500070026023034,0,0,0
1000000US500070027011000,26,25,1
1000000US500070027011001,0,0,0
1000000US500070027011002,4,4,0
1000000US500070027011003,0,0,0
1000000US500070027011004,62,59,3
1000000US500070027011005,0,0,0
1000000US500070027011006,120,119,1
1000000US500070027011007,0,0,0
1000000US500070027011008,0,0,0
1000000US500070027011009,0,0,0
1000000US500070027011010,10,9,1
1000000US500070027011011,11,11,0
1000000US500070027011012,26,26,0
1000000US500070027011013,15,15,0
1000000US500070027011014,27,27,0
1000000US500070027011015,20,20,0
1000000US500070027011016,2,2,0
1000000US500070027011017,0,0,0
1000000US500070027011018,21,20,1
1000000US500070027011019,0,0,0
1000000US500070027011020,9,6,3
1000000US500070027011021,23,23,0
1000000US500070027011022,0,0,0
1000000US500070027011023,9,7,2
1000000US500070027011024,0,0,0
1000000US500070027011025,2,2,0
1000000US500070027011026,1,1,0
1000000US500070027011027,1,1,0
1000000US500070027011028,0,0,0
1000000US500070027011029,2,2,0
1000000US500070027011030,0,0,0
1000000US500070027011031,0,0,0
1000000US500070027011032,0,0,0
1000000US500070027011033,0,0,0
1000000US500070027011034,0,0,0
1000000US500070027012000,28,24,4
1000000US500070027012001,3,3,0
1000000US500070027012002,0,0,0
1000000US500070027012003,4,4,0
1000000US500070027012004,66,64,2
1000000US500070027012005,0,0,0
1000000US500070027012006,159,150,9
1000000US500070027012007,12,12,0
1000000US500070027012008,20,20,0
1000000US500070027012009,19,19,0
1000000US500070027012010,8,8,0
1000000US500070027012011,18,18,0
1000000US500070027012012,52,51,1
1000000US500070027012013,61,58,3
1000000US500070027012014,0,0,0
1000000US500070027012015,1,1,0
1000000US500070027012016,0,0,0
1000000US500070027012017,16,16,0
1000000US500070027012018,4,4,0
1000000US500070027012019,14,14,0
1000000US500070027012020,17,16,1
1000000US500070027012021,86,83,3
1000000US500070027012022,12,11,1
1000000US500070027012023,0,0,0
1000000US500070027012024,0,0,0
1000000US500070027012025,0,0,0
1000000US500070027012026,0,0,0
1000000US500070027012027,0,0,0
1000000US500070027012028,0,0,0
1000000US500070027012029,18,18,0
1000000US500070027012030,0,0,0
1000000US500070027012031,48,48,0
1000000US500070027012032,0,0,0
1000000US500070027012033,0,0,0
1000000US500070027012034,0,0,0
1000000US500070027012035,0,0,0
1000000US500070027012036,0,0,0
1000000US500070027012037,13,12,1
1000000US500070027012038,8,8,0
1000000US500070027012039,0,0,0
1000000US500070027012040,0,0,0
1000000US500070027012041,0,0,0
1000000US500070027012042,0,0,0
1000000US500070027012043,0,0,0
1000000US500070027013000,165,161,4
1000000US500070027013001,13,13,0
1000000US500070027013002,0,0,0
1000000US500070027013003,14,14,0
1000000US500070027013004,13,12,1
1000000US500070027013005,8,6,2
1000000US500070027013006,0,0,0
1000000US500070027013007,19,18,1
1000000US500070027013008,42,42,0
1000000US500070027013009,186,182,4
1000000US500070027013010,12,11,1
1000000US500070027013011,0,0,0
1000000US500070027013012,0,0,0
1000000US500070027013013,0,0,0
1000000US500070027013014,0,0,0
1000000US500070027013015,179,173,6
1000000US500070027013016,20,19,1
1000000US500070027013017,0,0,0
1000000US500070027013018,43,42,1
1000000US500070027013019,26,26,0
1000000US500070027013020,10,10,0
1000000US500070027013021,28,28,0
1000000US500070027013022,0,0,0
1000000US500070027013023,13,13,0
1000000US500070027013024,12,12,0
1000000US500070027013025,1,1,0
1000000US500070027013026,20,20,0
1000000US500070027013027,0,0,0
1000000US500070027013028,61,56,5
1000000US500070027013029,14,13,1
1000000US500070027013030,48,46,2
1000000US500070027013031,18,18,0
1000000US500070027013032,10,10,0
1000000US500070027013033,8,8,0
1000000US500070027013034,13,13,0
1000000US500070027013035,33,33,0
1000000US500070027013036,0,0,0
1000000US500070027013037,10,10,0
1000000US500070027013038,0,0,0
1000000US500070027013039,0,0,0
1000000US500070027013040,98,92,6
1000000US500070027013041,0,0,0
1000000US500070027013042,0,0,0
1000000US500070027013043,0,0,0
1000000US500070027013044,0,0,0
1000000US500070027013045,0,0,0
1000000US500070027013046,0,0,0
1000000US500070027013047,0,0,0
1000000US500070027013048,4,4,0
1000000US500070027013049,0,0,0
1000000US500070027013050,8,8,0
1000000US500070027013051,0,0,0
1000000US500070027013052,0,0,0
1000000US500070027013053,0,0,0
1000000US500070027013054,0,0,0
1000000US500070027013055,0,0,0
1000000US500070027013056,0,0,0
1000000US500070027013057,6,6,0
1000000US500070027013058,0,0,0
1000000US500070027013059,8,7,1
1000000US500070027021000,0,0,0
1000000US500070027021001,118,115,3
1000000US500070027021002,0,0,0
1000000US500070027021003,1,1,0
1000000US500070027021004,0,0,0
1000000US500070027021005,7,7,0
1000000US500070027021006,56,54,2
1000000US500070027021007,0,0,0
1000000US500070027021008,2,2,0
1000000US500070027021009,0,0,0
1000000US500070027021010,0,0,0
1000000US500070027021011,8,7,1
1000000US500070027021012,3,3,0
1000000US500070027021013,4,4,0
1000000US500070027021014,207,202,5
1000000US500070027021015,9,8,1
1000000US500070027021016,16,16,0
1000000US500070027021017,17,17,0
1000000US500070027021018,18,18,0
1000000US500070027021019,12,11,1
1000000US500070027021020,9,9,0
1000000US500070027021021,10,10,0
1000000US500070027021022,31,31,0
1000000US500070027021023,0,0,0
1000000US500070027021024,0,0,0
1000000US500070027021025,23,23,0
1000000US500070027021026,19,19,0
1000000US500070027021027,114,111,3
1000000US500070027021028,6,6,0
1000000US500070027021029,0,0,0
1000000US500070027021030,71,67,4
1000000US500070027021031,0,0,0
1000000US500070027021032,4,4,0
1000000US500070027021033,27,24,3
1000000US500070027021034,10,9,1
1000000US500070027021035,1,1,0
1000000US500070027021036,35,34,1
1000000US500070027021037,5,5,0
1000000US500070027021038,68,64,4
1000000US500070027021039,0,0,0
1000000US500070027021040,15,15,0
1000000US500070027021041,67,66,1
1000000US500070027021042,0,0,0
1000000US500070027021043,3,3,0
1000000US500070027021044,3,2,1
1000000US500070027022000,34,33,1
1000000US500070027022001,14,14,0
1000000US500070027022002,436,427,9
1000000US500070027022003,23,21,2
1000000US500070027022004,0,0,0
1000000US500070027022005,28,28,0
1000000US500070027022006,47,47,0
1000000US500070027022007,0,0,0
1000000US500070027022008,70,69,1
1000000US500070027022009,3,3,0
1000000US500070027022010,0,0,0
1000000US500070027022011,6,6,0
1000000US500070027022012,83,80,3
1000000US500070027022013,5,5,0
1000000US500070027022014,37,32,5
1000000US500070027022015,64,64,0
1000000US500070027022016,27,27,0
1000000US500070027022017,0,0,0
1000000US500070027022018,0,0,0
1000000US500070027022019,0,0,0
1000000US500070027022020,0,0,0
1000000US500070027022021,0,0,0
1000000US500070027022022,0,0,0
1000000US500070027022023,18,18,0
1000000US500070028001000,0,0,0
1000000US500070028001001,42,41,1
1000000US500070028001002,14,12,2
1000000US500070028001003,136,133,3
1000000US500070028001004,10,10,0
1000000US500070028001005,7,7,0
1000000US500070028001006,10,10,0
1000000US500070028001007,176,170,6
1000000US500070028001008,7,6,1
1000000US500070028001009,13,13,0
1000000US500070028001010,13,13,0
1000000US500070028001011,8,7,1
1000000US500070028001012,23,22,1
1000000US500070028001013,7,7,0
1000000US500070028001014,0,0,0
1000000US500070028001015,29,29,0
1000000US500070028001016,10,9,1
1000000US500070028001017,0,0,0
1000000US500070028001018,19,18,1
1000000US500070028001019,2,2,0
1000000US500070028001020,5,4,1
1000000US500070028001021,0,0,0
1000000US500070028001022,1,1,0
1000000US500070028002000,13,13,0
1000000US500070028002001,5,5,0
1000000US500070028002002,27,25,2
1000000US500070028002003,3,3,0
1000000US500070028002004,1,1,0
1000000US500070028002005,25,24,1
1000000US500070028002006,9,9,0
1000000US500070028002007,0,0,0
1000000US500070028002008,11,9,2
1000000US500070028002009,0,0,0
1000000US500070028002010,1,1,0
1000000US500070028002011,89,89,0
1000000US500070028002012,1,1,0
1000000US500070028002013,6,6,0
1000000US500070028002014,6,6,0
1000000US500070028002015,13,13,0
1000000US500070028002016,16,16,0
1000000US500070028002017,0,0,0
1000000US500070028002018,9,8,1
1000000US500070028002019,2,2,0
1000000US500070028002020,14,14,0
1000000US500070028002021,43,43,0
1000000US500070028002022,10,10,0
1000000US500070028002023,14,12,2
1000000US500070028002024,0,0,0
1000000US500070028002025,16,16,0
1000000US500070028002026,10,10,0
1000000US500070028002027,1,1,0
1000000US500070028002028,7,5,2
1000000US500070028002029,18,17,1
1000000US500070028002030,8,8,0
1000000US500070028002031,1,1,0
1000000US500070028002032,21,20,1
1000000US500070028002033,0,0,0
1000000US500070028002034,7,7,0
1000000US500070028002035,0,0,0
1000000US500070028002036,0,0,0
1000000US500070028002037,0,0,0
1000000US500070028002038,18,17,1
1000000US500070028002039,1,1,0
1000000US500070028002040,0,0,0
1000000US500070028002041,30,29,1
1000000US500070028002042,16,16,0
1000000US500070028002043,71,70,1
1000000US500070028002044,31,27,4
1000000US500070028002045,0,0,0
1000000US500070028002046,13,13,0
1000000US500070028002047,80,77,3
1000000US500070028002048,5,5,0
1000000US500070028002049,0,0,0
1000000US500070028002050,1,1,0
1000000US500070028002051,17,17,0
1000000US500070028002052,0,0,0
1000000US500070028002053,0,0,0
1000000US500070028002054,0,0,0
1000000US500070028002055,2,2,0
1000000US500070028002056,2,1,1
1000000US500070028002057,2,2,0
1000000US500070028002058,0,0,0
1000000US500070028002059,0,0,0
1000000US500070028002060,0,0,0
1000000US500070028002061,0,0,0
1000000US500070028002062,0,0,0
1000000US500070028002063,0,0,0
1000000US500070028002064,0,0,0
1000000US500070028002065,0,0,0
1000000US500070028002066,0,0,0
1000000US500070028002067,0,0,0
1000000US500070028002068,0,0,0
1000000US500070028002069,0,0,0
1000000US500070028002070,0,0,0
1000000US500070028002071,0,0,0
1000000US500070028002072,0,0,0
1000000US500070028002073,0,0,0
1000000US500070028002074,0,0,0
1000000US500070028002075,0,0,0
1000000US500070028002076,0,0,0
1000000US500070028002077,0,0,0
1000000US500070028002078,0,0,0
1000000US500070028002079,0,0,0
1000000US500070028002080,0,0,0
1000000US500070028002081,0,0,0
1000000US500070028002082,0,0,0
1000000US500070028002083,0,0,0
1000000US500070028002084,0,0,0
1000000US500070028002085,0,0,0
1000000US500070028002086,0,0,0
1000000US500070028002087,0,0,0
1000000US500070028002088,0,0,0
1000000US500070028002089,0,0,0
1000000US500070028002090,0,0,0
1000000US500070028002091,0,0,0
1000000US500070028002092,0,0,0
1000000US500070028002093,0,0,0
1000000US500070028002094,0,0,0
1000000US500070028002095,0,0,0
1000000US500070028002096,0,0,0
1000000US500070028002097,0,0,0
1000000US500070028002098,0,0,0
1000000US500070028002099,0,0,0
1000000US500070028002100,0,0,0
1000000US500070028002101,0,0,0
1000000US500070028002102,0,0,0
1000000US500070028002103,0,0,0
1000000US500070028002104,0,0,0
1000000US500070028002105,0,0,0
1000000US500070028002106,0,0,0
1000000US500070028002107,0,0,0
1000000US500070028002108,0,0,0
1000000US500070028002109,0,0,0
1000000US500070028002110,0,0,0
1000000US500070028002111,0,0,0
1000000US500070028002112,0,0,0
1000000US500070028002113,0,0,0
1000000US500070028002114,0,0,0
1000000US500070028002115,0,0,0
1000000US500070028002116,77,74,3
1000000US500070028002117,1,1,0
1000000US500070028002118,0,0,0
1000000US500070028002119,1,1,0
1000000US500070028002120,0,0,0
1000000US500070028002121,0,0,0
1000000US500070028002122,3,3,0
1000000US500070028002123,12,12,0
1000000US500070028002124,49,49,0
1000000US500070028002125,0,0,0
1000000US500070028002126,0,0,0
1000000US500070028002127,0,0,0
1000000US500070028003000,26,24,2
1000000US500070028003001,28,28,0
1000000US500070028003002,106,99,7
1000000US500070028003003,43,42,1
1000000US500070028003004,3,3,0
1000000US500070028003005,0,0,0
1000000US500070028003006,31,30,1
1000000US500070028003007,64,60,4
1000000US500070028003008,55,53,2
1000000US500070028003009,0,0,0
1000000US500070028003010,0,0,0
1000000US500070028003011,100,97,3
1000000US500070028003012,0,0,0
1000000US500070028003013,7,7,0
1000000US500070028003014,0,0,0
1000000US500070028003015,7,7,0
1000000US500070028003016,14,13,1
1000000US500070028003017,21,21,0
1000000US500070028003018,0,0,0
1000000US500070028003019,13,12,1
1000000US500070028003020,1,1,0
1000000US500070028003021,26,26,0
1000000US500070028003022,1,1,0
1000000US500070028003023,2,1,1
1000000US500070028003024,5,5,0
1000000US500070028003025,3,3,0
1000000US500070028003026,9,9,0
1000000US500070028003027,5,5,0
1000000US500070028003028,4,4,0
1000000US500070028003029,1,1,0
1000000US500070028003030,0,0,0
1000000US500070028003031,0,0,0
1000000US500070028003032,0,0,0
1000000US500070028003033,0,0,0
1000000US500070028003034,2,2,0
1000000US500070028003035,0,0,0
1000000US500070028003036,0,0,0
1000000US500070028003037,0,0,0
1000000US500070029001000,1,1,0
1000000US500070029001001,5,5,0
1000000US500070029001002,12,12,0
1000000US500070029001003,32,31,1
1000000US500070029001004,69,67,2
1000000US500070029001005,1,1,0
1000000US500070029001006,62,59,3
1000000US500070029001007,0,0,0
1000000US500070029001008,19,19,0
1000000US500070029001009,0,0,0
1000000US500070029001010,0,0,0
1000000US500070029001011,0,0,0
1000000US500070029001012,6,5,1
1000000US500070029001013,1,1,0
1000000US500070029001014,12,12,0
1000000US500070029001015,14,13,1
1000000US500070029001016,1,1,0
1000000US500070029001017,5,5,0
1000000US500070029001018,66,60,6
1000000US500070029001019,0,0,0
1000000US500070029001020,3,2,1
1000000US500070029001021,11,10,1
1000000US500070029001022,6,6,0
1000000US500070029001023,14,14,0
1000000US500070029001024,0,0,0
1000000US500070029001025,1,1,0
1000000US500070029001026,0,0,0
1000000US500070029001027,5,5,0
1000000US500070029001028,9,9,0
1000000US500070029001029,3,3,0
1000000US500070029001030,7,7,0
1000000US500070029001031,0,0,0
1000000US500070029001032,0,0,0
1000000US500070029001033,13,13,0
1000000US500070029001034,13,13,0
1000000US500070029001035,2,2,0
1000000US500070029001036,1,1,0
1000000US500070029001037,5,5,0
1000000US500070029001038,13,13,0
1000000US500070029001039,0,0,0
1000000US500070029001040,0,0,0
1000000US500070029001041,1,1,0
1000000US500070029001042,5,5,0
1000000US500070029001043,11,11,0
1000000US500070029001044,0,0,0
1000000US500070029001045,5,5,0
1000000US500070029001046,11,9,2
1000000US500070029001047,0,0,0
1000000US500070029001048,0,0,0
1000000US500070029001049,33,32,1
1000000US500070029001050,3,3,0
1000000US500070029001051,0,0,0
1000000US500070029001052,0,0,0
1000000US500070029001053,1,1,0
1000000US500070029001054,9,8,1
1000000US500070029001055,32,30,2
1000000US500070029001056,0,0,0
1000000US500070029001057,98,97,1
1000000US500070029001058,0,0,0
1000000US500070029001059,2,2,0
1000000US500070029001060,0,0,0
1000000US500070029001061,8,8,0
1000000US500070029001062,27,26,1
1000000US500070029001063,0,0,0
1000000US500070029001064,34,34,0
1000000US500070029001065,1,1,0
1000000US500070029001066,3,1,2
1000000US500070029001067,0,0,0
1000000US500070029001068,3,3,0
1000000US500070029001069,13,12,1
1000000US500070029001070,0,0,0
1000000US500070029001071,4,4,0
1000000US500070029001072,0,0,0
1000000US500070029001073,0,0,0
1000000US500070029001074,7,7,0
1000000US500070029001075,5,4,1
1000000US500070029001076,0,0,0
1000000US500070029001077,23,21,2
1000000US500070029001078,7,7,0
1000000US500070029001079,0,0,0
1000000US500070029001080,21,21,0
1000000US500070029001081,0,0,0
1000000US500070029001082,8,8,0
1000000US500070029002000,8,8,0
1000000US500070029002001,4,4,0
1000000US500070029002002,224,217,7
1000000US500070029002003,32,32,0
1000000US500070029002004,49,47,2
1000000US500070029002005,10,10,0
1000000US500070029002006,1,1,0
1000000US500070029002007,1,1,0
1000000US500070029002008,8,8,0
1000000US500070029002009,61,57,4
1000000US500070029002010,0,0,0
1000000US500070029002011,13,13,0
1000000US500070029002012,0,0,0
1000000US500070029002013,42,41,1
1000000US500070029002014,0,0,0
1000000US500070029002015,0,0,0
1000000US500070029002016,1,1,0
1000000US500070029002017,2,2,0
1000000US500070029002018,27,25,2
1000000US500070029002019,0,0,0
1000000US500070029002020,0,0,0
1000000US500070029002021,51,50,1
1000000US500070029002022,0,0,0
1000000US500070029002023,8,8,0
1000000US500070029002024,0,0,0
1000000US500070029002025,18,18,0
1000000US500070029002026,0,0,0
1000000US500070029002027,0,0,0
1000000US500070029002028,3,3,0
1000000US500070029002029,2,2,0
1000000US500070029002030,11,11,0
1000000US500070029002031,1,0,1
1000000US500070029002032,1,1,0
1000000US500070029002033,10,10,0
1000000US500070029002034,101,97,4
1000000US500070029002035,10,10,0
1000000US500070029002036,0,0,0
1000000US500070029002037,0,0,0
1000000US500070029002038,7,7,0
1000000US500070029002039,4,4,0
1000000US500070029002040,23,22,1
1000000US500070029002041,0,0,0
1000000US500070029002042,0,0,0
1000000US500070029002043,4,4,0
1000000US500070029002044,2,2,0
1000000US500070029002045,3,3,0
1000000US500070029002046,1,1,0
1000000US500070029002047,0,0,0
1000000US500070029002048,0,0,0
1000000US500070029003000,58,54,4
1000000US500070029003001,8,7,1
1000000US500070029003002,0,0,0
1000000US500070029003003,2,2,0
1000000US500070029003004,0,0,0
1000000US500070029003005,3,3,0
1000000US500070029003006,2,2,0
1000000US500070029003007,0,0,0
1000000US500070029003008,3,3,0
1000000US500070029003009,104,83,21
1000000US500070029003010,2,1,1
1000000US500070029003011,0,0,0
1000000US500070029003012,3,3,0
1000000US500070029003013,7,7,0
1000000US500070029003014,0,0,0
1000000US500070029003015,5,4,1
1000000US500070029003016,0,0,0
1000000US500070029003017,2,2,0
1000000US500070029003018,0,0,0
1000000US500070029003019,2,2,0
1000000US500070029003020,2,2,0
1000000US500070029003021,3,3,0
1000000US500070029003022,20,18,2
1000000US500070029003023,0,0,0
1000000US500070029003024,6,5,1
1000000US500070029003025,5,4,1
1000000US500070029003026,37,37,0
1000000US500070029003027,0,0,0
1000000US500070029003028,52,49,3
1000000US500070029003029,0,0,0
1000000US500070029003030,3,2,1
1000000US500070029003031,16,14,2
1000000US500070029003032,5,5,0
1000000US500070029003033,7,7,0
1000000US500070029003034,2,2,0
1000000US500070029003035,1,1,0
1000000US500070029003036,5,5,0
1000000US500070029003037,10,10,0
1000000US500070029003038,21,20,1
1000000US500070029003039,1,1,0
1000000US500070029003040,0,0,0
1000000US500070029003041,2,1,1
1000000US500070029003042,0,0,0
1000000US500070029003043,0,0,0
1000000US500070029003044,0,0,0
1000000US500070029003045,0,0,0
1000000US500070029003046,0,0,0
1000000US500070029003047,0,0,0
1000000US500070029003048,0,0,0
1000000US500070029003049,0,0,0
1000000US500070029003050,21,21,0
1000000US500070029003051,0,0,0
1000000US500070029003052,0,0,0
1000000US500070029003053,5,4,1
1000000US500070029003054,24,23,1
1000000US500070029003055,0,0,0
1000000US500070029003056,0,0,0
1000000US500070029003057,0,0,0
1000000US500070029003058,0,0,0
1000000US500070029003059,0,0,0
1000000US500070029003060,0,0,0
1000000US500070029003061,0,0,0
1000000US500070029003062,0,0,0
1000000US500070029003063,7,6,1
1000000US500070029003064,0,0,0
1000000US500070029003065,0,0,0
1000000US500070029004000,177,117,60
1000000US500070029004001,2,2,0
1000000US500070029004002,1,1,0
1000000US500070029004003,0,0,0
1000000US500070029004004,1,1,0
1000000US500070029004005,0,0,0
1000000US500070029004006,0,0,0
1000000US500070029004007,30,10,20
1000000US500070029004008,0,0,0
1000000US500070029004009,0,0,0
1000000US500070029004010,8,8,0
1000000US500070029004011,41,41,0
1000000US500070029004012,0,0,0
1000000US500070029004013,15,15,0
1000000US500070029004014,0,0,0
1000000US500070029004015,4,3,1
1000000US500070029004016,5,5,0
1000000US500070029004017,52,50,2
1000000US500070029004018,0,0,0
1000000US500070029004019,7,7,0
1000000US500070029004020,0,0,0
1000000US500070029004021,4,4,0
1000000US500070029004022,2,2,0
1000000US500070029004023,6,6,0
1000000US500070029004024,11,11,0
1000000US500070029004025,0,0,0
1000000US500070029004026,0,0,0
1000000US500070029004027,0,0,0
1000000US500070029004028,0,0,0
1000000US500070029004029,0,0,0
1000000US500070029004030,2,2,0
1000000US500070029004031,6,6,0
1000000US500070029004032,4,3,1
1000000US500070029004033,18,16,2
1000000US500070029004034,0,0,0
1000000US500070029004035,0,0,0
1000000US500070029004036,53,49,4
1000000US500070029004037,4,4,0
1000000US500070029004038,7,5,2
1000000US500070029004039,6,3,3
1000000US500070029004040,2,0,2
1000000US500070029004041,0,0,0
1000000US500070029004042,2,2,0
1000000US500070029004043,7,6,1
1000000US500070029004044,0,0,0
1000000US500070029004045,1,1,0
1000000US500070029004046,13,10,3
1000000US500070029004047,0,0,0
1000000US500070029004048,0,0,0
1000000US500070029004049,7,7,0
1000000US500070029004050,0,0,0
1000000US500070029004051,5,3,2
1000000US500070029004052,0,0,0
1000000US500070029004053,2,2,0
1000000US500070029004054,0,0,0
1000000US500070029004055,0,0,0
1000000US500070029004056,0,0,0
1000000US500070029004057,1,1,0
1000000US500070029004058,0,0,0
1000000US500070029004059,0,0,0
1000000US500070029004060,2,2,0
1000000US500070029004061,0,0,0
1000000US500070029004062,5,5,0
1000000US500070029004063,7,6,1
1000000US500070029004064,6,5,1
1000000US500070029004065,0,0,0
1000000US500070029004066,0,0,0
1000000US500070029004067,3,2,1
1000000US500070029004068,5,5,0
1000000US500070029004069,0,0,0
1000000US500070029004070,2,0,2
1000000US500070029004071,0,0,0
1000000US500070029004072,1,1,0
1000000US500070029004073,3,3,0
1000000US500070029004074,0,0,0
1000000US500070029004075,0,0,0
1000000US500070029004076,0,0,0
1000000US500070029004077,0,0,0
1000000US500070029004078,0,0,0
1000000US500070029004079,1,0,1
1000000US500070029004080,0,0,0
1000000US500070029004081,1,1,0
1000000US500070029004082,23,20,3
1000000US500070029004083,0,0,0
1000000US500070029004084,0,0,0
1000000US500070029004085,0,0,0
1000000US500070029004086,10,9,1
1000000US500070029004087,27,25,2
1000000US500070030001000,0,0,0
1000000US500070030001001,5,5,0
1000000US500070030001002,0,0,0
1000000US500070030001003,0,0,0
1000000US500070030001004,0,0,0
1000000US500070030001005,3,3,0
1000000US500070030001006,0,0,0
1000000US500070030001007,38,38,0
1000000US500070030001008,43,43,0
1000000US500070030001009,0,0,0
1000000US500070030001010,0,0,0
1000000US500070030001011,0,0,0
1000000US500070030001012,0,0,0
1000000US500070030001013,0,0,0
1000000US500070030001014,0,0,0
1000000US500070030001015,26,24,2
1000000US500070030001016,12,11,1
1000000US500070030001017,0,0,0
1000000US500070030001018,5,5,0
1000000US500070030001019,16,16,0
1000000US500070030001020,102,100,2
1000000US500070030001021,8,8,0
1000000US500070030001022,0,0,0
1000000US500070030001023,7,7,0
1000000US500070030001024,49,44,5
1000000US500070030001025,4,4,0
1000000US500070030001026,0,0,0
1000000US500070030001027,36,36,0
1000000US500070030001028,1,1,0
1000000US500070030001029,182,179,3
1000000US500070030001030,4,4,0
1000000US500070030001031,0,0,0
1000000US500070030001032,0,0,0
1000000US500070030001033,0,0,0
1000000US500070030001034,0,0,0
1000000US500070030001035,0,0,0
1000000US500070030001036,0,0,0
1000000US500070030001037,1,1,0
1000000US500070030001038,0,0,0
1000000US500070030001039,0,0,0
1000000US500070030001040,48,48,0
1000000US500070030001041,2,2,0
1000000US500070030001042,3,2,1
1000000US500070030001043,72,70,2
1000000US500070030001044,6,6,0
1000000US500070030001045,3,3,0
1000000US500070030001046,1,1,0
1000000US500070030001047,44,43,1
1000000US500070030001048,0,0,0
1000000US500070030001049,36,34,2
1000000US500070030001050,0,0,0
1000000US500070030001051,0,0,0
1000000US500070030001052,2,2,0
1000000US500070030001053,8,6,2
1000000US500070030001054,0,0,0
1000000US500070030001055,0,0,0
1000000US500070030001056,0,0,0
1000000US500070030001057,0,0,0
1000000US500070030001058,5,5,0
1000000US500070030001059,0,0,0
1000000US500070030001060,13,12,1
1000000US500070030002000,49,47,2
1000000US500070030002001,0,0,0
1000000US500070030002002,7,7,0
1000000US500070030002003,44,44,0
1000000US500070030002004,0,0,0
1000000US500070030002005,0,0,0
1000000US500070030002006,1,1,0
1000000US500070030002007,8,8,0
1000000US500070030002008,10,10,0
1000000US500070030002009,65,65,0
1000000US500070030002010,15,15,0
1000000US500070030002011,57,56,1
1000000US500070030002012,6,6,0
1000000US500070030002013,19,19,0
1000000US500070030002014,0,0,0
1000000US500070030002015,0,0,0
1000000US500070030002016,0,0,0
1000000US500070030002017,0,0,0
1000000US500070030002018,15,7,8
1000000US500070030002019,0,0,0
1000000US500070030002020,0,0,0
1000000US500070030002021,0,0,0
1000000US500070030002022,0,0,0
1000000US500070030002023,0,0,0
1000000US500070030002024,0,0,0
1000000US500070030002025,0,0,0
1000000US500070030002026,12,12,0
1000000US500070030002027,29,28,1
1000000US500070030002028,18,16,2
1000000US500070030002029,8,8,0
1000000US500070030002030,13,13,0
1000000US500070030002031,3,3,0
1000000US500070030002032,1,1,0
1000000US500070030002033,0,0,0
1000000US500070030002034,70,68,2
1000000US500070030002035,3,3,0
1000000US500070030002036,0,0,0
1000000US500070030002037,0,0,0
1000000US500070030002038,0,0,0
1000000US500070030002039,75,73,2
1000000US500070030002040,53,44,9
1000000US500070030002041,0,0,0
1000000US500070030002042,2,0,2
1000000US500070030002043,0,0,0
1000000US500070030002044,0,0,0
1000000US500070030002045,0,0,0
1000000US500070030002046,35,34,1
1000000US500070030002047,39,35,4
1000000US500070030002048,0,0,0
1000000US500070030002049,0,0,0
1000000US500070030002050,0,0,0
1000000US500070030002051,3,3,0
1000000US500070030002052,0,0,0
1000000US500070030002053,13,12,1
1000000US500070030002054,0,0,0
1000000US500070030002055,1,1,0
1000000US500070030002056,0,0,0
1000000US500070030002057,4,4,0
1000000US500070030002058,0,0,0
1000000US500070030002059,0,0,0
1000000US500070030002060,3,3,0
1000000US500070030002061,57,55,2
1000000US500070030002062,0,0,0
1000000US500070030002063,8,8,0
1000000US500070030002064,0,0,0
1000000US500070030002065,0,0,0
1000000US500070030002066,0,0,0
1000000US500070030002067,0,0,0
1000000US500070030002068,0,0,0
1000000US500070030002069,11,11,0
1000000US500070030002070,0,0,0
1000000US500070030002071,0,0,0
1000000US500070030002072,0,0,0
1000000US500070030002073,0,0,0
1000000US500070030002074,0,0,0
1000000US500070030002075,0,0,0
1000000US500070030002076,3,3,0
1000000US500070030002077,19,15,4
1000000US500070030002078,0,0,0
1000000US500070030002079,35,33,2
1000000US500070030002080,9,9,0
1000000US500070030002081,0,0,0
1000000US500070030002082,2,2,0
1000000US500070030002083,0,0,0
1000000US500070030002084,2,2,0
1000000US500070030002085,1,0,1
1000000US500070030002086,4,4,0
1000000US500070030002087,0,0,0
1000000US500070030002088,0,0,0
1000000US500070030002089,15,15,0
1000000US500070030002090,21,20,1
1000000US500070030002091,0,0,0
1000000US500070031001000,0,0,0
1000000US500070031001001,0,0,0
1000000US500070031001002,0,0,0
1000000US500070031001003,0,0,0
1000000US500070031001004,0,0,0
1000000US500070031001005,41,40,1
1000000US500070031001006,0,0,0
1000000US500070031001007,0,0,0
1000000US500070031001008,32,31,1
1000000US500070031001009,96,94,2
1000000US500070031001010,12,12,0
1000000US500070031001011,8,8,0
1000000US500070031001012,6,6,0
1000000US500070031001013,5,5,0
1000000US500070031001014,1,1,0
1000000US500070031001015,1,1,0
1000000US500070031001016,0,0,0
1000000US500070031001017,0,0,0
1000000US500070031001018,0,0,0
1000000US500070031001019,31,30,1
1000000US500070031001020,5,5,0
1000000US500070031001021,199,196,3
1000000US500070031001022,0,0,0
1000000US500070031001023,63,62,1
1000000US500070031001024,25,25,0
1000000US500070031001025,27,24,3
1000000US500070031001026,34,34,0
1000000US500070031001027,7,7,0
1000000US500070031001028,12,12,0
1000000US500070031001029,14,14,0
1000000US500070031001030,0,0,0
1000000US500070031001031,0,0,0
1000000US500070031001032,0,0,0
1000000US500070031001033,0,0,0
1000000US500070031001034,1,1,0
1000000US500070031001035,42,40,2
1000000US500070031001036,14,14,0
1000000US500070031001037,3,3,0
1000000US500070031001038,0,0,0
1000000US500070031001039,5,4,1
1000000US500070031001040,4,4,0
1000000US500070031001041,1,1,0
1000000US500070031001042,0,0,0
1000000US500070031001043,0,0,0
1000000US500070031001044,0,0,0
1000000US500070031001045,1,1,0
1000000US500070031001046,0,0,0
1000000US500070031001047,0,0,0
1000000US500070031001048,0,0,0
1000000US500070031001049,0,0,0
1000000US500070031001050,0,0,0
1000000US500070031001051,0,0,0
1000000US500070031001052,0,0,0
1000000US500070031001053,0,0,0
1000000US500070031002000,0,0,0
1000000US500070031002001,0,0,0
1000000US500070031002002,0,0,0
1000000US500070031002003,0,0,0
1000000US500070031002004,0,0,0
1000000US500070031002005,0,0,0
1000000US500070031002006,195,192,3
1000000US500070031002007,36,34,2
1000000US500070031002008,4,4,0
1000000US500070031002009,0,0,0
1000000US500070031002010,0,0,0
1000000US500070031002011,0,0,0
1000000US500070031002012,0,0,0
1000000US500070031002013,0,0,0
1000000US500070031002014,0,0,0
1000000US500070031002015,0,0,0
1000000US500070031002016,0,0,0
1000000US500070031002017,5,5,0
1000000US500070031002018,12,11,1
1000000US500070031002019,0,0,0
1000000US500070031002020,0,0,0
1000000US500070031002021,17,16,1
1000000US500070031002022,13,13,0
1000000US500070031002023,101,98,3
1000000US500070031002024,3,3,0
1000000US500070031002025,60,58,2
1000000US500070031002026,20,20,0
1000000US500070031002027,8,8,0
1000000US500070031002028,27,25,2
1000000US500070031002029,20,19,1
1000000US500070031002030,0,0,0
1000000US500070031002031,16,16,0
1000000US500070031002032,32,29,3
1000000US500070031002033,14,14,0
1000000US500070031002034,1,1,0
1000000US500070031002035,17,17,0
1000000US500070031002036,23,22,1
1000000US500070031002037,0,0,0
1000000US500070031002038,36,36,0
1000000US500070031002039,101,85,16
1000000US500070031002040,3,3,0
1000000US500070031002041,2,2,0
1000000US500070031002042,0,0,0
1000000US500070031002043,7,7,0
1000000US500070031002044,3,3,0
1000000US500070031002045,0,0,0
1000000US500070031002046,0,0,0
1000000US500070031002047,0,0,0
1000000US500070031003000,1,1,0
1000000US500070031003001,0,0,0
1000000US500070031003002,0,0,0
1000000US500070031003003,1,1,0
1000000US500070031003004,3,3,0
1000000US500070031003005,0,0,0
1000000US500070031003006,0,0,0
1000000US500070031003007,212,195,17
1000000US500070031003008,1,1,0
1000000US500070031003009,22,20,2
1000000US500070031003010,13,13,0
1000000US500070031003011,0,0,0
1000000US500070031003012,16,16,0
1000000US500070031003013,0,0,0
1000000US500070031003014,0,0,0
1000000US500070031003015,60,60,0
1000000US500070031003016,13,13,0
1000000US500070031003017,69,68,1
1000000US500070031003018,10,10,0
1000000US500070031003019,125,122,3
1000000US500070031003020,31,29,2
1000000US500070031003021,16,16,0
1000000US500070031003022,25,25,0
1000000US500070031003023,0,0,0
1000000US500070031003024,95,91,4
1000000US500070031003025,0,0,0
1000000US500070031003026,0,0,0
1000000US500070031003027,18,18,0
1000000US500070031003028,0,0,0
1000000US500070031003029,60,58,2
1000000US500070031003030,0,0,0
1000000US500070031003031,0,0,0
1000000US500070031003032,0,0,0
1000000US500070031003033,0,0,0
1000000US500070031003034,43,40,3
1000000US500070031003035,0,0,0
1000000US500070031003036,1,1,0
1000000US500070031003037,64,61,3
1000000US500070031003038,0,0,0
1000000US500070031003039,0,0,0
1000000US500070031003040,86,84,2
1000000US500070031003041,0,0,0
1000000US500070031003042,1,1,0
1000000US500070031003043,3,3,0
1000000US500070031004000,0,0,0
1000000US500070031004001,0,0,0
1000000US500070031004002,0,0,0
1000000US500070031004003,3,3,0
1000000US500070031004004,0,0,0
1000000US500070031004005,15,15,0
1000000US500070031004006,0,0,0
1000000US500070031004007,160,150,10
1000000US500070031004008,20,18,2
1000000US500070031004009,10,8,2
1000000US500070031004010,12,12,0
1000000US500070031004011,8,8,0
1000000US500070031004012,9,8,1
1000000US500070031004013,13,12,1
1000000US500070031004014,9,9,0
1000000US500070031004015,4,4,0
1000000US500070031004016,23,22,1
1000000US500070031004017,13,13,0
1000000US500070031004018,146,134,12
1000000US500070031004019,18,18,0
1000000US500070031004020,16,16,0
1000000US500070031004021,92,90,2
1000000US500070031004022,11,10,1
1000000US500070031004023,23,23,0
1000000US500070031004024,13,13,0
1000000US500070031004025,14,13,1
1000000US500070031004026,5,5,0
1000000US500070031004027,11,11,0
1000000US500070031004028,17,17,0
1000000US500070031004029,28,28,0
1000000US500070031004030,8,8,0
1000000US500070031004031,4,4,0
1000000US500070031004032,199,192,7
1000000US500070031004033,3,3,0
1000000US500070031004034,0,0,0
1000000US500070031004035,13,13,0
1000000US500070031004036,0,0,0
1000000US500070031004037,3,3,0
1000000US500070031004038,0,0,0
1000000US500070031004039,0,0,0
1000000US500070031004040,10,10,0
1000000US500070031004041,0,0,0
1000000US500070031004042,0,0,0
1000000US500070031004043,9,5,4
1000000US500070031004044,45,45,0
1000000US500070031004045,152,147,5
1000000US500070031004046,28,28,0
1000000US500070031004047,0,0,0
1000000US500070031004048,0,0,0
1000000US500070031004049,23,23,0
1000000US500070031004050,7,7,0
1000000US500070031004051,0,0,0
1000000US500070031004052,0,0,0
1000000US500070033011000,60,58,2
1000000US500070033011001,15,15,0
1000000US500070033011002,0,0,0
1000000US500070033011003,10,10,0
1000000US500070033011004,4,4,0
1000000US500070033011005,4,4,0
1000000US500070033011006,278,256,22
1000000US500070033011007,10,10,0
1000000US500070033011008,6,6,0
1000000US500070033011009,28,27,1
1000000US500070033011010,15,15,0
1000000US500070033011011,13,13,0
1000000US500070033011012,22,22,0
1000000US500070033011013,5,4,1
1000000US500070033011014,9,9,0
1000000US500070033011015,13,13,0
1000000US500070033011016,28,28,0
1000000US500070033011017,21,21,0
1000000US500070033011018,18,17,1
1000000US500070033011019,75,65,10
1000000US500070033011020,8,8,0
1000000US500070033011021,1,1,0
1000000US500070033011022,10,10,0
1000000US500070033011023,60,57,3
1000000US500070033011024,37,36,1
1000000US500070033011025,9,9,0
1000000US500070033011026,52,47,5
1000000US500070033011027,1,1,0
1000000US500070033011028,0,0,0
1000000US500070033011029,143,132,11
1000000US500070033011030,22,22,0
1000000US500070033011031,21,20,1
1000000US500070033011032,12,12,0
1000000US500070033011033,76,73,3
1000000US500070033011034,2,1,1
1000000US500070033011035,43,42,1
1000000US500070033011036,4,2,2
1000000US500070033011037,0,0,0
1000000US500070033011038,30,30,0
1000000US500070033011039,0,0,0
1000000US500070033011040,13,12,1
1000000US500070033011041,37,37,0
1000000US500070033011042,47,46,1
1000000US500070033011043,0,0,0
1000000US500070033011044,35,29,6
1000000US500070033011045,0,0,0
1000000US500070033011046,2,2,0
1000000US500070033011047,0,0,0
1000000US500070033011048,17,17,0
1000000US500070033011049,20,19,1
1000000US500070033041000,0,0,0
1000000US500070033041001,0,0,0
1000000US500070033041002,163,147,16
1000000US500070033041003,0,0,0
1000000US500070033041004,0,0,0
1000000US500070033041005,0,0,0
1000000US500070033041006,35,34,1
1000000US500070033041007,0,0,0
1000000US500070033041008,0,0,0
1000000US500070033041009,4,4,0
1000000US500070033041010,0,0,0
1000000US500070033041011,8,8,0
1000000US500070033041012,0,0,0
1000000US500070033041013,0,0,0
1000000US500070033041014,218,210,8
1000000US500070033041015,257,245,12
1000000US500070033041016,113,109,4
1000000US500070033041017,30,29,1
1000000US500070033041018,30,28,2
1000000US500070033041019,0,0,0
1000000US500070033041020,0,0,0
1000000US500070033041021,51,47,4
1000000US500070033042000,0,0,0
1000000US500070033042001,0,0,0
1000000US500070033042002,1,0,1
1000000US500070033042003,0,0,0
1000000US500070033042004,0,0,0
1000000US500070033042005,81,77,4
1000000US500070033042006,4,3,1
1000000US500070033042007,0,0,0
1000000US500070033042008,1,1,0
1000000US500070033042009,0,0,0
1000000US500070033042010,0,0,0
1000000US500070033042011,0,0,0
1000000US500070033042012,44,38,6
1000000US500070033042013,239,226,13
1000000US500070033042014,30,28,2
1000000US500070033042015,0,0,0
1000000US500070033042016,106,86,20
1000000US500070033042017,0,0,0
1000000US500070033042018,0,0,0
1000000US500070033042019,0,0,0
1000000US500070033042020,0,0,0
1000000US500070033042021,0,0,0
1000000US500070033042022,0,0,0
1000000US500070033042023,0,0,0
1000000US500070033042024,0,0,0
1000000US500070033042025,0,0,0
1000000US500070033042026,0,0,0
1000000US500070033043000,404,386,18
1000000US500070033043001,6,5,1
1000000US500070033043002,10,10,0
1000000US500070033043003,2,2,0
1000000US500070033043004,25,22,3
1000000US500070033043005,16,16,0
1000000US500070033043006,14,14,0
1000000US500070033043007,99,96,3
1000000US500070033043008,0,0,0
1000000US500070033043009,9,9,0
1000000US500070033043010,0,0,0
1000000US500070033043011,15,15,0
1000000US500070033043012,8,8,0
1000000US500070033043013,8,7,1
1000000US500070033043014,35,32,3
1000000US500070033043015,0,0,0
1000000US500070033043016,35,35,0
1000000US500070033043017,14,14,0
1000000US500070033043018,15,14,1
1000000US500070033043019,8,8,0
1000000US500070033043020,9,9,0
1000000US500070033043021,7,6,1
1000000US500070033043022,18,18,0
1000000US500070033043023,0,0,0
1000000US500070033043024,33,33,0
1000000US500070033043025,12,12,0
1000000US500070033043026,115,107,8
1000000US500070033043027,0,0,0
1000000US500070033043028,265,242,23
1000000US500070033043029,0,0,0
1000000US500070033043030,0,0,0
1000000US500070033043031,25,25,0
1000000US500070033043032,1,1,0
1000000US500070033043033,34,29,5
1000000US500070033043034,13,13,0
1000000US500070033043035,0,0,0
1000000US500070033043036,0,0,0
1000000US500070033043037,18,18,0
1000000US500070033043038,19,17,2
1000000US500070033043039,16,16,0
1000000US500070033043040,6,6,0
1000000US500070033043041,18,17,1
1000000US500070033043042,19,17,2
1000000US500070034001000,0,0,0
1000000US500070034001001,0,0,0
1000000US500070034001002,66,55,11
1000000US500070034001003,3,3,0
1000000US500070034001004,0,0,0
1000000US500070034001005,0,0,0
1000000US500070034001006,0,0,0
1000000US500070034001007,10,4,6
1000000US500070034001008,18,18,0
1000000US500070034001009,0,0,0
1000000US500070034001010,0,0,0
1000000US500070034001011,1,1,0
1000000US500070034001012,29,28,1
1000000US500070034001013,17,17,0
1000000US500070034001014,156,148,8
1000000US500070034001015,26,24,2
1000000US500070034001016,3,3,0
1000000US500070034001017,20,20,0
1000000US500070034001018,3,3,0
1000000US500070034001019,2,2,0
1000000US500070034001020,8,8,0
1000000US500070034001021,17,15,2
1000000US500070034001022,37,35,2
1000000US500070034001023,1,1,0
1000000US500070034001024,16,15,1
1000000US500070034001025,27,26,1
1000000US500070034001026,0,0,0
1000000US500070034001027,10,9,1
1000000US500070034001028,1,1,0
1000000US500070034002000,0,0,0
1000000US500070034002001,0,0,0
1000000US500070034002002,0,0,0
1000000US500070034002003,0,0,0
1000000US500070034002004,0,0,0
1000000US500070034002005,1,0,1
1000000US500070034002006,0,0,0
1000000US500070034002007,138,93,45
1000000US500070034002008,0,0,0
1000000US500070034002009,0,0,0
1000000US500070034002010,0,0,0
1000000US500070034002011,0,0,0
1000000US500070034002012,0,0,0
1000000US500070034002013,0,0,0
1000000US500070034002014,0,0,0
1000000US500070034002015,0,0,0
1000000US500070034002016,0,0,0
1000000US500070034002017,0,0,0
1000000US500070034002018,0,0,0
1000000US500070034002019,5,4,1
1000000US500070034002020,2,1,1
1000000US500070034002021,0,0,0
1000000US500070034002022,0,0,0
1000000US500070034002023,2,1,1
1000000US500070034002024,6,6,0
1000000US500070034002025,1,0,1
1000000US500070034002026,6,6,0
1000000US500070034002027,0,0,0
1000000US500070034002028,11,11,0
1000000US500070034002029,0,0,0
1000000US500070034002030,2,2,0
1000000US500070034002031,0,0,0
1000000US500070034002032,0,0,0
1000000US500070034002033,0,0,0
1000000US500070034002034,5,4,1
1000000US500070034002035,1,1,0
1000000US500070034002036,0,0,0
1000000US500070034002037,4,3,1
1000000US500070034002038,0,0,0
1000000US500070034002039,0,0,0
1000000US500070034002040,26,25,1
1000000US500070034002041,1,1,0
1000000US500070034002042,0,0,0
1000000US500070034002043,18,16,2
1000000US500070034002044,18,15,3
1000000US500070034002045,0,0,0
1000000US500070034002046,0,0,0
1000000US500070034002047,117,115,2
1000000US500070034002048,0,0,0
1000000US500070034002049,18,18,0
1000000US500070034002050,15,15,0
1000000US500070034002051,0,0,0
1000000US500070034002052,0,0,0
1000000US500070034002053,0,0,0
1000000US500070034002054,6,6,0
1000000US500070034002055,0,0,0
1000000US500070034002056,0,0,0
1000000US500070034002057,0,0,0
1000000US500070034002058,233,206,27
1000000US500070034002059,5,4,1
1000000US500070034002060,0,0,0
1000000US500070034002061,5,4,1
1000000US500070034002062,0,0,0
1000000US500070034002063,0,0,0
1000000US500070034002064,0,0,0
1000000US500070034002065,0,0,0
1000000US500070034002066,0,0,0
1000000US500070034002067,0,0,0
1000000US500070034002068,0,0,0
1000000US500070034002069,0,0,0
1000000US500070034003000,3,2,1
1000000US500070034003001,14,13,1
1000000US500070034003002,0,0,0
1000000US500070034003003,0,0,0
1000000US500070034003004,0,0,0
1000000US500070034003005,4,4,0
1000000US500070034003006,1,1,0
1000000US500070034003007,42,40,2
1000000US500070034003008,0,0,0
1000000US500070034003009,0,0,0
1000000US500070034003010,0,0,0
1000000US500070034003011,0,0,0
1000000US500070034003012,0,0,0
1000000US500070034003013,0,0,0
1000000US500070034003014,3,3,0
1000000US500070034003015,67,64,3
1000000US500070034003016,1,1,0
1000000US500070034003017,163,156,7
1000000US500070034003018,0,0,0
1000000US500070034003019,0,0,0
1000000US500070034003020,6,6,0
1000000US500070034003021,0,0,0
1000000US500070034003022,7,5,2
1000000US500070034003023,7,7,0
1000000US500070034003024,0,0,0
1000000US500070034003025,34,33,1
1000000US500070034003026,43,43,0
1000000US500070034003027,31,31,0
1000000US500070034003028,8,8,0
1000000US500070034003029,0,0,0
1000000US500070034003030,0,0,0
1000000US500070034003031,0,0,0
1000000US500070034003032,0,0,0
1000000US500070034003033,4,4,0
1000000US500070034004000,20,18,2
1000000US500070034004001,374,367,7
1000000US500070034004002,0,0,0
1000000US500070034004003,21,20,1
1000000US500070034004004,21,19,2
1000000US500070034004005,0,0,0
1000000US500070034004006,0,0,0
1000000US500070034004007,20,20,0
1000000US500070034004008,12,11,1
1000000US500070034004009,27,25,2
1000000US500070034004010,51,50,1
1000000US500070034004011,37,37,0
1000000US500070034004012,9,9,0
1000000US500070034004013,7,7,0
1000000US500070034004014,80,78,2
1000000US500070034004015,6,6,0
1000000US500070034004016,30,28,2
1000000US500070034004017,66,63,3
1000000US500070034004018,5,5,0
1000000US500070034004019,7,7,0
1000000US500070034004020,11,10,1
1000000US500070034004021,11,11,0
1000000US500070034004022,10,9,1
1000000US500070034004023,13,12,1
1000000US500070034004024,0,0,0
1000000US500070034004025,0,0,0
1000000US500070034004026,0,0,0
1000000US500070034004027,0,0,0
1000000US500070034004028,0,0,0
1000000US500070034004029,34,33,1
1000000US500070034004030,10,10,0
1000000US500070034004031,0,0,0
1000000US500070034004032,0,0,0
1000000US500070034004033,1,1,0
1000000US500070034004034,13,12,1
1000000US500070034004035,11,11,0
1000000US500070034005000,0,0,0
1000000US500070034005001,105,95,10
1000000US500070034005002,0,0,0
1000000US500070034005003,0,0,0
1000000US500070034005004,7,7,0
1000000US500070034005005,0,0,0
1000000US500070034005006,5,4,1
1000000US500070034005007,78,78,0
1000000US500070034005008,8,8,0
1000000US500070034005009,13,12,1
1000000US500070034005010,25,23,2
1000000US500070034005011,32,32,0
1000000US500070034005012,182,166,16
1000000US500070034005013,6,6,0
1000000US500070034005014,0,0,0
1000000US500070034005015,32,32,0
1000000US500070034005016,0,0,0
1000000US500070034005017,0,0,0
1000000US500070034005018,0,0,0
1000000US500070034005019,11,11,0
1000000US500070034005020,65,61,4
1000000US500070034005021,25,25,0
1000000US500070034005022,29,27,2
1000000US500070035011000,23,23,0
1000000US500070035011001,34,31,3
1000000US500070035011002,46,42,4
1000000US500070035011003,31,31,0
1000000US500070035011004,6,6,0
1000000US500070035011005,59,56,3
1000000US500070035011006,0,0,0
1000000US500070035011007,106,100,6
1000000US500070035011008,0,0,0
1000000US500070035011009,63,55,8
1000000US500070035011010,19,19,0
1000000US500070035011011,1,1,0
1000000US500070035011012,86,80,6
1000000US500070035011013,0,0,0
1000000US500070035011014,0,0,0
1000000US500070035011015,0,0,0
1000000US500070035011016,3,3,0
1000000US500070035011017,3,3,0
1000000US500070035011018,0,0,0
1000000US500070035011019,45,45,0
1000000US500070035011020,6,5,1
1000000US500070035011021,4,4,0
1000000US500070035011022,30,27,3
1000000US500070035011023,0,0,0
1000000US500070035011024,7,6,1
1000000US500070035011025,0,0,0
1000000US500070035011026,2,2,0
1000000US500070035011027,40,39,1
1000000US500070035011028,0,0,0
1000000US500070035011029,31,28,3
1000000US500070035011030,0,0,0
1000000US500070035011031,0,0,0
1000000US500070035011032,0,0,0
1000000US500070035011033,0,0,0
1000000US500070035011034,15,12,3
1000000US500070035011035,17,15,2
1000000US500070035011036,1,1,0
1000000US500070035011037,13,13,0
1000000US500070035011038,13,13,0
1000000US500070035011039,9,9,0
1000000US500070035011040,0,0,0
1000000US500070035012000,26,26,0
1000000US500070035012001,21,21,0
1000000US500070035012002,1,1,0
1000000US500070035012003,5,4,1
1000000US500070035012004,15,14,1
1000000US500070035012005,1,1,0
1000000US500070035012006,10,10,0
1000000US500070035012007,0,0,0
1000000US500070035012008,36,34,2
1000000US500070035012009,6,6,0
1000000US500070035012010,56,55,1
1000000US500070035012011,1,1,0
1000000US500070035012012,9,9,0
1000000US500070035012013,1,1,0
1000000US500070035012014,66,62,4
1000000US500070035012015,0,0,0
1000000US500070035012016,3,3,0
1000000US500070035012017,18,17,1
1000000US500070035012018,35,34,1
1000000US500070035012019,8,6,2
1000000US500070035012020,6,6,0
1000000US500070035012021,20,19,1
1000000US500070035012022,1,1,0
1000000US500070035012023,38,36,2
1000000US500070035012024,30,29,1
1000000US500070035012025,0,0,0
1000000US500070035013000,19,19,0
1000000US500070035013001,20,20,0
1000000US500070035013002,0,0,0
1000000US500070035013003,0,0,0
1000000US500070035013004,49,43,6
1000000US500070035013005,0,0,0
1000000US500070035013006,0,0,0
1000000US500070035013007,0,0,0
1000000US500070035013008,0,0,0
1000000US500070035013009,24,22,2
1000000US500070035013010,1,1,0
1000000US500070035013011,37,34,3
1000000US500070035013012,41,39,2
1000000US500070035013013,17,17,0
1000000US500070035013014,21,20,1
1000000US500070035013015,49,39,10
1000000US500070035013016,0,0,0
1000000US500070035013017,0,0,0
1000000US500070035013018,9,0,9
1000000US500070035013019,4,0,4
1000000US500070035013020,254,73,181
1000000US500070035013021,0,0,0
1000000US500070035013022,0,0,0
1000000US500070035013023,1,0,1
1000000US500070035013024,0,0,0
1000000US500070035013025,6,3,3
1000000US500070035013026,0,0,0
1000000US500070035013027,0,0,0
1000000US500070035013028,1,0,1
1000000US500070035013029,0,0,0
1000000US500070035013030,0,0,0
1000000US500070035013031,4,3,1
1000000US500070035013032,23,21,2
1000000US500070035013033,0,0,0
1000000US500070035013034,0,0,0
1000000US500070035013035,0,0,0
1000000US500070035021000,37,34,3
1000000US500070035021001,4,4,0
1000000US500070035021002,25,23,2
1000000US500070035021003,0,0,0
1000000US500070035021004,11,11,0
1000000US500070035021005,0,0,0
1000000US500070035021006,11,10,1
1000000US500070035021007,9,9,0
1000000US500070035021008,20,17,3
1000000US500070035021009,17,17,0
1000000US500070035021010,5,5,0
1000000US500070035021011,5,4,1
1000000US500070035021012,34,34,0
1000000US500070035021013,0,0,0
1000000US500070035021014,62,59,3
1000000US500070035021015,69,68,1
1000000US500070035021016,0,0,0
1000000US500070035021017,0,0,0
1000000US500070035021018,2,2,0
1000000US500070035021019,13,13,0
1000000US500070035021020,0,0,0
1000000US500070035021021,0,0,0
1000000US500070035021022,23,23,0
1000000US500070035021023,1,1,0
1000000US500070035021024,0,0,0
1000000US500070035021025,4,4,0
1000000US500070035021026,19,19,0
1000000US500070035021027,4,4,0
1000000US500070035021028,0,0,0
1000000US500070035021029,0,0,0
1000000US500070035021030,7,7,0
1000000US500070035021031,0,0,0
1000000US500070035021032,4,4,0
1000000US500070035021033,6,6,0
1000000US500070035021034,3,3,0
1000000US500070035021035,0,0,0
1000000US500070035021036,11,11,0
1000000US500070035021037,10,9,1
1000000US500070035021038,0,0,0
1000000US500070035021039,4,4,0
1000000US500070035021040,14,14,0
1000000US500070035021041,30,30,0
1000000US500070035021042,4,4,0
1000000US500070035021043,4,4,0
1000000US500070035021044,0,0,0
1000000US500070035022000,21,19,2
1000000US500070035022001,40,35,5
1000000US500070035022002,0,0,0
1000000US500070035022003,0,0,0
1000000US500070035022004,0,0,0
1000000US500070035022005,2,2,0
1000000US500070035022006,22,19,3
1000000US500070035022007,127,123,4
1000000US500070035022008,4,4,0
1000000US500070035022009,12,12,0
1000000US500070035022010,0,0,0
1000000US500070035022011,7,7,0
1000000US500070035022012,32,32,0
1000000US500070035022013,0,0,0
1000000US500070035022014,16,14,2
1000000US500070035022015,6,6,0
1000000US500070035022016,3,2,1
1000000US500070035023000,15,15,0
1000000US500070035023001,5,5,0
1000000US500070035023002,3,3,0
1000000US500070035023003,1,1,0
1000000US500070035023004,11,11,0
1000000US500070035023005,74,70,4
1000000US500070035023006,3,3,0
1000000US500070035023007,1,1,0
1000000US500070035023008,0,0,0
1000000US500070035023009,0,0,0
1000000US500070035023010,0,0,0
1000000US500070035023011,6,6,0
1000000US500070035023012,142,135,7
1000000US500070035023013,0,0,0
1000000US500070035023014,0,0,0
1000000US500070035023015,65,60,5
1000000US500070035023016,0,0,0
1000000US500070035023017,0,0,0
1000000US500070035023018,1,1,0
1000000US500070035023019,0,0,0
1000000US500070035023020,0,0,0
1000000US500070035023021,4,4,0
1000000US500070035023022,6,6,0
1000000US500070035023023,0,0,0
1000000US500070035024000,7,2,5
1000000US500070035024001,0,0,0
1000000US500070035024002,0,0,0
1000000US500070035024003,0,0,0
1000000US500070035024004,0,0,0
1000000US500070035024005,70,48,22
1000000US500070035024006,0,0,0
1000000US500070035024007,89,88,1
1000000US500070035024008,8,8,0
1000000US500070035024009,83,80,3
1000000US500070035024010,0,0,0
1000000US500070035024011,142,138,4
1000000US500070035024012,6,6,0
1000000US500070035024013,0,0,0
1000000US500070035024014,0,0,0
1000000US500070035024015,0,0,0
1000000US500070035024016,0,0,0
1000000US500070035024017,47,17,30
1000000US500070035024018,5,3,2
1000000US500070035024019,182,181,1
1000000US500070035024020,19,18,1
1000000US500070035024021,16,15,1
1000000US500070035024022,23,21,2
1000000US500070035024023,9,9,0
1000000US500070035024024,1,1,0
1000000US500070035024025,17,16,1
1000000US500070035024026,12,11,1
1000000US500070035024027,26,26,0
1000000US500070035024028,21,21,0
1000000US500070035024029,0,0,0
1000000US500070035024030,215,210,5
1000000US500070035024031,0,0,0
1000000US500070035024032,23,23,0
1000000US500070035024033,3,3,0
1000000US500070035024034,1,1,0
1000000US500070035024035,13,13,0
1000000US500070035031000,262,240,22
1000000US500070035031001,0,0,0
1000000US500070035031002,7,7,0
1000000US500070035031003,17,16,1
1000000US500070035031004,21,14,7
1000000US500070035031005,3,2,1
1000000US500070035031006,1,0,1
1000000US500070035031007,6,6,0
1000000US500070035031008,2,2,0
1000000US500070035031009,0,0,0
1000000US500070035031010,3,2,1
1000000US500070035031011,12,8,4
1000000US500070035031012,4,3,1
1000000US500070035031013,0,0,0
1000000US500070035031014,1,1,0
1000000US500070035031015,10,10,0
1000000US500070035031016,17,17,0
1000000US500070035031017,0,0,0
1000000US500070035031018,0,0,0
1000000US500070035031019,13,12,1
1000000US500070035031020,49,42,7
1000000US500070035031021,0,0,0
1000000US500070035031022,8,8,0
1000000US500070035031023,5,5,0
1000000US500070035031024,0,0,0
1000000US500070035031025,12,12,0
1000000US500070035031026,17,16,1
1000000US500070035031027,3,3,0
1000000US500070035031028,0,0,0
1000000US500070035031029,17,15,2
1000000US500070035031030,0,0,0
1000000US500070035031031,0,0,0
1000000US500070035031032,15,14,1
1000000US500070035031033,129,122,7
1000000US500070035031034,3,3,0
1000000US500070035031035,1,1,0
1000000US500070035031036,6,5,1
1000000US500070035031037,0,0,0
1000000US500070035031038,40,37,3
1000000US500070035031039,3,3,0
1000000US500070035031040,0,0,0
1000000US500070035031041,45,45,0
1000000US500070035031042,2,2,0
1000000US500070035031043,4,4,0
1000000US500070035031044,1,1,0
1000000US500070035031045,8,7,1
1000000US500070035031046,0,0,0
1000000US500070035031047,0,0,0
1000000US500070035031048,3,3,0
1000000US500070035031049,6,6,0
1000000US500070035031050,24,23,1
1000000US500070035031051,1,1,0
1000000US500070035031052,2,1,1
1000000US500070035031053,9,8,1
1000000US500070035031054,6,4,2
1000000US500070035031055,1,0,1
1000000US500070035031056,8,8,0
1000000US500070035031057,9,9,0
1000000US500070035031058,2,2,0
1000000US500070035031059,0,0,0
1000000US500070035031060,9,8,1
1000000US500070035031061,2,2,0
1000000US500070035031062,6,5,1
1000000US500070035031063,0,0,0
1000000US500070035031064,0,0,0
1000000US500070036001000,0,0,0
1000000US500070036001001,0,0,0
1000000US500070036001002,28,27,1
1000000US500070036001003,11,10,1
1000000US500070036001004,0,0,0
1000000US500070036001005,0,0,0
1000000US500070036001006,0,0,0
1000000US500070036001007,0,0,0
1000000US500070036001008,0,0,0
1000000US500070036001009,0,0,0
1000000US500070036001010,0,0,0
1000000US500070036001011,0,0,0
1000000US500070036001012,0,0,0
1000000US500070036001013,0,0,0
1000000US500070036001014,0,0,0
1000000US500070036001015,193,184,9
1000000US500070036001016,1,1,0
1000000US500070036001017,0,0,0
1000000US500070036001018,0,0,0
1000000US500070036001019,0,0,0
1000000US500070036001020,0,0,0
1000000US500070036001021,0,0,0
1000000US500070036001022,0,0,0
1000000US500070036001023,0,0,0
1000000US500070036001024,0,0,0
1000000US500070036001025,0,0,0
1000000US500070036001026,0,0,0
1000000US500070036001027,0,0,0
1000000US500070036001028,97,94,3
1000000US500070036001029,2,2,0
1000000US500070036001030,0,0,0
1000000US500070036001031,0,0,0
1000000US500070036001032,0,0,0
1000000US500070036001033,0,0,0
1000000US500070036001034,0,0,0
1000000US500070036001035,0,0,0
1000000US500070036002000,168,158,10
1000000US500070036002001,0,0,0
1000000US500070036002002,7,7,0
1000000US500070036002003,0,0,0
1000000US500070036002004,0,0,0
1000000US500070036002005,0,0,0
1000000US500070036002006,0,0,0
1000000US500070036002007,0,0,0
1000000US500070036002008,0,0,0
1000000US500070036002009,280,274,6
1000000US500070036002010,0,0,0
1000000US500070036002011,44,44,0
1000000US500070036002012,60,59,1
1000000US500070036002013,0,0,0
1000000US500070036002014,0,0,0
1000000US500070036002015,0,0,0
1000000US500070036002016,0,0,0
1000000US500070036002017,0,0,0
1000000US500070036002018,34,34,0
1000000US500070036002019,0,0,0
1000000US500070036002020,0,0,0
1000000US500070036002021,0,0,0
1000000US500070036002022,41,41,0
1000000US500070036002023,0,0,0
1000000US500070036002024,0,0,0
1000000US500070036002025,51,51,0
1000000US500070036002026,1,1,0
1000000US500070036002027,0,0,0
1000000US500070036002028,8,8,0
1000000US500070036002029,144,140,4
1000000US500070036002030,6,4,2
1000000US500070036002031,10,10,0
1000000US500070036002032,16,16,0
1000000US500070036002033,7,7,0
1000000US500070036002034,21,21,0
1000000US500070036002035,10,10,0
1000000US500070036002036,19,19,0
1000000US500070036002037,30,25,5
1000000US500070036002038,0,0,0
1000000US500070036002039,0,0,0
1000000US500070036002040,76,71,5
1000000US500070036002041,0,0,0
1000000US500070036002042,0,0,0
1000000US500070036002043,2,2,0
1000000US500070036003000,0,0,0
1000000US500070036003001,171,159,12
1000000US500070036003002,1,1,0
1000000US500070036003003,8,8,0
1000000US500070036003004,124,116,8
1000000US500070036003005,36,33,3
1000000US500070036003006,88,86,2
1000000US500070036003007,0,0,0
1000000US500070036003008,22,22,0
1000000US500070036003009,0,0,0
1000000US500070036003010,0,0,0
1000000US500070036003011,2,2,0
1000000US500070036003012,252,240,12
1000000US500070036003013,3,3,0
1000000US500070036003014,8,8,0
1000000US500070036003015,4,3,1
1000000US500070036003016,0,0,0
1000000US500070036003017,12,12,0
1000000US500070036003018,11,11,0
1000000US500070036003019,0,0,0
1000000US500070039001000,29,28,1
1000000US500070039001001,9,9,0
1000000US500070039001002,9,9,0
1000000US500070039001003,32,29,3
1000000US500070039001004,4,3,1
1000000US500070039001005,74,72,2
1000000US500070039001006,38,36,2
1000000US500070039001007,18,17,1
1000000US500070039001008,126,113,13
1000000US500070039001009,64,64,0
1000000US500070039001010,13,13,0
1000000US500070039002000,0,0,0
1000000US500070039002001,6,6,0
1000000US500070039002002,0,0,0
1000000US500070039002003,58,56,2
1000000US500070039002004,30,27,3
1000000US500070039002005,29,28,1
1000000US500070039002006,0,0,0
1000000US500070039002007,2,2,0
1000000US500070039002008,0,0,0
1000000US500070039002009,73,70,3
1000000US500070039002010,0,0,0
1000000US500070039002011,0,0,0
1000000US500070039002012,17,16,1
1000000US500070039002013,0,0,0
1000000US500070039002014,0,0,0
1000000US500070039002015,7,7,0
1000000US500070039002016,2,2,0
1000000US500070039003000,12,7,5
1000000US500070039003001,0,0,0
1000000US500070039003002,0,0,0
1000000US500070039003003,1,1,0
1000000US500070039003004,0,0,0
1000000US500070039003005,0,0,0
1000000US500070039003006,0,0,0
1000000US500070039003007,0,0,0
1000000US500070039003008,0,0,0
1000000US500070039003009,0,0,0
1000000US500070039003010,0,0,0
1000000US500070039003011,0,0,0
1000000US500070039003012,0,0,0
1000000US500070039003013,0,0,0
1000000US500070039003014,0,0,0
1000000US500070039003015,0,0,0
1000000US500070040021000,0,0,0
1000000US500070040021001,212,206,6
1000000US500070040021002,0,0,0
1000000US500070040021003,0,0,0
1000000US500070040021004,0,0,0
1000000US500070040021005,7,7,0
1000000US500070040021006,0,0,0
1000000US500070040021007,0,0,0
1000000US500070040021008,0,0,0
1000000US500070040021009,0,0,0
1000000US500070040021010,8,8,0
1000000US500070040021011,7,7,0
1000000US500070040021012,0,0,0
1000000US500070040021013,6,6,0
1000000US500070040021014,59,57,2
1000000US500070040021015,0,0,0
1000000US500070040021016,0,0,0
1000000US500070040021017,0,0,0
1000000US500070040021018,0,0,0
1000000US500070040021019,0,0,0
1000000US500070040021020,3,3,0
1000000US500070040021021,0,0,0
1000000US500070040021022,0,0,0
1000000US500070040021023,26,26,0
1000000US500070040021024,0,0,0
1000000US500070040021025,39,33,6
1000000US500070040021026,15,15,0
1000000US500070040021027,0,0,0
1000000US500070040021028,0,0,0
1000000US500070040021029,0,0,0
1000000US500070040021030,18,17,1
1000000US500070040021031,2,1,1
1000000US500070040021032,191,184,7
1000000US500070040021033,12,12,0
1000000US500070040021034,12,11,1
1000000US500070040021035,0,0,0
1000000US500070040021036,3,2,1
1000000US500070040021037,23,23,0
1000000US500070040021038,17,17,0
1000000US500070040021039,31,30,1
1000000US500070040021040,6,6,0
1000000US500070040021041,0,0,0
1000000US500070040021042,266,256,10
1000000US500070040021043,0,0,0
1000000US500070040021044,0,0,0
1000000US500070040021045,0,0,0
1000000US500070040021046,0,0,0
1000000US500070040021047,6,6,0
1000000US500070040021048,165,153,12
1000000US500070040021049,1,1,0
1000000US500070040021050,1,1,0
1000000US500070040021051,40,39,1
1000000US500070040021052,0,0,0
1000000US500070040021053,0,0,0
1000000US500070040021054,48,43,5
1000000US500070040021055,0,0,0
1000000US500070040021056,0,0,0
1000000US500070040022000,33,31,2
1000000US500070040022001,0,0,0
1000000US500070040022002,39,25,14
1000000US500070040022003,112,108,4
1000000US500070040022004,13,12,1
1000000US500070040022005,29,29,0
1000000US500070040022006,6,4,2
1000000US500070040022007,0,0,0
1000000US500070040022008,19,13,6
1000000US500070040022009,55,52,3
1000000US500070040022010,50,47,3
1000000US500070040022011,72,71,1
1000000US500070040022012,24,24,0
1000000US500070040022013,22,21,1
1000000US500070040022014,25,24,1
1000000US500070040022015,33,31,2
1000000US500070040022016,48,45,3
1000000US500070040022017,25,25,0
1000000US500070040022018,68,67,1
1000000US500070040022019,11,11,0
1000000US500070040022020,23,22,1
1000000US500070040022021,109,103,6
1000000US500070040022022,17,17,0
1000000US500070040022023,0,0,0
1000000US500070040022024,0,0,0
1000000US500070040022025,0,0,0
1000000US500070040022026,103,95,8
1000000US500070040022027,0,0,0
1000000US500070040022028,0,0,0
1000000US500070040022029,27,25,2
1000000US500070040022030,0,0,0
1000000US500070040022031,31,30,1
1000000US500079800001000,0,0,0
1000000US500099501001000,5,2,3
1000000US500099501001001,0,0,0
1000000US500099501001002,0,0,0
1000000US500099501001003,8,2,6
1000000US500099501001004,13,11,2
1000000US500099501001005,0,0,0
1000000US500099501001006,0,0,0
1000000US500099501001007,0,0,0
1000000US500099501001008,0,0,0
1000000US500099501001009,2,2,0
1000000US500099501001010,3,2,1
1000000US500099501001011,0,0,0
1000000US500099501001012,0,0,0
1000000US500099501001013,0,0,0
1000000US500099501001014,0,0,0
1000000US500099501001015,46,33,13
1000000US500099501001016,2,2,0
1000000US500099501001017,4,3,1
1000000US500099501001018,0,0,0
1000000US500099501001019,0,0,0
1000000US500099501001020,0,0,0
1000000US500099501001021,0,0,0
1000000US500099501001022,0,0,0
1000000US500099501001023,1,0,1
1000000US500099501001024,0,0,0
1000000US500099501001025,5,4,1
1000000US500099501001026,0,0,0
1000000US500099501001027,0,0,0
1000000US500099501001028,0,0,0
1000000US500099501001029,0,0,0
1000000US500099501001030,0,0,0
1000000US500099501001031,0,0,0
1000000US500099501001032,0,0,0
1000000US500099501001033,0,0,0
1000000US500099501001034,0,0,0
1000000US500099501001035,0,0,0
1000000US500099501001036,0,0,0
1000000US500099501001037,1,0,1
1000000US500099501001038,0,0,0
1000000US500099501001039,0,0,0
1000000US500099501001040,0,0,0
1000000US500099501001041,0,0,0
1000000US500099501001042,0,0,0
1000000US500099501001043,0,0,0
1000000US500099501001044,0,0,0
1000000US500099501001045,0,0,0
1000000US500099501001046,0,0,0
1000000US500099501001047,0,0,0
1000000US500099501001048,0,0,0
1000000US500099501001049,0,0,0
1000000US500099501001050,0,0,0
1000000US500099501001051,1,0,1
1000000US500099501001052,0,0,0
1000000US500099501001053,0,0,0
1000000US500099501001054,0,0,0
1000000US500099501001055,1,0,1
1000000US500099501001056,1,0,1
1000000US500099501001057,0,0,0
1000000US500099501001058,2,2,0
1000000US500099501001059,1,0,1
1000000US500099501001060,0,0,0
1000000US500099501001061,1,0,1
1000000US500099501001062,0,0,0
1000000US500099501001063,0,0,0
1000000US500099501001064,0,0,0
1000000US500099501001065,15,8,7
1000000US500099501001066,0,0,0
1000000US500099501001067,1,1,0
1000000US500099501001068,0,0,0
1000000US500099501001069,0,0,0
1000000US500099501001070,17,5,12
1000000US500099501001071,0,0,0
1000000US500099501001072,0,0,0
1000000US500099501001073,1,0,1
1000000US500099501001074,0,0,0
1000000US500099501001075,2,1,1
1000000US500099501001076,5,0,5
1000000US500099501001077,4,1,3
1000000US500099501001078,0,0,0
1000000US500099501001079,6,1,5
1000000US500099501001080,0,0,0
1000000US500099501001081,0,0,0
1000000US500099501001082,9,0,9
1000000US500099501001083,0,0,0
1000000US500099501001084,0,0,0
1000000US500099501001085,0,0,0
1000000US500099501001086,0,0,0
1000000US500099501001087,0,0,0
1000000US500099501001088,5,0,5
1000000US500099501001089,14,0,14
1000000US500099501001090,0,0,0
1000000US500099501001091,0,0,0
1000000US500099501001092,0,0,0
1000000US500099501001093,0,0,0
1000000US500099501001094,0,0,0
1000000US500099501001095,0,0,0
1000000US500099501001096,0,0,0
1000000US500099501001097,8,1,7
1000000US500099501001098,0,0,0
1000000US500099501001099,0,0,0
1000000US500099501001100,2,0,2
1000000US500099501001101,0,0,0
1000000US500099501001102,0,0,0
1000000US500099501001103,0,0,0
1000000US500099501001104,0,0,0
1000000US500099501001105,21,2,19
1000000US500099501001106,0,0,0
1000000US500099501001107,0,0,0
1000000US500099501001108,0,0,0
1000000US500099501001109,0,0,0
1000000US500099501001110,0,0,0
1000000US500099501001111,7,1,6
1000000US500099501001112,0,0,0
1000000US500099501001113,1,0,1
1000000US500099501001114,7,0,7
1000000US500099501001115,1,0,1
1000000US500099501001116,0,0,0
1000000US500099501001117,0,0,0
1000000US500099501001118,1,0,1
1000000US500099501001119,0,0,0
1000000US500099501001120,0,0,0
1000000US500099501001121,0,0,0
1000000US500099501001122,0,0,0
1000000US500099501001123,7,0,7
1000000US500099501001124,0,0,0
1000000US500099501001125,0,0,0
1000000US500099501001126,12,4,8
1000000US500099501001127,4,0,4
1000000US500099501001128,0,0,0
1000000US500099501001129,5,0,5
1000000US500099501001130,12,1,11
1000000US500099501001131,4,0,4
1000000US500099501001132,1,0,1
1000000US500099501001133,0,0,0
1000000US500099501001134,3,0,3
1000000US500099501001135,1,0,1
1000000US500099501001136,1,0,1
1000000US500099501001137,0,0,0
1000000US500099501001138,2,0,2
1000000US500099501001139,1,0,1
1000000US500099501001140,0,0,0
1000000US500099501001141,0,0,0
1000000US500099501001142,35,1,34
1000000US500099501001143,27,1,26
1000000US500099501001144,0,0,0
1000000US500099501001145,0,0,0
1000000US500099501001146,0,0,0
1000000US500099501001147,0,0,0
1000000US500099501001148,3,1,2
1000000US500099501001149,0,0,0
1000000US500099501001150,0,0,0
1000000US500099501001151,0,0,0
1000000US500099501001152,1,0,1
1000000US500099501001153,1,0,1
1000000US500099501001154,11,3,8
1000000US500099501001155,1,0,1
1000000US500099501001156,0,0,0
1000000US500099501001157,0,0,0
1000000US500099501001158,7,0,7
1000000US500099501001159,6,1,5
1000000US500099501001160,0,0,0
1000000US500099501001161,20,0,20
1000000US500099501001162,0,0,0
1000000US500099501001163,0,0,0
1000000US500099501001164,0,0,0
1000000US500099501001165,1,0,1
1000000US500099501001166,1,0,1
1000000US500099501001167,0,0,0
1000000US500099501001168,1,0,1
1000000US500099501001169,0,0,0
1000000US500099501001170,11,0,11
1000000US500099501001171,38,4,34
1000000US500099501001172,0,0,0
1000000US500099501001173,0,0,0
1000000US500099501001174,0,0,0
1000000US500099501001175,4,0,4
1000000US500099501001176,39,3,36
1000000US500099501001177,0,0,0
1000000US500099501001178,0,0,0
1000000US500099501001179,0,0,0
1000000US500099501001180,0,0,0
1000000US500099501001181,9,3,6
1000000US500099501001182,5,2,3
1000000US500099501001183,0,0,0
1000000US500099501001184,0,0,0
1000000US500099501001185,0,0,0
1000000US500099501001186,0,0,0
1000000US500099501001187,0,0,0
1000000US500099501001188,0,0,0
1000000US500099501001189,26,23,3
1000000US500099501001190,2,1,1
1000000US500099501001191,1,1,0
1000000US500099501001192,0,0,0
1000000US500099501001193,0,0,0
1000000US500099501001194,2,1,1
1000000US500099501001195,0,0,0
1000000US500099501001196,0,0,0
1000000US500099501001197,26,10,16
1000000US500099501001198,0,0,0
1000000US500099501001199,0,0,0
1000000US500099501001200,0,0,0
1000000US500099501001201,0,0,0
1000000US500099501001202,0,0,0
1000000US500099501001203,0,0,0
1000000US500099501001204,2,1,1
1000000US500099501001205,0,0,0
1000000US500099501001206,0,0,0
1000000US500099501001207,0,0,0
1000000US500099501001208,0,0,0
1000000US500099501001209,127,74,53
1000000US500099501001210,1,0,1
1000000US500099501001211,1,1,0
1000000US500099501001212,0,0,0
1000000US500099501001213,3,2,1
1000000US500099501001214,0,0,0
1000000US500099501001215,8,0,8
1000000US500099501001216,0,0,0
1000000US500099501001217,1,0,1
1000000US500099501001218,13,1,12
1000000US500099501001219,0,0,0
1000000US500099501001220,0,0,0
1000000US500099501001221,0,0,0
1000000US500099501001222,3,1,2
1000000US500099501001223,0,0,0
1000000US500099501001224,0,0,0
1000000US500099501001225,0,0,0
1000000US500099501001226,0,0,0
1000000US500099501001227,6,6,0
1000000US500099501001228,1,1,0
1000000US500099501001229,0,0,0
1000000US500099501001230,2,2,0
1000000US500099501001231,3,2,1
1000000US500099501001232,5,3,2
1000000US500099501001233,0,0,0
1000000US500099501001234,0,0,0
1000000US500099501001235,0,0,0
1000000US500099501001236,0,0,0
1000000US500099501001237,11,7,4
1000000US500099501001238,1,0,1
1000000US500099501001239,0,0,0
1000000US500099501001240,0,0,0
1000000US500099501001241,0,0,0
1000000US500099501001242,0,0,0
1000000US500099501001243,0,0,0
1000000US500099501001244,4,0,4
1000000US500099501001245,0,0,0
1000000US500099501001246,1,0,1
1000000US500099501001247,0,0,0
1000000US500099501001248,0,0,0
1000000US500099501001249,3,0,3
1000000US500099501001250,1,0,1
1000000US500099501001251,1,0,1
1000000US500099501001252,0,0,0
1000000US500099501001253,0,0,0
1000000US500099501001254,3,0,3
1000000US500099501001255,1,0,1
1000000US500099501001256,0,0,0
1000000US500099501001257,1,0,1
1000000US500099501001258,0,0,0
1000000US500099501001259,0,0,0
1000000US500099501001260,0,0,0
1000000US500099501001261,0,0,0
1000000US500099501001262,0,0,0
1000000US500099501001263,2,0,2
1000000US500099501001264,2,0,2
1000000US500099501001265,0,0,0
1000000US500099501001266,0,0,0
1000000US500099501001267,0,0,0
1000000US500099501001268,2,0,2
1000000US500099501001269,13,6,7
1000000US500099501001270,3,1,2
1000000US500099501001271,1,1,0
1000000US500099501001272,5,3,2
1000000US500099501001273,0,0,0
1000000US500099501001274,1,1,0
1000000US500099501001275,10,0,10
1000000US500099501001276,0,0,0
1000000US500099501001277,0,0,0
1000000US500099501001278,0,0,0
1000000US500099501001279,2,2,0
1000000US500099501001280,0,0,0
1000000US500099501001281,8,0,8
1000000US500099501001282,0,0,0
1000000US500099501001283,0,0,0
1000000US500099501001284,1,0,1
1000000US500099501001285,1,0,1
1000000US500099501001286,0,0,0
1000000US500099501001287,1,0,1
1000000US500099501001288,1,0,1
1000000US500099501001289,0,0,0
1000000US500099501001290,0,0,0
1000000US500099501001291,0,0,0
1000000US500099501001292,10,0,10
1000000US500099501001293,0,0,0
1000000US500099501001294,1,0,1
1000000US500099501001295,0,0,0
1000000US500099501001296,0,0,0
1000000US500099501001297,0,0,0
1000000US500099501001298,1,0,1
1000000US500099501001299,0,0,0
1000000US500099501001300,0,0,0
1000000US500099501001301,0,0,0
1000000US500099501001302,0,0,0
1000000US500099501001303,1,0,1
1000000US500099501001304,12,0,12
1000000US500099501001305,0,0,0
1000000US500099501001306,0,0,0
1000000US500099501001307,0,0,0
1000000US500099501001308,0,0,0
1000000US500099501001309,0,0,0
1000000US500099501001310,1,0,1
1000000US500099501001311,20,11,9
1000000US500099501001312,3,0,3
1000000US500099501001313,2,2,0
1000000US500099501001314,1,1,0
1000000US500099501001315,0,0,0
1000000US500099501001316,4,4,0
1000000US500099501001317,1,1,0
1000000US500099501001318,3,2,1
1000000US500099501001319,0,0,0
1000000US500099501001320,0,0,0
1000000US500099501001321,4,4,0
1000000US500099501001322,9,4,5
1000000US500099501001323,3,0,3
1000000US500099501001324,1,1,0
1000000US500099501001325,1,1,0
1000000US500099501001326,0,0,0
1000000US500099501001327,16,10,6
1000000US500099501001328,0,0,0
1000000US500099501001329,2,0,2
1000000US500099501001330,0,0,0
1000000US500099501001331,0,0,0
1000000US500099501001332,0,0,0
1000000US500099501001333,1,0,1
1000000US500099501001334,0,0,0
1000000US500099501001335,1,0,1
1000000US500099501001336,7,7,0
1000000US500099501001337,0,0,0
1000000US500099501001338,0,0,0
1000000US500099501001339,0,0,0
1000000US500099501001340,0,0,0
1000000US500099501001341,0,0,0
1000000US500099501001342,1,1,0
1000000US500099501001343,4,4,0
1000000US500099501001344,0,0,0
1000000US500099501001345,0,0,0
1000000US500099501001346,3,3,0
1000000US500099501001347,0,0,0
1000000US500099501001348,0,0,0
1000000US500099501001349,0,0,0
1000000US500099501001350,0,0,0
1000000US500099501001351,0,0,0
1000000US500099501001352,0,0,0
1000000US500099501001353,0,0,0
1000000US500099501001354,1,0,1
1000000US500099501001355,2,0,2
1000000US500099501001356,0,0,0
1000000US500099501001357,2,0,2
1000000US500099501001358,0,0,0
1000000US500099501001359,0,0,0
1000000US500099501001360,1,0,1
1000000US500099501001361,0,0,0
1000000US500099501001362,0,0,0
1000000US500099501001363,0,0,0
1000000US500099501001364,1,0,1
1000000US500099501001365,0,0,0
1000000US500099501001366,125,23,102
1000000US500099501001367,0,0,0
1000000US500099501001368,0,0,0
1000000US500099501001369,35,2,33
1000000US500099501001370,0,0,0
1000000US500099501001371,34,8,26
1000000US500099501001372,0,0,0
1000000US500099501001373,0,0,0
1000000US500099501001374,0,0,0
1000000US500099501001375,0,0,0
1000000US500099501001376,27,3,24
1000000US500099501001377,0,0,0
1000000US500099501001378,0,0,0
1000000US500099501001379,1,0,1
1000000US500099501001380,0,0,0
1000000US500099501001381,10,0,10
1000000US500099501001382,0,0,0
1000000US500099501001383,0,0,0
1000000US500099501001384,0,0,0
1000000US500099501001385,0,0,0
1000000US500099501001386,0,0,0
1000000US500099501001387,0,0,0
1000000US500099501001388,0,0,0
1000000US500099501001389,0,0,0
1000000US500099501001390,0,0,0
1000000US500099501001391,0,0,0
1000000US500099501001392,5,0,5
1000000US500099501001393,0,0,0
1000000US500099501001394,2,0,2
1000000US500099501001395,0,0,0
1000000US500099501001396,0,0,0
1000000US500099501001397,0,0,0
1000000US500099501001398,0,0,0
1000000US500099501001399,1,0,1
1000000US500099501001400,2,0,2
1000000US500099501001401,2,0,2
1000000US500099501001402,0,0,0
1000000US500099501001403,43,30,13
1000000US500099501001404,10,5,5
1000000US500099501001405,1,1,0
1000000US500099501001406,1,1,0
1000000US500099501001407,0,0,0
1000000US500099501001408,0,0,0
1000000US500099501001409,0,0,0
1000000US500099501001410,0,0,0
1000000US500099501001411,0,0,0
1000000US500099501001412,0,0,0
1000000US500099501001413,0,0,0
1000000US500099501001414,0,0,0
1000000US500099501001415,14,12,2
1000000US500099501001416,0,0,0
1000000US500099501001417,0,0,0
1000000US500099501001418,0,0,0
1000000US500099501001419,0,0,0
1000000US500099501001420,0,0,0
1000000US500099501001421,0,0,0
1000000US500099501001422,1,1,0
1000000US500099501001423,11,7,4
1000000US500099501001424,1,0,1
1000000US500099501001425,0,0,0
1000000US500099501001426,0,0,0
1000000US500099501001427,0,0,0
1000000US500099501001428,0,0,0
1000000US500099501001429,0,0,0
1000000US500099501001430,0,0,0
1000000US500099501001431,0,0,0
1000000US500099501001432,0,0,0
1000000US500099501001433,0,0,0
1000000US500099501001434,0,0,0
1000000US500099501001435,4,0,4
1000000US500099501001436,0,0,0
1000000US500099501001437,0,0,0
1000000US500099501001438,0,0,0
1000000US500099501001439,3,0,3
1000000US500099501001440,1,0,1
1000000US500099501001441,0,0,0
1000000US500099501001442,0,0,0
1000000US500099501001443,0,0,0
1000000US500099501001444,0,0,0
1000000US500099501001445,0,0,0
1000000US500099501001446,0,0,0
1000000US500099501001447,0,0,0
1000000US500099501001448,0,0,0
1000000US500099501001449,0,0,0
1000000US500099501001450,0,0,0
1000000US500099501001451,4,0,4
1000000US500099501001452,0,0,0
1000000US500099501001453,0,0,0
1000000US500099501001454,0,0,0
1000000US500099501001455,0,0,0
1000000US500099501001456,0,0,0
1000000US500099501001457,0,0,0
1000000US500099501001458,0,0,0
1000000US500099501001459,0,0,0
1000000US500099501001460,0,0,0
1000000US500099501001461,0,0,0
1000000US500099501001462,0,0,0
1000000US500099501001463,0,0,0
1000000US500099501001464,0,0,0
1000000US500099501001465,0,0,0
1000000US500099501001466,0,0,0
1000000US500099501001467,0,0,0
1000000US500099501001468,1,0,1
1000000US500099501001469,0,0,0
1000000US500099501001470,0,0,0
1000000US500099501001471,0,0,0
1000000US500099501001472,0,0,0
1000000US500099501001473,0,0,0
1000000US500099501002000,0,0,0
1000000US500099501002001,4,4,0
1000000US500099501002002,11,10,1
1000000US500099501002003,0,0,0
1000000US500099501002004,0,0,0
1000000US500099501002005,15,12,3
1000000US500099501002006,26,21,5
1000000US500099501002007,0,0,0
1000000US500099501002008,0,0,0
1000000US500099501002009,0,0,0
1000000US500099501002010,0,0,0
1000000US500099501002011,15,10,5
1000000US500099501002012,0,0,0
1000000US500099501002013,0,0,0
1000000US500099501002014,0,0,0
1000000US500099501002015,0,0,0
1000000US500099501002016,2,2,0
1000000US500099501002017,7,5,2
1000000US500099501002018,6,6,0
1000000US500099501002019,11,9,2
1000000US500099501002020,0,0,0
1000000US500099501002021,34,30,4
1000000US500099501002022,46,33,13
1000000US500099501002023,0,0,0
1000000US500099501002024,15,14,1
1000000US500099501002025,0,0,0
1000000US500099501002026,0,0,0
1000000US500099501002027,0,0,0
1000000US500099501002028,2,2,0
1000000US500099501002029,0,0,0
1000000US500099501002030,8,4,4
1000000US500099501002031,0,0,0
1000000US500099501002032,1,1,0
1000000US500099501002033,2,2,0
1000000US500099501002034,0,0,0
1000000US500099501002035,0,0,0
1000000US500099501002036,1,1,0
1000000US500099501002037,8,5,3
1000000US500099501002038,0,0,0
1000000US500099501002039,0,0,0
1000000US500099501002040,1,1,0
1000000US500099501002041,0,0,0
1000000US500099501002042,0,0,0
1000000US500099501002043,1,0,1
1000000US500099501002044,6,3,3
1000000US500099501002045,8,7,1
1000000US500099501002046,1,0,1
1000000US500099501002047,1,0,1
1000000US500099501002048,9,6,3
1000000US500099501002049,7,0,7
1000000US500099501002050,20,2,18
1000000US500099501002051,51,21,30
1000000US500099501002052,2,2,0
1000000US500099501002053,0,0,0
1000000US500099501002054,0,0,0
1000000US500099501002055,5,1,4
1000000US500099501002056,0,0,0
1000000US500099501002057,2,2,0
1000000US500099501002058,1,0,1
1000000US500099501002059,2,0,2
1000000US500099501002060,0,0,0
1000000US500099501002061,40,31,9
1000000US500099501002062,1,1,0
1000000US500099501002063,0,0,0
1000000US500099501002064,0,0,0
1000000US500099501002065,2,0,2
1000000US500099501002066,2,2,0
1000000US500099501002067,20,17,3
1000000US500099501002068,0,0,0
1000000US500099501002069,0,0,0
1000000US500099501002070,8,7,1
1000000US500099501002071,7,7,0
1000000US500099501002072,4,4,0
1000000US500099501002073,1,0,1
1000000US500099501002074,15,9,6
1000000US500099501002075,0,0,0
1000000US500099501002076,3,1,2
1000000US500099501002077,0,0,0
1000000US500099501002078,4,2,2
1000000US500099501002079,0,0,0
1000000US500099501002080,4,3,1
1000000US500099501002081,12,7,5
1000000US500099501002082,1,0,1
1000000US500099501002083,0,0,0
1000000US500099501002084,0,0,0
1000000US500099501002085,0,0,0
1000000US500099501002086,0,0,0
1000000US500099501002087,0,0,0
1000000US500099501002088,0,0,0
1000000US500099501002089,0,0,0
1000000US500099501002090,0,0,0
1000000US500099501002091,0,0,0
1000000US500099501002092,8,1,7
1000000US500099501002093,0,0,0
1000000US500099501002094,0,0,0
1000000US500099501002095,1,1,0
1000000US500099501002096,0,0,0
1000000US500099501002097,0,0,0
1000000US500099501002098,0,0,0
1000000US500099501002099,0,0,0
1000000US500099501002100,0,0,0
1000000US500099501002101,1,1,0
1000000US500099501002102,0,0,0
1000000US500099501002103,0,0,0
1000000US500099501002104,0,0,0
1000000US500099501002105,24,17,7
1000000US500099501002106,0,0,0
1000000US500099501002107,5,3,2
1000000US500099501002108,0,0,0
1000000US500099501002109,14,11,3
1000000US500099501002110,0,0,0
1000000US500099501002111,0,0,0
1000000US500099501002112,0,0,0
1000000US500099501002113,5,3,2
1000000US500099501002114,6,6,0
1000000US500099501002115,3,2,1
1000000US500099501002116,0,0,0
1000000US500099501002117,0,0,0
1000000US500099501002118,44,36,8
1000000US500099501002119,3,2,1
1000000US500099501002120,4,2,2
1000000US500099501002121,15,10,5
1000000US500099501002122,0,0,0
1000000US500099501002123,0,0,0
1000000US500099501002124,9,9,0
1000000US500099501002125,2,2,0
1000000US500099501002126,1,0,1
1000000US500099501002127,25,21,4
1000000US500099501002128,7,5,2
1000000US500099501002129,0,0,0
1000000US500099501002130,0,0,0
1000000US500099501002131,0,0,0
1000000US500099502001000,6,2,4
1000000US500099502001001,0,0,0
1000000US500099502001002,2,1,1
1000000US500099502001003,1,0,1
1000000US500099502001004,1,0,1
1000000US500099502001005,2,1,1
1000000US500099502001006,0,0,0
1000000US500099502001007,1,0,1
1000000US500099502001008,21,7,14
1000000US500099502001009,0,0,0
1000000US500099502001010,0,0,0
1000000US500099502001011,4,4,0
1000000US500099502001012,0,0,0
1000000US500099502001013,5,0,5
1000000US500099502001014,0,0,0
1000000US500099502001015,0,0,0
1000000US500099502001016,0,0,0
1000000US500099502001017,0,0,0
1000000US500099502001018,0,0,0
1000000US500099502001019,1,0,1
1000000US500099502001020,0,0,0
1000000US500099502001021,0,0,0
1000000US500099502001022,0,0,0
1000000US500099502001023,15,1,14
1000000US500099502001024,1,0,1
1000000US500099502001025,0,0,0
1000000US500099502001026,0,0,0
1000000US500099502001027,0,0,0
1000000US500099502001028,0,0,0
1000000US500099502001029,2,2,0
1000000US500099502001030,16,7,9
1000000US500099502001031,0,0,0
1000000US500099502001032,13,2,11
1000000US500099502001033,0,0,0
1000000US500099502001034,21,4,17
1000000US500099502001035,0,0,0
1000000US500099502001036,7,2,5
1000000US500099502001037,0,0,0
1000000US500099502001038,0,0,0
1000000US500099502001039,2,1,1
1000000US500099502001040,4,2,2
1000000US500099502001041,2,0,2
1000000US500099502001042,0,0,0
1000000US500099502001043,0,0,0
1000000US500099502001044,35,32,3
1000000US500099502001045,0,0,0
1000000US500099502001046,8,4,4
1000000US500099502001047,34,25,9
1000000US500099502001048,7,7,0
1000000US500099502001049,1,1,0
1000000US500099502001050,5,5,0
1000000US500099502001051,32,11,21
1000000US500099502001052,0,0,0
1000000US500099502001053,0,0,0
1000000US500099502001054,0,0,0
1000000US500099502001055,0,0,0
1000000US500099502001056,0,0,0
1000000US500099502001057,26,24,2
1000000US500099502001058,3,0,3
1000000US500099502001059,0,0,0
1000000US500099502001060,0,0,0
1000000US500099502001061,0,0,0
1000000US500099502001062,0,0,0
1000000US500099502001063,18,15,3
1000000US500099502001064,12,5,7
1000000US500099502001065,0,0,0
1000000US500099502001066,0,0,0
1000000US500099502001067,1,1,0
1000000US500099502001068,5,5,0
1000000US500099502001069,6,6,0
1000000US500099502001070,40,27,13
1000000US500099502001071,6,5,1
1000000US500099502001072,1,1,0
1000000US500099502001073,0,0,0
1000000US500099502001074,13,8,5
1000000US500099502001075,0,0,0
1000000US500099502001076,0,0,0
1000000US500099502001077,0,0,0
1000000US500099502001078,1,1,0
1000000US500099502001079,0,0,0
1000000US500099502001080,3,3,0
1000000US500099502001081,20,12,8
1000000US500099502001082,12,8,4
1000000US500099502001083,5,5,0
1000000US500099502001084,14,12,2
1000000US500099502001085,6,5,1
1000000US500099502001086,8,6,2
1000000US500099502001087,1,0,1
1000000US500099502001088,5,4,1
1000000US500099502001089,0,0,0
1000000US500099502001090,1,1,0
1000000US500099502001091,5,3,2
1000000US500099502001092,0,0,0
1000000US500099502001093,5,5,0
1000000US500099502001094,7,5,2
1000000US500099502001095,1,1,0
1000000US500099502001096,0,0,0
1000000US500099502001097,0,0,0
1000000US500099502001098,38,28,10
1000000US500099502001099,4,3,1
1000000US500099502001100,33,29,4
1000000US500099502001101,23,16,7
1000000US500099502001102,11,8,3
1000000US500099502001103,49,27,22
1000000US500099502001104,11,9,2
1000000US500099502001105,103,55,48
1000000US500099502001106,0,0,0
1000000US500099502001107,0,0,0
1000000US500099502001108,7,2,5
1000000US500099502001109,0,0,0
1000000US500099502001110,0,0,0
1000000US500099502001111,0,0,0
1000000US500099502001112,0,0,0
1000000US500099502001113,3,2,1
1000000US500099502001114,2,0,2
1000000US500099502001115,9,6,3
1000000US500099502001116,51,17,34
1000000US500099502001117,5,1,4
1000000US500099502001118,1,0,1
1000000US500099502001119,1,0,1
1000000US500099502001120,1,0,1
1000000US500099502001121,14,7,7
1000000US500099502001122,9,4,5
1000000US500099502001123,0,0,0
1000000US500099502001124,0,0,0
1000000US500099502001125,2,0,2
1000000US500099502001126,4,2,2
1000000US500099502001127,0,0,0
1000000US500099502001128,0,0,0
1000000US500099502001129,1,0,1
1000000US500099502001130,0,0,0
1000000US500099502001131,0,0,0
1000000US500099502001132,2,2,0
1000000US500099502001133,9,6,3
1000000US500099502001134,28,16,12
1000000US500099502001135,0,0,0
1000000US500099502001136,1,1,0
1000000US500099502001137,0,0,0
1000000US500099502001138,0,0,0
1000000US500099502001139,0,0,0
1000000US500099502001140,0,0,0
1000000US500099502001141,0,0,0
1000000US500099502001142,0,0,0
1000000US500099502001143,1,1,0
1000000US500099502001144,0,0,0
1000000US500099502001145,0,0,0
1000000US500099502001146,0,0,0
1000000US500099502001147,13,5,8
1000000US500099502001148,25,10,15
1000000US500099502001149,1,0,1
1000000US500099502001150,0,0,0
1000000US500099502001151,8,8,0
1000000US500099502001152,0,0,0
1000000US500099502001153,0,0,0
1000000US500099502001154,3,0,3
1000000US500099505001000,59,32,27
1000000US500099505001001,0,0,0
1000000US500099505001002,0,0,0
1000000US500099505001003,0,0,0
1000000US500099505001004,0,0,0
1000000US500099505001005,5,4,1
1000000US500099505001006,0,0,0
1000000US500099505001007,0,0,0
1000000US500099505001008,2,1,1
1000000US500099505001009,0,0,0
1000000US500099505001010,0,0,0
1000000US500099505001011,0,0,0
1000000US500099505001012,5,2,3
1000000US500099505001013,0,0,0
1000000US500099505001014,9,4,5
1000000US500099505001015,0,0,0
1000000US500099505001016,4,2,2
1000000US500099505001017,1,0,1
1000000US500099505001018,0,0,0
1000000US500099505001019,0,0,0
1000000US500099505001020,0,0,0
1000000US500099505001021,2,0,2
1000000US500099505001022,0,0,0
1000000US500099505001023,0,0,0
1000000US500099505001024,0,0,0
1000000US500099505001025,0,0,0
1000000US500099505001026,5,0,5
1000000US500099505001027,0,0,0
1000000US500099505001028,0,0,0
1000000US500099505001029,47,18,29
1000000US500099505001030,0,0,0
1000000US500099505001031,0,0,0
1000000US500099505001032,12,5,7
1000000US500099505001033,0,0,0
1000000US500099505001034,0,0,0
1000000US500099505001035,0,0,0
1000000US500099505001036,0,0,0
1000000US500099505001037,0,0,0
1000000US500099505001038,0,0,0
1000000US500099505001039,0,0,0
1000000US500099505001040,37,22,15
1000000US500099505001041,0,0,0
1000000US500099505001042,0,0,0
1000000US500099505001043,10,10,0
1000000US500099505001044,1,1,0
1000000US500099505001045,0,0,0
1000000US500099505001046,0,0,0
1000000US500099505001047,0,0,0
1000000US500099505001048,3,3,0
1000000US500099505001049,3,2,1
1000000US500099505001050,1,1,0
1000000US500099505001051,0,0,0
1000000US500099505001052,0,0,0
1000000US500099505001053,0,0,0
1000000US500099505001054,0,0,0
1000000US500099505001055,0,0,0
1000000US500099505001056,1,1,0
1000000US500099505001057,5,2,3
1000000US500099505001058,24,17,7
1000000US500099505001059,1,1,0
1000000US500099505001060,7,0,7
1000000US500099505001061,9,3,6
1000000US500099505001062,1,0,1
1000000US500099505001063,7,5,2
1000000US500099505001064,0,0,0
1000000US500099505001065,1,1,0
1000000US500099505001066,8,2,6
1000000US500099505001067,10,4,6
1000000US500099505001068,4,4,0
1000000US500099505001069,8,6,2
1000000US500099505001070,1,1,0
1000000US500099505001071,13,5,8
1000000US500099505001072,0,0,0
1000000US500099505001073,1,1,0
1000000US500099505001074,4,3,1
1000000US500099505001075,6,5,1
1000000US500099505001076,0,0,0
1000000US500099505001077,15,10,5
1000000US500099505001078,0,0,0
1000000US500099505001079,2,2,0
1000000US500099505001080,0,0,0
1000000US500099505001081,0,0,0
1000000US500099505001082,0,0,0
1000000US500099505001083,0,0,0
1000000US500099505001084,0,0,0
1000000US500099505001085,0,0,0
1000000US500099505001086,0,0,0
1000000US500099505001087,4,3,1
1000000US500099505001088,0,0,0
1000000US500099505001089,0,0,0
1000000US500099505001090,0,0,0
1000000US500099505001091,0,0,0
1000000US500099505001092,0,0,0
1000000US500099505001093,0,0,0
1000000US500099505001094,5,4,1
1000000US500099505001095,3,1,2
1000000US500099505001096,1,1,0
1000000US500099505001097,36,26,10
1000000US500099505001098,13,12,1
1000000US500099505001099,56,31,25
1000000US500099505001100,15,14,1
1000000US500099505001101,1,0,1
1000000US500099505001102,0,0,0
1000000US500099505001103,5,5,0
1000000US500099505001104,0,0,0
1000000US500099505001105,0,0,0
1000000US500099505001106,0,0,0
1000000US500099505001107,0,0,0
1000000US500099505001108,15,13,2
1000000US500099505001109,1,1,0
1000000US500099505001110,8,5,3
1000000US500099505001111,0,0,0
1000000US500099505001112,0,0,0
1000000US500099505001113,2,2,0
1000000US500099505001114,0,0,0
1000000US500099505001115,0,0,0
1000000US500099505001116,13,9,4
1000000US500099505001117,0,0,0
1000000US500099505001118,0,0,0
1000000US500099505001119,1,1,0
1000000US500099505001120,6,4,2
1000000US500099505001121,0,0,0
1000000US500099505001122,0,0,0
1000000US500099505001123,1,0,1
1000000US500099505001124,5,4,1
1000000US500099505001125,0,0,0
1000000US500099505001126,0,0,0
1000000US500099505001127,0,0,0
1000000US500099505001128,0,0,0
1000000US500099505001129,0,0,0
1000000US500099505001130,12,5,7
1000000US500099505001131,15,11,4
1000000US500099505001132,3,2,1
1000000US500099505001133,17,13,4
1000000US500099505001134,1,1,0
1000000US500099505001135,0,0,0
1000000US500099505001136,0,0,0
1000000US500099505001137,0,0,0
1000000US500099505001138,0,0,0
1000000US500099505001139,0,0,0
1000000US500099505001140,0,0,0
1000000US500099505001141,0,0,0
1000000US500099505001142,0,0,0
1000000US500099505001143,1,1,0
1000000US500099505001144,0,0,0
1000000US500099505001145,0,0,0
1000000US500099505001146,0,0,0
1000000US500099505001147,0,0,0
1000000US500099505001148,0,0,0
1000000US500099505001149,7,3,4
1000000US500099505001150,3,0,3
1000000US500099505001151,0,0,0
1000000US500099505001152,5,3,2
1000000US500099505001153,11,2,9
1000000US500099505001154,0,0,0
1000000US500099505001155,32,25,7
1000000US500099505001156,2,0,2
1000000US500099505001157,4,2,2
1000000US500099505001158,0,0,0
1000000US500099505001159,5,1,4
1000000US500099505001160,0,0,0
1000000US500099505001161,0,0,0
1000000US500099505001162,0,0,0
1000000US500099505001163,67,10,57
1000000US500099505001164,0,0,0
1000000US500099505001165,0,0,0
1000000US500099505001166,0,0,0
1000000US500099505001167,37,22,15
1000000US500099505001168,0,0,0
1000000US500099505001169,0,0,0
1000000US500099505001170,0,0,0
1000000US500099505001171,9,8,1
1000000US500099505001172,10,8,2
1000000US500099505001173,5,5,0
1000000US500099505001174,2,2,0
1000000US500099505001175,35,30,5
1000000US500099505001176,0,0,0
1000000US500099505001177,9,8,1
1000000US500099505001178,33,8,25
1000000US500099505001179,0,0,0
1000000US500099505001180,0,0,0
1000000US500099505001181,11,4,7
1000000US500099505001182,0,0,0
1000000US500099505001183,0,0,0
1000000US500099505001184,0,0,0
1000000US500099505001185,0,0,0
1000000US500099505001186,0,0,0
1000000US500099505001187,0,0,0
1000000US500099505001188,0,0,0
1000000US500099505001189,1,1,0
1000000US500099505001190,22,20,2
1000000US500099505001191,0,0,0
1000000US500099505001192,0,0,0
1000000US500099505001193,0,0,0
1000000US500099505001194,0,0,0
1000000US500099505001195,0,0,0
1000000US500099505001196,8,7,1
1000000US500099505001197,0,0,0
1000000US500099505002000,14,12,2
1000000US500099505002001,1,1,0
1000000US500099505002002,0,0,0
1000000US500099505002003,0,0,0
1000000US500099505002004,0,0,0
1000000US500099505002005,11,9,2
1000000US500099505002006,4,1,3
1000000US500099505002007,35,27,8
1000000US500099505002008,13,9,4
1000000US500099505002009,1,0,1
1000000US500099505002010,0,0,0
1000000US500099505002011,0,0,0
1000000US500099505002012,0,0,0
1000000US500099505002013,10,9,1
1000000US500099505002014,11,5,6
1000000US500099505002015,20,1,19
1000000US500099505002016,34,26,8
1000000US500099505002017,2,2,0
1000000US500099505002018,73,15,58
1000000US500099505002019,0,0,0
1000000US500099505002020,0,0,0
1000000US500099505002021,0,0,0
1000000US500099505002022,0,0,0
1000000US500099505002023,0,0,0
1000000US500099505002024,9,1,8
1000000US500099505002025,0,0,0
1000000US500099505002026,0,0,0
1000000US500099505002027,6,2,4
1000000US500099505002028,14,12,2
1000000US500099505002029,4,4,0
1000000US500099505002030,31,29,2
1000000US500099505002031,5,5,0
1000000US500099505002032,0,0,0
1000000US500099505002033,0,0,0
1000000US500099505002034,11,10,1
1000000US500099505002035,4,3,1
1000000US500099505002036,0,0,0
1000000US500099505002037,0,0,0
1000000US500099505002038,0,0,0
1000000US500099505002039,2,1,1
1000000US500099505002040,5,4,1
1000000US500099505002041,0,0,0
1000000US500099505002042,0,0,0
1000000US500099505002043,0,0,0
1000000US500099505002044,0,0,0
1000000US500099505002045,6,5,1
1000000US500099505002046,0,0,0
1000000US500099505002047,28,26,2
1000000US500099505002048,0,0,0
1000000US500099505002049,0,0,0
1000000US500099505002050,3,3,0
1000000US500099505002051,0,0,0
1000000US500099505002052,0,0,0
1000000US500099505002053,1,1,0
1000000US500099505002054,5,5,0
1000000US500099505002055,6,5,1
1000000US500099505002056,2,1,1
1000000US500099505002057,0,0,0
1000000US500099505002058,0,0,0
1000000US500099505002059,0,0,0
1000000US500099505002060,14,9,5
1000000US500099505002061,0,0,0
1000000US500099505002062,0,0,0
1000000US500099505002063,0,0,0
1000000US500099505002064,0,0,0
1000000US500099505002065,2,1,1
1000000US500099505002066,42,38,4
1000000US500099505002067,12,12,0
1000000US500099505002068,12,10,2
1000000US500099505002069,10,9,1
1000000US500099505002070,0,0,0
1000000US500099505002071,0,0,0
1000000US500099505002072,0,0,0
1000000US500099505002073,0,0,0
1000000US500099505002074,0,0,0
1000000US500099505002075,0,0,0
1000000US500099505002076,1,1,0
1000000US500099505002077,1,1,0
1000000US500099505002078,0,0,0
1000000US500099505002079,2,2,0
1000000US500099505002080,2,2,0
1000000US500099505002081,0,0,0
1000000US500099505002082,0,0,0
1000000US500099505002083,15,15,0
1000000US500099505002084,0,0,0
1000000US500099505002085,4,3,1
1000000US500099505002086,8,8,0
1000000US500099505002087,1,1,0
1000000US500099505002088,14,11,3
1000000US500099505002089,5,5,0
1000000US500099505002090,2,2,0
1000000US500099505002091,0,0,0
1000000US500099505002092,16,15,1
1000000US500099505002093,9,7,2
1000000US500099505002094,12,7,5
1000000US500099505002095,5,1,4
1000000US500099505002096,0,0,0
1000000US500099505002097,6,1,5
1000000US500099505002098,9,2,7
1000000US500099505002099,0,0,0
1000000US500099505002100,8,6,2
1000000US500099505002101,1,1,0
1000000US500099505002102,1,0,1
1000000US500099505002103,6,5,1
1000000US500099505002104,3,2,1
1000000US500099505002105,0,0,0
1000000US500099505002106,1,1,0
1000000US500099505002107,7,7,0
1000000US500099505002108,3,3,0
1000000US500099505002109,5,5,0
1000000US500099505002110,5,5,0
1000000US500099505002111,6,6,0
1000000US500099505002112,0,0,0
1000000US500099505002113,4,2,2
1000000US500099505002114,3,1,2
1000000US500099505002115,0,0,0
1000000US500099505002116,0,0,0
1000000US500099505002117,0,0,0
1000000US500099505002118,0,0,0
1000000US500099505002119,0,0,0
1000000US500099505002120,1,0,1
1000000US500099505002121,2,0,2
1000000US500099505002122,0,0,0
1000000US500099505002123,3,0,3
1000000US500099505002124,3,0,3
1000000US500099505002125,1,0,1
1000000US500099505002126,6,0,6
1000000US500099505002127,8,1,7
1000000US500099505002128,43,26,17
1000000US500099505002129,0,0,0
1000000US500099505002130,0,0,0
1000000US500099505002131,12,6,6
1000000US500099505002132,0,0,0
1000000US500099505002133,11,2,9
1000000US500099505002134,7,1,6
1000000US500099505002135,38,18,20
1000000US500099505002136,7,3,4
1000000US500099505002137,2,2,0
1000000US500099505002138,2,1,1
1000000US500099505002139,0,0,0
1000000US500099505002140,2,0,2
1000000US500099505002141,0,0,0
1000000US500099505002142,0,0,0
1000000US500099505002143,2,0,2
1000000US500099505002144,4,1,3
1000000US500099505002145,1,1,0
1000000US500099505002146,0,0,0
1000000US500099505002147,0,0,0
1000000US500099505002148,0,0,0
1000000US500099505002149,2,0,2
1000000US500099505002150,2,2,0
1000000US500099505002151,5,1,4
1000000US500099505002152,0,0,0
1000000US500099505002153,0,0,0
1000000US500099505002154,0,0,0
1000000US500099505002155,0,0,0
1000000US500099505002156,0,0,0
1000000US500099505002157,3,3,0
1000000US500099505002158,1,1,0
1000000US500099505002159,3,1,2
1000000US500099505002160,0,0,0
1000000US500099505002161,0,0,0
1000000US500099505002162,0,0,0
1000000US500099505002163,2,1,1
1000000US500099505002164,11,8,3
1000000US500099505002165,0,0,0
1000000US500099505002166,4,2,2
1000000US500099505002167,0,0,0
1000000US500099505002168,0,0,0
1000000US500099505003000,7,5,2
1000000US500099505003001,0,0,0
1000000US500099505003002,1,1,0
1000000US500099505003003,0,0,0
1000000US500099505003004,0,0,0
1000000US500099505003005,0,0,0
1000000US500099505003006,2,1,1
1000000US500099505003007,24,22,2
1000000US500099505003008,43,38,5
1000000US500099505003009,1,1,0
1000000US500099505003010,44,32,12
1000000US500099505003011,6,6,0
1000000US500099505003012,9,8,1
1000000US500099505003013,2,2,0
1000000US500099505003014,74,57,17
1000000US500099505003015,0,0,0
1000000US500099505003016,18,17,1
1000000US500099505003017,22,16,6
1000000US500099505003018,11,8,3
1000000US500099505003019,8,4,4
1000000US500099505003020,26,21,5
1000000US500099505003021,14,14,0
1000000US500099505003022,9,7,2
1000000US500099505003023,20,18,2
1000000US500099505003024,2,1,1
1000000US500099505003025,0,0,0
1000000US500099505003026,3,2,1
1000000US500099505003027,0,0,0
1000000US500099505003028,0,0,0
1000000US500099505003029,0,0,0
1000000US500099505003030,0,0,0
1000000US500099505003031,0,0,0
1000000US500099505003032,3,3,0
1000000US500099505003033,0,0,0
1000000US500099505003034,6,6,0
1000000US500099505003035,2,0,2
1000000US500099505003036,11,7,4
1000000US500099505003037,37,34,3
1000000US500099505003038,10,9,1
1000000US500099505003039,12,12,0
1000000US500099505003040,8,8,0
1000000US500099505003041,0,0,0
1000000US500099505003042,0,0,0
1000000US500099505003043,0,0,0
1000000US500099505003044,0,0,0
1000000US500099505003045,10,9,1
1000000US500099505003046,12,6,6
1000000US500099505003047,0,0,0
1000000US500099505003048,0,0,0
1000000US500099505003049,5,2,3
1000000US500099505003050,0,0,0
1000000US500110101001000,3,3,0
1000000US500110101001001,0,0,0
1000000US500110101001002,0,0,0
1000000US500110101001003,0,0,0
1000000US500110101001004,2,2,0
1000000US500110101001005,7,7,0
1000000US500110101001006,0,0,0
1000000US500110101001007,0,0,0
1000000US500110101001008,0,0,0
1000000US500110101001009,0,0,0
1000000US500110101001010,0,0,0
1000000US500110101001011,0,0,0
1000000US500110101001012,15,6,9
1000000US500110101001013,0,0,0
1000000US500110101001014,0,0,0
1000000US500110101001015,2,0,2
1000000US500110101001016,1,0,1
1000000US500110101001017,0,0,0
1000000US500110101001018,10,2,8
1000000US500110101001019,0,0,0
1000000US500110101001020,0,0,0
1000000US500110101001021,0,0,0
1000000US500110101001022,0,0,0
1000000US500110101001023,0,0,0
1000000US500110101001024,0,0,0
1000000US500110101001025,11,3,8
1000000US500110101001026,12,6,6
1000000US500110101001027,7,2,5
1000000US500110101001028,0,0,0
1000000US500110101001029,0,0,0
1000000US500110101001030,0,0,0
1000000US500110101001031,4,4,0
1000000US500110101001032,16,15,1
1000000US500110101001033,0,0,0
1000000US500110101001034,0,0,0
1000000US500110101001035,0,0,0
1000000US500110101001036,0,0,0
1000000US500110101001037,0,0,0
1000000US500110101001038,0,0,0
1000000US500110101001039,0,0,0
1000000US500110101001040,0,0,0
1000000US500110101001041,0,0,0
1000000US500110101001042,0,0,0
1000000US500110101001043,0,0,0
1000000US500110101001044,0,0,0
1000000US500110101001045,0,0,0
1000000US500110101001046,222,89,133
1000000US500110101001047,0,0,0
1000000US500110101001048,0,0,0
1000000US500110101001049,1,1,0
1000000US500110101001050,10,10,0
1000000US500110101001051,0,0,0
1000000US500110101001052,0,0,0
1000000US500110101001053,0,0,0
1000000US500110101001054,0,0,0
1000000US500110101001055,0,0,0
1000000US500110101001056,10,0,10
1000000US500110101001057,11,11,0
1000000US500110101001058,0,0,0
1000000US500110101001059,0,0,0
1000000US500110101001060,0,0,0
1000000US500110101001061,0,0,0
1000000US500110101001062,0,0,0
1000000US500110101001063,0,0,0
1000000US500110101001064,0,0,0
1000000US500110101001065,0,0,0
1000000US500110101001066,0,0,0
1000000US500110101001067,0,0,0
1000000US500110101001068,0,0,0
1000000US500110101001069,0,0,0
1000000US500110101001070,0,0,0
1000000US500110101001071,69,67,2
1000000US500110101001072,6,6,0
1000000US500110101001073,0,0,0
1000000US500110101001074,2,2,0
1000000US500110101001075,0,0,0
1000000US500110101001076,0,0,0
1000000US500110101001077,32,29,3
1000000US500110101001078,0,0,0
1000000US500110101001079,0,0,0
1000000US500110101001080,0,0,0
1000000US500110101001081,0,0,0
1000000US500110101001082,17,17,0
1000000US500110101001083,2,2,0
1000000US500110101001084,2,1,1
1000000US500110101001085,10,10,0
1000000US500110101001086,34,32,2
1000000US500110101001087,0,0,0
1000000US500110101001088,23,21,2
1000000US500110101001089,1,1,0
1000000US500110101001090,0,0,0
1000000US500110101001091,0,0,0
1000000US500110101001092,0,0,0
1000000US500110101001093,0,0,0
1000000US500110101001094,0,0,0
1000000US500110101001095,0,0,0
1000000US500110101001096,0,0,0
1000000US500110101001097,0,0,0
1000000US500110101001098,0,0,0
1000000US500110101001099,35,35,0
1000000US500110101001100,0,0,0
1000000US500110101001101,0,0,0
1000000US500110101001102,10,10,0
1000000US500110101001103,13,12,1
1000000US500110101001104,0,0,0
1000000US500110101001105,0,0,0
1000000US500110101001106,0,0,0
1000000US500110101001107,0,0,0
1000000US500110101001108,0,0,0
1000000US500110101001109,0,0,0
1000000US500110101001110,0,0,0
1000000US500110101001111,0,0,0
1000000US500110101001112,0,0,0
1000000US500110101001113,1,1,0
1000000US500110101001114,9,8,1
1000000US500110101001115,3,3,0
1000000US500110101001116,13,13,0
1000000US500110101001117,4,4,0
1000000US500110101001118,4,4,0
1000000US500110101001119,1,1,0
1000000US500110101001120,0,0,0
1000000US500110101001121,2,0,2
1000000US500110101001122,0,0,0
1000000US500110101001123,0,0,0
1000000US500110101001124,0,0,0
1000000US500110101002000,1,1,0
1000000US500110101002001,1,1,0
1000000US500110101002002,13,13,0
1000000US500110101002003,0,0,0
1000000US500110101002004,21,21,0
1000000US500110101002005,0,0,0
1000000US500110101002006,0,0,0
1000000US500110101002007,0,0,0
1000000US500110101002008,0,0,0
1000000US500110101002009,21,21,0
1000000US500110101002010,1,1,0
1000000US500110101002011,11,11,0
1000000US500110101002012,0,0,0
1000000US500110101002013,4,4,0
1000000US500110101002014,10,9,1
1000000US500110101002015,3,3,0
1000000US500110101002016,0,0,0
1000000US500110101002017,0,0,0
1000000US500110101002018,0,0,0
1000000US500110101002019,1,1,0
1000000US500110101002020,15,14,1
1000000US500110101002021,2,2,0
1000000US500110101002022,28,26,2
1000000US500110101002023,0,0,0
1000000US500110101002024,0,0,0
1000000US500110101002025,25,25,0
1000000US500110101002026,7,7,0
1000000US500110101002027,2,2,0
1000000US500110101002028,1,1,0
1000000US500110101002029,17,17,0
1000000US500110101002030,4,4,0
1000000US500110101002031,3,1,2
1000000US500110101002032,0,0,0
1000000US500110101002033,0,0,0
1000000US500110101002034,23,22,1
1000000US500110101002035,8,8,0
1000000US500110101002036,1,1,0
1000000US500110101002037,6,4,2
1000000US500110101002038,4,4,0
1000000US500110101002039,17,16,1
1000000US500110101002040,0,0,0
1000000US500110101002041,14,13,1
1000000US500110101002042,15,14,1
1000000US500110101002043,12,12,0
1000000US500110101002044,2,2,0
1000000US500110101002045,0,0,0
1000000US500110101002046,14,13,1
1000000US500110101002047,0,0,0
1000000US500110101002048,16,14,2
1000000US500110101002049,0,0,0
1000000US500110101002050,5,4,1
1000000US500110101002051,5,5,0
1000000US500110101002052,20,20,0
1000000US500110101002053,2,2,0
1000000US500110101002054,5,4,1
1000000US500110101002055,20,18,2
1000000US500110101002056,8,8,0
1000000US500110101002057,0,0,0
1000000US500110101002058,0,0,0
1000000US500110101002059,28,26,2
1000000US500110101002060,1,1,0
1000000US500110101002061,4,4,0
1000000US500110101002062,0,0,0
1000000US500110101003000,27,24,3
1000000US500110101003001,85,82,3
1000000US500110101003002,0,0,0
1000000US500110101003003,84,82,2
1000000US500110101003004,7,7,0
1000000US500110101003005,0,0,0
1000000US500110101003006,8,8,0
1000000US500110101003007,0,0,0
1000000US500110101003008,9,9,0
1000000US500110101003009,1,1,0
1000000US500110101003010,0,0,0
1000000US500110101003011,0,0,0
1000000US500110101003012,0,0,0
1000000US500110101003013,0,0,0
1000000US500110101003014,1,1,0
1000000US500110101003015,0,0,0
1000000US500110101003016,51,49,2
1000000US500110101003017,0,0,0
1000000US500110101003018,0,0,0
1000000US500110101003019,0,0,0
1000000US500110101003020,0,0,0
1000000US500110101003021,0,0,0
1000000US500110101003022,0,0,0
1000000US500110101003023,0,0,0
1000000US500110101003024,3,2,1
1000000US500110101003025,0,0,0
1000000US500110101003026,2,2,0
1000000US500110101003027,6,6,0
1000000US500110101003028,26,24,2
1000000US500110101003029,0,0,0
1000000US500110101003030,2,2,0
1000000US500110101003031,0,0,0
1000000US500110101003032,5,4,1
1000000US500110101003033,0,0,0
1000000US500110101003034,0,0,0
1000000US500110101003035,0,0,0
1000000US500110101003036,12,12,0
1000000US500110101003037,80,75,5
1000000US500110101003038,13,8,5
1000000US500110101003039,11,11,0
1000000US500110101003040,11,11,0
1000000US500110101003041,0,0,0
1000000US500110101003042,0,0,0
1000000US500110101003043,7,7,0
1000000US500110101003044,0,0,0
1000000US500110101003045,1,1,0
1000000US500110101003046,1,1,0
1000000US500110101003047,7,7,0
1000000US500110101003048,2,1,1
1000000US500110101003049,1,1,0
1000000US500110101003050,0,0,0
1000000US500110101003051,0,0,0
1000000US500110101003052,18,18,0
1000000US500110101003053,2,2,0
1000000US500110101003054,7,7,0
1000000US500110101003055,6,6,0
1000000US500110101003056,0,0,0
1000000US500110101003057,0,0,0
1000000US500110101004000,1,1,0
1000000US500110101004001,6,6,0
1000000US500110101004002,6,6,0
1000000US500110101004003,0,0,0
1000000US500110101004004,7,7,0
1000000US500110101004005,6,6,0
1000000US500110101004006,7,7,0
1000000US500110101004007,1,1,0
1000000US500110101004008,9,9,0
1000000US500110101004009,88,83,5
1000000US500110101004010,0,0,0
1000000US500110101004011,0,0,0
1000000US500110101004012,1,1,0
1000000US500110101004013,1,1,0
1000000US500110101004014,2,2,0
1000000US500110101004015,4,4,0
1000000US500110101004016,7,7,0
1000000US500110101004017,11,11,0
1000000US500110101004018,7,7,0
1000000US500110101004019,0,0,0
1000000US500110101004020,4,3,1
1000000US500110101004021,0,0,0
1000000US500110101004022,0,0,0
1000000US500110101004023,7,7,0
1000000US500110101004024,0,0,0
1000000US500110101004025,2,2,0
1000000US500110101004026,1,1,0
1000000US500110101004027,0,0,0
1000000US500110101004028,0,0,0
1000000US500110101004029,10,10,0
1000000US500110101004030,0,0,0
1000000US500110101004031,7,7,0
1000000US500110101004032,0,0,0
1000000US500110101004033,0,0,0
1000000US500110101004034,0,0,0
1000000US500110101004035,34,34,0
1000000US500110101004036,0,0,0
1000000US500110101004037,1,1,0
1000000US500110101004038,2,2,0
1000000US500110101004039,33,28,5
1000000US500110101004040,10,10,0
1000000US500110101004041,0,0,0
1000000US500110101004042,3,3,0
1000000US500110101004043,4,4,0
1000000US500110101004044,7,7,0
1000000US500110101004045,1,1,0
1000000US500110101004046,2,2,0
1000000US500110101004047,1,1,0
1000000US500110101004048,0,0,0
1000000US500110101004049,7,7,0
1000000US500110101004050,23,23,0
1000000US500110101004051,5,5,0
1000000US500110101004052,0,0,0
1000000US500110101004053,0,0,0
1000000US500110101004054,0,0,0
1000000US500110101004055,9,9,0
1000000US500110101004056,1,1,0
1000000US500110101004057,24,24,0
1000000US500110101004058,0,0,0
1000000US500110101004059,0,0,0
1000000US500110101004060,0,0,0
1000000US500110101004061,0,0,0
1000000US500110101004062,35,33,2
1000000US500110101004063,0,0,0
1000000US500110101004064,0,0,0
1000000US500110101004065,21,21,0
1000000US500110101004066,31,31,0
1000000US500110101004067,19,18,1
1000000US500110101004068,3,3,0
1000000US500110101004069,1,1,0
1000000US500110101004070,5,5,0
1000000US500110101004071,0,0,0
1000000US500110101004072,11,10,1
1000000US500110101004073,14,14,0
1000000US500110101004074,97,95,2
1000000US500110101004075,0,0,0
1000000US500110101004076,1,0,1
1000000US500110101004077,3,3,0
1000000US500110101004078,0,0,0
1000000US500110101004079,0,0,0
1000000US500110101004080,1,1,0
1000000US500110101004081,4,4,0
1000000US500110101004082,8,8,0
1000000US500110101004083,58,42,16
1000000US500110101004084,0,0,0
1000000US500110101004085,29,26,3
1000000US500110101004086,0,0,0
1000000US500110101004087,3,3,0
1000000US500110101004088,0,0,0
1000000US500110101004089,1,1,0
1000000US500110101004090,0,0,0
1000000US500110101004091,0,0,0
1000000US500110101004092,0,0,0
1000000US500110101004093,0,0,0
1000000US500110101004094,0,0,0
1000000US500110101004095,1,1,0
1000000US500110101004096,9,9,0
1000000US500110101004097,0,0,0
1000000US500110101004098,19,19,0
1000000US500110101004099,0,0,0
1000000US500110101004100,0,0,0
1000000US500110101004101,0,0,0
1000000US500110101004102,3,3,0
1000000US500110101004103,12,11,1
1000000US500110101004104,37,35,2
1000000US500110101004105,0,0,0
1000000US500110101004106,0,0,0
1000000US500110101004107,1,1,0
1000000US500110101004108,0,0,0
1000000US500110101004109,12,12,0
1000000US500110101004110,9,9,0
1000000US500110101004111,0,0,0
1000000US500110101004112,1,1,0
1000000US500110101004113,5,4,1
1000000US500110101004114,1,1,0
1000000US500110101004115,4,4,0
1000000US500110101004116,1,1,0
1000000US500110101004117,0,0,0
1000000US500110101004118,6,6,0
1000000US500110101004119,6,6,0
1000000US500110101004120,2,2,0
1000000US500110101004121,0,0,0
1000000US500110101004122,4,4,0
1000000US500110101004123,7,7,0
1000000US500110101004124,4,4,0
1000000US500110101004125,1,1,0
1000000US500110101004126,4,4,0
1000000US500110101005000,38,29,9
1000000US500110101005001,0,0,0
1000000US500110101005002,11,10,1
1000000US500110101005003,1,1,0
1000000US500110101005004,12,12,0
1000000US500110101005005,4,4,0
1000000US500110101005006,15,14,1
1000000US500110101005007,2,2,0
1000000US500110101005008,8,8,0
1000000US500110101005009,47,44,3
1000000US500110101005010,1,1,0
1000000US500110101005011,0,0,0
1000000US500110101005012,2,2,0
1000000US500110101005013,2,2,0
1000000US500110101005014,5,5,0
1000000US500110101005015,0,0,0
1000000US500110101005016,6,6,0
1000000US500110101005017,60,60,0
1000000US500110101005018,15,14,1
1000000US500110101005019,13,11,2
1000000US500110101005020,26,26,0
1000000US500110101005021,11,6,5
1000000US500110101005022,14,14,0
1000000US500110101005023,9,9,0
1000000US500110101005024,2,2,0
1000000US500110101005025,24,6,18
1000000US500110101005026,0,0,0
1000000US500110101005027,9,7,2
1000000US500110101005028,27,1,26
1000000US500110101005029,0,0,0
1000000US500110101005030,62,6,56
1000000US500110101005031,2,1,1
1000000US500110101005032,1,0,1
1000000US500110101005033,0,0,0
1000000US500110101005034,5,1,4
1000000US500110101005035,0,0,0
1000000US500110101005036,4,1,3
1000000US500110101005037,29,4,25
1000000US500110101005038,0,0,0
1000000US500110101005039,0,0,0
1000000US500110101005040,0,0,0
1000000US500110101005041,0,0,0
1000000US500110101005042,4,1,3
1000000US500110101005043,68,10,58
1000000US500110101005044,27,4,23
1000000US500110101005045,26,24,2
1000000US500110101005046,78,75,3
1000000US500110101005047,93,25,68
1000000US500110101005048,0,0,0
1000000US500110101005049,0,0,0
1000000US500110101005050,0,0,0
1000000US500110101005051,0,0,0
1000000US500110101005052,0,0,0
1000000US500110101005053,0,0,0
1000000US500110101005054,0,0,0
1000000US500110101005055,0,0,0
1000000US500110101005056,0,0,0
1000000US500110101005057,0,0,0
1000000US500110101005058,0,0,0
1000000US500110101005059,0,0,0
1000000US500110101005060,0,0,0
1000000US500110101005061,0,0,0
1000000US500110101005062,0,0,0
1000000US500110101005063,0,0,0
1000000US500110101005064,17,12,5
1000000US500110101005065,0,0,0
1000000US500110101005066,0,0,0
1000000US500110101005067,16,16,0
1000000US500110101005068,9,9,0
1000000US500110101005069,19,19,0
1000000US500110101005070,12,12,0
1000000US500110101005071,2,2,0
1000000US500110101005072,0,0,0
1000000US500110101005073,10,9,1
1000000US500110101005074,0,0,0
1000000US500110101005075,0,0,0
1000000US500110101005076,3,3,0
1000000US500110101005077,5,5,0
1000000US500110101005078,3,3,0
1000000US500110101005079,0,0,0
1000000US500110101005080,6,6,0
1000000US500110101005081,3,3,0
1000000US500110102001000,15,15,0
1000000US500110102001001,14,13,1
1000000US500110102001002,0,0,0
1000000US500110102001003,24,23,1
1000000US500110102001004,0,0,0
1000000US500110102001005,7,6,1
1000000US500110102001006,0,0,0
1000000US500110102001007,3,3,0
1000000US500110102001008,0,0,0
1000000US500110102001009,38,34,4
1000000US500110102001010,29,28,1
1000000US500110102001011,18,18,0
1000000US500110102001012,2,2,0
1000000US500110102001013,2,2,0
1000000US500110102001014,47,46,1
1000000US500110102001015,0,0,0
1000000US500110102001016,0,0,0
1000000US500110102001017,0,0,0
1000000US500110102001018,0,0,0
1000000US500110102001019,0,0,0
1000000US500110102001020,2,2,0
1000000US500110102001021,2,2,0
1000000US500110102001022,2,2,0
1000000US500110102001023,1,1,0
1000000US500110102001024,0,0,0
1000000US500110102001025,0,0,0
1000000US500110102001026,1,1,0
1000000US500110102001027,1,1,0
1000000US500110102001028,24,22,2
1000000US500110102001029,0,0,0
1000000US500110102001030,0,0,0
1000000US500110102001031,4,4,0
1000000US500110102001032,7,7,0
1000000US500110102001033,0,0,0
1000000US500110102001034,4,4,0
1000000US500110102001035,0,0,0
1000000US500110102001036,14,14,0
1000000US500110102001037,0,0,0
1000000US500110102001038,0,0,0
1000000US500110102001039,11,10,1
1000000US500110102001040,16,16,0
1000000US500110102001041,4,2,2
1000000US500110102001042,0,0,0
1000000US500110102001043,6,5,1
1000000US500110102001044,1,1,0
1000000US500110102001045,7,7,0
1000000US500110102001046,0,0,0
1000000US500110102001047,33,33,0
1000000US500110102001048,17,16,1
1000000US500110102001049,13,13,0
1000000US500110102001050,3,3,0
1000000US500110102001051,0,0,0
1000000US500110102001052,0,0,0
1000000US500110102001053,4,3,1
1000000US500110102001054,18,17,1
1000000US500110102001055,0,0,0
1000000US500110102001056,0,0,0
1000000US500110102001057,0,0,0
1000000US500110102001058,1,1,0
1000000US500110102001059,0,0,0
1000000US500110102001060,44,44,0
1000000US500110102001061,0,0,0
1000000US500110102001062,0,0,0
1000000US500110102001063,3,3,0
1000000US500110102001064,0,0,0
1000000US500110102001065,29,29,0
1000000US500110102001066,5,4,1
1000000US500110102001067,3,3,0
1000000US500110102001068,6,5,1
1000000US500110102001069,1,1,0
1000000US500110102001070,0,0,0
1000000US500110102001071,19,17,2
1000000US500110102001072,1,1,0
1000000US500110102001073,1,1,0
1000000US500110102001074,11,9,2
1000000US500110102001075,1,1,0
1000000US500110102001076,0,0,0
1000000US500110102001077,0,0,0
1000000US500110102001078,4,4,0
1000000US500110102001079,0,0,0
1000000US500110102001080,1,1,0
1000000US500110102001081,0,0,0
1000000US500110102001082,0,0,0
1000000US500110102001083,10,9,1
1000000US500110102001084,16,15,1
1000000US500110102001085,0,0,0
1000000US500110102001086,2,1,1
1000000US500110102001087,4,3,1
1000000US500110102001088,4,4,0
1000000US500110102001089,5,5,0
1000000US500110102001090,40,38,2
1000000US500110102001091,2,2,0
1000000US500110102001092,0,0,0
1000000US500110102001093,1,1,0
1000000US500110102001094,13,11,2
1000000US500110102001095,21,18,3
1000000US500110102001096,3,3,0
1000000US500110102001097,0,0,0
1000000US500110102001098,3,2,1
1000000US500110102001099,0,0,0
1000000US500110102002000,7,7,0
1000000US500110102002001,6,5,1
1000000US500110102002002,18,17,1
1000000US500110102002003,13,12,1
1000000US500110102002004,5,4,1
1000000US500110102002005,43,35,8
1000000US500110102002006,0,0,0
1000000US500110102002007,20,20,0
1000000US500110102002008,1,1,0
1000000US500110102002009,7,7,0
1000000US500110102002010,4,4,0
1000000US500110102002011,0,0,0
1000000US500110102002012,15,13,2
1000000US500110102002013,67,56,11
1000000US500110102002014,18,16,2
1000000US500110102002015,25,23,2
1000000US500110102002016,0,0,0
1000000US500110102002017,0,0,0
1000000US500110102002018,14,13,1
1000000US500110102002019,3,3,0
1000000US500110102002020,31,29,2
1000000US500110102002021,6,6,0
1000000US500110102002022,5,5,0
1000000US500110102002023,14,12,2
1000000US500110102002024,51,41,10
1000000US500110102002025,48,43,5
1000000US500110102002026,20,15,5
1000000US500110102002027,19,16,3
1000000US500110102002028,34,30,4
1000000US500110102002029,36,29,7
1000000US500110102002030,0,0,0
1000000US500110102002031,15,12,3
1000000US500110102002032,2,2,0
1000000US500110102002033,0,0,0
1000000US500110102002034,0,0,0
1000000US500110102002035,2,2,0
1000000US500110102002036,16,16,0
1000000US500110102002037,0,0,0
1000000US500110102002038,1,1,0
1000000US500110102002039,29,25,4
1000000US500110102003000,1,1,0
1000000US500110102003001,1,1,0
1000000US500110102003002,2,2,0
1000000US500110102003003,0,0,0
1000000US500110102003004,0,0,0
1000000US500110102003005,0,0,0
1000000US500110102003006,28,22,6
1000000US500110102003007,0,0,0
1000000US500110102003008,43,40,3
1000000US500110102003009,0,0,0
1000000US500110102003010,0,0,0
1000000US500110102003011,3,2,1
1000000US500110102003012,0,0,0
1000000US500110102003013,5,3,2
1000000US500110102003014,61,39,22
1000000US500110102003015,1,1,0
1000000US500110102003016,3,3,0
1000000US500110102003017,25,22,3
1000000US500110102003018,0,0,0
1000000US500110102003019,40,37,3
1000000US500110102003020,0,0,0
1000000US500110102003021,0,0,0
1000000US500110102003022,0,0,0
1000000US500110102003023,0,0,0
1000000US500110102003024,0,0,0
1000000US500110102003025,0,0,0
1000000US500110102003026,0,0,0
1000000US500110102003027,0,0,0
1000000US500110102003028,0,0,0
1000000US500110102003029,5,5,0
1000000US500110102003030,1,1,0
1000000US500110102003031,25,23,2
1000000US500110102003032,0,0,0
1000000US500110102003033,0,0,0
1000000US500110102003034,1,1,0
1000000US500110102003035,5,4,1
1000000US500110102003036,20,15,5
1000000US500110102003037,39,37,2
1000000US500110102003038,23,23,0
1000000US500110102003039,0,0,0
1000000US500110102003040,1,1,0
1000000US500110102003041,19,18,1
1000000US500110102003042,15,13,2
1000000US500110102003043,0,0,0
1000000US500110102003044,0,0,0
1000000US500110102003045,0,0,0
1000000US500110102003046,1,1,0
1000000US500110102003047,1,1,0
1000000US500110102003048,2,2,0
1000000US500110102003049,15,12,3
1000000US500110102003050,0,0,0
1000000US500110102003051,2,0,2
1000000US500110102003052,2,2,0
1000000US500110102003053,1,1,0
1000000US500110102003054,1,0,1
1000000US500110102003055,0,0,0
1000000US500110102003056,1,1,0
1000000US500110102003057,0,0,0
1000000US500110102003058,2,2,0
1000000US500110102003059,0,0,0
1000000US500110102003060,1,1,0
1000000US500110102003061,0,0,0
1000000US500110102003062,0,0,0
1000000US500110102003063,0,0,0
1000000US500110102003064,1,1,0
1000000US500110102003065,7,7,0
1000000US500110102003066,0,0,0
1000000US500110102003067,0,0,0
1000000US500110102003068,8,7,1
1000000US500110102003069,3,3,0
1000000US500110102003070,8,7,1
1000000US500110102003071,0,0,0
1000000US500110102003072,16,16,0
1000000US500110102003073,18,14,4
1000000US500110102003074,4,4,0
1000000US500110102003075,0,0,0
1000000US500110102003076,0,0,0
1000000US500110102003077,0,0,0
1000000US500110102003078,1,1,0
1000000US500110102003079,3,3,0
1000000US500110102003080,3,3,0
1000000US500110102003081,0,0,0
1000000US500110102003082,0,0,0
1000000US500110102003083,0,0,0
1000000US500110102003084,3,3,0
1000000US500110102003085,6,4,2
1000000US500110102003086,0,0,0
1000000US500110102003087,18,17,1
1000000US500110102003088,0,0,0
1000000US500110102003089,4,4,0
1000000US500110102003090,11,9,2
1000000US500110102003091,0,0,0
1000000US500110102003092,4,4,0
1000000US500110102003093,4,3,1
1000000US500110102003094,18,17,1
1000000US500110102003095,2,1,1
1000000US500110102003096,1,1,0
1000000US500110102003097,7,6,1
1000000US500110102003098,0,0,0
1000000US500110102003099,1,1,0
1000000US500110102003100,0,0,0
1000000US500110102003101,5,5,0
1000000US500110102003102,0,0,0
1000000US500110102003103,1,1,0
1000000US500110102003104,12,11,1
1000000US500110102003105,4,2,2
1000000US500110102003106,1,1,0
1000000US500110102003107,24,22,2
1000000US500110102003108,6,6,0
1000000US500110102003109,0,0,0
1000000US500110102003110,27,23,4
1000000US500110102003111,6,6,0
1000000US500110102003112,16,14,2
1000000US500110102003113,5,4,1
1000000US500110102003114,13,13,0
1000000US500110102003115,7,5,2
1000000US500110102003116,0,0,0
1000000US500110102003117,1,1,0
1000000US500110102003118,1,1,0
1000000US500110102003119,0,0,0
1000000US500110102003120,0,0,0
1000000US500110102003121,0,0,0
1000000US500110103001000,0,0,0
1000000US500110103001001,0,0,0
1000000US500110103001002,0,0,0
1000000US500110103001003,45,28,17
1000000US500110103001004,10,7,3
1000000US500110103001005,2,2,0
1000000US500110103001006,3,3,0
1000000US500110103001007,0,0,0
1000000US500110103001008,12,10,2
1000000US500110103001009,14,13,1
1000000US500110103001010,9,9,0
1000000US500110103001011,0,0,0
1000000US500110103001012,1,1,0
1000000US500110103001013,9,6,3
1000000US500110103001014,11,11,0
1000000US500110103001015,3,3,0
1000000US500110103001016,0,0,0
1000000US500110103001017,54,50,4
1000000US500110103001018,3,3,0
1000000US500110103001019,16,10,6
1000000US500110103001020,5,5,0
1000000US500110103001021,4,4,0
1000000US500110103001022,12,10,2
1000000US500110103001023,0,0,0
1000000US500110103001024,2,2,0
1000000US500110103001025,2,2,0
1000000US500110103001026,0,0,0
1000000US500110103001027,0,0,0
1000000US500110103001028,1,1,0
1000000US500110103001029,26,22,4
1000000US500110103001030,15,13,2
1000000US500110103001031,9,9,0
1000000US500110103001032,14,12,2
1000000US500110103001033,21,19,2
1000000US500110103001034,58,53,5
1000000US500110103001035,0,0,0
1000000US500110103001036,19,19,0
1000000US500110103001037,9,9,0
1000000US500110103001038,5,5,0
1000000US500110103001039,12,7,5
1000000US500110103001040,15,12,3
1000000US500110103001041,0,0,0
1000000US500110103001042,0,0,0
1000000US500110103001043,0,0,0
1000000US500110103001044,0,0,0
1000000US500110103001045,0,0,0
1000000US500110103002000,13,11,2
1000000US500110103002001,1,1,0
1000000US500110103002002,0,0,0
1000000US500110103002003,0,0,0
1000000US500110103002004,0,0,0
1000000US500110103002005,7,5,2
1000000US500110103002006,4,2,2
1000000US500110103002007,0,0,0
1000000US500110103002008,1,1,0
1000000US500110103002009,5,5,0
1000000US500110103002010,1,1,0
1000000US500110103002011,4,3,1
1000000US500110103002012,26,21,5
1000000US500110103002013,0,0,0
1000000US500110103002014,0,0,0
1000000US500110103002015,0,0,0
1000000US500110103002016,0,0,0
1000000US500110103002017,0,0,0
1000000US500110103002018,0,0,0
1000000US500110103002019,0,0,0
1000000US500110103002020,0,0,0
1000000US500110103002021,19,12,7
1000000US500110103002022,9,9,0
1000000US500110103002023,13,13,0
1000000US500110103002024,68,47,21
1000000US500110103002025,26,19,7
1000000US500110103002026,4,3,1
1000000US500110103002027,33,27,6
1000000US500110103002028,23,21,2
1000000US500110103002029,0,0,0
1000000US500110103002030,0,0,0
1000000US500110103002031,41,38,3
1000000US500110103002032,39,32,7
1000000US500110103002033,43,36,7
1000000US500110103002034,3,2,1
1000000US500110103002035,9,9,0
1000000US500110103002036,10,10,0
1000000US500110103002037,32,28,4
1000000US500110103002038,16,12,4
1000000US500110103002039,42,36,6
1000000US500110103002040,0,0,0
1000000US500110103002041,6,6,0
1000000US500110103002042,0,0,0
1000000US500110103002043,0,0,0
1000000US500110103002044,0,0,0
1000000US500110103002045,0,0,0
1000000US500110103002046,1,1,0
1000000US500110103002047,4,4,0
1000000US500110103002048,0,0,0
1000000US500110103002049,2,2,0
1000000US500110103002050,14,11,3
1000000US500110103002051,0,0,0
1000000US500110103002052,20,20,0
1000000US500110103002053,13,10,3
1000000US500110103002054,28,21,7
1000000US500110103002055,16,15,1
1000000US500110103002056,14,11,3
1000000US500110103002057,0,0,0
1000000US500110103002058,1,1,0
1000000US500110103002059,10,9,1
1000000US500110103002060,0,0,0
1000000US500110103002061,0,0,0
1000000US500110103002062,0,0,0
1000000US500110103002063,23,18,5
1000000US500110103002064,2,2,0
1000000US500110103002065,0,0,0
1000000US500110103002066,0,0,0
1000000US500110103002067,6,5,1
1000000US500110103002068,0,0,0
1000000US500110103002069,0,0,0
1000000US500110103003000,115,72,43
1000000US500110103003001,16,15,1
1000000US500110103003002,27,19,8
1000000US500110103003003,4,2,2
1000000US500110103003004,3,3,0
1000000US500110103003005,1,1,0
1000000US500110103003006,0,0,0
1000000US500110103003007,22,20,2
1000000US500110103003008,3,3,0
1000000US500110103003009,0,0,0
1000000US500110103003010,40,32,8
1000000US500110103003011,31,25,6
1000000US500110103003012,0,0,0
1000000US500110103003013,2,2,0
1000000US500110103003014,0,0,0
1000000US500110103003015,2,2,0
1000000US500110103003016,0,0,0
1000000US500110103003017,0,0,0
1000000US500110103003018,2,1,1
1000000US500110103003019,0,0,0
1000000US500110103003020,0,0,0
1000000US500110103003021,17,9,8
1000000US500110103003022,6,6,0
1000000US500110103003023,0,0,0
1000000US500110103003024,0,0,0
1000000US500110103003025,48,27,21
1000000US500110103003026,0,0,0
1000000US500110103003027,0,0,0
1000000US500110103003028,15,10,5
1000000US500110103003029,0,0,0
1000000US500110103003030,6,4,2
1000000US500110103003031,0,0,0
1000000US500110103003032,0,0,0
1000000US500110103003033,13,3,10
1000000US500110103003034,66,42,24
1000000US500110103003035,49,31,18
1000000US500110103003036,1,1,0
1000000US500110103003037,18,10,8
1000000US500110103003038,1,0,1
1000000US500110103003039,1,1,0
1000000US500110103003040,0,0,0
1000000US500110103003041,80,44,36
1000000US500110103003042,71,45,26
1000000US500110103003043,7,4,3
1000000US500110103003044,0,0,0
1000000US500110103003045,5,3,2
1000000US500110103003046,1,0,1
1000000US500110103003047,0,0,0
1000000US500110103003048,5,2,3
1000000US500110103003049,1,0,1
1000000US500110103003050,24,9,15
1000000US500110103003051,12,8,4
1000000US500110103003052,9,3,6
1000000US500110103003053,0,0,0
1000000US500110103003054,0,0,0
1000000US500110103003055,51,39,12
1000000US500110103003056,3,3,0
1000000US500110103003057,13,8,5
1000000US500110104001000,11,10,1
1000000US500110104001001,14,14,0
1000000US500110104001002,5,5,0
1000000US500110104001003,0,0,0
1000000US500110104001004,2,2,0
1000000US500110104001005,0,0,0
1000000US500110104001006,10,10,0
1000000US500110104001007,8,8,0
1000000US500110104001008,2,1,1
1000000US500110104001009,0,0,0
1000000US500110104001010,0,0,0
1000000US500110104001011,2,2,0
1000000US500110104001012,11,11,0
1000000US500110104001013,3,3,0
1000000US500110104001014,4,4,0
1000000US500110104001015,41,38,3
1000000US500110104001016,3,3,0
1000000US500110104001017,36,35,1
1000000US500110104001018,0,0,0
1000000US500110104001019,22,21,1
1000000US500110104001020,0,0,0
1000000US500110104001021,0,0,0
1000000US500110104001022,5,5,0
1000000US500110104001023,4,4,0
1000000US500110104001024,0,0,0
1000000US500110104001025,0,0,0
1000000US500110104001026,0,0,0
1000000US500110104001027,0,0,0
1000000US500110104001028,6,6,0
1000000US500110104001029,2,2,0
1000000US500110104001030,8,7,1
1000000US500110104001031,1,1,0
1000000US500110104001032,1,1,0
1000000US500110104001033,9,9,0
1000000US500110104001034,3,3,0
1000000US500110104001035,0,0,0
1000000US500110104001036,0,0,0
1000000US500110104001037,0,0,0
1000000US500110104001038,0,0,0
1000000US500110104001039,0,0,0
1000000US500110104001040,0,0,0
1000000US500110104001041,8,7,1
1000000US500110104001042,30,30,0
1000000US500110104001043,0,0,0
1000000US500110104001044,0,0,0
1000000US500110104001045,0,0,0
1000000US500110104001046,34,30,4
1000000US500110104001047,19,16,3
1000000US500110104001048,2,2,0
1000000US500110104001049,5,4,1
1000000US500110104001050,0,0,0
1000000US500110104001051,0,0,0
1000000US500110104001052,1,1,0
1000000US500110104001053,0,0,0
1000000US500110104001054,0,0,0
1000000US500110104001055,8,7,1
1000000US500110104001056,15,15,0
1000000US500110104001057,0,0,0
1000000US500110104001058,21,21,0
1000000US500110104001059,13,13,0
1000000US500110104001060,14,13,1
1000000US500110104001061,3,0,3
1000000US500110104001062,87,12,75
1000000US500110104001063,0,0,0
1000000US500110104001064,0,0,0
1000000US500110104001065,1,0,1
1000000US500110104001066,17,1,16
1000000US500110104001067,0,0,0
1000000US500110104001068,1,1,0
1000000US500110104001069,0,0,0
1000000US500110104001070,0,0,0
1000000US500110104001071,0,0,0
1000000US500110104001072,0,0,0
1000000US500110104001073,0,0,0
1000000US500110104001074,17,4,13
1000000US500110104001075,6,6,0
1000000US500110104001076,0,0,0
1000000US500110104001077,16,16,0
1000000US500110104001078,31,30,1
1000000US500110104001079,11,10,1
1000000US500110104001080,0,0,0
1000000US500110104002000,36,29,7
1000000US500110104002001,0,0,0
1000000US500110104002002,2,2,0
1000000US500110104002003,2,2,0
1000000US500110104002004,0,0,0
1000000US500110104002005,1,1,0
1000000US500110104002006,1,1,0
1000000US500110104002007,11,11,0
1000000US500110104002008,13,13,0
1000000US500110104002009,1,1,0
1000000US500110104002010,0,0,0
1000000US500110104002011,11,10,1
1000000US500110104002012,1,1,0
1000000US500110104002013,2,2,0
1000000US500110104002014,8,8,0
1000000US500110104002015,0,0,0
1000000US500110104002016,0,0,0
1000000US500110104002017,24,21,3
1000000US500110104002018,0,0,0
1000000US500110104002019,1,1,0
1000000US500110104002020,26,25,1
1000000US500110104002021,0,0,0
1000000US500110104002022,1,1,0
1000000US500110104002023,0,0,0
1000000US500110104002024,0,0,0
1000000US500110104002025,0,0,0
1000000US500110104002026,0,0,0
1000000US500110104002027,0,0,0
1000000US500110104002028,0,0,0
1000000US500110104002029,0,0,0
1000000US500110104002030,2,2,0
1000000US500110104002031,0,0,0
1000000US500110104002032,0,0,0
1000000US500110104002033,7,7,0
1000000US500110104002034,0,0,0
1000000US500110104002035,1,1,0
1000000US500110104002036,1,1,0
1000000US500110104002037,7,7,0
1000000US500110104002038,0,0,0
1000000US500110104002039,5,5,0
1000000US500110104002040,11,11,0
1000000US500110104002041,0,0,0
1000000US500110104002042,0,0,0
1000000US500110104002043,0,0,0
1000000US500110104002044,10,10,0
1000000US500110104002045,0,0,0
1000000US500110104002046,5,5,0
1000000US500110104002047,1,1,0
1000000US500110104002048,6,5,1
1000000US500110104002049,0,0,0
1000000US500110104002050,4,1,3
1000000US500110104002051,4,4,0
1000000US500110104002052,3,3,0
1000000US500110104002053,8,8,0
1000000US500110104002054,10,10,0
1000000US500110104002055,40,40,0
1000000US500110104002056,4,4,0
1000000US500110104002057,1,1,0
1000000US500110104002058,0,0,0
1000000US500110104002059,0,0,0
1000000US500110104002060,0,0,0
1000000US500110104002061,4,3,1
1000000US500110104002062,10,8,2
1000000US500110104002063,6,6,0
1000000US500110104002064,0,0,0
1000000US500110104002065,3,2,1
1000000US500110104002066,0,0,0
1000000US500110104002067,0,0,0
1000000US500110104002068,0,0,0
1000000US500110104003000,67,41,26
1000000US500110104003001,13,10,3
1000000US500110104003002,3,3,0
1000000US500110104003003,9,7,2
1000000US500110104003004,15,14,1
1000000US500110104003005,0,0,0
1000000US500110104003006,0,0,0
1000000US500110104003007,1,1,0
1000000US500110104003008,3,3,0
1000000US500110104003009,1,1,0
1000000US500110104003010,0,0,0
1000000US500110104003011,0,0,0
1000000US500110104003012,0,0,0
1000000US500110104003013,52,48,4
1000000US500110104003014,0,0,0
1000000US500110104003015,0,0,0
1000000US500110104003016,0,0,0
1000000US500110104003017,0,0,0
1000000US500110104003018,0,0,0
1000000US500110104003019,0,0,0
1000000US500110104003020,1,1,0
1000000US500110104003021,0,0,0
1000000US500110104003022,0,0,0
1000000US500110104003023,6,5,1
1000000US500110104003024,23,22,1
1000000US500110104003025,1,1,0
1000000US500110104003026,3,2,1
1000000US500110104003027,3,3,0
1000000US500110104003028,1,1,0
1000000US500110104003029,0,0,0
1000000US500110104003030,58,47,11
1000000US500110104003031,10,7,3
1000000US500110104003032,0,0,0
1000000US500110104003033,1,0,1
1000000US500110104003034,0,0,0
1000000US500110104003035,0,0,0
1000000US500110104003036,5,4,1
1000000US500110104003037,2,2,0
1000000US500110104003038,16,15,1
1000000US500110104003039,39,36,3
1000000US500110104003040,35,33,2
1000000US500110104003041,13,12,1
1000000US500110104003042,0,0,0
1000000US500110104003043,19,18,1
1000000US500110104003044,35,33,2
1000000US500110104003045,5,5,0
1000000US500110104003046,3,3,0
1000000US500110104003047,0,0,0
1000000US500110104003048,0,0,0
1000000US500110104003049,0,0,0
1000000US500110104003050,0,0,0
1000000US500110104003051,30,23,7
1000000US500110104003052,5,5,0
1000000US500110104003053,0,0,0
1000000US500110104003054,0,0,0
1000000US500110104003055,4,4,0
1000000US500110104003056,0,0,0
1000000US500110104003057,2,2,0
1000000US500110104003058,2,2,0
1000000US500110104003059,0,0,0
1000000US500110104003060,3,3,0
1000000US500110104003061,2,1,1
1000000US500110104003062,1,1,0
1000000US500110104003063,0,0,0
1000000US500110104003064,0,0,0
1000000US500110104003065,24,15,9
1000000US500110104003066,1,1,0
1000000US500110104003067,0,0,0
1000000US500110104003068,0,0,0
1000000US500110104003069,1,1,0
1000000US500110104003070,14,13,1
1000000US500110104003071,14,14,0
1000000US500110104003072,14,7,7
1000000US500110104003073,3,3,0
1000000US500110104003074,0,0,0
1000000US500110104003075,0,0,0
1000000US500110104003076,1,1,0
1000000US500110104003077,4,4,0
1000000US500110104003078,1,1,0
1000000US500110104003079,17,16,1
1000000US500110104003080,0,0,0
1000000US500110104003081,0,0,0
1000000US500110105001000,0,0,0
1000000US500110105001001,0,0,0
1000000US500110105001002,0,0,0
1000000US500110105001003,2,2,0
1000000US500110105001004,0,0,0
1000000US500110105001005,0,0,0
1000000US500110105001006,0,0,0
1000000US500110105001007,25,24,1
1000000US500110105001008,10,10,0
1000000US500110105001009,12,11,1
1000000US500110105001010,8,8,0
1000000US500110105001011,0,0,0
1000000US500110105001012,0,0,0
1000000US500110105001013,58,53,5
1000000US500110105001014,25,18,7
1000000US500110105001015,23,23,0
1000000US500110105001016,0,0,0
1000000US500110105001017,0,0,0
1000000US500110105001018,21,20,1
1000000US500110105001019,7,6,1
1000000US500110105001020,18,18,0
1000000US500110105001021,17,14,3
1000000US500110105001022,59,55,4
1000000US500110105001023,77,74,3
1000000US500110105001024,10,10,0
1000000US500110105001025,10,10,0
1000000US500110105001026,13,13,0
1000000US500110105001027,3,3,0
1000000US500110105001028,28,26,2
1000000US500110105001029,13,13,0
1000000US500110105001030,11,10,1
1000000US500110105001031,21,20,1
1000000US500110105001032,24,22,2
1000000US500110105001033,0,0,0
1000000US500110105001034,0,0,0
1000000US500110105001035,0,0,0
1000000US500110105001036,0,0,0
1000000US500110105001037,6,6,0
1000000US500110105001038,0,0,0
1000000US500110105001039,0,0,0
1000000US500110105001040,0,0,0
1000000US500110105001041,0,0,0
1000000US500110105001042,0,0,0
1000000US500110105001043,0,0,0
1000000US500110105002000,0,0,0
1000000US500110105002001,18,17,1
1000000US500110105002002,0,0,0
1000000US500110105002003,3,3,0
1000000US500110105002004,16,15,1
1000000US500110105002005,0,0,0
1000000US500110105002006,0,0,0
1000000US500110105002007,0,0,0
1000000US500110105002008,0,0,0
1000000US500110105002009,1,1,0
1000000US500110105002010,0,0,0
1000000US500110105002011,0,0,0
1000000US500110105002012,0,0,0
1000000US500110105002013,18,17,1
1000000US500110105002014,0,0,0
1000000US500110105002015,4,4,0
1000000US500110105002016,7,7,0
1000000US500110105002017,10,8,2
1000000US500110105002018,36,35,1
1000000US500110105002019,17,16,1
1000000US500110105002020,17,17,0
1000000US500110105002021,20,17,3
1000000US500110105002022,23,19,4
1000000US500110105002023,20,19,1
1000000US500110105002024,0,0,0
1000000US500110105002025,75,63,12
1000000US500110105002026,27,26,1
1000000US500110105002027,28,26,2
1000000US500110105002028,0,0,0
1000000US500110105002029,0,0,0
1000000US500110105002030,0,0,0
1000000US500110105002031,0,0,0
1000000US500110105002032,23,21,2
1000000US500110105002033,1,1,0
1000000US500110105002034,8,8,0
1000000US500110105002035,13,11,2
1000000US500110105002036,16,14,2
1000000US500110105002037,37,37,0
1000000US500110105002038,45,41,4
1000000US500110105002039,28,25,3
1000000US500110105002040,51,47,4
1000000US500110105002041,21,19,2
1000000US500110105002042,8,8,0
1000000US500110105002043,8,8,0
1000000US500110105002044,29,29,0
1000000US500110105002045,16,16,0
1000000US500110105002046,12,12,0
1000000US500110105002047,1,1,0
1000000US500110105002048,0,0,0
1000000US500110105002049,0,0,0
1000000US500110105002050,0,0,0
1000000US500110105002051,0,0,0
1000000US500110105002052,0,0,0
1000000US500110105002053,13,13,0
1000000US500110105002054,14,14,0
1000000US500110105002055,15,15,0
1000000US500110105002056,0,0,0
1000000US500110105002057,0,0,0
1000000US500110105002058,0,0,0
1000000US500110105002059,0,0,0
1000000US500110105002060,0,0,0
1000000US500110105002061,1,1,0
1000000US500110105003000,19,19,0
1000000US500110105003001,14,13,1
1000000US500110105003002,27,27,0
1000000US500110105003003,19,18,1
1000000US500110105003004,1,0,1
1000000US500110105003005,1,1,0
1000000US500110105003006,19,19,0
1000000US500110105003007,0,0,0
1000000US500110105003008,0,0,0
1000000US500110105003009,0,0,0
1000000US500110105003010,0,0,0
1000000US500110105003011,0,0,0
1000000US500110105003012,0,0,0
1000000US500110105003013,8,8,0
1000000US500110105003014,20,20,0
1000000US500110105003015,0,0,0
1000000US500110105003016,0,0,0
1000000US500110105003017,3,3,0
1000000US500110105003018,16,16,0
1000000US500110105003019,1,1,0
1000000US500110105003020,6,5,1
1000000US500110105003021,2,2,0
1000000US500110105003022,47,46,1
1000000US500110105003023,2,2,0
1000000US500110105003024,17,17,0
1000000US500110105003025,0,0,0
1000000US500110105003026,33,31,2
1000000US500110105003027,0,0,0
1000000US500110105003028,11,9,2
1000000US500110105003029,27,25,2
1000000US500110105003030,3,3,0
1000000US500110105003031,1,1,0
1000000US500110105003032,0,0,0
1000000US500110105003033,10,10,0
1000000US500110105003034,3,3,0
1000000US500110105003035,4,3,1
1000000US500110105003036,28,27,1
1000000US500110105003037,0,0,0
1000000US500110105003038,0,0,0
1000000US500110105003039,0,0,0
1000000US500110105003040,0,0,0
1000000US500110105003041,0,0,0
1000000US500110105003042,8,8,0
1000000US500110105003043,6,6,0
1000000US500110105003044,1,1,0
1000000US500110105003045,50,48,2
1000000US500110105003046,0,0,0
1000000US500110105003047,7,7,0
1000000US500110105003048,2,2,0
1000000US500110105003049,4,4,0
1000000US500110105003050,0,0,0
1000000US500110105003051,0,0,0
1000000US500110105003052,0,0,0
1000000US500110105003053,0,0,0
1000000US500110105003054,1,1,0
1000000US500110105003055,0,0,0
1000000US500110105003056,0,0,0
1000000US500110105003057,0,0,0
1000000US500110105004000,0,0,0
1000000US500110105004001,0,0,0
1000000US500110105004002,0,0,0
1000000US500110105004003,19,18,1
1000000US500110105004004,17,16,1
1000000US500110105004005,3,3,0
1000000US500110105004006,14,13,1
1000000US500110105004007,0,0,0
1000000US500110105004008,0,0,0
1000000US500110105004009,8,7,1
1000000US500110105004010,0,0,0
1000000US500110105004011,0,0,0
1000000US500110105004012,46,44,2
1000000US500110105004013,0,0,0
1000000US500110105004014,28,27,1
1000000US500110105004015,10,9,1
1000000US500110105004016,27,27,0
1000000US500110105004017,0,0,0
1000000US500110105004018,0,0,0
1000000US500110105004019,95,88,7
1000000US500110105004020,0,0,0
1000000US500110105004021,10,9,1
1000000US500110105004022,21,17,4
1000000US500110105004023,38,33,5
1000000US500110105004024,5,5,0
1000000US500110105004025,71,68,3
1000000US500110105004026,0,0,0
1000000US500110105004027,130,57,73
1000000US500110105004028,3,0,3
1000000US500110105004029,0,0,0
1000000US500110105004030,0,0,0
1000000US500110105004031,0,0,0
1000000US500110105004032,0,0,0
1000000US500110105004033,5,5,0
1000000US500110105004034,10,7,3
1000000US500110105004035,4,4,0
1000000US500110105004036,1,1,0
1000000US500110105004037,6,5,1
1000000US500110105004038,4,4,0
1000000US500110105004039,0,0,0
1000000US500110105004040,44,41,3
1000000US500110105004041,0,0,0
1000000US500110105004042,6,6,0
1000000US500110105004043,0,0,0
1000000US500110105004044,5,5,0
1000000US500110105004045,53,52,1
1000000US500110105004046,7,7,0
1000000US500110105004047,4,4,0
1000000US500110105004048,0,0,0
1000000US500110105004049,18,14,4
1000000US500110105004050,10,9,1
1000000US500110105004051,4,4,0
1000000US500110105004052,2,2,0
1000000US500110105004053,36,36,0
1000000US500110105004054,2,2,0
1000000US500110105004055,0,0,0
1000000US500110105004056,0,0,0
1000000US500110105004057,8,8,0
1000000US500110105004058,0,0,0
1000000US500110105004059,2,2,0
1000000US500110105004060,23,23,0
1000000US500110105004061,6,5,1
1000000US500110105004062,1,1,0
1000000US500110105005000,0,0,0
1000000US500110105005001,0,0,0
1000000US500110105005002,0,0,0
1000000US500110105005003,0,0,0
1000000US500110105005004,0,0,0
1000000US500110105005005,0,0,0
1000000US500110105005006,2,2,0
1000000US500110105005007,0,0,0
1000000US500110105005008,0,0,0
1000000US500110105005009,0,0,0
1000000US500110105005010,0,0,0
1000000US500110105005011,0,0,0
1000000US500110105005012,2,2,0
1000000US500110105005013,12,0,12
1000000US500110105005014,51,21,30
1000000US500110105005015,9,0,9
1000000US500110105005016,0,0,0
1000000US500110105005017,0,0,0
1000000US500110105005018,133,51,82
1000000US500110105005019,0,0,0
1000000US500110105005020,0,0,0
1000000US500110105005021,91,64,27
1000000US500110105005022,0,0,0
1000000US500110105005023,0,0,0
1000000US500110105005024,0,0,0
1000000US500110105005025,0,0,0
1000000US500110105005026,0,0,0
1000000US500110105005027,5,5,0
1000000US500110105005028,0,0,0
1000000US500110105005029,0,0,0
1000000US500110105005030,0,0,0
1000000US500110105005031,0,0,0
1000000US500110105005032,17,13,4
1000000US500110105005033,14,13,1
1000000US500110105005034,0,0,0
1000000US500110105005035,0,0,0
1000000US500110105005036,0,0,0
1000000US500110105005037,0,0,0
1000000US500110105005038,0,0,0
1000000US500110105005039,29,24,5
1000000US500110105005040,9,9,0
1000000US500110105005041,0,0,0
1000000US500110105005042,0,0,0
1000000US500110105005043,8,8,0
1000000US500110105005044,0,0,0
1000000US500110105005045,0,0,0
1000000US500110105005046,0,0,0
1000000US500110105005047,0,0,0
1000000US500110105005048,0,0,0
1000000US500110105005049,0,0,0
1000000US500110105005050,14,13,1
1000000US500110105005051,0,0,0
1000000US500110105005052,13,13,0
1000000US500110105005053,36,30,6
1000000US500110105005054,0,0,0
1000000US500110105005055,0,0,0
1000000US500110105005056,6,6,0
1000000US500110105005057,0,0,0
1000000US500110105005058,7,7,0
1000000US500110105005059,16,16,0
1000000US500110105005060,11,10,1
1000000US500110105005061,4,4,0
1000000US500110105005062,0,0,0
1000000US500110105005063,0,0,0
1000000US500110105005064,0,0,0
1000000US500110105005065,0,0,0
1000000US500110105005066,0,0,0
1000000US500110105005067,0,0,0
1000000US500110105005068,3,3,0
1000000US500110105005069,0,0,0
1000000US500110105005070,0,0,0
1000000US500110105005071,0,0,0
1000000US500110105005072,0,0,0
1000000US500110105005073,0,0,0
1000000US500110105005074,0,0,0
1000000US500110105005075,0,0,0
1000000US500110105005076,0,0,0
1000000US500110105005077,0,0,0
1000000US500110105005078,0,0,0
1000000US500110105005079,0,0,0
1000000US500110105005080,0,0,0
1000000US500110105005081,0,0,0
1000000US500110105005082,33,30,3
1000000US500110105005083,0,0,0
1000000US500110105005084,0,0,0
1000000US500110105005085,0,0,0
1000000US500110105005086,0,0,0
1000000US500110105005087,0,0,0
1000000US500110106001000,0,0,0
1000000US500110106001001,0,0,0
1000000US500110106001002,0,0,0
1000000US500110106001003,79,76,3
1000000US500110106001004,93,86,7
1000000US500110106001005,1,1,0
1000000US500110106001006,38,33,5
1000000US500110106001007,0,0,0
1000000US500110106001008,0,0,0
1000000US500110106001009,0,0,0
1000000US500110106001010,0,0,0
1000000US500110106001011,94,83,11
1000000US500110106001012,0,0,0
1000000US500110106001013,33,31,2
1000000US500110106001014,6,6,0
1000000US500110106001015,20,20,0
1000000US500110106001016,9,9,0
1000000US500110106001017,11,11,0
1000000US500110106001018,0,0,0
1000000US500110106001019,0,0,0
1000000US500110106001020,3,3,0
1000000US500110106001021,0,0,0
1000000US500110106001022,1,1,0
1000000US500110106001023,66,65,1
1000000US500110106001024,0,0,0
1000000US500110106001025,41,36,5
1000000US500110106001026,0,0,0
1000000US500110106001027,6,5,1
1000000US500110106001028,3,1,2
1000000US500110106001029,0,0,0
1000000US500110106001030,0,0,0
1000000US500110106001031,0,0,0
1000000US500110106001032,0,0,0
1000000US500110106001033,49,49,0
1000000US500110106001034,0,0,0
1000000US500110106001035,22,22,0
1000000US500110106001036,0,0,0
1000000US500110106001037,4,4,0
1000000US500110106001038,47,45,2
1000000US500110106001039,9,9,0
1000000US500110106001040,49,47,2
1000000US500110106001041,14,13,1
1000000US500110106001042,0,0,0
1000000US500110106001043,204,191,13
1000000US500110106001044,4,4,0
1000000US500110106001045,12,12,0
1000000US500110106001046,11,11,0
1000000US500110106001047,13,13,0
1000000US500110106001048,18,18,0
1000000US500110106001049,0,0,0
1000000US500110106001050,35,35,0
1000000US500110106001051,23,23,0
1000000US500110106001052,32,31,1
1000000US500110106001053,0,0,0
1000000US500110106001054,2,2,0
1000000US500110106001055,8,7,1
1000000US500110106001056,0,0,0
1000000US500110106001057,0,0,0
1000000US500110106001058,0,0,0
1000000US500110106001059,10,10,0
1000000US500110106001060,0,0,0
1000000US500110106001061,0,0,0
1000000US500110106001062,17,17,0
1000000US500110106002000,3,3,0
1000000US500110106002001,0,0,0
1000000US500110106002002,0,0,0
1000000US500110106002003,0,0,0
1000000US500110106002004,0,0,0
1000000US500110106002005,0,0,0
1000000US500110106002006,4,4,0
1000000US500110106002007,0,0,0
1000000US500110106002008,31,30,1
1000000US500110106002009,0,0,0
1000000US500110106002010,0,0,0
1000000US500110106002011,0,0,0
1000000US500110106002012,0,0,0
1000000US500110106002013,28,28,0
1000000US500110106002014,2,2,0
1000000US500110106002015,0,0,0
1000000US500110106002016,0,0,0
1000000US500110106002017,0,0,0
1000000US500110106002018,0,0,0
1000000US500110106002019,0,0,0
1000000US500110106002020,21,18,3
1000000US500110106002021,0,0,0
1000000US500110106002022,0,0,0
1000000US500110106002023,0,0,0
1000000US500110106002024,0,0,0
1000000US500110106002025,32,31,1
1000000US500110106002026,75,74,1
1000000US500110106002027,2,2,0
1000000US500110106002028,11,11,0
1000000US500110106002029,0,0,0
1000000US500110106002030,39,38,1
1000000US500110106002031,0,0,0
1000000US500110106002032,0,0,0
1000000US500110106002033,0,0,0
1000000US500110106002034,26,26,0
1000000US500110106002035,0,0,0
1000000US500110106002036,0,0,0
1000000US500110106002037,0,0,0
1000000US500110106002038,0,0,0
1000000US500110106002039,18,14,4
1000000US500110106002040,3,2,1
1000000US500110106002041,0,0,0
1000000US500110106002042,8,7,1
1000000US500110106002043,0,0,0
1000000US500110106002044,0,0,0
1000000US500110106002045,33,30,3
1000000US500110106002046,23,22,1
1000000US500110106002047,8,8,0
1000000US500110106002048,31,27,4
1000000US500110106002049,0,0,0
1000000US500110106002050,0,0,0
1000000US500110106002051,7,6,1
1000000US500110106002052,10,8,2
1000000US500110106002053,0,0,0
1000000US500110106002054,25,24,1
1000000US500110106002055,5,5,0
1000000US500110106002056,0,0,0
1000000US500110106002057,0,0,0
1000000US500110106002058,0,0,0
1000000US500110106003000,132,129,3
1000000US500110106003001,5,5,0
1000000US500110106003002,1,1,0
1000000US500110106003003,19,18,1
1000000US500110106003004,9,9,0
1000000US500110106003005,0,0,0
1000000US500110106003006,9,9,0
1000000US500110106003007,41,40,1
1000000US500110106003008,0,0,0
1000000US500110106003009,16,16,0
1000000US500110106003010,21,21,0
1000000US500110106003011,21,20,1
1000000US500110106003012,0,0,0
1000000US500110106003013,79,42,37
1000000US500110106003014,0,0,0
1000000US500110106003015,0,0,0
1000000US500110106003016,8,8,0
1000000US500110106003017,0,0,0
1000000US500110106003018,16,16,0
1000000US500110106003019,12,11,1
1000000US500110106003020,3,3,0
1000000US500110106003021,5,4,1
1000000US500110106003022,25,25,0
1000000US500110106003023,11,11,0
1000000US500110106003024,2,2,0
1000000US500110106003025,13,11,2
1000000US500110106003026,12,11,1
1000000US500110106003027,4,3,1
1000000US500110106003028,0,0,0
1000000US500110106003029,71,13,58
1000000US500110106003030,0,0,0
1000000US500110106003031,52,1,51
1000000US500110106003032,0,0,0
1000000US500110106003033,102,62,40
1000000US500110106003034,0,0,0
1000000US500110106003035,0,0,0
1000000US500110106003036,57,20,37
1000000US500110106003037,9,3,6
1000000US500110106003038,0,0,0
1000000US500110106003039,0,0,0
1000000US500110106003040,1,0,1
1000000US500110106003041,1,1,0
1000000US500110106003042,28,28,0
1000000US500110106003043,4,4,0
1000000US500110106003044,1,1,0
1000000US500110106003045,0,0,0
1000000US500110106003046,0,0,0
1000000US500110106003047,0,0,0
1000000US500110106003048,0,0,0
1000000US500110106003049,0,0,0
1000000US500110106003050,0,0,0
1000000US500110106003051,0,0,0
1000000US500110106003052,17,17,0
1000000US500110106003053,0,0,0
1000000US500110106003054,0,0,0
1000000US500110106003055,0,0,0
1000000US500110106004000,2,1,1
1000000US500110106004001,3,3,0
1000000US500110106004002,11,10,1
1000000US500110106004003,5,5,0
1000000US500110106004004,19,19,0
1000000US500110106004005,4,4,0
1000000US500110106004006,105,60,45
1000000US500110106004007,0,0,0
1000000US500110106004008,0,0,0
1000000US500110106004009,36,8,28
1000000US500110106004010,24,20,4
1000000US500110106004011,0,0,0
1000000US500110106004012,10,9,1
1000000US500110106004013,0,0,0
1000000US500110106004014,68,67,1
1000000US500110106004015,0,0,0
1000000US500110106004016,0,0,0
1000000US500110106004017,0,0,0
1000000US500110106004018,3,3,0
1000000US500110106004019,8,3,5
1000000US500110106004020,150,45,105
1000000US500110106004021,0,0,0
1000000US500110106004022,3,3,0
1000000US500110106004023,1,1,0
1000000US500110106004024,1,1,0
1000000US500110107001000,29,28,1
1000000US500110107001001,19,19,0
1000000US500110107001002,9,9,0
1000000US500110107001003,0,0,0
1000000US500110107001004,2,2,0
1000000US500110107001005,43,41,2
1000000US500110107001006,0,0,0
1000000US500110107001007,4,3,1
1000000US500110107001008,2,2,0
1000000US500110107001009,47,46,1
1000000US500110107001010,2,2,0
1000000US500110107001011,11,11,0
1000000US500110107001012,3,3,0
1000000US500110107001013,14,14,0
1000000US500110107001014,29,27,2
1000000US500110107001015,13,12,1
1000000US500110107001016,0,0,0
1000000US500110107001017,19,17,2
1000000US500110107001018,131,126,5
1000000US500110107001019,28,21,7
1000000US500110107001020,23,17,6
1000000US500110107001021,12,9,3
1000000US500110107001022,57,50,7
1000000US500110107002000,28,27,1
1000000US500110107002001,74,70,4
1000000US500110107002002,55,50,5
1000000US500110107002003,15,15,0
1000000US500110107002004,15,15,0
1000000US500110107002005,36,29,7
1000000US500110107002006,116,107,9
1000000US500110107002007,29,22,7
1000000US500110107002008,17,15,2
1000000US500110107002009,2,2,0
1000000US500110107002010,24,22,2
1000000US500110107002011,5,5,0
1000000US500110107002012,12,12,0
1000000US500110107002013,16,14,2
1000000US500110107003000,0,0,0
1000000US500110107003001,12,12,0
1000000US500110107003002,18,17,1
1000000US500110107003003,193,179,14
1000000US500110107003004,37,37,0
1000000US500110107003005,16,14,2
1000000US500110107003006,39,39,0
1000000US500110107003007,13,13,0
1000000US500110107003008,25,23,2
1000000US500110107003009,13,11,2
1000000US500110107003010,0,0,0
1000000US500110107004000,51,38,13
1000000US500110107004001,0,0,0
1000000US500110107004002,0,0,0
1000000US500110107004003,40,36,4
1000000US500110107004004,57,54,3
1000000US500110107004005,20,19,1
1000000US500110107004006,13,9,4
1000000US500110107004007,0,0,0
1000000US500110107004008,0,0,0
1000000US500110107004009,94,88,6
1000000US500110107004010,29,28,1
1000000US500110107004011,14,12,2
1000000US500110107004012,0,0,0
1000000US500110107004013,3,3,0
1000000US500110108001000,6,5,1
1000000US500110108001001,18,17,1
1000000US500110108001002,0,0,0
1000000US500110108001003,15,13,2
1000000US500110108001004,72,63,9
1000000US500110108001005,28,28,0
1000000US500110108001006,64,61,3
1000000US500110108001007,18,18,0
1000000US500110108001008,21,21,0
1000000US500110108001009,28,28,0
1000000US500110108001010,59,56,3
1000000US500110108001011,18,18,0
1000000US500110108001012,31,30,1
1000000US500110108002000,32,30,2
1000000US500110108002001,63,59,4
1000000US500110108002002,32,29,3
1000000US500110108002003,33,32,1
1000000US500110108002004,41,35,6
1000000US500110108002005,13,13,0
1000000US500110108002006,35,34,1
1000000US500110108002007,0,0,0
1000000US500110108002008,0,0,0
1000000US500110108002009,58,50,8
1000000US500110108002010,37,35,2
1000000US500110108002011,28,25,3
1000000US500110108002012,20,18,2
1000000US500110108002013,43,40,3
1000000US500110108002014,0,0,0
1000000US500110108003000,0,0,0
1000000US500110108003001,31,30,1
1000000US500110108003002,36,36,0
1000000US500110108003003,35,28,7
1000000US500110108003004,32,24,8
1000000US500110108003005,2,2,0
1000000US500110108003006,43,42,1
1000000US500110108003007,20,16,4
1000000US500110108003008,51,45,6
1000000US500110108003009,60,48,12
1000000US500110108003010,37,33,4
1000000US500110108003011,0,0,0
1000000US500110108003012,64,62,2
1000000US500110108003013,17,16,1
1000000US500110108003014,20,20,0
1000000US500110108003015,11,11,0
1000000US500110108003016,17,14,3
1000000US500110108004000,12,12,0
1000000US500110108004001,63,61,2
1000000US500110108004002,0,0,0
1000000US500110108004003,30,28,2
1000000US500110108004004,52,48,4
1000000US500110108004005,45,37,8
1000000US500110108004006,13,13,0
1000000US500110108004007,43,43,0
1000000US500110108004008,0,0,0
1000000US500110108004009,0,0,0
1000000US500110108004010,25,23,2
1000000US500110108004011,9,9,0
1000000US500110108004012,12,12,0
1000000US500110108004013,8,8,0
1000000US500110108004014,2,2,0
1000000US500110109001000,6,6,0
1000000US500110109001001,29,29,0
1000000US500110109001002,13,11,2
1000000US500110109001003,1,1,0
1000000US500110109001004,0,0,0
1000000US500110109001005,13,13,0
1000000US500110109001006,12,9,3
1000000US500110109001007,63,58,5
1000000US500110109001008,0,0,0
1000000US500110109001009,8,8,0
1000000US500110109001010,0,0,0
1000000US500110109001011,0,0,0
1000000US500110109001012,0,0,0
1000000US500110109001013,0,0,0
1000000US500110109001014,0,0,0
1000000US500110109001015,27,27,0
1000000US500110109001016,0,0,0
1000000US500110109001017,0,0,0
1000000US500110109001018,27,27,0
1000000US500110109001019,15,15,0
1000000US500110109001020,7,7,0
1000000US500110109001021,7,7,0
1000000US500110109001022,14,14,0
1000000US500110109001023,0,0,0
1000000US500110109001024,32,32,0
1000000US500110109001025,39,39,0
1000000US500110109001026,12,12,0
1000000US500110109001027,11,11,0
1000000US500110109001028,5,5,0
1000000US500110109001029,14,13,1
1000000US500110109001030,102,99,3
1000000US500110109001031,9,9,0
1000000US500110109001032,3,3,0
1000000US500110109001033,2,2,0
1000000US500110109001034,0,0,0
1000000US500110109001035,30,30,0
1000000US500110109001036,18,18,0
1000000US500110109001037,24,24,0
1000000US500110109001038,7,7,0
1000000US500110109001039,6,6,0
1000000US500110109001040,22,22,0
1000000US500110109002000,16,9,7
1000000US500110109002001,10,10,0
1000000US500110109002002,11,11,0
1000000US500110109002003,20,20,0
1000000US500110109002004,0,0,0
1000000US500110109002005,0,0,0
1000000US500110109002006,3,0,3
1000000US500110109002007,0,0,0
1000000US500110109002008,0,0,0
1000000US500110109002009,0,0,0
1000000US500110109002010,34,6,28
1000000US500110109002011,0,0,0
1000000US500110109002012,176,78,98
1000000US500110109002013,9,3,6
1000000US500110109002014,10,4,6
1000000US500110109002015,0,0,0
1000000US500110109002016,58,40,18
1000000US500110109002017,0,0,0
1000000US500110109002018,5,1,4
1000000US500110109002019,24,23,1
1000000US500110109002020,0,0,0
1000000US500110109002021,12,12,0
1000000US500110109002022,0,0,0
1000000US500110109002023,1,1,0
1000000US500110109002024,17,17,0
1000000US500110109002025,0,0,0
1000000US500110109002026,16,15,1
1000000US500110109002027,17,16,1
1000000US500110109002028,24,12,12
1000000US500110109002029,0,0,0
1000000US500110109002030,25,8,17
1000000US500110109002031,0,0,0
1000000US500110109002032,0,0,0
1000000US500110109002033,1,1,0
1000000US500110109002034,11,10,1
1000000US500110109002035,0,0,0
1000000US500110109002036,6,6,0
1000000US500110109002037,22,22,0
1000000US500110109002038,0,0,0
1000000US500110109002039,49,45,4
1000000US500110109002040,0,0,0
1000000US500110109002041,2,2,0
1000000US500110109002042,5,5,0
1000000US500110109002043,22,21,1
1000000US500110109002044,26,26,0
1000000US500110109002045,12,11,1
1000000US500110109002046,32,31,1
1000000US500110109002047,0,0,0
1000000US500110109002048,4,4,0
1000000US500110109002049,0,0,0
1000000US500110109002050,8,8,0
1000000US500110109002051,0,0,0
1000000US500110109002052,0,0,0
1000000US500110109002053,9,9,0
1000000US500110109002054,1,0,1
1000000US500110109002055,31,30,1
1000000US500110109002056,8,8,0
1000000US500110109002057,2,2,0
1000000US500110109002058,11,9,2
1000000US500110109002059,47,47,0
1000000US500110109002060,8,8,0
1000000US500110109002061,3,3,0
1000000US500110109002062,1,1,0
1000000US500110109003000,0,0,0
1000000US500110109003001,34,34,0
1000000US500110109003002,0,0,0
1000000US500110109003003,0,0,0
1000000US500110109003004,5,5,0
1000000US500110109003005,0,0,0
1000000US500110109003006,3,2,1
1000000US500110109003007,0,0,0
1000000US500110109003008,0,0,0
1000000US500110109003009,0,0,0
1000000US500110109003010,0,0,0
1000000US500110109003011,0,0,0
1000000US500110109003012,0,0,0
1000000US500110109003013,7,6,1
1000000US500110109003014,0,0,0
1000000US500110109003015,0,0,0
1000000US500110109003016,0,0,0
1000000US500110109003017,0,0,0
1000000US500110109003018,2,1,1
1000000US500110109003019,17,15,2
1000000US500110109003020,8,7,1
1000000US500110109003021,0,0,0
1000000US500110109003022,0,0,0
1000000US500110109003023,0,0,0
1000000US500110109003024,12,10,2
1000000US500110109003025,0,0,0
1000000US500110109003026,0,0,0
1000000US500110109003027,6,5,1
1000000US500110109003028,7,6,1
1000000US500110109003029,0,0,0
1000000US500110109003030,5,5,0
1000000US500110109003031,0,0,0
1000000US500110109003032,9,8,1
1000000US500110109003033,3,3,0
1000000US500110109003034,2,2,0
1000000US500110109003035,2,2,0
1000000US500110109003036,3,3,0
1000000US500110109003037,1,0,1
1000000US500110109003038,1,1,0
1000000US500110109003039,0,0,0
1000000US500110109003040,0,0,0
1000000US500110109003041,4,4,0
1000000US500110109003042,41,40,1
1000000US500110109003043,0,0,0
1000000US500110109003044,1,1,0
1000000US500110109003045,26,24,2
1000000US500110109003046,113,110,3
1000000US500110109003047,16,16,0
1000000US500110109003048,17,16,1
1000000US500110109003049,16,16,0
1000000US500110109003050,5,5,0
1000000US500110109003051,0,0,0
1000000US500110109003052,6,6,0
1000000US500110109003053,0,0,0
1000000US500110109003054,0,0,0
1000000US500110109003055,12,12,0
1000000US500110109003056,20,20,0
1000000US500110109003057,0,0,0
1000000US500110109003058,0,0,0
1000000US500110109003059,13,13,0
1000000US500110109003060,0,0,0
1000000US500110109003061,1,1,0
1000000US500110109003062,0,0,0
1000000US500110109003063,0,0,0
1000000US500110109003064,0,0,0
1000000US500110109003065,0,0,0
1000000US500110109003066,0,0,0
1000000US500110109003067,0,0,0
1000000US500110109003068,5,5,0
1000000US500110109003069,14,13,1
1000000US500110109003070,4,4,0
1000000US500110109003071,0,0,0
1000000US500110109003072,18,18,0
1000000US500110109003073,0,0,0
1000000US500110110001000,2,2,0
1000000US500110110001001,16,16,0
1000000US500110110001002,15,15,0
1000000US500110110001003,29,29,0
1000000US500110110001004,5,5,0
1000000US500110110001005,1,1,0
1000000US500110110001006,0,0,0
1000000US500110110001007,0,0,0
1000000US500110110001008,14,14,0
1000000US500110110001009,0,0,0
1000000US500110110001010,0,0,0
1000000US500110110001011,0,0,0
1000000US500110110001012,14,13,1
1000000US500110110001013,0,0,0
1000000US500110110001014,0,0,0
1000000US500110110001015,1,1,0
1000000US500110110001016,0,0,0
1000000US500110110001017,3,3,0
1000000US500110110001018,21,20,1
1000000US500110110001019,0,0,0
1000000US500110110001020,12,11,1
1000000US500110110001021,40,38,2
1000000US500110110001022,19,18,1
1000000US500110110001023,8,8,0
1000000US500110110001024,2,2,0
1000000US500110110001025,22,19,3
1000000US500110110001026,23,20,3
1000000US500110110001027,0,0,0
1000000US500110110001028,0,0,0
1000000US500110110001029,16,15,1
1000000US500110110001030,3,3,0
1000000US500110110001031,3,3,0
1000000US500110110001032,0,0,0
1000000US500110110001033,29,27,2
1000000US500110110001034,0,0,0
1000000US500110110001035,6,5,1
1000000US500110110001036,0,0,0
1000000US500110110001037,0,0,0
1000000US500110110001038,7,7,0
1000000US500110110001039,31,31,0
1000000US500110110001040,2,2,0
1000000US500110110001041,18,17,1
1000000US500110110001042,22,20,2
1000000US500110110001043,48,47,1
1000000US500110110001044,0,0,0
1000000US500110110001045,18,17,1
1000000US500110110001046,43,41,2
1000000US500110110001047,0,0,0
1000000US500110110001048,0,0,0
1000000US500110110001049,0,0,0
1000000US500110110001050,39,39,0
1000000US500110110001051,0,0,0
1000000US500110110001052,0,0,0
1000000US500110110001053,22,22,0
1000000US500110110001054,0,0,0
1000000US500110110001055,0,0,0
1000000US500110110001056,14,14,0
1000000US500110110001057,31,30,1
1000000US500110110001058,3,3,0
1000000US500110110001059,48,46,2
1000000US500110110001060,4,4,0
1000000US500110110001061,6,6,0
1000000US500110110001062,15,15,0
1000000US500110110001063,9,9,0
1000000US500110110001064,2,2,0
1000000US500110110001065,34,32,2
1000000US500110110002000,37,35,2
1000000US500110110002001,4,4,0
1000000US500110110002002,3,3,0
1000000US500110110002003,19,19,0
1000000US500110110002004,2,2,0
1000000US500110110002005,12,10,2
1000000US500110110002006,40,37,3
1000000US500110110002007,4,3,1
1000000US500110110002008,1,1,0
1000000US500110110002009,0,0,0
1000000US500110110002010,6,6,0
1000000US500110110002011,0,0,0
1000000US500110110002012,6,6,0
1000000US500110110002013,69,66,3
1000000US500110110002014,0,0,0
1000000US500110110002015,1,1,0
1000000US500110110002016,2,2,0
1000000US500110110002017,1,1,0
1000000US500110110002018,5,5,0
1000000US500110110002019,6,6,0
1000000US500110110002020,0,0,0
1000000US500110110002021,39,39,0
1000000US500110110002022,1,1,0
1000000US500110110002023,19,19,0
1000000US500110110002024,1,0,1
1000000US500110110002025,2,2,0
1000000US500110110002026,1,1,0
1000000US500110110002027,5,5,0
1000000US500110110002028,6,6,0
1000000US500110110002029,8,8,0
1000000US500110110002030,10,10,0
1000000US500110110002031,0,0,0
1000000US500110110002032,4,4,0
1000000US500110110002033,29,28,1
1000000US500110110002034,0,0,0
1000000US500110110002035,66,62,4
1000000US500110110002036,3,2,1
1000000US500110110002037,10,9,1
1000000US500110110002038,13,13,0
1000000US500110110002039,33,31,2
1000000US500110110002040,127,101,26
1000000US500110110002041,0,0,0
1000000US500110110002042,2,2,0
1000000US500110110002043,6,6,0
1000000US500110110002044,0,0,0
1000000US500110110002045,15,15,0
1000000US500110110002046,0,0,0
1000000US500110110002047,28,26,2
1000000US500110110002048,0,0,0
1000000US500110110002049,0,0,0
1000000US500110110002050,8,8,0
1000000US500110110002051,10,10,0
1000000US500110110002052,33,32,1
1000000US500110110002053,2,2,0
1000000US500110110002054,0,0,0
1000000US500110110002055,7,7,0
1000000US500110110002056,4,4,0
1000000US500110110002057,0,0,0
1000000US500110110002058,8,8,0
1000000US500110110002059,4,3,1
1000000US500110110002060,11,11,0
1000000US500110110002061,0,0,0
1000000US500110110002062,0,0,0
1000000US500110110002063,51,43,8
1000000US500110110002064,3,2,1
1000000US500110110002065,0,0,0
1000000US500110110002066,0,0,0
1000000US500110110002067,4,4,0
1000000US500110110002068,4,4,0
1000000US500110110002069,0,0,0
1000000US500110110002070,0,0,0
1000000US500110110002071,0,0,0
1000000US500110110002072,51,50,1
1000000US500110110002073,1,1,0
1000000US500110110002074,0,0,0
1000000US500110110002075,20,19,1
1000000US500110110002076,0,0,0
1000000US500110110002077,1,1,0
1000000US500110110002078,1,1,0
1000000US500110110002079,0,0,0
1000000US500110110002080,16,16,0
1000000US500110110002081,7,6,1
1000000US500110110002082,0,0,0
1000000US500110110002083,0,0,0
1000000US500110110002084,5,5,0
1000000US500110110002085,11,10,1
1000000US500110110002086,7,7,0
1000000US500110110002087,0,0,0
1000000US500110110002088,0,0,0
1000000US500110110002089,0,0,0
1000000US500110110002090,0,0,0
1000000US500110110002091,0,0,0
1000000US500110110002092,0,0,0
1000000US500110110002093,2,2,0
1000000US500110110002094,4,4,0
1000000US500110110002095,2,2,0
1000000US500110110002096,0,0,0
1000000US500110110002097,0,0,0
1000000US500110110002098,0,0,0
1000000US500110110002099,8,8,0
1000000US500110110002100,1,1,0
1000000US500110110002101,0,0,0
1000000US500110110002102,3,3,0
1000000US500110110002103,1,1,0
1000000US500110110002104,2,2,0
1000000US500110110002105,4,4,0
1000000US500110110002106,1,1,0
1000000US500110110002107,0,0,0
1000000US500110110002108,0,0,0
1000000US500110110002109,0,0,0
1000000US500110110002110,8,8,0
1000000US500110110002111,0,0,0
1000000US500110110002112,1,1,0
1000000US500110110002113,0,0,0
1000000US500110110002114,2,2,0
1000000US500110110002115,1,1,0
1000000US500110110002116,3,3,0
1000000US500110110002117,5,5,0
1000000US500110110002118,0,0,0
1000000US500110110002119,0,0,0
1000000US500110110002120,0,0,0
1000000US500110110003000,9,7,2
1000000US500110110003001,1,1,0
1000000US500110110003002,1,0,1
1000000US500110110003003,0,0,0
1000000US500110110003004,6,3,3
1000000US500110110003005,52,35,17
1000000US500110110003006,0,0,0
1000000US500110110003007,0,0,0
1000000US500110110003008,7,1,6
1000000US500110110003009,13,13,0
1000000US500110110003010,27,6,21
1000000US500110110003011,1,1,0
1000000US500110110003012,54,49,5
1000000US500110110003013,0,0,0
1000000US500110110003014,30,28,2
1000000US500110110003015,6,6,0
1000000US500110110003016,1,1,0
1000000US500110110003017,5,5,0
1000000US500110110003018,0,0,0
1000000US500110110003019,40,40,0
1000000US500110110003020,0,0,0
1000000US500110110003021,0,0,0
1000000US500110110003022,20,18,2
1000000US500110110003023,0,0,0
1000000US500110110003024,22,22,0
1000000US500110110003025,0,0,0
1000000US500110110003026,0,0,0
1000000US500110110003027,8,8,0
1000000US500110110003028,0,0,0
1000000US500110110003029,0,0,0
1000000US500110110003030,0,0,0
1000000US500110110003031,0,0,0
1000000US500110110003032,33,32,1
1000000US500110110003033,2,0,2
1000000US500110110003034,9,7,2
1000000US500110110003035,0,0,0
1000000US500110110003036,0,0,0
1000000US500110110003037,0,0,0
1000000US500110110003038,8,6,2
1000000US500110110003039,12,11,1
1000000US500110110003040,0,0,0
1000000US500110110003041,0,0,0
1000000US500110110003042,11,11,0
1000000US500110110003043,1,1,0
1000000US500110110003044,84,81,3
1000000US500110110003045,11,11,0
1000000US500110110003046,29,27,2
1000000US500110110003047,3,3,0
1000000US500110110003048,0,0,0
1000000US500110110003049,56,56,0
1000000US500110110003050,4,4,0
1000000US500110110003051,3,3,0
1000000US500110110003052,0,0,0
1000000US500110110003053,0,0,0
1000000US500130201001000,0,0,0
1000000US500130201001001,15,4,11
1000000US500130201001002,8,2,6
1000000US500130201001003,10,6,4
1000000US500130201001004,39,17,22
1000000US500130201001005,4,1,3
1000000US500130201001006,5,1,4
1000000US500130201001007,0,0,0
1000000US500130201001008,7,5,2
1000000US500130201001009,16,13,3
1000000US500130201001010,22,21,1
1000000US500130201001011,17,17,0
1000000US500130201001012,0,0,0
1000000US500130201001013,11,10,1
1000000US500130201001014,0,0,0
1000000US500130201001015,0,0,0
1000000US500130201001016,4,4,0
1000000US500130201001017,48,42,6
1000000US500130201001018,0,0,0
1000000US500130201001019,0,0,0
1000000US500130201001020,0,0,0
1000000US500130201001021,0,0,0
1000000US500130201001022,0,0,0
1000000US500130201001023,5,5,0
1000000US500130201001024,0,0,0
1000000US500130201001025,0,0,0
1000000US500130201001026,0,0,0
1000000US500130201001027,5,5,0
1000000US500130201001028,8,6,2
1000000US500130201001029,7,6,1
1000000US500130201001030,37,33,4
1000000US500130201001031,25,21,4
1000000US500130201001032,0,0,0
1000000US500130201001033,8,7,1
1000000US500130201001034,23,18,5
1000000US500130201001035,64,54,10
1000000US500130201001036,0,0,0
1000000US500130201001037,18,15,3
1000000US500130201001038,9,2,7
1000000US500130201001039,34,17,17
1000000US500130201001040,0,0,0
1000000US500130201001041,13,4,9
1000000US500130201001042,36,6,30
1000000US500130201001043,0,0,0
1000000US500130201001044,0,0,0
1000000US500130201001045,32,22,10
1000000US500130201001046,0,0,0
1000000US500130201001047,0,0,0
1000000US500130201001048,0,0,0
1000000US500130201001049,0,0,0
1000000US500130201001050,0,0,0
1000000US500130201001051,0,0,0
1000000US500130201001052,0,0,0
1000000US500130201001053,0,0,0
1000000US500130201001054,0,0,0
1000000US500130201001055,177,91,86
1000000US500130201001056,5,4,1
1000000US500130201001057,1,0,1
1000000US500130201001058,12,9,3
1000000US500130201001059,0,0,0
1000000US500130201001060,0,0,0
1000000US500130201001061,15,13,2
1000000US500130201001062,0,0,0
1000000US500130201001063,0,0,0
1000000US500130201001064,0,0,0
1000000US500130201001065,0,0,0
1000000US500130201001066,0,0,0
1000000US500130201001067,0,0,0
1000000US500130201001068,0,0,0
1000000US500130201001069,3,3,0
1000000US500130201001070,0,0,0
1000000US500130201001071,2,1,1
1000000US500130201002000,0,0,0
1000000US500130201002001,0,0,0
1000000US500130201002002,57,8,49
1000000US500130201002003,14,1,13
1000000US500130201002004,60,14,46
1000000US500130201002005,0,0,0
1000000US500130201002006,3,1,2
1000000US500130201002007,0,0,0
1000000US500130201002008,0,0,0
1000000US500130201002009,0,0,0
1000000US500130201002010,62,35,27
1000000US500130201002011,0,0,0
1000000US500130201002012,1,0,1
1000000US500130201002013,43,25,18
1000000US500130201002014,0,0,0
1000000US500130201002015,68,49,19
1000000US500130201002016,7,7,0
1000000US500130201002017,84,40,44
1000000US500130201002018,0,0,0
1000000US500130201002019,54,24,30
1000000US500130201002020,0,0,0
1000000US500130201002021,0,0,0
1000000US500130201002022,0,0,0
1000000US500130201002023,0,0,0
1000000US500130201002024,0,0,0
1000000US500130201002025,1,0,1
1000000US500130201002026,0,0,0
1000000US500130201002027,0,0,0
1000000US500130201002028,0,0,0
1000000US500130201003000,0,0,0
1000000US500130201003001,47,17,30
1000000US500130201003002,1,1,0
1000000US500130201003003,0,0,0
1000000US500130201003004,129,50,79
1000000US500130201003005,1,0,1
1000000US500130201003006,1,0,1
1000000US500130201003007,0,0,0
1000000US500130201003008,83,12,71
1000000US500130201003009,9,3,6
1000000US500130201003010,32,4,28
1000000US500130201003011,1,0,1
1000000US500130201003012,9,1,8
1000000US500130201003013,68,0,68
1000000US500130201003014,0,0,0
1000000US500130201003015,0,0,0
1000000US500130201003016,0,0,0
1000000US500130201003017,52,23,29
1000000US500130201003018,2,1,1
1000000US500130201003019,0,0,0
1000000US500130201003020,0,0,0
1000000US500130201003021,0,0,0
1000000US500130201003022,0,0,0
1000000US500130201003023,0,0,0
1000000US500130201003024,0,0,0
1000000US500130201003025,8,1,7
1000000US500130201003026,8,3,5
1000000US500130201003027,0,0,0
1000000US500130201003028,11,0,11
1000000US500130201003029,0,0,0
1000000US500130201003030,0,0,0
1000000US500130201003031,0,0,0
1000000US500130201003032,140,45,95
1000000US500130201003033,0,0,0
1000000US500130201003034,0,0,0
1000000US500130201003035,1,0,1
1000000US500130201003036,2,0,2
1000000US500130201003037,4,0,4
1000000US500130201003038,0,0,0
1000000US500130201003039,3,1,2
1000000US500130201003040,94,43,51
1000000US500130201003041,0,0,0
1000000US500130201003042,0,0,0
1000000US500130201003043,90,61,29
1000000US500130201003044,0,0,0
1000000US500130201003045,0,0,0
1000000US500130201003046,5,1,4
1000000US500130201003047,55,14,41
1000000US500130201003048,0,0,0
1000000US500130201003049,28,25,3
1000000US500130201003050,24,8,16
1000000US500130201003051,0,0,0
1000000US500130201003052,1,0,1
1000000US500130201003053,34,19,15
1000000US500130201003054,0,0,0
1000000US500130201003055,0,0,0
1000000US500130201003056,0,0,0
1000000US500130201003057,17,14,3
1000000US500130201003058,5,2,3
1000000US500130201003059,0,0,0
1000000US500130201003060,0,0,0
1000000US500130201003061,0,0,0
1000000US500130201003062,0,0,0
1000000US500130201003063,0,0,0
1000000US500130201003064,0,0,0
1000000US500130201003065,0,0,0
1000000US500130201003066,0,0,0
1000000US500130201003067,0,0,0
1000000US500130201003068,0,0,0
1000000US500130201003069,1,0,1
1000000US500130201003070,0,0,0
1000000US500130201004000,0,0,0
1000000US500130201004001,3,3,0
1000000US500130201004002,8,4,4
1000000US500130201004003,8,7,1
1000000US500130201004004,0,0,0
1000000US500130201004005,0,0,0
1000000US500130201004006,28,19,9
1000000US500130201004007,0,0,0
1000000US500130201004008,1,0,1
1000000US500130201004009,0,0,0
1000000US500130201004010,0,0,0
1000000US500130201004011,0,0,0
1000000US500130201004012,0,0,0
1000000US500130201004013,0,0,0
1000000US500130201004014,0,0,0
1000000US500130201004015,0,0,0
1000000US500130201004016,1,1,0
1000000US500130201004017,0,0,0
1000000US500130201004018,1,1,0
1000000US500130201004019,3,1,2
1000000US500130201004020,0,0,0
1000000US500130201004021,1,0,1
1000000US500130201004022,68,41,27
1000000US500130201004023,1,1,0
1000000US500130201004024,0,0,0
1000000US500130201004025,0,0,0
1000000US500130201004026,0,0,0
1000000US500130201004027,0,0,0
1000000US500130201004028,0,0,0
1000000US500130201004029,0,0,0
1000000US500130201004030,0,0,0
1000000US500130201004031,90,51,39
1000000US500130201004032,1,1,0
1000000US500130201004033,0,0,0
1000000US500130201004034,0,0,0
1000000US500130201004035,25,3,22
1000000US500130201004036,5,3,2
1000000US500130201004037,38,33,5
1000000US500130201004038,2,1,1
1000000US500130201004039,69,51,18
1000000US500130201004040,84,50,34
1000000US500130201004041,0,0,0
1000000US500130201004042,3,3,0
1000000US500130201004043,0,0,0
1000000US500130201004044,0,0,0
1000000US500130201004045,0,0,0
1000000US500130201004046,0,0,0
1000000US500130201004047,0,0,0
1000000US500130201004048,1,0,1
1000000US500130201004049,18,5,13
1000000US500130201004050,2,1,1
1000000US500130201004051,1,1,0
1000000US500130201004052,1,1,0
1000000US500130201004053,0,0,0
1000000US500130201004054,0,0,0
1000000US500130201004055,2,0,2
1000000US500130201004056,0,0,0
1000000US500130201004057,0,0,0
1000000US500130201004058,0,0,0
1000000US500130201004059,0,0,0
1000000US500130201004060,91,38,53
1000000US500130201004061,0,0,0
1000000US500130201004062,0,0,0
1000000US500130201004063,26,3,23
1000000US500130201004064,8,3,5
1000000US500130201004065,0,0,0
1000000US500130201004066,0,0,0
1000000US500130201004067,0,0,0
1000000US500130201004068,0,0,0
1000000US500130201004069,0,0,0
1000000US500130201004070,0,0,0
1000000US500130201004071,0,0,0
1000000US500130201004072,28,6,22
1000000US500130201004073,0,0,0
1000000US500130201004074,0,0,0
1000000US500130201004075,5,3,2
1000000US500130201004076,2,2,0
1000000US500130201004077,0,0,0
1000000US500130201004078,0,0,0
1000000US500130202001000,0,0,0
1000000US500130202001001,0,0,0
1000000US500130202001002,20,9,11
1000000US500130202001003,0,0,0
1000000US500130202001004,3,3,0
1000000US500130202001005,0,0,0
1000000US500130202001006,2,1,1
1000000US500130202001007,0,0,0
1000000US500130202001008,16,11,5
1000000US500130202001009,5,3,2
1000000US500130202001010,0,0,0
1000000US500130202001011,1,1,0
1000000US500130202001012,0,0,0
1000000US500130202001013,4,1,3
1000000US500130202001014,64,52,12
1000000US500130202001015,0,0,0
1000000US500130202001016,0,0,0
1000000US500130202001017,38,28,10
1000000US500130202001018,37,33,4
1000000US500130202001019,0,0,0
1000000US500130202001020,47,31,16
1000000US500130202001021,0,0,0
1000000US500130202001022,93,70,23
1000000US500130202001023,0,0,0
1000000US500130202001024,5,2,3
1000000US500130202001025,5,4,1
1000000US500130202001026,4,3,1
1000000US500130202001027,121,71,50
1000000US500130202001028,6,6,0
1000000US500130202001029,0,0,0
1000000US500130202001030,18,6,12
1000000US500130202001031,0,0,0
1000000US500130202001032,0,0,0
1000000US500130202001033,0,0,0
1000000US500130202001034,8,3,5
1000000US500130202001035,0,0,0
1000000US500130202001036,0,0,0
1000000US500130202001037,0,0,0
1000000US500130202001038,26,25,1
1000000US500130202001039,1,1,0
1000000US500130202002000,0,0,0
1000000US500130202002001,0,0,0
1000000US500130202002002,25,13,12
1000000US500130202002003,18,9,9
1000000US500130202002004,5,3,2
1000000US500130202002005,14,4,10
1000000US500130202002006,45,14,31
1000000US500130202002007,1,0,1
1000000US500130202002008,0,0,0
1000000US500130202002009,48,36,12
1000000US500130202002010,0,0,0
1000000US500130202002011,0,0,0
1000000US500130202002012,15,0,15
1000000US500130202002013,0,0,0
1000000US500130202002014,0,0,0
1000000US500130202002015,0,0,0
1000000US500130202002016,0,0,0
1000000US500130202002017,0,0,0
1000000US500130202002018,0,0,0
1000000US500130202002019,1,0,1
1000000US500130202002020,31,8,23
1000000US500130202002021,0,0,0
1000000US500130202002022,0,0,0
1000000US500130202002023,13,7,6
1000000US500130202002024,0,0,0
1000000US500130202002025,3,0,3
1000000US500130202002026,21,9,12
1000000US500130202002027,45,42,3
1000000US500130202002028,1,1,0
1000000US500130202002029,12,10,2
1000000US500130202002030,23,20,3
1000000US500130202002031,54,51,3
1000000US500130202002032,54,51,3
1000000US500130202002033,45,42,3
1000000US500130202002034,48,42,6
1000000US500130202002035,56,54,2
1000000US500130202002036,20,17,3
1000000US500130202002037,2,1,1
1000000US500130202002038,0,0,0
1000000US500130202002039,1,0,1
1000000US500130202002040,3,2,1
1000000US500130202002041,2,2,0
1000000US500130202002042,9,9,0
1000000US500130202002043,1,1,0
1000000US500130202002044,0,0,0
1000000US500130202002045,0,0,0
1000000US500130202002046,20,10,10
1000000US500130202002047,0,0,0
1000000US500130202002048,13,9,4
1000000US500130202002049,2,1,1
1000000US500130202002050,23,22,1
1000000US500130202002051,0,0,0
1000000US500130202002052,0,0,0
1000000US500130202003000,0,0,0
1000000US500130202003001,36,29,7
1000000US500130202003002,0,0,0
1000000US500130202003003,15,15,0
1000000US500130202003004,0,0,0
1000000US500130202003005,3,3,0
1000000US500130202003006,1,1,0
1000000US500130202003007,0,0,0
1000000US500130202003008,51,27,24
1000000US500130202003009,0,0,0
1000000US500130202003010,0,0,0
1000000US500130202003011,0,0,0
1000000US500130202003012,17,14,3
1000000US500130202003013,20,16,4
1000000US500130202003014,41,37,4
1000000US500130202003015,19,15,4
1000000US500130202003016,40,17,23
1000000US500130202003017,0,0,0
1000000US500130202003018,8,6,2
1000000US500130202003019,0,0,0
1000000US500130202003020,0,0,0
1000000US500130202003021,0,0,0
1000000US500130202003022,0,0,0
1000000US500130202003023,5,1,4
1000000US500130202003024,0,0,0
1000000US500130202003025,0,0,0
1000000US500130202003026,2,2,0
1000000US500130202003027,0,0,0
1000000US500130202003028,30,25,5
1000000US500130202003029,0,0,0
1000000US500130202003030,0,0,0
1000000US500130202003031,10,10,0
1000000US500130202003032,0,0,0
1000000US500130202003033,8,7,1
1000000US500130202003034,0,0,0
1000000US500130202003035,8,4,4
1000000US500130202003036,2,0,2
1000000US500130202003037,10,0,10
1000000US500130202003038,0,0,0
1000000US500130202003039,1,0,1
1000000US500130202003040,19,9,10
1000000US500130202003041,41,10,31
1000000US500130202003042,42,28,14
1000000US500130202003043,0,0,0
1000000US500130202003044,1,0,1
1000000US500130202003045,6,6,0
1000000US500130202003046,0,0,0
1000000US500130202004000,0,0,0
1000000US500130202004001,2,0,2
1000000US500130202004002,0,0,0
1000000US500130202004003,13,5,8
1000000US500130202004004,76,31,45
1000000US500130202004005,18,11,7
1000000US500130202004006,0,0,0
1000000US500130202004007,0,0,0
1000000US500130202004008,0,0,0
1000000US500130202004009,0,0,0
1000000US500130202004010,0,0,0
1000000US500130202004011,0,0,0
1000000US500130202004012,0,0,0
1000000US500130202004013,164,117,47
1000000US500130202004014,2,2,0
1000000US500130202004015,0,0,0
1000000US500130202004016,15,12,3
1000000US500130202004017,0,0,0
1000000US500130202004018,0,0,0
1000000US500130202004019,0,0,0
1000000US500130202004020,0,0,0
1000000US500130202004021,15,14,1
1000000US500130202004022,5,5,0
1000000US500130202004023,0,0,0
1000000US500130202004024,0,0,0
1000000US500130202004025,0,0,0
1000000US500130202004026,0,0,0
1000000US500130202004027,0,0,0
1000000US500130202004028,0,0,0
1000000US500130202004029,30,27,3
1000000US500130202004030,20,6,14
1000000US500130202004031,0,0,0
1000000US500130202004032,0,0,0
1000000US500130202004033,0,0,0
1000000US500130202004034,2,0,2
1000000US500130202004035,0,0,0
1000000US500130202004036,0,0,0
1000000US500130202004037,29,13,16
1000000US500130202004038,2,1,1
1000000US500130202004039,4,2,2
1000000US500130202004040,69,39,30
1000000US500130202004041,10,7,3
1000000US500130202004042,0,0,0
1000000US500130202004043,0,0,0
1000000US500130202004044,4,4,0
1000000US500130202004045,0,0,0
1000000US500130202004046,2,2,0
1000000US500130202004047,76,32,44
1000000US500130202004048,2,2,0
1000000US500130202004049,6,5,1
1000000US500130202004050,5,2,3
1000000US500130202004051,16,16,0
1000000US500130202004052,1,1,0
1000000US500130202004053,12,12,0
1000000US500130202004054,19,18,1
1000000US500130202004055,0,0,0
1000000US500130202004056,4,4,0
1000000US500130202004057,1,1,0
1000000US500130202004058,0,0,0
1000000US500130202004059,0,0,0
1000000US500130202004060,0,0,0
1000000US500130202004061,0,0,0
1000000US500130202004062,0,0,0
1000000US500130202004063,0,0,0
1000000US500130202004064,0,0,0
1000000US500159530001000,1,1,0
1000000US500159530001001,55,19,36
1000000US500159530001002,5,3,2
1000000US500159530001003,0,0,0
1000000US500159530001004,0,0,0
1000000US500159530001005,0,0,0
1000000US500159530001006,0,0,0
1000000US500159530001007,96,70,26
1000000US500159530001008,12,3,9
1000000US500159530001009,2,1,1
1000000US500159530001010,2,2,0
1000000US500159530001011,3,3,0
1000000US500159530001012,0,0,0
1000000US500159530001013,18,5,13
1000000US500159530001014,6,4,2
1000000US500159530001015,12,10,2
1000000US500159530001016,0,0,0
1000000US500159530001017,0,0,0
1000000US500159530001018,43,38,5
1000000US500159530001019,30,26,4
1000000US500159530001020,11,9,2
1000000US500159530001021,1,1,0
1000000US500159530001022,0,0,0
1000000US500159530001023,0,0,0
1000000US500159530001024,2,2,0
1000000US500159530001025,0,0,0
1000000US500159530001026,0,0,0
1000000US500159530001027,48,33,15
1000000US500159530001028,0,0,0
1000000US500159530001029,0,0,0
1000000US500159530001030,5,5,0
1000000US500159530001031,2,1,1
1000000US500159530001032,4,4,0
1000000US500159530001033,6,6,0
1000000US500159530001034,0,0,0
1000000US500159530001035,0,0,0
1000000US500159530001036,0,0,0
1000000US500159530001037,0,0,0
1000000US500159530001038,39,37,2
1000000US500159530001039,0,0,0
1000000US500159530001040,3,2,1
1000000US500159530001041,3,3,0
1000000US500159530001042,17,15,2
1000000US500159530001043,0,0,0
1000000US500159530001044,5,5,0
1000000US500159530001045,0,0,0
1000000US500159530001046,1,1,0
1000000US500159530001047,8,8,0
1000000US500159530001048,15,14,1
1000000US500159530001049,1,1,0
1000000US500159530001050,8,8,0
1000000US500159530001051,0,0,0
1000000US500159530001052,3,2,1
1000000US500159530001053,0,0,0
1000000US500159530001054,4,4,0
1000000US500159530001055,3,2,1
1000000US500159530001056,26,25,1
1000000US500159530001057,1,0,1
1000000US500159530001058,5,3,2
1000000US500159530001059,0,0,0
1000000US500159530001060,0,0,0
1000000US500159530001061,0,0,0
1000000US500159530001062,0,0,0
1000000US500159530001063,0,0,0
1000000US500159530001064,42,16,26
1000000US500159530001065,58,34,24
1000000US500159530001066,0,0,0
1000000US500159530001067,0,0,0
1000000US500159530001068,10,0,10
1000000US500159530001069,0,0,0
1000000US500159530001070,1,1,0
1000000US500159530001071,0,0,0
1000000US500159530001072,0,0,0
1000000US500159530001073,0,0,0
1000000US500159530001074,3,0,3
1000000US500159530001075,30,27,3
1000000US500159530001076,0,0,0
1000000US500159530001077,0,0,0
1000000US500159530001078,0,0,0
1000000US500159530001079,1,1,0
1000000US500159530001080,8,6,2
1000000US500159530001081,8,8,0
1000000US500159530001082,0,0,0
1000000US500159530001083,8,6,2
1000000US500159530001084,0,0,0
1000000US500159530001085,0,0,0
1000000US500159530001086,0,0,0
1000000US500159530001087,0,0,0
1000000US500159530001088,0,0,0
1000000US500159530001089,0,0,0
1000000US500159530001090,8,3,5
1000000US500159530001091,0,0,0
1000000US500159530001092,6,1,5
1000000US500159530001093,9,8,1
1000000US500159530001094,0,0,0
1000000US500159530001095,0,0,0
1000000US500159530001096,0,0,0
1000000US500159530001097,2,2,0
1000000US500159530001098,0,0,0
1000000US500159530001099,2,2,0
1000000US500159530001100,0,0,0
1000000US500159530001101,0,0,0
1000000US500159530001102,4,4,0
1000000US500159530001103,0,0,0
1000000US500159530001104,1,1,0
1000000US500159530001105,3,3,0
1000000US500159530001106,2,2,0
1000000US500159530001107,0,0,0
1000000US500159530001108,0,0,0
1000000US500159530001109,0,0,0
1000000US500159530001110,0,0,0
1000000US500159530002000,13,12,1
1000000US500159530002001,0,0,0
1000000US500159530002002,0,0,0
1000000US500159530002003,77,55,22
1000000US500159530002004,3,2,1
1000000US500159530002005,0,0,0
1000000US500159530002006,1,1,0
1000000US500159530002007,0,0,0
1000000US500159530002008,16,9,7
1000000US500159530002009,12,7,5
1000000US500159530002010,26,18,8
1000000US500159530002011,0,0,0
1000000US500159530002012,0,0,0
1000000US500159530002013,0,0,0
1000000US500159530002014,91,81,10
1000000US500159530002015,0,0,0
1000000US500159530002016,1,1,0
1000000US500159530002017,1,1,0
1000000US500159530002018,2,1,1
1000000US500159530002019,4,4,0
1000000US500159530002020,0,0,0
1000000US500159530002021,0,0,0
1000000US500159530002022,4,3,1
1000000US500159530002023,12,12,0
1000000US500159530002024,0,0,0
1000000US500159530002025,4,4,0
1000000US500159530002026,0,0,0
1000000US500159530002027,0,0,0
1000000US500159530002028,4,2,2
1000000US500159530002029,3,3,0
1000000US500159530002030,2,2,0
1000000US500159530002031,0,0,0
1000000US500159530002032,0,0,0
1000000US500159530002033,3,2,1
1000000US500159530002034,7,6,1
1000000US500159530002035,0,0,0
1000000US500159530002036,11,11,0
1000000US500159530002037,1,1,0
1000000US500159530002038,5,5,0
1000000US500159530002039,1,1,0
1000000US500159530002040,11,10,1
1000000US500159530002041,0,0,0
1000000US500159530002042,0,0,0
1000000US500159530002043,8,8,0
1000000US500159530002044,9,9,0
1000000US500159530002045,21,15,6
1000000US500159530002046,2,2,0
1000000US500159530002047,5,3,2
1000000US500159530002048,0,0,0
1000000US500159530002049,0,0,0
1000000US500159530002050,0,0,0
1000000US500159530002051,0,0,0
1000000US500159530002052,1,0,1
1000000US500159530002053,80,65,15
1000000US500159530002054,0,0,0
1000000US500159530002055,0,0,0
1000000US500159530002056,9,8,1
1000000US500159530002057,23,19,4
1000000US500159530002058,0,0,0
1000000US500159530002059,17,11,6
1000000US500159530002060,0,0,0
1000000US500159530002061,0,0,0
1000000US500159530002062,0,0,0
1000000US500159530002063,5,5,0
1000000US500159530002064,12,10,2
1000000US500159530002065,0,0,0
1000000US500159530002066,4,3,1
1000000US500159530002067,4,4,0
1000000US500159530002068,6,5,1
1000000US500159530002069,0,0,0
1000000US500159530002070,0,0,0
1000000US500159530002071,1,1,0
1000000US500159530002072,4,3,1
1000000US500159530002073,0,0,0
1000000US500159530002074,1,1,0
1000000US500159530002075,0,0,0
1000000US500159530002076,2,1,1
1000000US500159531001000,5,5,0
1000000US500159531001001,15,15,0
1000000US500159531001002,4,3,1
1000000US500159531001003,0,0,0
1000000US500159531001004,0,0,0
1000000US500159531001005,1,1,0
1000000US500159531001006,0,0,0
1000000US500159531001007,2,1,1
1000000US500159531001008,10,9,1
1000000US500159531001009,43,39,4
1000000US500159531001010,4,3,1
1000000US500159531001011,5,5,0
1000000US500159531001012,2,2,0
1000000US500159531001013,2,2,0
1000000US500159531001014,5,5,0
1000000US500159531001015,23,23,0
1000000US500159531001016,9,8,1
1000000US500159531001017,0,0,0
1000000US500159531001018,11,9,2
1000000US500159531001019,0,0,0
1000000US500159531001020,2,2,0
1000000US500159531001021,8,8,0
1000000US500159531001022,0,0,0
1000000US500159531001023,4,4,0
1000000US500159531001024,10,10,0
1000000US500159531001025,2,2,0
1000000US500159531001026,182,168,14
1000000US500159531001027,2,2,0
1000000US500159531001028,0,0,0
1000000US500159531001029,0,0,0
1000000US500159531001030,15,15,0
1000000US500159531001031,0,0,0
1000000US500159531001032,0,0,0
1000000US500159531001033,0,0,0
1000000US500159531001034,2,2,0
1000000US500159531001035,20,17,3
1000000US500159531001036,1,0,1
1000000US500159531001037,0,0,0
1000000US500159531001038,2,2,0
1000000US500159531001039,0,0,0
1000000US500159531001040,0,0,0
1000000US500159531001041,2,2,0
1000000US500159531001042,12,12,0
1000000US500159531001043,0,0,0
1000000US500159531001044,0,0,0
1000000US500159531001045,3,3,0
1000000US500159531001046,0,0,0
1000000US500159531001047,0,0,0
1000000US500159531001048,0,0,0
1000000US500159531001049,1,1,0
1000000US500159531001050,2,2,0
1000000US500159531001051,14,12,2
1000000US500159531001052,0,0,0
1000000US500159531001053,2,2,0
1000000US500159531001054,0,0,0
1000000US500159531001055,0,0,0
1000000US500159531001056,8,8,0
1000000US500159531001057,5,5,0
1000000US500159531001058,7,7,0
1000000US500159531001059,0,0,0
1000000US500159531001060,0,0,0
1000000US500159531001061,0,0,0
1000000US500159531001062,0,0,0
1000000US500159531001063,6,6,0
1000000US500159531001064,19,17,2
1000000US500159531001065,0,0,0
1000000US500159531001066,0,0,0
1000000US500159531001067,0,0,0
1000000US500159531001068,2,2,0
1000000US500159531001069,2,2,0
1000000US500159531001070,2,2,0
1000000US500159531001071,21,21,0
1000000US500159531001072,63,54,9
1000000US500159531001073,0,0,0
1000000US500159531001074,0,0,0
1000000US500159531001075,0,0,0
1000000US500159531001076,0,0,0
1000000US500159531001077,2,2,0
1000000US500159531001078,10,9,1
1000000US500159531001079,0,0,0
1000000US500159531001080,0,0,0
1000000US500159531001081,0,0,0
1000000US500159531001082,0,0,0
1000000US500159531001083,0,0,0
1000000US500159531001084,0,0,0
1000000US500159531001085,0,0,0
1000000US500159531001086,0,0,0
1000000US500159531001087,12,12,0
1000000US500159531001088,0,0,0
1000000US500159531001089,2,1,1
1000000US500159531001090,2,1,1
1000000US500159531001091,0,0,0
1000000US500159531001092,0,0,0
1000000US500159531001093,0,0,0
1000000US500159531001094,7,7,0
1000000US500159531001095,38,33,5
1000000US500159531001096,21,21,0
1000000US500159531001097,0,0,0
1000000US500159531001098,0,0,0
1000000US500159531001099,0,0,0
1000000US500159531001100,0,0,0
1000000US500159531001101,0,0,0
1000000US500159531001102,59,50,9
1000000US500159531001103,0,0,0
1000000US500159531001104,10,9,1
1000000US500159531001105,4,3,1
1000000US500159531001106,0,0,0
1000000US500159531001107,9,8,1
1000000US500159531001108,0,0,0
1000000US500159531001109,11,11,0
1000000US500159531001110,94,76,18
1000000US500159531001111,0,0,0
1000000US500159531001112,0,0,0
1000000US500159531001113,1,1,0
1000000US500159531001114,0,0,0
1000000US500159531001115,0,0,0
1000000US500159531001116,0,0,0
1000000US500159531001117,8,8,0
1000000US500159531001118,0,0,0
1000000US500159531001119,0,0,0
1000000US500159531001120,0,0,0
1000000US500159531001121,0,0,0
1000000US500159531001122,0,0,0
1000000US500159531001123,0,0,0
1000000US500159531001124,1,1,0
1000000US500159531001125,14,14,0
1000000US500159531001126,1,1,0
1000000US500159531001127,5,5,0
1000000US500159531001128,0,0,0
1000000US500159531001129,0,0,0
1000000US500159531002000,72,63,9
1000000US500159531002001,0,0,0
1000000US500159531002002,19,17,2
1000000US500159531002003,23,16,7
1000000US500159531002004,13,12,1
1000000US500159531002005,10,10,0
1000000US500159531002006,0,0,0
1000000US500159531002007,7,6,1
1000000US500159531002008,3,3,0
1000000US500159531002009,10,9,1
1000000US500159531002010,0,0,0
1000000US500159531002011,38,33,5
1000000US500159531002012,2,2,0
1000000US500159531002013,0,0,0
1000000US500159531002014,2,2,0
1000000US500159531002015,70,65,5
1000000US500159531002016,3,3,0
1000000US500159531002017,40,30,10
1000000US500159531002018,17,16,1
1000000US500159531002019,21,19,2
1000000US500159531002020,0,0,0
1000000US500159531002021,0,0,0
1000000US500159531002022,3,2,1
1000000US500159531002023,0,0,0
1000000US500159531002024,0,0,0
1000000US500159531002025,0,0,0
1000000US500159531002026,0,0,0
1000000US500159531002027,1,1,0
1000000US500159531002028,0,0,0
1000000US500159531002029,0,0,0
1000000US500159531002030,0,0,0
1000000US500159531002031,0,0,0
1000000US500159531002032,0,0,0
1000000US500159531002033,2,2,0
1000000US500159531002034,1,1,0
1000000US500159531002035,11,4,7
1000000US500159531002036,16,15,1
1000000US500159531002037,4,4,0
1000000US500159531002038,0,0,0
1000000US500159531002039,0,0,0
1000000US500159531002040,5,5,0
1000000US500159531002041,9,8,1
1000000US500159531002042,2,2,0
1000000US500159531002043,1,1,0
1000000US500159531002044,0,0,0
1000000US500159531002045,0,0,0
1000000US500159531002046,56,52,4
1000000US500159531002047,2,2,0
1000000US500159531002048,0,0,0
1000000US500159531002049,2,2,0
1000000US500159531002050,59,57,2
1000000US500159531002051,0,0,0
1000000US500159531002052,1,1,0
1000000US500159531002053,0,0,0
1000000US500159531002054,4,4,0
1000000US500159531002055,2,2,0
1000000US500159531002056,0,0,0
1000000US500159531002057,0,0,0
1000000US500159531002058,19,16,3
1000000US500159531002059,6,6,0
1000000US500159531002060,17,14,3
1000000US500159531002061,0,0,0
1000000US500159531002062,0,0,0
1000000US500159531002063,0,0,0
1000000US500159531002064,38,30,8
1000000US500159531002065,0,0,0
1000000US500159531002066,51,44,7
1000000US500159531002067,1,1,0
1000000US500159531002068,8,6,2
1000000US500159531002069,40,32,8
1000000US500159531002070,72,57,15
1000000US500159531002071,0,0,0
1000000US500159531002072,2,1,1
1000000US500159531002073,1,1,0
1000000US500159531002074,0,0,0
1000000US500159531002075,3,2,1
1000000US500159531002076,0,0,0
1000000US500159531002077,0,0,0
1000000US500159531002078,1,1,0
1000000US500159531002079,5,5,0
1000000US500159531002080,0,0,0
1000000US500159531002081,21,21,0
1000000US500159531002082,2,2,0
1000000US500159531002083,4,4,0
1000000US500159531002084,3,3,0
1000000US500159531002085,0,0,0
1000000US500159532001000,0,0,0
1000000US500159532001001,3,2,1
1000000US500159532001002,3,2,1
1000000US500159532001003,1,1,0
1000000US500159532001004,74,60,14
1000000US500159532001005,12,9,3
1000000US500159532001006,9,6,3
1000000US500159532001007,8,7,1
1000000US500159532001008,0,0,0
1000000US500159532001009,3,3,0
1000000US500159532001010,2,1,1
1000000US500159532001011,0,0,0
1000000US500159532001012,56,42,14
1000000US500159532001013,0,0,0
1000000US500159532001014,1,1,0
1000000US500159532001015,0,0,0
1000000US500159532001016,0,0,0
1000000US500159532001017,20,17,3
1000000US500159532001018,2,1,1
1000000US500159532001019,0,0,0
1000000US500159532001020,14,13,1
1000000US500159532001021,0,0,0
1000000US500159532001022,5,4,1
1000000US500159532001023,6,6,0
1000000US500159532001024,12,11,1
1000000US500159532001025,8,7,1
1000000US500159532001026,1,1,0
1000000US500159532001027,65,64,1
1000000US500159532001028,2,2,0
1000000US500159532001029,2,2,0
1000000US500159532001030,0,0,0
1000000US500159532001031,3,2,1
1000000US500159532001032,10,6,4
1000000US500159532001033,0,0,0
1000000US500159532001034,13,12,1
1000000US500159532001035,6,5,1
1000000US500159532001036,0,0,0
1000000US500159532001037,3,2,1
1000000US500159532001038,7,5,2
1000000US500159532001039,18,14,4
1000000US500159532001040,3,3,0
1000000US500159532001041,19,18,1
1000000US500159532001042,1,1,0
1000000US500159532001043,0,0,0
1000000US500159532001044,4,3,1
1000000US500159532001045,0,0,0
1000000US500159532001046,8,7,1
1000000US500159532001047,0,0,0
1000000US500159532001048,2,2,0
1000000US500159532001049,0,0,0
1000000US500159532001050,0,0,0
1000000US500159532001051,2,0,2
1000000US500159532001052,0,0,0
1000000US500159532001053,5,4,1
1000000US500159532001054,0,0,0
1000000US500159532001055,0,0,0
1000000US500159532001056,5,5,0
1000000US500159532001057,8,8,0
1000000US500159532001058,6,5,1
1000000US500159532001059,8,8,0
1000000US500159532001060,0,0,0
1000000US500159532001061,9,7,2
1000000US500159532001062,5,4,1
1000000US500159532001063,0,0,0
1000000US500159532001064,23,22,1
1000000US500159532001065,0,0,0
1000000US500159532001066,7,6,1
1000000US500159532001067,0,0,0
1000000US500159532001068,0,0,0
1000000US500159532001069,0,0,0
1000000US500159532001070,0,0,0
1000000US500159532001071,0,0,0
1000000US500159532001072,0,0,0
1000000US500159532001073,0,0,0
1000000US500159532001074,0,0,0
1000000US500159532001075,8,8,0
1000000US500159532001076,0,0,0
1000000US500159532001077,0,0,0
1000000US500159532001078,1,1,0
1000000US500159532001079,0,0,0
1000000US500159532001080,3,3,0
1000000US500159532001081,24,23,1
1000000US500159532001082,0,0,0
1000000US500159532002000,3,3,0
1000000US500159532002001,0,0,0
1000000US500159532002002,7,7,0
1000000US500159532002003,23,23,0
1000000US500159532002004,0,0,0
1000000US500159532002005,31,30,1
1000000US500159532002006,6,6,0
1000000US500159532002007,0,0,0
1000000US500159532002008,0,0,0
1000000US500159532002009,6,6,0
1000000US500159532002010,10,10,0
1000000US500159532002011,27,24,3
1000000US500159532002012,0,0,0
1000000US500159532002013,33,31,2
1000000US500159532002014,0,0,0
1000000US500159532002015,0,0,0
1000000US500159532002016,0,0,0
1000000US500159532002017,0,0,0
1000000US500159532002018,3,3,0
1000000US500159532002019,8,8,0
1000000US500159532002020,0,0,0
1000000US500159532002021,8,6,2
1000000US500159532002022,2,2,0
1000000US500159532002023,0,0,0
1000000US500159532002024,60,51,9
1000000US500159532002025,2,2,0
1000000US500159532002026,16,16,0
1000000US500159532002027,10,10,0
1000000US500159532002028,14,13,1
1000000US500159532002029,0,0,0
1000000US500159532002030,6,4,2
1000000US500159532002031,1,1,0
1000000US500159532002032,50,49,1
1000000US500159532002033,15,15,0
1000000US500159532002034,96,91,5
1000000US500159532002035,0,0,0
1000000US500159532002036,4,4,0
1000000US500159532002037,0,0,0
1000000US500159532002038,25,21,4
1000000US500159532002039,9,7,2
1000000US500159532002040,0,0,0
1000000US500159532002041,2,2,0
1000000US500159532002042,51,47,4
1000000US500159532002043,0,0,0
1000000US500159532002044,0,0,0
1000000US500159532002045,0,0,0
1000000US500159532002046,9,9,0
1000000US500159532002047,4,4,0
1000000US500159532002048,0,0,0
1000000US500159532002049,3,3,0
1000000US500159532002050,0,0,0
1000000US500159532002051,5,4,1
1000000US500159532002052,0,0,0
1000000US500159532002053,9,8,1
1000000US500159532002054,4,4,0
1000000US500159532002055,1,1,0
1000000US500159532002056,1,1,0
1000000US500159532002057,16,11,5
1000000US500159532002058,3,3,0
1000000US500159532002059,6,6,0
1000000US500159532002060,1,0,1
1000000US500159532002061,0,0,0
1000000US500159532002062,0,0,0
1000000US500159532002063,0,0,0
1000000US500159532002064,3,3,0
1000000US500159532002065,2,2,0
1000000US500159532002066,1,1,0
1000000US500159532002067,1,1,0
1000000US500159532002068,0,0,0
1000000US500159532002069,0,0,0
1000000US500159532002070,0,0,0
1000000US500159532002071,0,0,0
1000000US500159532002072,0,0,0
1000000US500159532002073,34,31,3
1000000US500159532002074,2,1,1
1000000US500159532002075,1,1,0
1000000US500159532002076,0,0,0
1000000US500159532002077,0,0,0
1000000US500159532002078,44,40,4
1000000US500159532002079,0,0,0
1000000US500159532002080,6,5,1
1000000US500159532002081,1,1,0
1000000US500159532002082,1,1,0
1000000US500159532002083,3,3,0
1000000US500159532002084,20,20,0
1000000US500159532002085,0,0,0
1000000US500159532002086,3,3,0
1000000US500159532002087,0,0,0
1000000US500159532002088,0,0,0
1000000US500159532002089,0,0,0
1000000US500159532002090,4,2,2
1000000US500159532002091,11,11,0
1000000US500159532002092,3,3,0
1000000US500159532002093,0,0,0
1000000US500159532002094,0,0,0
1000000US500159532002095,0,0,0
1000000US500159532002096,0,0,0
1000000US500159532002097,8,7,1
1000000US500159532002098,8,8,0
1000000US500159532002099,2,2,0
1000000US500159532002100,4,4,0
1000000US500159532002101,1,1,0
1000000US500159532002102,11,11,0
1000000US500159532002103,0,0,0
1000000US500159532002104,0,0,0
1000000US500159532002105,0,0,0
1000000US500159532002106,1,1,0
1000000US500159532002107,35,30,5
1000000US500159532002108,5,5,0
1000000US500159532002109,8,8,0
1000000US500159532002110,12,12,0
1000000US500159532002111,0,0,0
1000000US500159532002112,0,0,0
1000000US500159533001000,3,3,0
1000000US500159533001001,20,17,3
1000000US500159533001002,0,0,0
1000000US500159533001003,0,0,0
1000000US500159533001004,1,1,0
1000000US500159533001005,0,0,0
1000000US500159533001006,0,0,0
1000000US500159533001007,0,0,0
1000000US500159533001008,0,0,0
1000000US500159533001009,50,34,16
1000000US500159533001010,0,0,0
1000000US500159533001011,0,0,0
1000000US500159533001012,3,2,1
1000000US500159533001013,3,2,1
1000000US500159533001014,65,60,5
1000000US500159533001015,0,0,0
1000000US500159533001016,1,1,0
1000000US500159533001017,3,2,1
1000000US500159533001018,16,13,3
1000000US500159533001019,0,0,0
1000000US500159533001020,25,13,12
1000000US500159533001021,0,0,0
1000000US500159533001022,6,3,3
1000000US500159533001023,0,0,0
1000000US500159533001024,0,0,0
1000000US500159533001025,0,0,0
1000000US500159533001026,0,0,0
1000000US500159533001027,0,0,0
1000000US500159533001028,0,0,0
1000000US500159533001029,0,0,0
1000000US500159533001030,1,1,0
1000000US500159533001031,40,37,3
1000000US500159533001032,17,15,2
1000000US500159533001033,49,43,6
1000000US500159533001034,1,1,0
1000000US500159533001035,0,0,0
1000000US500159533001036,73,68,5
1000000US500159533001037,0,0,0
1000000US500159533001038,4,4,0
1000000US500159533001039,0,0,0
1000000US500159533001040,2,2,0
1000000US500159533001041,14,13,1
1000000US500159533001042,1,1,0
1000000US500159533001043,2,2,0
1000000US500159533001044,4,3,1
1000000US500159533001045,0,0,0
1000000US500159533001046,0,0,0
1000000US500159533001047,0,0,0
1000000US500159533001048,0,0,0
1000000US500159533001049,6,5,1
1000000US500159533001050,1,1,0
1000000US500159533001051,38,32,6
1000000US500159533001052,45,41,4
1000000US500159533001053,2,1,1
1000000US500159533001054,11,11,0
1000000US500159533001055,20,19,1
1000000US500159533001056,1,1,0
1000000US500159533001057,0,0,0
1000000US500159533002000,50,40,10
1000000US500159533002001,0,0,0
1000000US500159533002002,0,0,0
1000000US500159533002003,11,11,0
1000000US500159533002004,13,12,1
1000000US500159533002005,5,5,0
1000000US500159533002006,0,0,0
1000000US500159533002007,0,0,0
1000000US500159533002008,0,0,0
1000000US500159533002009,0,0,0
1000000US500159533002010,4,4,0
1000000US500159533002011,13,11,2
1000000US500159533002012,0,0,0
1000000US500159533002013,72,66,6
1000000US500159533002014,0,0,0
1000000US500159533002015,1,1,0
1000000US500159533002016,14,13,1
1000000US500159533002017,4,3,1
1000000US500159533002018,30,27,3
1000000US500159533002019,36,31,5
1000000US500159533002020,1,1,0
1000000US500159533002021,3,2,1
1000000US500159533002022,16,16,0
1000000US500159533002023,17,16,1
1000000US500159533002024,2,0,2
1000000US500159533002025,4,4,0
1000000US500159533002026,70,63,7
1000000US500159533002027,0,0,0
1000000US500159533002028,34,28,6
1000000US500159533002029,0,0,0
1000000US500159533002030,20,19,1
1000000US500159533002031,4,4,0
1000000US500159533002032,128,124,4
1000000US500159533002033,16,14,2
1000000US500159533002034,3,3,0
1000000US500159533002035,27,26,1
1000000US500159533002036,0,0,0
1000000US500159533002037,0,0,0
1000000US500159533002038,3,3,0
1000000US500159533002039,0,0,0
1000000US500159533002040,23,23,0
1000000US500159533002041,1,1,0
1000000US500159533002042,5,4,1
1000000US500159533002043,1,1,0
1000000US500159533002044,3,1,2
1000000US500159533002045,2,2,0
1000000US500159533002046,11,9,2
1000000US500159533002047,3,3,0
1000000US500159533002048,1,1,0
1000000US500159533002049,5,4,1
1000000US500159533002050,0,0,0
1000000US500159533002051,0,0,0
1000000US500159533002052,0,0,0
1000000US500159533002053,0,0,0
1000000US500159533002054,0,0,0
1000000US500159533002055,13,12,1
1000000US500159533002056,0,0,0
1000000US500159533002057,0,0,0
1000000US500159533002058,1,1,0
1000000US500159533002059,1,1,0
1000000US500159533002060,0,0,0
1000000US500159533002061,0,0,0
1000000US500159533002062,0,0,0
1000000US500159533002063,0,0,0
1000000US500159533002064,0,0,0
1000000US500159533002065,8,4,4
1000000US500159533002066,0,0,0
1000000US500159533002067,0,0,0
1000000US500159533002068,1,1,0
1000000US500159533002069,14,13,1
1000000US500159533002070,42,36,6
1000000US500159533002071,2,2,0
1000000US500159533002072,5,4,1
1000000US500159533002073,24,22,2
1000000US500159533002074,2,2,0
1000000US500159533002075,10,10,0
1000000US500159533002076,11,11,0
1000000US500159533002077,33,26,7
1000000US500159533002078,0,0,0
1000000US500159533002079,3,3,0
1000000US500159533002080,0,0,0
1000000US500159533002081,2,2,0
1000000US500159533002082,4,4,0
1000000US500159533002083,0,0,0
1000000US500159533002084,1,1,0
1000000US500159533002085,10,10,0
1000000US500159533002086,0,0,0
1000000US500159533002087,1,1,0
1000000US500159533002088,0,0,0
1000000US500159533002089,0,0,0
1000000US500159533002090,0,0,0
1000000US500159534001000,22,15,7
1000000US500159534001001,0,0,0
1000000US500159534001002,0,0,0
1000000US500159534001003,9,8,1
1000000US500159534001004,25,23,2
1000000US500159534001005,13,12,1
1000000US500159534001006,0,0,0
1000000US500159534001007,0,0,0
1000000US500159534001008,26,25,1
1000000US500159534001009,3,3,0
1000000US500159534001010,0,0,0
1000000US500159534001011,20,20,0
1000000US500159534001012,12,9,3
1000000US500159534001013,9,9,0
1000000US500159534001014,30,28,2
1000000US500159534001015,20,19,1
1000000US500159534001016,0,0,0
1000000US500159534001017,0,0,0
1000000US500159534001018,10,7,3
1000000US500159534001019,0,0,0
1000000US500159534001020,5,4,1
1000000US500159534001021,34,26,8
1000000US500159534001022,0,0,0
1000000US500159534001023,0,0,0
1000000US500159534001024,2,2,0
1000000US500159534001025,0,0,0
1000000US500159534001026,35,25,10
1000000US500159534001027,0,0,0
1000000US500159534001028,0,0,0
1000000US500159534001029,4,4,0
1000000US500159534001030,0,0,0
1000000US500159534001031,1,1,0
1000000US500159534001032,36,32,4
1000000US500159534001033,1,0,1
1000000US500159534001034,74,68,6
1000000US500159534001035,1,1,0
1000000US500159534001036,2,2,0
1000000US500159534001037,0,0,0
1000000US500159534001038,4,4,0
1000000US500159534001039,0,0,0
1000000US500159534001040,0,0,0
1000000US500159534001041,0,0,0
1000000US500159534001042,0,0,0
1000000US500159534001043,0,0,0
1000000US500159534001044,0,0,0
1000000US500159534001045,0,0,0
1000000US500159534001046,0,0,0
1000000US500159534001047,0,0,0
1000000US500159534001048,61,55,6
1000000US500159534001049,6,5,1
1000000US500159534001050,4,4,0
1000000US500159534001051,0,0,0
1000000US500159534001052,34,29,5
1000000US500159534001053,9,9,0
1000000US500159534001054,1,1,0
1000000US500159534001055,0,0,0
1000000US500159534001056,0,0,0
1000000US500159534001057,0,0,0
1000000US500159534001058,0,0,0
1000000US500159534001059,0,0,0
1000000US500159534001060,2,2,0
1000000US500159534001061,0,0,0
1000000US500159534001062,32,29,3
1000000US500159534001063,2,1,1
1000000US500159534001064,0,0,0
1000000US500159534001065,0,0,0
1000000US500159534001066,12,12,0
1000000US500159534001067,140,92,48
1000000US500159534001068,0,0,0
1000000US500159534001069,0,0,0
1000000US500159534001070,5,5,0
1000000US500159534001071,1,1,0
1000000US500159534001072,0,0,0
1000000US500159534001073,0,0,0
1000000US500159534001074,0,0,0
1000000US500159534001075,0,0,0
1000000US500159534001076,0,0,0
1000000US500159534001077,1,1,0
1000000US500159534001078,0,0,0
1000000US500159534001079,5,0,5
1000000US500159534001080,0,0,0
1000000US500159534001081,36,10,26
1000000US500159534001082,2,1,1
1000000US500159534001083,0,0,0
1000000US500159534001084,42,34,8
1000000US500159534001085,0,0,0
1000000US500159534001086,17,13,4
1000000US500159534001087,5,3,2
1000000US500159534001088,53,18,35
1000000US500159534001089,0,0,0
1000000US500159534001090,0,0,0
1000000US500159534001091,0,0,0
1000000US500159534001092,0,0,0
1000000US500159534001093,0,0,0
1000000US500159534001094,0,0,0
1000000US500159534001095,1,0,1
1000000US500159534001096,60,52,8
1000000US500159534001097,0,0,0
1000000US500159534001098,3,0,3
1000000US500159534001099,0,0,0
1000000US500159534001100,6,3,3
1000000US500159534001101,1,1,0
1000000US500159534001102,18,15,3
1000000US500159534001103,3,3,0
1000000US500159534001104,0,0,0
1000000US500159534001105,0,0,0
1000000US500159534001106,0,0,0
1000000US500159534001107,17,15,2
1000000US500159534001108,28,19,9
1000000US500159534001109,2,1,1
1000000US500159534001110,1,1,0
1000000US500159534001111,33,20,13
1000000US500159534001112,0,0,0
1000000US500159534001113,0,0,0
1000000US500159534001114,9,7,2
1000000US500159534001115,0,0,0
1000000US500159534001116,7,5,2
1000000US500159534001117,4,2,2
1000000US500159534001118,0,0,0
1000000US500159534001119,1,1,0
1000000US500159534001120,6,6,0
1000000US500159534001121,13,12,1
1000000US500159534001122,8,6,2
1000000US500159534001123,0,0,0
1000000US500159534001124,0,0,0
1000000US500159534001125,4,2,2
1000000US500159534001126,0,0,0
1000000US500159534001127,0,0,0
1000000US500159534001128,6,5,1
1000000US500159534001129,0,0,0
1000000US500159534001130,0,0,0
1000000US500159534001131,0,0,0
1000000US500159534001132,2,1,1
1000000US500159534001133,0,0,0
1000000US500159534001134,0,0,0
1000000US500159534001135,0,0,0
1000000US500159534001136,10,7,3
1000000US500159534001137,36,32,4
1000000US500159534001138,0,0,0
1000000US500159534001139,1,0,1
1000000US500159534001140,0,0,0
1000000US500159534001141,0,0,0
1000000US500159534001142,2,2,0
1000000US500159534001143,0,0,0
1000000US500159534001144,8,5,3
1000000US500159534001145,13,10,3
1000000US500159534001146,2,1,1
1000000US500159534001147,12,10,2
1000000US500159534001148,0,0,0
1000000US500159534001149,55,44,11
1000000US500159534001150,0,0,0
1000000US500159534001151,0,0,0
1000000US500159534001152,1,1,0
1000000US500159534001153,0,0,0
1000000US500159534001154,0,0,0
1000000US500159534001155,0,0,0
1000000US500159534001156,0,0,0
1000000US500159534001157,46,37,9
1000000US500159534001158,0,0,0
1000000US500159534001159,4,4,0
1000000US500159534001160,0,0,0
1000000US500159534001161,1,1,0
1000000US500159534001162,0,0,0
1000000US500159534001163,2,1,1
1000000US500159534001164,0,0,0
1000000US500159534001165,5,3,2
1000000US500159535001000,17,17,0
1000000US500159535001001,5,4,1
1000000US500159535001002,24,21,3
1000000US500159535001003,6,6,0
1000000US500159535001004,16,16,0
1000000US500159535001005,8,8,0
1000000US500159535001006,9,9,0
1000000US500159535001007,42,40,2
1000000US500159535001008,14,14,0
1000000US500159535001009,33,31,2
1000000US500159535001010,0,0,0
1000000US500159535001011,16,15,1
1000000US500159535001012,24,22,2
1000000US500159535001013,9,8,1
1000000US500159535001014,0,0,0
1000000US500159535001015,0,0,0
1000000US500159535001016,30,29,1
1000000US500159535001017,3,3,0
1000000US500159535001018,0,0,0
1000000US500159535001019,9,8,1
1000000US500159535001020,22,20,2
1000000US500159535001021,26,24,2
1000000US500159535001022,14,14,0
1000000US500159535001023,21,18,3
1000000US500159535001024,3,2,1
1000000US500159535001025,48,40,8
1000000US500159535001026,0,0,0
1000000US500159535001027,0,0,0
1000000US500159535001028,0,0,0
1000000US500159535001029,0,0,0
1000000US500159535001030,0,0,0
1000000US500159535001031,0,0,0
1000000US500159535001032,0,0,0
1000000US500159535001033,1,1,0
1000000US500159535001034,0,0,0
1000000US500159535001035,0,0,0
1000000US500159535001036,6,6,0
1000000US500159535001037,2,1,1
1000000US500159535001038,3,2,1
1000000US500159535001039,0,0,0
1000000US500159535001040,16,13,3
1000000US500159535001041,0,0,0
1000000US500159535001042,67,60,7
1000000US500159535001043,0,0,0
1000000US500159535001044,1,0,1
1000000US500159535001045,17,17,0
1000000US500159535001046,0,0,0
1000000US500159535001047,0,0,0
1000000US500159535002000,0,0,0
1000000US500159535002001,0,0,0
1000000US500159535002002,53,37,16
1000000US500159535002003,11,9,2
1000000US500159535002004,19,16,3
1000000US500159535002005,19,16,3
1000000US500159535002006,6,5,1
1000000US500159535002007,62,50,12
1000000US500159535002008,3,3,0
1000000US500159535002009,0,0,0
1000000US500159535002010,0,0,0
1000000US500159535002011,1,0,1
1000000US500159535002012,0,0,0
1000000US500159535002013,3,2,1
1000000US500159535002014,5,3,2
1000000US500159535002015,0,0,0
1000000US500159535002016,2,1,1
1000000US500159535002017,3,3,0
1000000US500159535002018,1,1,0
1000000US500159535002019,13,12,1
1000000US500159535002020,7,5,2
1000000US500159535002021,14,14,0
1000000US500159535002022,0,0,0
1000000US500159535002023,15,13,2
1000000US500159535002024,0,0,0
1000000US500159535002025,0,0,0
1000000US500159535002026,0,0,0
1000000US500159535002027,0,0,0
1000000US500159535002028,22,21,1
1000000US500159535002029,0,0,0
1000000US500159535002030,0,0,0
1000000US500159535002031,15,14,1
1000000US500159535002032,0,0,0
1000000US500159535002033,2,2,0
1000000US500159535002034,0,0,0
1000000US500159535002035,1,0,1
1000000US500159535002036,1,1,0
1000000US500159535002037,38,36,2
1000000US500159535002038,50,48,2
1000000US500159535002039,8,7,1
1000000US500159535002040,10,9,1
1000000US500159535002041,3,3,0
1000000US500159535002042,68,53,15
1000000US500159535002043,19,17,2
1000000US500159535002044,0,0,0
1000000US500159535002045,16,16,0
1000000US500159535002046,33,31,2
1000000US500159535002047,11,10,1
1000000US500159535002048,6,6,0
1000000US500159535002049,7,5,2
1000000US500159535002050,4,2,2
1000000US500159535002051,5,4,1
1000000US500159535002052,0,0,0
1000000US500159535002053,0,0,0
1000000US500159535002054,0,0,0
1000000US500159535002055,7,7,0
1000000US500159535002056,4,4,0
1000000US500159535002057,30,24,6
1000000US500159535002058,7,6,1
1000000US500159535002059,0,0,0
1000000US500159535002060,0,0,0
1000000US500159535002061,0,0,0
1000000US500159535002062,0,0,0
1000000US500159535002063,0,0,0
1000000US500159535002064,18,18,0
1000000US500159535002065,18,17,1
1000000US500159535002066,15,13,2
1000000US500159535002067,0,0,0
1000000US500159535002068,0,0,0
1000000US500159535002069,0,0,0
1000000US500159535002070,0,0,0
1000000US500159535002071,2,2,0
1000000US500159535002072,0,0,0
1000000US500159535002073,0,0,0
1000000US500159535002074,3,3,0
1000000US500159535002075,0,0,0
1000000US500159535002076,3,1,2
1000000US500159535002077,19,13,6
1000000US500159535002078,10,6,4
1000000US500159535002079,15,10,5
1000000US500159535002080,1,0,1
1000000US500159535002081,0,0,0
1000000US500159535002082,1,1,0
1000000US500159535002083,0,0,0
1000000US500159535002084,37,32,5
1000000US500159535002085,0,0,0
1000000US500159535002086,28,24,4
1000000US500159535002087,43,33,10
1000000US500159535002088,0,0,0
1000000US500159535002089,13,11,2
1000000US500159535002090,39,30,9
1000000US500159535002091,4,3,1
1000000US500159535002092,7,4,3
1000000US500159535002093,1,1,0
1000000US500159535002094,0,0,0
1000000US500159535002095,28,28,0
1000000US500159535002096,18,15,3
1000000US500159535002097,3,3,0
1000000US500159535002098,3,0,3
1000000US500159535002099,0,0,0
1000000US500159535002100,0,0,0
1000000US500159535002101,0,0,0
1000000US500159535003000,0,0,0
1000000US500159535003001,0,0,0
1000000US500159535003002,0,0,0
1000000US500159535003003,6,6,0
1000000US500159535003004,0,0,0
1000000US500159535003005,0,0,0
1000000US500159535003006,0,0,0
1000000US500159535003007,0,0,0
1000000US500159535003008,66,60,6
1000000US500159535003009,0,0,0
1000000US500159535003010,19,19,0
1000000US500159535003011,50,47,3
1000000US500159535003012,3,3,0
1000000US500159535003013,21,18,3
1000000US500159535003014,33,28,5
1000000US500159535003015,40,25,15
1000000US500159535003016,28,24,4
1000000US500159535003017,12,9,3
1000000US500159535003018,72,70,2
1000000US500159535003019,129,124,5
1000000US500159535003020,8,8,0
1000000US500159535003021,32,28,4
1000000US500159535003022,8,7,1
1000000US500159535003023,0,0,0
1000000US500159535003024,10,10,0
1000000US500159535003025,54,47,7
1000000US500159535003026,2,2,0
1000000US500159535003027,21,20,1
1000000US500159535003028,56,52,4
1000000US500159535003029,0,0,0
1000000US500159535003030,8,7,1
1000000US500159535003031,33,29,4
1000000US500159535003032,0,0,0
1000000US500159535003033,10,8,2
1000000US500159535003034,14,14,0
1000000US500159535003035,32,31,1
1000000US500159535003036,36,32,4
1000000US500159535003037,0,0,0
1000000US500159535003038,8,8,0
1000000US500159535003039,10,10,0
1000000US500159535003040,8,8,0
1000000US500159535003041,0,0,0
1000000US500159535003042,21,20,1
1000000US500159535003043,2,2,0
1000000US500159535003044,11,10,1
1000000US500159535003045,16,15,1
1000000US500159535003046,48,45,3
1000000US500159535003047,3,2,1
1000000US500159535003048,18,15,3
1000000US500159535003049,18,14,4
1000000US500159535003050,1,1,0
1000000US500159535003051,0,0,0
1000000US500159535003052,12,11,1
1000000US500159535003053,11,8,3
1000000US500159535003054,6,4,2
1000000US500159535003055,0,0,0
1000000US500159535003056,4,4,0
1000000US500159535003057,5,5,0
1000000US500159535003058,19,17,2
1000000US500159535003059,0,0,0
1000000US500159535003060,2,2,0
1000000US500159535003061,15,13,2
1000000US500159535003062,0,0,0
1000000US500159535003063,0,0,0
1000000US500159535003064,0,0,0
1000000US500159535003065,0,0,0
1000000US500159535003066,2,2,0
1000000US500159536001000,259,88,171
1000000US500159536001001,7,3,4
1000000US500159536001002,7,4,3
1000000US500159536001003,0,0,0
1000000US500159536001004,6,2,4
1000000US500159536001005,4,0,4
1000000US500159536001006,50,19,31
1000000US500159536001007,1,0,1
1000000US500159536001008,3,1,2
1000000US500159536001009,17,3,14
1000000US500159536001010,5,1,4
1000000US500159536001011,0,0,0
1000000US500159536001012,2,2,0
1000000US500159536001013,38,2,36
1000000US500159536001014,0,0,0
1000000US500159536001015,0,0,0
1000000US500159536001016,0,0,0
1000000US500159536001017,0,0,0
1000000US500159536001018,228,98,130
1000000US500159536001019,6,1,5
1000000US500159536001020,0,0,0
1000000US500159536001021,13,4,9
1000000US500159536001022,15,6,9
1000000US500159536001023,9,4,5
1000000US500159536001024,16,4,12
1000000US500159536001025,0,0,0
1000000US500159536001026,12,9,3
1000000US500159536001027,35,18,17
1000000US500159536001028,122,79,43
1000000US500159536001029,5,2,3
1000000US500159536001030,3,3,0
1000000US500159536001031,1,1,0
1000000US500159536001032,9,9,0
1000000US500159536001033,0,0,0
1000000US500159536001034,0,0,0
1000000US500159536001035,5,4,1
1000000US500159536001036,18,14,4
1000000US500159536001037,3,1,2
1000000US500159536001038,2,1,1
1000000US500159536001039,6,6,0
1000000US500159536001040,103,26,77
1000000US500159536001041,8,1,7
1000000US500159536001042,7,1,6
1000000US500159536001043,3,3,0
1000000US500159536001044,0,0,0
1000000US500159536001045,0,0,0
1000000US500159536001046,0,0,0
1000000US500159536001047,0,0,0
1000000US500159536001048,43,15,28
1000000US500159536001049,53,12,41
1000000US500159536001050,0,0,0
1000000US500159536001051,32,0,32
1000000US500159536001052,1,1,0
1000000US500159536001053,0,0,0
1000000US500159536001054,26,24,2
1000000US500159536001055,22,12,10
1000000US500159536001056,0,0,0
1000000US500159536001057,0,0,0
1000000US500159536001058,27,22,5
1000000US500159536001059,25,22,3
1000000US500159536001060,27,2,25
1000000US500159536001061,8,7,1
1000000US500159536001062,30,2,28
1000000US500159536001063,0,0,0
1000000US500159536001064,12,11,1
1000000US500159536001065,43,40,3
1000000US500159536001066,2,2,0
1000000US500159536001067,0,0,0
1000000US500159536001068,0,0,0
1000000US500159536001069,4,4,0
1000000US500159536001070,0,0,0
1000000US500159536001071,33,20,13
1000000US500159536001072,0,0,0
1000000US500159536001073,3,2,1
1000000US500159536001074,19,10,9
1000000US500159536001075,0,0,0
1000000US500159536001076,0,0,0
1000000US500159536001077,4,3,1
1000000US500159536001078,2,2,0
1000000US500159536001079,13,5,8
1000000US500159536002000,202,146,56
1000000US500159536002001,8,8,0
1000000US500159536002002,2,1,1
1000000US500159536002003,4,3,1
1000000US500159536002004,207,134,73
1000000US500159536002005,2,2,0
1000000US500159536002006,2,2,0
1000000US500159536002007,0,0,0
1000000US500159536002008,10,5,5
1000000US500159536002009,0,0,0
1000000US500159536002010,4,3,1
1000000US500159536002011,14,8,6
1000000US500159536002012,150,91,59
1000000US500159536002013,11,7,4
1000000US500159536002014,0,0,0
1000000US500159536002015,5,2,3
1000000US500159536002016,35,25,10
1000000US500159536002017,0,0,0
1000000US500159536002018,124,98,26
1000000US500159536002019,8,8,0
1000000US500159536002020,13,10,3
1000000US500159536002021,0,0,0
1000000US500159536002022,0,0,0
1000000US500159536002023,34,26,8
1000000US500159536002024,0,0,0
1000000US500159536002025,0,0,0
1000000US500159536002026,4,4,0
1000000US500159536002027,39,33,6
1000000US500159536002028,14,9,5
1000000US500159536002029,8,0,8
1000000US500159536002030,5,2,3
1000000US500159536002031,95,67,28
1000000US500159536002032,0,0,0
1000000US500159536002033,40,24,16
1000000US500159536002034,4,3,1
1000000US500159536002035,0,0,0
1000000US500159536002036,66,39,27
1000000US500159536002037,0,0,0
1000000US500159536002038,1,1,0
1000000US500159536002039,8,6,2
1000000US500159536002040,24,14,10
1000000US500159536002041,16,11,5
1000000US500159536002042,9,5,4
1000000US500159536002043,19,17,2
1000000US500159536002044,0,0,0
1000000US500159536003000,187,39,148
1000000US500159536003001,0,0,0
1000000US500159536003002,0,0,0
1000000US500159536003003,3,0,3
1000000US500159536003004,8,0,8
1000000US500159536003005,1,1,0
1000000US500159536003006,12,5,7
1000000US500159536003007,0,0,0
1000000US500159536003008,6,4,2
1000000US500159536003009,0,0,0
1000000US500159536003010,0,0,0
1000000US500159536003011,0,0,0
1000000US500159536003012,11,4,7
1000000US500159536003013,0,0,0
1000000US500159536003014,9,6,3
1000000US500159536003015,298,159,139
1000000US500159536003016,4,4,0
1000000US500159536003017,7,1,6
1000000US500159536003018,0,0,0
1000000US500159536003019,0,0,0
1000000US500159536003020,33,27,6
1000000US500159536003021,0,0,0
1000000US500159536003022,4,4,0
1000000US500159536003023,36,30,6
1000000US500159536003024,0,0,0
1000000US500159536003025,4,4,0
1000000US500159536003026,0,0,0
1000000US500159536003027,7,6,1
1000000US500159536003028,0,0,0
1000000US500159536003029,0,0,0
1000000US500159536003030,20,20,0
1000000US500159536003031,5,5,0
1000000US500159536003032,0,0,0
1000000US500159536003033,19,14,5
1000000US500159536003034,0,0,0
1000000US500159536003035,2,2,0
1000000US500159536003036,26,25,1
1000000US500159536003037,0,0,0
1000000US500159536003038,2,2,0
1000000US500159536003039,10,6,4
1000000US500159536003040,0,0,0
1000000US500159536003041,26,18,8
1000000US500159536003042,0,0,0
1000000US500159536003043,0,0,0
1000000US500159536003044,4,2,2
1000000US500159536003045,0,0,0
1000000US500159536003046,27,17,10
1000000US500159536003047,4,3,1
1000000US500159536003048,11,9,2
1000000US500159536003049,0,0,0
1000000US500159536003050,57,48,9
1000000US500159536003051,1,1,0
1000000US500159536003052,0,0,0
1000000US500159536003053,4,3,1
1000000US500159536003054,3,1,2
1000000US500159536003055,2,1,1
1000000US500159536003056,13,11,2
1000000US500159536003057,0,0,0
1000000US500159536003058,0,0,0
1000000US500159536003059,0,0,0
1000000US500159536003060,16,14,2
1000000US500179590001000,0,0,0
1000000US500179590001001,9,5,4
1000000US500179590001002,0,0,0
1000000US500179590001003,9,5,4
1000000US500179590001004,4,2,2
1000000US500179590001005,2,2,0
1000000US500179590001006,0,0,0
1000000US500179590001007,2,1,1
1000000US500179590001008,0,0,0
1000000US500179590001009,0,0,0
1000000US500179590001010,0,0,0
1000000US500179590001011,2,1,1
1000000US500179590001012,0,0,0
1000000US500179590001013,0,0,0
1000000US500179590001014,2,2,0
1000000US500179590001015,0,0,0
1000000US500179590001016,2,1,1
1000000US500179590001017,1,1,0
1000000US500179590001018,0,0,0
1000000US500179590001019,0,0,0
1000000US500179590001020,0,0,0
1000000US500179590001021,11,11,0
1000000US500179590001022,0,0,0
1000000US500179590001023,0,0,0
1000000US500179590001024,0,0,0
1000000US500179590001025,3,3,0
1000000US500179590001026,11,10,1
1000000US500179590001027,0,0,0
1000000US500179590001028,0,0,0
1000000US500179590001029,2,1,1
1000000US500179590001030,0,0,0
1000000US500179590001031,2,2,0
1000000US500179590001032,1,1,0
1000000US500179590001033,19,17,2
1000000US500179590001034,0,0,0
1000000US500179590001035,1,1,0
1000000US500179590001036,0,0,0
1000000US500179590001037,0,0,0
1000000US500179590001038,10,9,1
1000000US500179590001039,0,0,0
1000000US500179590001040,2,2,0
1000000US500179590001041,5,4,1
1000000US500179590001042,3,3,0
1000000US500179590001043,10,8,2
1000000US500179590001044,70,65,5
1000000US500179590001045,3,3,0
1000000US500179590001046,23,21,2
1000000US500179590001047,0,0,0
1000000US500179590001048,9,7,2
1000000US500179590001049,18,14,4
1000000US500179590001050,0,0,0
1000000US500179590001051,0,0,0
1000000US500179590001052,7,6,1
1000000US500179590001053,1,1,0
1000000US500179590001054,24,13,11
1000000US500179590001055,1,1,0
1000000US500179590001056,0,0,0
1000000US500179590001057,10,9,1
1000000US500179590001058,0,0,0
1000000US500179590001059,0,0,0
1000000US500179590001060,21,17,4
1000000US500179590001061,0,0,0
1000000US500179590001062,27,18,9
1000000US500179590001063,0,0,0
1000000US500179590001064,0,0,0
1000000US500179590001065,5,5,0
1000000US500179590001066,16,11,5
1000000US500179590001067,3,3,0
1000000US500179590001068,0,0,0
1000000US500179590001069,0,0,0
1000000US500179590001070,0,0,0
1000000US500179590001071,0,0,0
1000000US500179590001072,26,20,6
1000000US500179590001073,0,0,0
1000000US500179590001074,1,0,1
1000000US500179590001075,3,3,0
1000000US500179590001076,0,0,0
1000000US500179590001077,0,0,0
1000000US500179590001078,9,8,1
1000000US500179590001079,3,2,1
1000000US500179590001080,4,1,3
1000000US500179590001081,21,19,2
1000000US500179590001082,0,0,0
1000000US500179590001083,55,48,7
1000000US500179590001084,0,0,0
1000000US500179590001085,4,3,1
1000000US500179590001086,2,1,1
1000000US500179590001087,1,0,1
1000000US500179590001088,7,6,1
1000000US500179590001089,0,0,0
1000000US500179590001090,0,0,0
1000000US500179590001091,0,0,0
1000000US500179590001092,0,0,0
1000000US500179590001093,12,12,0
1000000US500179590001094,1,1,0
1000000US500179590001095,0,0,0
1000000US500179590001096,7,6,1
1000000US500179590001097,7,7,0
1000000US500179590001098,3,2,1
1000000US500179590001099,0,0,0
1000000US500179590001100,0,0,0
1000000US500179590001101,2,2,0
1000000US500179590001102,0,0,0
1000000US500179590001103,10,8,2
1000000US500179590001104,2,1,1
1000000US500179590001105,0,0,0
1000000US500179590001106,0,0,0
1000000US500179590001107,0,0,0
1000000US500179590001108,0,0,0
1000000US500179590001109,32,30,2
1000000US500179590001110,2,0,2
1000000US500179590001111,0,0,0
1000000US500179590001112,4,1,3
1000000US500179590001113,0,0,0
1000000US500179590001114,3,3,0
1000000US500179590001115,11,10,1
1000000US500179590001116,6,4,2
1000000US500179590001117,37,32,5
1000000US500179590001118,0,0,0
1000000US500179590001119,0,0,0
1000000US500179590001120,5,3,2
1000000US500179590001121,0,0,0
1000000US500179590001122,8,8,0
1000000US500179590001123,3,2,1
1000000US500179590001124,3,2,1
1000000US500179590001125,0,0,0
1000000US500179590001126,0,0,0
1000000US500179590001127,3,3,0
1000000US500179590001128,25,21,4
1000000US500179590001129,1,0,1
1000000US500179590001130,3,2,1
1000000US500179590001131,3,3,0
1000000US500179590001132,5,4,1
1000000US500179590001133,0,0,0
1000000US500179590001134,4,4,0
1000000US500179590001135,1,1,0
1000000US500179590001136,5,4,1
1000000US500179590001137,0,0,0
1000000US500179590001138,0,0,0
1000000US500179590001139,0,0,0
1000000US500179590001140,0,0,0
1000000US500179590001141,5,5,0
1000000US500179590001142,0,0,0
1000000US500179590001143,0,0,0
1000000US500179590001144,0,0,0
1000000US500179590002000,2,1,1
1000000US500179590002001,0,0,0
1000000US500179590002002,5,5,0
1000000US500179590002003,1,1,0
1000000US500179590002004,0,0,0
1000000US500179590002005,0,0,0
1000000US500179590002006,3,3,0
1000000US500179590002007,12,9,3
1000000US500179590002008,0,0,0
1000000US500179590002009,3,2,1
1000000US500179590002010,0,0,0
1000000US500179590002011,7,5,2
1000000US500179590002012,56,34,22
1000000US500179590002013,2,1,1
1000000US500179590002014,16,11,5
1000000US500179590002015,2,2,0
1000000US500179590002016,0,0,0
1000000US500179590002017,0,0,0
1000000US500179590002018,3,3,0
1000000US500179590002019,1,1,0
1000000US500179590002020,92,51,41
1000000US500179590002021,9,3,6
1000000US500179590002022,4,0,4
1000000US500179590002023,22,16,6
1000000US500179590002024,0,0,0
1000000US500179590002025,0,0,0
1000000US500179590002026,0,0,0
1000000US500179590002027,0,0,0
1000000US500179590002028,10,5,5
1000000US500179590002029,34,22,12
1000000US500179590002030,13,10,3
1000000US500179590002031,0,0,0
1000000US500179590002032,35,25,10
1000000US500179590002033,0,0,0
1000000US500179590002034,13,10,3
1000000US500179590002035,0,0,0
1000000US500179590002036,0,0,0
1000000US500179590002037,55,13,42
1000000US500179590002038,0,0,0
1000000US500179590002039,2,1,1
1000000US500179590002040,1,1,0
1000000US500179590002041,13,13,0
1000000US500179590002042,1,0,1
1000000US500179590002043,1,0,1
1000000US500179590002044,36,15,21
1000000US500179590002045,58,25,33
1000000US500179590002046,0,0,0
1000000US500179590002047,0,0,0
1000000US500179590002048,0,0,0
1000000US500179590002049,12,6,6
1000000US500179590002050,5,5,0
1000000US500179590002051,0,0,0
1000000US500179590002052,10,7,3
1000000US500179590002053,13,11,2
1000000US500179590002054,0,0,0
1000000US500179590002055,6,6,0
1000000US500179590002056,20,16,4
1000000US500179590002057,18,13,5
1000000US500179590002058,0,0,0
1000000US500179590002059,0,0,0
1000000US500179590002060,5,4,1
1000000US500179590002061,33,22,11
1000000US500179590002062,0,0,0
1000000US500179590002063,3,1,2
1000000US500179590002064,4,4,0
1000000US500179590002065,0,0,0
1000000US500179590002066,1,1,0
1000000US500179590002067,12,6,6
1000000US500179590002068,0,0,0
1000000US500179590002069,4,2,2
1000000US500179590002070,1,1,0
1000000US500179590002071,6,4,2
1000000US500179590002072,0,0,0
1000000US500179590002073,4,3,1
1000000US500179590002074,0,0,0
1000000US500179590002075,0,0,0
1000000US500179590002076,0,0,0
1000000US500179590002077,4,4,0
1000000US500179590002078,2,2,0
1000000US500179590002079,3,2,1
1000000US500179591011000,0,0,0
1000000US500179591011001,13,9,4
1000000US500179591011002,16,8,8
1000000US500179591011003,23,22,1
1000000US500179591011004,3,3,0
1000000US500179591011005,8,7,1
1000000US500179591011006,17,17,0
1000000US500179591011007,0,0,0
1000000US500179591011008,3,3,0
1000000US500179591011009,12,12,0
1000000US500179591011010,2,2,0
1000000US500179591011011,10,9,1
1000000US500179591011012,6,6,0
1000000US500179591011013,8,7,1
1000000US500179591011014,12,11,1
1000000US500179591011015,53,50,3
1000000US500179591011016,9,7,2
1000000US500179591011017,2,2,0
1000000US500179591011018,0,0,0
1000000US500179591011019,0,0,0
1000000US500179591011020,2,2,0
1000000US500179591011021,30,25,5
1000000US500179591011022,32,29,3
1000000US500179591011023,2,1,1
1000000US500179591011024,0,0,0
1000000US500179591011025,0,0,0
1000000US500179591011026,0,0,0
1000000US500179591011027,0,0,0
1000000US500179591011028,1,0,1
1000000US500179591011029,0,0,0
1000000US500179591011030,0,0,0
1000000US500179591011031,0,0,0
1000000US500179591011032,1,1,0
1000000US500179591011033,2,2,0
1000000US500179591011034,15,14,1
1000000US500179591011035,4,4,0
1000000US500179591011036,0,0,0
1000000US500179591011037,67,41,26
1000000US500179591011038,0,0,0
1000000US500179591011039,3,2,1
1000000US500179591011040,1,1,0
1000000US500179591011041,2,2,0
1000000US500179591011042,1,1,0
1000000US500179591011043,5,4,1
1000000US500179591011044,1,1,0
1000000US500179591011045,1,1,0
1000000US500179591011046,4,3,1
1000000US500179591011047,0,0,0
1000000US500179591011048,0,0,0
1000000US500179591011049,1,1,0
1000000US500179591011050,0,0,0
1000000US500179591011051,0,0,0
1000000US500179591011052,0,0,0
1000000US500179591011053,0,0,0
1000000US500179591011054,48,40,8
1000000US500179591011055,6,5,1
1000000US500179591011056,4,3,1
1000000US500179591011057,1,1,0
1000000US500179591011058,1,0,1
1000000US500179591011059,4,2,2
1000000US500179591011060,30,14,16
1000000US500179591011061,0,0,0
1000000US500179591011062,0,0,0
1000000US500179591011063,3,2,1
1000000US500179591011064,0,0,0
1000000US500179591011065,11,10,1
1000000US500179591011066,4,1,3
1000000US500179591011067,23,14,9
1000000US500179591011068,0,0,0
1000000US500179591011069,1,1,0
1000000US500179591011070,18,10,8
1000000US500179591011071,1,0,1
1000000US500179591011072,0,0,0
1000000US500179591011073,2,0,2
1000000US500179591011074,0,0,0
1000000US500179591011075,0,0,0
1000000US500179591011076,0,0,0
1000000US500179591011077,13,11,2
1000000US500179591011078,1,1,0
1000000US500179591011079,0,0,0
1000000US500179591011080,0,0,0
1000000US500179591011081,1,1,0
1000000US500179591011082,9,3,6
1000000US500179591011083,3,2,1
1000000US500179591011084,0,0,0
1000000US500179591011085,1,0,1
1000000US500179591011086,0,0,0
1000000US500179591011087,2,1,1
1000000US500179591011088,6,3,3
1000000US500179591011089,0,0,0
1000000US500179591011090,5,2,3
1000000US500179591012000,0,0,0
1000000US500179591012001,0,0,0
1000000US500179591012002,0,0,0
1000000US500179591012003,14,5,9
1000000US500179591012004,0,0,0
1000000US500179591012005,0,0,0
1000000US500179591012006,3,2,1
1000000US500179591012007,26,18,8
1000000US500179591012008,0,0,0
1000000US500179591012009,25,22,3
1000000US500179591012010,3,3,0
1000000US500179591012011,15,15,0
1000000US500179591012012,0,0,0
1000000US500179591012013,0,0,0
1000000US500179591012014,0,0,0
1000000US500179591012015,0,0,0
1000000US500179591012016,0,0,0
1000000US500179591012017,5,5,0
1000000US500179591012018,0,0,0
1000000US500179591012019,15,15,0
1000000US500179591012020,0,0,0
1000000US500179591012021,0,0,0
1000000US500179591012022,5,4,1
1000000US500179591012023,9,8,1
1000000US500179591012024,0,0,0
1000000US500179591012025,30,30,0
1000000US500179591012026,0,0,0
1000000US500179591012027,0,0,0
1000000US500179591012028,12,10,2
1000000US500179591012029,0,0,0
1000000US500179591012030,0,0,0
1000000US500179591012031,0,0,0
1000000US500179591012032,1,1,0
1000000US500179591012033,1,0,1
1000000US500179591012034,7,6,1
1000000US500179591012035,0,0,0
1000000US500179591012036,0,0,0
1000000US500179591012037,0,0,0
1000000US500179591012038,2,1,1
1000000US500179591012039,0,0,0
1000000US500179591012040,16,12,4
1000000US500179591012041,0,0,0
1000000US500179591012042,0,0,0
1000000US500179591012043,1,1,0
1000000US500179591012044,14,14,0
1000000US500179591012045,0,0,0
1000000US500179591012046,9,8,1
1000000US500179591012047,18,17,1
1000000US500179591012048,12,11,1
1000000US500179591012049,12,12,0
1000000US500179591012050,0,0,0
1000000US500179591012051,0,0,0
1000000US500179591012052,14,14,0
1000000US500179591012053,3,3,0
1000000US500179591012054,28,21,7
1000000US500179591012055,0,0,0
1000000US500179591012056,2,2,0
1000000US500179591012057,9,9,0
1000000US500179591012058,1,1,0
1000000US500179591012059,3,3,0
1000000US500179591012060,0,0,0
1000000US500179591012061,12,10,2
1000000US500179591012062,0,0,0
1000000US500179591012063,0,0,0
1000000US500179591012064,9,8,1
1000000US500179591012065,0,0,0
1000000US500179591012066,17,15,2
1000000US500179591012067,1,1,0
1000000US500179591012068,0,0,0
1000000US500179591012069,15,11,4
1000000US500179591012070,0,0,0
1000000US500179591012071,0,0,0
1000000US500179591012072,2,1,1
1000000US500179591012073,32,28,4
1000000US500179591012074,0,0,0
1000000US500179591012075,16,14,2
1000000US500179591012076,8,7,1
1000000US500179591012077,18,16,2
1000000US500179591012078,3,3,0
1000000US500179591012079,0,0,0
1000000US500179591012080,0,0,0
1000000US500179591012081,1,1,0
1000000US500179591012082,2,2,0
1000000US500179591012083,3,3,0
1000000US500179591012084,12,12,0
1000000US500179591012085,2,1,1
1000000US500179591012086,1,1,0
1000000US500179591012087,0,0,0
1000000US500179591012088,2,2,0
1000000US500179591012089,0,0,0
1000000US500179591012090,10,9,1
1000000US500179591012091,0,0,0
1000000US500179591012092,0,0,0
1000000US500179591012093,7,7,0
1000000US500179591012094,0,0,0
1000000US500179591012095,1,0,1
1000000US500179591012096,0,0,0
1000000US500179591021000,14,5,9
1000000US500179591021001,1,0,1
1000000US500179591021002,0,0,0
1000000US500179591021003,1,1,0
1000000US500179591021004,11,7,4
1000000US500179591021005,3,2,1
1000000US500179591021006,56,33,23
1000000US500179591021007,23,20,3
1000000US500179591021008,1,1,0
1000000US500179591021009,14,8,6
1000000US500179591021010,9,3,6
1000000US500179591021011,3,3,0
1000000US500179591021012,5,3,2
1000000US500179591021013,0,0,0
1000000US500179591021014,0,0,0
1000000US500179591021015,2,2,0
1000000US500179591021016,29,16,13
1000000US500179591021017,43,28,15
1000000US500179591021018,1,0,1
1000000US500179591021019,4,3,1
1000000US500179591021020,0,0,0
1000000US500179591021021,25,21,4
1000000US500179591021022,0,0,0
1000000US500179591021023,22,16,6
1000000US500179591021024,0,0,0
1000000US500179591021025,0,0,0
1000000US500179591021026,14,12,2
1000000US500179591021027,0,0,0
1000000US500179591021028,26,23,3
1000000US500179591021029,0,0,0
1000000US500179591021030,8,5,3
1000000US500179591021031,7,7,0
1000000US500179591021032,3,2,1
1000000US500179591021033,5,4,1
1000000US500179591021034,4,4,0
1000000US500179591021035,0,0,0
1000000US500179591021036,0,0,0
1000000US500179591021037,4,3,1
1000000US500179591021038,0,0,0
1000000US500179591021039,3,3,0
1000000US500179591021040,9,8,1
1000000US500179591021041,4,4,0
1000000US500179591021042,2,1,1
1000000US500179591021043,9,7,2
1000000US500179591021044,0,0,0
1000000US500179591021045,0,0,0
1000000US500179591021046,13,9,4
1000000US500179591021047,1,1,0
1000000US500179591021048,4,4,0
1000000US500179591021049,14,13,1
1000000US500179591021050,0,0,0
1000000US500179591021051,0,0,0
1000000US500179591021052,40,32,8
1000000US500179591021053,0,0,0
1000000US500179591021054,0,0,0
1000000US500179591021055,0,0,0
1000000US500179591021056,0,0,0
1000000US500179591021057,29,20,9
1000000US500179591021058,4,4,0
1000000US500179591021059,1,1,0
1000000US500179591021060,0,0,0
1000000US500179591021061,6,6,0
1000000US500179591021062,17,10,7
1000000US500179591021063,4,3,1
1000000US500179591021064,1,1,0
1000000US500179591021065,0,0,0
1000000US500179591021066,2,1,1
1000000US500179591021067,0,0,0
1000000US500179591021068,1,0,1
1000000US500179591021069,0,0,0
1000000US500179591021070,2,1,1
1000000US500179591021071,0,0,0
1000000US500179591021072,0,0,0
1000000US500179591021073,0,0,0
1000000US500179591021074,41,31,10
1000000US500179591021075,11,2,9
1000000US500179591021076,24,15,9
1000000US500179591021077,1,1,0
1000000US500179591021078,17,8,9
1000000US500179591021079,0,0,0
1000000US500179591021080,0,0,0
1000000US500179591021081,26,16,10
1000000US500179591021082,0,0,0
1000000US500179591021083,6,6,0
1000000US500179591021084,5,3,2
1000000US500179591021085,0,0,0
1000000US500179591021086,1,0,1
1000000US500179591021087,2,1,1
1000000US500179591021088,0,0,0
1000000US500179591021089,3,3,0
1000000US500179591021090,2,1,1
1000000US500179591021091,1,1,0
1000000US500179591021092,1,1,0
1000000US500179591021093,3,3,0
1000000US500179591021094,5,4,1
1000000US500179591021095,0,0,0
1000000US500179591021096,6,5,1
1000000US500179591021097,2,1,1
1000000US500179591022000,2,0,2
1000000US500179591022001,14,10,4
1000000US500179591022002,0,0,0
1000000US500179591022003,15,12,3
1000000US500179591022004,0,0,0
1000000US500179591022005,5,2,3
1000000US500179591022006,0,0,0
1000000US500179591022007,0,0,0
1000000US500179591022008,1,1,0
1000000US500179591022009,0,0,0
1000000US500179591022010,55,43,12
1000000US500179591022011,7,6,1
1000000US500179591022012,23,7,16
1000000US500179591022013,3,2,1
1000000US500179591022014,1,1,0
1000000US500179591022015,1,0,1
1000000US500179591022016,0,0,0
1000000US500179591022017,9,3,6
1000000US500179591022018,2,2,0
1000000US500179591022019,27,16,11
1000000US500179591022020,2,0,2
1000000US500179591022021,6,5,1
1000000US500179591022022,0,0,0
1000000US500179591022023,0,0,0
1000000US500179591022024,1,1,0
1000000US500179591022025,2,1,1
1000000US500179591022026,25,15,10
1000000US500179591022027,1,1,0
1000000US500179591022028,0,0,0
1000000US500179591022029,16,11,5
1000000US500179591022030,13,7,6
1000000US500179591022031,2,2,0
1000000US500179591022032,33,27,6
1000000US500179591022033,0,0,0
1000000US500179591022034,2,2,0
1000000US500179591022035,5,4,1
1000000US500179591022036,0,0,0
1000000US500179591022037,0,0,0
1000000US500179591022038,9,9,0
1000000US500179591022039,6,5,1
1000000US500179591022040,3,3,0
1000000US500179591022041,0,0,0
1000000US500179591022042,4,3,1
1000000US500179591022043,55,38,17
1000000US500179591022044,0,0,0
1000000US500179591022045,0,0,0
1000000US500179591022046,0,0,0
1000000US500179591022047,19,11,8
1000000US500179591022048,13,13,0
1000000US500179591022049,17,13,4
1000000US500179591022050,3,1,2
1000000US500179591022051,3,3,0
1000000US500179591022052,0,0,0
1000000US500179591022053,15,8,7
1000000US500179591022054,0,0,0
1000000US500179591022055,7,7,0
1000000US500179591022056,3,3,0
1000000US500179591022057,7,6,1
1000000US500179591022058,60,39,21
1000000US500179591022059,1,1,0
1000000US500179591022060,2,2,0
1000000US500179591022061,3,1,2
1000000US500179591022062,0,0,0
1000000US500179591022063,1,1,0
1000000US500179591022064,5,2,3
1000000US500179591022065,6,5,1
1000000US500179591022066,0,0,0
1000000US500179591022067,12,9,3
1000000US500179591022068,12,10,2
1000000US500179591022069,14,10,4
1000000US500179591022070,0,0,0
1000000US500179591022071,3,3,0
1000000US500179591022072,69,45,24
1000000US500179591022073,0,0,0
1000000US500179591022074,2,0,2
1000000US500179591022075,0,0,0
1000000US500179591022076,2,1,1
1000000US500179591022077,4,2,2
1000000US500179591022078,14,13,1
1000000US500179591022079,9,2,7
1000000US500179591022080,0,0,0
1000000US500179591022081,0,0,0
1000000US500179591022082,3,2,1
1000000US500179591022083,0,0,0
1000000US500179591022084,0,0,0
1000000US500179591022085,12,8,4
1000000US500179591022086,7,7,0
1000000US500179591022087,2,2,0
1000000US500179591022088,0,0,0
1000000US500179591022089,3,2,1
1000000US500179591022090,1,1,0
1000000US500179591022091,0,0,0
1000000US500179591022092,2,1,1
1000000US500179591022093,15,11,4
1000000US500179591022094,0,0,0
1000000US500179591022095,0,0,0
1000000US500179591022096,2,1,1
1000000US500179591022097,7,7,0
1000000US500179591022098,26,20,6
1000000US500179591022099,8,6,2
1000000US500179591022100,5,5,0
1000000US500179591022101,0,0,0
1000000US500179591022102,2,2,0
1000000US500179591022103,1,0,1
1000000US500179591022104,1,1,0
1000000US500179591022105,28,20,8
1000000US500179591022106,14,4,10
1000000US500179591022107,4,3,1
1000000US500179591022108,0,0,0
1000000US500179591022109,0,0,0
1000000US500179591022110,1,1,0
1000000US500179591022111,2,1,1
1000000US500179591022112,1,1,0
1000000US500179591022113,0,0,0
1000000US500179592001000,0,0,0
1000000US500179592001001,21,19,2
1000000US500179592001002,10,7,3
1000000US500179592001003,6,5,1
1000000US500179592001004,6,6,0
1000000US500179592001005,0,0,0
1000000US500179592001006,1,1,0
1000000US500179592001007,75,69,6
1000000US500179592001008,0,0,0
1000000US500179592001009,35,35,0
1000000US500179592001010,45,44,1
1000000US500179592001011,0,0,0
1000000US500179592001012,12,11,1
1000000US500179592001013,0,0,0
1000000US500179592001014,4,3,1
1000000US500179592001015,0,0,0
1000000US500179592001016,0,0,0
1000000US500179592001017,1,1,0
1000000US500179592001018,3,2,1
1000000US500179592001019,0,0,0
1000000US500179592001020,0,0,0
1000000US500179592001021,0,0,0
1000000US500179592001022,0,0,0
1000000US500179592001023,0,0,0
1000000US500179592001024,0,0,0
1000000US500179592001025,0,0,0
1000000US500179592001026,53,52,1
1000000US500179592001027,2,2,0
1000000US500179592001028,0,0,0
1000000US500179592001029,11,11,0
1000000US500179592001030,0,0,0
1000000US500179592001031,33,31,2
1000000US500179592001032,5,5,0
1000000US500179592001033,76,70,6
1000000US500179592001034,28,28,0
1000000US500179592001035,0,0,0
1000000US500179592001036,25,25,0
1000000US500179592001037,0,0,0
1000000US500179592001038,1,1,0
1000000US500179592001039,0,0,0
1000000US500179592001040,3,3,0
1000000US500179592001041,66,63,3
1000000US500179592001042,4,4,0
1000000US500179592001043,14,13,1
1000000US500179592001044,5,4,1
1000000US500179592001045,2,2,0
1000000US500179592001046,0,0,0
1000000US500179592001047,0,0,0
1000000US500179592001048,44,43,1
1000000US500179592001049,0,0,0
1000000US500179592001050,0,0,0
1000000US500179592001051,75,67,8
1000000US500179592001052,6,6,0
1000000US500179592001053,0,0,0
1000000US500179592001054,16,13,3
1000000US500179592001055,21,19,2
1000000US500179592001056,8,8,0
1000000US500179592001057,5,5,0
1000000US500179592001058,0,0,0
1000000US500179592001059,12,11,1
1000000US500179592001060,12,12,0
1000000US500179592001061,1,1,0
1000000US500179592001062,0,0,0
1000000US500179592001063,0,0,0
1000000US500179592001064,0,0,0
1000000US500179592001065,1,0,1
1000000US500179592001066,2,2,0
1000000US500179592001067,0,0,0
1000000US500179592001068,1,1,0
1000000US500179592001069,0,0,0
1000000US500179592001070,0,0,0
1000000US500179592002000,6,5,1
1000000US500179592002001,23,20,3
1000000US500179592002002,2,1,1
1000000US500179592002003,31,29,2
1000000US500179592002004,18,16,2
1000000US500179592002005,0,0,0
1000000US500179592002006,0,0,0
1000000US500179592002007,49,45,4
1000000US500179592002008,3,3,0
1000000US500179592002009,3,3,0
1000000US500179592002010,1,1,0
1000000US500179592002011,3,2,1
1000000US500179592002012,5,5,0
1000000US500179592002013,4,4,0
1000000US500179592002014,29,26,3
1000000US500179592002015,2,2,0
1000000US500179592002016,1,1,0
1000000US500179592002017,0,0,0
1000000US500179592002018,1,0,1
1000000US500179592002019,5,4,1
1000000US500179592002020,32,32,0
1000000US500179592002021,5,5,0
1000000US500179592002022,1,1,0
1000000US500179592002023,2,1,1
1000000US500179592002024,3,3,0
1000000US500179592002025,0,0,0
1000000US500179592002026,31,31,0
1000000US500179592002027,8,8,0
1000000US500179592002028,12,11,1
1000000US500179592002029,3,3,0
1000000US500179592002030,15,15,0
1000000US500179592002031,37,37,0
1000000US500179592002032,0,0,0
1000000US500179592002033,1,1,0
1000000US500179592002034,16,15,1
1000000US500179592002035,16,16,0
1000000US500179592002036,2,2,0
1000000US500179592002037,9,7,2
1000000US500179592002038,1,1,0
1000000US500179592002039,10,9,1
1000000US500179592002040,1,1,0
1000000US500179592002041,21,19,2
1000000US500179592002042,8,8,0
1000000US500179592002043,3,3,0
1000000US500179592002044,18,17,1
1000000US500179592002045,30,27,3
1000000US500179592002046,1,1,0
1000000US500179592002047,15,13,2
1000000US500179592002048,16,15,1
1000000US500179592002049,6,6,0
1000000US500179592002050,14,14,0
1000000US500179592002051,1,1,0
1000000US500179592002052,1,1,0
1000000US500179592002053,45,43,2
1000000US500179592002054,0,0,0
1000000US500179592002055,6,6,0
1000000US500179592002056,16,15,1
1000000US500179592002057,30,27,3
1000000US500179592002058,10,9,1
1000000US500179592002059,0,0,0
1000000US500179592002060,0,0,0
1000000US500179592002061,18,16,2
1000000US500179592002062,14,12,2
1000000US500179592002063,4,4,0
1000000US500179592002064,14,13,1
1000000US500179592002065,0,0,0
1000000US500179592002066,0,0,0
1000000US500179592002067,5,3,2
1000000US500179592002068,4,3,1
1000000US500179592002069,0,0,0
1000000US500179592002070,1,1,0
1000000US500179592002071,3,3,0
1000000US500179592002072,5,4,1
1000000US500179592002073,7,7,0
1000000US500179592002074,1,1,0
1000000US500179592002075,1,0,1
1000000US500179592002076,0,0,0
1000000US500179592002077,16,13,3
1000000US500179592002078,0,0,0
1000000US500179592002079,0,0,0
1000000US500179592002080,3,3,0
1000000US500179592002081,0,0,0
1000000US500179592002082,0,0,0
1000000US500179593001000,9,6,3
1000000US500179593001001,0,0,0
1000000US500179593001002,23,16,7
1000000US500179593001003,0,0,0
1000000US500179593001004,0,0,0
1000000US500179593001005,0,0,0
1000000US500179593001006,6,5,1
1000000US500179593001007,0,0,0
1000000US500179593001008,13,13,0
1000000US500179593001009,0,0,0
1000000US500179593001010,8,8,0
1000000US500179593001011,28,22,6
1000000US500179593001012,0,0,0
1000000US500179593001013,28,21,7
1000000US500179593001014,0,0,0
1000000US500179593001015,0,0,0
1000000US500179593001016,25,20,5
1000000US500179593001017,2,1,1
1000000US500179593001018,6,5,1
1000000US500179593001019,6,3,3
1000000US500179593001020,0,0,0
1000000US500179593001021,2,2,0
1000000US500179593001022,0,0,0
1000000US500179593001023,0,0,0
1000000US500179593001024,17,13,4
1000000US500179593001025,0,0,0
1000000US500179593001026,0,0,0
1000000US500179593001027,0,0,0
1000000US500179593001028,1,1,0
1000000US500179593001029,2,2,0
1000000US500179593001030,0,0,0
1000000US500179593001031,31,17,14
1000000US500179593001032,4,4,0
1000000US500179593001033,0,0,0
1000000US500179593001034,1,1,0
1000000US500179593001035,0,0,0
1000000US500179593001036,23,17,6
1000000US500179593001037,0,0,0
1000000US500179593001038,0,0,0
1000000US500179593001039,0,0,0
1000000US500179593001040,0,0,0
1000000US500179593001041,10,5,5
1000000US500179593001042,27,20,7
1000000US500179593001043,0,0,0
1000000US500179593001044,0,0,0
1000000US500179593001045,41,27,14
1000000US500179593001046,0,0,0
1000000US500179593001047,0,0,0
1000000US500179593001048,0,0,0
1000000US500179593001049,13,12,1
1000000US500179593001050,0,0,0
1000000US500179593001051,0,0,0
1000000US500179593001052,0,0,0
1000000US500179593001053,0,0,0
1000000US500179593001054,0,0,0
1000000US500179593001055,32,24,8
1000000US500179593001056,28,22,6
1000000US500179593001057,0,0,0
1000000US500179593001058,0,0,0
1000000US500179593001059,0,0,0
1000000US500179593001060,0,0,0
1000000US500179593001061,12,9,3
1000000US500179593001062,0,0,0
1000000US500179593001063,0,0,0
1000000US500179593001064,0,0,0
1000000US500179593001065,10,8,2
1000000US500179593001066,29,24,5
1000000US500179593001067,5,4,1
1000000US500179593001068,3,3,0
1000000US500179593001069,1,1,0
1000000US500179593001070,0,0,0
1000000US500179593001071,1,1,0
1000000US500179593001072,1,1,0
1000000US500179593001073,1,0,1
1000000US500179593001074,6,3,3
1000000US500179593001075,0,0,0
1000000US500179593001076,27,20,7
1000000US500179593001077,32,18,14
1000000US500179593001078,0,0,0
1000000US500179593001079,45,37,8
1000000US500179593001080,2,2,0
1000000US500179593001081,0,0,0
1000000US500179593001082,1,1,0
1000000US500179593001083,3,2,1
1000000US500179593001084,0,0,0
1000000US500179593001085,19,16,3
1000000US500179593001086,0,0,0
1000000US500179593001087,4,4,0
1000000US500179593001088,10,10,0
1000000US500179593001089,15,13,2
1000000US500179593001090,6,4,2
1000000US500179593001091,0,0,0
1000000US500179593001092,0,0,0
1000000US500179593001093,3,1,2
1000000US500179593001094,13,10,3
1000000US500179593001095,0,0,0
1000000US500179593001096,0,0,0
1000000US500179593001097,0,0,0
1000000US500179593001098,0,0,0
1000000US500179593001099,0,0,0
1000000US500179593001100,4,3,1
1000000US500179593001101,1,1,0
1000000US500179593001102,1,0,1
1000000US500179593001103,0,0,0
1000000US500179593001104,0,0,0
1000000US500179593001105,1,1,0
1000000US500179593001106,0,0,0
1000000US500179593001107,0,0,0
1000000US500179593001108,7,3,4
1000000US500179593001109,2,1,1
1000000US500179593001110,0,0,0
1000000US500179593001111,1,1,0
1000000US500179593001112,12,7,5
1000000US500179593001113,6,6,0
1000000US500179593001114,8,8,0
1000000US500179593001115,1,1,0
1000000US500179593001116,3,3,0
1000000US500179593001117,0,0,0
1000000US500179593001118,3,1,2
1000000US500179593001119,0,0,0
1000000US500179593001120,2,2,0
1000000US500179593001121,6,6,0
1000000US500179593001122,2,0,2
1000000US500179593001123,4,3,1
1000000US500179593001124,2,1,1
1000000US500179593001125,0,0,0
1000000US500179593001126,0,0,0
1000000US500179593001127,1,1,0
1000000US500179593001128,0,0,0
1000000US500179593001129,0,0,0
1000000US500179593002000,1,1,0
1000000US500179593002001,3,3,0
1000000US500179593002002,2,1,1
1000000US500179593002003,14,13,1
1000000US500179593002004,4,3,1
1000000US500179593002005,68,35,33
1000000US500179593002006,0,0,0
1000000US500179593002007,1,1,0
1000000US500179593002008,0,0,0
1000000US500179593002009,3,0,3
1000000US500179593002010,0,0,0
1000000US500179593002011,2,0,2
1000000US500179593002012,5,2,3
1000000US500179593002013,0,0,0
1000000US500179593002014,5,1,4
1000000US500179593002015,0,0,0
1000000US500179593002016,0,0,0
1000000US500179593002017,9,7,2
1000000US500179593002018,2,1,1
1000000US500179593002019,39,32,7
1000000US500179593002020,1,1,0
1000000US500179593002021,0,0,0
1000000US500179593002022,2,2,0
1000000US500179593002023,5,3,2
1000000US500179593002024,1,1,0
1000000US500179593002025,0,0,0
1000000US500179593002026,2,2,0
1000000US500179593002027,0,0,0
1000000US500179593002028,2,1,1
1000000US500179593002029,0,0,0
1000000US500179593002030,0,0,0
1000000US500179593002031,1,0,1
1000000US500179593002032,0,0,0
1000000US500179593002033,0,0,0
1000000US500179593002034,3,3,0
1000000US500179593002035,41,34,7
1000000US500179593002036,0,0,0
1000000US500179593002037,4,4,0
1000000US500179593002038,0,0,0
1000000US500179593002039,1,1,0
1000000US500179593002040,0,0,0
1000000US500179593002041,0,0,0
1000000US500179593002042,2,1,1
1000000US500179593002043,2,2,0
1000000US500179593002044,47,41,6
1000000US500179593002045,2,2,0
1000000US500179593002046,2,1,1
1000000US500179593002047,1,1,0
1000000US500179593002048,9,7,2
1000000US500179593002049,7,5,2
1000000US500179593002050,0,0,0
1000000US500179593002051,62,60,2
1000000US500179593002052,0,0,0
1000000US500179593002053,0,0,0
1000000US500179593002054,0,0,0
1000000US500179593002055,3,3,0
1000000US500179593002056,0,0,0
1000000US500179593002057,7,7,0
1000000US500179593002058,3,3,0
1000000US500179593002059,1,1,0
1000000US500179593002060,2,2,0
1000000US500179593002061,8,8,0
1000000US500179593002062,2,2,0
1000000US500179593002063,53,46,7
1000000US500179593002064,0,0,0
1000000US500179593002065,0,0,0
1000000US500179593002066,0,0,0
1000000US500179593002067,3,3,0
1000000US500179593002068,8,7,1
1000000US500179593002069,2,1,1
1000000US500179593002070,12,8,4
1000000US500179593002071,12,10,2
1000000US500179593002072,0,0,0
1000000US500179593002073,2,2,0
1000000US500179593002074,9,8,1
1000000US500179593002075,10,10,0
1000000US500179593002076,32,29,3
1000000US500179593002077,0,0,0
1000000US500179593002078,13,10,3
1000000US500179593002079,5,3,2
1000000US500179593002080,9,9,0
1000000US500179593002081,0,0,0
1000000US500179593002082,1,1,0
1000000US500179593002083,15,14,1
1000000US500179593002084,0,0,0
1000000US500179593002085,0,0,0
1000000US500179593002086,12,9,3
1000000US500179593002087,11,11,0
1000000US500179593002088,0,0,0
1000000US500179593002089,0,0,0
1000000US500179593002090,0,0,0
1000000US500179593002091,2,2,0
1000000US500179593002092,5,5,0
1000000US500179593002093,0,0,0
1000000US500179593002094,0,0,0
1000000US500179593002095,3,3,0
1000000US500179593002096,2,1,1
1000000US500179593002097,0,0,0
1000000US500179593002098,6,6,0
1000000US500179593002099,5,5,0
1000000US500179593002100,0,0,0
1000000US500179593002101,0,0,0
1000000US500179593002102,22,20,2
1000000US500179593002103,10,10,0
1000000US500179593002104,0,0,0
1000000US500179593002105,0,0,0
1000000US500179594001000,12,12,0
1000000US500179594001001,0,0,0
1000000US500179594001002,0,0,0
1000000US500179594001003,0,0,0
1000000US500179594001004,6,6,0
1000000US500179594001005,1,1,0
1000000US500179594001006,0,0,0
1000000US500179594001007,0,0,0
1000000US500179594001008,24,22,2
1000000US500179594001009,0,0,0
1000000US500179594001010,0,0,0
1000000US500179594001011,7,5,2
1000000US500179594001012,0,0,0
1000000US500179594001013,1,1,0
1000000US500179594001014,0,0,0
1000000US500179594001015,0,0,0
1000000US500179594001016,0,0,0
1000000US500179594001017,0,0,0
1000000US500179594001018,8,8,0
1000000US500179594001019,44,42,2
1000000US500179594001020,57,46,11
1000000US500179594001021,0,0,0
1000000US500179594001022,0,0,0
1000000US500179594001023,0,0,0
1000000US500179594001024,0,0,0
1000000US500179594001025,0,0,0
1000000US500179594001026,0,0,0
1000000US500179594001027,0,0,0
1000000US500179594001028,5,3,2
1000000US500179594001029,4,3,1
1000000US500179594001030,1,0,1
1000000US500179594001031,0,0,0
1000000US500179594001032,50,42,8
1000000US500179594001033,4,4,0
1000000US500179594001034,0,0,0
1000000US500179594001035,0,0,0
1000000US500179594001036,1,0,1
1000000US500179594001037,103,91,12
1000000US500179594001038,1,1,0
1000000US500179594001039,1,1,0
1000000US500179594001040,0,0,0
1000000US500179594001041,1,1,0
1000000US500179594001042,0,0,0
1000000US500179594001043,14,9,5
1000000US500179594001044,7,6,1
1000000US500179594001045,4,4,0
1000000US500179594001046,0,0,0
1000000US500179594001047,7,6,1
1000000US500179594001048,0,0,0
1000000US500179594001049,0,0,0
1000000US500179594001050,20,19,1
1000000US500179594001051,15,15,0
1000000US500179594001052,0,0,0
1000000US500179594001053,6,5,1
1000000US500179594001054,0,0,0
1000000US500179594001055,2,2,0
1000000US500179594001056,4,4,0
1000000US500179594001057,0,0,0
1000000US500179594001058,0,0,0
1000000US500179594001059,0,0,0
1000000US500179594001060,21,13,8
1000000US500179594001061,0,0,0
1000000US500179594001062,3,2,1
1000000US500179594001063,19,15,4
1000000US500179594001064,0,0,0
1000000US500179594001065,3,3,0
1000000US500179594001066,0,0,0
1000000US500179594001067,4,4,0
1000000US500179594001068,0,0,0
1000000US500179594001069,0,0,0
1000000US500179594001070,0,0,0
1000000US500179594001071,0,0,0
1000000US500179594001072,0,0,0
1000000US500179594001073,0,0,0
1000000US500179594001074,3,3,0
1000000US500179594001075,22,17,5
1000000US500179594001076,1,1,0
1000000US500179594001077,30,25,5
1000000US500179594001078,0,0,0
1000000US500179594001079,2,2,0
1000000US500179594001080,0,0,0
1000000US500179594001081,1,1,0
1000000US500179594001082,0,0,0
1000000US500179594001083,4,4,0
1000000US500179594001084,0,0,0
1000000US500179594001085,0,0,0
1000000US500179594001086,0,0,0
1000000US500179594001087,3,3,0
1000000US500179594001088,1,1,0
1000000US500179594001089,3,2,1
1000000US500179594001090,4,4,0
1000000US500179594001091,2,2,0
1000000US500179594001092,0,0,0
1000000US500179594001093,3,2,1
1000000US500179594001094,5,5,0
1000000US500179594001095,0,0,0
1000000US500179594001096,0,0,0
1000000US500179594001097,56,52,4
1000000US500179594001098,10,10,0
1000000US500179594001099,0,0,0
1000000US500179594001100,0,0,0
1000000US500179594001101,0,0,0
1000000US500179594001102,0,0,0
1000000US500179594002000,0,0,0
1000000US500179594002001,0,0,0
1000000US500179594002002,11,6,5
1000000US500179594002003,2,1,1
1000000US500179594002004,1,1,0
1000000US500179594002005,0,0,0
1000000US500179594002006,1,1,0
1000000US500179594002007,29,21,8
1000000US500179594002008,0,0,0
1000000US500179594002009,1,1,0
1000000US500179594002010,0,0,0
1000000US500179594002011,0,0,0
1000000US500179594002012,1,0,1
1000000US500179594002013,2,2,0
1000000US500179594002014,2,2,0
1000000US500179594002015,3,2,1
1000000US500179594002016,7,6,1
1000000US500179594002017,14,11,3
1000000US500179594002018,0,0,0
1000000US500179594002019,11,10,1
1000000US500179594002020,0,0,0
1000000US500179594002021,31,29,2
1000000US500179594002022,5,5,0
1000000US500179594002023,22,17,5
1000000US500179594002024,1,1,0
1000000US500179594002025,3,3,0
1000000US500179594002026,3,1,2
1000000US500179594002027,15,15,0
1000000US500179594002028,1,1,0
1000000US500179594002029,0,0,0
1000000US500179594002030,28,25,3
1000000US500179594002031,0,0,0
1000000US500179594002032,47,42,5
1000000US500179594002033,0,0,0
1000000US500179594002034,7,5,2
1000000US500179594002035,13,11,2
1000000US500179594002036,7,6,1
1000000US500179594002037,21,19,2
1000000US500179594002038,0,0,0
1000000US500179594002039,20,18,2
1000000US500179594002040,5,4,1
1000000US500179594002041,5,4,1
1000000US500179594002042,13,11,2
1000000US500179594002043,1,1,0
1000000US500179594002044,2,2,0
1000000US500179594002045,2,2,0
1000000US500179594002046,20,17,3
1000000US500179594002047,5,3,2
1000000US500179594002048,0,0,0
1000000US500179594002049,9,7,2
1000000US500179594002050,11,8,3
1000000US500179594002051,0,0,0
1000000US500179594002052,2,2,0
1000000US500179594002053,2,1,1
1000000US500179594002054,5,4,1
1000000US500179594002055,5,5,0
1000000US500179594002056,0,0,0
1000000US500179594002057,13,12,1
1000000US500179594002058,0,0,0
1000000US500179594002059,0,0,0
1000000US500179594002060,0,0,0
1000000US500179594002061,0,0,0
1000000US500179594002062,11,11,0
1000000US500179594002063,0,0,0
1000000US500179594002064,0,0,0
1000000US500179594002065,0,0,0
1000000US500179594002066,7,7,0
1000000US500179594002067,2,2,0
1000000US500179594002068,27,24,3
1000000US500179594002069,0,0,0
1000000US500179594002070,0,0,0
1000000US500179594002071,40,32,8
1000000US500179594002072,4,4,0
1000000US500179594002073,0,0,0
1000000US500179594002074,0,0,0
1000000US500179594002075,1,1,0
1000000US500179594002076,2,2,0
1000000US500179594002077,7,6,1
1000000US500179594002078,14,13,1
1000000US500179594002079,1,1,0
1000000US500179594002080,1,1,0
1000000US500179594002081,0,0,0
1000000US500179594002082,6,5,1
1000000US500179594002083,3,3,0
1000000US500179594002084,1,1,0
1000000US500179594002085,2,2,0
1000000US500179594002086,7,7,0
1000000US500179594002087,0,0,0
1000000US500179594002088,0,0,0
1000000US500179594002089,0,0,0
1000000US500179594002090,1,1,0
1000000US500179594002091,0,0,0
1000000US500179594002092,0,0,0
1000000US500179594002093,0,0,0
1000000US500179594002094,1,1,0
1000000US500179594002095,0,0,0
1000000US500179594002096,0,0,0
1000000US500179594003000,8,6,2
1000000US500179594003001,88,81,7
1000000US500179594003002,10,10,0
1000000US500179594003003,1,1,0
1000000US500179594003004,0,0,0
1000000US500179594003005,16,15,1
1000000US500179594003006,22,18,4
1000000US500179594003007,1,1,0
1000000US500179594003008,7,7,0
1000000US500179594003009,2,2,0
1000000US500179594003010,2,2,0
1000000US500179594003011,5,4,1
1000000US500179594003012,0,0,0
1000000US500179594003013,29,27,2
1000000US500179594003014,0,0,0
1000000US500179594003015,0,0,0
1000000US500179594003016,9,7,2
1000000US500179594003017,2,1,1
1000000US500179594003018,18,17,1
1000000US500179594003019,0,0,0
1000000US500179594003020,1,1,0
1000000US500179594003021,1,1,0
1000000US500179594003022,81,74,7
1000000US500179594003023,8,8,0
1000000US500179594003024,14,13,1
1000000US500179594003025,2,2,0
1000000US500179594003026,2,2,0
1000000US500179594003027,3,3,0
1000000US500179594003028,19,14,5
1000000US500179594003029,24,19,5
1000000US500179594003030,30,29,1
1000000US500179594003031,0,0,0
1000000US500179594003032,69,66,3
1000000US500179594003033,55,46,9
1000000US500179594003034,30,28,2
1000000US500179594003035,0,0,0
1000000US500179594003036,5,4,1
1000000US500179594003037,0,0,0
1000000US500179594003038,64,58,6
1000000US500179594003039,1,1,0
1000000US500179594003040,24,22,2
1000000US500179594003041,7,6,1
1000000US500179594003042,3,2,1
1000000US500179594003043,10,7,3
1000000US500179594003044,17,16,1
1000000US500179594003045,17,16,1
1000000US500179594003046,18,17,1
1000000US500179594003047,0,0,0
1000000US500179594003048,4,3,1
1000000US500179594003049,10,9,1
1000000US500179594003050,23,17,6
1000000US500179594003051,6,6,0
1000000US500179594003052,5,5,0
1000000US500179594003053,21,20,1
1000000US500179594003054,22,20,2
1000000US500179594003055,6,6,0
1000000US500179594003056,14,13,1
1000000US500179594003057,15,14,1
1000000US500179594003058,7,7,0
1000000US500179594003059,17,17,0
1000000US500179594003060,9,8,1
1000000US500179594003061,9,5,4
1000000US500179594003062,11,9,2
1000000US500179594003063,10,10,0
1000000US500179594003064,5,5,0
1000000US500179595001000,28,18,10
1000000US500179595001001,1,1,0
1000000US500179595001002,1,1,0
1000000US500179595001003,3,2,1
1000000US500179595001004,1,0,1
1000000US500179595001005,41,31,10
1000000US500179595001006,13,9,4
1000000US500179595001007,1,1,0
1000000US500179595001008,5,2,3
1000000US500179595001009,10,7,3
1000000US500179595001010,8,6,2
1000000US500179595001011,11,5,6
1000000US500179595001012,41,27,14
1000000US500179595001013,2,1,1
1000000US500179595001014,5,4,1
1000000US500179595001015,13,6,7
1000000US500179595001016,0,0,0
1000000US500179595001017,5,5,0
1000000US500179595001018,0,0,0
1000000US500179595001019,0,0,0
1000000US500179595001020,30,17,13
1000000US500179595001021,0,0,0
1000000US500179595001022,0,0,0
1000000US500179595001023,1,0,1
1000000US500179595001024,1,1,0
1000000US500179595001025,0,0,0
1000000US500179595001026,0,0,0
1000000US500179595001027,1,0,1
1000000US500179595001028,17,8,9
1000000US500179595001029,4,3,1
1000000US500179595001030,4,3,1
1000000US500179595001031,1,1,0
1000000US500179595001032,1,1,0
1000000US500179595001033,0,0,0
1000000US500179595001034,0,0,0
1000000US500179595001035,35,29,6
1000000US500179595001036,20,15,5
1000000US500179595001037,3,2,1
1000000US500179595001038,2,2,0
1000000US500179595001039,10,6,4
1000000US500179595001040,1,0,1
1000000US500179595001041,1,1,0
1000000US500179595001042,14,10,4
1000000US500179595001043,0,0,0
1000000US500179595001044,31,23,8
1000000US500179595001045,1,1,0
1000000US500179595001046,3,0,3
1000000US500179595001047,1,1,0
1000000US500179595001048,1,1,0
1000000US500179595001049,7,4,3
1000000US500179595001050,13,10,3
1000000US500179595001051,1,1,0
1000000US500179595001052,19,15,4
1000000US500179595001053,8,5,3
1000000US500179595001054,1,1,0
1000000US500179595001055,0,0,0
1000000US500179595001056,14,13,1
1000000US500179595001057,0,0,0
1000000US500179595001058,0,0,0
1000000US500179595001059,0,0,0
1000000US500179595002000,0,0,0
1000000US500179595002001,99,82,17
1000000US500179595002002,1,0,1
1000000US500179595002003,0,0,0
1000000US500179595002004,17,16,1
1000000US500179595002005,2,1,1
1000000US500179595002006,0,0,0
1000000US500179595002007,0,0,0
1000000US500179595002008,11,10,1
1000000US500179595002009,3,3,0
1000000US500179595002010,2,2,0
1000000US500179595002011,3,2,1
1000000US500179595002012,9,8,1
1000000US500179595002013,2,1,1
1000000US500179595002014,5,4,1
1000000US500179595002015,32,26,6
1000000US500179595002016,2,1,1
1000000US500179595002017,0,0,0
1000000US500179595002018,1,1,0
1000000US500179595002019,0,0,0
1000000US500179595002020,11,6,5
1000000US500179595002021,0,0,0
1000000US500179595002022,4,1,3
1000000US500179595002023,0,0,0
1000000US500179595002024,28,20,8
1000000US500179595002025,1,1,0
1000000US500179595002026,0,0,0
1000000US500179595002027,9,6,3
1000000US500179595002028,1,0,1
1000000US500179595002029,10,6,4
1000000US500179595002030,2,1,1
1000000US500179595002031,1,1,0
1000000US500179595002032,1,0,1
1000000US500179595002033,7,4,3
1000000US500179595002034,3,3,0
1000000US500179595002035,0,0,0
1000000US500179595002036,1,1,0
1000000US500179595002037,7,5,2
1000000US500179595002038,10,7,3
1000000US500179595002039,7,4,3
1000000US500179595002040,8,7,1
1000000US500179595002041,14,12,2
1000000US500179595002042,0,0,0
1000000US500179595002043,0,0,0
1000000US500179595002044,17,13,4
1000000US500179595002045,7,5,2
1000000US500179595002046,2,0,2
1000000US500179595002047,0,0,0
1000000US500179595002048,18,12,6
1000000US500179595002049,1,1,0
1000000US500179595002050,68,60,8
1000000US500179595002051,5,3,2
1000000US500179595002052,6,5,1
1000000US500179595002053,3,3,0
1000000US500179595002054,19,19,0
1000000US500179595002055,36,20,16
1000000US500179595002056,0,0,0
1000000US500179595002057,0,0,0
1000000US500179595002058,0,0,0
1000000US500179595002059,2,1,1
1000000US500179595002060,0,0,0
1000000US500179595002061,7,7,0
1000000US500179595002062,42,34,8
1000000US500179595002063,8,5,3
1000000US500179595002064,4,4,0
1000000US500179595002065,0,0,0
1000000US500179595002066,0,0,0
1000000US500179595002067,0,0,0
1000000US500179595002068,1,1,0
1000000US500179595002069,0,0,0
1000000US500179595002070,20,15,5
1000000US500179595002071,1,1,0
1000000US500179595002072,4,2,2
1000000US500179595002073,0,0,0
1000000US500179595002074,0,0,0
1000000US500179595002075,0,0,0
1000000US500179595002076,10,5,5
1000000US500179595002077,1,0,1
1000000US500179595002078,4,4,0
1000000US500179595002079,0,0,0
1000000US500179595002080,0,0,0
1000000US500179595002081,2,2,0
1000000US500179595002082,0,0,0
1000000US500179595002083,5,4,1
1000000US500179595002084,0,0,0
1000000US500179595002085,2,1,1
1000000US500179595002086,13,12,1
1000000US500179595002087,0,0,0
1000000US500179595002088,0,0,0
1000000US500179595002089,2,2,0
1000000US500179595002090,0,0,0
1000000US500179595002091,11,9,2
1000000US500179595002092,0,0,0
1000000US500179595002093,3,3,0
1000000US500179595002094,10,6,4
1000000US500179595002095,0,0,0
1000000US500179595002096,1,1,0
1000000US500179595002097,0,0,0
1000000US500179595002098,1,0,1
1000000US500179595002099,0,0,0
1000000US500179595002100,0,0,0
1000000US500179595002101,1,1,0
1000000US500179595002102,0,0,0
1000000US500179595002103,0,0,0
1000000US500179595002104,0,0,0
1000000US500179595002105,1,0,1
1000000US500179595002106,10,7,3
1000000US500179595002107,0,0,0
1000000US500179595002108,1,1,0
1000000US500179595002109,0,0,0
1000000US500179595002110,0,0,0
1000000US500179595002111,4,4,0
1000000US500179595002112,2,2,0
1000000US500179595002113,9,9,0
1000000US500179595002114,0,0,0
1000000US500179595002115,1,1,0
1000000US500179595002116,0,0,0
1000000US500179595002117,0,0,0
1000000US500179595002118,3,3,0
1000000US500179595002119,0,0,0
1000000US500179595002120,13,11,2
1000000US500179595002121,0,0,0
1000000US500179595002122,0,0,0
1000000US500179595003000,9,4,5
1000000US500179595003001,0,0,0
1000000US500179595003002,2,2,0
1000000US500179595003003,0,0,0
1000000US500179595003004,3,1,2
1000000US500179595003005,5,4,1
1000000US500179595003006,3,2,1
1000000US500179595003007,3,3,0
1000000US500179595003008,14,8,6
1000000US500179595003009,0,0,0
1000000US500179595003010,0,0,0
1000000US500179595003011,1,1,0
1000000US500179595003012,22,18,4
1000000US500179595003013,6,5,1
1000000US500179595003014,0,0,0
1000000US500179595003015,0,0,0
1000000US500179595003016,6,2,4
1000000US500179595003017,41,27,14
1000000US500179595003018,1,1,0
1000000US500179595003019,0,0,0
1000000US500179595003020,31,23,8
1000000US500179595003021,2,1,1
1000000US500179595003022,1,1,0
1000000US500179595003023,0,0,0
1000000US500179595003024,9,5,4
1000000US500179595003025,0,0,0
1000000US500179595003026,11,8,3
1000000US500179595003027,1,1,0
1000000US500179595003028,1,1,0
1000000US500179595003029,3,2,1
1000000US500179595003030,2,2,0
1000000US500179595003031,0,0,0
1000000US500179595003032,0,0,0
1000000US500179595003033,0,0,0
1000000US500179595003034,0,0,0
1000000US500179595003035,6,1,5
1000000US500179595003036,3,2,1
1000000US500179595003037,9,6,3
1000000US500179595003038,0,0,0
1000000US500179595003039,11,10,1
1000000US500179595003040,2,1,1
1000000US500179595003041,4,4,0
1000000US500179595003042,2,1,1
1000000US500179595003043,95,72,23
1000000US500179595003044,2,2,0
1000000US500179595003045,3,2,1
1000000US500179595003046,2,2,0
1000000US500179595003047,1,1,0
1000000US500179595003048,0,0,0
1000000US500179595003049,0,0,0
1000000US500179595003050,0,0,0
1000000US500179595003051,38,28,10
1000000US500179595003052,0,0,0
1000000US500179595003053,0,0,0
1000000US500179595003054,1,1,0
1000000US500179595003055,0,0,0
1000000US500179595003056,0,0,0
1000000US500179595003057,1,1,0
1000000US500179595003058,0,0,0
1000000US500179595003059,9,8,1
1000000US500179595003060,4,3,1
1000000US500179595003061,10,7,3
1000000US500179595003062,0,0,0
1000000US500179595003063,56,45,11
1000000US500179595003064,5,4,1
1000000US500179595003065,1,0,1
1000000US500179595003066,3,3,0
1000000US500179595003067,28,16,12
1000000US500179595003068,4,2,2
1000000US500179595003069,34,29,5
1000000US500179595003070,0,0,0
1000000US500179595003071,3,3,0
1000000US500179595003072,31,28,3
1000000US500179595003073,1,1,0
1000000US500179595003074,0,0,0
1000000US500179595003075,44,32,12
1000000US500179595003076,0,0,0
1000000US500179595003077,0,0,0
1000000US500179595003078,1,1,0
1000000US500179595003079,4,3,1
1000000US500179595003080,0,0,0
1000000US500179595003081,2,1,1
1000000US500179595003082,0,0,0
1000000US500179595003083,2,2,0
1000000US500179595003084,0,0,0
1000000US500179595003085,20,15,5
1000000US500179595003086,9,8,1
1000000US500179595003087,2,2,0
1000000US500179595003088,17,6,11
1000000US500179595003089,13,9,4
1000000US500179595003090,0,0,0
1000000US500179595003091,1,1,0
1000000US500179595003092,17,10,7
1000000US500179595003093,0,0,0
1000000US500179595003094,0,0,0
1000000US500179595003095,1,0,1
1000000US500179595003096,0,0,0
1000000US500179595003097,0,0,0
1000000US500179595003098,0,0,0
1000000US500179595003099,1,0,1
1000000US500179595003100,20,16,4
1000000US500179595003101,8,4,4
1000000US500179595003102,0,0,0
1000000US500179595003103,5,4,1
1000000US500179595003104,0,0,0
1000000US500179595003105,2,2,0
1000000US500179595003106,6,2,4
1000000US500179595003107,10,7,3
1000000US500179595003108,9,8,1
1000000US500179595003109,6,4,2
1000000US500179595003110,0,0,0
1000000US500179595003111,1,0,1
1000000US500179595003112,0,0,0
1000000US500179595003113,7,6,1
1000000US500179595003114,2,1,1
1000000US500179595003115,2,2,0
1000000US500179595003116,1,1,0
1000000US500179595003117,2,2,0
1000000US500179595003118,3,2,1
1000000US500179595004000,10,7,3
1000000US500179595004001,1,0,1
1000000US500179595004002,1,0,1
1000000US500179595004003,37,23,14
1000000US500179595004004,0,0,0
1000000US500179595004005,0,0,0
1000000US500179595004006,0,0,0
1000000US500179595004007,0,0,0
1000000US500179595004008,0,0,0
1000000US500179595004009,8,5,3
1000000US500179595004010,0,0,0
1000000US500179595004011,0,0,0
1000000US500179595004012,4,3,1
1000000US500179595004013,2,2,0
1000000US500179595004014,0,0,0
1000000US500179595004015,29,21,8
1000000US500179595004016,1,1,0
1000000US500179595004017,1,1,0
1000000US500179595004018,0,0,0
1000000US500179595004019,0,0,0
1000000US500179595004020,1,1,0
1000000US500179595004021,0,0,0
1000000US500179595004022,0,0,0
1000000US500179595004023,0,0,0
1000000US500179595004024,0,0,0
1000000US500179595004025,5,3,2
1000000US500179595004026,0,0,0
1000000US500179595004027,0,0,0
1000000US500179595004028,5,5,0
1000000US500179595004029,0,0,0
1000000US500179595004030,2,2,0
1000000US500179595004031,1,0,1
1000000US500179595004032,45,36,9
1000000US500179595004033,1,1,0
1000000US500179595004034,0,0,0
1000000US500179595004035,0,0,0
1000000US500179595004036,0,0,0
1000000US500179595004037,4,3,1
1000000US500179595004038,0,0,0
1000000US500179595004039,0,0,0
1000000US500179595004040,0,0,0
1000000US500179595004041,7,5,2
1000000US500179595004042,0,0,0
1000000US500179595004043,0,0,0
1000000US500179595004044,2,1,1
1000000US500179595004045,0,0,0
1000000US500179595004046,13,8,5
1000000US500179595004047,0,0,0
1000000US500179595004048,0,0,0
1000000US500179595004049,0,0,0
1000000US500179595004050,5,3,2
1000000US500179595004051,3,2,1
1000000US500179595004052,5,4,1
1000000US500179595004053,1,1,0
1000000US500179595004054,0,0,0
1000000US500179595004055,1,1,0
1000000US500179595004056,14,10,4
1000000US500179595004057,1,1,0
1000000US500179595004058,15,9,6
1000000US500179595004059,5,2,3
1000000US500179595004060,2,2,0
1000000US500179595004061,37,24,13
1000000US500179595004062,0,0,0
1000000US500179595004063,3,3,0
1000000US500179595004064,1,1,0
1000000US500179595004065,30,22,8
1000000US500179595004066,0,0,0
1000000US500179595004067,1,1,0
1000000US500179595004068,14,12,2
1000000US500179595004069,5,5,0
1000000US500179595004070,0,0,0
1000000US500179595004071,1,1,0
1000000US500179595004072,53,44,9
1000000US500179595004073,1,0,1
1000000US500179595004074,0,0,0
1000000US500179595004075,2,1,1
1000000US500179595004076,10,10,0
1000000US500179595004077,1,1,0
1000000US500179595004078,0,0,0
1000000US500179595004079,0,0,0
1000000US500179595004080,1,1,0
1000000US500179595004081,6,6,0
1000000US500179595004082,1,1,0
1000000US500179595004083,3,2,1
1000000US500179595004084,17,11,6
1000000US500179595004085,28,23,5
1000000US500179595004086,2,2,0
1000000US500179595004087,1,1,0
1000000US500179595004088,1,1,0
1000000US500179595004089,7,7,0
1000000US500179595004090,0,0,0
1000000US500179595004091,17,16,1
1000000US500179595004092,15,14,1
1000000US500179595004093,13,10,3
1000000US500179595004094,9,8,1
1000000US500179595004095,10,10,0
1000000US500179595004096,1,1,0
1000000US500179595004097,1,0,1
1000000US500179595004098,0,0,0
1000000US500179595004099,0,0,0
1000000US500179595004100,1,1,0
1000000US500179595004101,0,0,0
1000000US500179595004102,20,18,2
1000000US500179595004103,0,0,0
1000000US500179595004104,3,3,0
1000000US500179595004105,1,1,0
1000000US500179595004106,1,1,0
1000000US500179595004107,0,0,0
1000000US500179595004108,1,0,1
1000000US500179595004109,0,0,0
1000000US500179595004110,2,0,2
1000000US500179595004111,0,0,0
1000000US500179595004112,4,2,2
1000000US500179595004113,29,25,4
1000000US500179595004114,0,0,0
1000000US500179596001000,0,0,0
1000000US500179596001001,2,2,0
1000000US500179596001002,8,7,1
1000000US500179596001003,0,0,0
1000000US500179596001004,8,6,2
1000000US500179596001005,12,11,1
1000000US500179596001006,7,7,0
1000000US500179596001007,18,17,1
1000000US500179596001008,0,0,0
1000000US500179596001009,28,27,1
1000000US500179596001010,2,2,0
1000000US500179596001011,13,13,0
1000000US500179596001012,0,0,0
1000000US500179596001013,4,4,0
1000000US500179596001014,7,7,0
1000000US500179596001015,0,0,0
1000000US500179596001016,0,0,0
1000000US500179596001017,0,0,0
1000000US500179596001018,9,8,1
1000000US500179596001019,3,3,0
1000000US500179596001020,0,0,0
1000000US500179596001021,2,2,0
1000000US500179596001022,0,0,0
1000000US500179596001023,72,69,3
1000000US500179596001024,0,0,0
1000000US500179596001025,0,0,0
1000000US500179596001026,0,0,0
1000000US500179596001027,4,4,0
1000000US500179596001028,9,9,0
1000000US500179596001029,1,1,0
1000000US500179596001030,1,1,0
1000000US500179596001031,6,3,3
1000000US500179596001032,1,1,0
1000000US500179596001033,30,28,2
1000000US500179596001034,2,1,1
1000000US500179596001035,3,3,0
1000000US500179596001036,35,30,5
1000000US500179596001037,0,0,0
1000000US500179596001038,16,15,1
1000000US500179596001039,4,3,1
1000000US500179596001040,1,1,0
1000000US500179596001041,0,0,0
1000000US500179596001042,9,9,0
1000000US500179596001043,0,0,0
1000000US500179596001044,8,8,0
1000000US500179596001045,7,5,2
1000000US500179596001046,0,0,0
1000000US500179596001047,8,7,1
1000000US500179596001048,0,0,0
1000000US500179596001049,0,0,0
1000000US500179596002000,0,0,0
1000000US500179596002001,0,0,0
1000000US500179596002002,113,95,18
1000000US500179596002003,3,3,0
1000000US500179596002004,10,10,0
1000000US500179596002005,2,2,0
1000000US500179596002006,0,0,0
1000000US500179596002007,0,0,0
1000000US500179596002008,0,0,0
1000000US500179596002009,2,2,0
1000000US500179596002010,14,3,11
1000000US500179596002011,0,0,0
1000000US500179596002012,0,0,0
1000000US500179596002013,0,0,0
1000000US500179596002014,15,7,8
1000000US500179596002015,18,8,10
1000000US500179596002016,2,2,0
1000000US500179596002017,23,21,2
1000000US500179596002018,20,20,0
1000000US500179596002019,0,0,0
1000000US500179596002020,6,6,0
1000000US500179596002021,52,48,4
1000000US500179596002022,0,0,0
1000000US500179596002023,6,6,0
1000000US500179596002024,0,0,0
1000000US500179596002025,9,5,4
1000000US500179596002026,15,11,4
1000000US500179596002027,10,7,3
1000000US500179596002028,26,23,3
1000000US500179596002029,118,95,23
1000000US500179596002030,9,6,3
1000000US500179596002031,0,0,0
1000000US500179596002032,0,0,0
1000000US500179596002033,0,0,0
1000000US500179596002034,0,0,0
1000000US500179596002035,2,1,1
1000000US500179596002036,4,4,0
1000000US500179596002037,45,34,11
1000000US500179596002038,9,0,9
1000000US500179596002039,0,0,0
1000000US500179596002040,9,8,1
1000000US500179596002041,2,2,0
1000000US500179596002042,18,15,3
1000000US500179596002043,0,0,0
1000000US500179596002044,0,0,0
1000000US500179596002045,0,0,0
1000000US500179596002046,0,0,0
1000000US500179596002047,0,0,0
1000000US500179596002048,9,7,2
1000000US500179596002049,8,8,0
1000000US500179596002050,8,6,2
1000000US500179596002051,10,8,2
1000000US500179596002052,61,54,7
1000000US500179596002053,2,2,0
1000000US500179596002054,2,2,0
1000000US500179596002055,6,5,1
1000000US500179596002056,0,0,0
1000000US500179596002057,0,0,0
1000000US500179596002058,0,0,0
1000000US500179596002059,0,0,0
1000000US500179596002060,0,0,0
1000000US500179596002061,0,0,0
1000000US500179596002062,0,0,0
1000000US500179596002063,0,0,0
1000000US500179596002064,42,32,10
1000000US500179596002065,0,0,0
1000000US500179596002066,3,2,1
1000000US500179596002067,46,40,6
1000000US500179596002068,0,0,0
1000000US500179596002069,0,0,0
1000000US500179596002070,7,6,1
1000000US500179596002071,0,0,0
1000000US500179596002072,1,1,0
1000000US500179596002073,43,41,2
1000000US500179596002074,0,0,0
1000000US500179596002075,0,0,0
1000000US500179596002076,0,0,0
1000000US500179596002077,3,2,1
1000000US500179596002078,5,5,0
1000000US500179596002079,0,0,0
1000000US500179596002080,9,7,2
1000000US500179596002081,4,4,0
1000000US500179596002082,5,4,1
1000000US500179596002083,0,0,0
1000000US500179596002084,12,10,2
1000000US500179596002085,12,10,2
1000000US500179596002086,0,0,0
1000000US500179596002087,0,0,0
1000000US500179596002088,4,4,0
1000000US500179596002089,1,1,0
1000000US500179596002090,15,13,2
1000000US500179596002091,22,22,0
1000000US500179596002092,1,1,0
1000000US500179596002093,11,10,1
1000000US500179596002094,0,0,0
1000000US500179596002095,9,9,0
1000000US500179596002096,4,4,0
1000000US500179596002097,0,0,0
1000000US500179596002098,0,0,0
1000000US500179596002099,0,0,0
1000000US500179596002100,0,0,0
1000000US500179596002101,1,1,0
1000000US500179596002102,1,0,1
1000000US500179596002103,18,17,1
1000000US500179596002104,0,0,0
1000000US500179596002105,0,0,0
1000000US500179596002106,0,0,0
1000000US500179596002107,1,1,0
1000000US500179596002108,0,0,0
1000000US500179596002109,0,0,0
1000000US500179596002110,0,0,0
1000000US500179596002111,0,0,0
1000000US500179596002112,0,0,0
1000000US500179597001000,5,1,4
1000000US500179597001001,7,4,3
1000000US500179597001002,1,1,0
1000000US500179597001003,13,3,10
1000000US500179597001004,4,3,1
1000000US500179597001005,10,2,8
1000000US500179597001006,0,0,0
1000000US500179597001007,18,13,5
1000000US500179597001008,0,0,0
1000000US500179597001009,0,0,0
1000000US500179597001010,2,1,1
1000000US500179597001011,0,0,0
1000000US500179597001012,16,16,0
1000000US500179597001013,0,0,0
1000000US500179597001014,0,0,0
1000000US500179597001015,5,5,0
1000000US500179597001016,5,2,3
1000000US500179597001017,2,2,0
1000000US500179597001018,16,11,5
1000000US500179597001019,1,0,1
1000000US500179597001020,0,0,0
1000000US500179597001021,0,0,0
1000000US500179597001022,1,1,0
1000000US500179597001023,24,14,10
1000000US500179597001024,5,3,2
1000000US500179597001025,0,0,0
1000000US500179597001026,9,8,1
1000000US500179597001027,2,2,0
1000000US500179597001028,0,0,0
1000000US500179597001029,12,12,0
1000000US500179597001030,1,1,0
1000000US500179597001031,0,0,0
1000000US500179597001032,0,0,0
1000000US500179597001033,0,0,0
1000000US500179597001034,0,0,0
1000000US500179597001035,0,0,0
1000000US500179597001036,0,0,0
1000000US500179597001037,7,4,3
1000000US500179597001038,17,13,4
1000000US500179597001039,10,10,0
1000000US500179597001040,2,2,0
1000000US500179597001041,6,6,0
1000000US500179597001042,0,0,0
1000000US500179597001043,16,6,10
1000000US500179597001044,0,0,0
1000000US500179597001045,0,0,0
1000000US500179597001046,0,0,0
1000000US500179597001047,50,44,6
1000000US500179597001048,6,6,0
1000000US500179597001049,0,0,0
1000000US500179597001050,0,0,0
1000000US500179597001051,1,1,0
1000000US500179597001052,2,2,0
1000000US500179597001053,7,5,2
1000000US500179597001054,14,10,4
1000000US500179597001055,23,19,4
1000000US500179597001056,2,2,0
1000000US500179597001057,38,34,4
1000000US500179597001058,0,0,0
1000000US500179597001059,3,2,1
1000000US500179597001060,0,0,0
1000000US500179597001061,0,0,0
1000000US500179597001062,4,3,1
1000000US500179597001063,1,1,0
1000000US500179597001064,0,0,0
1000000US500179597002000,17,7,10
1000000US500179597002001,4,4,0
1000000US500179597002002,3,3,0
1000000US500179597002003,1,1,0
1000000US500179597002004,42,39,3
1000000US500179597002005,0,0,0
1000000US500179597002006,0,0,0
1000000US500179597002007,0,0,0
1000000US500179597002008,0,0,0
1000000US500179597002009,19,18,1
1000000US500179597002010,0,0,0
1000000US500179597002011,48,39,9
1000000US500179597002012,0,0,0
1000000US500179597002013,0,0,0
1000000US500179597002014,0,0,0
1000000US500179597002015,26,12,14
1000000US500179597002016,0,0,0
1000000US500179597002017,6,5,1
1000000US500179597002018,0,0,0
1000000US500179597002019,13,9,4
1000000US500179597002020,0,0,0
1000000US500179597002021,0,0,0
1000000US500179597002022,1,0,1
1000000US500179597002023,1,1,0
1000000US500179597002024,3,0,3
1000000US500179597002025,0,0,0
1000000US500179597002026,0,0,0
1000000US500179597002027,0,0,0
1000000US500179597002028,137,113,24
1000000US500179597002029,1,1,0
1000000US500179597002030,4,4,0
1000000US500179597002031,0,0,0
1000000US500179597002032,8,8,0
1000000US500179597002033,17,15,2
1000000US500179597002034,3,1,2
1000000US500179597002035,14,13,1
1000000US500179597002036,26,3,23
1000000US500179597002037,10,10,0
1000000US500179597002038,0,0,0
1000000US500179597002039,11,5,6
1000000US500179597002040,0,0,0
1000000US500179597002041,2,2,0
1000000US500179597002042,0,0,0
1000000US500179597002043,0,0,0
1000000US500179597002044,2,1,1
1000000US500179597002045,0,0,0
1000000US500179597002046,0,0,0
1000000US500179597002047,13,13,0
1000000US500179597002048,4,2,2
1000000US500179597002049,8,7,1
1000000US500179597002050,0,0,0
1000000US500179597002051,7,7,0
1000000US500179597002052,0,0,0
1000000US500179597002053,12,11,1
1000000US500179597002054,4,4,0
1000000US500179597002055,0,0,0
1000000US500179597002056,9,7,2
1000000US500179597002057,0,0,0
1000000US500179597002058,3,3,0
1000000US500179597002059,2,2,0
1000000US500179597002060,0,0,0
1000000US500179597002061,23,18,5
1000000US500179597002062,1,1,0
1000000US500179597002063,0,0,0
1000000US500179597002064,0,0,0
1000000US500179597002065,1,1,0
1000000US500179597002066,7,6,1
1000000US500179597002067,0,0,0
1000000US500179597002068,11,7,4
1000000US500179597002069,0,0,0
1000000US500179597002070,0,0,0
1000000US500179597002071,8,3,5
1000000US500179597002072,3,0,3
1000000US500179597002073,0,0,0
1000000US500179597002074,0,0,0
1000000US500179597002075,1,1,0
1000000US500179597002076,1,1,0
1000000US500179597002077,0,0,0
1000000US500179597002078,0,0,0
1000000US500179597002079,0,0,0
1000000US500179597002080,0,0,0
1000000US500179597002081,0,0,0
1000000US500179597002082,0,0,0
1000000US500179597002083,0,0,0
1000000US500179597002084,8,3,5
1000000US500179597002085,0,0,0
1000000US500179597002086,0,0,0
1000000US500179597002087,0,0,0
1000000US500179597002088,55,8,47
1000000US500179597002089,0,0,0
1000000US500179597002090,0,0,0
1000000US500179597002091,0,0,0
1000000US500179597002092,0,0,0
1000000US500179597002093,0,0,0
1000000US500179597002094,0,0,0
1000000US500179597002095,0,0,0
1000000US500179597002096,16,3,13
1000000US500179597002097,0,0,0
1000000US500179597002098,3,1,2
1000000US500179597002099,6,6,0
1000000US500179597002100,0,0,0
1000000US500179598001000,0,0,0
1000000US500179598001001,0,0,0
1000000US500179598001002,0,0,0
1000000US500179598001003,0,0,0
1000000US500179598001004,0,0,0
1000000US500179598001005,9,7,2
1000000US500179598001006,0,0,0
1000000US500179598001007,0,0,0
1000000US500179598001008,0,0,0
1000000US500179598001009,0,0,0
1000000US500179598001010,61,58,3
1000000US500179598001011,0,0,0
1000000US500179598001012,0,0,0
1000000US500179598001013,5,5,0
1000000US500179598001014,0,0,0
1000000US500179598001015,38,36,2
1000000US500179598001016,13,9,4
1000000US500179598001017,61,56,5
1000000US500179598001018,60,54,6
1000000US500179598001019,38,34,4
1000000US500179598001020,0,0,0
1000000US500179598001021,0,0,0
1000000US500179598001022,0,0,0
1000000US500179598001023,15,14,1
1000000US500179598001024,39,37,2
1000000US500179598001025,52,49,3
1000000US500179598001026,9,6,3
1000000US500179598001027,6,4,2
1000000US500179598001028,7,6,1
1000000US500179598001029,20,16,4
1000000US500179598001030,0,0,0
1000000US500179598001031,0,0,0
1000000US500179598001032,0,0,0
1000000US500179598001033,6,6,0
1000000US500179598001034,9,7,2
1000000US500179598001035,13,12,1
1000000US500179598001036,0,0,0
1000000US500179598001037,0,0,0
1000000US500179598001038,0,0,0
1000000US500179598001039,0,0,0
1000000US500179598001040,36,29,7
1000000US500179598001041,0,0,0
1000000US500179598001042,0,0,0
1000000US500179598001043,0,0,0
1000000US500179598001044,3,0,3
1000000US500179598001045,0,0,0
1000000US500179598001046,0,0,0
1000000US500179598001047,0,0,0
1000000US500179598001048,0,0,0
1000000US500179598001049,0,0,0
1000000US500179598001050,0,0,0
1000000US500179598001051,35,34,1
1000000US500179598001052,0,0,0
1000000US500179598001053,0,0,0
1000000US500179598001054,0,0,0
1000000US500179598001055,0,0,0
1000000US500179598001056,0,0,0
1000000US500179598001057,0,0,0
1000000US500179598001058,24,21,3
1000000US500179598001059,14,13,1
1000000US500179598001060,0,0,0
1000000US500179598001061,0,0,0
1000000US500179598002000,0,0,0
1000000US500179598002001,0,0,0
1000000US500179598002002,4,3,1
1000000US500179598002003,1,1,0
1000000US500179598002004,7,6,1
1000000US500179598002005,0,0,0
1000000US500179598002006,31,23,8
1000000US500179598002007,0,0,0
1000000US500179598002008,0,0,0
1000000US500179598002009,3,2,1
1000000US500179598002010,36,30,6
1000000US500179598002011,6,3,3
1000000US500179598002012,0,0,0
1000000US500179598002013,0,0,0
1000000US500179598002014,1,0,1
1000000US500179598002015,11,8,3
1000000US500179598002016,2,1,1
1000000US500179598002017,40,32,8
1000000US500179598002018,16,13,3
1000000US500179598002019,2,1,1
1000000US500179598002020,14,14,0
1000000US500179598002021,66,59,7
1000000US500179598002022,43,38,5
1000000US500179598002023,10,10,0
1000000US500179598002024,0,0,0
1000000US500179598002025,0,0,0
1000000US500179598002026,0,0,0
1000000US500179598002027,0,0,0
1000000US500179598002028,0,0,0
1000000US500179598002029,6,6,0
1000000US500179598002030,0,0,0
1000000US500179598002031,0,0,0
1000000US500179598002032,9,6,3
1000000US500179598002033,0,0,0
1000000US500179598002034,0,0,0
1000000US500179598002035,0,0,0
1000000US500179598002036,1,1,0
1000000US500179598002037,0,0,0
1000000US500179598002038,0,0,0
1000000US500179598002039,0,0,0
1000000US500179598002040,0,0,0
1000000US500179598002041,0,0,0
1000000US500179598002042,0,0,0
1000000US500179598002043,0,0,0
1000000US500179598002044,4,3,1
1000000US500179598002045,7,6,1
1000000US500179598002046,74,68,6
1000000US500179598002047,29,21,8
1000000US500179598002048,3,2,1
1000000US500179598002049,7,4,3
1000000US500179598002050,3,3,0
1000000US500179598002051,2,2,0
1000000US500179598002052,12,11,1
1000000US500179598002053,18,15,3
1000000US500179598002054,0,0,0
1000000US500179598002055,16,10,6
1000000US500179598002056,0,0,0
1000000US500179598002057,28,19,9
1000000US500179598002058,1,1,0
1000000US500179598002059,22,17,5
1000000US500179598002060,0,0,0
1000000US500179598002061,0,0,0
1000000US500179598002062,0,0,0
1000000US500179598002063,7,7,0
1000000US500179598002064,1,1,0
1000000US500179598002065,6,5,1
1000000US500179598002066,0,0,0
1000000US500179598002067,3,2,1
1000000US500179598002068,3,2,1
1000000US500179598002069,32,30,2
1000000US500179598002070,10,9,1
1000000US500179598002071,0,0,0
1000000US500179598002072,0,0,0
1000000US500179598002073,0,0,0
1000000US500179598002074,0,0,0
1000000US500179598002075,0,0,0
1000000US500179598002076,0,0,0
1000000US500179598002077,7,7,0
1000000US500179598002078,0,0,0
1000000US500179598002079,19,17,2
1000000US500179598002080,21,20,1
1000000US500179598002081,0,0,0
1000000US500179598002082,0,0,0
1000000US500179598002083,0,0,0
1000000US500179598002084,0,0,0
1000000US500179598002085,0,0,0
1000000US500179598002086,28,24,4
1000000US500179598002087,0,0,0
1000000US500179598002088,0,0,0
1000000US500179598002089,0,0,0
1000000US500179598002090,3,2,1
1000000US500179598002091,1,1,0
1000000US500179598002092,7,6,1
1000000US500179598002093,0,0,0
1000000US500179598002094,2,1,1
1000000US500179598002095,0,0,0
1000000US500179598002096,1,1,0
1000000US500179598002097,0,0,0
1000000US500179598002098,2,2,0
1000000US500179598002099,2,1,1
1000000US500179598002100,3,1,2
1000000US500179598002101,2,2,0
1000000US500179598002102,0,0,0
1000000US500179598002103,9,7,2
1000000US500179598002104,0,0,0
1000000US500179598002105,1,1,0
1000000US500179598002106,2,2,0
1000000US500179598002107,1,1,0
1000000US500199511001000,72,25,47
1000000US500199511001001,2,0,2
1000000US500199511001002,1,1,0
1000000US500199511001003,4,0,4
1000000US500199511001004,0,0,0
1000000US500199511001005,0,0,0
1000000US500199511001006,0,0,0
1000000US500199511001007,6,2,4
1000000US500199511001008,0,0,0
1000000US500199511001009,0,0,0
1000000US500199511001010,0,0,0
1000000US500199511001011,0,0,0
1000000US500199511001012,0,0,0
1000000US500199511001013,0,0,0
1000000US500199511001014,29,3,26
1000000US500199511001015,5,3,2
1000000US500199511001016,1,1,0
1000000US500199511001017,21,12,9
1000000US500199511001018,23,19,4
1000000US500199511001019,8,6,2
1000000US500199511001020,14,12,2
1000000US500199511001021,3,2,1
1000000US500199511001022,13,10,3
1000000US500199511001023,12,10,2
1000000US500199511001024,18,13,5
1000000US500199511001025,2,2,0
1000000US500199511001026,2,0,2
1000000US500199511001027,7,4,3
1000000US500199511001028,15,10,5
1000000US500199511001029,12,8,4
1000000US500199511001030,24,17,7
1000000US500199511001031,0,0,0
1000000US500199511001032,0,0,0
1000000US500199511001033,29,24,5
1000000US500199511001034,0,0,0
1000000US500199511001035,2,2,0
1000000US500199511001036,0,0,0
1000000US500199511001037,19,11,8
1000000US500199511001038,1,1,0
1000000US500199511001039,0,0,0
1000000US500199511001040,32,22,10
1000000US500199511001041,5,4,1
1000000US500199511001042,11,7,4
1000000US500199511001043,3,3,0
1000000US500199511001044,23,13,10
1000000US500199511001045,0,0,0
1000000US500199511001046,166,75,91
1000000US500199511001047,6,1,5
1000000US500199511001048,0,0,0
1000000US500199511001049,25,14,11
1000000US500199511001050,32,6,26
1000000US500199511001051,1,1,0
1000000US500199511001052,2,0,2
1000000US500199511001053,1,0,1
1000000US500199511001054,0,0,0
1000000US500199511001055,6,1,5
1000000US500199511001056,5,4,1
1000000US500199511001057,0,0,0
1000000US500199511001058,1,0,1
1000000US500199511001059,42,8,34
1000000US500199511001060,1,0,1
1000000US500199511001061,1,1,0
1000000US500199511001062,0,0,0
1000000US500199511001063,55,28,27
1000000US500199511001064,2,1,1
1000000US500199511001065,0,0,0
1000000US500199511001066,1,1,0
1000000US500199511001067,5,1,4
1000000US500199511001068,1,1,0
1000000US500199511001069,15,2,13
1000000US500199511001070,0,0,0
1000000US500199511001071,1,1,0
1000000US500199511001072,0,0,0
1000000US500199511001073,9,7,2
1000000US500199511001074,0,0,0
1000000US500199511001075,4,4,0
1000000US500199511001076,3,3,0
1000000US500199511001077,0,0,0
1000000US500199511001078,9,9,0
1000000US500199511001079,4,4,0
1000000US500199511001080,2,2,0
1000000US500199511001081,8,8,0
1000000US500199511001082,3,3,0
1000000US500199511001083,0,0,0
1000000US500199511001084,0,0,0
1000000US500199511001085,10,5,5
1000000US500199511001086,1,1,0
1000000US500199511001087,0,0,0
1000000US500199511001088,0,0,0
1000000US500199511001089,6,6,0
1000000US500199511001090,2,1,1
1000000US500199511001091,23,20,3
1000000US500199511001092,0,0,0
1000000US500199511001093,1,1,0
1000000US500199511001094,1,1,0
1000000US500199511001095,6,6,0
1000000US500199511001096,8,6,2
1000000US500199511001097,0,0,0
1000000US500199511001098,0,0,0
1000000US500199511001099,14,11,3
1000000US500199511001100,107,28,79
1000000US500199511001101,1,1,0
1000000US500199511001102,46,6,40
1000000US500199511001103,1,1,0
1000000US500199511001104,14,3,11
1000000US500199511001105,0,0,0
1000000US500199511001106,1,0,1
1000000US500199511001107,6,0,6
1000000US500199511001108,0,0,0
1000000US500199511001109,0,0,0
1000000US500199511001110,0,0,0
1000000US500199511001111,18,5,13
1000000US500199511001112,0,0,0
1000000US500199511001113,0,0,0
1000000US500199511001114,3,0,3
1000000US500199511001115,2,1,1
1000000US500199511001116,0,0,0
1000000US500199511001117,2,1,1
1000000US500199511001118,12,2,10
1000000US500199511001119,0,0,0
1000000US500199511001120,7,4,3
1000000US500199511001121,24,6,18
1000000US500199511001122,30,5,25
1000000US500199511001123,0,0,0
1000000US500199511001124,12,1,11
1000000US500199511001125,0,0,0
1000000US500199511001126,0,0,0
1000000US500199511001127,2,1,1
1000000US500199511001128,0,0,0
1000000US500199511001129,0,0,0
1000000US500199511001130,1,0,1
1000000US500199511001131,1,1,0
1000000US500199511001132,0,0,0
1000000US500199511001133,0,0,0
1000000US500199511001134,1,0,1
1000000US500199511001135,2,0,2
1000000US500199511001136,0,0,0
1000000US500199511001137,0,0,0
1000000US500199511001138,6,1,5
1000000US500199511001139,0,0,0
1000000US500199511001140,2,2,0
1000000US500199511001141,20,9,11
1000000US500199511001142,1,1,0
1000000US500199511001143,0,0,0
1000000US500199511001144,8,4,4
1000000US500199511001145,0,0,0
1000000US500199511001146,7,3,4
1000000US500199511001147,0,0,0
1000000US500199511001148,3,1,2
1000000US500199511001149,0,0,0
1000000US500199511002000,11,11,0
1000000US500199511002001,0,0,0
1000000US500199511002002,7,6,1
1000000US500199511002003,82,62,20
1000000US500199511002004,0,0,0
1000000US500199511002005,9,7,2
1000000US500199511002006,0,0,0
1000000US500199511002007,0,0,0
1000000US500199511002008,14,12,2
1000000US500199511002009,0,0,0
1000000US500199511002010,23,4,19
1000000US500199511002011,0,0,0
1000000US500199511002012,12,10,2
1000000US500199511002013,0,0,0
1000000US500199511002014,7,6,1
1000000US500199511002015,96,71,25
1000000US500199511002016,13,8,5
1000000US500199511002017,0,0,0
1000000US500199511002018,6,1,5
1000000US500199511002019,15,13,2
1000000US500199511002020,0,0,0
1000000US500199511002021,4,3,1
1000000US500199511002022,0,0,0
1000000US500199511002023,0,0,0
1000000US500199511002024,6,5,1
1000000US500199511002025,34,32,2
1000000US500199511002026,19,15,4
1000000US500199511002027,1,1,0
1000000US500199511002028,0,0,0
1000000US500199511002029,3,3,0
1000000US500199511002030,0,0,0
1000000US500199511002031,0,0,0
1000000US500199511002032,0,0,0
1000000US500199511002033,0,0,0
1000000US500199511002034,0,0,0
1000000US500199511002035,0,0,0
1000000US500199511002036,0,0,0
1000000US500199511002037,5,5,0
1000000US500199511002038,4,3,1
1000000US500199511002039,0,0,0
1000000US500199511002040,18,8,10
1000000US500199511002041,0,0,0
1000000US500199511002042,15,10,5
1000000US500199511002043,37,25,12
1000000US500199511002044,1,0,1
1000000US500199511002045,5,3,2
1000000US500199511002046,0,0,0
1000000US500199511002047,0,0,0
1000000US500199511002048,0,0,0
1000000US500199511002049,0,0,0
1000000US500199511002050,8,5,3
1000000US500199511002051,46,36,10
1000000US500199511002052,0,0,0
1000000US500199511002053,0,0,0
1000000US500199511002054,0,0,0
1000000US500199511002055,1,1,0
1000000US500199511002056,0,0,0
1000000US500199511002057,3,2,1
1000000US500199511002058,0,0,0
1000000US500199511002059,0,0,0
1000000US500199511002060,1,1,0
1000000US500199511002061,7,3,4
1000000US500199511002062,29,5,24
1000000US500199511002063,5,2,3
1000000US500199511002064,14,1,13
1000000US500199511002065,0,0,0
1000000US500199511002066,0,0,0
1000000US500199511002067,0,0,0
1000000US500199511002068,0,0,0
1000000US500199511002069,5,2,3
1000000US500199511002070,17,8,9
1000000US500199511002071,0,0,0
1000000US500199511002072,14,10,4
1000000US500199511002073,2,1,1
1000000US500199511002074,2,2,0
1000000US500199511002075,0,0,0
1000000US500199511002076,0,0,0
1000000US500199511002077,0,0,0
1000000US500199511002078,1,1,0
1000000US500199511002079,0,0,0
1000000US500199511002080,0,0,0
1000000US500199511002081,0,0,0
1000000US500199511002082,1,0,1
1000000US500199511002083,7,6,1
1000000US500199511002084,1,0,1
1000000US500199511002085,1,1,0
1000000US500199511002086,28,18,10
1000000US500199511002087,1,1,0
1000000US500199511002088,0,0,0
1000000US500199511002089,12,9,3
1000000US500199511002090,3,1,2
1000000US500199511002091,1,0,1
1000000US500199511002092,1,0,1
1000000US500199511002093,0,0,0
1000000US500199511002094,10,4,6
1000000US500199511002095,3,2,1
1000000US500199511002096,1,1,0
1000000US500199512001000,0,0,0
1000000US500199512001001,8,6,2
1000000US500199512001002,6,3,3
1000000US500199512001003,11,7,4
1000000US500199512001004,6,6,0
1000000US500199512001005,0,0,0
1000000US500199512001006,125,102,23
1000000US500199512001007,24,21,3
1000000US500199512001008,2,2,0
1000000US500199512001009,0,0,0
1000000US500199512001010,0,0,0
1000000US500199512001011,5,5,0
1000000US500199512001012,10,6,4
1000000US500199512001013,13,10,3
1000000US500199512001014,13,11,2
1000000US500199512001015,0,0,0
1000000US500199512001016,0,0,0
1000000US500199512001017,0,0,0
1000000US500199512001018,0,0,0
1000000US500199512001019,0,0,0
1000000US500199512001020,0,0,0
1000000US500199512001021,4,3,1
1000000US500199512001022,10,10,0
1000000US500199512001023,0,0,0
1000000US500199512001024,9,6,3
1000000US500199512001025,8,5,3
1000000US500199512001026,0,0,0
1000000US500199512001027,0,0,0
1000000US500199512001028,0,0,0
1000000US500199512001029,0,0,0
1000000US500199512001030,0,0,0
1000000US500199512001031,15,13,2
1000000US500199512001032,0,0,0
1000000US500199512001033,65,62,3
1000000US500199512001034,2,2,0
1000000US500199512001035,1,1,0
1000000US500199512001036,0,0,0
1000000US500199512001037,2,2,0
1000000US500199512001038,1,1,0
1000000US500199512001039,0,0,0
1000000US500199512001040,14,14,0
1000000US500199512001041,0,0,0
1000000US500199512001042,2,2,0
1000000US500199512001043,0,0,0
1000000US500199512001044,0,0,0
1000000US500199512001045,81,75,6
1000000US500199512001046,3,3,0
1000000US500199512001047,7,7,0
1000000US500199512001048,5,5,0
1000000US500199512001049,14,14,0
1000000US500199512001050,0,0,0
1000000US500199512001051,0,0,0
1000000US500199512001052,4,3,1
1000000US500199512001053,0,0,0
1000000US500199512001054,0,0,0
1000000US500199512002000,3,3,0
1000000US500199512002001,1,1,0
1000000US500199512002002,1,1,0
1000000US500199512002003,0,0,0
1000000US500199512002004,0,0,0
1000000US500199512002005,0,0,0
1000000US500199512002006,0,0,0
1000000US500199512002007,0,0,0
1000000US500199512002008,0,0,0
1000000US500199512002009,0,0,0
1000000US500199512002010,2,2,0
1000000US500199512002011,2,2,0
1000000US500199512002012,48,46,2
1000000US500199512002013,12,12,0
1000000US500199512002014,13,12,1
1000000US500199512002015,1,1,0
1000000US500199512002016,13,13,0
1000000US500199512002017,1,1,0
1000000US500199512002018,26,22,4
1000000US500199512002019,0,0,0
1000000US500199512002020,0,0,0
1000000US500199512002021,60,59,1
1000000US500199512002022,28,28,0
1000000US500199512002023,7,6,1
1000000US500199512002024,9,8,1
1000000US500199512002025,11,9,2
1000000US500199512002026,5,2,3
1000000US500199512002027,74,69,5
1000000US500199512002028,2,2,0
1000000US500199512002029,0,0,0
1000000US500199512002030,0,0,0
1000000US500199512002031,10,10,0
1000000US500199512002032,0,0,0
1000000US500199512002033,44,39,5
1000000US500199512002034,0,0,0
1000000US500199512002035,36,36,0
1000000US500199512002036,1,1,0
1000000US500199512002037,17,17,0
1000000US500199512002038,0,0,0
1000000US500199512002039,9,9,0
1000000US500199512002040,5,4,1
1000000US500199512002041,0,0,0
1000000US500199512002042,9,8,1
1000000US500199512002043,9,8,1
1000000US500199512002044,0,0,0
1000000US500199512002045,1,1,0
1000000US500199512003000,0,0,0
1000000US500199512003001,9,8,1
1000000US500199512003002,0,0,0
1000000US500199512003003,4,3,1
1000000US500199512003004,18,10,8
1000000US500199512003005,17,12,5
1000000US500199512003006,17,3,14
1000000US500199512003007,0,0,0
1000000US500199512003008,7,7,0
1000000US500199512003009,19,19,0
1000000US500199512003010,0,0,0
1000000US500199512003011,0,0,0
1000000US500199512003012,59,20,39
1000000US500199512003013,0,0,0
1000000US500199512003014,2,2,0
1000000US500199512003015,2,1,1
1000000US500199512003016,6,5,1
1000000US500199512003017,0,0,0
1000000US500199512003018,0,0,0
1000000US500199512003019,1,0,1
1000000US500199512003020,0,0,0
1000000US500199512003021,38,37,1
1000000US500199512003022,25,24,1
1000000US500199512003023,11,11,0
1000000US500199512003024,0,0,0
1000000US500199512003025,0,0,0
1000000US500199512003026,0,0,0
1000000US500199512003027,7,5,2
1000000US500199512003028,0,0,0
1000000US500199512003029,6,6,0
1000000US500199512003030,0,0,0
1000000US500199512003031,4,3,1
1000000US500199512003032,2,2,0
1000000US500199512003033,0,0,0
1000000US500199512003034,37,3,34
1000000US500199512003035,0,0,0
1000000US500199512003036,0,0,0
1000000US500199512003037,0,0,0
1000000US500199512003038,0,0,0
1000000US500199512003039,7,7,0
1000000US500199512003040,4,3,1
1000000US500199512003041,0,0,0
1000000US500199512003042,6,6,0
1000000US500199512003043,48,39,9
1000000US500199512003044,15,14,1
1000000US500199512003045,0,0,0
1000000US500199512003046,34,31,3
1000000US500199512003047,0,0,0
1000000US500199512003048,36,33,3
1000000US500199512003049,2,0,2
1000000US500199512003050,0,0,0
1000000US500199512003051,1,0,1
1000000US500199512003052,39,35,4
1000000US500199512003053,0,0,0
1000000US500199512003054,6,4,2
1000000US500199512003055,11,3,8
1000000US500199512003056,0,0,0
1000000US500199512003057,0,0,0
1000000US500199512003058,21,6,15
1000000US500199512003059,20,2,18
1000000US500199512003060,1,0,1
1000000US500199512003061,0,0,0
1000000US500199513001000,14,13,1
1000000US500199513001001,0,0,0
1000000US500199513001002,10,9,1
1000000US500199513001003,0,0,0
1000000US500199513001004,9,9,0
1000000US500199513001005,12,8,4
1000000US500199513001006,0,0,0
1000000US500199513001007,16,3,13
1000000US500199513001008,0,0,0
1000000US500199513001009,0,0,0
1000000US500199513001010,5,0,5
1000000US500199513001011,0,0,0
1000000US500199513001012,0,0,0
1000000US500199513001013,12,0,12
1000000US500199513001014,10,1,9
1000000US500199513001015,0,0,0
1000000US500199513001016,0,0,0
1000000US500199513001017,3,0,3
1000000US500199513001018,8,4,4
1000000US500199513001019,0,0,0
1000000US500199513001020,70,48,22
1000000US500199513001021,2,2,0
1000000US500199513001022,5,3,2
1000000US500199513001023,0,0,0
1000000US500199513001024,3,1,2
1000000US500199513001025,0,0,0
1000000US500199513001026,0,0,0
1000000US500199513001027,0,0,0
1000000US500199513001028,0,0,0
1000000US500199513001029,41,39,2
1000000US500199513001030,8,8,0
1000000US500199513001031,0,0,0
1000000US500199513001032,45,44,1
1000000US500199513001033,48,15,33
1000000US500199513001034,0,0,0
1000000US500199513001035,0,0,0
1000000US500199513001036,0,0,0
1000000US500199513001037,6,4,2
1000000US500199513001038,55,53,2
1000000US500199513001039,2,2,0
1000000US500199513001040,0,0,0
1000000US500199513001041,4,4,0
1000000US500199513001042,1,1,0
1000000US500199513001043,34,33,1
1000000US500199513001044,9,9,0
1000000US500199513001045,35,26,9
1000000US500199513001046,23,21,2
1000000US500199513001047,18,16,2
1000000US500199513001048,5,4,1
1000000US500199513001049,17,15,2
1000000US500199513001050,2,2,0
1000000US500199513001051,0,0,0
1000000US500199513001052,0,0,0
1000000US500199513001053,0,0,0
1000000US500199513001054,0,0,0
1000000US500199513001055,0,0,0
1000000US500199513001056,0,0,0
1000000US500199513001057,0,0,0
1000000US500199513001058,0,0,0
1000000US500199513001059,63,55,8
1000000US500199513001060,10,10,0
1000000US500199513001061,11,10,1
1000000US500199513001062,0,0,0
1000000US500199513001063,0,0,0
1000000US500199513001064,0,0,0
1000000US500199513001065,0,0,0
1000000US500199513001066,16,16,0
1000000US500199513001067,0,0,0
1000000US500199513001068,5,5,0
1000000US500199513001069,1,1,0
1000000US500199513001070,0,0,0
1000000US500199513001071,0,0,0
1000000US500199513001072,0,0,0
1000000US500199513001073,6,6,0
1000000US500199513001074,0,0,0
1000000US500199513001075,0,0,0
1000000US500199513001076,0,0,0
1000000US500199513001077,0,0,0
1000000US500199513001078,4,3,1
1000000US500199513001079,0,0,0
1000000US500199513001080,0,0,0
1000000US500199513001081,0,0,0
1000000US500199513001082,0,0,0
1000000US500199513001083,0,0,0
1000000US500199513001084,0,0,0
1000000US500199513001085,1,1,0
1000000US500199513001086,0,0,0
1000000US500199513001087,0,0,0
1000000US500199513001088,3,1,2
1000000US500199513001089,6,6,0
1000000US500199513001090,0,0,0
1000000US500199513001091,0,0,0
1000000US500199513001092,1,1,0
1000000US500199513001093,0,0,0
1000000US500199513001094,10,9,1
1000000US500199513001095,41,39,2
1000000US500199513001096,3,3,0
1000000US500199513001097,22,21,1
1000000US500199513001098,12,11,1
1000000US500199513001099,5,5,0
1000000US500199513001100,0,0,0
1000000US500199513001101,2,2,0
1000000US500199513001102,11,11,0
1000000US500199513001103,0,0,0
1000000US500199513001104,0,0,0
1000000US500199513001105,0,0,0
1000000US500199513001106,0,0,0
1000000US500199513001107,0,0,0
1000000US500199513001108,0,0,0
1000000US500199513001109,0,0,0
1000000US500199513001110,0,0,0
1000000US500199513001111,0,0,0
1000000US500199513001112,0,0,0
1000000US500199513001113,16,14,2
1000000US500199513001114,2,2,0
1000000US500199513001115,12,11,1
1000000US500199513001116,0,0,0
1000000US500199513001117,17,15,2
1000000US500199513001118,0,0,0
1000000US500199513001119,4,4,0
1000000US500199513001120,29,22,7
1000000US500199513001121,0,0,0
1000000US500199513001122,3,3,0
1000000US500199513001123,4,4,0
1000000US500199513001124,0,0,0
1000000US500199513001125,0,0,0
1000000US500199513001126,0,0,0
1000000US500199513001127,0,0,0
1000000US500199513001128,0,0,0
1000000US500199513001129,12,11,1
1000000US500199513001130,3,2,1
1000000US500199513001131,0,0,0
1000000US500199513001132,0,0,0
1000000US500199513001133,0,0,0
1000000US500199513001134,0,0,0
1000000US500199513001135,0,0,0
1000000US500199513001136,8,7,1
1000000US500199513001137,2,1,1
1000000US500199513001138,0,0,0
1000000US500199513001139,32,29,3
1000000US500199513001140,5,5,0
1000000US500199513001141,0,0,0
1000000US500199513001142,0,0,0
1000000US500199513001143,1,0,1
1000000US500199513001144,0,0,0
1000000US500199513001145,4,4,0
1000000US500199513001146,0,0,0
1000000US500199513001147,2,2,0
1000000US500199513001148,0,0,0
1000000US500199513001149,0,0,0
1000000US500199513001150,4,3,1
1000000US500199513001151,13,13,0
1000000US500199514001000,27,27,0
1000000US500199514001001,77,70,7
1000000US500199514001002,17,16,1
1000000US500199514001003,7,7,0
1000000US500199514001004,51,48,3
1000000US500199514001005,0,0,0
1000000US500199514001006,17,17,0
1000000US500199514001007,1,1,0
1000000US500199514001008,5,4,1
1000000US500199514001009,3,3,0
1000000US500199514001010,10,10,0
1000000US500199514001011,0,0,0
1000000US500199514001012,25,20,5
1000000US500199514001013,54,52,2
1000000US500199514001014,28,27,1
1000000US500199514001015,16,16,0
1000000US500199514001016,45,40,5
1000000US500199514001017,0,0,0
1000000US500199514001018,17,15,2
1000000US500199514001019,45,43,2
1000000US500199514001020,0,0,0
1000000US500199514001021,7,7,0
1000000US500199514001022,1,1,0
1000000US500199514001023,0,0,0
1000000US500199514001024,19,16,3
1000000US500199514001025,4,4,0
1000000US500199514001026,1,1,0
1000000US500199514001027,19,18,1
1000000US500199514001028,0,0,0
1000000US500199514001029,18,15,3
1000000US500199514001030,0,0,0
1000000US500199514001031,4,4,0
1000000US500199514001032,6,6,0
1000000US500199514001033,0,0,0
1000000US500199514001034,0,0,0
1000000US500199514001035,0,0,0
1000000US500199514001036,3,3,0
1000000US500199514001037,9,9,0
1000000US500199514001038,0,0,0
1000000US500199514001039,5,5,0
1000000US500199514001040,0,0,0
1000000US500199514001041,0,0,0
1000000US500199514001042,0,0,0
1000000US500199514001043,0,0,0
1000000US500199514001044,0,0,0
1000000US500199514001045,0,0,0
1000000US500199514001046,0,0,0
1000000US500199514001047,0,0,0
1000000US500199514001048,14,12,2
1000000US500199514002000,0,0,0
1000000US500199514002001,38,35,3
1000000US500199514002002,14,13,1
1000000US500199514002003,0,0,0
1000000US500199514002004,0,0,0
1000000US500199514002005,0,0,0
1000000US500199514002006,0,0,0
1000000US500199514002007,0,0,0
1000000US500199514002008,0,0,0
1000000US500199514002009,0,0,0
1000000US500199514002010,0,0,0
1000000US500199514002011,0,0,0
1000000US500199514002012,0,0,0
1000000US500199514002013,0,0,0
1000000US500199514002014,0,0,0
1000000US500199514002015,0,0,0
1000000US500199514002016,0,0,0
1000000US500199514002017,0,0,0
1000000US500199514002018,0,0,0
1000000US500199514002019,0,0,0
1000000US500199514002020,0,0,0
1000000US500199514002021,0,0,0
1000000US500199514002022,0,0,0
1000000US500199514002023,0,0,0
1000000US500199514002024,0,0,0
1000000US500199514002025,0,0,0
1000000US500199514002026,0,0,0
1000000US500199514002027,27,15,12
1000000US500199514002028,0,0,0
1000000US500199514002029,17,13,4
1000000US500199514002030,18,17,1
1000000US500199514002031,15,13,2
1000000US500199514002032,2,2,0
1000000US500199514002033,0,0,0
1000000US500199514002034,20,18,2
1000000US500199514002035,17,12,5
1000000US500199514002036,27,25,2
1000000US500199514002037,2,2,0
1000000US500199514002038,0,0,0
1000000US500199514002039,30,29,1
1000000US500199514002040,10,7,3
1000000US500199514002041,0,0,0
1000000US500199514002042,1,1,0
1000000US500199514002043,0,0,0
1000000US500199514002044,0,0,0
1000000US500199514002045,0,0,0
1000000US500199514002046,0,0,0
1000000US500199514002047,0,0,0
1000000US500199514002048,0,0,0
1000000US500199514002049,0,0,0
1000000US500199514002050,0,0,0
1000000US500199514002051,0,0,0
1000000US500199515001000,0,0,0
1000000US500199515001001,9,9,0
1000000US500199515001002,22,14,8
1000000US500199515001003,10,8,2
1000000US500199515001004,2,2,0
1000000US500199515001005,7,6,1
1000000US500199515001006,0,0,0
1000000US500199515001007,1,1,0
1000000US500199515001008,11,9,2
1000000US500199515001009,8,8,0
1000000US500199515001010,0,0,0
1000000US500199515001011,1,1,0
1000000US500199515001012,6,6,0
1000000US500199515001013,23,21,2
1000000US500199515001014,12,8,4
1000000US500199515001015,20,18,2
1000000US500199515001016,15,14,1
1000000US500199515001017,25,23,2
1000000US500199515001018,13,8,5
1000000US500199515001019,171,143,28
1000000US500199515001020,14,12,2
1000000US500199515001021,90,81,9
1000000US500199515001022,59,55,4
1000000US500199515001023,23,19,4
1000000US500199515001024,86,73,13
1000000US500199515001025,3,3,0
1000000US500199515001026,72,62,10
1000000US500199515001027,45,39,6
1000000US500199515001028,16,13,3
1000000US500199515001029,0,0,0
1000000US500199515001030,0,0,0
1000000US500199515001031,0,0,0
1000000US500199515001032,11,2,9
1000000US500199515001033,0,0,0
1000000US500199515002000,5,3,2
1000000US500199515002001,0,0,0
1000000US500199515002002,5,4,1
1000000US500199515002003,1,1,0
1000000US500199515002004,0,0,0
1000000US500199515002005,31,30,1
1000000US500199515002006,64,44,20
1000000US500199515002007,19,14,5
1000000US500199515002008,12,11,1
1000000US500199515002009,0,0,0
1000000US500199515002010,0,0,0
1000000US500199515002011,1,1,0
1000000US500199515002012,6,0,6
1000000US500199515002013,48,29,19
1000000US500199515002014,79,47,32
1000000US500199515002015,0,0,0
1000000US500199515002016,0,0,0
1000000US500199515002017,0,0,0
1000000US500199515002018,0,0,0
1000000US500199515002019,0,0,0
1000000US500199515002020,0,0,0
1000000US500199515002021,0,0,0
1000000US500199515002022,0,0,0
1000000US500199515002023,12,10,2
1000000US500199515002024,6,6,0
1000000US500199515002025,0,0,0
1000000US500199515002026,0,0,0
1000000US500199515002027,0,0,0
1000000US500199515002028,1,1,0
1000000US500199515002029,7,3,4
1000000US500199515002030,0,0,0
1000000US500199515002031,5,2,3
1000000US500199515002032,1,1,0
1000000US500199515002033,0,0,0
1000000US500199515002034,0,0,0
1000000US500199515002035,1,1,0
1000000US500199515002036,0,0,0
1000000US500199515002037,0,0,0
1000000US500199515002038,0,0,0
1000000US500199515002039,0,0,0
1000000US500199515002040,0,0,0
1000000US500199515002041,0,0,0
1000000US500199515002042,0,0,0
1000000US500199515002043,3,0,3
1000000US500199515002044,1,1,0
1000000US500199515002045,29,26,3
1000000US500199515002046,56,36,20
1000000US500199515002047,36,7,29
1000000US500199515002048,67,56,11
1000000US500199515002049,0,0,0
1000000US500199515002050,11,11,0
1000000US500199515002051,85,83,2
1000000US500199515002052,17,16,1
1000000US500199515002053,7,2,5
1000000US500199515002054,0,0,0
1000000US500199515002055,16,13,3
1000000US500199515002056,0,0,0
1000000US500199515002057,10,10,0
1000000US500199515002058,0,0,0
1000000US500199515002059,0,0,0
1000000US500199515002060,12,9,3
1000000US500199515002061,0,0,0
1000000US500199516001000,0,0,0
1000000US500199516001001,16,2,14
1000000US500199516001002,0,0,0
1000000US500199516001003,38,30,8
1000000US500199516001004,8,2,6
1000000US500199516001005,0,0,0
1000000US500199516001006,0,0,0
1000000US500199516001007,8,7,1
1000000US500199516001008,13,11,2
1000000US500199516001009,6,3,3
1000000US500199516001010,2,2,0
1000000US500199516001011,3,3,0
1000000US500199516001012,0,0,0
1000000US500199516001013,6,3,3
1000000US500199516001014,15,6,9
1000000US500199516001015,0,0,0
1000000US500199516001016,0,0,0
1000000US500199516001017,7,0,7
1000000US500199516001018,0,0,0
1000000US500199516001019,13,5,8
1000000US500199516001020,31,26,5
1000000US500199516001021,3,3,0
1000000US500199516001022,9,9,0
1000000US500199516001023,30,29,1
1000000US500199516001024,1,1,0
1000000US500199516001025,5,5,0
1000000US500199516001026,0,0,0
1000000US500199516001027,1,1,0
1000000US500199516001028,3,3,0
1000000US500199516001029,6,6,0
1000000US500199516001030,0,0,0
1000000US500199516001031,0,0,0
1000000US500199516001032,1,1,0
1000000US500199516001033,0,0,0
1000000US500199516001034,0,0,0
1000000US500199516001035,0,0,0
1000000US500199516001036,0,0,0
1000000US500199516001037,59,45,14
1000000US500199516001038,5,5,0
1000000US500199516001039,2,2,0
1000000US500199516001040,0,0,0
1000000US500199516001041,11,10,1
1000000US500199516001042,15,13,2
1000000US500199516001043,1,1,0
1000000US500199516001044,97,37,60
1000000US500199516001045,2,1,1
1000000US500199516001046,0,0,0
1000000US500199516001047,0,0,0
1000000US500199516001048,0,0,0
1000000US500199516001049,0,0,0
1000000US500199516001050,0,0,0
1000000US500199516001051,3,2,1
1000000US500199516001052,0,0,0
1000000US500199516001053,0,0,0
1000000US500199516001054,9,7,2
1000000US500199516001055,4,4,0
1000000US500199516001056,0,0,0
1000000US500199516001057,22,21,1
1000000US500199516001058,6,5,1
1000000US500199516001059,3,3,0
1000000US500199516001060,6,5,1
1000000US500199516001061,0,0,0
1000000US500199516001062,13,11,2
1000000US500199516001063,23,22,1
1000000US500199516001064,9,8,1
1000000US500199516001065,16,15,1
1000000US500199516001066,11,11,0
1000000US500199516001067,4,4,0
1000000US500199516001068,12,11,1
1000000US500199516001069,4,4,0
1000000US500199516001070,0,0,0
1000000US500199516001071,1,1,0
1000000US500199516001072,1,1,0
1000000US500199516001073,0,0,0
1000000US500199516001074,0,0,0
1000000US500199516002000,9,9,0
1000000US500199516002001,4,3,1
1000000US500199516002002,2,2,0
1000000US500199516002003,9,9,0
1000000US500199516002004,0,0,0
1000000US500199516002005,20,18,2
1000000US500199516002006,3,3,0
1000000US500199516002007,1,1,0
1000000US500199516002008,0,0,0
1000000US500199516002009,12,11,1
1000000US500199516002010,11,11,0
1000000US500199516002011,7,7,0
1000000US500199516002012,25,25,0
1000000US500199516002013,1,1,0
1000000US500199516002014,6,5,1
1000000US500199516002015,0,0,0
1000000US500199516002016,63,49,14
1000000US500199516002017,0,0,0
1000000US500199516002018,6,6,0
1000000US500199516002019,2,1,1
1000000US500199516002020,22,20,2
1000000US500199516002021,34,30,4
1000000US500199516002022,1,1,0
1000000US500199516002023,6,6,0
1000000US500199516002024,0,0,0
1000000US500199516002025,18,14,4
1000000US500199516002026,0,0,0
1000000US500199516002027,17,15,2
1000000US500199516002028,0,0,0
1000000US500199516002029,1,1,0
1000000US500199516002030,0,0,0
1000000US500199516002031,15,6,9
1000000US500199516002032,2,1,1
1000000US500199516002033,7,2,5
1000000US500199516002034,2,0,2
1000000US500199516003000,1,1,0
1000000US500199516003001,6,5,1
1000000US500199516003002,0,0,0
1000000US500199516003003,4,2,2
1000000US500199516003004,0,0,0
1000000US500199516003005,0,0,0
1000000US500199516003006,1,1,0
1000000US500199516003007,0,0,0
1000000US500199516003008,0,0,0
1000000US500199516003009,0,0,0
1000000US500199516003010,0,0,0
1000000US500199516003011,0,0,0
1000000US500199516003012,0,0,0
1000000US500199516003013,0,0,0
1000000US500199516003014,4,4,0
1000000US500199516003015,0,0,0
1000000US500199516003016,0,0,0
1000000US500199516003017,6,5,1
1000000US500199516003018,1,1,0
1000000US500199516003019,0,0,0
1000000US500199516003020,7,7,0
1000000US500199516003021,13,12,1
1000000US500199516003022,0,0,0
1000000US500199516003023,0,0,0
1000000US500199516003024,3,3,0
1000000US500199516003025,6,6,0
1000000US500199516003026,0,0,0
1000000US500199516003027,1,1,0
1000000US500199516003028,29,25,4
1000000US500199516003029,6,4,2
1000000US500199516003030,3,2,1
1000000US500199516003031,2,2,0
1000000US500199516003032,0,0,0
1000000US500199516003033,0,0,0
1000000US500199516003034,0,0,0
1000000US500199516003035,29,24,5
1000000US500199516003036,14,12,2
1000000US500199516003037,4,4,0
1000000US500199516003038,47,41,6
1000000US500199516003039,12,11,1
1000000US500199516003040,0,0,0
1000000US500199516003041,30,28,2
1000000US500199516003042,6,2,4
1000000US500199516003043,14,14,0
1000000US500199516003044,17,14,3
1000000US500199516003045,0,0,0
1000000US500199516003046,18,11,7
1000000US500199516003047,16,14,2
1000000US500199516003048,15,12,3
1000000US500199516003049,0,0,0
1000000US500199516003050,24,18,6
1000000US500199516003051,1,0,1
1000000US500199516003052,0,0,0
1000000US500199516003053,1,1,0
1000000US500199516003054,0,0,0
1000000US500199516003055,1,0,1
1000000US500199516003056,0,0,0
1000000US500199516003057,0,0,0
1000000US500199516003058,6,2,4
1000000US500199516003059,11,9,2
1000000US500199516003060,0,0,0
1000000US500199516003061,51,49,2
1000000US500199516003062,0,0,0
1000000US500199516003063,0,0,0
1000000US500199516003064,1,1,0
1000000US500199516003065,0,0,0
1000000US500199516003066,23,22,1
1000000US500199516003067,0,0,0
1000000US500199516003068,5,5,0
1000000US500199516003069,2,1,1
1000000US500199516003070,0,0,0
1000000US500199516003071,4,2,2
1000000US500199516003072,1,0,1
1000000US500199516003073,1,1,0
1000000US500199516003074,1,1,0
1000000US500199516003075,13,13,0
1000000US500199516003076,0,0,0
1000000US500199516003077,9,8,1
1000000US500199516003078,0,0,0
1000000US500199516004000,2,2,0
1000000US500199516004001,1,1,0
1000000US500199516004002,61,43,18
1000000US500199516004003,6,6,0
1000000US500199516004004,12,11,1
1000000US500199516004005,33,24,9
1000000US500199516004006,4,3,1
1000000US500199516004007,0,0,0
1000000US500199516004008,2,1,1
1000000US500199516004009,0,0,0
1000000US500199516004010,1,1,0
1000000US500199516004011,8,7,1
1000000US500199516004012,1,1,0
1000000US500199516004013,0,0,0
1000000US500199516004014,0,0,0
1000000US500199516004015,0,0,0
1000000US500199516004016,2,1,1
1000000US500199516004017,0,0,0
1000000US500199516004018,0,0,0
1000000US500199516004019,12,10,2
1000000US500199516004020,1,0,1
1000000US500199516004021,0,0,0
1000000US500199516004022,3,3,0
1000000US500199516004023,0,0,0
1000000US500199516004024,0,0,0
1000000US500199516004025,5,2,3
1000000US500199516004026,7,7,0
1000000US500199516004027,6,5,1
1000000US500199516004028,10,6,4
1000000US500199516004029,40,36,4
1000000US500199516004030,9,6,3
1000000US500199516004031,8,8,0
1000000US500199516004032,2,1,1
1000000US500199516004033,0,0,0
1000000US500199516004034,22,18,4
1000000US500199516004035,5,2,3
1000000US500199516004036,0,0,0
1000000US500199516004037,34,29,5
1000000US500199516004038,5,4,1
1000000US500199516004039,0,0,0
1000000US500199516004040,0,0,0
1000000US500199516004041,0,0,0
1000000US500199516004042,0,0,0
1000000US500199516004043,0,0,0
1000000US500199516004044,5,3,2
1000000US500199516004045,2,2,0
1000000US500199516004046,0,0,0
1000000US500199516004047,0,0,0
1000000US500199516004048,3,0,3
1000000US500199516004049,1,0,1
1000000US500199516004050,13,12,1
1000000US500199516004051,0,0,0
1000000US500199516004052,17,13,4
1000000US500199516004053,14,7,7
1000000US500199516004054,1,1,0
1000000US500199516004055,0,0,0
1000000US500199516004056,3,2,1
1000000US500199516004057,6,6,0
1000000US500199516004058,2,1,1
1000000US500199516004059,1,1,0
1000000US500199516004060,0,0,0
1000000US500199516005000,2,1,1
1000000US500199516005001,1,1,0
1000000US500199516005002,31,19,12
1000000US500199516005003,1,1,0
1000000US500199516005004,0,0,0
1000000US500199516005005,1,1,0
1000000US500199516005006,0,0,0
1000000US500199516005007,1,0,1
1000000US500199516005008,0,0,0
1000000US500199516005009,5,1,4
1000000US500199516005010,0,0,0
1000000US500199516005011,2,1,1
1000000US500199516005012,43,25,18
1000000US500199516005013,2,2,0
1000000US500199516005014,0,0,0
1000000US500199516005015,1,1,0
1000000US500199516005016,336,53,283
1000000US500199516005017,0,0,0
1000000US500199516005018,36,0,36
1000000US500199516005019,9,5,4
1000000US500199516005020,0,0,0
1000000US500199516005021,0,0,0
1000000US500199516005022,12,2,10
1000000US500199516005023,0,0,0
1000000US500199516005024,0,0,0
1000000US500199516005025,14,12,2
1000000US500199516005026,3,0,3
1000000US500199516005027,12,8,4
1000000US500199516005028,0,0,0
1000000US500199516005029,0,0,0
1000000US500199516005030,2,2,0
1000000US500199516005031,0,0,0
1000000US500199516005032,0,0,0
1000000US500199516005033,0,0,0
1000000US500199516005034,0,0,0
1000000US500199516005035,3,3,0
1000000US500199516005036,1,1,0
1000000US500199516005037,7,3,4
1000000US500199516005038,10,1,9
1000000US500199516005039,0,0,0
1000000US500199516005040,0,0,0
1000000US500199516005041,3,1,2
1000000US500199516005042,5,5,0
1000000US500199516005043,15,10,5
1000000US500199516005044,2,2,0
1000000US500199516005045,0,0,0
1000000US500199516005046,0,0,0
1000000US500199516005047,0,0,0
1000000US500199516005048,1,1,0
1000000US500199516005049,7,5,2
1000000US500199516005050,22,14,8
1000000US500199516005051,58,22,36
1000000US500199516005052,4,2,2
1000000US500199516005053,0,0,0
1000000US500199516005054,0,0,0
1000000US500199516005055,3,0,3
1000000US500199516005056,1,0,1
1000000US500199516005057,0,0,0
1000000US500199516005058,0,0,0
1000000US500199516005059,7,5,2
1000000US500199516005060,5,2,3
1000000US500199516005061,0,0,0
1000000US500199516005062,16,10,6
1000000US500199516005063,0,0,0
1000000US500199516005064,14,11,3
1000000US500199516005065,10,8,2
1000000US500199516005066,0,0,0
1000000US500199516005067,2,1,1
1000000US500199516005068,91,54,37
1000000US500199516005069,0,0,0
1000000US500199516005070,0,0,0
1000000US500199516005071,0,0,0
1000000US500199516005072,11,6,5
1000000US500199516005073,37,6,31
1000000US500199516005074,5,4,1
1000000US500199516005075,8,5,3
1000000US500199516005076,10,3,7
1000000US500199516005077,2,1,1
1000000US500199516005078,9,9,0
1000000US500199516005079,16,4,12
1000000US500199516005080,0,0,0
1000000US500199516005081,9,2,7
1000000US500199516005082,33,27,6
1000000US500199516005083,0,0,0
1000000US500199516005084,3,3,0
1000000US500199516005085,2,2,0
1000000US500199516005086,1,0,1
1000000US500199516005087,0,0,0
1000000US500199516005088,5,3,2
1000000US500199516005089,11,1,10
1000000US500199516005090,1,0,1
1000000US500199516005091,2,1,1
1000000US500199516005092,0,0,0
1000000US500199516005093,0,0,0
1000000US500199516005094,15,14,1
1000000US500199516005095,2,2,0
1000000US500199516005096,3,3,0
1000000US500199516005097,0,0,0
1000000US500199516005098,0,0,0
1000000US500199516005099,0,0,0
1000000US500199516005100,0,0,0
1000000US500199516005101,0,0,0
1000000US500199516005102,2,0,2
1000000US500199516005103,0,0,0
1000000US500199516005104,0,0,0
1000000US500199516005105,2,2,0
1000000US500199516005106,1,1,0
1000000US500199516005107,0,0,0
1000000US500199516005108,2,2,0
1000000US500199516005109,11,11,0
1000000US500199516005110,7,5,2
1000000US500199516005111,15,13,2
1000000US500199516005112,0,0,0
1000000US500199516005113,5,3,2
1000000US500199516005114,0,0,0
1000000US500199516005115,0,0,0
1000000US500199516005116,10,8,2
1000000US500199516005117,0,0,0
1000000US500199516005118,8,6,2
1000000US500199516005119,0,0,0
1000000US500199516005120,4,3,1
1000000US500199516005121,4,3,1
1000000US500199516005122,0,0,0
1000000US500199516005123,0,0,0
1000000US500199516005124,0,0,0
1000000US500199516005125,1,1,0
1000000US500199516005126,0,0,0
1000000US500199516005127,0,0,0
1000000US500199516005128,0,0,0
1000000US500199517001000,0,0,0
1000000US500199517001001,1,0,1
1000000US500199517001002,0,0,0
1000000US500199517001003,10,4,6
1000000US500199517001004,4,0,4
1000000US500199517001005,22,13,9
1000000US500199517001006,0,0,0
1000000US500199517001007,22,12,10
1000000US500199517001008,21,8,13
1000000US500199517001009,1,0,1
1000000US500199517001010,10,6,4
1000000US500199517001011,4,2,2
1000000US500199517001012,1,1,0
1000000US500199517001013,0,0,0
1000000US500199517001014,2,2,0
1000000US500199517001015,12,11,1
1000000US500199517001016,21,19,2
1000000US500199517001017,5,3,2
1000000US500199517001018,0,0,0
1000000US500199517001019,0,0,0
1000000US500199517001020,0,0,0
1000000US500199517001021,56,23,33
1000000US500199517001022,2,1,1
1000000US500199517001023,0,0,0
1000000US500199517001024,1,0,1
1000000US500199517001025,2,2,0
1000000US500199517001026,0,0,0
1000000US500199517001027,2,2,0
1000000US500199517001028,17,14,3
1000000US500199517001029,6,5,1
1000000US500199517001030,6,6,0
1000000US500199517001031,0,0,0
1000000US500199517001032,0,0,0
1000000US500199517001033,9,7,2
1000000US500199517001034,11,10,1
1000000US500199517001035,0,0,0
1000000US500199517001036,2,1,1
1000000US500199517001037,4,4,0
1000000US500199517001038,5,2,3
1000000US500199517001039,14,9,5
1000000US500199517001040,4,3,1
1000000US500199517001041,8,5,3
1000000US500199517001042,0,0,0
1000000US500199517001043,3,2,1
1000000US500199517001044,2,2,0
1000000US500199517001045,3,2,1
1000000US500199517001046,31,20,11
1000000US500199517001047,0,0,0
1000000US500199517001048,0,0,0
1000000US500199517001049,1,0,1
1000000US500199517001050,0,0,0
1000000US500199517001051,14,10,4
1000000US500199517001052,29,23,6
1000000US500199517001053,0,0,0
1000000US500199517001054,6,5,1
1000000US500199517001055,7,6,1
1000000US500199517001056,8,6,2
1000000US500199517001057,0,0,0
1000000US500199517001058,11,9,2
1000000US500199517001059,17,15,2
1000000US500199517001060,14,7,7
1000000US500199517001061,44,29,15
1000000US500199517001062,1,1,0
1000000US500199517001063,1,1,0
1000000US500199517001064,2,1,1
1000000US500199517001065,5,5,0
1000000US500199517001066,1,1,0
1000000US500199517001067,11,10,1
1000000US500199517001068,4,3,1
1000000US500199517001069,0,0,0
1000000US500199517001070,0,0,0
1000000US500199517001071,0,0,0
1000000US500199517001072,2,1,1
1000000US500199517001073,2,2,0
1000000US500199517001074,3,2,1
1000000US500199517001075,2,2,0
1000000US500199517002000,0,0,0
1000000US500199517002001,11,10,1
1000000US500199517002002,13,12,1
1000000US500199517002003,11,10,1
1000000US500199517002004,2,1,1
1000000US500199517002005,18,16,2
1000000US500199517002006,0,0,0
1000000US500199517002007,2,2,0
1000000US500199517002008,0,0,0
1000000US500199517002009,0,0,0
1000000US500199517002010,0,0,0
1000000US500199517002011,0,0,0
1000000US500199517002012,26,24,2
1000000US500199517002013,0,0,0
1000000US500199517002014,0,0,0
1000000US500199517002015,0,0,0
1000000US500199517002016,0,0,0
1000000US500199517002017,0,0,0
1000000US500199517002018,4,2,2
1000000US500199517002019,6,5,1
1000000US500199517002020,19,19,0
1000000US500199517002021,7,5,2
1000000US500199517002022,0,0,0
1000000US500199517002023,0,0,0
1000000US500199517002024,0,0,0
1000000US500199517002025,0,0,0
1000000US500199517002026,1,1,0
1000000US500199517002027,4,3,1
1000000US500199517002028,20,17,3
1000000US500199517002029,2,2,0
1000000US500199517002030,0,0,0
1000000US500199517002031,0,0,0
1000000US500199517002032,1,1,0
1000000US500199517002033,0,0,0
1000000US500199517002034,0,0,0
1000000US500199517002035,0,0,0
1000000US500199517002036,0,0,0
1000000US500199517002037,0,0,0
1000000US500199517002038,0,0,0
1000000US500199517002039,15,13,2
1000000US500199517002040,0,0,0
1000000US500199517002041,9,5,4
1000000US500199517002042,0,0,0
1000000US500199517002043,2,1,1
1000000US500199517002044,1,1,0
1000000US500199517002045,21,13,8
1000000US500199517002046,1,1,0
1000000US500199517002047,0,0,0
1000000US500199517002048,8,3,5
1000000US500199517002049,30,21,9
1000000US500199517002050,0,0,0
1000000US500199517002051,0,0,0
1000000US500199517002052,0,0,0
1000000US500199517002053,0,0,0
1000000US500199517002054,2,1,1
1000000US500199517002055,0,0,0
1000000US500199517002056,25,20,5
1000000US500199517002057,13,11,2
1000000US500199517002058,0,0,0
1000000US500199517002059,0,0,0
1000000US500199517002060,0,0,0
1000000US500199517002061,16,16,0
1000000US500199517002062,21,17,4
1000000US500199517002063,0,0,0
1000000US500199517002064,9,9,0
1000000US500199517002065,6,5,1
1000000US500199517002066,0,0,0
1000000US500199517002067,3,3,0
1000000US500199517002068,1,1,0
1000000US500199517002069,2,2,0
1000000US500199517002070,22,21,1
1000000US500199517002071,1,1,0
1000000US500199517002072,1,1,0
1000000US500199517002073,23,19,4
1000000US500199517002074,9,9,0
1000000US500199517002075,19,16,3
1000000US500199517002076,0,0,0
1000000US500199517002077,0,0,0
1000000US500199517002078,51,48,3
1000000US500199517002079,8,6,2
1000000US500199517002080,2,2,0
1000000US500199517002081,0,0,0
1000000US500199517002082,2,2,0
1000000US500199517002083,10,10,0
1000000US500199517002084,0,0,0
1000000US500199517002085,0,0,0
1000000US500199517002086,4,4,0
1000000US500199517002087,11,10,1
1000000US500199517002088,0,0,0
1000000US500199517002089,0,0,0
1000000US500199517002090,27,23,4
1000000US500199517002091,12,12,0
1000000US500199517002092,1,0,1
1000000US500199517002093,0,0,0
1000000US500199517002094,0,0,0
1000000US500199517002095,0,0,0
1000000US500199517002096,0,0,0
1000000US500199517002097,1,0,1
1000000US500199517002098,0,0,0
1000000US500199517002099,0,0,0
1000000US500199517002100,0,0,0
1000000US500199517002101,0,0,0
1000000US500199517002102,0,0,0
1000000US500199517002103,0,0,0
1000000US500199517002104,0,0,0
1000000US500199517002105,1,1,0
1000000US500199517002106,0,0,0
1000000US500199517002107,0,0,0
1000000US500199517002108,0,0,0
1000000US500199517002109,0,0,0
1000000US500199517002110,2,2,0
1000000US500199517002111,0,0,0
1000000US500199517002112,0,0,0
1000000US500199517002113,2,2,0
1000000US500199517003000,21,17,4
1000000US500199517003001,0,0,0
1000000US500199517003002,0,0,0
1000000US500199517003003,2,2,0
1000000US500199517003004,0,0,0
1000000US500199517003005,0,0,0
1000000US500199517003006,0,0,0
1000000US500199517003007,34,29,5
1000000US500199517003008,1,1,0
1000000US500199517003009,0,0,0
1000000US500199517003010,2,1,1
1000000US500199517003011,0,0,0
1000000US500199517003012,0,0,0
1000000US500199517003013,3,3,0
1000000US500199517003014,40,31,9
1000000US500199517003015,3,1,2
1000000US500199517003016,0,0,0
1000000US500199517003017,7,4,3
1000000US500199517003018,5,4,1
1000000US500199517003019,3,0,3
1000000US500199517003020,0,0,0
1000000US500199517003021,23,16,7
1000000US500199517003022,0,0,0
1000000US500199517003023,0,0,0
1000000US500199517003024,12,7,5
1000000US500199517003025,3,3,0
1000000US500199517003026,0,0,0
1000000US500199517003027,1,1,0
1000000US500199517003028,0,0,0
1000000US500199517003029,0,0,0
1000000US500199517003030,0,0,0
1000000US500199517003031,11,10,1
1000000US500199517003032,59,44,15
1000000US500199517003033,24,23,1
1000000US500199517003034,1,1,0
1000000US500199517003035,51,32,19
1000000US500199517003036,24,19,5
1000000US500199517003037,2,1,1
1000000US500199517003038,0,0,0
1000000US500199517003039,0,0,0
1000000US500199517003040,0,0,0
1000000US500199517003041,0,0,0
1000000US500199517003042,0,0,0
1000000US500199517003043,0,0,0
1000000US500199517003044,17,8,9
1000000US500199517003045,0,0,0
1000000US500199517003046,0,0,0
1000000US500199517003047,3,1,2
1000000US500199517003048,1,1,0
1000000US500199517003049,7,6,1
1000000US500199517003050,0,0,0
1000000US500199517003051,1,1,0
1000000US500199517003052,2,2,0
1000000US500199517003053,0,0,0
1000000US500199517003054,0,0,0
1000000US500199517003055,12,11,1
1000000US500199517003056,0,0,0
1000000US500199517003057,0,0,0
1000000US500199517003058,9,7,2
1000000US500199517003059,11,10,1
1000000US500199517003060,1,1,0
1000000US500199517003061,3,3,0
1000000US500199517003062,0,0,0
1000000US500199517003063,0,0,0
1000000US500199517003064,0,0,0
1000000US500199517003065,1,1,0
1000000US500199517003066,0,0,0
1000000US500199517003067,0,0,0
1000000US500199517003068,0,0,0
1000000US500199517003069,0,0,0
1000000US500199517003070,31,27,4
1000000US500199517003071,15,14,1
1000000US500199517003072,8,7,1
1000000US500199517003073,10,8,2
1000000US500199517003074,5,5,0
1000000US500199517003075,15,11,4
1000000US500199517003076,2,2,0
1000000US500199517003077,2,2,0
1000000US500199517003078,3,1,2
1000000US500199517003079,1,1,0
1000000US500199517003080,5,3,2
1000000US500199517003081,0,0,0
1000000US500199517003082,0,0,0
1000000US500199517003083,0,0,0
1000000US500199517003084,0,0,0
1000000US500199517003085,0,0,0
1000000US500199517003086,1,1,0
1000000US500199517003087,13,11,2
1000000US500199517004000,0,0,0
1000000US500199517004001,3,1,2
1000000US500199517004002,0,0,0
1000000US500199517004003,2,1,1
1000000US500199517004004,5,2,3
1000000US500199517004005,1,1,0
1000000US500199517004006,0,0,0
1000000US500199517004007,12,10,2
1000000US500199517004008,24,6,18
1000000US500199517004009,0,0,0
1000000US500199517004010,0,0,0
1000000US500199517004011,27,15,12
1000000US500199517004012,0,0,0
1000000US500199517004013,0,0,0
1000000US500199517004014,0,0,0
1000000US500199517004015,1,1,0
1000000US500199517004016,1,0,1
1000000US500199517004017,0,0,0
1000000US500199517004018,0,0,0
1000000US500199517004019,0,0,0
1000000US500199517004020,3,1,2
1000000US500199517004021,76,56,20
1000000US500199517004022,2,2,0
1000000US500199517004023,1,0,1
1000000US500199517004024,2,1,1
1000000US500199517004025,1,1,0
1000000US500199517004026,1,1,0
1000000US500199517004027,0,0,0
1000000US500199517004028,2,1,1
1000000US500199517004029,0,0,0
1000000US500199517004030,5,4,1
1000000US500199517004031,0,0,0
1000000US500199517004032,0,0,0
1000000US500199517004033,3,2,1
1000000US500199517004034,9,7,2
1000000US500199517004035,0,0,0
1000000US500199517004036,1,1,0
1000000US500199517004037,0,0,0
1000000US500199517004038,0,0,0
1000000US500199517004039,0,0,0
1000000US500199517004040,45,35,10
1000000US500199517004041,0,0,0
1000000US500199517004042,5,4,1
1000000US500199517004043,9,9,0
1000000US500199517004044,2,1,1
1000000US500199517004045,0,0,0
1000000US500199517004046,0,0,0
1000000US500199517004047,0,0,0
1000000US500199517004048,0,0,0
1000000US500199517004049,3,3,0
1000000US500199517004050,0,0,0
1000000US500199517004051,14,12,2
1000000US500199517004052,0,0,0
1000000US500199517004053,9,7,2
1000000US500199517004054,0,0,0
1000000US500199517004055,1,1,0
1000000US500199517004056,3,3,0
1000000US500199517004057,2,1,1
1000000US500199517004058,30,25,5
1000000US500199517004059,3,3,0
1000000US500199517004060,0,0,0
1000000US500199517004061,2,1,1
1000000US500199517004062,36,29,7
1000000US500199517004063,0,0,0
1000000US500199517004064,0,0,0
1000000US500199517004065,17,16,1
1000000US500199517004066,9,5,4
1000000US500199517004067,1,1,0
1000000US500199517004068,2,2,0
1000000US500199517004069,7,7,0
1000000US500199517004070,33,29,4
1000000US500199517004071,1,1,0
1000000US500199517004072,8,8,0
1000000US500199517004073,0,0,0
1000000US500199517004074,4,3,1
1000000US500199517004075,12,11,1
1000000US500199517004076,1,0,1
1000000US500199517004077,11,8,3
1000000US500199517004078,0,0,0
1000000US500199517004079,0,0,0
1000000US500199517004080,0,0,0
1000000US500199517004081,0,0,0
1000000US500199517004082,0,0,0
1000000US500199517004083,3,1,2
1000000US500199517004084,1,0,1
1000000US500199517004085,1,1,0
1000000US500199517004086,7,3,4
1000000US500199517004087,4,4,0
1000000US500199517004088,0,0,0
1000000US500199517004089,0,0,0
1000000US500199517004090,0,0,0
1000000US500199517004091,0,0,0
1000000US500199517004092,6,3,3
1000000US500199517004093,2,2,0
1000000US500199517004094,27,20,7
1000000US500199517004095,0,0,0
1000000US500199517004096,0,0,0
1000000US500199517004097,3,3,0
1000000US500199517004098,4,4,0
1000000US500199517004099,27,23,4
1000000US500199517004100,0,0,0
1000000US500199517004101,0,0,0
1000000US500199517004102,7,7,0
1000000US500199517004103,6,5,1
1000000US500199517004104,3,3,0
1000000US500199517004105,6,6,0
1000000US500199517004106,2,2,0
1000000US500199517004107,13,13,0
1000000US500199517004108,6,6,0
1000000US500199517004109,25,21,4
1000000US500199517004110,0,0,0
1000000US500199517004111,18,15,3
1000000US500199517004112,2,2,0
1000000US500199517004113,1,1,0
1000000US500199517004114,20,17,3
1000000US500199517004115,2,1,1
1000000US500199517004116,0,0,0
1000000US500199518001000,8,7,1
1000000US500199518001001,8,6,2
1000000US500199518001002,12,9,3
1000000US500199518001003,10,9,1
1000000US500199518001004,0,0,0
1000000US500199518001005,4,4,0
1000000US500199518001006,1,1,0
1000000US500199518001007,0,0,0
1000000US500199518001008,0,0,0
1000000US500199518001009,0,0,0
1000000US500199518001010,0,0,0
1000000US500199518001011,27,21,6
1000000US500199518001012,2,1,1
1000000US500199518001013,44,39,5
1000000US500199518001014,5,3,2
1000000US500199518001015,9,7,2
1000000US500199518001016,9,6,3
1000000US500199518001017,6,4,2
1000000US500199518001018,0,0,0
1000000US500199518001019,3,2,1
1000000US500199518001020,11,11,0
1000000US500199518001021,0,0,0
1000000US500199518001022,17,14,3
1000000US500199518001023,54,41,13
1000000US500199518001024,3,3,0
1000000US500199518001025,6,3,3
1000000US500199518001026,14,3,11
1000000US500199518001027,30,9,21
1000000US500199518001028,0,0,0
1000000US500199518001029,0,0,0
1000000US500199518001030,0,0,0
1000000US500199518001031,0,0,0
1000000US500199518001032,0,0,0
1000000US500199518001033,1,1,0
1000000US500199518001034,0,0,0
1000000US500199518001035,1,1,0
1000000US500199518001036,79,54,25
1000000US500199518001037,1,1,0
1000000US500199518001038,29,2,27
1000000US500199518001039,5,4,1
1000000US500199518001040,0,0,0
1000000US500199518001041,0,0,0
1000000US500199518001042,0,0,0
1000000US500199518001043,0,0,0
1000000US500199518001044,0,0,0
1000000US500199518001045,2,2,0
1000000US500199518001046,5,1,4
1000000US500199518001047,0,0,0
1000000US500199518001048,0,0,0
1000000US500199518001049,0,0,0
1000000US500199518001050,1,0,1
1000000US500199518001051,0,0,0
1000000US500199518001052,0,0,0
1000000US500199518001053,0,0,0
1000000US500199518001054,0,0,0
1000000US500199518001055,0,0,0
1000000US500199518001056,28,5,23
1000000US500199518001057,0,0,0
1000000US500199518001058,0,0,0
1000000US500199518001059,4,2,2
1000000US500199518001060,0,0,0
1000000US500199518001061,2,2,0
1000000US500199518001062,2,2,0
1000000US500199518001063,6,4,2
1000000US500199518001064,13,13,0
1000000US500199518001065,7,5,2
1000000US500199518001066,14,11,3
1000000US500199518001067,17,17,0
1000000US500199518001068,6,6,0
1000000US500199518001069,0,0,0
1000000US500199518001070,4,2,2
1000000US500199518001071,0,0,0
1000000US500199518001072,0,0,0
1000000US500199518001073,1,0,1
1000000US500199518002000,0,0,0
1000000US500199518002001,7,7,0
1000000US500199518002002,0,0,0
1000000US500199518002003,0,0,0
1000000US500199518002004,5,5,0
1000000US500199518002005,0,0,0
1000000US500199518002006,0,0,0
1000000US500199518002007,0,0,0
1000000US500199518002008,0,0,0
1000000US500199518002009,1,1,0
1000000US500199518002010,0,0,0
1000000US500199518002011,50,47,3
1000000US500199518002012,0,0,0
1000000US500199518002013,0,0,0
1000000US500199518002014,0,0,0
1000000US500199518002015,0,0,0
1000000US500199518002016,0,0,0
1000000US500199518002017,0,0,0
1000000US500199518002018,17,12,5
1000000US500199518002019,67,61,6
1000000US500199518002020,0,0,0
1000000US500199518002021,0,0,0
1000000US500199518002022,0,0,0
1000000US500199518002023,1,1,0
1000000US500199518002024,0,0,0
1000000US500199518002025,0,0,0
1000000US500199518002026,0,0,0
1000000US500199518002027,0,0,0
1000000US500199518002028,0,0,0
1000000US500199518002029,0,0,0
1000000US500199518002030,0,0,0
1000000US500199518002031,0,0,0
1000000US500199518002032,0,0,0
1000000US500199518002033,0,0,0
1000000US500199518002034,0,0,0
1000000US500199518002035,14,14,0
1000000US500199518002036,9,9,0
1000000US500199518002037,2,2,0
1000000US500199518002038,16,11,5
1000000US500199518002039,9,7,2
1000000US500199518002040,0,0,0
1000000US500199518002041,2,2,0
1000000US500199518002042,0,0,0
1000000US500199518002043,0,0,0
1000000US500199518002044,0,0,0
1000000US500199518002045,0,0,0
1000000US500199518002046,33,29,4
1000000US500199518002047,7,5,2
1000000US500199518002048,0,0,0
1000000US500199518002049,28,24,4
1000000US500199518002050,10,8,2
1000000US500199518002051,0,0,0
1000000US500199518002052,0,0,0
1000000US500199518002053,0,0,0
1000000US500199518002054,0,0,0
1000000US500199518002055,0,0,0
1000000US500199518002056,0,0,0
1000000US500199518002057,2,2,0
1000000US500199518002058,7,6,1
1000000US500199518002059,2,2,0
1000000US500199518002060,9,8,1
1000000US500199518002061,1,1,0
1000000US500199518002062,12,11,1
1000000US500199518002063,6,5,1
1000000US500199518002064,6,5,1
1000000US500199518002065,17,12,5
1000000US500199518002066,13,13,0
1000000US500199518002067,31,26,5
1000000US500199518002068,34,31,3
1000000US500199518002069,1,1,0
1000000US500199518002070,0,0,0
1000000US500199518002071,0,0,0
1000000US500199518002072,0,0,0
1000000US500199518002073,0,0,0
1000000US500199518002074,0,0,0
1000000US500199518002075,0,0,0
1000000US500199518002076,0,0,0
1000000US500199518002077,0,0,0
1000000US500199518002078,0,0,0
1000000US500199518002079,2,2,0
1000000US500199518002080,1,0,1
1000000US500199518002081,7,5,2
1000000US500199518002082,13,11,2
1000000US500199518002083,19,14,5
1000000US500199518002084,1,0,1
1000000US500199518002085,0,0,0
1000000US500199518002086,0,0,0
1000000US500199518002087,0,0,0
1000000US500199518002088,0,0,0
1000000US500199518002089,2,2,0
1000000US500199518002090,0,0,0
1000000US500199518003000,2,2,0
1000000US500199518003001,0,0,0
1000000US500199518003002,0,0,0
1000000US500199518003003,0,0,0
1000000US500199518003004,0,0,0
1000000US500199518003005,5,5,0
1000000US500199518003006,0,0,0
1000000US500199518003007,2,2,0
1000000US500199518003008,6,5,1
1000000US500199518003009,0,0,0
1000000US500199518003010,1,1,0
1000000US500199518003011,0,0,0
1000000US500199518003012,8,6,2
1000000US500199518003013,3,2,1
1000000US500199518003014,0,0,0
1000000US500199518003015,4,4,0
1000000US500199518003016,0,0,0
1000000US500199518003017,10,8,2
1000000US500199518003018,3,3,0
1000000US500199518003019,0,0,0
1000000US500199518003020,0,0,0
1000000US500199518003021,0,0,0
1000000US500199518003022,8,8,0
1000000US500199518003023,1,1,0
1000000US500199518003024,2,1,1
1000000US500199518003025,0,0,0
1000000US500199518003026,0,0,0
1000000US500199518003027,0,0,0
1000000US500199518003028,20,18,2
1000000US500199518003029,5,5,0
1000000US500199518003030,15,12,3
1000000US500199518003031,0,0,0
1000000US500199518003032,2,2,0
1000000US500199518003033,0,0,0
1000000US500199518003034,26,24,2
1000000US500199518003035,6,6,0
1000000US500199518003036,0,0,0
1000000US500199518003037,3,2,1
1000000US500199518003038,16,13,3
1000000US500199518003039,2,2,0
1000000US500199518003040,7,3,4
1000000US500199518003041,0,0,0
1000000US500199518003042,24,14,10
1000000US500199518003043,1,1,0
1000000US500199518003044,2,2,0
1000000US500199518003045,0,0,0
1000000US500199518003046,2,2,0
1000000US500199518003047,0,0,0
1000000US500199518003048,0,0,0
1000000US500199518003049,12,8,4
1000000US500199518003050,3,3,0
1000000US500199518003051,0,0,0
1000000US500199518003052,9,8,1
1000000US500199518003053,1,1,0
1000000US500199518003054,1,1,0
1000000US500199518003055,0,0,0
1000000US500199518003056,0,0,0
1000000US500199518003057,0,0,0
1000000US500199518003058,13,12,1
1000000US500199518003059,2,0,2
1000000US500199518003060,24,23,1
1000000US500199518003061,0,0,0
1000000US500199518003062,1,0,1
1000000US500199518003063,0,0,0
1000000US500199518003064,32,27,5
1000000US500199518003065,24,22,2
1000000US500199518003066,0,0,0
1000000US500199518003067,2,2,0
1000000US500199518003068,1,1,0
1000000US500199518003069,23,17,6
1000000US500199518003070,0,0,0
1000000US500199518003071,9,8,1
1000000US500199518003072,16,13,3
1000000US500199518003073,29,19,10
1000000US500199518003074,19,15,4
1000000US500199518003075,6,1,5
1000000US500199518003076,0,0,0
1000000US500199518003077,16,11,5
1000000US500199518003078,0,0,0
1000000US500199518003079,0,0,0
1000000US500199518003080,0,0,0
1000000US500199518003081,0,0,0
1000000US500199518003082,0,0,0
1000000US500199518003083,0,0,0
1000000US500199518003084,0,0,0
1000000US500199518003085,10,9,1
1000000US500199518003086,0,0,0
1000000US500199518003087,1,0,1
1000000US500199518003088,0,0,0
1000000US500199518003089,0,0,0
1000000US500199518003090,11,9,2
1000000US500199518003091,1,1,0
1000000US500199518003092,2,0,2
1000000US500199518003093,7,7,0
1000000US500199518003094,1,1,0
1000000US500199518003095,3,2,1
1000000US500199518003096,0,0,0
1000000US500199518003097,54,43,11
1000000US500199518003098,10,10,0
1000000US500199518003099,20,19,1
1000000US500199518003100,0,0,0
1000000US500199518003101,0,0,0
1000000US500199518003102,1,1,0
1000000US500199518003103,0,0,0
1000000US500199518003104,1,1,0
1000000US500199518003105,1,0,1
1000000US500199518003106,0,0,0
1000000US500199518003107,0,0,0
1000000US500199518003108,0,0,0
1000000US500199518003109,0,0,0
1000000US500199518003110,2,2,0
1000000US500199518003111,1,1,0
1000000US500199518003112,1,0,1
1000000US500199518003113,0,0,0
1000000US500199518003114,0,0,0
1000000US500199518003115,0,0,0
1000000US500199519001000,5,5,0
1000000US500199519001001,3,3,0
1000000US500199519001002,2,1,1
1000000US500199519001003,1,1,0
1000000US500199519001004,19,19,0
1000000US500199519001005,0,0,0
1000000US500199519001006,29,29,0
1000000US500199519001007,0,0,0
1000000US500199519001008,4,4,0
1000000US500199519001009,0,0,0
1000000US500199519001010,76,73,3
1000000US500199519001011,3,3,0
1000000US500199519001012,0,0,0
1000000US500199519001013,0,0,0
1000000US500199519001014,0,0,0
1000000US500199519001015,1,1,0
1000000US500199519001016,0,0,0
1000000US500199519001017,0,0,0
1000000US500199519001018,7,6,1
1000000US500199519001019,49,39,10
1000000US500199519001020,0,0,0
1000000US500199519001021,3,3,0
1000000US500199519001022,0,0,0
1000000US500199519001023,0,0,0
1000000US500199519001024,0,0,0
1000000US500199519001025,0,0,0
1000000US500199519001026,0,0,0
1000000US500199519001027,0,0,0
1000000US500199519001028,0,0,0
1000000US500199519001029,0,0,0
1000000US500199519001030,0,0,0
1000000US500199519001031,29,25,4
1000000US500199519001032,0,0,0
1000000US500199519001033,0,0,0
1000000US500199519001034,0,0,0
1000000US500199519001035,17,13,4
1000000US500199519001036,0,0,0
1000000US500199519001037,0,0,0
1000000US500199519001038,0,0,0
1000000US500199519001039,0,0,0
1000000US500199519001040,0,0,0
1000000US500199519001041,6,6,0
1000000US500199519001042,5,3,2
1000000US500199519001043,0,0,0
1000000US500199519001044,0,0,0
1000000US500199519001045,3,3,0
1000000US500199519001046,0,0,0
1000000US500199519001047,0,0,0
1000000US500199519001048,0,0,0
1000000US500199519001049,0,0,0
1000000US500199519001050,0,0,0
1000000US500199519001051,0,0,0
1000000US500199519001052,0,0,0
1000000US500199519001053,0,0,0
1000000US500199519001054,0,0,0
1000000US500199519001055,0,0,0
1000000US500199519001056,8,8,0
1000000US500199519001057,0,0,0
1000000US500199519001058,1,1,0
1000000US500199519001059,2,2,0
1000000US500199519001060,0,0,0
1000000US500199519001061,0,0,0
1000000US500199519001062,13,13,0
1000000US500199519001063,0,0,0
1000000US500199519001064,1,0,1
1000000US500199519001065,0,0,0
1000000US500199519001066,0,0,0
1000000US500199519001067,0,0,0
1000000US500199519001068,0,0,0
1000000US500199519001069,0,0,0
1000000US500199519001070,3,3,0
1000000US500199519001071,10,10,0
1000000US500199519001072,0,0,0
1000000US500199519001073,5,4,1
1000000US500199519001074,0,0,0
1000000US500199519001075,0,0,0
1000000US500199519001076,1,1,0
1000000US500199519001077,0,0,0
1000000US500199519001078,5,4,1
1000000US500199519001079,5,3,2
1000000US500199519001080,1,1,0
1000000US500199519001081,0,0,0
1000000US500199519001082,1,0,1
1000000US500199519001083,0,0,0
1000000US500199519001084,4,4,0
1000000US500199519001085,0,0,0
1000000US500199519001086,5,5,0
1000000US500199519001087,35,34,1
1000000US500199519001088,2,2,0
1000000US500199519001089,1,1,0
1000000US500199519001090,10,9,1
1000000US500199519001091,0,0,0
1000000US500199519001092,0,0,0
1000000US500199519001093,42,39,3
1000000US500199519001094,0,0,0
1000000US500199519001095,0,0,0
1000000US500199519001096,0,0,0
1000000US500199519001097,0,0,0
1000000US500199519001098,14,11,3
1000000US500199519001099,16,10,6
1000000US500199519001100,0,0,0
1000000US500199519001101,0,0,0
1000000US500199519001102,0,0,0
1000000US500199519001103,0,0,0
1000000US500199519001104,0,0,0
1000000US500199519001105,0,0,0
1000000US500199519001106,19,18,1
1000000US500199519001107,0,0,0
1000000US500199519001108,10,10,0
1000000US500199519001109,0,0,0
1000000US500199519001110,1,1,0
1000000US500199519002000,6,6,0
1000000US500199519002001,4,1,3
1000000US500199519002002,0,0,0
1000000US500199519002003,0,0,0
1000000US500199519002004,0,0,0
1000000US500199519002005,0,0,0
1000000US500199519002006,15,14,1
1000000US500199519002007,11,11,0
1000000US500199519002008,6,5,1
1000000US500199519002009,1,1,0
1000000US500199519002010,13,13,0
1000000US500199519002011,0,0,0
1000000US500199519002012,53,36,17
1000000US500199519002013,21,18,3
1000000US500199519002014,0,0,0
1000000US500199519002015,25,21,4
1000000US500199519002016,3,0,3
1000000US500199519002017,0,0,0
1000000US500199519002018,0,0,0
1000000US500199519002019,27,22,5
1000000US500199519002020,0,0,0
1000000US500199519002021,0,0,0
1000000US500199519002022,28,23,5
1000000US500199519002023,0,0,0
1000000US500199519002024,0,0,0
1000000US500199519002025,0,0,0
1000000US500199519002026,57,49,8
1000000US500199519002027,0,0,0
1000000US500199519002028,10,10,0
1000000US500199519002029,20,10,10
1000000US500199519002030,0,0,0
1000000US500199519002031,1,1,0
1000000US500199519002032,4,3,1
1000000US500199519002033,37,33,4
1000000US500199519002034,21,18,3
1000000US500199519002035,1,1,0
1000000US500199519002036,0,0,0
1000000US500199519002037,3,2,1
1000000US500199519002038,0,0,0
1000000US500199519002039,11,11,0
1000000US500199519002040,1,1,0
1000000US500199519002041,0,0,0
1000000US500199519002042,1,0,1
1000000US500199519002043,17,14,3
1000000US500199519002044,0,0,0
1000000US500199519002045,0,0,0
1000000US500199519002046,0,0,0
1000000US500199519002047,0,0,0
1000000US500199519002048,0,0,0
1000000US500199519002049,32,21,11
1000000US500199519002050,0,0,0
1000000US500199519002051,3,2,1
1000000US500199519002052,4,3,1
1000000US500199519002053,14,10,4
1000000US500199519002054,4,4,0
1000000US500199519002055,9,5,4
1000000US500199519002056,1,1,0
1000000US500199519002057,4,4,0
1000000US500199519002058,0,0,0
1000000US500199519002059,21,12,9
1000000US500199519002060,0,0,0
1000000US500199519002061,0,0,0
1000000US500199519002062,0,0,0
1000000US500199519002063,0,0,0
1000000US500199519002064,3,2,1
1000000US500199519002065,93,29,64
1000000US500199519002066,22,3,19
1000000US500199519002067,5,1,4
1000000US500199519002068,9,4,5
1000000US500199519002069,80,25,55
1000000US500199519002070,0,0,0
1000000US500199519002071,0,0,0
1000000US500199519002072,0,0,0
1000000US500199519002073,0,0,0
1000000US500199519002074,0,0,0
1000000US500199519002075,2,0,2
1000000US500199519002076,1,0,1
1000000US500199519002077,0,0,0
1000000US500199519002078,0,0,0
1000000US500199519002079,0,0,0
1000000US500199519002080,0,0,0
1000000US500199519002081,0,0,0
1000000US500199519002082,2,2,0
1000000US500199519002083,52,3,49
1000000US500199519002084,3,0,3
1000000US500199519002085,5,0,5
1000000US500199519002086,0,0,0
1000000US500199519002087,0,0,0
1000000US500199519002088,0,0,0
1000000US500199519002089,0,0,0
1000000US500199519002090,21,6,15
1000000US500199519002091,0,0,0
1000000US500199519002092,0,0,0
1000000US500199519002093,18,2,16
1000000US500199519002094,0,0,0
1000000US500199519002095,0,0,0
1000000US500199519002096,65,26,39
1000000US500199519002097,0,0,0
1000000US500199519002098,0,0,0
1000000US500199519002099,0,0,0
1000000US500199519002100,5,0,5
1000000US500199519002101,61,3,58
1000000US500199519002102,0,0,0
1000000US500199519002103,0,0,0
1000000US500199519002104,0,0,0
1000000US500199519002105,0,0,0
1000000US500199519002106,0,0,0
1000000US500199519002107,0,0,0
1000000US500199519002108,0,0,0
1000000US500199519002109,1,0,1
1000000US500199519002110,69,10,59
1000000US500199519002111,32,17,15
1000000US500199519002112,0,0,0
1000000US500199519002113,0,0,0
1000000US500199519002114,0,0,0
1000000US500199519002115,7,0,7
1000000US500199519002116,7,4,3
1000000US500199519002117,0,0,0
1000000US500199519002118,0,0,0
1000000US500199519002119,0,0,0
1000000US500199519002120,1,1,0
1000000US500199519002121,17,13,4
1000000US500199519002122,1,0,1
1000000US500199519002123,13,12,1
1000000US500199519002124,4,3,1
1000000US500199519002125,0,0,0
1000000US500199519002126,0,0,0
1000000US500199519002127,0,0,0
1000000US500199519002128,2,1,1
1000000US500199519002129,0,0,0
1000000US500199519002130,17,11,6
1000000US500199519002131,0,0,0
1000000US500199519002132,0,0,0
1000000US500199519002133,0,0,0
1000000US500199519002134,0,0,0
1000000US500199520001000,0,0,0
1000000US500199520001001,0,0,0
1000000US500199520001002,29,29,0
1000000US500199520001003,5,4,1
1000000US500199520001004,1,1,0
1000000US500199520001005,1,1,0
1000000US500199520001006,0,0,0
1000000US500199520001007,17,15,2
1000000US500199520001008,11,10,1
1000000US500199520001009,2,2,0
1000000US500199520001010,2,2,0
1000000US500199520001011,0,0,0
1000000US500199520001012,20,15,5
1000000US500199520001013,0,0,0
1000000US500199520001014,4,4,0
1000000US500199520001015,22,11,11
1000000US500199520001016,6,3,3
1000000US500199520001017,0,0,0
1000000US500199520001018,70,33,37
1000000US500199520001019,1,1,0
1000000US500199520001020,0,0,0
1000000US500199520001021,0,0,0
1000000US500199520001022,0,0,0
1000000US500199520001023,1,1,0
1000000US500199520001024,0,0,0
1000000US500199520001025,1,0,1
1000000US500199520001026,2,1,1
1000000US500199520001027,0,0,0
1000000US500199520001028,0,0,0
1000000US500199520001029,0,0,0
1000000US500199520001030,5,2,3
1000000US500199520001031,13,11,2
1000000US500199520001032,14,5,9
1000000US500199520001033,31,6,25
1000000US500199520001034,0,0,0
1000000US500199520001035,0,0,0
1000000US500199520001036,1,0,1
1000000US500199520001037,0,0,0
1000000US500199520001038,6,6,0
1000000US500199520001039,4,4,0
1000000US500199520001040,0,0,0
1000000US500199520001041,21,12,9
1000000US500199520001042,18,17,1
1000000US500199520001043,6,4,2
1000000US500199520001044,10,9,1
1000000US500199520001045,10,10,0
1000000US500199520001046,8,8,0
1000000US500199520001047,0,0,0
1000000US500199520001048,20,17,3
1000000US500199520001049,17,16,1
1000000US500199520001050,20,20,0
1000000US500199520001051,3,3,0
1000000US500199520001052,2,2,0
1000000US500199520001053,2,2,0
1000000US500199520001054,0,0,0
1000000US500199520001055,15,12,3
1000000US500199520001056,11,10,1
1000000US500199520001057,0,0,0
1000000US500199520001058,2,2,0
1000000US500199520001059,7,6,1
1000000US500199520001060,0,0,0
1000000US500199520001061,6,4,2
1000000US500199520001062,36,11,25
1000000US500199520001063,0,0,0
1000000US500199520001064,0,0,0
1000000US500199520001065,0,0,0
1000000US500199520001066,0,0,0
1000000US500199520001067,0,0,0
1000000US500199520001068,14,9,5
1000000US500199520001069,3,2,1
1000000US500199520001070,0,0,0
1000000US500199520001071,3,2,1
1000000US500199520001072,3,3,0
1000000US500199520001073,0,0,0
1000000US500199520001074,0,0,0
1000000US500199520001075,0,0,0
1000000US500199520001076,1,1,0
1000000US500199520001077,1,0,1
1000000US500199520001078,114,30,84
1000000US500199520001079,0,0,0
1000000US500199520001080,0,0,0
1000000US500199520001081,0,0,0
1000000US500199520001082,0,0,0
1000000US500199520001083,7,4,3
1000000US500199520001084,0,0,0
1000000US500199520001085,15,10,5
1000000US500199520001086,74,28,46
1000000US500199520001087,0,0,0
1000000US500199520001088,0,0,0
1000000US500199520001089,0,0,0
1000000US500199520001090,0,0,0
1000000US500199520001091,0,0,0
1000000US500199520001092,3,2,1
1000000US500199520001093,0,0,0
1000000US500199520001094,2,1,1
1000000US500199520001095,22,20,2
1000000US500199520001096,0,0,0
1000000US500199520001097,0,0,0
1000000US500199520001098,5,3,2
1000000US500199520001099,0,0,0
1000000US500199520001100,7,5,2
1000000US500199520001101,0,0,0
1000000US500199520001102,5,4,1
1000000US500199520001103,0,0,0
1000000US500199520001104,0,0,0
1000000US500199520001105,0,0,0
1000000US500199520002000,0,0,0
1000000US500199520002001,4,4,0
1000000US500199520002002,0,0,0
1000000US500199520002003,0,0,0
1000000US500199520002004,0,0,0
1000000US500199520002005,0,0,0
1000000US500199520002006,10,4,6
1000000US500199520002007,2,2,0
1000000US500199520002008,0,0,0
1000000US500199520002009,31,20,11
1000000US500199520002010,0,0,0
1000000US500199520002011,0,0,0
1000000US500199520002012,0,0,0
1000000US500199520002013,0,0,0
1000000US500199520002014,0,0,0
1000000US500199520002015,0,0,0
1000000US500199520002016,1,1,0
1000000US500199520002017,0,0,0
1000000US500199520002018,5,2,3
1000000US500199520002019,6,3,3
1000000US500199520002020,20,11,9
1000000US500199520002021,0,0,0
1000000US500199520002022,46,18,28
1000000US500199520002023,17,8,9
1000000US500199520002024,4,1,3
1000000US500199520002025,0,0,0
1000000US500199520002026,5,5,0
1000000US500199520002027,16,12,4
1000000US500199520002028,1,1,0
1000000US500199520002029,14,12,2
1000000US500199520002030,1,1,0
1000000US500199520002031,0,0,0
1000000US500199520002032,0,0,0
1000000US500199520002033,8,7,1
1000000US500199520002034,5,3,2
1000000US500199520002035,2,2,0
1000000US500199520002036,3,2,1
1000000US500199520002037,4,4,0
1000000US500199520002038,1,0,1
1000000US500199520002039,1,1,0
1000000US500199520002040,1,1,0
1000000US500199520002041,16,9,7
1000000US500199520002042,0,0,0
1000000US500199520002043,0,0,0
1000000US500199520002044,8,5,3
1000000US500199520002045,0,0,0
1000000US500199520002046,33,1,32
1000000US500199520002047,0,0,0
1000000US500199520002048,17,2,15
1000000US500199520002049,1,1,0
1000000US500199520002050,3,2,1
1000000US500199520002051,0,0,0
1000000US500199520002052,13,1,12
1000000US500199520002053,18,7,11
1000000US500199520002054,11,1,10
1000000US500199520002055,0,0,0
1000000US500199520002056,0,0,0
1000000US500199520002057,8,4,4
1000000US500199520002058,17,0,17
1000000US500199520002059,0,0,0
1000000US500199520002060,0,0,0
1000000US500199520002061,0,0,0
1000000US500199520002062,12,5,7
1000000US500199520002063,0,0,0
1000000US500199520002064,0,0,0
1000000US500199520002065,6,0,6
1000000US500199520002066,6,0,6
1000000US500199520002067,4,2,2
1000000US500199520002068,26,6,20
1000000US500199520002069,0,0,0
1000000US500199520002070,6,2,4
1000000US500199520002071,0,0,0
1000000US500199520002072,10,6,4
1000000US500199520002073,128,9,119
1000000US500199520002074,3,0,3
1000000US500199520002075,0,0,0
1000000US500199520002076,43,10,33
1000000US500199520002077,0,0,0
1000000US500199520002078,1,0,1
1000000US500199520002079,4,1,3
1000000US500199520002080,0,0,0
1000000US500199520002081,5,2,3
1000000US500199520002082,0,0,0
1000000US500199520002083,1,1,0
1000000US500199520002084,0,0,0
1000000US500199520002085,0,0,0
1000000US500199520002086,13,10,3
1000000US500199520002087,0,0,0
1000000US500199520002088,0,0,0
1000000US500199520002089,0,0,0
1000000US500199520002090,2,1,1
1000000US500199520002091,3,3,0
1000000US500199520002092,32,25,7
1000000US500199520002093,1,1,0
1000000US500199520002094,3,2,1
1000000US500199520002095,10,6,4
1000000US500199520002096,24,22,2
1000000US500199520002097,0,0,0
1000000US500199520002098,0,0,0
1000000US500199520002099,21,17,4
1000000US500199520002100,1,0,1
1000000US500199520002101,0,0,0
1000000US500199520002102,0,0,0
1000000US500199520002103,1,1,0
1000000US500199520002104,1,1,0
1000000US500199520002105,0,0,0
1000000US500199520002106,0,0,0
1000000US500199520002107,11,8,3
1000000US500199520002108,0,0,0
1000000US500199520002109,17,17,0
1000000US500199520002110,0,0,0
1000000US500199520002111,0,0,0
1000000US500199520002112,0,0,0
1000000US500199520002113,1,1,0
1000000US500199520002114,4,4,0
1000000US500199520002115,6,5,1
1000000US500199520002116,2,2,0
1000000US500199520002117,1,1,0
1000000US500199520002118,0,0,0
1000000US500219621001000,0,0,0
1000000US500219621001001,0,0,0
1000000US500219621001002,25,11,14
1000000US500219621001003,4,2,2
1000000US500219621001004,94,43,51
1000000US500219621001005,7,4,3
1000000US500219621001006,7,6,1
1000000US500219621001007,0,0,0
1000000US500219621001008,9,4,5
1000000US500219621001009,2,0,2
1000000US500219621001010,5,2,3
1000000US500219621001011,19,19,0
1000000US500219621001012,0,0,0
1000000US500219621001013,0,0,0
1000000US500219621001014,24,13,11
1000000US500219621001015,9,8,1
1000000US500219621001016,0,0,0
1000000US500219621001017,0,0,0
1000000US500219621001018,16,10,6
1000000US500219621001019,66,39,27
1000000US500219621001020,7,7,0
1000000US500219621001021,0,0,0
1000000US500219621001022,11,10,1
1000000US500219621001023,10,3,7
1000000US500219621001024,0,0,0
1000000US500219621001025,6,2,4
1000000US500219621001026,7,5,2
1000000US500219621001027,2,1,1
1000000US500219621001028,1,1,0
1000000US500219621001029,4,3,1
1000000US500219621001030,66,28,38
1000000US500219621001031,0,0,0
1000000US500219621001032,0,0,0
1000000US500219621001033,0,0,0
1000000US500219621001034,8,5,3
1000000US500219621001035,2,2,0
1000000US500219621001036,7,4,3
1000000US500219621001037,0,0,0
1000000US500219621001038,1,0,1
1000000US500219621001039,3,2,1
1000000US500219621001040,1,1,0
1000000US500219621001041,8,8,0
1000000US500219621001042,0,0,0
1000000US500219621001043,2,2,0
1000000US500219621001044,2,0,2
1000000US500219621002000,0,0,0
1000000US500219621002001,0,0,0
1000000US500219621002002,104,65,39
1000000US500219621002003,0,0,0
1000000US500219621002004,0,0,0
1000000US500219621002005,0,0,0
1000000US500219621002006,5,4,1
1000000US500219621002007,9,5,4
1000000US500219621002008,0,0,0
1000000US500219621002009,0,0,0
1000000US500219621002010,0,0,0
1000000US500219621002011,0,0,0
1000000US500219621002012,0,0,0
1000000US500219621002013,52,37,15
1000000US500219621002014,0,0,0
1000000US500219621002015,5,5,0
1000000US500219621002016,0,0,0
1000000US500219621002017,0,0,0
1000000US500219621002018,10,10,0
1000000US500219621002019,0,0,0
1000000US500219621002020,0,0,0
1000000US500219621002021,0,0,0
1000000US500219621002022,0,0,0
1000000US500219621002023,0,0,0
1000000US500219621002024,0,0,0
1000000US500219621002025,3,1,2
1000000US500219621002026,0,0,0
1000000US500219621002027,0,0,0
1000000US500219621002028,0,0,0
1000000US500219621002029,2,2,0
1000000US500219621002030,4,3,1
1000000US500219621002031,6,0,6
1000000US500219621002032,0,0,0
1000000US500219621002033,0,0,0
1000000US500219621002034,0,0,0
1000000US500219621002035,1,0,1
1000000US500219621002036,0,0,0
1000000US500219621002037,0,0,0
1000000US500219621002038,63,49,14
1000000US500219621002039,0,0,0
1000000US500219621002040,4,3,1
1000000US500219621002041,1,0,1
1000000US500219621002042,0,0,0
1000000US500219621002043,1,1,0
1000000US500219621002044,0,0,0
1000000US500219621002045,0,0,0
1000000US500219621002046,0,0,0
1000000US500219621002047,56,48,8
1000000US500219621002048,3,3,0
1000000US500219621002049,0,0,0
1000000US500219621002050,6,5,1
1000000US500219621002051,12,12,0
1000000US500219621002052,0,0,0
1000000US500219621002053,108,87,21
1000000US500219621002054,0,0,0
1000000US500219621002055,6,4,2
1000000US500219621002056,0,0,0
1000000US500219621002057,15,11,4
1000000US500219621002058,0,0,0
1000000US500219621002059,4,3,1
1000000US500219621002060,0,0,0
1000000US500219621002061,0,0,0
1000000US500219621002062,11,9,2
1000000US500219621002063,0,0,0
1000000US500219621002064,0,0,0
1000000US500219621002065,13,12,1
1000000US500219621002066,0,0,0
1000000US500219621002067,14,12,2
1000000US500219621002068,26,23,3
1000000US500219621002069,21,18,3
1000000US500219621002070,9,7,2
1000000US500219621002071,8,7,1
1000000US500219621002072,1,1,0
1000000US500219621002073,4,4,0
1000000US500219621002074,1,1,0
1000000US500219621002075,2,1,1
1000000US500219621002076,14,13,1
1000000US500219621002077,18,15,3
1000000US500219621002078,0,0,0
1000000US500219621002079,3,3,0
1000000US500219621002080,1,1,0
1000000US500219621002081,4,3,1
1000000US500219621002082,0,0,0
1000000US500219621002083,0,0,0
1000000US500219621002084,0,0,0
1000000US500219621002085,0,0,0
1000000US500219621002086,4,3,1
1000000US500219621002087,0,0,0
1000000US500219621002088,0,0,0
1000000US500219621002089,1,1,0
1000000US500219621002090,7,6,1
1000000US500219621002091,0,0,0
1000000US500219621002092,1,0,1
1000000US500219621002093,2,1,1
1000000US500219622001000,0,0,0
1000000US500219622001001,0,0,0
1000000US500219622001002,36,35,1
1000000US500219622001003,0,0,0
1000000US500219622001004,92,85,7
1000000US500219622001005,14,14,0
1000000US500219622001006,11,10,1
1000000US500219622001007,1,1,0
1000000US500219622001008,68,67,1
1000000US500219622001009,3,3,0
1000000US500219622001010,0,0,0
1000000US500219622001011,13,13,0
1000000US500219622001012,0,0,0
1000000US500219622001013,3,3,0
1000000US500219622001014,22,21,1
1000000US500219622001015,71,58,13
1000000US500219622001016,0,0,0
1000000US500219622001017,0,0,0
1000000US500219622001018,18,18,0
1000000US500219622001019,1,1,0
1000000US500219622001020,2,2,0
1000000US500219622001021,22,20,2
1000000US500219622001022,45,39,6
1000000US500219622001023,0,0,0
1000000US500219622001024,0,0,0
1000000US500219622001025,0,0,0
1000000US500219622001026,38,36,2
1000000US500219622001027,0,0,0
1000000US500219622001028,0,0,0
1000000US500219622001029,28,28,0
1000000US500219622001030,11,9,2
1000000US500219622001031,81,75,6
1000000US500219622001032,6,6,0
1000000US500219622001033,3,3,0
1000000US500219622001034,0,0,0
1000000US500219622001035,0,0,0
1000000US500219622001036,0,0,0
1000000US500219622001037,0,0,0
1000000US500219622001038,28,27,1
1000000US500219622001039,9,9,0
1000000US500219622001040,0,0,0
1000000US500219622001041,0,0,0
1000000US500219622001042,2,2,0
1000000US500219622001043,15,14,1
1000000US500219622002000,36,33,3
1000000US500219622002001,0,0,0
1000000US500219622002002,10,9,1
1000000US500219622002003,4,3,1
1000000US500219622002004,3,2,1
1000000US500219622002005,9,8,1
1000000US500219622002006,132,122,10
1000000US500219622002007,8,7,1
1000000US500219622002008,2,1,1
1000000US500219622002009,62,55,7
1000000US500219622002010,1,1,0
1000000US500219622002011,16,16,0
1000000US500219622002012,6,4,2
1000000US500219622002013,8,7,1
1000000US500219622002014,16,14,2
1000000US500219622002015,24,21,3
1000000US500219622002016,0,0,0
1000000US500219622002017,3,3,0
1000000US500219622002018,0,0,0
1000000US500219622002019,5,5,0
1000000US500219622002020,0,0,0
1000000US500219622002021,43,37,6
1000000US500219622002022,3,1,2
1000000US500219622002023,35,27,8
1000000US500219622003000,27,25,2
1000000US500219622003001,11,8,3
1000000US500219622003002,0,0,0
1000000US500219622003003,6,4,2
1000000US500219622003004,9,8,1
1000000US500219622003005,48,42,6
1000000US500219622003006,54,52,2
1000000US500219622003007,0,0,0
1000000US500219622003008,0,0,0
1000000US500219622003009,0,0,0
1000000US500219622003010,0,0,0
1000000US500219622003011,0,0,0
1000000US500219622003012,0,0,0
1000000US500219622003013,22,19,3
1000000US500219622003014,22,17,5
1000000US500219622003015,15,14,1
1000000US500219622003016,1,1,0
1000000US500219622003017,0,0,0
1000000US500219622003018,1,1,0
1000000US500219622003019,0,0,0
1000000US500219622003020,0,0,0
1000000US500219622003021,3,2,1
1000000US500219622003022,11,11,0
1000000US500219622003023,14,9,5
1000000US500219622003024,0,0,0
1000000US500219622003025,21,20,1
1000000US500219622003026,22,20,2
1000000US500219622003027,2,2,0
1000000US500219622003028,35,32,3
1000000US500219622003029,0,0,0
1000000US500219622003030,0,0,0
1000000US500219622003031,9,8,1
1000000US500219622003032,21,20,1
1000000US500219622003033,41,35,6
1000000US500219622003034,0,0,0
1000000US500219622003035,3,3,0
1000000US500219622003036,0,0,0
1000000US500219622003037,0,0,0
1000000US500219622003038,0,0,0
1000000US500219622003039,6,6,0
1000000US500219622003040,9,7,2
1000000US500219622003041,1,1,0
1000000US500219622003042,5,4,1
1000000US500219622003043,7,6,1
1000000US500219622003044,5,3,2
1000000US500219622003045,7,7,0
1000000US500219622003046,1,1,0
1000000US500219622003047,1,1,0
1000000US500219622003048,0,0,0
1000000US500219622003049,0,0,0
1000000US500219622003050,0,0,0
1000000US500219622003051,2,2,0
1000000US500219622003052,0,0,0
1000000US500219622003053,0,0,0
1000000US500219622004000,29,29,0
1000000US500219622004001,0,0,0
1000000US500219622004002,1,0,1
1000000US500219622004003,53,49,4
1000000US500219622004004,0,0,0
1000000US500219622004005,69,59,10
1000000US500219622004006,29,29,0
1000000US500219622004007,12,11,1
1000000US500219622004008,43,41,2
1000000US500219622004009,39,38,1
1000000US500219622004010,14,14,0
1000000US500219622004011,9,9,0
1000000US500219622004012,5,5,0
1000000US500219622004013,7,7,0
1000000US500219622004014,0,0,0
1000000US500219622004015,2,2,0
1000000US500219622004016,0,0,0
1000000US500219622004017,1,1,0
1000000US500219622004018,5,5,0
1000000US500219622004019,3,3,0
1000000US500219622004020,0,0,0
1000000US500219622004021,0,0,0
1000000US500219622004022,0,0,0
1000000US500219622004023,0,0,0
1000000US500219622004024,0,0,0
1000000US500219622004025,0,0,0
1000000US500219622004026,0,0,0
1000000US500219622004027,22,16,6
1000000US500219622004028,0,0,0
1000000US500219622004029,0,0,0
1000000US500219622004030,0,0,0
1000000US500219622004031,0,0,0
1000000US500219623001000,18,13,5
1000000US500219623001001,8,7,1
1000000US500219623001002,7,7,0
1000000US500219623001003,2,1,1
1000000US500219623001004,0,0,0
1000000US500219623001005,14,13,1
1000000US500219623001006,0,0,0
1000000US500219623001007,7,7,0
1000000US500219623001008,10,7,3
1000000US500219623001009,0,0,0
1000000US500219623001010,11,9,2
1000000US500219623001011,55,51,4
1000000US500219623001012,0,0,0
1000000US500219623001013,0,0,0
1000000US500219623001014,9,7,2
1000000US500219623001015,0,0,0
1000000US500219623001016,0,0,0
1000000US500219623001017,0,0,0
1000000US500219623001018,0,0,0
1000000US500219623001019,4,4,0
1000000US500219623001020,2,2,0
1000000US500219623001021,0,0,0
1000000US500219623001022,31,18,13
1000000US500219623001023,0,0,0
1000000US500219623001024,0,0,0
1000000US500219623001025,29,4,25
1000000US500219623001026,0,0,0
1000000US500219623001027,45,30,15
1000000US500219623001028,0,0,0
1000000US500219623001029,0,0,0
1000000US500219623001030,34,18,16
1000000US500219623001031,8,6,2
1000000US500219623001032,1,0,1
1000000US500219623001033,24,4,20
1000000US500219623001034,0,0,0
1000000US500219623001035,0,0,0
1000000US500219623001036,0,0,0
1000000US500219623001037,19,13,6
1000000US500219623001038,24,4,20
1000000US500219623001039,0,0,0
1000000US500219623001040,0,0,0
1000000US500219623001041,5,2,3
1000000US500219623001042,0,0,0
1000000US500219623001043,2,0,2
1000000US500219623001044,0,0,0
1000000US500219623001045,8,2,6
1000000US500219623001046,0,0,0
1000000US500219623001047,0,0,0
1000000US500219623001048,0,0,0
1000000US500219623001049,4,1,3
1000000US500219623001050,9,7,2
1000000US500219623001051,1,1,0
1000000US500219623001052,1,1,0
1000000US500219623001053,0,0,0
1000000US500219623001054,0,0,0
1000000US500219623001055,0,0,0
1000000US500219623001056,0,0,0
1000000US500219623001057,0,0,0
1000000US500219623002000,2,2,0
1000000US500219623002001,0,0,0
1000000US500219623002002,30,21,9
1000000US500219623002003,14,11,3
1000000US500219623002004,0,0,0
1000000US500219623002005,4,1,3
1000000US500219623002006,0,0,0
1000000US500219623002007,0,0,0
1000000US500219623002008,0,0,0
1000000US500219623002009,0,0,0
1000000US500219623002010,1,0,1
1000000US500219623002011,0,0,0
1000000US500219623002012,1,1,0
1000000US500219623002013,3,2,1
1000000US500219623002014,8,3,5
1000000US500219623002015,0,0,0
1000000US500219623002016,3,2,1
1000000US500219623002017,0,0,0
1000000US500219623002018,57,23,34
1000000US500219623002019,0,0,0
1000000US500219623002020,2,0,2
1000000US500219623002021,0,0,0
1000000US500219623002022,18,1,17
1000000US500219623002023,0,0,0
1000000US500219623002024,0,0,0
1000000US500219623002025,0,0,0
1000000US500219623002026,0,0,0
1000000US500219623002027,4,0,4
1000000US500219623002028,0,0,0
1000000US500219623002029,0,0,0
1000000US500219623002030,16,2,14
1000000US500219623002031,19,3,16
1000000US500219623002032,0,0,0
1000000US500219623002033,6,4,2
1000000US500219623002034,3,2,1
1000000US500219623002035,0,0,0
1000000US500219623002036,4,3,1
1000000US500219623002037,0,0,0
1000000US500219623002038,0,0,0
1000000US500219623002039,7,6,1
1000000US500219623002040,0,0,0
1000000US500219623002041,4,3,1
1000000US500219623002042,16,3,13
1000000US500219623002043,56,13,43
1000000US500219623002044,0,0,0
1000000US500219623002045,0,0,0
1000000US500219623002046,0,0,0
1000000US500219623002047,0,0,0
1000000US500219623002048,0,0,0
1000000US500219623002049,16,1,15
1000000US500219623002050,3,0,3
1000000US500219623002051,1,0,1
1000000US500219623002052,0,0,0
1000000US500219623002053,1,0,1
1000000US500219623002054,4,4,0
1000000US500219623002055,0,0,0
1000000US500219623002056,15,9,6
1000000US500219623002057,0,0,0
1000000US500219623002058,0,0,0
1000000US500219623002059,1,1,0
1000000US500219623002060,24,12,12
1000000US500219623002061,0,0,0
1000000US500219623002062,0,0,0
1000000US500219623002063,0,0,0
1000000US500219623002064,0,0,0
1000000US500219623002065,1,1,0
1000000US500219623002066,0,0,0
1000000US500219623002067,0,0,0
1000000US500219623002068,0,0,0
1000000US500219623002069,1,1,0
1000000US500219623002070,8,7,1
1000000US500219623002071,32,19,13
1000000US500219623002072,0,0,0
1000000US500219623002073,0,0,0
1000000US500219623002074,0,0,0
1000000US500219623002075,0,0,0
1000000US500219623002076,10,3,7
1000000US500219623002077,39,29,10
1000000US500219623002078,17,13,4
1000000US500219623002079,0,0,0
1000000US500219623002080,0,0,0
1000000US500219623002081,12,11,1
1000000US500219623002082,1,0,1
1000000US500219623002083,0,0,0
1000000US500219623002084,5,2,3
1000000US500219623002085,0,0,0
1000000US500219623002086,0,0,0
1000000US500219623002087,0,0,0
1000000US500219623002088,20,18,2
1000000US500219623002089,0,0,0
1000000US500219623002090,24,21,3
1000000US500219623002091,3,2,1
1000000US500219623002092,4,4,0
1000000US500219623002093,1,1,0
1000000US500219623002094,9,9,0
1000000US500219623002095,4,3,1
1000000US500219623002096,20,13,7
1000000US500219623002097,32,12,20
1000000US500219623002098,0,0,0
1000000US500219623002099,7,5,2
1000000US500219623002100,3,3,0
1000000US500219623002101,2,2,0
1000000US500219623002102,0,0,0
1000000US500219623002103,4,3,1
1000000US500219623002104,0,0,0
1000000US500219623002105,0,0,0
1000000US500219623002106,0,0,0
1000000US500219623002107,0,0,0
1000000US500219623002108,0,0,0
1000000US500219623002109,0,0,0
1000000US500219623002110,0,0,0
1000000US500219623003000,2,1,1
1000000US500219623003001,5,3,2
1000000US500219623003002,10,5,5
1000000US500219623003003,0,0,0
1000000US500219623003004,0,0,0
1000000US500219623003005,1,1,0
1000000US500219623003006,5,5,0
1000000US500219623003007,9,1,8
1000000US500219623003008,2,2,0
1000000US500219623003009,0,0,0
1000000US500219623003010,0,0,0
1000000US500219623003011,7,2,5
1000000US500219623003012,0,0,0
1000000US500219623003013,29,4,25
1000000US500219623003014,0,0,0
1000000US500219623003015,0,0,0
1000000US500219623003016,0,0,0
1000000US500219623003017,2,1,1
1000000US500219623003018,2,2,0
1000000US500219623003019,1,1,0
1000000US500219623003020,0,0,0
1000000US500219623003021,8,6,2
1000000US500219623003022,0,0,0
1000000US500219623003023,0,0,0
1000000US500219623003024,28,26,2
1000000US500219623003025,15,15,0
1000000US500219623003026,1,0,1
1000000US500219623003027,14,10,4
1000000US500219623003028,0,0,0
1000000US500219623003029,15,4,11
1000000US500219623003030,7,3,4
1000000US500219623003031,55,19,36
1000000US500219623003032,14,4,10
1000000US500219623003033,0,0,0
1000000US500219623003034,1,0,1
1000000US500219623003035,0,0,0
1000000US500219623003036,17,13,4
1000000US500219623003037,0,0,0
1000000US500219623003038,0,0,0
1000000US500219623003039,1,1,0
1000000US500219623003040,5,4,1
1000000US500219623003041,8,7,1
1000000US500219623003042,14,13,1
1000000US500219623003043,0,0,0
1000000US500219623003044,1,1,0
1000000US500219623003045,10,7,3
1000000US500219623003046,0,0,0
1000000US500219623003047,5,4,1
1000000US500219623003048,0,0,0
1000000US500219623003049,11,10,1
1000000US500219623003050,5,5,0
1000000US500219623003051,1,1,0
1000000US500219623003052,0,0,0
1000000US500219623003053,0,0,0
1000000US500219623003054,17,15,2
1000000US500219623003055,7,6,1
1000000US500219623003056,0,0,0
1000000US500219623003057,4,4,0
1000000US500219623003058,5,5,0
1000000US500219623003059,26,20,6
1000000US500219623003060,0,0,0
1000000US500219623003061,33,31,2
1000000US500219623003062,0,0,0
1000000US500219623003063,15,15,0
1000000US500219623003064,0,0,0
1000000US500219623003065,44,37,7
1000000US500219623003066,10,10,0
1000000US500219623003067,4,3,1
1000000US500219623003068,10,9,1
1000000US500219623003069,0,0,0
1000000US500219623003070,2,2,0
1000000US500219623003071,0,0,0
1000000US500219623003072,1,1,0
1000000US500219623003073,1,1,0
1000000US500219623003074,13,12,1
1000000US500219623003075,0,0,0
1000000US500219623003076,0,0,0
1000000US500219623003077,14,12,2
1000000US500219623003078,17,15,2
1000000US500219623003079,0,0,0
1000000US500219623003080,0,0,0
1000000US500219623003081,9,7,2
1000000US500219623003082,0,0,0
1000000US500219623003083,9,8,1
1000000US500219623003084,0,0,0
1000000US500219623003085,4,4,0
1000000US500219623003086,0,0,0
1000000US500219623003087,0,0,0
1000000US500219623003088,1,1,0
1000000US500219623003089,16,14,2
1000000US500219623003090,4,4,0
1000000US500219623003091,0,0,0
1000000US500219623003092,0,0,0
1000000US500219623003093,2,1,1
1000000US500219623003094,2,0,2
1000000US500219623003095,0,0,0
1000000US500219623003096,0,0,0
1000000US500219623003097,0,0,0
1000000US500219623003098,0,0,0
1000000US500219623003099,0,0,0
1000000US500219623003100,1,1,0
1000000US500219623003101,1,1,0
1000000US500219623003102,0,0,0
1000000US500219623003103,0,0,0
1000000US500219623003104,0,0,0
1000000US500219623003105,0,0,0
1000000US500219623003106,0,0,0
1000000US500219623003107,0,0,0
1000000US500219623004000,6,4,2
1000000US500219623004001,1,1,0
1000000US500219623004002,0,0,0
1000000US500219623004003,5,4,1
1000000US500219623004004,0,0,0
1000000US500219623004005,0,0,0
1000000US500219623004006,12,9,3
1000000US500219623004007,2,2,0
1000000US500219623004008,5,5,0
1000000US500219623004009,0,0,0
1000000US500219623004010,0,0,0
1000000US500219623004011,0,0,0
1000000US500219623004012,2,1,1
1000000US500219623004013,0,0,0
1000000US500219623004014,0,0,0
1000000US500219623004015,3,3,0
1000000US500219623004016,0,0,0
1000000US500219623004017,1,1,0
1000000US500219623004018,13,11,2
1000000US500219623004019,2,2,0
1000000US500219623004020,0,0,0
1000000US500219623004021,15,12,3
1000000US500219623004022,1,1,0
1000000US500219623004023,6,6,0
1000000US500219623004024,3,3,0
1000000US500219623004025,0,0,0
1000000US500219623004026,22,20,2
1000000US500219623004027,0,0,0
1000000US500219623004028,10,9,1
1000000US500219623004029,4,4,0
1000000US500219623004030,15,11,4
1000000US500219623004031,0,0,0
1000000US500219623004032,0,0,0
1000000US500219623004033,0,0,0
1000000US500219623004034,0,0,0
1000000US500219623004035,3,3,0
1000000US500219623004036,0,0,0
1000000US500219623004037,0,0,0
1000000US500219623004038,0,0,0
1000000US500219623004039,0,0,0
1000000US500219623004040,0,0,0
1000000US500219623004041,0,0,0
1000000US500219623004042,0,0,0
1000000US500219623004043,0,0,0
1000000US500219623004044,0,0,0
1000000US500219623004045,0,0,0
1000000US500219623004046,0,0,0
1000000US500219623004047,0,0,0
1000000US500219623004048,0,0,0
1000000US500219623004049,0,0,0
1000000US500219623004050,0,0,0
1000000US500219624001000,30,27,3
1000000US500219624001001,1,1,0
1000000US500219624001002,10,9,1
1000000US500219624001003,2,2,0
1000000US500219624001004,3,2,1
1000000US500219624001005,25,25,0
1000000US500219624001006,0,0,0
1000000US500219624001007,0,0,0
1000000US500219624001008,60,51,9
1000000US500219624001009,0,0,0
1000000US500219624001010,24,22,2
1000000US500219624001011,64,61,3
1000000US500219624001012,2,2,0
1000000US500219624001013,0,0,0
1000000US500219624001014,38,38,0
1000000US500219624001015,0,0,0
1000000US500219624001016,0,0,0
1000000US500219624001017,8,8,0
1000000US500219624001018,11,10,1
1000000US500219624001019,0,0,0
1000000US500219624001020,9,9,0
1000000US500219624001021,17,17,0
1000000US500219624001022,2,0,2
1000000US500219624001023,0,0,0
1000000US500219624001024,4,4,0
1000000US500219624001025,17,15,2
1000000US500219624001026,37,32,5
1000000US500219624001027,11,10,1
1000000US500219624001028,10,9,1
1000000US500219624001029,0,0,0
1000000US500219624001030,49,44,5
1000000US500219624001031,2,2,0
1000000US500219624001032,10,8,2
1000000US500219624001033,6,5,1
1000000US500219624001034,6,5,1
1000000US500219624001035,6,5,1
1000000US500219624001036,52,35,17
1000000US500219624001037,0,0,0
1000000US500219624001038,0,0,0
1000000US500219624001039,1,1,0
1000000US500219624001040,33,32,1
1000000US500219624001041,1,1,0
1000000US500219624001042,11,11,0
1000000US500219624001043,0,0,0
1000000US500219624001044,0,0,0
1000000US500219624001045,0,0,0
1000000US500219624001046,53,45,8
1000000US500219624001047,22,19,3
1000000US500219624001048,0,0,0
1000000US500219624001049,6,5,1
1000000US500219624001050,0,0,0
1000000US500219624001051,1,1,0
1000000US500219624001052,5,3,2
1000000US500219624001053,0,0,0
1000000US500219624001054,0,0,0
1000000US500219624001055,0,0,0
1000000US500219624001056,4,4,0
1000000US500219624001057,4,4,0
1000000US500219624001058,3,2,1
1000000US500219624001059,0,0,0
1000000US500219624001060,0,0,0
1000000US500219624001061,0,0,0
1000000US500219624002000,8,8,0
1000000US500219624002001,34,29,5
1000000US500219624002002,0,0,0
1000000US500219624002003,0,0,0
1000000US500219624002004,0,0,0
1000000US500219624002005,0,0,0
1000000US500219624002006,0,0,0
1000000US500219624002007,0,0,0
1000000US500219624002008,0,0,0
1000000US500219624002009,4,4,0
1000000US500219624002010,0,0,0
1000000US500219624002011,0,0,0
1000000US500219624002012,5,4,1
1000000US500219624002013,1,1,0
1000000US500219624002014,5,5,0
1000000US500219624002015,45,30,15
1000000US500219624002016,2,2,0
1000000US500219624002017,8,7,1
1000000US500219624002018,1,1,0
1000000US500219624002019,0,0,0
1000000US500219624002020,1,1,0
1000000US500219624002021,0,0,0
1000000US500219624002022,0,0,0
1000000US500219624002023,4,3,1
1000000US500219624002024,1,1,0
1000000US500219624002025,0,0,0
1000000US500219624002026,23,22,1
1000000US500219624002027,0,0,0
1000000US500219624002028,0,0,0
1000000US500219624002029,11,10,1
1000000US500219624002030,0,0,0
1000000US500219624002031,14,14,0
1000000US500219624002032,0,0,0
1000000US500219624002033,0,0,0
1000000US500219624002034,4,4,0
1000000US500219624002035,0,0,0
1000000US500219624002036,0,0,0
1000000US500219624002037,0,0,0
1000000US500219624002038,0,0,0
1000000US500219624002039,19,15,4
1000000US500219624002040,0,0,0
1000000US500219624002041,24,23,1
1000000US500219624002042,0,0,0
1000000US500219624002043,6,6,0
1000000US500219624002044,1,1,0
1000000US500219624002045,0,0,0
1000000US500219624002046,19,17,2
1000000US500219624002047,17,16,1
1000000US500219624002048,8,6,2
1000000US500219624002049,0,0,0
1000000US500219624002050,0,0,0
1000000US500219624002051,7,3,4
1000000US500219624002052,0,0,0
1000000US500219624002053,4,4,0
1000000US500219624002054,0,0,0
1000000US500219624002055,0,0,0
1000000US500219624002056,0,0,0
1000000US500219624002057,19,13,6
1000000US500219624002058,39,33,6
1000000US500219624002059,1,1,0
1000000US500219624002060,0,0,0
1000000US500219624002061,0,0,0
1000000US500219624002062,0,0,0
1000000US500219624002063,0,0,0
1000000US500219624002064,0,0,0
1000000US500219624002065,13,10,3
1000000US500219624002066,29,27,2
1000000US500219624002067,49,48,1
1000000US500219624002068,4,4,0
1000000US500219624002069,13,13,0
1000000US500219624002070,6,6,0
1000000US500219624002071,31,29,2
1000000US500219624002072,18,16,2
1000000US500219624002073,0,0,0
1000000US500219624002074,116,109,7
1000000US500219624002075,0,0,0
1000000US500219624002076,11,10,1
1000000US500219624002077,0,0,0
1000000US500219624002078,0,0,0
1000000US500219624002079,18,16,2
1000000US500219624002080,0,0,0
1000000US500219624002081,0,0,0
1000000US500219624002082,2,2,0
1000000US500219624002083,0,0,0
1000000US500219624002084,9,9,0
1000000US500219624002085,15,15,0
1000000US500219624002086,30,28,2
1000000US500219624002087,14,13,1
1000000US500219624002088,31,30,1
1000000US500219624002089,17,17,0
1000000US500219624002090,0,0,0
1000000US500219624002091,4,4,0
1000000US500219624002092,0,0,0
1000000US500219624002093,1,1,0
1000000US500219625001000,26,24,2
1000000US500219625001001,1,0,1
1000000US500219625001002,1,0,1
1000000US500219625001003,41,41,0
1000000US500219625001004,2,2,0
1000000US500219625001005,50,47,3
1000000US500219625001006,23,23,0
1000000US500219625001007,8,6,2
1000000US500219625001008,0,0,0
1000000US500219625001009,1,1,0
1000000US500219625001010,0,0,0
1000000US500219625001011,0,0,0
1000000US500219625001012,36,34,2
1000000US500219625001013,19,18,1
1000000US500219625001014,6,5,1
1000000US500219625001015,5,5,0
1000000US500219625001016,0,0,0
1000000US500219625001017,30,29,1
1000000US500219625001018,20,17,3
1000000US500219625001019,12,11,1
1000000US500219625001020,7,7,0
1000000US500219625001021,18,18,0
1000000US500219625001022,50,48,2
1000000US500219625001023,0,0,0
1000000US500219625001024,0,0,0
1000000US500219625002000,106,102,4
1000000US500219625002001,5,5,0
1000000US500219625002002,5,5,0
1000000US500219625002003,10,9,1
1000000US500219625002004,26,25,1
1000000US500219625002005,6,5,1
1000000US500219625002006,6,6,0
1000000US500219625002007,20,16,4
1000000US500219625002008,7,7,0
1000000US500219625002009,20,17,3
1000000US500219625002010,1,1,0
1000000US500219625002011,6,6,0
1000000US500219625002012,0,0,0
1000000US500219625002013,27,23,4
1000000US500219625002014,0,0,0
1000000US500219625002015,0,0,0
1000000US500219625002016,7,5,2
1000000US500219625002017,5,5,0
1000000US500219625002018,0,0,0
1000000US500219625002019,0,0,0
1000000US500219625002020,0,0,0
1000000US500219625002021,0,0,0
1000000US500219625002022,79,75,4
1000000US500219625002023,7,6,1
1000000US500219625002024,11,11,0
1000000US500219625002025,0,0,0
1000000US500219625002026,9,8,1
1000000US500219625002027,22,20,2
1000000US500219625002028,22,9,13
1000000US500219625002029,1,1,0
1000000US500219625002030,0,0,0
1000000US500219625002031,0,0,0
1000000US500219625002032,8,8,0
1000000US500219625002033,8,6,2
1000000US500219625002034,0,0,0
1000000US500219626001000,3,3,0
1000000US500219626001001,1,1,0
1000000US500219626001002,2,2,0
1000000US500219626001003,4,4,0
1000000US500219626001004,20,14,6
1000000US500219626001005,8,8,0
1000000US500219626001006,5,5,0
1000000US500219626001007,0,0,0
1000000US500219626001008,19,17,2
1000000US500219626001009,4,4,0
1000000US500219626001010,1,1,0
1000000US500219626001011,0,0,0
1000000US500219626001012,3,3,0
1000000US500219626001013,56,51,5
1000000US500219626001014,0,0,0
1000000US500219626001015,0,0,0
1000000US500219626001016,1,1,0
1000000US500219626001017,0,0,0
1000000US500219626001018,2,1,1
1000000US500219626001019,3,3,0
1000000US500219626001020,0,0,0
1000000US500219626001021,0,0,0
1000000US500219626001022,0,0,0
1000000US500219626001023,6,6,0
1000000US500219626001024,2,2,0
1000000US500219626001025,0,0,0
1000000US500219626001026,0,0,0
1000000US500219626001027,0,0,0
1000000US500219626001028,0,0,0
1000000US500219626001029,5,5,0
1000000US500219626001030,30,24,6
1000000US500219626001031,0,0,0
1000000US500219626001032,0,0,0
1000000US500219626001033,0,0,0
1000000US500219626001034,0,0,0
1000000US500219626001035,24,22,2
1000000US500219626001036,159,153,6
1000000US500219626001037,10,8,2
1000000US500219626001038,1,1,0
1000000US500219626001039,17,17,0
1000000US500219626001040,10,9,1
1000000US500219626001041,17,16,1
1000000US500219626001042,0,0,0
1000000US500219626001043,40,37,3
1000000US500219626001044,18,18,0
1000000US500219626001045,64,57,7
1000000US500219626001046,28,25,3
1000000US500219626001047,8,8,0
1000000US500219626001048,0,0,0
1000000US500219626001049,13,13,0
1000000US500219626001050,14,14,0
1000000US500219626001051,0,0,0
1000000US500219626001052,3,2,1
1000000US500219626002000,2,2,0
1000000US500219626002001,0,0,0
1000000US500219626002002,0,0,0
1000000US500219626002003,0,0,0
1000000US500219626002004,0,0,0
1000000US500219626002005,0,0,0
1000000US500219626002006,0,0,0
1000000US500219626002007,0,0,0
1000000US500219626002008,26,22,4
1000000US500219626002009,0,0,0
1000000US500219626002010,48,29,19
1000000US500219626002011,19,18,1
1000000US500219626002012,40,35,5
1000000US500219626002013,7,6,1
1000000US500219626002014,0,0,0
1000000US500219626002015,10,10,0
1000000US500219626002016,0,0,0
1000000US500219626002017,0,0,0
1000000US500219626002018,4,4,0
1000000US500219626002019,14,13,1
1000000US500219626002020,26,21,5
1000000US500219626002021,0,0,0
1000000US500219626002022,55,53,2
1000000US500219626002023,0,0,0
1000000US500219626002024,0,0,0
1000000US500219626002025,0,0,0
1000000US500219626002026,0,0,0
1000000US500219626002027,0,0,0
1000000US500219626002028,0,0,0
1000000US500219626002029,0,0,0
1000000US500219626002030,0,0,0
1000000US500219626002031,0,0,0
1000000US500219626002032,0,0,0
1000000US500219626002033,0,0,0
1000000US500219626002034,0,0,0
1000000US500219626002035,0,0,0
1000000US500219626002036,0,0,0
1000000US500219626002037,1,1,0
1000000US500219626002038,0,0,0
1000000US500219626002039,0,0,0
1000000US500219626002040,28,28,0
1000000US500219626002041,0,0,0
1000000US500219626002042,0,0,0
1000000US500219626002043,0,0,0
1000000US500219626002044,0,0,0
1000000US500219626002045,0,0,0
1000000US500219626002046,3,3,0
1000000US500219626002047,21,19,2
1000000US500219626002048,0,0,0
1000000US500219626002049,0,0,0
1000000US500219626002050,0,0,0
1000000US500219626002051,1,1,0
1000000US500219626002052,13,11,2
1000000US500219626002053,93,90,3
1000000US500219626002054,0,0,0
1000000US500219626002055,14,13,1
1000000US500219626002056,6,6,0
1000000US500219626002057,6,6,0
1000000US500219626002058,18,15,3
1000000US500219626002059,2,2,0
1000000US500219626002060,18,17,1
1000000US500219627001000,9,9,0
1000000US500219627001001,34,28,6
1000000US500219627001002,0,0,0
1000000US500219627001003,86,76,10
1000000US500219627001004,7,7,0
1000000US500219627001005,0,0,0
1000000US500219627001006,27,27,0
1000000US500219627001007,17,17,0
1000000US500219627001008,0,0,0
1000000US500219627001009,37,36,1
1000000US500219627001010,23,22,1
1000000US500219627001011,0,0,0
1000000US500219627001012,35,32,3
1000000US500219627001013,4,4,0
1000000US500219627001014,57,54,3
1000000US500219627001015,12,10,2
1000000US500219627001016,14,14,0
1000000US500219627001017,0,0,0
1000000US500219627001018,9,9,0
1000000US500219627001019,10,9,1
1000000US500219627001020,0,0,0
1000000US500219627001021,18,18,0
1000000US500219627001022,114,103,11
1000000US500219627001023,0,0,0
1000000US500219627001024,3,2,1
1000000US500219627001025,0,0,0
1000000US500219627001026,29,24,5
1000000US500219627001027,5,5,0
1000000US500219627001028,14,14,0
1000000US500219627001029,0,0,0
1000000US500219627001030,0,0,0
1000000US500219627001031,0,0,0
1000000US500219627001032,2,2,0
1000000US500219627001033,18,18,0
1000000US500219627001034,8,8,0
1000000US500219627001035,16,16,0
1000000US500219627001036,8,8,0
1000000US500219627001037,7,7,0
1000000US500219627001038,1,1,0
1000000US500219627001039,20,20,0
1000000US500219627001040,0,0,0
1000000US500219627001041,5,5,0
1000000US500219627001042,1,0,1
1000000US500219627002000,15,13,2
1000000US500219627002001,4,3,1
1000000US500219627002002,26,24,2
1000000US500219627002003,0,0,0
1000000US500219627002004,7,7,0
1000000US500219627002005,6,6,0
1000000US500219627002006,114,107,7
1000000US500219627002007,2,2,0
1000000US500219627002008,9,9,0
1000000US500219627002009,0,0,0
1000000US500219627002010,0,0,0
1000000US500219627002011,7,7,0
1000000US500219627002012,22,21,1
1000000US500219627002013,26,26,0
1000000US500219627002014,1,1,0
1000000US500219627002015,0,0,0
1000000US500219627002016,4,4,0
1000000US500219627002017,0,0,0
1000000US500219627002018,0,0,0
1000000US500219627002019,0,0,0
1000000US500219627002020,0,0,0
1000000US500219627002021,0,0,0
1000000US500219627002022,9,8,1
1000000US500219627002023,0,0,0
1000000US500219627002024,12,12,0
1000000US500219627002025,0,0,0
1000000US500219627002026,2,2,0
1000000US500219627002027,0,0,0
1000000US500219627002028,3,3,0
1000000US500219627002029,0,0,0
1000000US500219627002030,0,0,0
1000000US500219627002031,2,2,0
1000000US500219627002032,0,0,0
1000000US500219627002033,0,0,0
1000000US500219627002034,1,1,0
1000000US500219627002035,0,0,0
1000000US500219627002036,0,0,0
1000000US500219627002037,0,0,0
1000000US500219627002038,9,9,0
1000000US500219627002039,31,26,5
1000000US500219627002040,1,0,1
1000000US500219627002041,1,1,0
1000000US500219627002042,0,0,0
1000000US500219627002043,0,0,0
1000000US500219627002044,2,2,0
1000000US500219627002045,0,0,0
1000000US500219627002046,0,0,0
1000000US500219627002047,6,6,0
1000000US500219627002048,0,0,0
1000000US500219627002049,0,0,0
1000000US500219627002050,0,0,0
1000000US500219627002051,0,0,0
1000000US500219627002052,10,9,1
1000000US500219627002053,0,0,0
1000000US500219627002054,0,0,0
1000000US500219627002055,0,0,0
1000000US500219627002056,0,0,0
1000000US500219627002057,5,5,0
1000000US500219627002058,17,14,3
1000000US500219627002059,0,0,0
1000000US500219627002060,0,0,0
1000000US500219627002061,36,34,2
1000000US500219627002062,9,9,0
1000000US500219627002063,8,8,0
1000000US500219627002064,0,0,0
1000000US500219627002065,5,5,0
1000000US500219627002066,24,24,0
1000000US500219627002067,0,0,0
1000000US500219627002068,29,28,1
1000000US500219627002069,0,0,0
1000000US500219627002070,5,5,0
1000000US500219627002071,0,0,0
1000000US500219627002072,0,0,0
1000000US500219627002073,0,0,0
1000000US500219627002074,0,0,0
1000000US500219627002075,0,0,0
1000000US500219627002076,0,0,0
1000000US500219627002077,0,0,0
1000000US500219627002078,0,0,0
1000000US500219627002079,0,0,0
1000000US500219627002080,0,0,0
1000000US500219627002081,0,0,0
1000000US500219627002082,0,0,0
1000000US500219627002083,0,0,0
1000000US500219627002084,0,0,0
1000000US500219627002085,0,0,0
1000000US500219627002086,0,0,0
1000000US500219627002087,4,4,0
1000000US500219627003000,51,46,5
1000000US500219627003001,1,1,0
1000000US500219627003002,222,203,19
1000000US500219627003003,4,4,0
1000000US500219627003004,10,8,2
1000000US500219627003005,2,2,0
1000000US500219627003006,0,0,0
1000000US500219627003007,5,5,0
1000000US500219627003008,0,0,0
1000000US500219627003009,7,7,0
1000000US500219627003010,12,10,2
1000000US500219627003011,76,74,2
1000000US500219627003012,4,3,1
1000000US500219627003013,18,17,1
1000000US500219627003014,14,14,0
1000000US500219627003015,11,11,0
1000000US500219627003016,17,17,0
1000000US500219627003017,4,4,0
1000000US500219627003018,8,7,1
1000000US500219627003019,2,2,0
1000000US500219627003020,0,0,0
1000000US500219627003021,2,2,0
1000000US500219627003022,105,103,2
1000000US500219627003023,18,18,0
1000000US500219627003024,0,0,0
1000000US500219627003025,14,14,0
1000000US500219627003026,0,0,0
1000000US500219627003027,0,0,0
1000000US500219627003028,1,1,0
1000000US500219627003029,2,1,1
1000000US500219627003030,17,16,1
1000000US500219627003031,66,65,1
1000000US500219627003032,5,5,0
1000000US500219627003033,0,0,0
1000000US500219627003034,0,0,0
1000000US500219627003035,0,0,0
1000000US500219627003036,21,15,6
1000000US500219627003037,2,2,0
1000000US500219627003038,19,19,0
1000000US500219627003039,0,0,0
1000000US500219627003040,0,0,0
1000000US500219627003041,0,0,0
1000000US500219627003042,0,0,0
1000000US500219627003043,0,0,0
1000000US500219627003044,0,0,0
1000000US500219627003045,0,0,0
1000000US500219627003046,0,0,0
1000000US500219627003047,0,0,0
1000000US500219627003048,7,6,1
1000000US500219628001000,58,30,28
1000000US500219628001001,2,0,2
1000000US500219628001002,0,0,0
1000000US500219628001003,0,0,0
1000000US500219628001004,2,2,0
1000000US500219628001005,0,0,0
1000000US500219628001006,0,0,0
1000000US500219628001007,6,6,0
1000000US500219628001008,0,0,0
1000000US500219628001009,1,1,0
1000000US500219628001010,0,0,0
1000000US500219628001011,2,1,1
1000000US500219628001012,2,1,1
1000000US500219628001013,48,14,34
1000000US500219628001014,0,0,0
1000000US500219628001015,60,17,43
1000000US500219628001016,2,1,1
1000000US500219628001017,2,1,1
1000000US500219628001018,0,0,0
1000000US500219628001019,4,2,2
1000000US500219628001020,55,28,27
1000000US500219628001021,0,0,0
1000000US500219628001022,2,2,0
1000000US500219628001023,0,0,0
1000000US500219628001024,0,0,0
1000000US500219628001025,0,0,0
1000000US500219628001026,0,0,0
1000000US500219628001027,331,72,259
1000000US500219628001028,0,0,0
1000000US500219628001029,1,1,0
1000000US500219628001030,1,1,0
1000000US500219628001031,11,3,8
1000000US500219628001032,18,3,15
1000000US500219628001033,17,5,12
1000000US500219628001034,5,0,5
1000000US500219628001035,100,33,67
1000000US500219628001036,734,47,687
1000000US500219628001037,0,0,0
1000000US500219628001038,0,0,0
1000000US500219628001039,6,3,3
1000000US500219628001040,0,0,0
1000000US500219628001041,0,0,0
1000000US500219628001042,0,0,0
1000000US500219628001043,0,0,0
1000000US500219628001044,0,0,0
1000000US500219628001045,0,0,0
1000000US500219628001046,364,8,356
1000000US500219628001047,19,3,16
1000000US500219628001048,0,0,0
1000000US500219628001049,0,0,0
1000000US500219628001050,0,0,0
1000000US500219628001051,19,2,17
1000000US500219628001052,0,0,0
1000000US500219628001053,0,0,0
1000000US500219628001054,0,0,0
1000000US500219628001055,33,0,33
1000000US500219628001056,3,0,3
1000000US500219628001057,0,0,0
1000000US500219628001058,68,24,44
1000000US500219628001059,1,0,1
1000000US500219628001060,8,4,4
1000000US500219628001061,0,0,0
1000000US500219628001062,2,1,1
1000000US500219628001063,9,2,7
1000000US500219628001064,0,0,0
1000000US500219628001065,1,0,1
1000000US500219628001066,5,4,1
1000000US500219628001067,60,21,39
1000000US500219628001068,2,1,1
1000000US500219628001069,0,0,0
1000000US500219628001070,0,0,0
1000000US500219628001071,52,17,35
1000000US500219628001072,0,0,0
1000000US500219628001073,20,4,16
1000000US500219628001074,0,0,0
1000000US500219628001075,0,0,0
1000000US500219628001076,1,1,0
1000000US500219628001077,3,2,1
1000000US500219628001078,0,0,0
1000000US500219628001079,0,0,0
1000000US500219628001080,10,0,10
1000000US500219628001081,0,0,0
1000000US500219628001082,0,0,0
1000000US500219628001083,1,1,0
1000000US500219628001084,0,0,0
1000000US500219628001085,0,0,0
1000000US500219628001086,0,0,0
1000000US500219628001087,2,0,2
1000000US500219628001088,23,2,21
1000000US500219628001089,272,6,266
1000000US500219628001090,1,0,1
1000000US500219628001091,17,0,17
1000000US500219628001092,7,2,5
1000000US500219628001093,1,0,1
1000000US500219628001094,2,2,0
1000000US500219628001095,0,0,0
1000000US500219628001096,0,0,0
1000000US500219628001097,0,0,0
1000000US500219628001098,0,0,0
1000000US500219628001099,0,0,0
1000000US500219628001100,0,0,0
1000000US500219628001101,111,1,110
1000000US500219628001102,0,0,0
1000000US500219628001103,21,6,15
1000000US500219628001104,1,0,1
1000000US500219628001105,0,0,0
1000000US500219628001106,0,0,0
1000000US500219628001107,0,0,0
1000000US500219628001108,0,0,0
1000000US500219628001109,0,0,0
1000000US500219628002000,1,1,0
1000000US500219628002001,217,131,86
1000000US500219628002002,0,0,0
1000000US500219628002003,4,2,2
1000000US500219628002004,5,1,4
1000000US500219628002005,46,23,23
1000000US500219628002006,0,0,0
1000000US500219628002007,0,0,0
1000000US500219628002008,4,4,0
1000000US500219628002009,7,7,0
1000000US500219628002010,3,1,2
1000000US500219628002011,4,4,0
1000000US500219628002012,0,0,0
1000000US500219628002013,0,0,0
1000000US500219628002014,130,114,16
1000000US500219628002015,7,7,0
1000000US500219628002016,0,0,0
1000000US500219628002017,0,0,0
1000000US500219628002018,10,10,0
1000000US500219628002019,0,0,0
1000000US500219628002020,0,0,0
1000000US500219628002021,0,0,0
1000000US500219628002022,0,0,0
1000000US500219628002023,11,10,1
1000000US500219628002024,0,0,0
1000000US500219628002025,95,43,52
1000000US500219628002026,3,3,0
1000000US500219628002027,0,0,0
1000000US500219628002028,0,0,0
1000000US500219628002029,6,5,1
1000000US500219628002030,0,0,0
1000000US500219628002031,1,1,0
1000000US500219628002032,17,10,7
1000000US500219628002033,0,0,0
1000000US500219628002034,0,0,0
1000000US500219628002035,0,0,0
1000000US500219628002036,48,44,4
1000000US500219628002037,0,0,0
1000000US500219628002038,2,0,2
1000000US500219628002039,7,2,5
1000000US500219628002040,0,0,0
1000000US500219628002041,0,0,0
1000000US500219628002042,0,0,0
1000000US500219628002043,3,2,1
1000000US500219628002044,1,1,0
1000000US500219628002045,50,49,1
1000000US500219628002046,1,0,1
1000000US500219628002047,0,0,0
1000000US500219628003000,37,23,14
1000000US500219628003001,0,0,0
1000000US500219628003002,0,0,0
1000000US500219628003003,1,0,1
1000000US500219628003004,0,0,0
1000000US500219628003005,0,0,0
1000000US500219628003006,0,0,0
1000000US500219628003007,0,0,0
1000000US500219628003008,0,0,0
1000000US500219628003009,29,22,7
1000000US500219628003010,3,3,0
1000000US500219628003011,1,0,1
1000000US500219628003012,1,1,0
1000000US500219628003013,1,1,0
1000000US500219628003014,7,6,1
1000000US500219628003015,0,0,0
1000000US500219628003016,22,20,2
1000000US500219628003017,86,73,13
1000000US500219628003018,1,1,0
1000000US500219628003019,5,3,2
1000000US500219628003020,11,10,1
1000000US500219628003021,4,4,0
1000000US500219628003022,4,4,0
1000000US500219628003023,0,0,0
1000000US500219628003024,12,11,1
1000000US500219628003025,1,1,0
1000000US500219628003026,14,12,2
1000000US500219628003027,29,24,5
1000000US500219628003028,1,1,0
1000000US500219628003029,28,20,8
1000000US500219628003030,0,0,0
1000000US500219628003031,4,4,0
1000000US500219628003032,17,13,4
1000000US500219628003033,0,0,0
1000000US500219628003034,0,0,0
1000000US500219628003035,24,11,13
1000000US500219628003036,13,11,2
1000000US500219628003037,21,18,3
1000000US500219628003038,0,0,0
1000000US500219628003039,0,0,0
1000000US500219628003040,6,6,0
1000000US500219628003041,24,16,8
1000000US500219628003042,0,0,0
1000000US500219628003043,1,1,0
1000000US500219628003044,5,4,1
1000000US500219628003045,3,3,0
1000000US500219628003046,2,1,1
1000000US500219628003047,7,7,0
1000000US500219628003048,12,11,1
1000000US500219628003049,2,2,0
1000000US500219628003050,1,1,0
1000000US500219628003051,4,3,1
1000000US500219628003052,1,0,1
1000000US500219628003053,0,0,0
1000000US500219628003054,0,0,0
1000000US500219628003055,0,0,0
1000000US500219628003056,1,0,1
1000000US500219628003057,16,13,3
1000000US500219628003058,20,16,4
1000000US500219628003059,0,0,0
1000000US500219628003060,0,0,0
1000000US500219628003061,18,10,8
1000000US500219628003062,0,0,0
1000000US500219628003063,0,0,0
1000000US500219628003064,0,0,0
1000000US500219628003065,11,10,1
1000000US500219628003066,0,0,0
1000000US500219628003067,6,6,0
1000000US500219628003068,2,1,1
1000000US500219628003069,0,0,0
1000000US500219628003070,1,1,0
1000000US500219628003071,18,13,5
1000000US500219628003072,0,0,0
1000000US500219628003073,4,3,1
1000000US500219628003074,13,11,2
1000000US500219628003075,3,2,1
1000000US500219628003076,6,4,2
1000000US500219628003077,1,1,0
1000000US500219628003078,0,0,0
1000000US500219628003079,0,0,0
1000000US500219628003080,2,2,0
1000000US500219628003081,0,0,0
1000000US500219628003082,1,1,0
1000000US500219628003083,0,0,0
1000000US500219628003084,0,0,0
1000000US500219628003085,0,0,0
1000000US500219630001000,89,86,3
1000000US500219630001001,28,26,2
1000000US500219630001002,9,9,0
1000000US500219630001003,5,5,0
1000000US500219630001004,4,4,0
1000000US500219630001005,10,8,2
1000000US500219630001006,6,6,0
1000000US500219630001007,8,8,0
1000000US500219630001008,2,2,0
1000000US500219630001009,6,6,0
1000000US500219630001010,14,14,0
1000000US500219630001011,6,6,0
1000000US500219630001012,0,0,0
1000000US500219630001013,7,6,1
1000000US500219630001014,3,3,0
1000000US500219630001015,0,0,0
1000000US500219630001016,0,0,0
1000000US500219630001017,11,11,0
1000000US500219630001018,11,10,1
1000000US500219630001019,12,12,0
1000000US500219630001020,31,29,2
1000000US500219630001021,8,8,0
1000000US500219630001022,0,0,0
1000000US500219630001023,28,28,0
1000000US500219630001024,11,11,0
1000000US500219630001025,8,8,0
1000000US500219630001026,16,16,0
1000000US500219630001027,38,37,1
1000000US500219630001028,0,0,0
1000000US500219630002000,24,22,2
1000000US500219630002001,4,3,1
1000000US500219630002002,6,5,1
1000000US500219630002003,14,14,0
1000000US500219630002004,12,12,0
1000000US500219630002005,23,22,1
1000000US500219630002006,52,49,3
1000000US500219630002007,32,32,0
1000000US500219630002008,10,10,0
1000000US500219630002009,7,6,1
1000000US500219630002010,34,32,2
1000000US500219630002011,33,31,2
1000000US500219630002012,42,41,1
1000000US500219630002013,12,12,0
1000000US500219630002014,9,9,0
1000000US500219630002015,10,8,2
1000000US500219630002016,49,40,9
1000000US500219630002017,28,27,1
1000000US500219630003000,2,2,0
1000000US500219630003001,20,20,0
1000000US500219630003002,81,74,7
1000000US500219630003003,9,9,0
1000000US500219630003004,9,9,0
1000000US500219630003005,0,0,0
1000000US500219630003006,18,15,3
1000000US500219630003007,9,7,2
1000000US500219630003008,10,9,1
1000000US500219630003009,32,31,1
1000000US500219630003010,28,27,1
1000000US500219630003011,19,18,1
1000000US500219630003012,7,6,1
1000000US500219630003013,0,0,0
1000000US500219630003014,6,5,1
1000000US500219630003015,76,73,3
1000000US500219630003016,20,20,0
1000000US500219630003017,11,11,0
1000000US500219630003018,20,20,0
1000000US500219630003019,8,8,0
1000000US500219630003020,29,26,3
1000000US500219630003021,12,12,0
1000000US500219630003022,15,14,1
1000000US500219630003023,19,19,0
1000000US500219630003024,41,39,2
1000000US500219630003025,9,9,0
1000000US500219630003026,5,5,0
1000000US500219630003027,6,6,0
1000000US500219630003028,10,10,0
1000000US500219630003029,8,8,0
1000000US500219630003030,10,10,0
1000000US500219630003031,14,13,1
1000000US500219630004000,0,0,0
1000000US500219630004001,24,20,4
1000000US500219630004002,13,11,2
1000000US500219630004003,2,2,0
1000000US500219630004004,95,93,2
1000000US500219630004005,38,37,1
1000000US500219630004006,16,16,0
1000000US500219630004007,12,12,0
1000000US500219630004008,27,27,0
1000000US500219630004009,24,24,0
1000000US500219630004010,24,23,1
1000000US500219630005000,66,64,2
1000000US500219630005001,0,0,0
1000000US500219630005002,15,14,1
1000000US500219630005003,32,29,3
1000000US500219630005004,22,21,1
1000000US500219630005005,30,30,0
1000000US500219630005006,7,7,0
1000000US500219630005007,118,107,11
1000000US500219630005008,41,34,7
1000000US500219630005009,41,40,1
1000000US500219630005010,54,45,9
1000000US500219630005011,56,45,11
1000000US500219631001000,27,26,1
1000000US500219631001001,27,25,2
1000000US500219631001002,79,77,2
1000000US500219631001003,20,20,0
1000000US500219631001004,46,41,5
1000000US500219631001005,26,24,2
1000000US500219631001006,55,47,8
1000000US500219631001007,28,24,4
1000000US500219631001008,25,23,2
1000000US500219631001009,35,33,2
1000000US500219631001010,43,37,6
1000000US500219631001011,48,43,5
1000000US500219631001012,31,30,1
1000000US500219631001013,35,35,0
1000000US500219631001014,34,28,6
1000000US500219631002000,22,21,1
1000000US500219631002001,18,13,5
1000000US500219631002002,28,25,3
1000000US500219631002003,16,15,1
1000000US500219631002004,26,25,1
1000000US500219631002005,9,9,0
1000000US500219631002006,24,21,3
1000000US500219631002007,26,23,3
1000000US500219631002008,15,14,1
1000000US500219631002009,91,86,5
1000000US500219631002010,62,61,1
1000000US500219631002011,24,20,4
1000000US500219631002012,60,54,6
1000000US500219631002013,31,25,6
1000000US500219631002014,57,53,4
1000000US500219631002015,41,37,4
1000000US500219631003000,0,0,0
1000000US500219631003001,20,16,4
1000000US500219631003002,38,34,4
1000000US500219631003003,24,22,2
1000000US500219631003004,61,55,6
1000000US500219631003005,74,74,0
1000000US500219631003006,79,62,17
1000000US500219631003007,48,26,22
1000000US500219631003008,26,25,1
1000000US500219631003009,56,49,7
1000000US500219631003010,11,10,1
1000000US500219631003011,72,67,5
1000000US500219631003012,23,13,10
1000000US500219631003013,14,14,0
1000000US500219631003014,0,0,0
1000000US500219631003015,22,20,2
1000000US500219631003016,14,12,2
1000000US500219631003017,0,0,0
1000000US500219631003018,0,0,0
1000000US500219631003019,13,13,0
1000000US500219631003020,31,29,2
1000000US500219631003021,11,11,0
1000000US500219631003022,79,77,2
1000000US500219632001000,19,18,1
1000000US500219632001001,26,25,1
1000000US500219632001002,13,12,1
1000000US500219632001003,51,50,1
1000000US500219632001004,24,22,2
1000000US500219632001005,29,28,1
1000000US500219632001006,7,7,0
1000000US500219632001007,23,22,1
1000000US500219632001008,16,16,0
1000000US500219632001009,24,23,1
1000000US500219632001010,62,54,8
1000000US500219632002000,0,0,0
1000000US500219632002001,64,51,13
1000000US500219632002002,27,25,2
1000000US500219632002003,58,54,4
1000000US500219632002004,8,8,0
1000000US500219632002005,3,3,0
1000000US500219632002006,20,20,0
1000000US500219632002007,0,0,0
1000000US500219632002008,0,0,0
1000000US500219632002009,26,26,0
1000000US500219632002010,1,1,0
1000000US500219632002011,28,28,0
1000000US500219632002012,32,29,3
1000000US500219632002013,7,5,2
1000000US500219632002014,22,20,2
1000000US500219632002015,12,11,1
1000000US500219632002016,20,19,1
1000000US500219632003000,0,0,0
1000000US500219632003001,0,0,0
1000000US500219632003002,211,202,9
1000000US500219632003003,14,14,0
1000000US500219632003004,19,17,2
1000000US500219632003005,18,18,0
1000000US500219632003006,30,30,0
1000000US500219632003007,0,0,0
1000000US500219632003008,28,25,3
1000000US500219632003009,0,0,0
1000000US500219632003010,15,14,1
1000000US500219632003011,19,18,1
1000000US500219632003012,19,17,2
1000000US500219632003013,0,0,0
1000000US500219632003014,0,0,0
1000000US500219632003015,0,0,0
1000000US500219632003016,0,0,0
1000000US500219632003017,15,13,2
1000000US500219632003018,6,6,0
1000000US500219632003019,11,9,2
1000000US500219632003020,0,0,0
1000000US500219632003021,0,0,0
1000000US500219632004000,5,5,0
1000000US500219632004001,0,0,0
1000000US500219632004002,7,6,1
1000000US500219632004003,0,0,0
1000000US500219632004004,66,56,10
1000000US500219632004005,74,62,12
1000000US500219632004006,70,61,9
1000000US500219632004007,78,64,14
1000000US500219632004008,0,0,0
1000000US500219632004009,28,25,3
1000000US500219632004010,9,7,2
1000000US500219632004011,49,47,2
1000000US500219632004012,70,63,7
1000000US500219632004013,0,0,0
1000000US500219633001000,7,7,0
1000000US500219633001001,13,11,2
1000000US500219633001002,28,28,0
1000000US500219633001003,13,13,0
1000000US500219633001004,9,8,1
1000000US500219633001005,80,75,5
1000000US500219633001006,18,17,1
1000000US500219633001007,1,1,0
1000000US500219633001008,0,0,0
1000000US500219633001009,0,0,0
1000000US500219633001010,153,150,3
1000000US500219633001011,33,33,0
1000000US500219633001012,48,45,3
1000000US500219633001013,0,0,0
1000000US500219633001014,24,19,5
1000000US500219633001015,8,8,0
1000000US500219633001016,0,0,0
1000000US500219633001017,5,4,1
1000000US500219633001018,37,32,5
1000000US500219633001019,26,23,3
1000000US500219633001020,0,0,0
1000000US500219633001021,0,0,0
1000000US500219633001022,11,10,1
1000000US500219633001023,17,15,2
1000000US500219633001024,4,4,0
1000000US500219633001025,0,0,0
1000000US500219633001026,0,0,0
1000000US500219633001027,2,2,0
1000000US500219633001028,0,0,0
1000000US500219633001029,5,5,0
1000000US500219633001030,10,9,1
1000000US500219633001031,44,42,2
1000000US500219633001032,10,10,0
1000000US500219633001033,16,16,0
1000000US500219633002000,216,210,6
1000000US500219633002001,18,16,2
1000000US500219633002002,26,24,2
1000000US500219633002003,36,31,5
1000000US500219633002004,20,18,2
1000000US500219633002005,31,30,1
1000000US500219633002006,15,13,2
1000000US500219633002007,0,0,0
1000000US500219633002008,15,14,1
1000000US500219633002009,18,15,3
1000000US500219633002010,5,4,1
1000000US500219633002011,3,3,0
1000000US500219633002012,1,1,0
1000000US500219633002013,0,0,0
1000000US500219633002014,0,0,0
1000000US500219633002015,18,17,1
1000000US500219633002016,9,9,0
1000000US500219633003000,0,0,0
1000000US500219633003001,39,32,7
1000000US500219633003002,38,33,5
1000000US500219633003003,64,56,8
1000000US500219633003004,55,46,9
1000000US500219633003005,0,0,0
1000000US500219633003006,4,4,0
1000000US500219633003007,0,0,0
1000000US500219633003008,0,0,0
1000000US500219633003009,0,0,0
1000000US500219633003010,5,4,1
1000000US500219633003011,0,0,0
1000000US500219633003012,0,0,0
1000000US500219633003013,0,0,0
1000000US500219633003014,69,59,10
1000000US500219633003015,59,49,10
1000000US500219633003016,58,48,10
1000000US500219633003017,2,2,0
1000000US500219633003018,29,28,1
1000000US500219633003019,15,10,5
1000000US500219633003020,0,0,0
1000000US500219633003021,0,0,0
1000000US500219633003022,0,0,0
1000000US500219633003023,0,0,0
1000000US500219633003024,0,0,0
1000000US500219633003025,8,6,2
1000000US500219633003026,26,25,1
1000000US500219633003027,11,11,0
1000000US500219633003028,0,0,0
1000000US500219633004000,0,0,0
1000000US500219633004001,25,22,3
1000000US500219633004002,42,35,7
1000000US500219633004003,2,2,0
1000000US500219633004004,70,63,7
1000000US500219633004005,34,29,5
1000000US500219633004006,0,0,0
1000000US500219633004007,26,25,1
1000000US500219633004008,0,0,0
1000000US500219633004009,45,35,10
1000000US500219633004010,46,40,6
1000000US500219633004011,18,16,2
1000000US500219633004012,3,3,0
1000000US500219633004013,33,27,6
1000000US500219633004014,24,19,5
1000000US500219633005000,25,23,2
1000000US500219633005001,30,25,5
1000000US500219633005002,19,15,4
1000000US500219633005003,26,24,2
1000000US500219633005004,19,17,2
1000000US500219633005005,34,29,5
1000000US500219633005006,11,9,2
1000000US500219633005007,107,102,5
1000000US500219633006000,0,0,0
1000000US500219633006001,0,0,0
1000000US500219633006002,0,0,0
1000000US500219633006003,0,0,0
1000000US500219633006004,0,0,0
1000000US500219633006005,0,0,0
1000000US500219633006006,0,0,0
1000000US500219633006007,1,1,0
1000000US500219633006008,28,26,2
1000000US500219633006009,46,42,4
1000000US500219633006010,75,67,8
1000000US500219633006011,0,0,0
1000000US500219633006012,19,15,4
1000000US500219633006013,25,23,2
1000000US500219633006014,4,4,0
1000000US500219633006015,6,6,0
1000000US500219633006016,1,1,0
1000000US500219633006017,5,5,0
1000000US500219633006018,0,0,0
1000000US500219633006019,0,0,0
1000000US500219633006020,0,0,0
1000000US500219633006021,0,0,0
1000000US500219633006022,0,0,0
1000000US500219633006023,0,0,0
1000000US500219633006024,168,154,14
1000000US500219633006025,39,37,2
1000000US500219633006026,0,0,0
1000000US500219633006027,0,0,0
1000000US500219633006028,0,0,0
1000000US500219633006029,0,0,0
1000000US500219633006030,0,0,0
1000000US500219633006031,0,0,0
1000000US500219633006032,0,0,0
1000000US500219633006033,10,10,0
1000000US500219633006034,6,6,0
1000000US500219633006035,38,38,0
1000000US500219633006036,0,0,0
1000000US500219633006037,0,0,0
1000000US500219633006038,0,0,0
1000000US500219633006039,0,0,0
1000000US500219633006040,0,0,0
1000000US500219633006041,0,0,0
1000000US500219633006042,0,0,0
1000000US500219633006043,3,3,0
1000000US500219633006044,0,0,0
1000000US500219633006045,15,14,1
1000000US500219633006046,19,17,2
1000000US500219633006047,0,0,0
1000000US500219634001000,0,0,0
1000000US500219634001001,1,0,1
1000000US500219634001002,1,1,0
1000000US500219634001003,0,0,0
1000000US500219634001004,0,0,0
1000000US500219634001005,0,0,0
1000000US500219634001006,0,0,0
1000000US500219634001007,1,1,0
1000000US500219634001008,13,13,0
1000000US500219634001009,5,5,0
1000000US500219634001010,4,4,0
1000000US500219634001011,0,0,0
1000000US500219634001012,0,0,0
1000000US500219634001013,31,31,0
1000000US500219634001014,21,19,2
1000000US500219634001015,7,7,0
1000000US500219634001016,31,27,4
1000000US500219634001017,15,15,0
1000000US500219634001018,9,8,1
1000000US500219634001019,7,6,1
1000000US500219634001020,0,0,0
1000000US500219634001021,13,12,1
1000000US500219634001022,0,0,0
1000000US500219634001023,17,16,1
1000000US500219634001024,0,0,0
1000000US500219634001025,0,0,0
1000000US500219634001026,0,0,0
1000000US500219634001027,2,1,1
1000000US500219634001028,0,0,0
1000000US500219634001029,0,0,0
1000000US500219634001030,0,0,0
1000000US500219634001031,11,11,0
1000000US500219634001032,0,0,0
1000000US500219634001033,17,16,1
1000000US500219634001034,19,15,4
1000000US500219634001035,20,20,0
1000000US500219634001036,0,0,0
1000000US500219634001037,5,5,0
1000000US500219634001038,0,0,0
1000000US500219634001039,25,25,0
1000000US500219634001040,2,2,0
1000000US500219634001041,1,1,0
1000000US500219634001042,3,3,0
1000000US500219634001043,1,1,0
1000000US500219634001044,37,33,4
1000000US500219634001045,2,2,0
1000000US500219634001046,5,3,2
1000000US500219634001047,6,5,1
1000000US500219634001048,0,0,0
1000000US500219634001049,0,0,0
1000000US500219634001050,0,0,0
1000000US500219634001051,2,1,1
1000000US500219634001052,9,9,0
1000000US500219634001053,1,0,1
1000000US500219634001054,1,1,0
1000000US500219634001055,0,0,0
1000000US500219634001056,0,0,0
1000000US500219634001057,0,0,0
1000000US500219634001058,0,0,0
1000000US500219634001059,0,0,0
1000000US500219634001060,60,57,3
1000000US500219634001061,5,5,0
1000000US500219634001062,5,5,0
1000000US500219634001063,0,0,0
1000000US500219634001064,34,33,1
1000000US500219634001065,0,0,0
1000000US500219634001066,3,3,0
1000000US500219634001067,17,14,3
1000000US500219634001068,0,0,0
1000000US500219634001069,0,0,0
1000000US500219634001070,1,1,0
1000000US500219634001071,0,0,0
1000000US500219634001072,0,0,0
1000000US500219634002000,13,11,2
1000000US500219634002001,0,0,0
1000000US500219634002002,0,0,0
1000000US500219634002003,0,0,0
1000000US500219634002004,7,7,0
1000000US500219634002005,43,39,4
1000000US500219634002006,1,0,1
1000000US500219634002007,14,12,2
1000000US500219634002008,0,0,0
1000000US500219634002009,6,6,0
1000000US500219634002010,13,13,0
1000000US500219634002011,0,0,0
1000000US500219634002012,86,82,4
1000000US500219634002013,0,0,0
1000000US500219634002014,14,14,0
1000000US500219634002015,1,1,0
1000000US500219634002016,0,0,0
1000000US500219634002017,2,2,0
1000000US500219634002018,0,0,0
1000000US500219634002019,0,0,0
1000000US500219634002020,0,0,0
1000000US500219634002021,0,0,0
1000000US500219634002022,6,2,4
1000000US500219634002023,0,0,0
1000000US500219634002024,2,2,0
1000000US500219634002025,5,5,0
1000000US500219634002026,13,12,1
1000000US500219634002027,1,1,0
1000000US500219634002028,0,0,0
1000000US500219634002029,33,29,4
1000000US500219634002030,0,0,0
1000000US500219634002031,0,0,0
1000000US500219634002032,1,1,0
1000000US500219634002033,0,0,0
1000000US500219634002034,1,1,0
1000000US500219634002035,8,6,2
1000000US500219634002036,0,0,0
1000000US500219634002037,3,3,0
1000000US500219634002038,6,6,0
1000000US500219634002039,1,1,0
1000000US500219634002040,2,2,0
1000000US500219634002041,25,24,1
1000000US500219634002042,0,0,0
1000000US500219634002043,2,2,0
1000000US500219634002044,0,0,0
1000000US500219634002045,30,27,3
1000000US500219634002046,2,2,0
1000000US500219634002047,3,3,0
1000000US500219634002048,0,0,0
1000000US500219634002049,31,28,3
1000000US500219634002050,0,0,0
1000000US500219634002051,61,57,4
1000000US500219634002052,38,35,3
1000000US500219634002053,3,2,1
1000000US500219634002054,0,0,0
1000000US500219634002055,0,0,0
1000000US500219634002056,18,15,3
1000000US500219634002057,4,4,0
1000000US500219634002058,1,1,0
1000000US500219634002059,9,9,0
1000000US500219634002060,27,24,3
1000000US500219634002061,0,0,0
1000000US500219634002062,25,23,2
1000000US500219634002063,22,21,1
1000000US500219634002064,12,10,2
1000000US500219634002065,5,4,1
1000000US500219634002066,0,0,0
1000000US500219634002067,0,0,0
1000000US500219634002068,7,5,2
1000000US500219634002069,7,5,2
1000000US500219634002070,30,27,3
1000000US500219634002071,0,0,0
1000000US500219634002072,1,1,0
1000000US500219634002073,0,0,0
1000000US500219634002074,1,1,0
1000000US500219634002075,0,0,0
1000000US500219634002076,18,18,0
1000000US500219634002077,0,0,0
1000000US500219634002078,1,1,0
1000000US500219634002079,4,4,0
1000000US500219634002080,6,5,1
1000000US500219634002081,0,0,0
1000000US500219634002082,4,4,0
1000000US500219634002083,0,0,0
1000000US500219634002084,0,0,0
1000000US500219634002085,4,3,1
1000000US500219634002086,1,1,0
1000000US500219634002087,0,0,0
1000000US500219634002088,11,9,2
1000000US500219634002089,1,1,0
1000000US500219634002090,0,0,0
1000000US500219635001000,0,0,0
1000000US500219635001001,0,0,0
1000000US500219635001002,0,0,0
1000000US500219635001003,0,0,0
1000000US500219635001004,0,0,0
1000000US500219635001005,13,12,1
1000000US500219635001006,0,0,0
1000000US500219635001007,4,4,0
1000000US500219635001008,7,7,0
1000000US500219635001009,20,14,6
1000000US500219635001010,2,2,0
1000000US500219635001011,6,6,0
1000000US500219635001012,8,8,0
1000000US500219635001013,0,0,0
1000000US500219635001014,25,21,4
1000000US500219635001015,0,0,0
1000000US500219635001016,3,3,0
1000000US500219635001017,0,0,0
1000000US500219635001018,4,4,0
1000000US500219635001019,18,15,3
1000000US500219635001020,4,4,0
1000000US500219635001021,4,3,1
1000000US500219635001022,3,3,0
1000000US500219635001023,3,3,0
1000000US500219635001024,0,0,0
1000000US500219635001025,26,19,7
1000000US500219635001026,7,7,0
1000000US500219635001027,9,9,0
1000000US500219635001028,0,0,0
1000000US500219635001029,6,6,0
1000000US500219635001030,21,21,0
1000000US500219635001031,0,0,0
1000000US500219635001032,0,0,0
1000000US500219635002000,5,5,0
1000000US500219635002001,2,2,0
1000000US500219635002002,0,0,0
1000000US500219635002003,4,4,0
1000000US500219635002004,0,0,0
1000000US500219635002005,3,2,1
1000000US500219635002006,0,0,0
1000000US500219635002007,18,12,6
1000000US500219635002008,0,0,0
1000000US500219635002009,4,3,1
1000000US500219635002010,1,1,0
1000000US500219635002011,0,0,0
1000000US500219635002012,9,8,1
1000000US500219635002013,0,0,0
1000000US500219635002014,0,0,0
1000000US500219635002015,3,3,0
1000000US500219635002016,5,3,2
1000000US500219635002017,0,0,0
1000000US500219635002018,0,0,0
1000000US500219635002019,8,6,2
1000000US500219635002020,12,11,1
1000000US500219635002021,1,1,0
1000000US500219635002022,0,0,0
1000000US500219635002023,1,1,0
1000000US500219635002024,27,22,5
1000000US500219635002025,8,8,0
1000000US500219635002026,1,0,1
1000000US500219635002027,10,9,1
1000000US500219635002028,2,2,0
1000000US500219635002029,11,11,0
1000000US500219635002030,87,24,63
1000000US500219635002031,0,0,0
1000000US500219635002032,0,0,0
1000000US500219635002033,0,0,0
1000000US500219635002034,11,10,1
1000000US500219635002035,12,12,0
1000000US500219635002036,8,8,0
1000000US500219635002037,72,58,14
1000000US500219635002038,5,3,2
1000000US500219635002039,2,2,0
1000000US500219635002040,1,0,1
1000000US500219635002041,5,3,2
1000000US500219635002042,2,2,0
1000000US500219635002043,4,4,0
1000000US500219635002044,13,12,1
1000000US500219635002045,1,1,0
1000000US500219635002046,0,0,0
1000000US500219635002047,3,1,2
1000000US500219635002048,0,0,0
1000000US500219635002049,1,0,1
1000000US500219635002050,0,0,0
1000000US500219635003000,64,46,18
1000000US500219635003001,3,3,0
1000000US500219635003002,0,0,0
1000000US500219635003003,0,0,0
1000000US500219635003004,5,3,2
1000000US500219635003005,53,42,11
1000000US500219635003006,0,0,0
1000000US500219635003007,9,6,3
1000000US500219635003008,0,0,0
1000000US500219635003009,0,0,0
1000000US500219635003010,3,3,0
1000000US500219635003011,5,5,0
1000000US500219635003012,5,5,0
1000000US500219635003013,0,0,0
1000000US500219635003014,35,30,5
1000000US500219635003015,26,16,10
1000000US500219635003016,3,2,1
1000000US500219635003017,33,17,16
1000000US500219635003018,0,0,0
1000000US500219635003019,0,0,0
1000000US500219635003020,0,0,0
1000000US500219635003021,1,1,0
1000000US500219635003022,0,0,0
1000000US500219635003023,13,8,5
1000000US500219635003024,0,0,0
1000000US500219635003025,0,0,0
1000000US500219635003026,0,0,0
1000000US500219635003027,20,19,1
1000000US500219635003028,0,0,0
1000000US500219635003029,0,0,0
1000000US500219635003030,0,0,0
1000000US500219635003031,43,30,13
1000000US500219635003032,0,0,0
1000000US500219635003033,0,0,0
1000000US500219635003034,0,0,0
1000000US500219635003035,0,0,0
1000000US500219635003036,0,0,0
1000000US500219635003037,13,9,4
1000000US500219635003038,0,0,0
1000000US500219635003039,13,12,1
1000000US500219635003040,2,2,0
1000000US500219635003041,28,22,6
1000000US500219635003042,16,13,3
1000000US500219635003043,2,1,1
1000000US500219635003044,12,10,2
1000000US500219635003045,3,2,1
1000000US500219635003046,6,5,1
1000000US500219635003047,0,0,0
1000000US500219635003048,0,0,0
1000000US500219635003049,10,9,1
1000000US500219636001000,23,18,5
1000000US500219636001001,0,0,0
1000000US500219636001002,3,3,0
1000000US500219636001003,6,6,0
1000000US500219636001004,0,0,0
1000000US500219636001005,2,2,0
1000000US500219636001006,0,0,0
1000000US500219636001007,1,1,0
1000000US500219636001008,0,0,0
1000000US500219636001009,1,1,0
1000000US500219636001010,92,80,12
1000000US500219636001011,3,3,0
1000000US500219636001012,6,5,1
1000000US500219636001013,0,0,0
1000000US500219636001014,5,5,0
1000000US500219636001015,0,0,0
1000000US500219636001016,0,0,0
1000000US500219636001017,0,0,0
1000000US500219636001018,0,0,0
1000000US500219636001019,2,2,0
1000000US500219636001020,2,1,1
1000000US500219636001021,14,12,2
1000000US500219636001022,42,31,11
1000000US500219636001023,1,1,0
1000000US500219636001024,4,1,3
1000000US500219636001025,0,0,0
1000000US500219636001026,3,2,1
1000000US500219636001027,0,0,0
1000000US500219636001028,9,5,4
1000000US500219636001029,56,24,32
1000000US500219636001030,4,0,4
1000000US500219636001031,0,0,0
1000000US500219636001032,18,4,14
1000000US500219636001033,3,2,1
1000000US500219636001034,0,0,0
1000000US500219636001035,7,5,2
1000000US500219636001036,1,1,0
1000000US500219636001037,1,1,0
1000000US500219636001038,0,0,0
1000000US500219636001039,48,13,35
1000000US500219636001040,1,0,1
1000000US500219636001041,91,42,49
1000000US500219636001042,0,0,0
1000000US500219636001043,7,2,5
1000000US500219636001044,0,0,0
1000000US500219636001045,14,8,6
1000000US500219636001046,13,1,12
1000000US500219636001047,2,2,0
1000000US500219636001048,2,1,1
1000000US500219636001049,20,9,11
1000000US500219636001050,6,2,4
1000000US500219636001051,2,2,0
1000000US500219636001052,0,0,0
1000000US500219636001053,2,0,2
1000000US500219636001054,0,0,0
1000000US500219636001055,0,0,0
1000000US500219636001056,0,0,0
1000000US500219636001057,0,0,0
1000000US500219636001058,62,11,51
1000000US500219636001059,0,0,0
1000000US500219636001060,0,0,0
1000000US500219636001061,0,0,0
1000000US500219636001062,0,0,0
1000000US500219636001063,2,0,2
1000000US500219636001064,0,0,0
1000000US500219636001065,0,0,0
1000000US500219636001066,104,74,30
1000000US500219636001067,0,0,0
1000000US500219636001068,0,0,0
1000000US500219636001069,10,10,0
1000000US500219636001070,7,3,4
1000000US500219636001071,9,5,4
1000000US500219636001072,0,0,0
1000000US500219636001073,0,0,0
1000000US500219636001074,0,0,0
1000000US500219636001075,6,2,4
1000000US500219636001076,93,37,56
1000000US500219636001077,0,0,0
1000000US500219636001078,1,0,1
1000000US500219636001079,0,0,0
1000000US500219636001080,2,0,2
1000000US500219636001081,0,0,0
1000000US500219636001082,38,38,0
1000000US500219636001083,1,1,0
1000000US500219636001084,0,0,0
1000000US500219636001085,0,0,0
1000000US500219636001086,30,9,21
1000000US500219636001087,20,7,13
1000000US500219636001088,0,0,0
1000000US500219636001089,0,0,0
1000000US500219636001090,22,6,16
1000000US500219636001091,0,0,0
1000000US500219636001092,37,14,23
1000000US500219636001093,0,0,0
1000000US500219636001094,24,3,21
1000000US500219636001095,1,0,1
1000000US500219636001096,0,0,0
1000000US500219636001097,0,0,0
1000000US500219636001098,1,1,0
1000000US500219636001099,8,1,7
1000000US500219636001100,7,6,1
1000000US500219636001101,0,0,0
1000000US500219636001102,0,0,0
1000000US500219636001103,10,1,9
1000000US500219636001104,17,3,14
1000000US500219636001105,0,0,0
1000000US500219636001106,0,0,0
1000000US500219636001107,0,0,0
1000000US500219636001108,0,0,0
1000000US500219636001109,0,0,0
1000000US500219636001110,0,0,0
1000000US500219636001111,0,0,0
1000000US500219636001112,0,0,0
1000000US500219636001113,15,3,12
1000000US500219636001114,5,4,1
1000000US500219636001115,0,0,0
1000000US500219636001116,0,0,0
1000000US500219636001117,3,3,0
1000000US500219636001118,0,0,0
1000000US500219636001119,7,6,1
1000000US500219636001120,32,28,4
1000000US500219636001121,0,0,0
1000000US500219636001122,0,0,0
1000000US500219636001123,2,2,0
1000000US500219636001124,4,4,0
1000000US500219636001125,0,0,0
1000000US500219636001126,0,0,0
1000000US500219636001127,0,0,0
1000000US500219636001128,0,0,0
1000000US500219636001129,0,0,0
1000000US500219636001130,1,1,0
1000000US500219636001131,0,0,0
1000000US500219636001132,4,4,0
1000000US500219636002000,0,0,0
1000000US500219636002001,0,0,0
1000000US500219636002002,0,0,0
1000000US500219636002003,0,0,0
1000000US500219636002004,56,50,6
1000000US500219636002005,22,19,3
1000000US500219636002006,0,0,0
1000000US500219636002007,0,0,0
1000000US500219636002008,1,1,0
1000000US500219636002009,0,0,0
1000000US500219636002010,44,39,5
1000000US500219636002011,13,11,2
1000000US500219636002012,0,0,0
1000000US500219636002013,2,2,0
1000000US500219636002014,28,27,1
1000000US500219636002015,9,9,0
1000000US500219636002016,0,0,0
1000000US500219636002017,0,0,0
1000000US500219636002018,0,0,0
1000000US500219636002019,6,6,0
1000000US500219636002020,0,0,0
1000000US500219636002021,0,0,0
1000000US500219636002022,0,0,0
1000000US500219636002023,0,0,0
1000000US500219636002024,6,6,0
1000000US500219636002025,0,0,0
1000000US500219636002026,0,0,0
1000000US500219636002027,17,16,1
1000000US500219636002028,24,21,3
1000000US500219636002029,9,9,0
1000000US500219636002030,17,17,0
1000000US500219636002031,17,16,1
1000000US500219636002032,0,0,0
1000000US500219636002033,33,33,0
1000000US500219636002034,2,1,1
1000000US500219636002035,17,16,1
1000000US500219636002036,1,1,0
1000000US500219636002037,8,8,0
1000000US500219636002038,8,8,0
1000000US500219636002039,0,0,0
1000000US500219636002040,2,2,0
1000000US500219636002041,0,0,0
1000000US500219636002042,42,38,4
1000000US500219636002043,0,0,0
1000000US500219636002044,10,10,0
1000000US500219636002045,17,15,2
1000000US500219636002046,0,0,0
1000000US500219636002047,38,36,2
1000000US500219636002048,0,0,0
1000000US500219636002049,3,3,0
1000000US500219636002050,0,0,0
1000000US500219636002051,16,16,0
1000000US500219636002052,4,4,0
1000000US500219636002053,75,73,2
1000000US500219636002054,0,0,0
1000000US500219636002055,0,0,0
1000000US500219636002056,0,0,0
1000000US500219636002057,0,0,0
1000000US500219636002058,93,82,11
1000000US500219636002059,0,0,0
1000000US500219636002060,0,0,0
1000000US500219636002061,0,0,0
1000000US500219636002062,0,0,0
1000000US500219636002063,0,0,0
1000000US500219636002064,33,28,5
1000000US500219636002065,5,4,1
1000000US500219636002066,2,2,0
1000000US500219636002067,27,26,1
1000000US500219636002068,10,6,4
1000000US500219636002069,7,5,2
1000000US500219636002070,70,66,4
1000000US500219636002071,12,12,0
1000000US500219636002072,0,0,0
1000000US500219636002073,0,0,0
1000000US500219636002074,0,0,0
1000000US500219636002075,0,0,0
1000000US500219636002076,0,0,0
1000000US500219636002077,0,0,0
1000000US500219636002078,0,0,0
1000000US500219636002079,0,0,0
1000000US500219636002080,0,0,0
1000000US500219636002081,0,0,0
1000000US500219636002082,0,0,0
1000000US500219636002083,0,0,0
1000000US500219636002084,0,0,0
1000000US500219636002085,0,0,0
1000000US500219636002086,31,30,1
1000000US500219636002087,0,0,0
1000000US500219636002088,0,0,0
1000000US500219636002089,0,0,0
1000000US500219636002090,1,1,0
1000000US500219636002091,0,0,0
1000000US500219636002092,13,12,1
1000000US500219636002093,21,20,1
1000000US500219636002094,24,24,0
1000000US500219636002095,34,30,4
1000000US500219636002096,0,0,0
1000000US500219636002097,6,6,0
1000000US500219636002098,1,1,0
1000000US500219636002099,1,1,0
1000000US500219636002100,1,1,0
1000000US500219636002101,6,4,2
1000000US500219636002102,6,6,0
1000000US500219636002103,5,5,0
1000000US500219636002104,8,6,2
1000000US500219636002105,0,0,0
1000000US500219636002106,3,3,0
1000000US500219636002107,12,12,0
1000000US500219636002108,0,0,0
1000000US500219636002109,7,6,1
1000000US500219636002110,5,5,0
1000000US500219636002111,6,6,0
1000000US500219636002112,0,0,0
1000000US500219636002113,29,26,3
1000000US500219636002114,2,2,0
1000000US500219636002115,4,4,0
1000000US500219636002116,2,2,0
1000000US500219636002117,31,31,0
1000000US500219636002118,18,17,1
1000000US500219636002119,0,0,0
1000000US500219636002120,2,2,0
1000000US500219636002121,1,1,0
1000000US500219636002122,9,9,0
1000000US500219636002123,0,0,0
1000000US500219636002124,1,1,0
1000000US500219636002125,0,0,0
1000000US500219636002126,0,0,0
1000000US500219636002127,0,0,0
1000000US500219636002128,0,0,0
1000000US500219636002129,0,0,0
1000000US500219636002130,4,2,2
1000000US500219636002131,0,0,0
1000000US500219636002132,11,9,2
1000000US500219636002133,3,3,0
1000000US500219636002134,0,0,0
1000000US500219636002135,0,0,0
1000000US500219636002136,0,0,0
1000000US500219636002137,0,0,0
1000000US500219636002138,0,0,0
1000000US500219636002139,0,0,0
1000000US500219636002140,0,0,0
1000000US500219636002141,0,0,0
1000000US500219637001000,0,0,0
1000000US500219637001001,0,0,0
1000000US500219637001002,29,25,4
1000000US500219637001003,1,0,1
1000000US500219637001004,0,0,0
1000000US500219637001005,1,1,0
1000000US500219637001006,35,26,9
1000000US500219637001007,0,0,0
1000000US500219637001008,0,0,0
1000000US500219637001009,0,0,0
1000000US500219637001010,0,0,0
1000000US500219637001011,0,0,0
1000000US500219637001012,11,11,0
1000000US500219637001013,0,0,0
1000000US500219637001014,5,5,0
1000000US500219637001015,0,0,0
1000000US500219637001016,0,0,0
1000000US500219637001017,0,0,0
1000000US500219637001018,0,0,0
1000000US500219637001019,1,1,0
1000000US500219637001020,0,0,0
1000000US500219637001021,0,0,0
1000000US500219637001022,0,0,0
1000000US500219637001023,0,0,0
1000000US500219637001024,0,0,0
1000000US500219637001025,0,0,0
1000000US500219637001026,0,0,0
1000000US500219637001027,0,0,0
1000000US500219637001028,3,3,0
1000000US500219637001029,27,26,1
1000000US500219637001030,17,17,0
1000000US500219637001031,0,0,0
1000000US500219637001032,0,0,0
1000000US500219637001033,0,0,0
1000000US500219637001034,36,33,3
1000000US500219637001035,73,67,6
1000000US500219637001036,0,0,0
1000000US500219637001037,19,17,2
1000000US500219637001038,0,0,0
1000000US500219637001039,0,0,0
1000000US500219637001040,56,49,7
1000000US500219637001041,27,25,2
1000000US500219637001042,9,8,1
1000000US500219637001043,101,95,6
1000000US500219637001044,0,0,0
1000000US500219637001045,0,0,0
1000000US500219637001046,0,0,0
1000000US500219637001047,23,21,2
1000000US500219637001048,34,34,0
1000000US500219637001049,33,31,2
1000000US500219637001050,8,6,2
1000000US500219637001051,29,24,5
1000000US500219637001052,33,27,6
1000000US500219637001053,15,13,2
1000000US500219637001054,38,29,9
1000000US500219637001055,7,6,1
1000000US500219637001056,26,26,0
1000000US500219637001057,15,13,2
1000000US500219637001058,0,0,0
1000000US500219637001059,0,0,0
1000000US500219637001060,0,0,0
1000000US500219637002000,46,40,6
1000000US500219637002001,0,0,0
1000000US500219637002002,0,0,0
1000000US500219637002003,0,0,0
1000000US500219637002004,22,22,0
1000000US500219637002005,0,0,0
1000000US500219637002006,0,0,0
1000000US500219637002007,38,36,2
1000000US500219637002008,51,45,6
1000000US500219637002009,0,0,0
1000000US500219637002010,1,1,0
1000000US500219637002011,0,0,0
1000000US500219637002012,0,0,0
1000000US500219637002013,0,0,0
1000000US500219637002014,2,2,0
1000000US500219637002015,44,30,14
1000000US500219637002016,10,7,3
1000000US500219637002017,10,9,1
1000000US500219637002018,20,15,5
1000000US500219637002019,20,19,1
1000000US500219637002020,0,0,0
1000000US500219637002021,0,0,0
1000000US500219637002022,0,0,0
1000000US500219637002023,0,0,0
1000000US500219637002024,5,4,1
1000000US500219637002025,0,0,0
1000000US500219637002026,0,0,0
1000000US500219637002027,39,33,6
1000000US500219637002028,0,0,0
1000000US500219637002029,0,0,0
1000000US500219637002030,0,0,0
1000000US500219637002031,49,43,6
1000000US500219637002032,8,8,0
1000000US500219637002033,17,17,0
1000000US500219637002034,0,0,0
1000000US500219637002035,0,0,0
1000000US500219637002036,19,18,1
1000000US500219637002037,0,0,0
1000000US500219637002038,0,0,0
1000000US500219637002039,0,0,0
1000000US500219637002040,0,0,0
1000000US500219637002041,12,11,1
1000000US500219637002042,26,22,4
1000000US500219637002043,5,5,0
1000000US500219637002044,5,4,1
1000000US500219637002045,0,0,0
1000000US500219637002046,36,33,3
1000000US500219637002047,0,0,0
1000000US500219637002048,0,0,0
1000000US500219637002049,11,9,2
1000000US500219637002050,0,0,0
1000000US500219637002051,0,0,0
1000000US500219637002052,1,1,0
1000000US500219637002053,0,0,0
1000000US500219637002054,24,20,4
1000000US500219637002055,0,0,0
1000000US500219637002056,0,0,0
1000000US500219637002057,0,0,0
1000000US500219637002058,0,0,0
1000000US500219637002059,0,0,0
1000000US500219637002060,0,0,0
1000000US500219637002061,0,0,0
1000000US500219637002062,0,0,0
1000000US500219637002063,0,0,0
1000000US500219637002064,1,1,0
1000000US500219637002065,0,0,0
1000000US500219637002066,1,1,0
1000000US500219637002067,12,11,1
1000000US500219637002068,5,4,1
1000000US500219637002069,0,0,0
1000000US500219637002070,0,0,0
1000000US500219637002071,0,0,0
1000000US500219637002072,0,0,0
1000000US500219637002073,6,4,2
1000000US500219637002074,0,0,0
1000000US500219637002075,0,0,0
1000000US500219637002076,0,0,0
1000000US500219637002077,10,8,2
1000000US500219637002078,6,6,0
1000000US500219637002079,8,7,1
1000000US500219637002080,0,0,0
1000000US500219637002081,0,0,0
1000000US500219637002082,0,0,0
1000000US500219637002083,0,0,0
1000000US500219638001000,52,37,15
1000000US500219638001001,0,0,0
1000000US500219638001002,0,0,0
1000000US500219638001003,0,0,0
1000000US500219638001004,0,0,0
1000000US500219638001005,4,4,0
1000000US500219638001006,6,4,2
1000000US500219638001007,1,1,0
1000000US500219638001008,0,0,0
1000000US500219638001009,1,0,1
1000000US500219638001010,0,0,0
1000000US500219638001011,2,2,0
1000000US500219638001012,3,2,1
1000000US500219638001013,1,1,0
1000000US500219638001014,1,1,0
1000000US500219638001015,4,4,0
1000000US500219638001016,0,0,0
1000000US500219638001017,4,3,1
1000000US500219638001018,0,0,0
1000000US500219638001019,13,12,1
1000000US500219638001020,14,14,0
1000000US500219638001021,1,1,0
1000000US500219638001022,0,0,0
1000000US500219638001023,13,10,3
1000000US500219638001024,1,1,0
1000000US500219638001025,3,3,0
1000000US500219638001026,0,0,0
1000000US500219638001027,1,0,1
1000000US500219638001028,53,47,6
1000000US500219638001029,1,0,1
1000000US500219638001030,0,0,0
1000000US500219638001031,0,0,0
1000000US500219638001032,1,1,0
1000000US500219638001033,6,6,0
1000000US500219638001034,4,4,0
1000000US500219638001035,1,1,0
1000000US500219638001036,2,2,0
1000000US500219638001037,93,88,5
1000000US500219638001038,0,0,0
1000000US500219638001039,1,1,0
1000000US500219638001040,14,12,2
1000000US500219638001041,29,22,7
1000000US500219638001042,6,6,0
1000000US500219638001043,0,0,0
1000000US500219638001044,0,0,0
1000000US500219638001045,0,0,0
1000000US500219638001046,1,0,1
1000000US500219638001047,39,30,9
1000000US500219638001048,0,0,0
1000000US500219638001049,0,0,0
1000000US500219638001050,13,12,1
1000000US500219638001051,9,9,0
1000000US500219638001052,4,3,1
1000000US500219638001053,0,0,0
1000000US500219638001054,1,1,0
1000000US500219638001055,0,0,0
1000000US500219638001056,9,8,1
1000000US500219638001057,0,0,0
1000000US500219638001058,1,1,0
1000000US500219638001059,0,0,0
1000000US500219638001060,18,17,1
1000000US500219638001061,16,13,3
1000000US500219638001062,49,40,9
1000000US500219638001063,0,0,0
1000000US500219638001064,0,0,0
1000000US500219638001065,0,0,0
1000000US500219638001066,0,0,0
1000000US500219638001067,0,0,0
1000000US500219638001068,4,4,0
1000000US500219638001069,26,24,2
1000000US500219638001070,0,0,0
1000000US500219638001071,0,0,0
1000000US500219638001072,0,0,0
1000000US500219638001073,0,0,0
1000000US500219638001074,36,36,0
1000000US500219638001075,0,0,0
1000000US500219638002000,0,0,0
1000000US500219638002001,9,8,1
1000000US500219638002002,2,2,0
1000000US500219638002003,0,0,0
1000000US500219638002004,0,0,0
1000000US500219638002005,0,0,0
1000000US500219638002006,1,1,0
1000000US500219638002007,2,2,0
1000000US500219638002008,2,2,0
1000000US500219638002009,0,0,0
1000000US500219638002010,0,0,0
1000000US500219638002011,3,3,0
1000000US500219638002012,0,0,0
1000000US500219638002013,0,0,0
1000000US500219638002014,7,6,1
1000000US500219638002015,0,0,0
1000000US500219638002016,0,0,0
1000000US500219638002017,0,0,0
1000000US500219638002018,12,12,0
1000000US500219638002019,2,2,0
1000000US500219638002020,11,11,0
1000000US500219638002021,0,0,0
1000000US500219638002022,2,2,0
1000000US500219638002023,0,0,0
1000000US500219638002024,3,3,0
1000000US500219638002025,0,0,0
1000000US500219638002026,0,0,0
1000000US500219638002027,10,9,1
1000000US500219638002028,0,0,0
1000000US500219638002029,3,3,0
1000000US500219638002030,0,0,0
1000000US500219638002031,13,12,1
1000000US500219638002032,0,0,0
1000000US500219638002033,0,0,0
1000000US500219638002034,0,0,0
1000000US500219638002035,3,3,0
1000000US500219638002036,0,0,0
1000000US500219638002037,0,0,0
1000000US500219638002038,1,1,0
1000000US500219638002039,5,4,1
1000000US500219638002040,44,40,4
1000000US500219638002041,0,0,0
1000000US500219638002042,2,2,0
1000000US500219638002043,0,0,0
1000000US500219638002044,0,0,0
1000000US500219638002045,0,0,0
1000000US500219638002046,0,0,0
1000000US500219638002047,13,12,1
1000000US500219638002048,60,51,9
1000000US500219638002049,0,0,0
1000000US500219638002050,2,1,1
1000000US500219638002051,21,18,3
1000000US500219638002052,24,23,1
1000000US500219638002053,58,50,8
1000000US500219638002054,36,32,4
1000000US500219638002055,0,0,0
1000000US500219638002056,11,10,1
1000000US500219638002057,0,0,0
1000000US500219638002058,0,0,0
1000000US500219638002059,0,0,0
1000000US500219638002060,0,0,0
1000000US500219638002061,38,29,9
1000000US500219638002062,38,37,1
1000000US500219638002063,1,1,0
1000000US500219638002064,0,0,0
1000000US500219638002065,48,44,4
1000000US500219638002066,40,37,3
1000000US500219638002067,0,0,0
1000000US500219638002068,0,0,0
1000000US500219638002069,0,0,0
1000000US500219638002070,10,9,1
1000000US500219638002071,0,0,0
1000000US500219638002072,22,17,5
1000000US500219638002073,19,16,3
1000000US500219638002074,2,2,0
1000000US500219638002075,0,0,0
1000000US500219638002076,0,0,0
1000000US500219638003000,0,0,0
1000000US500219638003001,57,44,13
1000000US500219638003002,3,3,0
1000000US500219638003003,6,1,5
1000000US500219638003004,0,0,0
1000000US500219638003005,1,1,0
1000000US500219638003006,2,2,0
1000000US500219638003007,2,1,1
1000000US500219638003008,5,2,3
1000000US500219638003009,67,13,54
1000000US500219638003010,1,0,1
1000000US500219638003011,0,0,0
1000000US500219638003012,0,0,0
1000000US500219638003013,39,6,33
1000000US500219638003014,0,0,0
1000000US500219638003015,28,9,19
1000000US500219638003016,1,0,1
1000000US500219638003017,5,0,5
1000000US500219638003018,2,2,0
1000000US500219638003019,2,2,0
1000000US500219638003020,0,0,0
1000000US500219638003021,153,50,103
1000000US500219638003022,13,3,10
1000000US500219638003023,0,0,0
1000000US500219638003024,0,0,0
1000000US500219638003025,0,0,0
1000000US500219638003026,0,0,0
1000000US500219638003027,0,0,0
1000000US500219638003028,0,0,0
1000000US500219638003029,0,0,0
1000000US500219638003030,0,0,0
1000000US500219638003031,12,10,2
1000000US500219638003032,1,0,1
1000000US500219638003033,0,0,0
1000000US500219638003034,2,2,0
1000000US500219638003035,0,0,0
1000000US500219638003036,0,0,0
1000000US500219638003037,0,0,0
1000000US500219638003038,0,0,0
1000000US500219638003039,0,0,0
1000000US500219638003040,0,0,0
1000000US500219638003041,5,0,5
1000000US500219638003042,0,0,0
1000000US500219638003043,23,18,5
1000000US500219638003044,28,25,3
1000000US500219638003045,0,0,0
1000000US500219638003046,6,5,1
1000000US500219638003047,0,0,0
1000000US500219638003048,20,18,2
1000000US500219638003049,3,3,0
1000000US500219638003050,0,0,0
1000000US500219638003051,5,4,1
1000000US500219638003052,17,17,0
1000000US500219638003053,0,0,0
1000000US500219638003054,5,1,4
1000000US500219638003055,1,0,1
1000000US500219638003056,4,3,1
1000000US500219638003057,0,0,0
1000000US500219638003058,1,0,1
1000000US500219638003059,0,0,0
1000000US500219638003060,0,0,0
1000000US500219638003061,8,0,8
1000000US500219638003062,0,0,0
1000000US500219638003063,0,0,0
1000000US500219638003064,0,0,0
1000000US500219638004000,1,1,0
1000000US500219638004001,56,28,28
1000000US500219638004002,16,5,11
1000000US500219638004003,3,3,0
1000000US500219638004004,1,1,0
1000000US500219638004005,35,13,22
1000000US500219638004006,28,23,5
1000000US500219638004007,2,1,1
1000000US500219638004008,0,0,0
1000000US500219638004009,34,8,26
1000000US500219638004010,0,0,0
1000000US500219638004011,0,0,0
1000000US500219638004012,0,0,0
1000000US500219638004013,17,4,13
1000000US500219638004014,15,8,7
1000000US500219638004015,1,0,1
1000000US500219638004016,3,3,0
1000000US500219638004017,8,8,0
1000000US500219638004018,2,2,0
1000000US500219638004019,0,0,0
1000000US500219638004020,32,27,5
1000000US500219638004021,0,0,0
1000000US500219638004022,3,3,0
1000000US500219638004023,77,47,30
1000000US500219638004024,1,1,0
1000000US500219638004025,14,7,7
1000000US500219638004026,0,0,0
1000000US500219638004027,26,5,21
1000000US500219638004028,43,2,41
1000000US500219638004029,0,0,0
1000000US500219638004030,5,0,5
1000000US500219638004031,0,0,0
1000000US500219638004032,0,0,0
1000000US500219638004033,0,0,0
1000000US500219638004034,0,0,0
1000000US500219638004035,23,12,11
1000000US500219638004036,0,0,0
1000000US500219638004037,33,9,24
1000000US500219638004038,2,0,2
1000000US500219638004039,56,19,37
1000000US500219638004040,1,1,0
1000000US500219638004041,11,5,6
1000000US500219638004042,8,1,7
1000000US500219638004043,0,0,0
1000000US500219638004044,12,10,2
1000000US500219638004045,0,0,0
1000000US500219638004046,57,34,23
1000000US500219638004047,9,7,2
1000000US500219638004048,9,9,0
1000000US500219638004049,28,23,5
1000000US500219638004050,1,1,0
1000000US500219638004051,0,0,0
1000000US500219638004052,23,17,6
1000000US500219638004053,5,5,0
1000000US500219638004054,6,6,0
1000000US500219638004055,53,32,21
1000000US500219638004056,0,0,0
1000000US500219638004057,7,3,4
1000000US500219638004058,20,13,7
1000000US500219638004059,0,0,0
1000000US500219638004060,6,3,3
1000000US500219638004061,15,11,4
1000000US500219638004062,1,1,0
1000000US500219638004063,3,2,1
1000000US500219638004064,5,4,1
1000000US500219638004065,18,16,2
1000000US500219638004066,6,5,1
1000000US500219638004067,4,1,3
1000000US500219638004068,14,10,4
1000000US500219638004069,0,0,0
1000000US500219638004070,0,0,0
1000000US500219638004071,0,0,0
1000000US500219638004072,0,0,0
1000000US500219638004073,0,0,0
1000000US500219638004074,35,30,5
1000000US500219638004075,2,2,0
1000000US500219638004076,17,15,2
1000000US500219638004077,0,0,0
1000000US500219638004078,0,0,0
1000000US500219638004079,3,2,1
1000000US500219638004080,1,0,1
1000000US500219638004081,6,3,3
1000000US500219638004082,0,0,0
1000000US500219638004083,0,0,0
1000000US500219638004084,0,0,0
1000000US500219638004085,3,3,0
1000000US500219638004086,1,0,1
1000000US500219640001000,3,3,0
1000000US500219640001001,0,0,0
1000000US500219640001002,8,8,0
1000000US500219640001003,0,0,0
1000000US500219640001004,1,0,1
1000000US500219640001005,0,0,0
1000000US500219640001006,1,0,1
1000000US500219640001007,5,4,1
1000000US500219640001008,2,2,0
1000000US500219640001009,0,0,0
1000000US500219640001010,0,0,0
1000000US500219640001011,10,10,0
1000000US500219640001012,9,8,1
1000000US500219640001013,28,25,3
1000000US500219640001014,131,121,10
1000000US500219640001015,0,0,0
1000000US500219640001016,0,0,0
1000000US500219640001017,1,1,0
1000000US500219640001018,26,24,2
1000000US500219640001019,1,1,0
1000000US500219640001020,1,1,0
1000000US500219640001021,0,0,0
1000000US500219640001022,0,0,0
1000000US500219640001023,0,0,0
1000000US500219640001024,6,5,1
1000000US500219640001025,0,0,0
1000000US500219640001026,25,24,1
1000000US500219640001027,64,62,2
1000000US500219640001028,23,21,2
1000000US500219640001029,15,13,2
1000000US500219640001030,20,18,2
1000000US500219640001031,12,9,3
1000000US500219640001032,5,5,0
1000000US500219640001033,0,0,0
1000000US500219640001034,4,4,0
1000000US500219640001035,1,1,0
1000000US500219640001036,4,4,0
1000000US500219640001037,1,1,0
1000000US500219640001038,10,10,0
1000000US500219640001039,3,3,0
1000000US500219640002000,1,1,0
1000000US500219640002001,2,1,1
1000000US500219640002002,5,4,1
1000000US500219640002003,0,0,0
1000000US500219640002004,0,0,0
1000000US500219640002005,2,2,0
1000000US500219640002006,0,0,0
1000000US500219640002007,58,41,17
1000000US500219640002008,0,0,0
1000000US500219640002009,76,71,5
1000000US500219640002010,0,0,0
1000000US500219640002011,8,8,0
1000000US500219640002012,0,0,0
1000000US500219640002013,28,23,5
1000000US500219640002014,4,4,0
1000000US500219640002015,0,0,0
1000000US500219640002016,0,0,0
1000000US500219640002017,17,11,6
1000000US500219640002018,6,6,0
1000000US500219640002019,0,0,0
1000000US500219640002020,21,16,5
1000000US500219640002021,0,0,0
1000000US500219640002022,8,4,4
1000000US500219640002023,20,14,6
1000000US500219640002024,0,0,0
1000000US500219640002025,0,0,0
1000000US500219640002026,0,0,0
1000000US500219640002027,0,0,0
1000000US500219640002028,3,3,0
1000000US500219640002029,6,3,3
1000000US500219640002030,1,1,0
1000000US500219640002031,0,0,0
1000000US500219640002032,1,0,1
1000000US500219640002033,3,3,0
1000000US500219640002034,1,1,0
1000000US500219640002035,3,3,0
1000000US500219640002036,1,1,0
1000000US500219640002037,0,0,0
1000000US500219640002038,14,12,2
1000000US500219640002039,8,8,0
1000000US500219640002040,0,0,0
1000000US500219640002041,9,5,4
1000000US500219640002042,2,2,0
1000000US500219640002043,0,0,0
1000000US500219640002044,1,1,0
1000000US500219640002045,0,0,0
1000000US500219640002046,4,2,2
1000000US500219640002047,59,25,34
1000000US500219640002048,0,0,0
1000000US500219640002049,0,0,0
1000000US500219640002050,0,0,0
1000000US500219640002051,0,0,0
1000000US500219640002052,0,0,0
1000000US500219640002053,0,0,0
1000000US500219640002054,0,0,0
1000000US500219640002055,0,0,0
1000000US500219640002056,23,20,3
1000000US500219640002057,13,8,5
1000000US500219640002058,19,18,1
1000000US500219640002059,2,2,0
1000000US500219640002060,4,4,0
1000000US500219640002061,22,15,7
1000000US500219640002062,0,0,0
1000000US500219640002063,0,0,0
1000000US500219640002064,0,0,0
1000000US500219640002065,0,0,0
1000000US500219640002066,0,0,0
1000000US500219640002067,0,0,0
1000000US500219640002068,4,4,0
1000000US500219640002069,0,0,0
1000000US500219640002070,0,0,0
1000000US500219640002071,0,0,0
1000000US500219640002072,7,2,5
1000000US500219640002073,51,34,17
1000000US500219640002074,0,0,0
1000000US500219640002075,0,0,0
1000000US500219640002076,17,17,0
1000000US500219640002077,0,0,0
1000000US500219640002078,0,0,0
1000000US500219640002079,42,29,13
1000000US500219640002080,0,0,0
1000000US500219640002081,38,26,12
1000000US500219640002082,0,0,0
1000000US500219640002083,2,2,0
1000000US500219640002084,0,0,0
1000000US500219640002085,0,0,0
1000000US500219640002086,0,0,0
1000000US500219640002087,0,0,0
1000000US500219640002088,18,13,5
1000000US500219640002089,0,0,0
1000000US500219640002090,17,10,7
1000000US500219640002091,0,0,0
1000000US500219640002092,0,0,0
1000000US500219640002093,9,8,1
1000000US500219640002094,0,0,0
1000000US500219640002095,4,4,0
1000000US500219640002096,4,2,2
1000000US500219640002097,0,0,0
1000000US500219640002098,0,0,0
1000000US500219640002099,0,0,0
1000000US500219640002100,0,0,0
1000000US500219640002101,0,0,0
1000000US500219640002102,0,0,0
1000000US500219640002103,0,0,0
1000000US500219640002104,0,0,0
1000000US500219640002105,0,0,0
1000000US500219640002106,0,0,0
1000000US500219640002107,0,0,0
1000000US500219640002108,0,0,0
1000000US500219640002109,0,0,0
1000000US500219640002110,0,0,0
1000000US500219640003000,9,4,5
1000000US500219640003001,2,1,1
1000000US500219640003002,47,6,41
1000000US500219640003003,0,0,0
1000000US500219640003004,0,0,0
1000000US500219640003005,12,5,7
1000000US500219640003006,1,0,1
1000000US500219640003007,3,2,1
1000000US500219640003008,3,2,1
1000000US500219640003009,12,6,6
1000000US500219640003010,1,1,0
1000000US500219640003011,1,1,0
1000000US500219640003012,1,1,0
1000000US500219640003013,6,6,0
1000000US500219640003014,1,0,1
1000000US500219640003015,3,2,1
1000000US500219640003016,1,1,0
1000000US500219640003017,2,1,1
1000000US500219640003018,21,9,12
1000000US500219640003019,2,2,0
1000000US500219640003020,0,0,0
1000000US500219640003021,4,4,0
1000000US500219640003022,11,7,4
1000000US500219640003023,1,0,1
1000000US500219640003024,0,0,0
1000000US500219640003025,12,7,5
1000000US500219640003026,0,0,0
1000000US500219640003027,5,4,1
1000000US500219640003028,48,34,14
1000000US500219640003029,0,0,0
1000000US500219640003030,7,5,2
1000000US500219640003031,6,3,3
1000000US500219640003032,10,5,5
1000000US500219640003033,0,0,0
1000000US500219640003034,15,11,4
1000000US500219640003035,20,9,11
1000000US500219640003036,17,10,7
1000000US500219640003037,8,4,4
1000000US500219640003038,10,1,9
1000000US500219640003039,4,1,3
1000000US500219640003040,9,5,4
1000000US500219640003041,11,6,5
1000000US500219640003042,13,10,3
1000000US500219640003043,1,0,1
1000000US500219640003044,8,7,1
1000000US500219640003045,2,2,0
1000000US500219640003046,5,1,4
1000000US500219640003047,0,0,0
1000000US500219640003048,1,0,1
1000000US500219640003049,10,7,3
1000000US500219640003050,5,3,2
1000000US500219640003051,10,9,1
1000000US500219640003052,2,2,0
1000000US500219640003053,1,1,0
1000000US500219640003054,3,2,1
1000000US500219640003055,0,0,0
1000000US500219640003056,0,0,0
1000000US500219640003057,0,0,0
1000000US500219640003058,3,0,3
1000000US500219640003059,18,9,9
1000000US500219640003060,4,4,0
1000000US500219640003061,2,1,1
1000000US500219640003062,0,0,0
1000000US500219640003063,1,1,0
1000000US500219640003064,9,5,4
1000000US500219640003065,0,0,0
1000000US500219640003066,100,46,54
1000000US500219640003067,0,0,0
1000000US500219640003068,0,0,0
1000000US500219640003069,6,4,2
1000000US500219640003070,2,1,1
1000000US500219640003071,0,0,0
1000000US500219640003072,9,2,7
1000000US500219640003073,35,14,21
1000000US500219640003074,8,2,6
1000000US500219640003075,2,2,0
1000000US500219640003076,6,0,6
1000000US500219640003077,6,6,0
1000000US500219640003078,8,6,2
1000000US500219640003079,124,54,70
1000000US500219640003080,6,1,5
1000000US500219640003081,3,1,2
1000000US500219640003082,1,0,1
1000000US500219640003083,7,4,3
1000000US500219640003084,4,4,0
1000000US500219640003085,5,3,2
1000000US500219640003086,3,3,0
1000000US500219640003087,3,3,0
1000000US500219640003088,4,2,2
1000000US500219640003089,2,2,0
1000000US500219640003090,0,0,0
1000000US500219640003091,0,0,0
1000000US500219640003092,0,0,0
1000000US500219640003093,0,0,0
1000000US500219640003094,0,0,0
1000000US500219640003095,2,1,1
1000000US500219640003096,84,53,31
1000000US500219640003097,0,0,0
1000000US500219640003098,0,0,0
1000000US500219640003099,6,1,5
1000000US500219640003100,5,4,1
1000000US500219640003101,0,0,0
1000000US500219640003102,5,2,3
1000000US500219640003103,26,16,10
1000000US500219640003104,6,3,3
1000000US500219640003105,30,12,18
1000000US500219640003106,4,3,1
1000000US500219640003107,2,0,2
1000000US500219640003108,1,1,0
1000000US500219640003109,40,16,24
1000000US500219640003110,5,2,3
1000000US500219640003111,4,4,0
1000000US500219640003112,7,6,1
1000000US500219640003113,2,0,2
1000000US500219640003114,15,5,10
1000000US500219640003115,30,22,8
1000000US500219640003116,0,0,0
1000000US500219640003117,1,0,1
1000000US500219642001000,0,0,0
1000000US500219642001001,0,0,0
1000000US500219642001002,0,0,0
1000000US500219642001003,14,11,3
1000000US500219642001004,29,25,4
1000000US500219642001005,18,16,2
1000000US500219642001006,1,1,0
1000000US500219642001007,6,5,1
1000000US500219642001008,3,3,0
1000000US500219642001009,0,0,0
1000000US500219642001010,0,0,0
1000000US500219642001011,0,0,0
1000000US500219642001012,5,4,1
1000000US500219642001013,0,0,0
1000000US500219642001014,13,11,2
1000000US500219642001015,19,15,4
1000000US500219642001016,43,30,13
1000000US500219642001017,1,1,0
1000000US500219642001018,22,20,2
1000000US500219642001019,43,31,12
1000000US500219642001020,0,0,0
1000000US500219642001021,42,27,15
1000000US500219642001022,0,0,0
1000000US500219642001023,0,0,0
1000000US500219642001024,6,5,1
1000000US500219642001025,4,3,1
1000000US500219642001026,47,32,15
1000000US500219642001027,2,1,1
1000000US500219642001028,0,0,0
1000000US500219642001029,41,24,17
1000000US500219642001030,1,1,0
1000000US500219642001031,0,0,0
1000000US500219642001032,0,0,0
1000000US500219642001033,0,0,0
1000000US500219642001034,0,0,0
1000000US500219642001035,0,0,0
1000000US500219642001036,0,0,0
1000000US500219642001037,1,0,1
1000000US500219642001038,0,0,0
1000000US500219642001039,9,5,4
1000000US500219642001040,2,2,0
1000000US500219642001041,10,5,5
1000000US500219642001042,11,8,3
1000000US500219642001043,3,2,1
1000000US500219642001044,0,0,0
1000000US500219642001045,1,1,0
1000000US500219642001046,2,1,1
1000000US500219642001047,58,40,18
1000000US500219642001048,0,0,0
1000000US500219642001049,0,0,0
1000000US500219642001050,0,0,0
1000000US500219642001051,3,3,0
1000000US500219642001052,0,0,0
1000000US500219642001053,2,1,1
1000000US500219642001054,2,0,2
1000000US500219642001055,5,4,1
1000000US500219642001056,1,1,0
1000000US500219642001057,6,5,1
1000000US500219642001058,25,18,7
1000000US500219642001059,0,0,0
1000000US500219642001060,0,0,0
1000000US500219642001061,0,0,0
1000000US500219642001062,81,66,15
1000000US500219642001063,7,6,1
1000000US500219642001064,15,12,3
1000000US500219642001065,0,0,0
1000000US500219642001066,0,0,0
1000000US500219642001067,0,0,0
1000000US500219642001068,0,0,0
1000000US500219642001069,0,0,0
1000000US500219642001070,0,0,0
1000000US500219642001071,0,0,0
1000000US500219642001072,1,1,0
1000000US500219642001073,0,0,0
1000000US500219642001074,0,0,0
1000000US500219642001075,0,0,0
1000000US500219642001076,2,2,0
1000000US500219642001077,11,7,4
1000000US500219642001078,5,5,0
1000000US500219642001079,9,7,2
1000000US500219642001080,1,0,1
1000000US500219642001081,6,3,3
1000000US500219642001082,1,1,0
1000000US500219642001083,5,4,1
1000000US500219642001084,0,0,0
1000000US500219642001085,8,5,3
1000000US500219642001086,13,11,2
1000000US500219642001087,25,19,6
1000000US500219642001088,17,15,2
1000000US500219642001089,0,0,0
1000000US500219642001090,25,23,2
1000000US500219642001091,1,1,0
1000000US500219642002000,0,0,0
1000000US500219642002001,5,5,0
1000000US500219642002002,0,0,0
1000000US500219642002003,0,0,0
1000000US500219642002004,0,0,0
1000000US500219642002005,0,0,0
1000000US500219642002006,0,0,0
1000000US500219642002007,0,0,0
1000000US500219642002008,0,0,0
1000000US500219642002009,0,0,0
1000000US500219642002010,0,0,0
1000000US500219642002011,0,0,0
1000000US500219642002012,0,0,0
1000000US500219642002013,0,0,0
1000000US500219642002014,0,0,0
1000000US500219642002015,0,0,0
1000000US500219642002016,0,0,0
1000000US500219642002017,0,0,0
1000000US500219642002018,0,0,0
1000000US500219642002019,0,0,0
1000000US500219642002020,24,14,10
1000000US500219642002021,0,0,0
1000000US500219642002022,0,0,0
1000000US500219642002023,0,0,0
1000000US500219642002024,20,15,5
1000000US500219642002025,2,2,0
1000000US500219642002026,7,5,2
1000000US500219642002027,1,1,0
1000000US500219642002028,0,0,0
1000000US500219642002029,4,4,0
1000000US500219642002030,14,14,0
1000000US500219642002031,2,2,0
1000000US500219642002032,1,1,0
1000000US500219642002033,0,0,0
1000000US500219642002034,0,0,0
1000000US500219642002035,10,8,2
1000000US500219642002036,4,3,1
1000000US500219642002037,0,0,0
1000000US500219642002038,2,2,0
1000000US500219642002039,11,9,2
1000000US500219642002040,7,7,0
1000000US500219642002041,16,12,4
1000000US500219642002042,0,0,0
1000000US500219642002043,0,0,0
1000000US500219642002044,1,1,0
1000000US500219642002045,1,1,0
1000000US500219642002046,0,0,0
1000000US500219642002047,0,0,0
1000000US500219642002048,7,4,3
1000000US500219642002049,0,0,0
1000000US500219642002050,1,1,0
1000000US500219642002051,11,3,8
1000000US500219642002052,0,0,0
1000000US500219642002053,0,0,0
1000000US500219642002054,0,0,0
1000000US500219642002055,2,2,0
1000000US500219642002056,0,0,0
1000000US500219642002057,0,0,0
1000000US500219643001000,16,10,6
1000000US500219643001001,0,0,0
1000000US500219643001002,70,47,23
1000000US500219643001003,1,1,0
1000000US500219643001004,0,0,0
1000000US500219643001005,6,6,0
1000000US500219643001006,6,3,3
1000000US500219643001007,3,2,1
1000000US500219643001008,40,32,8
1000000US500219643001009,6,6,0
1000000US500219643001010,2,2,0
1000000US500219643001011,4,4,0
1000000US500219643001012,3,3,0
1000000US500219643001013,5,3,2
1000000US500219643001014,9,8,1
1000000US500219643001015,11,9,2
1000000US500219643001016,3,3,0
1000000US500219643001017,13,11,2
1000000US500219643001018,10,8,2
1000000US500219643001019,41,33,8
1000000US500219643001020,0,0,0
1000000US500219643001021,0,0,0
1000000US500219643001022,1,1,0
1000000US500219643001023,0,0,0
1000000US500219643001024,4,3,1
1000000US500219643001025,49,40,9
1000000US500219643001026,3,2,1
1000000US500219643001027,0,0,0
1000000US500219643001028,23,17,6
1000000US500219643001029,2,1,1
1000000US500219643001030,0,0,0
1000000US500219643001031,1,1,0
1000000US500219643001032,4,4,0
1000000US500219643001033,0,0,0
1000000US500219643001034,2,0,2
1000000US500219643001035,0,0,0
1000000US500219643001036,3,3,0
1000000US500219643001037,0,0,0
1000000US500219643002000,16,15,1
1000000US500219643002001,0,0,0
1000000US500219643002002,9,8,1
1000000US500219643002003,2,2,0
1000000US500219643002004,0,0,0
1000000US500219643002005,6,5,1
1000000US500219643002006,12,12,0
1000000US500219643002007,1,1,0
1000000US500219643002008,0,0,0
1000000US500219643002009,1,0,1
1000000US500219643002010,5,2,3
1000000US500219643002011,0,0,0
1000000US500219643002012,0,0,0
1000000US500219643002013,0,0,0
1000000US500219643002014,6,3,3
1000000US500219643002015,1,0,1
1000000US500219643002016,1,1,0
1000000US500219643002017,13,12,1
1000000US500219643002018,0,0,0
1000000US500219643002019,0,0,0
1000000US500219643002020,0,0,0
1000000US500219643002021,4,3,1
1000000US500219643002022,19,18,1
1000000US500219643002023,0,0,0
1000000US500219643002024,1,1,0
1000000US500219643002025,0,0,0
1000000US500219643002026,8,5,3
1000000US500219643002027,0,0,0
1000000US500219643002028,1,0,1
1000000US500219643002029,0,0,0
1000000US500219643002030,0,0,0
1000000US500219643002031,80,69,11
1000000US500219643002032,1,1,0
1000000US500219643002033,9,8,1
1000000US500219643002034,1,1,0
1000000US500219643002035,0,0,0
1000000US500219643002036,4,4,0
1000000US500219643002037,14,9,5
1000000US500219643002038,10,8,2
1000000US500219643002039,37,33,4
1000000US500219643002040,17,13,4
1000000US500219643002041,13,9,4
1000000US500219643002042,1,1,0
1000000US500219643002043,20,8,12
1000000US500219643002044,0,0,0
1000000US500219643002045,10,5,5
1000000US500219643002046,0,0,0
1000000US500219643002047,0,0,0
1000000US500219643002048,15,12,3
1000000US500219643002049,29,21,8
1000000US500219643002050,0,0,0
1000000US500219643002051,15,11,4
1000000US500219643002052,0,0,0
1000000US500219643002053,0,0,0
1000000US500219643002054,0,0,0
1000000US500219643002055,1,1,0
1000000US500219643002056,0,0,0
1000000US500219643002057,4,4,0
1000000US500219643002058,1,1,0
1000000US500219643002059,0,0,0
1000000US500219643002060,0,0,0
1000000US500219643002061,3,2,1
1000000US500219643002062,0,0,0
1000000US500219643002063,0,0,0
1000000US500219643002064,10,9,1
1000000US500219643002065,0,0,0
1000000US500219643002066,21,19,2
1000000US500219643002067,0,0,0
1000000US500219643002068,0,0,0
1000000US500219643002069,5,4,1
1000000US500219643002070,0,0,0
1000000US500219643002071,0,0,0
1000000US500219643002072,1,1,0
1000000US500219643002073,0,0,0
1000000US500219643002074,0,0,0
1000000US500219643002075,2,1,1
1000000US500219643002076,0,0,0
1000000US500219643002077,0,0,0
1000000US500239540001000,0,0,0
1000000US500239540001001,21,6,15
1000000US500239540001002,2,2,0
1000000US500239540001003,0,0,0
1000000US500239540001004,14,8,6
1000000US500239540001005,28,25,3
1000000US500239540001006,46,44,2
1000000US500239540001007,8,8,0
1000000US500239540001008,9,5,4
1000000US500239540001009,17,11,6
1000000US500239540001010,1,1,0
1000000US500239540001011,1,0,1
1000000US500239540001012,0,0,0
1000000US500239540001013,88,59,29
1000000US500239540001014,2,1,1
1000000US500239540001015,1,1,0
1000000US500239540001016,7,7,0
1000000US500239540001017,27,23,4
1000000US500239540001018,36,8,28
1000000US500239540001019,0,0,0
1000000US500239540001020,1,0,1
1000000US500239540001021,0,0,0
1000000US500239540001022,0,0,0
1000000US500239540001023,0,0,0
1000000US500239540001024,25,21,4
1000000US500239540001025,0,0,0
1000000US500239540001026,12,10,2
1000000US500239540001027,0,0,0
1000000US500239540001028,2,2,0
1000000US500239540001029,0,0,0
1000000US500239540001030,15,14,1
1000000US500239540001031,0,0,0
1000000US500239540001032,7,4,3
1000000US500239540001033,0,0,0
1000000US500239540001034,25,16,9
1000000US500239540001035,0,0,0
1000000US500239540001036,0,0,0
1000000US500239540001037,1,0,1
1000000US500239540001038,1,1,0
1000000US500239540001039,10,5,5
1000000US500239540001040,17,13,4
1000000US500239540001041,1,1,0
1000000US500239540001042,6,4,2
1000000US500239540001043,0,0,0
1000000US500239540001044,1,1,0
1000000US500239540001045,4,4,0
1000000US500239540001046,2,2,0
1000000US500239540001047,8,3,5
1000000US500239540001048,1,1,0
1000000US500239540001049,7,5,2
1000000US500239540001050,11,9,2
1000000US500239540001051,20,15,5
1000000US500239540001052,16,14,2
1000000US500239540001053,47,39,8
1000000US500239540001054,2,0,2
1000000US500239540001055,8,7,1
1000000US500239540001056,0,0,0
1000000US500239540001057,7,6,1
1000000US500239540001058,6,6,0
1000000US500239540001059,33,28,5
1000000US500239540001060,5,4,1
1000000US500239540001061,5,4,1
1000000US500239540001062,0,0,0
1000000US500239540001063,5,5,0
1000000US500239540001064,3,3,0
1000000US500239540001065,10,2,8
1000000US500239540001066,0,0,0
1000000US500239540001067,18,15,3
1000000US500239540001068,0,0,0
1000000US500239540001069,19,13,6
1000000US500239540001070,0,0,0
1000000US500239540001071,9,9,0
1000000US500239540001072,0,0,0
1000000US500239540001073,0,0,0
1000000US500239540001074,0,0,0
1000000US500239540001075,0,0,0
1000000US500239540001076,7,5,2
1000000US500239540001077,0,0,0
1000000US500239540001078,0,0,0
1000000US500239540001079,0,0,0
1000000US500239540001080,6,4,2
1000000US500239540001081,0,0,0
1000000US500239540001082,0,0,0
1000000US500239540001083,0,0,0
1000000US500239540001084,1,1,0
1000000US500239540001085,0,0,0
1000000US500239540001086,0,0,0
1000000US500239540001087,1,1,0
1000000US500239540001088,1,1,0
1000000US500239540001089,0,0,0
1000000US500239540001090,0,0,0
1000000US500239540001091,0,0,0
1000000US500239540001092,0,0,0
1000000US500239540001093,0,0,0
1000000US500239540001094,0,0,0
1000000US500239540001095,0,0,0
1000000US500239540001096,4,4,0
1000000US500239540001097,1,1,0
1000000US500239540001098,0,0,0
1000000US500239540001099,0,0,0
1000000US500239540001100,0,0,0
1000000US500239540001101,2,1,1
1000000US500239540001102,0,0,0
1000000US500239540001103,0,0,0
1000000US500239540001104,32,30,2
1000000US500239540001105,24,15,9
1000000US500239540001106,1,1,0
1000000US500239540001107,2,2,0
1000000US500239540001108,0,0,0
1000000US500239540001109,1,1,0
1000000US500239540001110,0,0,0
1000000US500239540001111,6,4,2
1000000US500239540001112,0,0,0
1000000US500239540001113,0,0,0
1000000US500239540001114,0,0,0
1000000US500239540001115,1,1,0
1000000US500239540001116,3,3,0
1000000US500239540001117,0,0,0
1000000US500239540001118,0,0,0
1000000US500239540002000,14,12,2
1000000US500239540002001,0,0,0
1000000US500239540002002,5,5,0
1000000US500239540002003,73,56,17
1000000US500239540002004,0,0,0
1000000US500239540002005,2,1,1
1000000US500239540002006,5,0,5
1000000US500239540002007,0,0,0
1000000US500239540002008,18,17,1
1000000US500239540002009,0,0,0
1000000US500239540002010,0,0,0
1000000US500239540002011,0,0,0
1000000US500239540002012,2,2,0
1000000US500239540002013,2,2,0
1000000US500239540002014,0,0,0
1000000US500239540002015,2,1,1
1000000US500239540002016,2,2,0
1000000US500239540002017,10,10,0
1000000US500239540002018,1,1,0
1000000US500239540002019,2,2,0
1000000US500239540002020,0,0,0
1000000US500239540002021,2,2,0
1000000US500239540002022,10,9,1
1000000US500239540002023,0,0,0
1000000US500239540002024,0,0,0
1000000US500239540002025,19,16,3
1000000US500239540002026,0,0,0
1000000US500239540002027,2,1,1
1000000US500239540002028,3,2,1
1000000US500239540002029,0,0,0
1000000US500239540002030,8,8,0
1000000US500239540002031,0,0,0
1000000US500239540002032,0,0,0
1000000US500239540002033,0,0,0
1000000US500239540002034,5,5,0
1000000US500239540002035,19,18,1
1000000US500239540002036,0,0,0
1000000US500239540002037,0,0,0
1000000US500239540002038,1,0,1
1000000US500239540002039,31,29,2
1000000US500239540002040,1,1,0
1000000US500239540002041,0,0,0
1000000US500239540002042,3,3,0
1000000US500239540002043,0,0,0
1000000US500239540002044,1,0,1
1000000US500239540002045,25,25,0
1000000US500239540002046,0,0,0
1000000US500239540002047,0,0,0
1000000US500239540002048,22,20,2
1000000US500239540002049,9,9,0
1000000US500239540002050,0,0,0
1000000US500239540002051,7,7,0
1000000US500239540002052,2,2,0
1000000US500239540002053,3,3,0
1000000US500239540002054,3,3,0
1000000US500239540002055,4,4,0
1000000US500239540002056,9,9,0
1000000US500239540002057,18,16,2
1000000US500239540002058,0,0,0
1000000US500239540002059,4,4,0
1000000US500239540002060,4,4,0
1000000US500239540002061,6,6,0
1000000US500239540002062,1,1,0
1000000US500239540002063,4,4,0
1000000US500239540002064,14,11,3
1000000US500239540002065,20,15,5
1000000US500239540002066,8,7,1
1000000US500239540002067,0,0,0
1000000US500239540002068,0,0,0
1000000US500239540002069,0,0,0
1000000US500239540002070,0,0,0
1000000US500239540002071,0,0,0
1000000US500239540002072,4,4,0
1000000US500239540002073,0,0,0
1000000US500239540002074,0,0,0
1000000US500239540002075,0,0,0
1000000US500239540002076,0,0,0
1000000US500239540002077,0,0,0
1000000US500239540002078,0,0,0
1000000US500239540002079,4,4,0
1000000US500239540002080,5,5,0
1000000US500239540002081,0,0,0
1000000US500239540002082,8,8,0
1000000US500239540002083,1,1,0
1000000US500239540002084,0,0,0
1000000US500239540002085,0,0,0
1000000US500239540002086,4,4,0
1000000US500239540002087,0,0,0
1000000US500239540002088,0,0,0
1000000US500239540002089,0,0,0
1000000US500239540002090,3,2,1
1000000US500239540002091,0,0,0
1000000US500239540002092,0,0,0
1000000US500239540002093,1,1,0
1000000US500239540002094,4,4,0
1000000US500239540002095,3,2,1
1000000US500239540002096,1,0,1
1000000US500239540002097,0,0,0
1000000US500239540002098,6,6,0
1000000US500239540002099,4,4,0
1000000US500239540002100,0,0,0
1000000US500239540002101,0,0,0
1000000US500239540002102,2,2,0
1000000US500239540002103,0,0,0
1000000US500239540002104,22,21,1
1000000US500239540002105,5,5,0
1000000US500239540002106,0,0,0
1000000US500239540002107,2,2,0
1000000US500239540002108,49,26,23
1000000US500239540002109,7,7,0
1000000US500239540002110,0,0,0
1000000US500239540002111,0,0,0
1000000US500239540002112,2,2,0
1000000US500239540002113,16,15,1
1000000US500239540002114,1,1,0
1000000US500239540002115,0,0,0
1000000US500239540002116,0,0,0
1000000US500239540002117,1,0,1
1000000US500239540002118,10,9,1
1000000US500239540002119,9,8,1
1000000US500239540002120,22,21,1
1000000US500239540002121,0,0,0
1000000US500239540002122,2,2,0
1000000US500239540002123,0,0,0
1000000US500239540002124,0,0,0
1000000US500239540002125,0,0,0
1000000US500239540002126,0,0,0
1000000US500239540002127,2,1,1
1000000US500239540002128,60,57,3
1000000US500239540002129,6,6,0
1000000US500239540002130,9,9,0
1000000US500239540002131,2,2,0
1000000US500239540002132,2,2,0
1000000US500239540002133,0,0,0
1000000US500239540002134,1,1,0
1000000US500239540002135,0,0,0
1000000US500239540002136,2,1,1
1000000US500239540002137,2,2,0
1000000US500239540002138,27,26,1
1000000US500239540002139,3,2,1
1000000US500239540002140,0,0,0
1000000US500239540002141,0,0,0
1000000US500239540002142,3,3,0
1000000US500239540002143,3,2,1
1000000US500239540002144,3,2,1
1000000US500239540002145,0,0,0
1000000US500239540002146,0,0,0
1000000US500239540003000,24,22,2
1000000US500239540003001,30,28,2
1000000US500239540003002,0,0,0
1000000US500239540003003,0,0,0
1000000US500239540003004,35,34,1
1000000US500239540003005,3,2,1
1000000US500239540003006,0,0,0
1000000US500239540003007,0,0,0
1000000US500239540003008,4,4,0
1000000US500239540003009,21,18,3
1000000US500239540003010,0,0,0
1000000US500239540003011,0,0,0
1000000US500239540003012,10,6,4
1000000US500239540003013,22,20,2
1000000US500239540003014,10,9,1
1000000US500239540003015,0,0,0
1000000US500239540003016,1,1,0
1000000US500239540003017,0,0,0
1000000US500239540003018,1,1,0
1000000US500239540003019,0,0,0
1000000US500239540003020,0,0,0
1000000US500239540003021,0,0,0
1000000US500239540003022,33,29,4
1000000US500239540003023,1,1,0
1000000US500239540003024,12,11,1
1000000US500239540003025,0,0,0
1000000US500239540003026,16,16,0
1000000US500239540003027,1,1,0
1000000US500239540003028,0,0,0
1000000US500239540003029,0,0,0
1000000US500239540003030,0,0,0
1000000US500239540003031,0,0,0
1000000US500239540003032,31,28,3
1000000US500239540003033,8,8,0
1000000US500239540003034,29,29,0
1000000US500239540003035,0,0,0
1000000US500239540003036,4,4,0
1000000US500239540003037,8,8,0
1000000US500239540003038,2,2,0
1000000US500239540003039,0,0,0
1000000US500239540003040,30,29,1
1000000US500239540003041,17,17,0
1000000US500239540003042,8,7,1
1000000US500239540003043,4,4,0
1000000US500239540003044,6,4,2
1000000US500239540003045,1,0,1
1000000US500239540003046,13,13,0
1000000US500239540003047,25,25,0
1000000US500239540003048,30,29,1
1000000US500239540003049,9,9,0
1000000US500239540003050,0,0,0
1000000US500239540003051,5,5,0
1000000US500239540003052,1,1,0
1000000US500239540003053,6,6,0
1000000US500239540003054,19,16,3
1000000US500239540003055,0,0,0
1000000US500239540003056,3,3,0
1000000US500239540003057,0,0,0
1000000US500239540003058,1,1,0
1000000US500239540003059,14,13,1
1000000US500239540003060,2,2,0
1000000US500239540003061,9,9,0
1000000US500239540003062,0,0,0
1000000US500239540003063,6,6,0
1000000US500239540003064,9,9,0
1000000US500239540003065,3,3,0
1000000US500239540003066,0,0,0
1000000US500239540003067,0,0,0
1000000US500239540003068,7,7,0
1000000US500239540003069,10,8,2
1000000US500239540003070,6,5,1
1000000US500239540003071,0,0,0
1000000US500239540003072,15,15,0
1000000US500239541001000,0,0,0
1000000US500239541001001,3,1,2
1000000US500239541001002,91,38,53
1000000US500239541001003,0,0,0
1000000US500239541001004,0,0,0
1000000US500239541001005,0,0,0
1000000US500239541001006,0,0,0
1000000US500239541001007,0,0,0
1000000US500239541001008,0,0,0
1000000US500239541001009,0,0,0
1000000US500239541001010,4,1,3
1000000US500239541001011,2,0,2
1000000US500239541001012,0,0,0
1000000US500239541001013,0,0,0
1000000US500239541001014,0,0,0
1000000US500239541001015,0,0,0
1000000US500239541001016,0,0,0
1000000US500239541001017,0,0,0
1000000US500239541001018,1,1,0
1000000US500239541001019,0,0,0
1000000US500239541001020,13,11,2
1000000US500239541001021,41,31,10
1000000US500239541001022,0,0,0
1000000US500239541001023,2,1,1
1000000US500239541001024,26,15,11
1000000US500239541001025,0,0,0
1000000US500239541001026,22,6,16
1000000US500239541001027,8,5,3
1000000US500239541001028,33,12,21
1000000US500239541001029,5,5,0
1000000US500239541001030,9,1,8
1000000US500239541001031,5,5,0
1000000US500239541001032,6,3,3
1000000US500239541001033,5,4,1
1000000US500239541001034,19,11,8
1000000US500239541001035,0,0,0
1000000US500239541001036,0,0,0
1000000US500239541001037,33,27,6
1000000US500239541001038,2,1,1
1000000US500239541001039,0,0,0
1000000US500239541001040,4,2,2
1000000US500239541001041,10,6,4
1000000US500239541001042,0,0,0
1000000US500239541001043,0,0,0
1000000US500239541001044,12,7,5
1000000US500239541001045,34,24,10
1000000US500239541001046,3,3,0
1000000US500239541001047,1,1,0
1000000US500239541001048,24,23,1
1000000US500239541001049,1,1,0
1000000US500239541001050,0,0,0
1000000US500239541001051,3,2,1
1000000US500239541001052,4,3,1
1000000US500239541001053,0,0,0
1000000US500239541001054,0,0,0
1000000US500239541001055,3,1,2
1000000US500239541001056,0,0,0
1000000US500239541001057,11,1,10
1000000US500239541001058,0,0,0
1000000US500239541001059,2,1,1
1000000US500239541001060,0,0,0
1000000US500239541001061,0,0,0
1000000US500239541001062,2,0,2
1000000US500239541001063,0,0,0
1000000US500239541001064,0,0,0
1000000US500239541001065,0,0,0
1000000US500239541001066,35,21,14
1000000US500239541001067,11,2,9
1000000US500239541001068,0,0,0
1000000US500239541001069,0,0,0
1000000US500239541001070,6,1,5
1000000US500239541001071,0,0,0
1000000US500239541001072,6,6,0
1000000US500239541001073,0,0,0
1000000US500239541001074,0,0,0
1000000US500239541001075,25,21,4
1000000US500239541001076,0,0,0
1000000US500239541001077,29,17,12
1000000US500239541001078,12,2,10
1000000US500239541001079,0,0,0
1000000US500239541001080,0,0,0
1000000US500239541001081,41,19,22
1000000US500239541001082,0,0,0
1000000US500239541001083,0,0,0
1000000US500239541001084,0,0,0
1000000US500239541001085,0,0,0
1000000US500239541001086,5,3,2
1000000US500239541001087,16,14,2
1000000US500239541001088,0,0,0
1000000US500239541001089,0,0,0
1000000US500239541001090,7,2,5
1000000US500239541001091,0,0,0
1000000US500239541001092,1,0,1
1000000US500239541001093,0,0,0
1000000US500239541001094,0,0,0
1000000US500239541001095,0,0,0
1000000US500239541001096,22,7,15
1000000US500239541001097,0,0,0
1000000US500239541001098,0,0,0
1000000US500239541001099,3,3,0
1000000US500239541001100,2,2,0
1000000US500239541001101,5,5,0
1000000US500239541001102,14,2,12
1000000US500239541001103,0,0,0
1000000US500239541001104,6,1,5
1000000US500239541001105,0,0,0
1000000US500239541001106,8,8,0
1000000US500239541001107,3,1,2
1000000US500239541001108,0,0,0
1000000US500239541001109,6,6,0
1000000US500239541001110,0,0,0
1000000US500239541001111,0,0,0
1000000US500239541001112,0,0,0
1000000US500239541001113,5,2,3
1000000US500239541001114,1,0,1
1000000US500239541001115,0,0,0
1000000US500239541002000,10,6,4
1000000US500239541002001,0,0,0
1000000US500239541002002,5,4,1
1000000US500239541002003,11,11,0
1000000US500239541002004,0,0,0
1000000US500239541002005,18,10,8
1000000US500239541002006,0,0,0
1000000US500239541002007,2,1,1
1000000US500239541002008,11,8,3
1000000US500239541002009,0,0,0
1000000US500239541002010,7,7,0
1000000US500239541002011,17,14,3
1000000US500239541002012,8,8,0
1000000US500239541002013,5,3,2
1000000US500239541002014,3,2,1
1000000US500239541002015,3,3,0
1000000US500239541002016,29,24,5
1000000US500239541002017,2,2,0
1000000US500239541002018,0,0,0
1000000US500239541002019,15,12,3
1000000US500239541002020,3,2,1
1000000US500239541002021,8,7,1
1000000US500239541002022,1,1,0
1000000US500239541002023,0,0,0
1000000US500239541002024,10,10,0
1000000US500239541002025,0,0,0
1000000US500239541002026,1,1,0
1000000US500239541002027,3,3,0
1000000US500239541002028,13,12,1
1000000US500239541002029,0,0,0
1000000US500239541002030,0,0,0
1000000US500239541002031,22,20,2
1000000US500239541002032,0,0,0
1000000US500239541002033,15,14,1
1000000US500239541002034,0,0,0
1000000US500239541002035,30,25,5
1000000US500239541002036,5,4,1
1000000US500239541002037,1,0,1
1000000US500239541002038,8,6,2
1000000US500239541002039,2,2,0
1000000US500239541002040,14,13,1
1000000US500239541002041,9,9,0
1000000US500239541002042,0,0,0
1000000US500239541002043,14,14,0
1000000US500239541002044,0,0,0
1000000US500239541002045,0,0,0
1000000US500239541002046,0,0,0
1000000US500239541002047,2,2,0
1000000US500239541002048,3,3,0
1000000US500239541002049,30,25,5
1000000US500239541002050,0,0,0
1000000US500239541002051,1,1,0
1000000US500239541002052,16,15,1
1000000US500239541002053,0,0,0
1000000US500239541002054,0,0,0
1000000US500239541002055,15,12,3
1000000US500239541002056,0,0,0
1000000US500239541002057,0,0,0
1000000US500239541002058,1,1,0
1000000US500239541002059,0,0,0
1000000US500239541002060,7,6,1
1000000US500239541002061,9,7,2
1000000US500239541002062,11,10,1
1000000US500239541003000,12,8,4
1000000US500239541003001,0,0,0
1000000US500239541003002,0,0,0
1000000US500239541003003,0,0,0
1000000US500239541003004,0,0,0
1000000US500239541003005,25,4,21
1000000US500239541003006,15,11,4
1000000US500239541003007,0,0,0
1000000US500239541003008,1,1,0
1000000US500239541003009,4,4,0
1000000US500239541003010,1,1,0
1000000US500239541003011,0,0,0
1000000US500239541003012,24,24,0
1000000US500239541003013,0,0,0
1000000US500239541003014,6,5,1
1000000US500239541003015,75,33,42
1000000US500239541003016,0,0,0
1000000US500239541003017,0,0,0
1000000US500239541003018,0,0,0
1000000US500239541003019,10,9,1
1000000US500239541003020,19,16,3
1000000US500239541003021,19,19,0
1000000US500239541003022,4,3,1
1000000US500239541003023,5,5,0
1000000US500239541003024,14,14,0
1000000US500239541003025,0,0,0
1000000US500239541003026,1,0,1
1000000US500239541003027,14,13,1
1000000US500239541003028,3,3,0
1000000US500239541003029,2,2,0
1000000US500239541003030,1,1,0
1000000US500239541003031,14,10,4
1000000US500239541003032,6,6,0
1000000US500239541003033,1,1,0
1000000US500239541003034,2,2,0
1000000US500239541003035,34,27,7
1000000US500239541003036,0,0,0
1000000US500239541003037,10,7,3
1000000US500239541003038,3,3,0
1000000US500239541003039,1,1,0
1000000US500239541003040,1,0,1
1000000US500239541003041,0,0,0
1000000US500239541003042,10,9,1
1000000US500239541003043,1,1,0
1000000US500239541003044,11,11,0
1000000US500239541003045,0,0,0
1000000US500239541003046,0,0,0
1000000US500239541003047,0,0,0
1000000US500239541003048,0,0,0
1000000US500239541003049,6,6,0
1000000US500239541003050,4,4,0
1000000US500239541003051,0,0,0
1000000US500239541003052,4,3,1
1000000US500239541003053,0,0,0
1000000US500239541003054,0,0,0
1000000US500239541003055,0,0,0
1000000US500239541003056,48,39,9
1000000US500239541003057,0,0,0
1000000US500239541003058,19,19,0
1000000US500239541003059,11,10,1
1000000US500239541003060,1,0,1
1000000US500239541003061,0,0,0
1000000US500239542001000,88,69,19
1000000US500239542001001,0,0,0
1000000US500239542001002,37,35,2
1000000US500239542001003,15,13,2
1000000US500239542001004,9,9,0
1000000US500239542001005,0,0,0
1000000US500239542001006,0,0,0
1000000US500239542001007,2,1,1
1000000US500239542001008,7,6,1
1000000US500239542001009,0,0,0
1000000US500239542001010,4,4,0
1000000US500239542001011,1,1,0
1000000US500239542001012,2,1,1
1000000US500239542001013,0,0,0
1000000US500239542001014,3,3,0
1000000US500239542001015,4,4,0
1000000US500239542001016,3,3,0
1000000US500239542001017,0,0,0
1000000US500239542001018,9,8,1
1000000US500239542001019,0,0,0
1000000US500239542001020,37,34,3
1000000US500239542001021,0,0,0
1000000US500239542001022,0,0,0
1000000US500239542001023,0,0,0
1000000US500239542001024,0,0,0
1000000US500239542001025,0,0,0
1000000US500239542001026,4,3,1
1000000US500239542001027,30,17,13
1000000US500239542001028,0,0,0
1000000US500239542001029,0,0,0
1000000US500239542001030,4,4,0
1000000US500239542001031,1,1,0
1000000US500239542001032,27,25,2
1000000US500239542001033,7,7,0
1000000US500239542001034,6,5,1
1000000US500239542001035,18,18,0
1000000US500239542001036,0,0,0
1000000US500239542001037,0,0,0
1000000US500239542001038,8,8,0
1000000US500239542001039,12,11,1
1000000US500239542001040,9,9,0
1000000US500239542001041,5,5,0
1000000US500239542001042,2,2,0
1000000US500239542001043,0,0,0
1000000US500239542001044,0,0,0
1000000US500239542001045,65,58,7
1000000US500239542001046,0,0,0
1000000US500239542001047,0,0,0
1000000US500239542001048,0,0,0
1000000US500239542001049,22,22,0
1000000US500239542001050,4,4,0
1000000US500239542002000,110,94,16
1000000US500239542002001,5,3,2
1000000US500239542002002,0,0,0
1000000US500239542002003,57,52,5
1000000US500239542002004,0,0,0
1000000US500239542002005,16,11,5
1000000US500239542002006,23,20,3
1000000US500239542002007,0,0,0
1000000US500239542002008,24,21,3
1000000US500239542002009,8,7,1
1000000US500239542002010,10,9,1
1000000US500239542002011,4,3,1
1000000US500239542002012,0,0,0
1000000US500239542002013,4,4,0
1000000US500239542002014,0,0,0
1000000US500239542002015,0,0,0
1000000US500239542002016,37,33,4
1000000US500239542002017,0,0,0
1000000US500239542002018,27,26,1
1000000US500239542002019,1,1,0
1000000US500239542002020,0,0,0
1000000US500239542002021,2,2,0
1000000US500239542002022,5,5,0
1000000US500239542002023,0,0,0
1000000US500239542002024,0,0,0
1000000US500239542002025,0,0,0
1000000US500239542002026,8,8,0
1000000US500239542002027,20,20,0
1000000US500239542002028,61,58,3
1000000US500239542002029,13,12,1
1000000US500239542002030,12,11,1
1000000US500239542002031,10,9,1
1000000US500239542002032,1,1,0
1000000US500239542002033,0,0,0
1000000US500239542002034,0,0,0
1000000US500239542002035,0,0,0
1000000US500239542002036,0,0,0
1000000US500239542002037,29,27,2
1000000US500239542002038,35,34,1
1000000US500239542002039,61,57,4
1000000US500239542002040,0,0,0
1000000US500239542002041,0,0,0
1000000US500239542002042,0,0,0
1000000US500239542002043,30,18,12
1000000US500239542002044,2,1,1
1000000US500239542002045,0,0,0
1000000US500239542002046,1,1,0
1000000US500239542002047,0,0,0
1000000US500239542002048,0,0,0
1000000US500239542002049,0,0,0
1000000US500239542002050,0,0,0
1000000US500239542002051,0,0,0
1000000US500239542002052,5,4,1
1000000US500239542002053,0,0,0
1000000US500239542002054,0,0,0
1000000US500239542002055,0,0,0
1000000US500239542002056,0,0,0
1000000US500239542002057,0,0,0
1000000US500239542002058,0,0,0
1000000US500239542002059,12,10,2
1000000US500239542002060,0,0,0
1000000US500239542002061,4,4,0
1000000US500239542002062,0,0,0
1000000US500239542002063,0,0,0
1000000US500239542002064,4,4,0
1000000US500239542002065,8,8,0
1000000US500239542002066,0,0,0
1000000US500239542002067,0,0,0
1000000US500239542002068,0,0,0
1000000US500239542002069,0,0,0
1000000US500239542002070,29,29,0
1000000US500239542002071,1,1,0
1000000US500239542002072,2,2,0
1000000US500239542002073,33,33,0
1000000US500239542002074,17,15,2
1000000US500239542002075,0,0,0
1000000US500239542002076,6,4,2
1000000US500239542002077,7,7,0
1000000US500239542002078,4,4,0
1000000US500239542002079,0,0,0
1000000US500239542002080,0,0,0
1000000US500239542002081,0,0,0
1000000US500239542002082,0,0,0
1000000US500239542002083,2,2,0
1000000US500239542002084,0,0,0
1000000US500239542002085,0,0,0
1000000US500239542002086,0,0,0
1000000US500239542002087,14,12,2
1000000US500239543001000,38,34,4
1000000US500239543001001,39,36,3
1000000US500239543001002,47,43,4
1000000US500239543001003,29,28,1
1000000US500239543001004,67,60,7
1000000US500239543001005,3,3,0
1000000US500239543001006,29,28,1
1000000US500239543001007,111,106,5
1000000US500239543001008,0,0,0
1000000US500239543001009,3,3,0
1000000US500239543001010,41,35,6
1000000US500239543001011,93,92,1
1000000US500239543001012,12,12,0
1000000US500239543001013,23,23,0
1000000US500239543001014,7,7,0
1000000US500239543001015,70,65,5
1000000US500239543001016,1,1,0
1000000US500239543001017,46,41,5
1000000US500239543001018,5,5,0
1000000US500239543001019,0,0,0
1000000US500239543001020,5,4,1
1000000US500239543001021,21,14,7
1000000US500239543001022,0,0,0
1000000US500239543001023,0,0,0
1000000US500239543001024,2,2,0
1000000US500239543001025,5,4,1
1000000US500239543001026,2,2,0
1000000US500239543001027,1,1,0
1000000US500239543001028,2,2,0
1000000US500239543001029,11,11,0
1000000US500239543001030,5,3,2
1000000US500239543001031,5,4,1
1000000US500239543001032,0,0,0
1000000US500239543001033,3,3,0
1000000US500239543001034,11,8,3
1000000US500239543001035,5,5,0
1000000US500239543001036,0,0,0
1000000US500239543001037,0,0,0
1000000US500239543001038,0,0,0
1000000US500239543001039,0,0,0
1000000US500239543001040,0,0,0
1000000US500239543001041,0,0,0
1000000US500239543001042,0,0,0
1000000US500239543001043,15,15,0
1000000US500239543001044,27,27,0
1000000US500239543001045,3,3,0
1000000US500239543001046,2,2,0
1000000US500239543001047,1,1,0
1000000US500239543001048,2,2,0
1000000US500239543002000,141,123,18
1000000US500239543002001,7,7,0
1000000US500239543002002,1,1,0
1000000US500239543002003,33,29,4
1000000US500239543002004,0,0,0
1000000US500239543002005,0,0,0
1000000US500239543002006,0,0,0
1000000US500239543002007,0,0,0
1000000US500239543002008,0,0,0
1000000US500239543002009,0,0,0
1000000US500239543002010,0,0,0
1000000US500239543002011,10,8,2
1000000US500239543002012,0,0,0
1000000US500239543002013,0,0,0
1000000US500239543002014,0,0,0
1000000US500239543002015,0,0,0
1000000US500239543002016,0,0,0
1000000US500239543002017,0,0,0
1000000US500239543002018,0,0,0
1000000US500239543002019,0,0,0
1000000US500239543002020,0,0,0
1000000US500239543002021,0,0,0
1000000US500239543002022,0,0,0
1000000US500239543002023,0,0,0
1000000US500239543002024,0,0,0
1000000US500239543002025,0,0,0
1000000US500239543002026,0,0,0
1000000US500239543002027,0,0,0
1000000US500239543002028,0,0,0
1000000US500239543002029,0,0,0
1000000US500239543002030,0,0,0
1000000US500239543002031,0,0,0
1000000US500239543002032,0,0,0
1000000US500239543002033,1,1,0
1000000US500239543002034,0,0,0
1000000US500239543002035,0,0,0
1000000US500239543002036,0,0,0
1000000US500239543002037,0,0,0
1000000US500239543002038,0,0,0
1000000US500239543002039,0,0,0
1000000US500239543002040,0,0,0
1000000US500239543002041,0,0,0
1000000US500239543002042,0,0,0
1000000US500239543002043,0,0,0
1000000US500239543002044,0,0,0
1000000US500239543002045,0,0,0
1000000US500239543002046,0,0,0
1000000US500239543002047,0,0,0
1000000US500239543002048,0,0,0
1000000US500239543002049,0,0,0
1000000US500239543002050,0,0,0
1000000US500239543002051,0,0,0
1000000US500239543002052,0,0,0
1000000US500239543002053,0,0,0
1000000US500239543002054,7,3,4
1000000US500239543002055,0,0,0
1000000US500239543002056,0,0,0
1000000US500239543002057,0,0,0
1000000US500239543002058,0,0,0
1000000US500239543002059,0,0,0
1000000US500239543002060,0,0,0
1000000US500239543002061,0,0,0
1000000US500239543002062,3,3,0
1000000US500239543002063,0,0,0
1000000US500239543002064,176,162,14
1000000US500239543002065,0,0,0
1000000US500239543002066,0,0,0
1000000US500239543002067,4,3,1
1000000US500239543002068,19,19,0
1000000US500239543002069,8,8,0
1000000US500239543002070,5,4,1
1000000US500239543002071,0,0,0
1000000US500239543002072,2,2,0
1000000US500239543002073,37,34,3
1000000US500239543002074,6,5,1
1000000US500239543002075,1,1,0
1000000US500239543002076,39,34,5
1000000US500239543002077,0,0,0
1000000US500239543002078,18,16,2
1000000US500239543002079,0,0,0
1000000US500239543002080,56,52,4
1000000US500239543002081,10,10,0
1000000US500239543002082,4,4,0
1000000US500239543002083,4,4,0
1000000US500239543002084,0,0,0
1000000US500239543002085,0,0,0
1000000US500239543002086,0,0,0
1000000US500239543002087,0,0,0
1000000US500239543002088,0,0,0
1000000US500239543002089,0,0,0
1000000US500239543002090,65,62,3
1000000US500239543002091,4,4,0
1000000US500239543002092,14,13,1
1000000US500239543002093,2,2,0
1000000US500239543002094,1,1,0
1000000US500239543002095,2,2,0
1000000US500239543002096,0,0,0
1000000US500239543002097,0,0,0
1000000US500239543002098,0,0,0
1000000US500239543002099,0,0,0
1000000US500239543002100,0,0,0
1000000US500239543002101,115,108,7
1000000US500239543002102,1,1,0
1000000US500239543002103,17,17,0
1000000US500239543002104,0,0,0
1000000US500239543002105,0,0,0
1000000US500239543002106,3,3,0
1000000US500239543002107,4,4,0
1000000US500239543002108,0,0,0
1000000US500239543002109,0,0,0
1000000US500239543002110,0,0,0
1000000US500239543002111,0,0,0
1000000US500239543002112,1,1,0
1000000US500239543003000,0,0,0
1000000US500239543003001,0,0,0
1000000US500239543003002,36,35,1
1000000US500239543003003,1,1,0
1000000US500239543003004,4,4,0
1000000US500239543003005,0,0,0
1000000US500239543003006,0,0,0
1000000US500239543003007,0,0,0
1000000US500239543003008,15,15,0
1000000US500239543003009,8,8,0
1000000US500239543003010,0,0,0
1000000US500239543003011,0,0,0
1000000US500239543003012,16,16,0
1000000US500239543003013,9,8,1
1000000US500239543003014,0,0,0
1000000US500239543003015,3,3,0
1000000US500239543003016,25,23,2
1000000US500239543003017,15,15,0
1000000US500239543003018,0,0,0
1000000US500239543003019,0,0,0
1000000US500239543003020,0,0,0
1000000US500239543003021,0,0,0
1000000US500239543003022,0,0,0
1000000US500239543003023,1,1,0
1000000US500239543003024,4,4,0
1000000US500239543003025,11,10,1
1000000US500239543003026,0,0,0
1000000US500239543003027,0,0,0
1000000US500239543003028,28,26,2
1000000US500239543003029,14,13,1
1000000US500239543003030,31,29,2
1000000US500239543003031,68,63,5
1000000US500239543003032,23,23,0
1000000US500239543003033,0,0,0
1000000US500239543003034,0,0,0
1000000US500239543003035,1,0,1
1000000US500239543003036,0,0,0
1000000US500239543003037,0,0,0
1000000US500239543003038,0,0,0
1000000US500239543004000,32,31,1
1000000US500239543004001,0,0,0
1000000US500239543004002,4,3,1
1000000US500239543004003,8,8,0
1000000US500239543004004,37,35,2
1000000US500239543004005,4,4,0
1000000US500239543004006,0,0,0
1000000US500239543004007,43,42,1
1000000US500239543004008,3,3,0
1000000US500239543004009,3,3,0
1000000US500239543004010,9,9,0
1000000US500239543004011,94,85,9
1000000US500239543004012,1,1,0
1000000US500239543004013,63,60,3
1000000US500239543004014,0,0,0
1000000US500239543004015,43,34,9
1000000US500239543004016,11,11,0
1000000US500239543004017,0,0,0
1000000US500239543004018,8,8,0
1000000US500239543004019,0,0,0
1000000US500239543004020,0,0,0
1000000US500239543004021,0,0,0
1000000US500239543004022,2,2,0
1000000US500239543004023,23,22,1
1000000US500239543004024,58,52,6
1000000US500239543004025,1,1,0
1000000US500239543004026,4,4,0
1000000US500239543004027,0,0,0
1000000US500239543004028,0,0,0
1000000US500239543004029,6,4,2
1000000US500239543004030,0,0,0
1000000US500239543004031,0,0,0
1000000US500239543004032,0,0,0
1000000US500239543004033,2,2,0
1000000US500239544001000,0,0,0
1000000US500239544001001,0,0,0
1000000US500239544001002,0,0,0
1000000US500239544001003,0,0,0
1000000US500239544001004,3,2,1
1000000US500239544001005,0,0,0
1000000US500239544001006,12,12,0
1000000US500239544001007,3,3,0
1000000US500239544001008,0,0,0
1000000US500239544001009,3,3,0
1000000US500239544001010,125,104,21
1000000US500239544001011,1,0,1
1000000US500239544001012,1,1,0
1000000US500239544001013,0,0,0
1000000US500239544001014,1,1,0
1000000US500239544001015,0,0,0
1000000US500239544001016,2,1,1
1000000US500239544001017,3,3,0
1000000US500239544001018,0,0,0
1000000US500239544001019,11,10,1
1000000US500239544001020,0,0,0
1000000US500239544001021,0,0,0
1000000US500239544001022,12,11,1
1000000US500239544001023,17,17,0
1000000US500239544001024,0,0,0
1000000US500239544001025,0,0,0
1000000US500239544001026,2,2,0
1000000US500239544001027,5,4,1
1000000US500239544001028,1,1,0
1000000US500239544001029,6,5,1
1000000US500239544001030,0,0,0
1000000US500239544001031,0,0,0
1000000US500239544001032,0,0,0
1000000US500239544001033,79,66,13
1000000US500239544001034,6,6,0
1000000US500239544001035,0,0,0
1000000US500239544001036,0,0,0
1000000US500239544001037,0,0,0
1000000US500239544001038,14,11,3
1000000US500239544001039,1,1,0
1000000US500239544001040,0,0,0
1000000US500239544001041,30,26,4
1000000US500239544001042,3,3,0
1000000US500239544001043,41,31,10
1000000US500239544001044,15,11,4
1000000US500239544001045,46,43,3
1000000US500239544001046,18,16,2
1000000US500239544001047,0,0,0
1000000US500239544001048,1,1,0
1000000US500239544001049,8,7,1
1000000US500239544001050,6,6,0
1000000US500239544001051,0,0,0
1000000US500239544001052,0,0,0
1000000US500239544001053,0,0,0
1000000US500239544001054,4,4,0
1000000US500239544001055,4,2,2
1000000US500239544001056,0,0,0
1000000US500239544001057,0,0,0
1000000US500239544001058,3,2,1
1000000US500239544001059,4,3,1
1000000US500239544001060,0,0,0
1000000US500239544001061,1,1,0
1000000US500239544001062,1,1,0
1000000US500239544001063,0,0,0
1000000US500239544001064,0,0,0
1000000US500239544001065,9,8,1
1000000US500239544001066,0,0,0
1000000US500239544001067,1,1,0
1000000US500239544002000,0,0,0
1000000US500239544002001,21,16,5
1000000US500239544002002,0,0,0
1000000US500239544002003,15,15,0
1000000US500239544002004,22,21,1
1000000US500239544002005,5,5,0
1000000US500239544002006,0,0,0
1000000US500239544002007,0,0,0
1000000US500239544002008,0,0,0
1000000US500239544002009,8,8,0
1000000US500239544002010,4,3,1
1000000US500239544002011,16,15,1
1000000US500239544002012,7,7,0
1000000US500239544002013,15,14,1
1000000US500239544002014,3,2,1
1000000US500239544002015,27,25,2
1000000US500239544002016,2,2,0
1000000US500239544002017,2,2,0
1000000US500239544002018,47,42,5
1000000US500239544002019,4,4,0
1000000US500239544002020,4,4,0
1000000US500239544002021,0,0,0
1000000US500239544002022,2,2,0
1000000US500239544002023,0,0,0
1000000US500239544002024,0,0,0
1000000US500239544002025,0,0,0
1000000US500239544002026,0,0,0
1000000US500239544002027,0,0,0
1000000US500239544002028,42,37,5
1000000US500239544002029,0,0,0
1000000US500239544002030,0,0,0
1000000US500239544002031,2,1,1
1000000US500239544002032,0,0,0
1000000US500239544002033,0,0,0
1000000US500239544002034,0,0,0
1000000US500239544002035,0,0,0
1000000US500239544002036,0,0,0
1000000US500239544002037,6,5,1
1000000US500239544002038,0,0,0
1000000US500239544002039,5,5,0
1000000US500239544002040,20,18,2
1000000US500239544002041,2,2,0
1000000US500239544002042,0,0,0
1000000US500239544002043,0,0,0
1000000US500239544002044,5,3,2
1000000US500239544002045,0,0,0
1000000US500239544002046,0,0,0
1000000US500239544002047,0,0,0
1000000US500239544002048,6,6,0
1000000US500239544002049,2,2,0
1000000US500239544003000,0,0,0
1000000US500239544003001,0,0,0
1000000US500239544003002,0,0,0
1000000US500239544003003,0,0,0
1000000US500239544003004,0,0,0
1000000US500239544003005,0,0,0
1000000US500239544003006,3,2,1
1000000US500239544003007,0,0,0
1000000US500239544003008,0,0,0
1000000US500239544003009,0,0,0
1000000US500239544003010,3,3,0
1000000US500239544003011,0,0,0
1000000US500239544003012,0,0,0
1000000US500239544003013,287,219,68
1000000US500239544003014,2,2,0
1000000US500239544003015,2,1,1
1000000US500239544003016,0,0,0
1000000US500239544003017,0,0,0
1000000US500239544003018,3,3,0
1000000US500239544003019,28,24,4
1000000US500239544003020,1,0,1
1000000US500239544003021,4,4,0
1000000US500239544003022,0,0,0
1000000US500239544003023,12,11,1
1000000US500239544003024,1,1,0
1000000US500239544003025,2,2,0
1000000US500239544003026,16,16,0
1000000US500239544003027,0,0,0
1000000US500239544003028,1,0,1
1000000US500239544003029,2,0,2
1000000US500239544003030,0,0,0
1000000US500239544003031,0,0,0
1000000US500239544003032,1,1,0
1000000US500239544003033,1,0,1
1000000US500239544003034,20,20,0
1000000US500239544003035,7,7,0
1000000US500239544003036,1,1,0
1000000US500239544003037,4,4,0
1000000US500239544003038,4,4,0
1000000US500239544003039,1,1,0
1000000US500239544003040,13,13,0
1000000US500239544003041,1,1,0
1000000US500239544003042,1,1,0
1000000US500239544003043,0,0,0
1000000US500239544003044,0,0,0
1000000US500239544003045,0,0,0
1000000US500239544003046,2,1,1
1000000US500239544003047,30,30,0
1000000US500239544003048,5,5,0
1000000US500239544003049,1,1,0
1000000US500239544003050,8,7,1
1000000US500239544003051,1,1,0
1000000US500239544003052,1,1,0
1000000US500239544003053,9,9,0
1000000US500239544003054,3,3,0
1000000US500239544003055,0,0,0
1000000US500239544003056,3,2,1
1000000US500239544003057,0,0,0
1000000US500239544003058,1,1,0
1000000US500239544003059,1,1,0
1000000US500239544003060,0,0,0
1000000US500239544003061,0,0,0
1000000US500239544003062,8,6,2
1000000US500239544003063,4,4,0
1000000US500239544003064,1,1,0
1000000US500239544003065,6,6,0
1000000US500239544003066,41,39,2
1000000US500239544003067,1,1,0
1000000US500239544003068,2,2,0
1000000US500239544003069,2,2,0
1000000US500239544003070,0,0,0
1000000US500239544003071,3,3,0
1000000US500239544003072,49,47,2
1000000US500239544003073,0,0,0
1000000US500239544003074,33,30,3
1000000US500239544003075,0,0,0
1000000US500239544003076,0,0,0
1000000US500239544003077,3,3,0
1000000US500239544003078,0,0,0
1000000US500239545001000,0,0,0
1000000US500239545001001,2,2,0
1000000US500239545001002,0,0,0
1000000US500239545001003,0,0,0
1000000US500239545001004,1,1,0
1000000US500239545001005,0,0,0
1000000US500239545001006,1,1,0
1000000US500239545001007,4,4,0
1000000US500239545001008,4,4,0
1000000US500239545001009,86,78,8
1000000US500239545001010,0,0,0
1000000US500239545001011,0,0,0
1000000US500239545001012,6,6,0
1000000US500239545001013,0,0,0
1000000US500239545001014,0,0,0
1000000US500239545001015,0,0,0
1000000US500239545001016,1,0,1
1000000US500239545001017,2,2,0
1000000US500239545001018,0,0,0
1000000US500239545001019,1,1,0
1000000US500239545001020,0,0,0
1000000US500239545001021,1,1,0
1000000US500239545001022,6,6,0
1000000US500239545001023,33,32,1
1000000US500239545001024,5,4,1
1000000US500239545001025,2,2,0
1000000US500239545001026,1,1,0
1000000US500239545001027,0,0,0
1000000US500239545001028,3,3,0
1000000US500239545001029,2,2,0
1000000US500239545001030,1,1,0
1000000US500239545001031,0,0,0
1000000US500239545001032,0,0,0
1000000US500239545001033,0,0,0
1000000US500239545001034,0,0,0
1000000US500239545001035,0,0,0
1000000US500239545001036,0,0,0
1000000US500239545001037,76,71,5
1000000US500239545001038,24,23,1
1000000US500239545001039,23,21,2
1000000US500239545001040,11,11,0
1000000US500239545001041,0,0,0
1000000US500239545001042,2,2,0
1000000US500239545001043,0,0,0
1000000US500239545001044,0,0,0
1000000US500239545001045,0,0,0
1000000US500239545001046,0,0,0
1000000US500239545001047,0,0,0
1000000US500239545001048,0,0,0
1000000US500239545001049,0,0,0
1000000US500239545001050,0,0,0
1000000US500239545001051,1,1,0
1000000US500239545001052,0,0,0
1000000US500239545001053,0,0,0
1000000US500239545001054,2,1,1
1000000US500239545001055,0,0,0
1000000US500239545001056,0,0,0
1000000US500239545001057,17,17,0
1000000US500239545001058,0,0,0
1000000US500239545001059,0,0,0
1000000US500239545001060,31,27,4
1000000US500239545001061,0,0,0
1000000US500239545001062,2,1,1
1000000US500239545001063,7,6,1
1000000US500239545001064,8,8,0
1000000US500239545001065,0,0,0
1000000US500239545001066,0,0,0
1000000US500239545001067,0,0,0
1000000US500239545001068,0,0,0
1000000US500239545001069,0,0,0
1000000US500239545001070,79,70,9
1000000US500239545001071,4,4,0
1000000US500239545001072,0,0,0
1000000US500239545001073,0,0,0
1000000US500239545001074,3,3,0
1000000US500239545001075,6,5,1
1000000US500239545001076,11,10,1
1000000US500239545001077,23,21,2
1000000US500239545001078,6,5,1
1000000US500239545001079,0,0,0
1000000US500239545001080,0,0,0
1000000US500239545001081,2,1,1
1000000US500239545001082,1,1,0
1000000US500239545001083,0,0,0
1000000US500239545001084,11,10,1
1000000US500239545001085,0,0,0
1000000US500239545001086,4,4,0
1000000US500239545001087,0,0,0
1000000US500239545001088,0,0,0
1000000US500239545001089,0,0,0
1000000US500239545001090,0,0,0
1000000US500239545001091,0,0,0
1000000US500239545001092,6,6,0
1000000US500239545001093,1,1,0
1000000US500239545001094,35,25,10
1000000US500239545001095,0,0,0
1000000US500239545001096,33,27,6
1000000US500239545001097,0,0,0
1000000US500239545001098,0,0,0
1000000US500239545001099,0,0,0
1000000US500239545001100,3,3,0
1000000US500239545001101,15,14,1
1000000US500239545001102,4,4,0
1000000US500239545001103,0,0,0
1000000US500239545001104,0,0,0
1000000US500239545001105,0,0,0
1000000US500239545001106,0,0,0
1000000US500239545001107,0,0,0
1000000US500239545001108,0,0,0
1000000US500239545001109,0,0,0
1000000US500239545001110,4,4,0
1000000US500239545001111,3,2,1
1000000US500239545001112,5,3,2
1000000US500239545001113,1,1,0
1000000US500239545001114,10,9,1
1000000US500239545001115,0,0,0
1000000US500239545001116,36,28,8
1000000US500239545001117,0,0,0
1000000US500239545001118,0,0,0
1000000US500239545002000,0,0,0
1000000US500239545002001,0,0,0
1000000US500239545002002,2,2,0
1000000US500239545002003,2,1,1
1000000US500239545002004,1,1,0
1000000US500239545002005,0,0,0
1000000US500239545002006,0,0,0
1000000US500239545002007,177,161,16
1000000US500239545002008,7,6,1
1000000US500239545002009,0,0,0
1000000US500239545002010,1,1,0
1000000US500239545002011,33,31,2
1000000US500239545002012,0,0,0
1000000US500239545002013,0,0,0
1000000US500239545002014,16,16,0
1000000US500239545002015,0,0,0
1000000US500239545002016,0,0,0
1000000US500239545002017,19,19,0
1000000US500239545002018,8,8,0
1000000US500239545002019,0,0,0
1000000US500239545002020,0,0,0
1000000US500239545002021,0,0,0
1000000US500239545002022,26,25,1
1000000US500239545002023,0,0,0
1000000US500239545002024,0,0,0
1000000US500239545002025,0,0,0
1000000US500239545002026,4,4,0
1000000US500239545002027,2,2,0
1000000US500239545002028,0,0,0
1000000US500239545002029,0,0,0
1000000US500239545002030,0,0,0
1000000US500239545002031,0,0,0
1000000US500239545002032,2,2,0
1000000US500239545002033,1,1,0
1000000US500239545002034,7,7,0
1000000US500239545002035,0,0,0
1000000US500239545002036,2,1,1
1000000US500239545002037,78,75,3
1000000US500239545002038,1,1,0
1000000US500239545002039,0,0,0
1000000US500239545002040,3,3,0
1000000US500239545002041,3,1,2
1000000US500239545002042,0,0,0
1000000US500239545002043,0,0,0
1000000US500239545002044,0,0,0
1000000US500239545002045,2,2,0
1000000US500239545002046,0,0,0
1000000US500239545002047,0,0,0
1000000US500239545002048,0,0,0
1000000US500239545002049,1,1,0
1000000US500239545002050,0,0,0
1000000US500239545002051,0,0,0
1000000US500239545002052,3,3,0
1000000US500239545002053,0,0,0
1000000US500239545002054,0,0,0
1000000US500239545002055,4,4,0
1000000US500239545002056,0,0,0
1000000US500239545002057,0,0,0
1000000US500239545002058,6,5,1
1000000US500239545002059,0,0,0
1000000US500239545002060,0,0,0
1000000US500239545002061,0,0,0
1000000US500239545002062,5,4,1
1000000US500239545002063,0,0,0
1000000US500239545002064,0,0,0
1000000US500239545002065,0,0,0
1000000US500239545002066,0,0,0
1000000US500239545002067,0,0,0
1000000US500239545002068,19,17,2
1000000US500239545002069,0,0,0
1000000US500239545002070,8,6,2
1000000US500239545002071,0,0,0
1000000US500239545002072,23,23,0
1000000US500239545002073,0,0,0
1000000US500239545002074,7,7,0
1000000US500239545002075,1,0,1
1000000US500239545002076,0,0,0
1000000US500239545002077,4,3,1
1000000US500239545002078,0,0,0
1000000US500239545002079,0,0,0
1000000US500239545002080,0,0,0
1000000US500239545002081,0,0,0
1000000US500239545002082,0,0,0
1000000US500239545002083,19,17,2
1000000US500239545002084,0,0,0
1000000US500239545002085,6,6,0
1000000US500239545002086,0,0,0
1000000US500239545002087,6,5,1
1000000US500239545002088,37,36,1
1000000US500239545002089,0,0,0
1000000US500239545002090,0,0,0
1000000US500239545002091,0,0,0
1000000US500239545002092,0,0,0
1000000US500239545002093,1,1,0
1000000US500239545002094,0,0,0
1000000US500239545002095,0,0,0
1000000US500239545002096,16,16,0
1000000US500239545002097,1,0,1
1000000US500239545002098,0,0,0
1000000US500239545002099,0,0,0
1000000US500239545002100,0,0,0
1000000US500239545002101,0,0,0
1000000US500239546001000,0,0,0
1000000US500239546001001,3,3,0
1000000US500239546001002,0,0,0
1000000US500239546001003,6,6,0
1000000US500239546001004,182,173,9
1000000US500239546001005,20,20,0
1000000US500239546001006,13,11,2
1000000US500239546001007,25,23,2
1000000US500239546001008,1,0,1
1000000US500239546001009,0,0,0
1000000US500239546001010,26,25,1
1000000US500239546001011,2,1,1
1000000US500239546001012,0,0,0
1000000US500239546001013,0,0,0
1000000US500239546001014,0,0,0
1000000US500239546001015,0,0,0
1000000US500239546001016,0,0,0
1000000US500239546001017,38,38,0
1000000US500239546001018,0,0,0
1000000US500239546001019,0,0,0
1000000US500239546001020,58,54,4
1000000US500239546001021,42,40,2
1000000US500239546001022,38,34,4
1000000US500239546001023,22,21,1
1000000US500239546001024,18,17,1
1000000US500239546001025,15,15,0
1000000US500239546001026,35,33,2
1000000US500239546001027,1,0,1
1000000US500239546002000,107,100,7
1000000US500239546002001,10,10,0
1000000US500239546002002,0,0,0
1000000US500239546002003,15,14,1
1000000US500239546002004,103,92,11
1000000US500239546002005,0,0,0
1000000US500239546002006,3,3,0
1000000US500239546002007,6,5,1
1000000US500239546002008,12,10,2
1000000US500239546002009,42,41,1
1000000US500239546002010,11,11,0
1000000US500239546002011,30,30,0
1000000US500239546002012,50,34,16
1000000US500239546002013,0,0,0
1000000US500239546002014,19,18,1
1000000US500239546002015,4,1,3
1000000US500239546002016,0,0,0
1000000US500239546002017,9,8,1
1000000US500239546002018,3,3,0
1000000US500239546002019,19,19,0
1000000US500239546002020,0,0,0
1000000US500239546002021,0,0,0
1000000US500239546002022,10,9,1
1000000US500239546002023,8,7,1
1000000US500239546002024,0,0,0
1000000US500239546002025,0,0,0
1000000US500239546002026,0,0,0
1000000US500239546002027,0,0,0
1000000US500239546002028,0,0,0
1000000US500239546002029,0,0,0
1000000US500239546002030,43,41,2
1000000US500239546002031,4,3,1
1000000US500239546002032,0,0,0
1000000US500239546002033,0,0,0
1000000US500239546002034,0,0,0
1000000US500239546002035,0,0,0
1000000US500239546002036,1,1,0
1000000US500239546002037,0,0,0
1000000US500239546002038,2,2,0
1000000US500239546002039,0,0,0
1000000US500239546002040,0,0,0
1000000US500239546002041,28,25,3
1000000US500239546002042,0,0,0
1000000US500239546002043,0,0,0
1000000US500239547001000,93,90,3
1000000US500239547001001,6,6,0
1000000US500239547001002,0,0,0
1000000US500239547001003,0,0,0
1000000US500239547001004,9,8,1
1000000US500239547001005,5,5,0
1000000US500239547001006,68,57,11
1000000US500239547001007,51,47,4
1000000US500239547001008,0,0,0
1000000US500239547001009,0,0,0
1000000US500239547001010,9,8,1
1000000US500239547001011,0,0,0
1000000US500239547001012,9,9,0
1000000US500239547001013,0,0,0
1000000US500239547001014,5,5,0
1000000US500239547001015,16,16,0
1000000US500239547001016,0,0,0
1000000US500239547001017,0,0,0
1000000US500239547001018,0,0,0
1000000US500239547001019,0,0,0
1000000US500239547001020,0,0,0
1000000US500239547001021,0,0,0
1000000US500239547001022,0,0,0
1000000US500239547001023,7,6,1
1000000US500239547001024,3,3,0
1000000US500239547001025,0,0,0
1000000US500239547001026,0,0,0
1000000US500239547001027,0,0,0
1000000US500239547001028,13,13,0
1000000US500239547001029,0,0,0
1000000US500239547001030,0,0,0
1000000US500239547001031,0,0,0
1000000US500239547002000,0,0,0
1000000US500239547002001,17,16,1
1000000US500239547002002,0,0,0
1000000US500239547002003,127,123,4
1000000US500239547002004,0,0,0
1000000US500239547002005,0,0,0
1000000US500239547002006,9,9,0
1000000US500239547002007,26,26,0
1000000US500239547002008,17,17,0
1000000US500239547002009,0,0,0
1000000US500239547002010,0,0,0
1000000US500239547002011,0,0,0
1000000US500239547002012,29,26,3
1000000US500239547002013,27,21,6
1000000US500239547002014,142,133,9
1000000US500239547002015,0,0,0
1000000US500239547002016,20,15,5
1000000US500239547002017,0,0,0
1000000US500239547002018,0,0,0
1000000US500239547002019,1,0,1
1000000US500239547002020,3,3,0
1000000US500239547002021,43,40,3
1000000US500239548001000,8,8,0
1000000US500239548001001,5,5,0
1000000US500239548001002,72,67,5
1000000US500239548001003,46,45,1
1000000US500239548001004,23,23,0
1000000US500239548001005,50,50,0
1000000US500239548001006,6,6,0
1000000US500239548001007,116,110,6
1000000US500239548001008,26,25,1
1000000US500239548001009,19,18,1
1000000US500239548001010,35,35,0
1000000US500239548001011,56,53,3
1000000US500239548001012,15,12,3
1000000US500239548001013,32,30,2
1000000US500239548001014,17,17,0
1000000US500239548001015,18,18,0
1000000US500239548001016,23,22,1
1000000US500239548001017,19,18,1
1000000US500239548001018,15,11,4
1000000US500239548002000,109,100,9
1000000US500239548002001,0,0,0
1000000US500239548002002,0,0,0
1000000US500239548002003,0,0,0
1000000US500239548002004,16,14,2
1000000US500239548002005,141,136,5
1000000US500239548002006,40,39,1
1000000US500239548002007,23,20,3
1000000US500239548002008,0,0,0
1000000US500239548002009,0,0,0
1000000US500239548002010,0,0,0
1000000US500239548002011,0,0,0
1000000US500239548002012,0,0,0
1000000US500239548002013,0,0,0
1000000US500239548002014,39,38,1
1000000US500239548002015,4,4,0
1000000US500239548002016,25,25,0
1000000US500239548002017,82,79,3
1000000US500239548002018,2,2,0
1000000US500239548002019,16,16,0
1000000US500239548002020,16,16,0
1000000US500239548002021,14,12,2
1000000US500239548002022,6,6,0
1000000US500239548002023,12,12,0
1000000US500239548002024,13,13,0
1000000US500239548002025,29,26,3
1000000US500239548002026,7,4,3
1000000US500239549001000,0,0,0
1000000US500239549001001,0,0,0
1000000US500239549001002,0,0,0
1000000US500239549001003,0,0,0
1000000US500239549001004,0,0,0
1000000US500239549001005,0,0,0
1000000US500239549001006,0,0,0
1000000US500239549001007,0,0,0
1000000US500239549001008,0,0,0
1000000US500239549001009,21,17,4
1000000US500239549001010,0,0,0
1000000US500239549001011,0,0,0
1000000US500239549001012,39,30,9
1000000US500239549001013,1,1,0
1000000US500239549001014,36,36,0
1000000US500239549001015,228,218,10
1000000US500239549001016,1,1,0
1000000US500239549001017,24,23,1
1000000US500239549001018,0,0,0
1000000US500239549001019,0,0,0
1000000US500239549001020,0,0,0
1000000US500239549001021,3,3,0
1000000US500239549001022,8,8,0
1000000US500239549001023,0,0,0
1000000US500239549001024,0,0,0
1000000US500239549001025,44,40,4
1000000US500239549001026,12,9,3
1000000US500239549001027,4,4,0
1000000US500239549001028,37,35,2
1000000US500239549001029,0,0,0
1000000US500239549001030,6,6,0
1000000US500239549001031,0,0,0
1000000US500239549001032,0,0,0
1000000US500239549001033,0,0,0
1000000US500239549001034,0,0,0
1000000US500239549001035,0,0,0
1000000US500239549001036,0,0,0
1000000US500239549001037,0,0,0
1000000US500239549001038,0,0,0
1000000US500239549001039,0,0,0
1000000US500239549001040,1,1,0
1000000US500239549001041,0,0,0
1000000US500239549001042,0,0,0
1000000US500239549001043,0,0,0
1000000US500239549001044,0,0,0
1000000US500239549001045,0,0,0
1000000US500239549001046,0,0,0
1000000US500239549001047,0,0,0
1000000US500239549001048,0,0,0
1000000US500239549001049,0,0,0
1000000US500239549001050,0,0,0
1000000US500239549001051,0,0,0
1000000US500239549001052,1,1,0
1000000US500239549002000,0,0,0
1000000US500239549002001,0,0,0
1000000US500239549002002,0,0,0
1000000US500239549002003,0,0,0
1000000US500239549002004,0,0,0
1000000US500239549002005,0,0,0
1000000US500239549002006,3,3,0
1000000US500239549002007,160,155,5
1000000US500239549002008,11,11,0
1000000US500239549002009,21,20,1
1000000US500239549002010,0,0,0
1000000US500239549002011,18,18,0
1000000US500239549002012,14,14,0
1000000US500239549002013,35,35,0
1000000US500239549002014,24,23,1
1000000US500239549002015,13,11,2
1000000US500239549002016,148,141,7
1000000US500239549002017,6,6,0
1000000US500239549002018,8,7,1
1000000US500239549002019,0,0,0
1000000US500239549002020,0,0,0
1000000US500239549002021,0,0,0
1000000US500239549002022,1,0,1
1000000US500239549002023,0,0,0
1000000US500239549002024,0,0,0
1000000US500239549002025,23,23,0
1000000US500239549002026,44,43,1
1000000US500239549002027,5,5,0
1000000US500239549002028,0,0,0
1000000US500239549002029,0,0,0
1000000US500239550001000,8,8,0
1000000US500239550001001,2,2,0
1000000US500239550001002,25,23,2
1000000US500239550001003,0,0,0
1000000US500239550001004,2,2,0
1000000US500239550001005,0,0,0
1000000US500239550001006,7,7,0
1000000US500239550001007,0,0,0
1000000US500239550001008,32,28,4
1000000US500239550001009,0,0,0
1000000US500239550001010,0,0,0
1000000US500239550001011,8,7,1
1000000US500239550001012,4,3,1
1000000US500239550001013,32,31,1
1000000US500239550001014,0,0,0
1000000US500239550001015,6,4,2
1000000US500239550001016,1,1,0
1000000US500239550001017,0,0,0
1000000US500239550001018,0,0,0
1000000US500239550001019,0,0,0
1000000US500239550001020,2,2,0
1000000US500239550001021,7,6,1
1000000US500239550001022,16,16,0
1000000US500239550001023,23,22,1
1000000US500239550001024,0,0,0
1000000US500239550001025,43,40,3
1000000US500239550001026,11,10,1
1000000US500239550001027,0,0,0
1000000US500239550001028,0,0,0
1000000US500239550001029,64,62,2
1000000US500239550001030,31,29,2
1000000US500239550001031,7,7,0
1000000US500239550001032,4,4,0
1000000US500239550001033,20,18,2
1000000US500239550001034,17,16,1
1000000US500239550001035,0,0,0
1000000US500239550001036,4,4,0
1000000US500239550001037,7,7,0
1000000US500239550001038,0,0,0
1000000US500239550001039,6,5,1
1000000US500239550001040,0,0,0
1000000US500239550001041,4,4,0
1000000US500239550001042,23,22,1
1000000US500239550001043,22,21,1
1000000US500239550001044,0,0,0
1000000US500239550001045,0,0,0
1000000US500239550001046,21,21,0
1000000US500239550002000,8,8,0
1000000US500239550002001,3,3,0
1000000US500239550002002,0,0,0
1000000US500239550002003,2,2,0
1000000US500239550002004,1,1,0
1000000US500239550002005,0,0,0
1000000US500239550002006,27,27,0
1000000US500239550002007,0,0,0
1000000US500239550002008,0,0,0
1000000US500239550002009,21,21,0
1000000US500239550002010,0,0,0
1000000US500239550002011,3,3,0
1000000US500239550002012,15,13,2
1000000US500239550002013,0,0,0
1000000US500239550002014,20,19,1
1000000US500239550002015,0,0,0
1000000US500239550002016,22,21,1
1000000US500239550002017,1,1,0
1000000US500239550002018,2,2,0
1000000US500239550002019,27,26,1
1000000US500239550002020,0,0,0
1000000US500239550002021,0,0,0
1000000US500239550002022,36,35,1
1000000US500239550002023,14,13,1
1000000US500239550002024,19,18,1
1000000US500239550002025,4,4,0
1000000US500239550002026,1,1,0
1000000US500239550002027,0,0,0
1000000US500239550002028,0,0,0
1000000US500239550002029,2,2,0
1000000US500239550002030,0,0,0
1000000US500239550002031,14,14,0
1000000US500239550002032,0,0,0
1000000US500239550002033,49,47,2
1000000US500239550002034,26,24,2
1000000US500239550002035,7,7,0
1000000US500239550002036,6,6,0
1000000US500239550002037,6,5,1
1000000US500239550002038,3,3,0
1000000US500239550002039,0,0,0
1000000US500239550002040,12,12,0
1000000US500239550002041,6,6,0
1000000US500239550002042,2,2,0
1000000US500239550002043,5,5,0
1000000US500239550002044,5,5,0
1000000US500239550002045,2,2,0
1000000US500239550002046,0,0,0
1000000US500239550002047,1,1,0
1000000US500239550002048,6,6,0
1000000US500239550002049,0,0,0
1000000US500239550002050,3,2,1
1000000US500239550002051,0,0,0
1000000US500239550002052,0,0,0
1000000US500239550002053,0,0,0
1000000US500239550002054,4,4,0
1000000US500239550002055,1,1,0
1000000US500239550002056,9,8,1
1000000US500239550002057,12,9,3
1000000US500239550002058,0,0,0
1000000US500239550002059,0,0,0
1000000US500239550002060,1,1,0
1000000US500239550002061,0,0,0
1000000US500239550002062,0,0,0
1000000US500239550002063,7,6,1
1000000US500239550002064,1,0,1
1000000US500239550002065,0,0,0
1000000US500239550002066,4,4,0
1000000US500239550002067,43,37,6
1000000US500239550002068,6,6,0
1000000US500239550002069,1,1,0
1000000US500239550002070,105,100,5
1000000US500239550002071,0,0,0
1000000US500239550002072,0,0,0
1000000US500239550002073,7,7,0
1000000US500239550002074,0,0,0
1000000US500239550002075,7,7,0
1000000US500239550002076,0,0,0
1000000US500239550002077,0,0,0
1000000US500239550002078,8,8,0
1000000US500239550002079,0,0,0
1000000US500239550002080,1,1,0
1000000US500239550002081,0,0,0
1000000US500239550002082,2,2,0
1000000US500239550002083,6,5,1
1000000US500239550002084,5,4,1
1000000US500239550002085,2,2,0
1000000US500239550002086,2,2,0
1000000US500239550002087,2,2,0
1000000US500239550002088,0,0,0
1000000US500239550002089,3,3,0
1000000US500239550002090,0,0,0
1000000US500239550002091,11,10,1
1000000US500239550002092,24,24,0
1000000US500239550002093,8,8,0
1000000US500239550002094,0,0,0
1000000US500239550002095,7,7,0
1000000US500239550002096,0,0,0
1000000US500239551001000,7,7,0
1000000US500239551001001,0,0,0
1000000US500239551001002,0,0,0
1000000US500239551001003,0,0,0
1000000US500239551001004,0,0,0
1000000US500239551001005,0,0,0
1000000US500239551001006,7,5,2
1000000US500239551001007,0,0,0
1000000US500239551001008,80,76,4
1000000US500239551001009,4,4,0
1000000US500239551001010,18,16,2
1000000US500239551001011,7,7,0
1000000US500239551001012,61,57,4
1000000US500239551001013,0,0,0
1000000US500239551001014,1,1,0
1000000US500239551001015,0,0,0
1000000US500239551001016,0,0,0
1000000US500239551001017,8,6,2
1000000US500239551001018,1,0,1
1000000US500239551001019,14,13,1
1000000US500239551001020,23,21,2
1000000US500239551001021,7,7,0
1000000US500239551001022,39,30,9
1000000US500239551001023,2,2,0
1000000US500239551001024,46,39,7
1000000US500239551001025,25,21,4
1000000US500239551001026,5,5,0
1000000US500239551001027,37,29,8
1000000US500239551001028,155,147,8
1000000US500239551001029,5,5,0
1000000US500239551001030,8,8,0
1000000US500239551001031,36,34,2
1000000US500239551001032,41,37,4
1000000US500239551001033,56,51,5
1000000US500239551001034,20,17,3
1000000US500239551001035,27,27,0
1000000US500239551001036,0,0,0
1000000US500239551001037,0,0,0
1000000US500239551001038,0,0,0
1000000US500239551002000,3,3,0
1000000US500239551002001,12,11,1
1000000US500239551002002,5,5,0
1000000US500239551002003,5,4,1
1000000US500239551002004,8,7,1
1000000US500239551002005,2,2,0
1000000US500239551002006,11,11,0
1000000US500239551002007,10,10,0
1000000US500239551002008,40,37,3
1000000US500239551002009,5,5,0
1000000US500239551002010,10,10,0
1000000US500239551002011,20,20,0
1000000US500239551002012,0,0,0
1000000US500239551002013,9,9,0
1000000US500239551002014,7,7,0
1000000US500239551002015,12,12,0
1000000US500239551002016,21,20,1
1000000US500239551002017,19,17,2
1000000US500239551002018,20,19,1
1000000US500239551002019,1,1,0
1000000US500239551002020,4,4,0
1000000US500239551002021,33,32,1
1000000US500239551002022,43,42,1
1000000US500239551002023,15,15,0
1000000US500239551002024,97,93,4
1000000US500239551002025,6,5,1
1000000US500239551002026,0,0,0
1000000US500239551002027,0,0,0
1000000US500239551002028,27,25,2
1000000US500239551002029,4,2,2
1000000US500239551002030,8,7,1
1000000US500239551002031,6,5,1
1000000US500239551002032,4,4,0
1000000US500239551002033,20,20,0
1000000US500239551002034,11,11,0
1000000US500239551002035,18,17,1
1000000US500239551002036,29,27,2
1000000US500239551002037,14,13,1
1000000US500239551002038,7,7,0
1000000US500239551002039,3,3,0
1000000US500239551002040,14,12,2
1000000US500239551002041,5,5,0
1000000US500239551002042,13,12,1
1000000US500239551003000,128,118,10
1000000US500239551003001,14,14,0
1000000US500239551003002,7,6,1
1000000US500239551003003,14,12,2
1000000US500239551003004,7,7,0
1000000US500239551003005,52,52,0
1000000US500239551003006,33,32,1
1000000US500239551003007,10,9,1
1000000US500239551003008,15,14,1
1000000US500239551003009,3,3,0
1000000US500239551003010,11,11,0
1000000US500239551003011,0,0,0
1000000US500239551003012,6,6,0
1000000US500239551003013,9,8,1
1000000US500239551003014,5,5,0
1000000US500239551003015,8,8,0
1000000US500239551003016,11,11,0
1000000US500239551003017,34,31,3
1000000US500239551003018,20,17,3
1000000US500239551003019,66,58,8
1000000US500239551003020,0,0,0
1000000US500239551003021,0,0,0
1000000US500239551003022,19,17,2
1000000US500239551003023,16,10,6
1000000US500239551003024,6,2,4
1000000US500239551003025,15,10,5
1000000US500239551003026,10,10,0
1000000US500239551003027,0,0,0
1000000US500239551004000,24,22,2
1000000US500239551004001,25,23,2
1000000US500239551004002,11,8,3
1000000US500239551004003,14,12,2
1000000US500239551004004,13,13,0
1000000US500239551004005,49,43,6
1000000US500239551004006,1,0,1
1000000US500239551004007,81,73,8
1000000US500239551004008,34,26,8
1000000US500239551004009,11,11,0
1000000US500239551004010,5,5,0
1000000US500239551004011,0,0,0
1000000US500239551004012,18,17,1
1000000US500239551004013,50,46,4
1000000US500239551004014,47,45,2
1000000US500239551004015,93,87,6
1000000US500239551004016,0,0,0
1000000US500239551004017,26,22,4
1000000US500239551004018,18,16,2
1000000US500239552001000,0,0,0
1000000US500239552001001,108,105,3
1000000US500239552001002,11,8,3
1000000US500239552001003,20,14,6
1000000US500239552001004,8,8,0
1000000US500239552001005,14,9,5
1000000US500239552001006,32,27,5
1000000US500239552001007,29,28,1
1000000US500239552001008,22,19,3
1000000US500239552001009,16,15,1
1000000US500239552001010,13,9,4
1000000US500239552001011,23,19,4
1000000US500239552001012,5,5,0
1000000US500239552001013,89,84,5
1000000US500239552001014,14,11,3
1000000US500239552001015,13,10,3
1000000US500239552001016,32,28,4
1000000US500239552001017,7,7,0
1000000US500239552001018,7,6,1
1000000US500239552001019,20,18,2
1000000US500239552001020,11,11,0
1000000US500239552001021,0,0,0
1000000US500239552002000,0,0,0
1000000US500239552002001,53,45,8
1000000US500239552002002,0,0,0
1000000US500239552002003,0,0,0
1000000US500239552002004,3,3,0
1000000US500239552002005,0,0,0
1000000US500239552002006,22,18,4
1000000US500239552002007,0,0,0
1000000US500239552002008,3,3,0
1000000US500239552002009,19,15,4
1000000US500239552002010,0,0,0
1000000US500239552002011,2,2,0
1000000US500239552002012,43,41,2
1000000US500239552002013,9,9,0
1000000US500239552002014,7,7,0
1000000US500239552002015,4,3,1
1000000US500239552002016,0,0,0
1000000US500239552002017,22,20,2
1000000US500239552002018,2,2,0
1000000US500239552002019,8,8,0
1000000US500239552002020,6,5,1
1000000US500239552002021,4,4,0
1000000US500239552002022,58,56,2
1000000US500239552002023,9,8,1
1000000US500239552002024,6,6,0
1000000US500239552002025,9,9,0
1000000US500239552002026,12,12,0
1000000US500239552003000,18,16,2
1000000US500239552003001,42,36,6
1000000US500239552003002,10,10,0
1000000US500239552003003,0,0,0
1000000US500239552003004,56,47,9
1000000US500239552003005,15,14,1
1000000US500239552003006,126,121,5
1000000US500239552003007,5,5,0
1000000US500239552003008,0,0,0
1000000US500239552003009,0,0,0
1000000US500239552003010,1,1,0
1000000US500239552003011,13,13,0
1000000US500239552003012,15,14,1
1000000US500239552003013,3,3,0
1000000US500239552003014,2,2,0
1000000US500239552003015,4,4,0
1000000US500239552003016,6,6,0
1000000US500239552004000,0,0,0
1000000US500239552004001,16,15,1
1000000US500239552004002,42,40,2
1000000US500239552004003,0,0,0
1000000US500239552004004,0,0,0
1000000US500239552004005,0,0,0
1000000US500239552004006,0,0,0
1000000US500239552004007,11,7,4
1000000US500239552004008,0,0,0
1000000US500239552004009,0,0,0
1000000US500239552004010,0,0,0
1000000US500239552004011,0,0,0
1000000US500239552004012,0,0,0
1000000US500239552004013,13,10,3
1000000US500239552004014,49,46,3
1000000US500239552004015,1,1,0
1000000US500239552004016,4,4,0
1000000US500239552004017,9,7,2
1000000US500239552004018,9,8,1
1000000US500239552004019,181,169,12
1000000US500239552004020,11,10,1
1000000US500239552004021,1,1,0
1000000US500239552004022,31,31,0
1000000US500239552004023,32,32,0
1000000US500239552004024,6,5,1
1000000US500239552004025,4,4,0
1000000US500239552004026,0,0,0
1000000US500239552004027,0,0,0
1000000US500239552005000,0,0,0
1000000US500239552005001,0,0,0
1000000US500239552005002,0,0,0
1000000US500239552005003,0,0,0
1000000US500239552005004,4,4,0
1000000US500239552005005,4,4,0
1000000US500239552005006,0,0,0
1000000US500239552005007,0,0,0
1000000US500239552005008,17,17,0
1000000US500239552005009,9,6,3
1000000US500239552005010,1,0,1
1000000US500239552005011,17,16,1
1000000US500239552005012,0,0,0
1000000US500239552005013,0,0,0
1000000US500239552005014,0,0,0
1000000US500239552005015,16,14,2
1000000US500239552005016,0,0,0
1000000US500239552005017,0,0,0
1000000US500239552005018,0,0,0
1000000US500239552005019,8,6,2
1000000US500239552005020,0,0,0
1000000US500239552005021,16,14,2
1000000US500239552005022,82,78,4
1000000US500239552005023,20,19,1
1000000US500239552005024,15,15,0
1000000US500239552005025,0,0,0
1000000US500239552005026,9,9,0
1000000US500239552005027,27,25,2
1000000US500239552005028,5,5,0
1000000US500239552005029,14,14,0
1000000US500239552006000,0,0,0
1000000US500239552006001,0,0,0
1000000US500239552006002,0,0,0
1000000US500239552006003,0,0,0
1000000US500239552006004,87,80,7
1000000US500239552006005,10,10,0
1000000US500239552006006,0,0,0
1000000US500239552006007,8,8,0
1000000US500239552006008,0,0,0
1000000US500239552006009,0,0,0
1000000US500239552006010,0,0,0
1000000US500239552006011,0,0,0
1000000US500239552006012,86,78,8
1000000US500239552006013,16,16,0
1000000US500239552006014,1,1,0
1000000US500239552006015,1,1,0
1000000US500239552006016,1,1,0
1000000US500239552006017,0,0,0
1000000US500239552006018,0,0,0
1000000US500239552006019,119,114,5
1000000US500239552006020,0,0,0
1000000US500239552006021,0,0,0
1000000US500239553001000,92,88,4
1000000US500239553001001,1,1,0
1000000US500239553001002,12,12,0
1000000US500239553001003,17,17,0
1000000US500239553001004,25,24,1
1000000US500239553001005,131,131,0
1000000US500239553001006,51,49,2
1000000US500239553001007,3,3,0
1000000US500239553001008,6,5,1
1000000US500239553001009,35,32,3
1000000US500239553001010,11,11,0
1000000US500239553001011,10,9,1
1000000US500239553001012,5,5,0
1000000US500239553001013,34,33,1
1000000US500239553001014,2,2,0
1000000US500239553001015,3,3,0
1000000US500239553001016,10,9,1
1000000US500239553001017,29,28,1
1000000US500239553001018,71,67,4
1000000US500239553001019,10,10,0
1000000US500239553001020,10,9,1
1000000US500239553001021,5,5,0
1000000US500239553001022,9,9,0
1000000US500239553001023,23,20,3
1000000US500239553001024,10,10,0
1000000US500239553001025,7,6,1
1000000US500239553001026,0,0,0
1000000US500239553001027,2,2,0
1000000US500239553001028,0,0,0
1000000US500239553001029,4,4,0
1000000US500239553001030,0,0,0
1000000US500239553002000,67,64,3
1000000US500239553002001,0,0,0
1000000US500239553002002,1,1,0
1000000US500239553002003,1,1,0
1000000US500239553002004,25,24,1
1000000US500239553002005,2,2,0
1000000US500239553002006,1,1,0
1000000US500239553002007,1,1,0
1000000US500239553002008,10,9,1
1000000US500239553002009,13,13,0
1000000US500239553002010,40,40,0
1000000US500239553002011,1,1,0
1000000US500239553002012,1,1,0
1000000US500239553002013,2,2,0
1000000US500239553002014,47,43,4
1000000US500239553002015,1,1,0
1000000US500239553002016,8,8,0
1000000US500239553002017,8,8,0
1000000US500239553002018,56,55,1
1000000US500239553002019,7,6,1
1000000US500239553002020,4,4,0
1000000US500239553002021,10,10,0
1000000US500239553002022,10,10,0
1000000US500239553002023,2,2,0
1000000US500239553002024,13,13,0
1000000US500239553002025,56,53,3
1000000US500239553002026,7,7,0
1000000US500239553002027,129,123,6
1000000US500239553002028,7,7,0
1000000US500239553002029,17,17,0
1000000US500239553002030,0,0,0
1000000US500239553002031,0,0,0
1000000US500239553002032,13,12,1
1000000US500239553002033,6,6,0
1000000US500239553002034,7,7,0
1000000US500239553002035,4,4,0
1000000US500239553002036,15,15,0
1000000US500239553002037,16,14,2
1000000US500239553002038,13,12,1
1000000US500239553002039,15,15,0
1000000US500239553002040,15,15,0
1000000US500239553002041,0,0,0
1000000US500239553003000,22,22,0
1000000US500239553003001,14,14,0
1000000US500239553003002,0,0,0
1000000US500239553003003,0,0,0
1000000US500239553003004,0,0,0
1000000US500239553003005,13,13,0
1000000US500239553003006,49,47,2
1000000US500239553003007,6,6,0
1000000US500239553003008,6,6,0
1000000US500239553003009,8,7,1
1000000US500239553003010,17,17,0
1000000US500239553003011,156,153,3
1000000US500239553003012,10,10,0
1000000US500239553003013,13,13,0
1000000US500239553003014,1,1,0
1000000US500239553003015,42,42,0
1000000US500239553003016,17,17,0
1000000US500239553003017,10,8,2
1000000US500239553003018,0,0,0
1000000US500239553003019,12,12,0
1000000US500239554001000,0,0,0
1000000US500239554001001,24,23,1
1000000US500239554001002,3,2,1
1000000US500239554001003,0,0,0
1000000US500239554001004,57,55,2
1000000US500239554001005,0,0,0
1000000US500239554001006,3,3,0
1000000US500239554001007,0,0,0
1000000US500239554001008,16,14,2
1000000US500239554001009,0,0,0
1000000US500239554001010,0,0,0
1000000US500239554001011,11,11,0
1000000US500239554001012,0,0,0
1000000US500239554001013,0,0,0
1000000US500239554001014,1,1,0
1000000US500239554001015,0,0,0
1000000US500239554001016,0,0,0
1000000US500239554001017,12,12,0
1000000US500239554001018,0,0,0
1000000US500239554001019,52,49,3
1000000US500239554001020,19,18,1
1000000US500239554001021,0,0,0
1000000US500239554001022,49,43,6
1000000US500239554001023,6,5,1
1000000US500239554001024,48,44,4
1000000US500239554001025,5,5,0
1000000US500239554001026,18,16,2
1000000US500239554001027,9,8,1
1000000US500239554001028,68,64,4
1000000US500239554001029,0,0,0
1000000US500239554001030,16,16,0
1000000US500239554001031,0,0,0
1000000US500239554001032,14,14,0
1000000US500239554001033,0,0,0
1000000US500239554001034,1,1,0
1000000US500239554001035,2,2,0
1000000US500239554001036,5,5,0
1000000US500239554001037,0,0,0
1000000US500239554001038,0,0,0
1000000US500239554002000,0,0,0
1000000US500239554002001,16,16,0
1000000US500239554002002,146,134,12
1000000US500239554002003,18,17,1
1000000US500239554002004,0,0,0
1000000US500239554002005,0,0,0
1000000US500239554002006,3,2,1
1000000US500239554002007,14,14,0
1000000US500239554002008,28,28,0
1000000US500239554002009,5,5,0
1000000US500239554002010,24,23,1
1000000US500239554002011,7,7,0
1000000US500239554002012,10,10,0
1000000US500239554002013,80,64,16
1000000US500239554002014,0,0,0
1000000US500239554002015,9,9,0
1000000US500239554002016,0,0,0
1000000US500239554002017,1,1,0
1000000US500239554002018,12,12,0
1000000US500239554002019,73,69,4
1000000US500239554002020,15,13,2
1000000US500239554002021,19,18,1
1000000US500239554002022,0,0,0
1000000US500239554002023,4,4,0
1000000US500239554002024,7,5,2
1000000US500239554002025,0,0,0
1000000US500239554002026,8,8,0
1000000US500239554002027,5,5,0
1000000US500239554002028,12,12,0
1000000US500239554002029,0,0,0
1000000US500239554002030,11,11,0
1000000US500239554002031,46,35,11
1000000US500239554002032,0,0,0
1000000US500239554002033,0,0,0
1000000US500239554002034,12,11,1
1000000US500239554002035,62,58,4
1000000US500239554002036,49,45,4
1000000US500239554002037,22,21,1
1000000US500239554002038,1,1,0
1000000US500239554002039,16,15,1
1000000US500239554002040,0,0,0
1000000US500239554002041,26,26,0
1000000US500239554002042,18,11,7
1000000US500239554003000,7,7,0
1000000US500239554003001,7,6,1
1000000US500239554003002,0,0,0
1000000US500239554003003,7,7,0
1000000US500239554003004,8,8,0
1000000US500239554003005,1,1,0
1000000US500239554003006,4,4,0
1000000US500239554003007,2,2,0
1000000US500239554003008,7,6,1
1000000US500239554003009,10,10,0
1000000US500239554003010,11,11,0
1000000US500239554003011,14,11,3
1000000US500239554003012,5,4,1
1000000US500239554003013,5,5,0
1000000US500239554003014,0,0,0
1000000US500239554003015,2,2,0
1000000US500239554003016,2,2,0
1000000US500239554003017,2,2,0
1000000US500239554003018,7,7,0
1000000US500239554003019,0,0,0
1000000US500239554003020,0,0,0
1000000US500239554003021,3,3,0
1000000US500239554003022,119,114,5
1000000US500239554003023,10,10,0
1000000US500239554003024,5,5,0
1000000US500239554003025,2,2,0
1000000US500239554003026,20,19,1
1000000US500239554003027,0,0,0
1000000US500239554003028,21,20,1
1000000US500239554003029,19,19,0
1000000US500239554003030,13,13,0
1000000US500239554003031,5,5,0
1000000US500239554003032,5,5,0
1000000US500239554003033,3,3,0
1000000US500239554003034,3,3,0
1000000US500239554003035,0,0,0
1000000US500239554003036,1,1,0
1000000US500239554003037,32,30,2
1000000US500239554003038,5,3,2
1000000US500239554003039,77,75,2
1000000US500239554003040,10,10,0
1000000US500239554003041,1,1,0
1000000US500239554003042,27,27,0
1000000US500239554003043,0,0,0
1000000US500239554003044,27,25,2
1000000US500239555001000,21,20,1
1000000US500239555001001,0,0,0
1000000US500239555001002,0,0,0
1000000US500239555001003,0,0,0
1000000US500239555001004,6,4,2
1000000US500239555001005,0,0,0
1000000US500239555001006,197,175,22
1000000US500239555001007,33,30,3
1000000US500239555001008,21,20,1
1000000US500239555001009,4,4,0
1000000US500239555001010,4,4,0
1000000US500239555001011,1,1,0
1000000US500239555001012,0,0,0
1000000US500239555001013,12,12,0
1000000US500239555001014,0,0,0
1000000US500239555001015,43,40,3
1000000US500239555001016,6,6,0
1000000US500239555001017,58,48,10
1000000US500239555001018,18,18,0
1000000US500239555001019,0,0,0
1000000US500239555001020,0,0,0
1000000US500239555001021,9,8,1
1000000US500239555001022,3,3,0
1000000US500239555001023,3,3,0
1000000US500239555001024,1,1,0
1000000US500239555001025,0,0,0
1000000US500239555001026,0,0,0
1000000US500239555001027,30,29,1
1000000US500239555001028,21,19,2
1000000US500239555001029,2,2,0
1000000US500239555001030,22,19,3
1000000US500239555001031,0,0,0
1000000US500239555001032,5,5,0
1000000US500239555001033,0,0,0
1000000US500239555001034,1,1,0
1000000US500239555001035,0,0,0
1000000US500239555001036,80,78,2
1000000US500239555001037,3,2,1
1000000US500239555001038,0,0,0
1000000US500239555001039,13,10,3
1000000US500239555001040,39,38,1
1000000US500239555001041,0,0,0
1000000US500239555001042,0,0,0
1000000US500239555001043,0,0,0
1000000US500239555001044,2,2,0
1000000US500239555002000,1,0,1
1000000US500239555002001,19,17,2
1000000US500239555002002,0,0,0
1000000US500239555002003,2,2,0
1000000US500239555002004,54,43,11
1000000US500239555002005,2,2,0
1000000US500239555002006,2,2,0
1000000US500239555002007,8,6,2
1000000US500239555002008,2,2,0
1000000US500239555002009,0,0,0
1000000US500239555002010,0,0,0
1000000US500239555002011,0,0,0
1000000US500239555002012,0,0,0
1000000US500239555002013,4,2,2
1000000US500239555002014,1,1,0
1000000US500239555002015,0,0,0
1000000US500239555002016,0,0,0
1000000US500239555002017,29,11,18
1000000US500239555002018,0,0,0
1000000US500239555002019,0,0,0
1000000US500239555002020,19,18,1
1000000US500239555002021,0,0,0
1000000US500239555002022,0,0,0
1000000US500239555002023,5,5,0
1000000US500239555002024,32,23,9
1000000US500239555002025,2,1,1
1000000US500239555002026,25,17,8
1000000US500239555002027,0,0,0
1000000US500239555002028,0,0,0
1000000US500239555002029,1,1,0
1000000US500239555002030,3,2,1
1000000US500239555002031,8,6,2
1000000US500239555002032,0,0,0
1000000US500239555002033,9,7,2
1000000US500239555002034,5,4,1
1000000US500239555002035,9,8,1
1000000US500239555002036,11,8,3
1000000US500239555002037,26,12,14
1000000US500239555002038,0,0,0
1000000US500239555002039,0,0,0
1000000US500239555002040,5,3,2
1000000US500239555002041,0,0,0
1000000US500239555002042,0,0,0
1000000US500239555002043,2,1,1
1000000US500239555002044,1,0,1
1000000US500239555002045,0,0,0
1000000US500239555002046,0,0,0
1000000US500239555002047,3,3,0
1000000US500239555002048,71,40,31
1000000US500239555002049,0,0,0
1000000US500239555002050,0,0,0
1000000US500239555002051,2,1,1
1000000US500239555002052,0,0,0
1000000US500239555002053,2,2,0
1000000US500239555002054,2,2,0
1000000US500239555002055,0,0,0
1000000US500239555002056,7,6,1
1000000US500239555002057,0,0,0
1000000US500239555002058,0,0,0
1000000US500239555002059,1,1,0
1000000US500239555002060,18,10,8
1000000US500239555002061,0,0,0
1000000US500239555002062,23,15,8
1000000US500239555002063,0,0,0
1000000US500239555002064,0,0,0
1000000US500239555002065,1,1,0
1000000US500239555002066,0,0,0
1000000US500239555002067,0,0,0
1000000US500239555002068,3,0,3
1000000US500239555002069,0,0,0
1000000US500239555002070,2,2,0
1000000US500239555002071,0,0,0
1000000US500239555002072,10,5,5
1000000US500239555002073,3,3,0
1000000US500239555002074,4,4,0
1000000US500239555002075,0,0,0
1000000US500239555002076,0,0,0
1000000US500239555002077,2,1,1
1000000US500239555002078,0,0,0
1000000US500239555002079,0,0,0
1000000US500239555003000,10,10,0
1000000US500239555003001,20,16,4
1000000US500239555003002,0,0,0
1000000US500239555003003,2,2,0
1000000US500239555003004,4,4,0
1000000US500239555003005,19,19,0
1000000US500239555003006,0,0,0
1000000US500239555003007,1,1,0
1000000US500239555003008,2,2,0
1000000US500239555003009,17,17,0
1000000US500239555003010,0,0,0
1000000US500239555003011,26,25,1
1000000US500239555003012,0,0,0
1000000US500239555003013,2,2,0
1000000US500239555003014,0,0,0
1000000US500239555003015,0,0,0
1000000US500239555003016,0,0,0
1000000US500239555003017,4,4,0
1000000US500239555003018,22,21,1
1000000US500239555003019,37,35,2
1000000US500239555003020,17,16,1
1000000US500239555003021,11,11,0
1000000US500239555003022,12,12,0
1000000US500239555003023,12,12,0
1000000US500239555003024,2,2,0
1000000US500239555003025,13,11,2
1000000US500239555003026,11,11,0
1000000US500239555003027,23,22,1
1000000US500239555003028,13,11,2
1000000US500239555003029,29,29,0
1000000US500239555003030,0,0,0
1000000US500239555003031,1,1,0
1000000US500239555003032,29,29,0
1000000US500239555003033,0,0,0
1000000US500239555003034,0,0,0
1000000US500239555003035,0,0,0
1000000US500239555003036,0,0,0
1000000US500239555003037,1,1,0
1000000US500239555003038,25,22,3
1000000US500239555003039,10,8,2
1000000US500239555003040,29,25,4
1000000US500239555003041,11,10,1
1000000US500239555003042,17,17,0
1000000US500239555003043,1,1,0
1000000US500239555003044,1,1,0
1000000US500239555003045,17,17,0
1000000US500239555003046,6,6,0
1000000US500239555003047,25,24,1
1000000US500239555003048,5,5,0
1000000US500239555003049,0,0,0
1000000US500239555003050,0,0,0
1000000US500239555004000,7,6,1
1000000US500239555004001,0,0,0
1000000US500239555004002,14,13,1
1000000US500239555004003,0,0,0
1000000US500239555004004,1,1,0
1000000US500239555004005,1,0,1
1000000US500239555004006,41,37,4
1000000US500239555004007,0,0,0
1000000US500239555004008,76,57,19
1000000US500239555004009,11,11,0
1000000US500239555004010,1,1,0
1000000US500239555004011,13,11,2
1000000US500239555004012,5,4,1
1000000US500239555004013,88,79,9
1000000US500239555004014,1,1,0
1000000US500239555004015,4,3,1
1000000US500239555004016,0,0,0
1000000US500239555004017,1,1,0
1000000US500239555004018,1,1,0
1000000US500239555004019,3,3,0
1000000US500239555004020,0,0,0
1000000US500239555004021,13,13,0
1000000US500239555004022,15,11,4
1000000US500239555004023,0,0,0
1000000US500239555004024,3,2,1
1000000US500239555004025,9,8,1
1000000US500239555004026,48,37,11
1000000US500239555004027,0,0,0
1000000US500239555004028,1,0,1
1000000US500239555004029,2,1,1
1000000US500239555004030,5,4,1
1000000US500239555004031,0,0,0
1000000US500239555004032,0,0,0
1000000US500239555004033,0,0,0
1000000US500239555004034,21,19,2
1000000US500239555004035,0,0,0
1000000US500239555004036,0,0,0
1000000US500239555004037,1,1,0
1000000US500239555004038,0,0,0
1000000US500239555004039,0,0,0
1000000US500239555004040,19,18,1
1000000US500239555004041,11,11,0
1000000US500239555004042,29,24,5
1000000US500239555004043,49,43,6
1000000US500239555004044,11,9,2
1000000US500239555004045,0,0,0
1000000US500239555004046,0,0,0
1000000US500239555004047,9,9,0
1000000US500239555004048,0,0,0
1000000US500239555004049,0,0,0
1000000US500239555004050,3,2,1
1000000US500239555004051,3,2,1
1000000US500239555004052,21,20,1
1000000US500239555004053,11,11,0
1000000US500239555004054,0,0,0
1000000US500239555005000,0,0,0
1000000US500239555005001,30,30,0
1000000US500239555005002,0,0,0
1000000US500239555005003,0,0,0
1000000US500239555005004,15,14,1
1000000US500239555005005,0,0,0
1000000US500239555005006,25,21,4
1000000US500239555005007,57,53,4
1000000US500239555005008,0,0,0
1000000US500239555005009,0,0,0
1000000US500239555005010,4,4,0
1000000US500239555005011,14,12,2
1000000US500239555005012,9,8,1
1000000US500239555005013,12,8,4
1000000US500239555005014,0,0,0
1000000US500239555005015,0,0,0
1000000US500239555005016,0,0,0
1000000US500239555005017,0,0,0
1000000US500239555005018,0,0,0
1000000US500239555005019,0,0,0
1000000US500239555005020,0,0,0
1000000US500239555005021,0,0,0
1000000US500239555005022,0,0,0
1000000US500239555005023,1,0,1
1000000US500239555005024,0,0,0
1000000US500239555005025,0,0,0
1000000US500239555005026,0,0,0
1000000US500239555005027,0,0,0
1000000US500239555005028,15,13,2
1000000US500239555005029,0,0,0
1000000US500239555005030,0,0,0
1000000US500239555005031,0,0,0
1000000US500239555005032,18,17,1
1000000US500239555005033,0,0,0
1000000US500239555005034,1,1,0
1000000US500239555005035,65,60,5
1000000US500239555005036,4,4,0
1000000US500239555005037,6,6,0
1000000US500239555005038,0,0,0
1000000US500239555005039,32,30,2
1000000US500239555005040,1,1,0
1000000US500239555005041,2,1,1
1000000US500239555005042,5,5,0
1000000US500239555005043,3,3,0
1000000US500239555005044,0,0,0
1000000US500239555005045,5,5,0
1000000US500239555005046,10,9,1
1000000US500239555005047,22,18,4
1000000US500239555005048,2,1,1
1000000US500239555005049,0,0,0
1000000US500239555005050,0,0,0
1000000US500239555005051,15,14,1
1000000US500239555005052,17,16,1
1000000US500239555005053,1,1,0
1000000US500239555005054,1,1,0
1000000US500239555005055,5,5,0
1000000US500239555005056,1,1,0
1000000US500239555005057,2,2,0
1000000US500239555005058,0,0,0
1000000US500239555005059,0,0,0
1000000US500239555005060,1,1,0
1000000US500239555005061,1,1,0
1000000US500239555005062,2,2,0
1000000US500239555005063,0,0,0
1000000US500239556001000,98,60,38
1000000US500239556001001,6,2,4
1000000US500239556001002,4,3,1
1000000US500239556001003,0,0,0
1000000US500239556001004,1,0,1
1000000US500239556001005,2,1,1
1000000US500239556001006,2,0,2
1000000US500239556001007,1,0,1
1000000US500239556001008,2,2,0
1000000US500239556001009,24,16,8
1000000US500239556001010,1,1,0
1000000US500239556001011,7,6,1
1000000US500239556001012,0,0,0
1000000US500239556001013,0,0,0
1000000US500239556001014,56,42,14
1000000US500239556001015,0,0,0
1000000US500239556001016,3,2,1
1000000US500239556001017,3,3,0
1000000US500239556001018,26,17,9
1000000US500239556001019,23,17,6
1000000US500239556001020,17,14,3
1000000US500239556001021,2,1,1
1000000US500239556001022,16,6,10
1000000US500239556001023,0,0,0
1000000US500239556001024,1,1,0
1000000US500239556001025,10,5,5
1000000US500239556001026,0,0,0
1000000US500239556001027,61,39,22
1000000US500239556001028,11,8,3
1000000US500239556001029,0,0,0
1000000US500239556001030,75,49,26
1000000US500239556001031,1,1,0
1000000US500239556001032,5,4,1
1000000US500239556001033,62,42,20
1000000US500239556001034,6,6,0
1000000US500239556001035,2,0,2
1000000US500239556001036,0,0,0
1000000US500239556001037,2,2,0
1000000US500239556001038,3,2,1
1000000US500239556001039,0,0,0
1000000US500239556001040,3,0,3
1000000US500239556001041,2,2,0
1000000US500239556001042,8,8,0
1000000US500239556001043,75,41,34
1000000US500239556001044,3,2,1
1000000US500239556001045,0,0,0
1000000US500239556001046,2,1,1
1000000US500239556001047,16,3,13
1000000US500239556001048,1,0,1
1000000US500239556001049,3,0,3
1000000US500239556001050,3,2,1
1000000US500239556001051,4,3,1
1000000US500239556001052,14,7,7
1000000US500239556001053,1,1,0
1000000US500239556001054,5,3,2
1000000US500239556001055,0,0,0
1000000US500239556001056,0,0,0
1000000US500239556001057,8,5,3
1000000US500239556001058,0,0,0
1000000US500239556001059,1,1,0
1000000US500239556001060,5,1,4
1000000US500239556001061,5,2,3
1000000US500239556001062,1,1,0
1000000US500239556001063,3,1,2
1000000US500239556001064,3,2,1
1000000US500239556002000,1,0,1
1000000US500239556002001,0,0,0
1000000US500239556002002,0,0,0
1000000US500239556002003,179,54,125
1000000US500239556002004,4,0,4
1000000US500239556002005,4,2,2
1000000US500239556002006,0,0,0
1000000US500239556002007,0,0,0
1000000US500239556002008,797,110,687
1000000US500239556002009,1,0,1
1000000US500239556002010,31,1,30
1000000US500239556002011,17,4,13
1000000US500239556002012,4,1,3
1000000US500239556002013,0,0,0
1000000US500239556002014,0,0,0
1000000US500239556002015,7,3,4
1000000US500239556002016,0,0,0
1000000US500239556002017,0,0,0
1000000US500239556002018,0,0,0
1000000US500239556002019,0,0,0
1000000US500239556002020,0,0,0
1000000US500239556002021,0,0,0
1000000US500239556002022,1,0,1
1000000US500239556002023,2,2,0
1000000US500239556002024,107,40,67
1000000US500239556002025,0,0,0
1000000US500239556002026,11,2,9
1000000US500239556002027,134,13,121
1000000US500239556002028,0,0,0
1000000US500239556002029,1,0,1
1000000US500239556002030,4,0,4
1000000US500239556002031,1,0,1
1000000US500239556002032,0,0,0
1000000US500239556002033,43,11,32
1000000US500239556002034,2,0,2
1000000US500239556002035,65,25,40
1000000US500239556002036,0,0,0
1000000US500239556002037,0,0,0
1000000US500239556002038,1,0,1
1000000US500239556002039,6,3,3
1000000US500239556002040,0,0,0
1000000US500239556002041,12,9,3
1000000US500239556002042,8,3,5
1000000US500239556002043,43,26,17
1000000US500239556002044,12,5,7
1000000US500239556002045,0,0,0
1000000US500239556002046,9,8,1
1000000US500239556002047,0,0,0
1000000US500239556002048,3,1,2
1000000US500239556002049,0,0,0
1000000US500239556002050,10,7,3
1000000US500239556002051,0,0,0
1000000US500239556002052,0,0,0
1000000US500239556002053,0,0,0
1000000US500239556002054,0,0,0
1000000US500239556002055,0,0,0
1000000US500239556002056,0,0,0
1000000US500239556002057,13,3,10
1000000US500239557001000,0,0,0
1000000US500239557001001,0,0,0
1000000US500239557001002,17,16,1
1000000US500239557001003,0,0,0
1000000US500239557001004,0,0,0
1000000US500239557001005,0,0,0
1000000US500239557001006,0,0,0
1000000US500239557001007,6,4,2
1000000US500239557001008,41,29,12
1000000US500239557001009,0,0,0
1000000US500239557001010,37,31,6
1000000US500239557001011,0,0,0
1000000US500239557001012,14,12,2
1000000US500239557001013,19,15,4
1000000US500239557001014,106,86,20
1000000US500239557001015,6,5,1
1000000US500239557001016,0,0,0
1000000US500239557001017,0,0,0
1000000US500239557001018,0,0,0
1000000US500239557001019,0,0,0
1000000US500239557001020,0,0,0
1000000US500239557001021,40,35,5
1000000US500239557001022,2,1,1
1000000US500239557001023,2,2,0
1000000US500239557001024,0,0,0
1000000US500239557001025,0,0,0
1000000US500239557001026,0,0,0
1000000US500239557001027,73,48,25
1000000US500239557001028,6,1,5
1000000US500239557001029,1,0,1
1000000US500239557001030,15,13,2
1000000US500239557001031,0,0,0
1000000US500239557001032,5,4,1
1000000US500239557001033,49,39,10
1000000US500239557001034,3,2,1
1000000US500239557001035,16,10,6
1000000US500239557001036,8,6,2
1000000US500239557001037,0,0,0
1000000US500239557001038,0,0,0
1000000US500239557001039,0,0,0
1000000US500239557001040,65,50,15
1000000US500239557001041,0,0,0
1000000US500239557001042,1,1,0
1000000US500239557001043,0,0,0
1000000US500239557001044,27,21,6
1000000US500239557001045,2,2,0
1000000US500239557001046,3,3,0
1000000US500239557001047,16,8,8
1000000US500239557001048,1,1,0
1000000US500239557001049,0,0,0
1000000US500239557001050,0,0,0
1000000US500239557001051,0,0,0
1000000US500239557001052,0,0,0
1000000US500239557001053,0,0,0
1000000US500239557001054,11,8,3
1000000US500239557001055,17,12,5
1000000US500239557001056,0,0,0
1000000US500239557001057,2,2,0
1000000US500239557001058,0,0,0
1000000US500239557001059,3,3,0
1000000US500239557001060,2,1,1
1000000US500239557001061,3,2,1
1000000US500239557001062,0,0,0
1000000US500239557002000,1,1,0
1000000US500239557002001,0,0,0
1000000US500239557002002,0,0,0
1000000US500239557002003,4,3,1
1000000US500239557002004,2,2,0
1000000US500239557002005,0,0,0
1000000US500239557002006,0,0,0
1000000US500239557002007,0,0,0
1000000US500239557002008,0,0,0
1000000US500239557002009,0,0,0
1000000US500239557002010,11,7,4
1000000US500239557002011,6,5,1
1000000US500239557002012,2,2,0
1000000US500239557002013,61,54,7
1000000US500239557002014,0,0,0
1000000US500239557002015,0,0,0
1000000US500239557002016,3,2,1
1000000US500239557002017,2,2,0
1000000US500239557002018,0,0,0
1000000US500239557002019,0,0,0
1000000US500239557002020,9,8,1
1000000US500239557002021,0,0,0
1000000US500239557002022,0,0,0
1000000US500239557002023,22,21,1
1000000US500239557002024,10,8,2
1000000US500239557002025,5,3,2
1000000US500239557002026,0,0,0
1000000US500239557002027,0,0,0
1000000US500239557002028,0,0,0
1000000US500239557002029,26,22,4
1000000US500239557002030,1,1,0
1000000US500239557002031,43,39,4
1000000US500239557002032,2,1,1
1000000US500239557002033,1,1,0
1000000US500239557002034,1,1,0
1000000US500239557002035,63,55,8
1000000US500239557002036,3,3,0
1000000US500239557002037,5,5,0
1000000US500239557002038,0,0,0
1000000US500239557002039,0,0,0
1000000US500239557002040,0,0,0
1000000US500239557002041,67,20,47
1000000US500239557002042,0,0,0
1000000US500239557002043,3,0,3
1000000US500239557002044,1,1,0
1000000US500239557002045,0,0,0
1000000US500239557002046,20,20,0
1000000US500239557002047,0,0,0
1000000US500239557002048,0,0,0
1000000US500239557002049,0,0,0
1000000US500239557002050,0,0,0
1000000US500239557002051,15,13,2
1000000US500239557002052,3,3,0
1000000US500239558001000,44,36,8
1000000US500239558001001,6,4,2
1000000US500239558001002,50,36,14
1000000US500239558001003,5,2,3
1000000US500239558001004,12,4,8
1000000US500239558001005,255,118,137
1000000US500239558001006,0,0,0
1000000US500239558001007,1,1,0
1000000US500239558001008,7,2,5
1000000US500239558001009,0,0,0
1000000US500239558001010,0,0,0
1000000US500239558001011,4,4,0
1000000US500239558001012,1,1,0
1000000US500239558001013,1,1,0
1000000US500239558001014,3,2,1
1000000US500239558001015,12,7,5
1000000US500239558001016,16,15,1
1000000US500239558001017,18,13,5
1000000US500239558001018,0,0,0
1000000US500239558001019,22,21,1
1000000US500239558001020,43,32,11
1000000US500239558001021,8,7,1
1000000US500239558001022,0,0,0
1000000US500239558001023,1,1,0
1000000US500239558001024,0,0,0
1000000US500239558001025,261,60,201
1000000US500239558001026,1,1,0
1000000US500239558001027,5,0,5
1000000US500239558001028,15,10,5
1000000US500239558001029,0,0,0
1000000US500239558001030,0,0,0
1000000US500239558001031,0,0,0
1000000US500239558001032,2,2,0
1000000US500239558001033,0,0,0
1000000US500239558001034,0,0,0
1000000US500239558001035,0,0,0
1000000US500239558001036,1,1,0
1000000US500239558001037,0,0,0
1000000US500239558001038,3,2,1
1000000US500239558001039,155,77,78
1000000US500239558001040,3,0,3
1000000US500239558001041,3,0,3
1000000US500239558001042,1,1,0
1000000US500239558001043,9,4,5
1000000US500239558001044,48,26,22
1000000US500239558001045,28,12,16
1000000US500239558001046,0,0,0
1000000US500239558001047,92,61,31
1000000US500239558001048,0,0,0
1000000US500239558001049,0,0,0
1000000US500239558001050,21,14,7
1000000US500239558001051,0,0,0
1000000US500239558001052,1,0,1
1000000US500239558001053,4,3,1
1000000US500239558001054,29,9,20
1000000US500239558001055,7,2,5
1000000US500239558001056,3,2,1
1000000US500259670001000,9,8,1
1000000US500259670001001,0,0,0
1000000US500259670001002,0,0,0
1000000US500259670001003,0,0,0
1000000US500259670001004,0,0,0
1000000US500259670001005,290,259,31
1000000US500259670001006,11,9,2
1000000US500259670001007,31,23,8
1000000US500259670001008,15,15,0
1000000US500259670001009,4,4,0
1000000US500259670001010,3,3,0
1000000US500259670001011,8,7,1
1000000US500259670001012,10,10,0
1000000US500259670001013,7,5,2
1000000US500259670001014,15,12,3
1000000US500259670001015,10,10,0
1000000US500259670001016,12,12,0
1000000US500259670001017,28,25,3
1000000US500259670001018,10,10,0
1000000US500259670001019,0,0,0
1000000US500259670001020,0,0,0
1000000US500259670001021,3,3,0
1000000US500259670002000,0,0,0
1000000US500259670002001,0,0,0
1000000US500259670002002,0,0,0
1000000US500259670002003,1,0,1
1000000US500259670002004,0,0,0
1000000US500259670002005,3,2,1
1000000US500259670002006,1,1,0
1000000US500259670002007,6,6,0
1000000US500259670002008,1,1,0
1000000US500259670002009,4,3,1
1000000US500259670002010,0,0,0
1000000US500259670002011,24,22,2
1000000US500259670002012,0,0,0
1000000US500259670002013,0,0,0
1000000US500259670002014,0,0,0
1000000US500259670002015,0,0,0
1000000US500259670002016,2,1,1
1000000US500259670002017,0,0,0
1000000US500259670002018,0,0,0
1000000US500259670002019,0,0,0
1000000US500259670002020,0,0,0
1000000US500259670002021,9,7,2
1000000US500259670002022,0,0,0
1000000US500259670002023,0,0,0
1000000US500259670002024,0,0,0
1000000US500259670002025,0,0,0
1000000US500259670002026,4,3,1
1000000US500259670002027,0,0,0
1000000US500259670002028,11,9,2
1000000US500259670002029,37,31,6
1000000US500259670002030,45,44,1
1000000US500259670002031,37,35,2
1000000US500259670002032,34,32,2
1000000US500259670002033,69,62,7
1000000US500259670002034,10,9,1
1000000US500259670002035,0,0,0
1000000US500259670002036,0,0,0
1000000US500259670002037,0,0,0
1000000US500259670002038,0,0,0
1000000US500259670002039,0,0,0
1000000US500259670002040,0,0,0
1000000US500259670002041,0,0,0
1000000US500259670002042,0,0,0
1000000US500259670002043,0,0,0
1000000US500259670002044,27,24,3
1000000US500259670002045,3,3,0
1000000US500259670002046,67,60,7
1000000US500259670002047,34,23,11
1000000US500259670002048,45,36,9
1000000US500259670002049,13,11,2
1000000US500259670002050,19,16,3
1000000US500259670002051,72,68,4
1000000US500259670002052,23,21,2
1000000US500259670002053,0,0,0
1000000US500259670002054,12,10,2
1000000US500259670002055,23,20,3
1000000US500259670002056,0,0,0
1000000US500259670002057,31,29,2
1000000US500259670002058,0,0,0
1000000US500259670002059,14,11,3
1000000US500259670002060,4,4,0
1000000US500259670002061,0,0,0
1000000US500259670002062,0,0,0
1000000US500259670003000,20,14,6
1000000US500259670003001,64,49,15
1000000US500259670003002,11,8,3
1000000US500259670003003,32,26,6
1000000US500259670003004,39,37,2
1000000US500259670003005,77,66,11
1000000US500259670003006,23,20,3
1000000US500259670003007,18,17,1
1000000US500259670003008,16,15,1
1000000US500259670003009,16,12,4
1000000US500259670003010,7,6,1
1000000US500259670003011,17,14,3
1000000US500259670003012,8,8,0
1000000US500259670003013,22,18,4
1000000US500259670003014,30,28,2
1000000US500259670003015,0,0,0
1000000US500259671001000,10,9,1
1000000US500259671001001,7,7,0
1000000US500259671001002,0,0,0
1000000US500259671001003,0,0,0
1000000US500259671001004,8,7,1
1000000US500259671001005,4,4,0
1000000US500259671001006,0,0,0
1000000US500259671001007,1,0,1
1000000US500259671001008,0,0,0
1000000US500259671001009,0,0,0
1000000US500259671001010,0,0,0
1000000US500259671001011,13,9,4
1000000US500259671001012,3,3,0
1000000US500259671001013,6,5,1
1000000US500259671001014,0,0,0
1000000US500259671001015,4,2,2
1000000US500259671001016,18,11,7
1000000US500259671001017,0,0,0
1000000US500259671001018,0,0,0
1000000US500259671001019,4,3,1
1000000US500259671001020,0,0,0
1000000US500259671001021,9,6,3
1000000US500259671001022,3,1,2
1000000US500259671001023,14,10,4
1000000US500259671001024,0,0,0
1000000US500259671001025,0,0,0
1000000US500259671001026,1,1,0
1000000US500259671001027,3,3,0
1000000US500259671001028,0,0,0
1000000US500259671001029,3,2,1
1000000US500259671001030,45,39,6
1000000US500259671001031,0,0,0
1000000US500259671001032,0,0,0
1000000US500259671001033,6,6,0
1000000US500259671001034,0,0,0
1000000US500259671001035,1,1,0
1000000US500259671001036,36,23,13
1000000US500259671001037,3,3,0
1000000US500259671001038,0,0,0
1000000US500259671001039,0,0,0
1000000US500259671001040,0,0,0
1000000US500259671001041,0,0,0
1000000US500259671001042,0,0,0
1000000US500259671001043,9,9,0
1000000US500259671001044,0,0,0
1000000US500259671001045,0,0,0
1000000US500259671001046,0,0,0
1000000US500259671001047,1,0,1
1000000US500259671001048,17,16,1
1000000US500259671001049,0,0,0
1000000US500259671001050,2,2,0
1000000US500259671001051,8,8,0
1000000US500259671001052,3,3,0
1000000US500259671001053,1,0,1
1000000US500259671001054,3,2,1
1000000US500259671001055,1,1,0
1000000US500259671001056,0,0,0
1000000US500259671001057,5,4,1
1000000US500259671001058,1,0,1
1000000US500259671001059,1,1,0
1000000US500259671001060,0,0,0
1000000US500259671001061,1,1,0
1000000US500259671001062,10,9,1
1000000US500259671001063,0,0,0
1000000US500259671001064,15,13,2
1000000US500259671001065,0,0,0
1000000US500259671001066,11,10,1
1000000US500259671001067,1,1,0
1000000US500259671001068,1,1,0
1000000US500259671001069,0,0,0
1000000US500259671001070,0,0,0
1000000US500259671001071,7,3,4
1000000US500259671001072,0,0,0
1000000US500259671001073,8,6,2
1000000US500259671001074,2,1,1
1000000US500259671001075,0,0,0
1000000US500259671001076,0,0,0
1000000US500259671001077,0,0,0
1000000US500259671001078,8,7,1
1000000US500259671001079,2,2,0
1000000US500259671001080,0,0,0
1000000US500259671001081,4,4,0
1000000US500259671001082,3,3,0
1000000US500259671001083,0,0,0
1000000US500259671001084,0,0,0
1000000US500259671002000,24,21,3
1000000US500259671002001,2,1,1
1000000US500259671002002,3,3,0
1000000US500259671002003,2,2,0
1000000US500259671002004,0,0,0
1000000US500259671002005,143,117,26
1000000US500259671002006,2,2,0
1000000US500259671002007,0,0,0
1000000US500259671002008,4,4,0
1000000US500259671002009,0,0,0
1000000US500259671002010,0,0,0
1000000US500259671002011,0,0,0
1000000US500259671002012,5,5,0
1000000US500259671002013,0,0,0
1000000US500259671002014,6,5,1
1000000US500259671002015,0,0,0
1000000US500259671002016,1,0,1
1000000US500259671002017,1,1,0
1000000US500259671002018,2,0,2
1000000US500259671002019,5,5,0
1000000US500259671002020,0,0,0
1000000US500259671002021,0,0,0
1000000US500259671002022,24,16,8
1000000US500259671002023,1,0,1
1000000US500259671002024,1,1,0
1000000US500259671002025,0,0,0
1000000US500259671002026,1,1,0
1000000US500259671002027,9,8,1
1000000US500259671002028,0,0,0
1000000US500259671002029,89,80,9
1000000US500259671002030,0,0,0
1000000US500259671002031,0,0,0
1000000US500259671002032,0,0,0
1000000US500259671002033,0,0,0
1000000US500259671002034,10,10,0
1000000US500259671002035,8,7,1
1000000US500259671002036,5,5,0
1000000US500259671002037,0,0,0
1000000US500259671002038,0,0,0
1000000US500259671002039,0,0,0
1000000US500259671002040,12,12,0
1000000US500259671002041,0,0,0
1000000US500259671002042,0,0,0
1000000US500259671002043,3,3,0
1000000US500259671002044,3,3,0
1000000US500259671002045,0,0,0
1000000US500259671002046,7,6,1
1000000US500259671002047,14,12,2
1000000US500259671002048,1,1,0
1000000US500259671002049,7,6,1
1000000US500259671002050,1,1,0
1000000US500259671002051,1,1,0
1000000US500259671002052,12,8,4
1000000US500259671002053,14,12,2
1000000US500259671002054,32,26,6
1000000US500259671002055,15,12,3
1000000US500259671002056,9,8,1
1000000US500259671002057,5,4,1
1000000US500259671002058,0,0,0
1000000US500259671002059,11,11,0
1000000US500259671002060,0,0,0
1000000US500259671002061,0,0,0
1000000US500259671002062,1,1,0
1000000US500259671002063,11,9,2
1000000US500259671002064,2,2,0
1000000US500259671002065,27,23,4
1000000US500259671002066,0,0,0
1000000US500259671002067,0,0,0
1000000US500259671002068,2,2,0
1000000US500259671002069,0,0,0
1000000US500259671002070,10,9,1
1000000US500259671002071,5,4,1
1000000US500259671002072,0,0,0
1000000US500259671002073,6,6,0
1000000US500259671002074,3,3,0
1000000US500259671002075,27,25,2
1000000US500259671002076,4,3,1
1000000US500259671002077,11,9,2
1000000US500259671002078,0,0,0
1000000US500259671002079,1,1,0
1000000US500259671002080,10,10,0
1000000US500259671002081,0,0,0
1000000US500259671002082,0,0,0
1000000US500259671002083,5,4,1
1000000US500259671002084,10,9,1
1000000US500259671002085,15,13,2
1000000US500259671002086,0,0,0
1000000US500259671002087,0,0,0
1000000US500259671002088,1,0,1
1000000US500259671002089,16,16,0
1000000US500259671002090,5,5,0
1000000US500259671002091,0,0,0
1000000US500259671002092,0,0,0
1000000US500259671002093,4,3,1
1000000US500259671002094,0,0,0
1000000US500259671002095,0,0,0
1000000US500259671002096,1,0,1
1000000US500259671002097,0,0,0
1000000US500259671002098,0,0,0
1000000US500259671002099,0,0,0
1000000US500259671002100,0,0,0
1000000US500259671002101,0,0,0
1000000US500259671002102,1,1,0
1000000US500259672001000,0,0,0
1000000US500259672001001,0,0,0
1000000US500259672001002,2,2,0
1000000US500259672001003,3,1,2
1000000US500259672001004,2,1,1
1000000US500259672001005,16,12,4
1000000US500259672001006,28,24,4
1000000US500259672001007,4,4,0
1000000US500259672001008,0,0,0
1000000US500259672001009,0,0,0
1000000US500259672001010,0,0,0
1000000US500259672001011,7,5,2
1000000US500259672001012,2,0,2
1000000US500259672001013,0,0,0
1000000US500259672001014,14,10,4
1000000US500259672001015,0,0,0
1000000US500259672001016,0,0,0
1000000US500259672001017,18,13,5
1000000US500259672001018,40,33,7
1000000US500259672001019,2,2,0
1000000US500259672001020,1,1,0
1000000US500259672001021,6,5,1
1000000US500259672001022,1,1,0
1000000US500259672001023,0,0,0
1000000US500259672001024,0,0,0
1000000US500259672001025,5,4,1
1000000US500259672001026,0,0,0
1000000US500259672001027,8,8,0
1000000US500259672001028,37,28,9
1000000US500259672001029,1,1,0
1000000US500259672001030,18,14,4
1000000US500259672001031,9,8,1
1000000US500259672001032,7,4,3
1000000US500259672001033,22,10,12
1000000US500259672001034,0,0,0
1000000US500259672001035,0,0,0
1000000US500259672001036,39,27,12
1000000US500259672001037,2,2,0
1000000US500259672001038,2,0,2
1000000US500259672001039,5,3,2
1000000US500259672001040,0,0,0
1000000US500259672001041,2,0,2
1000000US500259672001042,2,1,1
1000000US500259672001043,1,0,1
1000000US500259672001044,1,0,1
1000000US500259672001045,23,17,6
1000000US500259672001046,0,0,0
1000000US500259672001047,1,1,0
1000000US500259672001048,1,1,0
1000000US500259672001049,3,2,1
1000000US500259672001050,17,12,5
1000000US500259672001051,3,3,0
1000000US500259672001052,8,5,3
1000000US500259672001053,3,2,1
1000000US500259672001054,1,1,0
1000000US500259672001055,2,1,1
1000000US500259672001056,25,23,2
1000000US500259672001057,2,2,0
1000000US500259672001058,2,2,0
1000000US500259672001059,28,20,8
1000000US500259672001060,18,9,9
1000000US500259672001061,5,5,0
1000000US500259672001062,9,6,3
1000000US500259672001063,0,0,0
1000000US500259672001064,11,9,2
1000000US500259672001065,0,0,0
1000000US500259672001066,0,0,0
1000000US500259672001067,0,0,0
1000000US500259672001068,0,0,0
1000000US500259672001069,0,0,0
1000000US500259672001070,0,0,0
1000000US500259672001071,0,0,0
1000000US500259672001072,0,0,0
1000000US500259672001073,9,8,1
1000000US500259672001074,3,3,0
1000000US500259672001075,12,8,4
1000000US500259672001076,4,3,1
1000000US500259672001077,7,7,0
1000000US500259672001078,12,5,7
1000000US500259672001079,0,0,0
1000000US500259672001080,0,0,0
1000000US500259672001081,9,8,1
1000000US500259672001082,0,0,0
1000000US500259672001083,0,0,0
1000000US500259672002000,31,20,11
1000000US500259672002001,8,6,2
1000000US500259672002002,0,0,0
1000000US500259672002003,10,7,3
1000000US500259672002004,6,5,1
1000000US500259672002005,0,0,0
1000000US500259672002006,0,0,0
1000000US500259672002007,1,1,0
1000000US500259672002008,4,3,1
1000000US500259672002009,47,35,12
1000000US500259672002010,0,0,0
1000000US500259672002011,2,0,2
1000000US500259672002012,2,0,2
1000000US500259672002013,82,49,33
1000000US500259672002014,2,0,2
1000000US500259672002015,0,0,0
1000000US500259672002016,0,0,0
1000000US500259672002017,1,1,0
1000000US500259672002018,1,1,0
1000000US500259672002019,1,1,0
1000000US500259672002020,0,0,0
1000000US500259672002021,0,0,0
1000000US500259672002022,2,2,0
1000000US500259672002023,0,0,0
1000000US500259672002024,2,1,1
1000000US500259672002025,0,0,0
1000000US500259672002026,0,0,0
1000000US500259672002027,16,8,8
1000000US500259672002028,2,2,0
1000000US500259672002029,0,0,0
1000000US500259672002030,1,0,1
1000000US500259672002031,0,0,0
1000000US500259672002032,24,9,15
1000000US500259672002033,6,3,3
1000000US500259672002034,3,0,3
1000000US500259672002035,12,2,10
1000000US500259672002036,0,0,0
1000000US500259672002037,26,12,14
1000000US500259672002038,0,0,0
1000000US500259672002039,0,0,0
1000000US500259672002040,16,5,11
1000000US500259672002041,2,0,2
1000000US500259672002042,10,4,6
1000000US500259672002043,0,0,0
1000000US500259672002044,15,9,6
1000000US500259672002045,0,0,0
1000000US500259672002046,29,17,12
1000000US500259672002047,1,0,1
1000000US500259672002048,1,1,0
1000000US500259672002049,31,16,15
1000000US500259672002050,0,0,0
1000000US500259672002051,6,4,2
1000000US500259672002052,7,5,2
1000000US500259672002053,0,0,0
1000000US500259672002054,0,0,0
1000000US500259672002055,0,0,0
1000000US500259672002056,0,0,0
1000000US500259672002057,0,0,0
1000000US500259672002058,9,8,1
1000000US500259672002059,34,17,17
1000000US500259672002060,5,2,3
1000000US500259672002061,0,0,0
1000000US500259672002062,8,6,2
1000000US500259672002063,0,0,0
1000000US500259672002064,0,0,0
1000000US500259672002065,4,3,1
1000000US500259672002066,1,1,0
1000000US500259672002067,16,10,6
1000000US500259672002068,0,0,0
1000000US500259672002069,7,4,3
1000000US500259672002070,5,4,1
1000000US500259672002071,0,0,0
1000000US500259672002072,13,10,3
1000000US500259672002073,0,0,0
1000000US500259672002074,0,0,0
1000000US500259672002075,0,0,0
1000000US500259672002076,3,2,1
1000000US500259672002077,16,15,1
1000000US500259672002078,3,1,2
1000000US500259672002079,1,1,0
1000000US500259672002080,29,21,8
1000000US500259672002081,1,0,1
1000000US500259672002082,16,12,4
1000000US500259672002083,0,0,0
1000000US500259672002084,1,0,1
1000000US500259672002085,1,1,0
1000000US500259672002086,8,8,0
1000000US500259672002087,1,1,0
1000000US500259672002088,0,0,0
1000000US500259672002089,2,2,0
1000000US500259672002090,13,11,2
1000000US500259672002091,0,0,0
1000000US500259672002092,5,4,1
1000000US500259672002093,3,3,0
1000000US500259672002094,0,0,0
1000000US500259672002095,9,7,2
1000000US500259672002096,4,2,2
1000000US500259672002097,14,2,12
1000000US500259672002098,0,0,0
1000000US500259672002099,22,7,15
1000000US500259672002100,0,0,0
1000000US500259672002101,0,0,0
1000000US500259672002102,0,0,0
1000000US500259672002103,6,2,4
1000000US500259672002104,53,14,39
1000000US500259672002105,1,1,0
1000000US500259672002106,5,3,2
1000000US500259672002107,2,0,2
1000000US500259672002108,1,0,1
1000000US500259672002109,14,10,4
1000000US500259672002110,0,0,0
1000000US500259672002111,24,11,13
1000000US500259672002112,3,2,1
1000000US500259672002113,11,8,3
1000000US500259672002114,0,0,0
1000000US500259672002115,9,4,5
1000000US500259672002116,16,8,8
1000000US500259672002117,0,0,0
1000000US500259672002118,7,7,0
1000000US500259672002119,8,2,6
1000000US500259672002120,27,15,12
1000000US500259672002121,3,3,0
1000000US500259672002122,1,0,1
1000000US500259672002123,1,1,0
1000000US500259672002124,1,1,0
1000000US500259672002125,0,0,0
1000000US500259672002126,3,3,0
1000000US500259672002127,2,2,0
1000000US500259672002128,4,2,2
1000000US500259672002129,0,0,0
1000000US500259672002130,2,0,2
1000000US500259672002131,1,1,0
1000000US500259672002132,3,2,1
1000000US500259672002133,2,1,1
1000000US500259672002134,2,1,1
1000000US500259672002135,6,2,4
1000000US500259672002136,0,0,0
1000000US500259672002137,0,0,0
1000000US500259672003000,21,11,10
1000000US500259672003001,0,0,0
1000000US500259672003002,1,1,0
1000000US500259672003003,1,0,1
1000000US500259672003004,1,0,1
1000000US500259672003005,193,156,37
1000000US500259672003006,0,0,0
1000000US500259672003007,2,2,0
1000000US500259672003008,3,3,0
1000000US500259672003009,1,1,0
1000000US500259672003010,0,0,0
1000000US500259672003011,0,0,0
1000000US500259672003012,0,0,0
1000000US500259672003013,5,5,0
1000000US500259672003014,0,0,0
1000000US500259672003015,11,6,5
1000000US500259672003016,0,0,0
1000000US500259672003017,1,1,0
1000000US500259672003018,0,0,0
1000000US500259672003019,11,3,8
1000000US500259672003020,13,12,1
1000000US500259672003021,2,2,0
1000000US500259672003022,6,5,1
1000000US500259672003023,13,10,3
1000000US500259672003024,19,14,5
1000000US500259672003025,2,1,1
1000000US500259672003026,16,11,5
1000000US500259672003027,12,11,1
1000000US500259672003028,5,4,1
1000000US500259672003029,13,8,5
1000000US500259672003030,0,0,0
1000000US500259672003031,0,0,0
1000000US500259672003032,0,0,0
1000000US500259672003033,0,0,0
1000000US500259672003034,0,0,0
1000000US500259672003035,0,0,0
1000000US500259672003036,0,0,0
1000000US500259672003037,0,0,0
1000000US500259672003038,0,0,0
1000000US500259672003039,0,0,0
1000000US500259672003040,0,0,0
1000000US500259672003041,0,0,0
1000000US500259672003042,0,0,0
1000000US500259672003043,1,0,1
1000000US500259672003044,2,0,2
1000000US500259672003045,4,3,1
1000000US500259672003046,4,3,1
1000000US500259672003047,0,0,0
1000000US500259672003048,0,0,0
1000000US500259672003049,13,12,1
1000000US500259672003050,3,3,0
1000000US500259672003051,0,0,0
1000000US500259672003052,0,0,0
1000000US500259672003053,0,0,0
1000000US500259672003054,0,0,0
1000000US500259672003055,0,0,0
1000000US500259672003056,6,6,0
1000000US500259672003057,0,0,0
1000000US500259672003058,0,0,0
1000000US500259672003059,1,1,0
1000000US500259672003060,2,2,0
1000000US500259672003061,0,0,0
1000000US500259672003062,4,3,1
1000000US500259672003063,0,0,0
1000000US500259672003064,0,0,0
1000000US500259672003065,4,4,0
1000000US500259672003066,0,0,0
1000000US500259672003067,0,0,0
1000000US500259672003068,0,0,0
1000000US500259672003069,40,36,4
1000000US500259672003070,0,0,0
1000000US500259672003071,0,0,0
1000000US500259672003072,0,0,0
1000000US500259672003073,2,2,0
1000000US500259672003074,0,0,0
1000000US500259672003075,18,15,3
1000000US500259672003076,19,16,3
1000000US500259672003077,18,16,2
1000000US500259672003078,3,1,2
1000000US500259672003079,1,1,0
1000000US500259672003080,9,8,1
1000000US500259672003081,28,13,15
1000000US500259672003082,0,0,0
1000000US500259672003083,4,2,2
1000000US500259672003084,0,0,0
1000000US500259672003085,0,0,0
1000000US500259672003086,0,0,0
1000000US500259672003087,5,3,2
1000000US500259672003088,0,0,0
1000000US500259672003089,1,1,0
1000000US500259672003090,4,2,2
1000000US500259672003091,0,0,0
1000000US500259672003092,1,1,0
1000000US500259672003093,1,1,0
1000000US500259672003094,29,16,13
1000000US500259672003095,1,1,0
1000000US500259672003096,3,1,2
1000000US500259672003097,3,2,1
1000000US500259672003098,5,4,1
1000000US500259672003099,0,0,0
1000000US500259672003100,0,0,0
1000000US500259672003101,5,3,2
1000000US500259672003102,0,0,0
1000000US500259672003103,17,9,8
1000000US500259672003104,0,0,0
1000000US500259672003105,26,11,15
1000000US500259672003106,0,0,0
1000000US500259672003107,0,0,0
1000000US500259672003108,0,0,0
1000000US500259672003109,3,2,1
1000000US500259672003110,0,0,0
1000000US500259672003111,6,4,2
1000000US500259672003112,3,3,0
1000000US500259672003113,2,2,0
1000000US500259672003114,4,3,1
1000000US500259672003115,4,4,0
1000000US500259672003116,6,5,1
1000000US500259672003117,18,14,4
1000000US500259672003118,10,9,1
1000000US500259672003119,2,2,0
1000000US500259672003120,33,21,12
1000000US500259672003121,0,0,0
1000000US500259672003122,0,0,0
1000000US500259672003123,0,0,0
1000000US500259672003124,0,0,0
1000000US500259672003125,3,3,0
1000000US500259672003126,0,0,0
1000000US500259672003127,0,0,0
1000000US500259672003128,6,1,5
1000000US500259672003129,0,0,0
1000000US500259672003130,10,7,3
1000000US500259672003131,1,1,0
1000000US500259672003132,4,1,3
1000000US500259672003133,2,2,0
1000000US500259672003134,7,3,4
1000000US500259672003135,0,0,0
1000000US500259672003136,1,1,0
1000000US500259672003137,0,0,0
1000000US500259672003138,0,0,0
1000000US500259672003139,0,0,0
1000000US500259672003140,0,0,0
1000000US500259672003141,1,0,1
1000000US500259672003142,9,8,1
1000000US500259672003143,0,0,0
1000000US500259672003144,0,0,0
1000000US500259672003145,4,4,0
1000000US500259672003146,2,2,0
1000000US500259672003147,4,3,1
1000000US500259672003148,0,0,0
1000000US500259672003149,0,0,0
1000000US500259672003150,0,0,0
1000000US500259672003151,0,0,0
1000000US500259672003152,0,0,0
1000000US500259672003153,0,0,0
1000000US500259672003154,0,0,0
1000000US500259672003155,0,0,0
1000000US500259672003156,0,0,0
1000000US500259672003157,0,0,0
1000000US500259673001000,139,67,72
1000000US500259673001001,0,0,0
1000000US500259673001002,0,0,0
1000000US500259673001003,4,4,0
1000000US500259673001004,5,2,3
1000000US500259673001005,0,0,0
1000000US500259673001006,0,0,0
1000000US500259673001007,2,0,2
1000000US500259673001008,0,0,0
1000000US500259673001009,1,0,1
1000000US500259673001010,1,1,0
1000000US500259673001011,28,12,16
1000000US500259673001012,73,32,41
1000000US500259673001013,0,0,0
1000000US500259673001014,0,0,0
1000000US500259673001015,0,0,0
1000000US500259673001016,0,0,0
1000000US500259673001017,59,36,23
1000000US500259673001018,0,0,0
1000000US500259673001019,170,106,64
1000000US500259673001020,0,0,0
1000000US500259673001021,0,0,0
1000000US500259673001022,0,0,0
1000000US500259673001023,0,0,0
1000000US500259673001024,0,0,0
1000000US500259673001025,201,89,112
1000000US500259673001026,9,4,5
1000000US500259673001027,39,8,31
1000000US500259673001028,8,3,5
1000000US500259673001029,2,1,1
1000000US500259673001030,0,0,0
1000000US500259673001031,15,6,9
1000000US500259673001032,0,0,0
1000000US500259673001033,0,0,0
1000000US500259673001034,0,0,0
1000000US500259673001035,0,0,0
1000000US500259673001036,0,0,0
1000000US500259673001037,0,0,0
1000000US500259673001038,0,0,0
1000000US500259673001039,0,0,0
1000000US500259673001040,5,4,1
1000000US500259673001041,5,5,0
1000000US500259673001042,0,0,0
1000000US500259673001043,0,0,0
1000000US500259673001044,4,2,2
1000000US500259673001045,2,0,2
1000000US500259673001046,0,0,0
1000000US500259673001047,0,0,0
1000000US500259673001048,0,0,0
1000000US500259673001049,1,0,1
1000000US500259673001050,0,0,0
1000000US500259673002000,0,0,0
1000000US500259673002001,0,0,0
1000000US500259673002002,0,0,0
1000000US500259673002003,60,31,29
1000000US500259673002004,4,2,2
1000000US500259673002005,27,17,10
1000000US500259673002006,11,4,7
1000000US500259673002007,1,1,0
1000000US500259673002008,0,0,0
1000000US500259673002009,5,2,3
1000000US500259673002010,22,12,10
1000000US500259673002011,33,16,17
1000000US500259673002012,19,11,8
1000000US500259673002013,0,0,0
1000000US500259673002014,1,1,0
1000000US500259673002015,0,0,0
1000000US500259673002016,15,9,6
1000000US500259673002017,2,0,2
1000000US500259673002018,1,1,0
1000000US500259673002019,78,37,41
1000000US500259673002020,0,0,0
1000000US500259673002021,7,2,5
1000000US500259673002022,4,2,2
1000000US500259673002023,15,11,4
1000000US500259673002024,16,8,8
1000000US500259673002025,0,0,0
1000000US500259673002026,4,4,0
1000000US500259673002027,0,0,0
1000000US500259673002028,0,0,0
1000000US500259673002029,0,0,0
1000000US500259673002030,40,24,16
1000000US500259673002031,5,2,3
1000000US500259673002032,59,33,26
1000000US500259673002033,8,7,1
1000000US500259673002034,1,1,0
1000000US500259673002035,2,1,1
1000000US500259673002036,5,3,2
1000000US500259673002037,5,4,1
1000000US500259673002038,3,3,0
1000000US500259673002039,1,0,1
1000000US500259673002040,9,7,2
1000000US500259673002041,69,52,17
1000000US500259673002042,7,6,1
1000000US500259673002043,4,2,2
1000000US500259673002044,0,0,0
1000000US500259673002045,0,0,0
1000000US500259673002046,0,0,0
1000000US500259673002047,0,0,0
1000000US500259673002048,0,0,0
1000000US500259673002049,0,0,0
1000000US500259673002050,0,0,0
1000000US500259673002051,0,0,0
1000000US500259673002052,1,0,1
1000000US500259673002053,8,6,2
1000000US500259673002054,1,1,0
1000000US500259673002055,15,9,6
1000000US500259673002056,2,2,0
1000000US500259673002057,0,0,0
1000000US500259673002058,58,22,36
1000000US500259673002059,0,0,0
1000000US500259673002060,0,0,0
1000000US500259673002061,0,0,0
1000000US500259673002062,28,19,9
1000000US500259673002063,0,0,0
1000000US500259673002064,0,0,0
1000000US500259673002065,0,0,0
1000000US500259673002066,0,0,0
1000000US500259673002067,5,4,1
1000000US500259673002068,1,0,1
1000000US500259673002069,0,0,0
1000000US500259673002070,0,0,0
1000000US500259673002071,0,0,0
1000000US500259673002072,1,1,0
1000000US500259673002073,4,0,4
1000000US500259673002074,0,0,0
1000000US500259673002075,5,3,2
1000000US500259673002076,1,0,1
1000000US500259673002077,3,1,2
1000000US500259673002078,0,0,0
1000000US500259673002079,3,3,0
1000000US500259673002080,0,0,0
1000000US500259673002081,1,1,0
1000000US500259673002082,0,0,0
1000000US500259673002083,0,0,0
1000000US500259673002084,6,6,0
1000000US500259673002085,11,9,2
1000000US500259673002086,6,5,1
1000000US500259673002087,0,0,0
1000000US500259673002088,0,0,0
1000000US500259673002089,0,0,0
1000000US500259674001000,2,1,1
1000000US500259674001001,2,0,2
1000000US500259674001002,1,1,0
1000000US500259674001003,3,1,2
1000000US500259674001004,31,24,7
1000000US500259674001005,1,1,0
1000000US500259674001006,0,0,0
1000000US500259674001007,74,45,29
1000000US500259674001008,4,3,1
1000000US500259674001009,1,0,1
1000000US500259674001010,0,0,0
1000000US500259674001011,1,0,1
1000000US500259674001012,2,0,2
1000000US500259674001013,0,0,0
1000000US500259674001014,3,2,1
1000000US500259674001015,0,0,0
1000000US500259674001016,0,0,0
1000000US500259674001017,1,1,0
1000000US500259674001018,35,23,12
1000000US500259674001019,0,0,0
1000000US500259674001020,0,0,0
1000000US500259674001021,0,0,0
1000000US500259674001022,1,0,1
1000000US500259674001023,0,0,0
1000000US500259674001024,0,0,0
1000000US500259674001025,22,5,17
1000000US500259674001026,24,8,16
1000000US500259674001027,0,0,0
1000000US500259674001028,0,0,0
1000000US500259674001029,10,5,5
1000000US500259674001030,2,0,2
1000000US500259674001031,0,0,0
1000000US500259674001032,3,0,3
1000000US500259674001033,1,0,1
1000000US500259674001034,3,2,1
1000000US500259674001035,0,0,0
1000000US500259674001036,4,2,2
1000000US500259674001037,0,0,0
1000000US500259674001038,9,7,2
1000000US500259674001039,2,1,1
1000000US500259674001040,9,3,6
1000000US500259674001041,1,0,1
1000000US500259674001042,6,4,2
1000000US500259674001043,0,0,0
1000000US500259674001044,9,4,5
1000000US500259674001045,2,0,2
1000000US500259674001046,3,1,2
1000000US500259674001047,1,1,0
1000000US500259674001048,0,0,0
1000000US500259674001049,21,10,11
1000000US500259674001050,6,0,6
1000000US500259674001051,9,1,8
1000000US500259674001052,0,0,0
1000000US500259674001053,0,0,0
1000000US500259674001054,6,4,2
1000000US500259674001055,0,0,0
1000000US500259674001056,0,0,0
1000000US500259674001057,0,0,0
1000000US500259674001058,0,0,0
1000000US500259674001059,8,8,0
1000000US500259674001060,12,8,4
1000000US500259674001061,2,0,2
1000000US500259674001062,1,0,1
1000000US500259674001063,4,3,1
1000000US500259674001064,0,0,0
1000000US500259674001065,2,2,0
1000000US500259674001066,0,0,0
1000000US500259674001067,6,3,3
1000000US500259674001068,4,0,4
1000000US500259674001069,14,8,6
1000000US500259674001070,0,0,0
1000000US500259674001071,1,1,0
1000000US500259674001072,22,4,18
1000000US500259674001073,0,0,0
1000000US500259674002000,162,39,123
1000000US500259674002001,0,0,0
1000000US500259674002002,1,0,1
1000000US500259674002003,4,2,2
1000000US500259674002004,17,4,13
1000000US500259674002005,5,1,4
1000000US500259674002006,1,1,0
1000000US500259674002007,1,0,1
1000000US500259674002008,0,0,0
1000000US500259674002009,9,2,7
1000000US500259674002010,3,0,3
1000000US500259674002011,0,0,0
1000000US500259674002012,49,17,32
1000000US500259674002013,2,0,2
1000000US500259674002014,0,0,0
1000000US500259674002015,37,13,24
1000000US500259674002016,4,2,2
1000000US500259674002017,0,0,0
1000000US500259674002018,7,4,3
1000000US500259674002019,21,5,16
1000000US500259674002020,4,1,3
1000000US500259674002021,5,1,4
1000000US500259674002022,1,1,0
1000000US500259674002023,1,0,1
1000000US500259674002024,1,1,0
1000000US500259674002025,7,2,5
1000000US500259674002026,0,0,0
1000000US500259674002027,2,2,0
1000000US500259674002028,2,1,1
1000000US500259674002029,10,7,3
1000000US500259674002030,8,6,2
1000000US500259674002031,44,31,13
1000000US500259674002032,0,0,0
1000000US500259674002033,6,4,2
1000000US500259674002034,11,1,10
1000000US500259674002035,0,0,0
1000000US500259674002036,0,0,0
1000000US500259674002037,0,0,0
1000000US500259674002038,2,0,2
1000000US500259674002039,0,0,0
1000000US500259674002040,1,1,0
1000000US500259674002041,0,0,0
1000000US500259674002042,0,0,0
1000000US500259674002043,0,0,0
1000000US500259674002044,0,0,0
1000000US500259674002045,19,10,9
1000000US500259674002046,24,14,10
1000000US500259674002047,55,27,28
1000000US500259674002048,5,0,5
1000000US500259674002049,9,1,8
1000000US500259674002050,4,3,1
1000000US500259674002051,0,0,0
1000000US500259674002052,2,1,1
1000000US500259674002053,1,0,1
1000000US500259674002054,12,2,10
1000000US500259674002055,1,0,1
1000000US500259674002056,4,0,4
1000000US500259674002057,1,1,0
1000000US500259674002058,12,7,5
1000000US500259674002059,1,1,0
1000000US500259674002060,13,8,5
1000000US500259674002061,8,4,4
1000000US500259674002062,0,0,0
1000000US500259674002063,0,0,0
1000000US500259674002064,0,0,0
1000000US500259674002065,0,0,0
1000000US500259674002066,1,1,0
1000000US500259674002067,24,11,13
1000000US500259674002068,9,4,5
1000000US500259674002069,0,0,0
1000000US500259674002070,0,0,0
1000000US500259674002071,4,3,1
1000000US500259674002072,15,10,5
1000000US500259674002073,0,0,0
1000000US500259674002074,0,0,0
1000000US500259674002075,6,4,2
1000000US500259674002076,4,1,3
1000000US500259674002077,2,1,1
1000000US500259675001000,81,35,46
1000000US500259675001001,18,4,14
1000000US500259675001002,15,5,10
1000000US500259675001003,31,5,26
1000000US500259675001004,4,3,1
1000000US500259675001005,10,5,5
1000000US500259675001006,19,7,12
1000000US500259675001007,12,3,9
1000000US500259675001008,1,1,0
1000000US500259675001009,11,6,5
1000000US500259675001010,0,0,0
1000000US500259675001011,65,26,39
1000000US500259675001012,8,1,7
1000000US500259675001013,8,4,4
1000000US500259675001014,0,0,0
1000000US500259675001015,7,2,5
1000000US500259675001016,1,1,0
1000000US500259675001017,2,2,0
1000000US500259675001018,3,3,0
1000000US500259675001019,11,2,9
1000000US500259675001020,38,17,21
1000000US500259675001021,1,1,0
1000000US500259675001022,1,0,1
1000000US500259675001023,14,4,10
1000000US500259675001024,4,2,2
1000000US500259675001025,7,2,5
1000000US500259675001026,23,3,20
1000000US500259675001027,6,3,3
1000000US500259675001028,14,2,12
1000000US500259675001029,56,24,32
1000000US500259675001030,1,1,0
1000000US500259675001031,0,0,0
1000000US500259675001032,0,0,0
1000000US500259675001033,2,1,1
1000000US500259675001034,5,1,4
1000000US500259675001035,9,3,6
1000000US500259675001036,24,9,15
1000000US500259675001037,0,0,0
1000000US500259675001038,49,22,27
1000000US500259675001039,0,0,0
1000000US500259675001040,0,0,0
1000000US500259675001041,2,0,2
1000000US500259675001042,0,0,0
1000000US500259675001043,5,1,4
1000000US500259675001044,4,3,1
1000000US500259675001045,1,1,0
1000000US500259675001046,3,1,2
1000000US500259675001047,0,0,0
1000000US500259675001048,1,0,1
1000000US500259675001049,0,0,0
1000000US500259675002000,26,9,17
1000000US500259675002001,1,1,0
1000000US500259675002002,0,0,0
1000000US500259675002003,0,0,0
1000000US500259675002004,2,0,2
1000000US500259675002005,35,27,8
1000000US500259675002006,7,3,4
1000000US500259675002007,34,20,14
1000000US500259675002008,1,0,1
1000000US500259675002009,0,0,0
1000000US500259675002010,7,3,4
1000000US500259675002011,0,0,0
1000000US500259675002012,43,27,16
1000000US500259675002013,1,1,0
1000000US500259675002014,61,38,23
1000000US500259675002015,1,1,0
1000000US500259675002016,0,0,0
1000000US500259675002017,0,0,0
1000000US500259675002018,0,0,0
1000000US500259675002019,0,0,0
1000000US500259675002020,1,1,0
1000000US500259675002021,2,2,0
1000000US500259675002022,0,0,0
1000000US500259675002023,3,3,0
1000000US500259675002024,3,2,1
1000000US500259675002025,0,0,0
1000000US500259675002026,0,0,0
1000000US500259675002027,0,0,0
1000000US500259675002028,0,0,0
1000000US500259675002029,3,2,1
1000000US500259675002030,4,3,1
1000000US500259675002031,17,5,12
1000000US500259675002032,20,10,10
1000000US500259675003000,3,2,1
1000000US500259675003001,0,0,0
1000000US500259675003002,1,1,0
1000000US500259675003003,138,9,129
1000000US500259675003004,53,0,53
1000000US500259675003005,0,0,0
1000000US500259675003006,0,0,0
1000000US500259675003007,123,2,121
1000000US500259675003008,594,13,581
1000000US500259675003009,8,1,7
1000000US500259675003010,0,0,0
1000000US500259675003011,0,0,0
1000000US500259675003012,12,1,11
1000000US500259675003013,0,0,0
1000000US500259675003014,0,0,0
1000000US500259675003015,0,0,0
1000000US500259675003016,0,0,0
1000000US500259675003017,262,2,260
1000000US500259675003018,2,1,1
1000000US500259675003019,2,1,1
1000000US500259675003020,41,0,41
1000000US500259675003021,8,5,3
1000000US500259675003022,1,1,0
1000000US500259675003023,0,0,0
1000000US500259675003024,0,0,0
1000000US500259675003025,0,0,0
1000000US500259675003026,1,1,0
1000000US500259675003027,3,1,2
1000000US500259675003028,0,0,0
1000000US500259675003029,0,0,0
1000000US500259675003030,11,4,7
1000000US500259675003031,3,1,2
1000000US500259675003032,10,0,10
1000000US500259675003033,0,0,0
1000000US500259675003034,0,0,0
1000000US500259675003035,43,12,31
1000000US500259675003036,1,0,1
1000000US500259675003037,8,1,7
1000000US500259675003038,5,0,5
1000000US500259675003039,8,1,7
1000000US500259675003040,72,21,51
1000000US500259675003041,0,0,0
1000000US500259675003042,0,0,0
1000000US500259675003043,1,1,0
1000000US500259675003044,3,2,1
1000000US500259675003045,0,0,0
1000000US500259675003046,0,0,0
1000000US500259675003047,0,0,0
1000000US500259675003048,1,0,1
1000000US500259675003049,3,1,2
1000000US500259675003050,0,0,0
1000000US500259675003051,1,0,1
1000000US500259675003052,1,1,0
1000000US500259675003053,2,2,0
1000000US500259675003054,1,1,0
1000000US500259675003055,0,0,0
1000000US500259675003056,0,0,0
1000000US500259675003057,0,0,0
1000000US500259675003058,0,0,0
1000000US500259675003059,0,0,0
1000000US500259675003060,0,0,0
1000000US500259675003061,0,0,0
1000000US500259675003062,0,0,0
1000000US500259675003063,0,0,0
1000000US500259675003064,0,0,0
1000000US500259675003065,15,1,14
1000000US500259675003066,0,0,0
1000000US500259675003067,0,0,0
1000000US500259675003068,0,0,0
1000000US500259675003069,0,0,0
1000000US500259675003070,0,0,0
1000000US500259675003071,0,0,0
1000000US500259675003072,0,0,0
1000000US500259675003073,0,0,0
1000000US500259675003074,0,0,0
1000000US500259675003075,0,0,0
1000000US500259675003076,0,0,0
1000000US500259675003077,0,0,0
1000000US500259675003078,0,0,0
1000000US500259675003079,0,0,0
1000000US500259675003080,0,0,0
1000000US500259675003081,0,0,0
1000000US500259675003082,0,0,0
1000000US500259675003083,0,0,0
1000000US500259675003084,0,0,0
1000000US500259675003085,0,0,0
1000000US500259675003086,0,0,0
1000000US500259675003087,6,2,4
1000000US500259675003088,0,0,0
1000000US500259675003089,0,0,0
1000000US500259675003090,0,0,0
1000000US500259675003091,0,0,0
1000000US500259675003092,0,0,0
1000000US500259675003093,0,0,0
1000000US500259675003094,0,0,0
1000000US500259675003095,0,0,0
1000000US500259675003096,0,0,0
1000000US500259675003097,0,0,0
1000000US500259675003098,5,4,1
1000000US500259675003099,16,5,11
1000000US500259675003100,0,0,0
1000000US500259675003101,0,0,0
1000000US500259675003102,0,0,0
1000000US500259675003103,0,0,0
1000000US500259675003104,0,0,0
1000000US500259675003105,0,0,0
1000000US500259675003106,0,0,0
1000000US500259675003107,0,0,0
1000000US500259676001000,0,0,0
1000000US500259676001001,0,0,0
1000000US500259676001002,0,0,0
1000000US500259676001003,0,0,0
1000000US500259676001004,21,19,2
1000000US500259676001005,0,0,0
1000000US500259676001006,7,5,2
1000000US500259676001007,25,23,2
1000000US500259676001008,0,0,0
1000000US500259676001009,3,3,0
1000000US500259676001010,0,0,0
1000000US500259676001011,8,7,1
1000000US500259676001012,15,13,2
1000000US500259676001013,32,28,4
1000000US500259676001014,0,0,0
1000000US500259676001015,13,13,0
1000000US500259676001016,16,16,0
1000000US500259676001017,0,0,0
1000000US500259676001018,0,0,0
1000000US500259676001019,0,0,0
1000000US500259676001020,0,0,0
1000000US500259676001021,0,0,0
1000000US500259676001022,0,0,0
1000000US500259676001023,0,0,0
1000000US500259676001024,0,0,0
1000000US500259676001025,0,0,0
1000000US500259676001026,0,0,0
1000000US500259676001027,0,0,0
1000000US500259676001028,4,4,0
1000000US500259676001029,15,15,0
1000000US500259676001030,13,12,1
1000000US500259676001031,5,5,0
1000000US500259676001032,1,1,0
1000000US500259676001033,4,3,1
1000000US500259676001034,0,0,0
1000000US500259676001035,0,0,0
1000000US500259676001036,5,5,0
1000000US500259676001037,0,0,0
1000000US500259676001038,15,14,1
1000000US500259676001039,3,3,0
1000000US500259676001040,0,0,0
1000000US500259676001041,6,6,0
1000000US500259676001042,0,0,0
1000000US500259676001043,0,0,0
1000000US500259676001044,0,0,0
1000000US500259676001045,0,0,0
1000000US500259676001046,0,0,0
1000000US500259676001047,0,0,0
1000000US500259676001048,0,0,0
1000000US500259676001049,1,1,0
1000000US500259676001050,7,7,0
1000000US500259676001051,5,4,1
1000000US500259676001052,0,0,0
1000000US500259676001053,1,1,0
1000000US500259676001054,0,0,0
1000000US500259676001055,10,9,1
1000000US500259676001056,8,8,0
1000000US500259676001057,0,0,0
1000000US500259676001058,10,9,1
1000000US500259676001059,19,15,4
1000000US500259676001060,5,5,0
1000000US500259676001061,0,0,0
1000000US500259676001062,1,1,0
1000000US500259676001063,16,15,1
1000000US500259676001064,0,0,0
1000000US500259676001065,1,1,0
1000000US500259676001066,22,21,1
1000000US500259676001067,29,29,0
1000000US500259676001068,1,1,0
1000000US500259676001069,0,0,0
1000000US500259676001070,12,12,0
1000000US500259676001071,0,0,0
1000000US500259676001072,3,3,0
1000000US500259676001073,0,0,0
1000000US500259676001074,4,4,0
1000000US500259676001075,0,0,0
1000000US500259676001076,0,0,0
1000000US500259676001077,11,9,2
1000000US500259676001078,9,8,1
1000000US500259676001079,0,0,0
1000000US500259676001080,1,1,0
1000000US500259676001081,0,0,0
1000000US500259676001082,33,31,2
1000000US500259676001083,0,0,0
1000000US500259676001084,9,8,1
1000000US500259676001085,18,16,2
1000000US500259676001086,3,3,0
1000000US500259676001087,3,3,0
1000000US500259676001088,5,4,1
1000000US500259676001089,0,0,0
1000000US500259676001090,0,0,0
1000000US500259676001091,0,0,0
1000000US500259676001092,0,0,0
1000000US500259676001093,0,0,0
1000000US500259676001094,5,5,0
1000000US500259676001095,1,0,1
1000000US500259676001096,0,0,0
1000000US500259676001097,0,0,0
1000000US500259676001098,0,0,0
1000000US500259676001099,0,0,0
1000000US500259676001100,1,1,0
1000000US500259676001101,0,0,0
1000000US500259676001102,3,3,0
1000000US500259676002000,0,0,0
1000000US500259676002001,0,0,0
1000000US500259676002002,0,0,0
1000000US500259676002003,2,2,0
1000000US500259676002004,0,0,0
1000000US500259676002005,8,6,2
1000000US500259676002006,0,0,0
1000000US500259676002007,0,0,0
1000000US500259676002008,49,41,8
1000000US500259676002009,0,0,0
1000000US500259676002010,0,0,0
1000000US500259676002011,0,0,0
1000000US500259676002012,3,3,0
1000000US500259676002013,14,12,2
1000000US500259676002014,3,3,0
1000000US500259676002015,34,34,0
1000000US500259676002016,13,12,1
1000000US500259676002017,2,2,0
1000000US500259676002018,6,6,0
1000000US500259676002019,10,8,2
1000000US500259676002020,0,0,0
1000000US500259676002021,6,6,0
1000000US500259676002022,16,12,4
1000000US500259676002023,0,0,0
1000000US500259676002024,3,2,1
1000000US500259676002025,5,4,1
1000000US500259676002026,0,0,0
1000000US500259676002027,26,22,4
1000000US500259676002028,0,0,0
1000000US500259676002029,1,1,0
1000000US500259676002030,0,0,0
1000000US500259676002031,8,7,1
1000000US500259676002032,3,2,1
1000000US500259676002033,25,15,10
1000000US500259676002034,4,4,0
1000000US500259676002035,10,7,3
1000000US500259676002036,115,105,10
1000000US500259676002037,12,11,1
1000000US500259676002038,16,14,2
1000000US500259676002039,0,0,0
1000000US500259676002040,9,7,2
1000000US500259676002041,98,83,15
1000000US500259676002042,0,0,0
1000000US500259676002043,2,1,1
1000000US500259676002044,6,4,2
1000000US500259676002045,10,9,1
1000000US500259676002046,0,0,0
1000000US500259676002047,6,6,0
1000000US500259676002048,0,0,0
1000000US500259676002049,29,26,3
1000000US500259676002050,1,1,0
1000000US500259676002051,0,0,0
1000000US500259676002052,0,0,0
1000000US500259676002053,1,1,0
1000000US500259676002054,0,0,0
1000000US500259676002055,1,1,0
1000000US500259676002056,11,11,0
1000000US500259676002057,3,3,0
1000000US500259676002058,5,4,1
1000000US500259676002059,51,45,6
1000000US500259676002060,1,1,0
1000000US500259676002061,0,0,0
1000000US500259676002062,0,0,0
1000000US500259676002063,0,0,0
1000000US500259676002064,0,0,0
1000000US500259676002065,6,5,1
1000000US500259676002066,0,0,0
1000000US500259676002067,1,1,0
1000000US500259676002068,0,0,0
1000000US500259676002069,2,1,1
1000000US500259676002070,1,1,0
1000000US500259676002071,2,2,0
1000000US500259676002072,0,0,0
1000000US500259676002073,16,15,1
1000000US500259676002074,0,0,0
1000000US500259676002075,11,10,1
1000000US500259676002076,0,0,0
1000000US500259676002077,0,0,0
1000000US500259676002078,0,0,0
1000000US500259676002079,0,0,0
1000000US500259676002080,0,0,0
1000000US500259676002081,2,2,0
1000000US500259676002082,1,1,0
1000000US500259676002083,4,3,1
1000000US500259676002084,1,1,0
1000000US500259676002085,0,0,0
1000000US500259676002086,1,0,1
1000000US500259676002087,0,0,0
1000000US500259676002088,3,3,0
1000000US500259676002089,4,3,1
1000000US500259676002090,33,31,2
1000000US500259676002091,5,5,0
1000000US500259676002092,3,3,0
1000000US500259676002093,0,0,0
1000000US500259676002094,7,7,0
1000000US500259676002095,4,2,2
1000000US500259676002096,15,12,3
1000000US500259676002097,0,0,0
1000000US500259676002098,0,0,0
1000000US500259676002099,46,38,8
1000000US500259676002100,0,0,0
1000000US500259676002101,0,0,0
1000000US500259676002102,2,2,0
1000000US500259676002103,0,0,0
1000000US500259676002104,0,0,0
1000000US500259676002105,3,3,0
1000000US500259676002106,5,5,0
1000000US500259676002107,78,65,13
1000000US500259676002108,3,3,0
1000000US500259676002109,0,0,0
1000000US500259676002110,3,2,1
1000000US500259676002111,2,2,0
1000000US500259676002112,19,16,3
1000000US500259676002113,1,1,0
1000000US500259676002114,0,0,0
1000000US500259676002115,1,1,0
1000000US500259676002116,7,6,1
1000000US500259676002117,0,0,0
1000000US500259676002118,2,2,0
1000000US500259676002119,26,21,5
1000000US500259676002120,0,0,0
1000000US500259676002121,3,1,2
1000000US500259676002122,1,1,0
1000000US500259676002123,0,0,0
1000000US500259676002124,0,0,0
1000000US500259676002125,0,0,0
1000000US500259676002126,14,14,0
1000000US500259676002127,0,0,0
1000000US500259676002128,18,17,1
1000000US500259676002129,2,2,0
1000000US500259676002130,3,3,0
1000000US500259676002131,0,0,0
1000000US500259676002132,0,0,0
1000000US500259676002133,0,0,0
1000000US500259676002134,9,8,1
1000000US500259676002135,0,0,0
1000000US500259676002136,0,0,0
1000000US500259677001000,1,0,1
1000000US500259677001001,0,0,0
1000000US500259677001002,0,0,0
1000000US500259677001003,2,2,0
1000000US500259677001004,0,0,0
1000000US500259677001005,5,4,1
1000000US500259677001006,0,0,0
1000000US500259677001007,0,0,0
1000000US500259677001008,2,2,0
1000000US500259677001009,0,0,0
1000000US500259677001010,2,2,0
1000000US500259677001011,5,3,2
1000000US500259677001012,0,0,0
1000000US500259677001013,1,1,0
1000000US500259677001014,0,0,0
1000000US500259677001015,1,1,0
1000000US500259677001016,0,0,0
1000000US500259677001017,0,0,0
1000000US500259677001018,31,26,5
1000000US500259677001019,3,3,0
1000000US500259677001020,6,6,0
1000000US500259677001021,1,1,0
1000000US500259677001022,3,2,1
1000000US500259677001023,43,41,2
1000000US500259677001024,0,0,0
1000000US500259677001025,0,0,0
1000000US500259677001026,68,59,9
1000000US500259677001027,11,11,0
1000000US500259677001028,0,0,0
1000000US500259677001029,6,6,0
1000000US500259677001030,0,0,0
1000000US500259677001031,12,10,2
1000000US500259677001032,0,0,0
1000000US500259677001033,9,9,0
1000000US500259677001034,58,51,7
1000000US500259677001035,108,94,14
1000000US500259677001036,4,4,0
1000000US500259677001037,3,2,1
1000000US500259677001038,2,2,0
1000000US500259677001039,26,20,6
1000000US500259677001040,12,12,0
1000000US500259677001041,14,14,0
1000000US500259677001042,0,0,0
1000000US500259677001043,0,0,0
1000000US500259677001044,0,0,0
1000000US500259677001045,0,0,0
1000000US500259677001046,0,0,0
1000000US500259677001047,0,0,0
1000000US500259677001048,48,43,5
1000000US500259677001049,6,6,0
1000000US500259677001050,8,8,0
1000000US500259677001051,3,3,0
1000000US500259677001052,41,33,8
1000000US500259677001053,13,11,2
1000000US500259677001054,50,42,8
1000000US500259677001055,5,3,2
1000000US500259677001056,0,0,0
1000000US500259677001057,0,0,0
1000000US500259677001058,9,8,1
1000000US500259677001059,29,29,0
1000000US500259677001060,4,4,0
1000000US500259677001061,3,3,0
1000000US500259677001062,0,0,0
1000000US500259677001063,0,0,0
1000000US500259677001064,3,3,0
1000000US500259677001065,2,2,0
1000000US500259677001066,4,4,0
1000000US500259677001067,1,1,0
1000000US500259677001068,1,1,0
1000000US500259677001069,0,0,0
1000000US500259677001070,0,0,0
1000000US500259677001071,0,0,0
1000000US500259677001072,5,3,2
1000000US500259677001073,4,4,0
1000000US500259677002000,19,17,2
1000000US500259677002001,1,1,0
1000000US500259677002002,2,2,0
1000000US500259677002003,0,0,0
1000000US500259677002004,12,9,3
1000000US500259677002005,0,0,0
1000000US500259677002006,0,0,0
1000000US500259677002007,7,6,1
1000000US500259677002008,0,0,0
1000000US500259677002009,6,6,0
1000000US500259677002010,2,2,0
1000000US500259677002011,2,2,0
1000000US500259677002012,3,3,0
1000000US500259677002013,8,8,0
1000000US500259677002014,1,1,0
1000000US500259677002015,6,5,1
1000000US500259677002016,0,0,0
1000000US500259677002017,0,0,0
1000000US500259677002018,6,5,1
1000000US500259677002019,0,0,0
1000000US500259677002020,6,5,1
1000000US500259677002021,55,45,10
1000000US500259677002022,1,1,0
1000000US500259677002023,1,0,1
1000000US500259677002024,0,0,0
1000000US500259677002025,14,8,6
1000000US500259677002026,0,0,0
1000000US500259677002027,0,0,0
1000000US500259677002028,10,7,3
1000000US500259677002029,29,25,4
1000000US500259677002030,3,1,2
1000000US500259677002031,5,2,3
1000000US500259677002032,31,29,2
1000000US500259677002033,7,6,1
1000000US500259677002034,0,0,0
1000000US500259677002035,8,7,1
1000000US500259677002036,11,10,1
1000000US500259677002037,17,16,1
1000000US500259677002038,3,3,0
1000000US500259677002039,0,0,0
1000000US500259677002040,0,0,0
1000000US500259677002041,0,0,0
1000000US500259677002042,1,1,0
1000000US500259677002043,3,2,1
1000000US500259677002044,32,31,1
1000000US500259677002045,5,5,0
1000000US500259677002046,1,1,0
1000000US500259677002047,8,8,0
1000000US500259677002048,62,52,10
1000000US500259677002049,1,0,1
1000000US500259677002050,4,4,0
1000000US500259677002051,29,29,0
1000000US500259677002052,0,0,0
1000000US500259677002053,0,0,0
1000000US500259677002054,0,0,0
1000000US500259677002055,0,0,0
1000000US500259677002056,0,0,0
1000000US500259677002057,0,0,0
1000000US500259677002058,0,0,0
1000000US500259677002059,21,18,3
1000000US500259677002060,3,3,0
1000000US500259677002061,0,0,0
1000000US500259677002062,0,0,0
1000000US500259677002063,9,5,4
1000000US500259677002064,10,8,2
1000000US500259677002065,3,3,0
1000000US500259677002066,0,0,0
1000000US500259678001000,0,0,0
1000000US500259678001001,0,0,0
1000000US500259678001002,0,0,0
1000000US500259678001003,4,3,1
1000000US500259678001004,13,8,5
1000000US500259678001005,43,23,20
1000000US500259678001006,0,0,0
1000000US500259678001007,1,1,0
1000000US500259678001008,0,0,0
1000000US500259678001009,0,0,0
1000000US500259678001010,0,0,0
1000000US500259678001011,11,7,4
1000000US500259678001012,0,0,0
1000000US500259678001013,0,0,0
1000000US500259678001014,3,1,2
1000000US500259678001015,4,2,2
1000000US500259678001016,0,0,0
1000000US500259678001017,27,21,6
1000000US500259678001018,4,4,0
1000000US500259678001019,0,0,0
1000000US500259678001020,1,1,0
1000000US500259678001021,0,0,0
1000000US500259678001022,0,0,0
1000000US500259678001023,5,1,4
1000000US500259678001024,4,2,2
1000000US500259678001025,6,1,5
1000000US500259678001026,2,2,0
1000000US500259678001027,0,0,0
1000000US500259678001028,0,0,0
1000000US500259678001029,31,24,7
1000000US500259678001030,0,0,0
1000000US500259678001031,41,34,7
1000000US500259678001032,9,9,0
1000000US500259678001033,10,8,2
1000000US500259678001034,0,0,0
1000000US500259678001035,18,14,4
1000000US500259678001036,0,0,0
1000000US500259678001037,12,10,2
1000000US500259678001038,21,16,5
1000000US500259678001039,58,51,7
1000000US500259678001040,1,1,0
1000000US500259678001041,0,0,0
1000000US500259678001042,6,6,0
1000000US500259678001043,10,7,3
1000000US500259678001044,12,10,2
1000000US500259678001045,2,2,0
1000000US500259678001046,2,2,0
1000000US500259678001047,7,4,3
1000000US500259678001048,39,35,4
1000000US500259678001049,4,4,0
1000000US500259678001050,2,2,0
1000000US500259678001051,2,2,0
1000000US500259678001052,0,0,0
1000000US500259678001053,3,3,0
1000000US500259678001054,2,2,0
1000000US500259678001055,9,9,0
1000000US500259678001056,0,0,0
1000000US500259678001057,17,14,3
1000000US500259678001058,0,0,0
1000000US500259678001059,2,2,0
1000000US500259678001060,4,4,0
1000000US500259678001061,11,6,5
1000000US500259678001062,15,10,5
1000000US500259678001063,0,0,0
1000000US500259678001064,1,1,0
1000000US500259678001065,3,2,1
1000000US500259678001066,7,6,1
1000000US500259678001067,9,6,3
1000000US500259678001068,0,0,0
1000000US500259678001069,0,0,0
1000000US500259678001070,0,0,0
1000000US500259678001071,0,0,0
1000000US500259678001072,0,0,0
1000000US500259678001073,0,0,0
1000000US500259678001074,0,0,0
1000000US500259678001075,0,0,0
1000000US500259678001076,0,0,0
1000000US500259678002000,33,20,13
1000000US500259678002001,2,0,2
1000000US500259678002002,2,0,2
1000000US500259678002003,0,0,0
1000000US500259678002004,0,0,0
1000000US500259678002005,0,0,0
1000000US500259678002006,1,0,1
1000000US500259678002007,5,4,1
1000000US500259678002008,2,0,2
1000000US500259678002009,2,0,2
1000000US500259678002010,0,0,0
1000000US500259678002011,0,0,0
1000000US500259678002012,43,31,12
1000000US500259678002013,6,3,3
1000000US500259678002014,0,0,0
1000000US500259678002015,3,3,0
1000000US500259678002016,0,0,0
1000000US500259678002017,0,0,0
1000000US500259678002018,0,0,0
1000000US500259678002019,9,6,3
1000000US500259678002020,0,0,0
1000000US500259678002021,1,0,1
1000000US500259678002022,28,11,17
1000000US500259678002023,3,3,0
1000000US500259678002024,1,0,1
1000000US500259678002025,3,2,1
1000000US500259678002026,7,5,2
1000000US500259678002027,22,15,7
1000000US500259678002028,4,2,2
1000000US500259678002029,53,36,17
1000000US500259678002030,8,5,3
1000000US500259678002031,3,3,0
1000000US500259678002032,5,1,4
1000000US500259678002033,0,0,0
1000000US500259678002034,0,0,0
1000000US500259678002035,0,0,0
1000000US500259678002036,2,2,0
1000000US500259678002037,34,28,6
1000000US500259678002038,19,17,2
1000000US500259678002039,53,37,16
1000000US500259678002040,11,9,2
1000000US500259678002041,0,0,0
1000000US500259678002042,0,0,0
1000000US500259678002043,30,18,12
1000000US500259678002044,5,2,3
1000000US500259678002045,0,0,0
1000000US500259678002046,4,3,1
1000000US500259678002047,0,0,0
1000000US500259678002048,1,0,1
1000000US500259678002049,33,24,9
1000000US500259678002050,5,3,2
1000000US500259678002051,39,28,11
1000000US500259678002052,7,7,0
1000000US500259678002053,0,0,0
1000000US500259678002054,3,1,2
1000000US500259678002055,0,0,0
1000000US500259678002056,23,9,14
1000000US500259678002057,2,2,0
1000000US500259678002058,3,1,2
1000000US500259678002059,0,0,0
1000000US500259678002060,4,2,2
1000000US500259678002061,2,1,1
1000000US500259678002062,4,1,3
1000000US500259678002063,2,0,2
1000000US500259678002064,0,0,0
1000000US500259678002065,24,17,7
1000000US500259678002066,29,20,9
1000000US500259678002067,1,0,1
1000000US500259678002068,1,1,0
1000000US500259678002069,5,5,0
1000000US500259678002070,0,0,0
1000000US500259679001000,4,2,2
1000000US500259679001001,6,4,2
1000000US500259679001002,2,0,2
1000000US500259679001003,6,1,5
1000000US500259679001004,4,2,2
1000000US500259679001005,5,2,3
1000000US500259679001006,25,14,11
1000000US500259679001007,33,20,13
1000000US500259679001008,0,0,0
1000000US500259679001009,0,0,0
1000000US500259679001010,2,0,2
1000000US500259679001011,14,2,12
1000000US500259679001012,13,8,5
1000000US500259679001013,8,6,2
1000000US500259679001014,15,11,4
1000000US500259679001015,0,0,0
1000000US500259679001016,9,4,5
1000000US500259679001017,0,0,0
1000000US500259679001018,17,12,5
1000000US500259679001019,10,9,1
1000000US500259679001020,1,0,1
1000000US500259679001021,4,3,1
1000000US500259679001022,11,6,5
1000000US500259679001023,9,5,4
1000000US500259679001024,25,18,7
1000000US500259679001025,38,20,18
1000000US500259679001026,1,1,0
1000000US500259679001027,7,6,1
1000000US500259679001028,3,1,2
1000000US500259679001029,14,8,6
1000000US500259679001030,13,9,4
1000000US500259679001031,1,0,1
1000000US500259679001032,0,0,0
1000000US500259679001033,0,0,0
1000000US500259679001034,1,1,0
1000000US500259679002000,56,16,40
1000000US500259679002001,1,0,1
1000000US500259679002002,1,1,0
1000000US500259679002003,12,1,11
1000000US500259679002004,1,0,1
1000000US500259679002005,0,0,0
1000000US500259679002006,1,1,0
1000000US500259679002007,55,8,47
1000000US500259679002008,5,0,5
1000000US500259679002009,9,0,9
1000000US500259679002010,377,37,340
1000000US500259679002011,18,6,12
1000000US500259679002012,10,1,9
1000000US500259679002013,0,0,0
1000000US500259679002014,0,0,0
1000000US500259679002015,28,0,28
1000000US500259679002016,20,1,19
1000000US500259679002017,40,4,36
1000000US500259679002018,3,0,3
1000000US500259679002019,24,0,24
1000000US500259679002020,12,0,12
1000000US500259679002021,30,2,28
1000000US500259679002022,30,2,28
1000000US500259679002023,13,2,11
1000000US500259679002024,0,0,0
1000000US500259679002025,0,0,0
1000000US500259679002026,80,39,41
1000000US500259679002027,11,0,11
1000000US500259679002028,0,0,0
1000000US500259679002029,0,0,0
1000000US500259679002030,0,0,0
1000000US500259679002031,0,0,0
1000000US500259679002032,0,0,0
1000000US500259679002033,0,0,0
1000000US500259679002034,1,0,1
1000000US500259679002035,0,0,0
1000000US500259679002036,1,0,1
1000000US500259679002037,0,0,0
1000000US500259679002038,0,0,0
1000000US500259679002039,11,4,7
1000000US500259679003000,529,12,517
1000000US500259679003001,0,0,0
1000000US500259679003002,0,0,0
1000000US500259679003003,3,0,3
1000000US500259679003004,11,0,11
1000000US500259679003005,20,0,20
1000000US500259679003006,0,0,0
1000000US500259679003007,0,0,0
1000000US500259679003008,6,0,6
1000000US500259679003009,31,2,29
1000000US500259679003010,0,0,0
1000000US500259679003011,9,2,7
1000000US500259679003012,6,0,6
1000000US500259679003013,74,0,74
1000000US500259679003014,0,0,0
1000000US500259679003015,61,0,61
1000000US500259679003016,0,0,0
1000000US500259679003017,0,0,0
1000000US500259679004000,18,4,14
1000000US500259679004001,10,2,8
1000000US500259679004002,242,85,157
1000000US500259679004003,0,0,0
1000000US500259679004004,0,0,0
1000000US500259679004005,0,0,0
1000000US500259679004006,7,6,1
1000000US500259679004007,9,3,6
1000000US500259679004008,8,2,6
1000000US500259679004009,7,2,5
1000000US500259679004010,16,6,10
1000000US500259679004011,0,0,0
1000000US500259679004012,128,30,98
1000000US500259679004013,19,5,14
1000000US500259679004014,0,0,0
1000000US500259679004015,98,11,87
1000000US500259679004016,20,2,18
1000000US500259679004017,11,0,11
1000000US500259679004018,13,1,12
1000000US500259679004019,14,1,13
1000000US500259679004020,36,0,36
1000000US500259679004021,66,5,61
1000000US500259679004022,12,1,11
1000000US500259679004023,26,0,26
1000000US500259679004024,0,0,0
1000000US500259679004025,5,0,5
1000000US500259679004026,18,0,18
1000000US500259679004027,151,17,134
1000000US500259679004028,1,1,0
1000000US500259679004029,12,2,10
1000000US500259679004030,4,0,4
1000000US500259679004031,8,0,8
1000000US500259679004032,0,0,0
1000000US500259679004033,0,0,0
1000000US500259679004034,0,0,0
1000000US500259679004035,3,0,3
1000000US500259679004036,4,4,0
1000000US500259679004037,4,0,4
1000000US500259679004038,5,0,5
1000000US500259679004039,2,0,2
1000000US500259679004040,92,8,84
1000000US500259679004041,1,0,1
1000000US500259679004042,1,0,1
1000000US500259679004043,9,2,7
1000000US500259679004044,2,0,2
1000000US500259679004045,16,5,11
1000000US500259679004046,1,0,1
1000000US500259679004047,1,0,1
1000000US500259679004048,40,15,25
1000000US500259679004049,5,0,5
1000000US500259679004050,8,1,7
1000000US500259680001000,111,35,76
1000000US500259680001001,1,0,1
1000000US500259680001002,6,0,6
1000000US500259680001003,0,0,0
1000000US500259680001004,4,1,3
1000000US500259680001005,0,0,0
1000000US500259680001006,0,0,0
1000000US500259680001007,2,0,2
1000000US500259680001008,3,0,3
1000000US500259680001009,9,0,9
1000000US500259680001010,4,0,4
1000000US500259680001011,0,0,0
1000000US500259680001012,7,0,7
1000000US500259680001013,338,47,291
1000000US500259680001014,12,1,11
1000000US500259680001015,6,1,5
1000000US500259680001016,0,0,0
1000000US500259680001017,20,1,19
1000000US500259680001018,0,0,0
1000000US500259680001019,0,0,0
1000000US500259680001020,0,0,0
1000000US500259680001021,1,0,1
1000000US500259680001022,34,2,32
1000000US500259680001023,0,0,0
1000000US500259680001024,10,0,10
1000000US500259680001025,162,26,136
1000000US500259680001026,1,0,1
1000000US500259680001027,14,3,11
1000000US500259680001028,2,0,2
1000000US500259680001029,7,1,6
1000000US500259680001030,4,1,3
1000000US500259680001031,48,3,45
1000000US500259680001032,29,5,24
1000000US500259680001033,21,2,19
1000000US500259680001034,13,0,13
1000000US500259680001035,0,0,0
1000000US500259680001036,11,1,10
1000000US500259680001037,0,0,0
1000000US500259680001038,0,0,0
1000000US500259680001039,1,0,1
1000000US500259680001040,0,0,0
1000000US500259680001041,5,1,4
1000000US500259680001042,2,0,2
1000000US500259680001043,7,1,6
1000000US500259680001044,1,0,1
1000000US500259680001045,0,0,0
1000000US500259680001046,4,1,3
1000000US500259680001047,1,0,1
1000000US500259680001048,0,0,0
1000000US500259680001049,0,0,0
1000000US500259680001050,1,0,1
1000000US500259680001051,0,0,0
1000000US500259680001052,0,0,0
1000000US500259680001053,2,1,1
1000000US500259680001054,2,2,0
1000000US500259680001055,1,1,0
1000000US500259680001056,0,0,0
1000000US500259680001057,0,0,0
1000000US500259680001058,2,0,2
1000000US500259680001059,1,0,1
1000000US500259680002000,134,55,79
1000000US500259680002001,0,0,0
1000000US500259680002002,0,0,0
1000000US500259680002003,80,28,52
1000000US500259680002004,0,0,0
1000000US500259680002005,5,5,0
1000000US500259680002006,7,6,1
1000000US500259680002007,1,1,0
1000000US500259680002008,101,66,35
1000000US500259680002009,21,11,10
1000000US500259680002010,15,8,7
1000000US500259680002011,17,16,1
1000000US500259680002012,0,0,0
1000000US500259680002013,50,45,5
1000000US500259680002014,137,56,81
1000000US500259680002015,0,0,0
1000000US500259680002016,0,0,0
1000000US500259680002017,2,0,2
1000000US500259680002018,14,4,10
1000000US500259680002019,94,33,61
1000000US500259680002020,2,1,1
1000000US500259680002021,35,29,6
1000000US500259680002022,23,19,4
1000000US500259680002023,19,10,9
1000000US500259680002024,0,0,0
1000000US500259680002025,7,4,3
1000000US500259680002026,0,0,0
1000000US500259680002027,3,3,0
1000000US500259680002028,1,0,1
1000000US500259680002029,0,0,0
1000000US500259680002030,0,0,0
1000000US500259680002031,0,0,0
1000000US500259680002032,0,0,0
1000000US500259680002033,0,0,0
1000000US500259680002034,0,0,0
1000000US500259680002035,3,3,0
1000000US500259680002036,0,0,0
1000000US500259680002037,0,0,0
1000000US500259680002038,0,0,0
1000000US500259680002039,0,0,0
1000000US500259680002040,14,11,3
1000000US500259680002041,0,0,0
1000000US500259680002042,0,0,0
1000000US500259680002043,0,0,0
1000000US500259680002044,0,0,0
1000000US500259680002045,0,0,0
1000000US500259680002046,0,0,0
1000000US500259680002047,0,0,0
1000000US500259680002048,0,0,0
1000000US500259680002049,14,9,5
1000000US500259680002050,56,45,11
1000000US500259680002051,4,4,0
1000000US500259680002052,0,0,0
1000000US500259680002053,2,2,0
1000000US500259680002054,10,5,5
1000000US500259680002055,14,13,1
1000000US500259680002056,0,0,0
1000000US500259680002057,0,0,0
1000000US500259680002058,0,0,0
1000000US500259680002059,10,0,10
1000000US500259680002060,1,0,1
1000000US500259680002061,0,0,0
1000000US500259680002062,1,1,0
1000000US500259680002063,0,0,0
1000000US500259680002064,3,2,1
1000000US500259680002065,0,0,0
1000000US500259680003000,1,1,0
1000000US500259680003001,0,0,0
1000000US500259680003002,46,19,27
1000000US500259680003003,1,0,1
1000000US500259680003004,2,1,1
1000000US500259680003005,12,6,6
1000000US500259680003006,7,7,0
1000000US500259680003007,5,5,0
1000000US500259680003008,0,0,0
1000000US500259680003009,0,0,0
1000000US500259680003010,9,8,1
1000000US500259680003011,94,29,65
1000000US500259680003012,7,4,3
1000000US500259680003013,3,3,0
1000000US500259680003014,1,1,0
1000000US500259680003015,0,0,0
1000000US500259680003016,26,3,23
1000000US500259680003017,0,0,0
1000000US500259680003018,21,3,18
1000000US500259680003019,1,1,0
1000000US500259680003020,125,29,96
1000000US500259680003021,17,4,13
1000000US500259680003022,7,5,2
1000000US500259680003023,0,0,0
1000000US500259680003024,6,3,3
1000000US500259680003025,0,0,0
1000000US500259680003026,23,3,20
1000000US500259680003027,0,0,0
1000000US500259680003028,93,9,84
1000000US500259680003029,0,0,0
1000000US500259680003030,0,0,0
1000000US500259680003031,2,1,1
1000000US500259680003032,5,3,2
1000000US500259680003033,0,0,0
1000000US500259680003034,1,1,0
1000000US500259680003035,43,18,25
1000000US500259680003036,0,0,0
1000000US500259680003037,0,0,0
1000000US500259680003038,0,0,0
1000000US500259680003039,0,0,0
1000000US500259680003040,0,0,0
1000000US500259680003041,0,0,0
1000000US500259680003042,69,35,34
1000000US500259680003043,2,0,2
1000000US500259680003044,0,0,0
1000000US500259680003045,0,0,0
1000000US500259680003046,0,0,0
1000000US500259680003047,2,1,1
1000000US500259680003048,0,0,0
1000000US500259680003049,2,2,0
1000000US500259680003050,11,5,6
1000000US500259680003051,15,9,6
1000000US500259680003052,2,1,1
1000000US500259680003053,0,0,0
1000000US500259680003054,20,13,7
1000000US500259680003055,2,1,1
1000000US500259681001000,9,4,5
1000000US500259681001001,0,0,0
1000000US500259681001002,67,31,36
1000000US500259681001003,0,0,0
1000000US500259681001004,2,1,1
1000000US500259681001005,0,0,0
1000000US500259681001006,20,17,3
1000000US500259681001007,1,1,0
1000000US500259681001008,34,27,7
1000000US500259681001009,0,0,0
1000000US500259681001010,20,18,2
1000000US500259681001011,17,11,6
1000000US500259681001012,26,21,5
1000000US500259681001013,0,0,0
1000000US500259681001014,4,3,1
1000000US500259681001015,1,1,0
1000000US500259681001016,2,1,1
1000000US500259681001017,16,7,9
1000000US500259681001018,1,0,1
1000000US500259681001019,1,1,0
1000000US500259681001020,3,3,0
1000000US500259681001021,1,0,1
1000000US500259681001022,0,0,0
1000000US500259681001023,9,8,1
1000000US500259681001024,0,0,0
1000000US500259681001025,8,3,5
1000000US500259681001026,1,1,0
1000000US500259681001027,2,2,0
1000000US500259681001028,13,10,3
1000000US500259681001029,0,0,0
1000000US500259681001030,2,2,0
1000000US500259681001031,0,0,0
1000000US500259681001032,0,0,0
1000000US500259681001033,1,1,0
1000000US500259681001034,2,2,0
1000000US500259681001035,29,21,8
1000000US500259681001036,9,9,0
1000000US500259681001037,7,7,0
1000000US500259681001038,1,1,0
1000000US500259681001039,16,12,4
1000000US500259681001040,15,13,2
1000000US500259681001041,0,0,0
1000000US500259681001042,5,5,0
1000000US500259681001043,0,0,0
1000000US500259681001044,37,23,14
1000000US500259681001045,18,14,4
1000000US500259681001046,3,1,2
1000000US500259681001047,5,3,2
1000000US500259681001048,0,0,0
1000000US500259681001049,14,7,7
1000000US500259681001050,21,11,10
1000000US500259681001051,9,3,6
1000000US500259681001052,7,2,5
1000000US500259681001053,2,2,0
1000000US500259681001054,9,5,4
1000000US500259681001055,1,0,1
1000000US500259681001056,10,6,4
1000000US500259681002000,1,1,0
1000000US500259681002001,14,3,11
1000000US500259681002002,0,0,0
1000000US500259681002003,31,18,13
1000000US500259681002004,1,0,1
1000000US500259681002005,0,0,0
1000000US500259681002006,40,27,13
1000000US500259681002007,0,0,0
1000000US500259681002008,16,14,2
1000000US500259681002009,0,0,0
1000000US500259681002010,14,14,0
1000000US500259681002011,0,0,0
1000000US500259681002012,0,0,0
1000000US500259681002013,0,0,0
1000000US500259681002014,0,0,0
1000000US500259681002015,0,0,0
1000000US500259681002016,0,0,0
1000000US500259681002017,0,0,0
1000000US500259681002018,0,0,0
1000000US500259681002019,0,0,0
1000000US500259681002020,0,0,0
1000000US500259681002021,21,11,10
1000000US500259681002022,0,0,0
1000000US500259681002023,1,0,1
1000000US500259681002024,1,1,0
1000000US500259681002025,0,0,0
1000000US500259681002026,0,0,0
1000000US500259681002027,0,0,0
1000000US500259681002028,0,0,0
1000000US500259681002029,10,7,3
1000000US500259681002030,0,0,0
1000000US500259681002031,67,24,43
1000000US500259681002032,0,0,0
1000000US500259681002033,0,0,0
1000000US500259681002034,0,0,0
1000000US500259681002035,0,0,0
1000000US500259681002036,0,0,0
1000000US500259681002037,25,18,7
1000000US500259681002038,22,18,4
1000000US500259681002039,59,35,24
1000000US500259681002040,16,14,2
1000000US500259681002041,0,0,0
1000000US500259681002042,0,0,0
1000000US500259681002043,22,13,9
1000000US500259681002044,15,6,9
1000000US500259681002045,0,0,0
1000000US500259681002046,12,6,6
1000000US500259681002047,6,4,2
1000000US500259681002048,4,0,4
1000000US500259681002049,1,0,1
1000000US500259681002050,0,0,0
1000000US500259681002051,0,0,0
1000000US500259681002052,0,0,0
1000000US500259681002053,0,0,0
1000000US500259681002054,0,0,0
1000000US500259681002055,0,0,0
1000000US500259681002056,0,0,0
1000000US500259681002057,0,0,0
1000000US500259681002058,0,0,0
1000000US500259681002059,0,0,0
1000000US500259681002060,0,0,0
1000000US500259681002061,4,2,2
1000000US500259681002062,0,0,0
1000000US500259681002063,2,1,1
1000000US500259681002064,32,16,16
1000000US500259681002065,0,0,0
1000000US500259681002066,0,0,0
1000000US500259681002067,0,0,0
1000000US500259682001000,1,1,0
1000000US500259682001001,2,1,1
1000000US500259682001002,11,8,3
1000000US500259682001003,30,18,12
1000000US500259682001004,0,0,0
1000000US500259682001005,1,1,0
1000000US500259682001006,2,1,1
1000000US500259682001007,1,1,0
1000000US500259682001008,0,0,0
1000000US500259682001009,4,2,2
1000000US500259682001010,0,0,0
1000000US500259682001011,0,0,0
1000000US500259682001012,0,0,0
1000000US500259682001013,6,6,0
1000000US500259682001014,2,1,1
1000000US500259682001015,11,6,5
1000000US500259682001016,0,0,0
1000000US500259682001017,5,5,0
1000000US500259682001018,2,1,1
1000000US500259682001019,93,63,30
1000000US500259682001020,0,0,0
1000000US500259682001021,1,0,1
1000000US500259682001022,0,0,0
1000000US500259682001023,8,3,5
1000000US500259682001024,9,7,2
1000000US500259682001025,0,0,0
1000000US500259682001026,55,31,24
1000000US500259682001027,1,1,0
1000000US500259682001028,26,13,13
1000000US500259682001029,0,0,0
1000000US500259682001030,14,7,7
1000000US500259682001031,0,0,0
1000000US500259682001032,0,0,0
1000000US500259682001033,2,2,0
1000000US500259682001034,5,2,3
1000000US500259682001035,1,0,1
1000000US500259682001036,0,0,0
1000000US500259682001037,20,14,6
1000000US500259682001038,12,8,4
1000000US500259682001039,11,9,2
1000000US500259682001040,19,12,7
1000000US500259682001041,0,0,0
1000000US500259682001042,14,9,5
1000000US500259682001043,5,4,1
1000000US500259682001044,0,0,0
1000000US500259682001045,19,14,5
1000000US500259682001046,1,0,1
1000000US500259682001047,11,7,4
1000000US500259682001048,0,0,0
1000000US500259682001049,28,22,6
1000000US500259682001050,0,0,0
1000000US500259682001051,5,4,1
1000000US500259682001052,0,0,0
1000000US500259682001053,0,0,0
1000000US500259682001054,6,4,2
1000000US500259682001055,16,16,0
1000000US500259682001056,0,0,0
1000000US500259682001057,5,1,4
1000000US500259682001058,15,8,7
1000000US500259682001059,5,1,4
1000000US500259682001060,8,2,6
1000000US500259682001061,7,1,6
1000000US500259682001062,0,0,0
1000000US500259682001063,4,2,2
1000000US500259682001064,0,0,0
1000000US500259682001065,18,3,15
1000000US500259682001066,0,0,0
1000000US500259682001067,9,3,6
1000000US500259682001068,0,0,0
1000000US500259682001069,0,0,0
1000000US500259682001070,10,5,5
1000000US500259682001071,0,0,0
1000000US500259682001072,1,0,1
1000000US500259682001073,0,0,0
1000000US500259682002000,81,55,26
1000000US500259682002001,0,0,0
1000000US500259682002002,0,0,0
1000000US500259682002003,0,0,0
1000000US500259682002004,0,0,0
1000000US500259682002005,0,0,0
1000000US500259682002006,1,1,0
1000000US500259682002007,2,1,1
1000000US500259682002008,18,15,3
1000000US500259682002009,2,1,1
1000000US500259682002010,0,0,0
1000000US500259682002011,13,10,3
1000000US500259682002012,24,20,4
1000000US500259682002013,2,2,0
1000000US500259682002014,1,1,0
1000000US500259682002015,4,4,0
1000000US500259682002016,3,3,0
1000000US500259682002017,7,6,1
1000000US500259682002018,0,0,0
1000000US500259682002019,14,2,12
1000000US500259682002020,0,0,0
1000000US500259682002021,1,1,0
1000000US500259682002022,36,21,15
1000000US500259682002023,8,4,4
1000000US500259682002024,21,17,4
1000000US500259682002025,4,4,0
1000000US500259682002026,2,0,2
1000000US500259682002027,9,8,1
1000000US500259682002028,0,0,0
1000000US500259682002029,0,0,0
1000000US500259682002030,18,14,4
1000000US500259682002031,16,10,6
1000000US500259682002032,4,1,3
1000000US500259682002033,17,14,3
1000000US500259682002034,34,26,8
1000000US500259682002035,0,0,0
1000000US500259682002036,3,2,1
1000000US500259682002037,0,0,0
1000000US500259682002038,52,34,18
1000000US500259682002039,0,0,0
1000000US500259682002040,0,0,0
1000000US500259682002041,1,1,0
1000000US500259682002042,0,0,0
1000000US500259682002043,39,32,7
1000000US500259682002044,0,0,0
1000000US500259682002045,4,4,0
1000000US500259682002046,1,1,0
1000000US500259682002047,10,10,0
1000000US500259682002048,0,0,0
1000000US500259682002049,0,0,0
1000000US500259682002050,11,8,3
1000000US500259682002051,0,0,0
1000000US500259682002052,6,4,2
1000000US500259682002053,0,0,0
1000000US500259682002054,0,0,0
1000000US500259682002055,2,2,0
1000000US500259682002056,7,5,2
1000000US500259682002057,2,2,0
1000000US500259682002058,0,0,0
1000000US500259682002059,1,0,1
1000000US500259682002060,2,2,0
1000000US500259682002061,0,0,0
1000000US500259682002062,0,0,0
1000000US500259682002063,0,0,0
1000000US500259682002064,3,1,2
1000000US500259682002065,9,7,2
1000000US500259682002066,0,0,0
1000000US500259682002067,1,1,0
1000000US500259682002068,0,0,0
1000000US500259682002069,0,0,0
1000000US500259682002070,0,0,0
1000000US500259682002071,0,0,0
1000000US500259682002072,0,0,0
1000000US500259682002073,0,0,0
1000000US500259682002074,1,1,0
1000000US500259682002075,20,12,8
1000000US500259682002076,9,8,1
1000000US500259683001000,5,5,0
1000000US500259683001001,29,21,8
1000000US500259683001002,5,4,1
1000000US500259683001003,0,0,0
1000000US500259683001004,0,0,0
1000000US500259683001005,0,0,0
1000000US500259683001006,5,4,1
1000000US500259683001007,0,0,0
1000000US500259683001008,8,7,1
1000000US500259683001009,4,4,0
1000000US500259683001010,0,0,0
1000000US500259683001011,12,9,3
1000000US500259683001012,55,40,15
1000000US500259683001013,25,19,6
1000000US500259683001014,1,0,1
1000000US500259683001015,0,0,0
1000000US500259683001016,1,0,1
1000000US500259683001017,10,9,1
1000000US500259683001018,49,45,4
1000000US500259683001019,0,0,0
1000000US500259683001020,10,8,2
1000000US500259683001021,0,0,0
1000000US500259683001022,0,0,0
1000000US500259683001023,0,0,0
1000000US500259683001024,2,2,0
1000000US500259683001025,0,0,0
1000000US500259683001026,19,13,6
1000000US500259683001027,0,0,0
1000000US500259683001028,11,10,1
1000000US500259683001029,14,10,4
1000000US500259683001030,65,54,11
1000000US500259683001031,0,0,0
1000000US500259683001032,0,0,0
1000000US500259683001033,6,6,0
1000000US500259683001034,6,6,0
1000000US500259683001035,27,23,4
1000000US500259683001036,4,4,0
1000000US500259683001037,1,0,1
1000000US500259683001038,5,3,2
1000000US500259683001039,2,2,0
1000000US500259683001040,0,0,0
1000000US500259683001041,0,0,0
1000000US500259683001042,12,11,1
1000000US500259683001043,1,0,1
1000000US500259683001044,20,19,1
1000000US500259683001045,1,1,0
1000000US500259683001046,0,0,0
1000000US500259683001047,0,0,0
1000000US500259683001048,3,1,2
1000000US500259683001049,0,0,0
1000000US500259683001050,6,5,1
1000000US500259683001051,18,17,1
1000000US500259683001052,0,0,0
1000000US500259683001053,0,0,0
1000000US500259683001054,14,11,3
1000000US500259683001055,0,0,0
1000000US500259683001056,0,0,0
1000000US500259683001057,14,10,4
1000000US500259683001058,0,0,0
1000000US500259683001059,2,1,1
1000000US500259683001060,0,0,0
1000000US500259683001061,0,0,0
1000000US500259683001062,0,0,0
1000000US500259683002000,0,0,0
1000000US500259683002001,1,1,0
1000000US500259683002002,10,9,1
1000000US500259683002003,16,16,0
1000000US500259683002004,1,1,0
1000000US500259683002005,1,1,0
1000000US500259683002006,0,0,0
1000000US500259683002007,0,0,0
1000000US500259683002008,0,0,0
1000000US500259683002009,3,3,0
1000000US500259683002010,0,0,0
1000000US500259683002011,27,26,1
1000000US500259683002012,0,0,0
1000000US500259683002013,45,43,2
1000000US500259683002014,0,0,0
1000000US500259683002015,8,7,1
1000000US500259683002016,3,3,0
1000000US500259683002017,19,16,3
1000000US500259683002018,13,13,0
1000000US500259683002019,43,40,3
1000000US500259683002020,15,13,2
1000000US500259683002021,5,4,1
1000000US500259683002022,0,0,0
1000000US500259683002023,4,4,0
1000000US500259683002024,4,4,0
1000000US500259683002025,0,0,0
1000000US500259683002026,0,0,0
1000000US500259683002027,4,3,1
1000000US500259683002028,0,0,0
1000000US500259683002029,0,0,0
1000000US500259683002030,0,0,0
1000000US500259683002031,0,0,0
1000000US500259683002032,19,18,1
1000000US500259683002033,13,11,2
1000000US500259683002034,0,0,0
1000000US500259683002035,20,18,2
1000000US500259683002036,40,40,0
1000000US500259683002037,13,12,1
1000000US500259683002038,37,32,5
1000000US500259683002039,15,15,0
1000000US500259683002040,8,6,2
1000000US500259683002041,35,31,4
1000000US500259683002042,1,1,0
1000000US500259683002043,22,19,3
1000000US500259683002044,13,13,0
1000000US500259683002045,0,0,0
1000000US500259683002046,17,13,4
1000000US500259683002047,0,0,0
1000000US500259683002048,0,0,0
1000000US500259683002049,0,0,0
1000000US500259683002050,1,1,0
1000000US500259683002051,0,0,0
1000000US500259683002052,2,2,0
1000000US500259684001000,1,1,0
1000000US500259684001001,11,10,1
1000000US500259684001002,0,0,0
1000000US500259684001003,6,5,1
1000000US500259684001004,0,0,0
1000000US500259684001005,5,4,1
1000000US500259684001006,2,2,0
1000000US500259684001007,0,0,0
1000000US500259684001008,1,1,0
1000000US500259684001009,3,1,2
1000000US500259684001010,0,0,0
1000000US500259684001011,17,16,1
1000000US500259684001012,6,6,0
1000000US500259684001013,8,8,0
1000000US500259684001014,3,3,0
1000000US500259684001015,1,1,0
1000000US500259684001016,42,39,3
1000000US500259684001017,1,1,0
1000000US500259684001018,85,73,12
1000000US500259684001019,20,17,3
1000000US500259684001020,4,4,0
1000000US500259684001021,0,0,0
1000000US500259684001022,28,20,8
1000000US500259684001023,12,12,0
1000000US500259684001024,0,0,0
1000000US500259684001025,0,0,0
1000000US500259684001026,0,0,0
1000000US500259684001027,29,19,10
1000000US500259684001028,10,7,3
1000000US500259684001029,205,196,9
1000000US500259684001030,0,0,0
1000000US500259684001031,44,42,2
1000000US500259684001032,10,10,0
1000000US500259684001033,15,14,1
1000000US500259684001034,16,14,2
1000000US500259684001035,20,20,0
1000000US500259684001036,0,0,0
1000000US500259684001037,0,0,0
1000000US500259684002000,18,16,2
1000000US500259684002001,0,0,0
1000000US500259684002002,0,0,0
1000000US500259684002003,20,18,2
1000000US500259684002004,77,75,2
1000000US500259684002005,0,0,0
1000000US500259684002006,0,0,0
1000000US500259684002007,0,0,0
1000000US500259684002008,0,0,0
1000000US500259684002009,52,50,2
1000000US500259684002010,0,0,0
1000000US500259684002011,0,0,0
1000000US500259684002012,46,45,1
1000000US500259684002013,37,36,1
1000000US500259684002014,56,55,1
1000000US500259684002015,15,13,2
1000000US500259684002016,6,5,1
1000000US500259684002017,0,0,0
1000000US500259684002018,18,18,0
1000000US500259684002019,0,0,0
1000000US500259684002020,5,5,0
1000000US500259684002021,6,6,0
1000000US500259684002022,8,7,1
1000000US500259684002023,5,5,0
1000000US500259684002024,5,5,0
1000000US500259684002025,0,0,0
1000000US500259684002026,0,0,0
1000000US500259684002027,0,0,0
1000000US500259684002028,0,0,0
1000000US500259684003000,76,74,2
1000000US500259684003001,0,0,0
1000000US500259684003002,29,26,3
1000000US500259684003003,47,46,1
1000000US500259684003004,0,0,0
1000000US500259684003005,0,0,0
1000000US500259684003006,5,5,0
1000000US500259684003007,88,85,3
1000000US500259684003008,80,75,5
1000000US500259684003009,96,89,7
1000000US500259684003010,41,38,3
1000000US500259684003011,45,21,24
1000000US500259684003012,0,0,0
1000000US500259684004000,1,1,0
1000000US500259684004001,148,132,16
1000000US500259684004002,0,0,0
1000000US500259684004003,16,16,0
1000000US500259684004004,0,0,0
1000000US500259684004005,22,19,3
1000000US500259684004006,73,67,6
1000000US500259684004007,6,6,0
1000000US500259684004008,13,12,1
1000000US500259684004009,54,52,2
1000000US500259684004010,3,2,1
1000000US500259684004011,4,4,0
1000000US500259684004012,33,32,1
1000000US500259684004013,57,53,4
1000000US500259684004014,6,5,1
1000000US500259684004015,3,1,2
1000000US500259684004016,2,2,0
1000000US500259684004017,13,10,3
1000000US500259684004018,10,9,1
1000000US500259684004019,3,3,0
1000000US500259684004020,0,0,0
1000000US500259684004021,0,0,0
1000000US500259684004022,15,14,1
1000000US500259684004023,0,0,0
1000000US500259685001000,3,2,1
1000000US500259685001001,41,37,4
1000000US500259685001002,36,36,0
1000000US500259685001003,70,63,7
1000000US500259685001004,96,92,4
1000000US500259685001005,34,31,3
1000000US500259685001006,54,51,3
1000000US500259685001007,30,29,1
1000000US500259685001008,40,36,4
1000000US500259685001009,0,0,0
1000000US500259685001010,0,0,0
1000000US500259685001011,0,0,0
1000000US500259685001012,1,1,0
1000000US500259685001013,3,3,0
1000000US500259685001014,0,0,0
1000000US500259685001015,9,9,0
1000000US500259685001016,0,0,0
1000000US500259685001017,13,13,0
1000000US500259685001018,0,0,0
1000000US500259685001019,0,0,0
1000000US500259685001020,23,22,1
1000000US500259685001021,22,21,1
1000000US500259685001022,89,87,2
1000000US500259685001023,24,22,2
1000000US500259685001024,0,0,0
1000000US500259685001025,0,0,0
1000000US500259685001026,0,0,0
1000000US500259685001027,24,23,1
1000000US500259685001028,1,0,1
1000000US500259685001029,2,2,0
1000000US500259685001030,0,0,0
1000000US500259685001031,14,14,0
1000000US500259685001032,0,0,0
1000000US500259685001033,0,0,0
1000000US500259685001034,97,89,8
1000000US500259685001035,4,4,0
1000000US500259685001036,0,0,0
1000000US500259685002000,1,0,1
1000000US500259685002001,79,71,8
1000000US500259685002002,0,0,0
1000000US500259685002003,27,21,6
1000000US500259685002004,101,88,13
1000000US500259685002005,0,0,0
1000000US500259685002006,54,48,6
1000000US500259685002007,8,8,0
1000000US500259685002008,0,0,0
1000000US500259685002009,0,0,0
1000000US500259685002010,0,0,0
1000000US500259685002011,0,0,0
1000000US500259685002012,0,0,0
1000000US500259685002013,29,28,1
1000000US500259685002014,31,25,6
1000000US500259685002015,0,0,0
1000000US500259685002016,49,44,5
1000000US500259685002017,22,20,2
1000000US500259685002018,43,41,2
1000000US500259685003000,0,0,0
1000000US500259685003001,0,0,0
1000000US500259685003002,0,0,0
1000000US500259685003003,8,8,0
1000000US500259685003004,219,201,18
1000000US500259685003005,38,37,1
1000000US500259685003006,4,4,0
1000000US500259685003007,0,0,0
1000000US500259685003008,0,0,0
1000000US500259685003009,0,0,0
1000000US500259685003010,0,0,0
1000000US500259685003011,0,0,0
1000000US500259685003012,0,0,0
1000000US500259685003013,24,24,0
1000000US500259685003014,26,23,3
1000000US500259685003015,19,19,0
1000000US500259685003016,22,19,3
1000000US500259685003017,14,13,1
1000000US500259685003018,52,48,4
1000000US500259685003019,12,10,2
1000000US500259685003020,20,18,2
1000000US500259685003021,34,31,3
1000000US500259685003022,14,14,0
1000000US500259685003023,3,3,0
1000000US500259685003024,31,28,3
1000000US500259685003025,0,0,0
1000000US500259685003026,65,64,1
1000000US500259685003027,17,16,1
1000000US500259685003028,16,14,2
1000000US500259685003029,14,14,0
1000000US500259685003030,42,41,1
1000000US500259685003031,0,0,0
1000000US500259685003032,0,0,0
1000000US500259685003033,0,0,0
1000000US500259685003034,0,0,0
1000000US500259685003035,0,0,0
1000000US500259685003036,0,0,0
1000000US500259685003037,0,0,0
1000000US500259685003038,0,0,0
1000000US500259685003039,0,0,0
1000000US500259685003040,0,0,0
1000000US500259685003041,9,9,0
1000000US500259685003042,9,9,0
1000000US500259685003043,8,8,0
1000000US500259685003044,1,1,0
1000000US500259685003045,0,0,0
1000000US500259685003046,0,0,0
1000000US500259685004000,0,0,0
1000000US500259685004001,0,0,0
1000000US500259685004002,98,94,4
1000000US500259685004003,0,0,0
1000000US500259685004004,1,1,0
1000000US500259685004005,4,4,0
1000000US500259685004006,0,0,0
1000000US500259685004007,39,36,3
1000000US500259685004008,37,31,6
1000000US500259685004009,1,1,0
1000000US500259685004010,14,13,1
1000000US500259685004011,27,26,1
1000000US500259685004012,13,13,0
1000000US500259685004013,25,24,1
1000000US500259685004014,2,2,0
1000000US500259685004015,49,47,2
1000000US500259685004016,16,15,1
1000000US500259685004017,4,4,0
1000000US500259685004018,2,2,0
1000000US500259685004019,0,0,0
1000000US500259685004020,0,0,0
1000000US500259685004021,0,0,0
1000000US500259685004022,27,27,0
1000000US500259685004023,0,0,0
1000000US500259685004024,0,0,0
1000000US500259685004025,21,20,1
1000000US500259685004026,20,19,1
1000000US500259685004027,37,36,1
1000000US500259685004028,15,15,0
1000000US500259685004029,20,19,1
1000000US500259685004030,64,63,1
1000000US500259685004031,26,25,1
1000000US500259685004032,17,16,1
1000000US500259685004033,66,65,1
1000000US500259685004034,0,0,0
1000000US500259685004035,0,0,0
1000000US500259685004036,0,0,0
1000000US500259685004037,0,0,0
1000000US500259685004038,12,11,1
1000000US500259685004039,0,0,0
1000000US500259685004040,0,0,0
1000000US500259685004041,6,1,5
1000000US500259685004042,37,36,1
1000000US500259685004043,0,0,0
1000000US500259685004044,0,0,0
1000000US500259685005000,38,30,8
1000000US500259685005001,36,34,2
1000000US500259685005002,48,44,4
1000000US500259685005003,44,41,3
1000000US500259685005004,11,10,1
1000000US500259685005005,51,51,0
1000000US500259685005006,47,45,2
1000000US500259685005007,25,23,2
1000000US500259685005008,28,27,1
1000000US500259685005009,12,11,1
1000000US500259686001000,0,0,0
1000000US500259686001001,0,0,0
1000000US500259686001002,0,0,0
1000000US500259686001003,0,0,0
1000000US500259686001004,0,0,0
1000000US500259686001005,0,0,0
1000000US500259686001006,0,0,0
1000000US500259686001007,0,0,0
1000000US500259686001008,0,0,0
1000000US500259686001009,0,0,0
1000000US500259686001010,0,0,0
1000000US500259686001011,0,0,0
1000000US500259686001012,18,17,1
1000000US500259686001013,31,29,2
1000000US500259686001014,0,0,0
1000000US500259686001015,11,11,0
1000000US500259686001016,52,46,6
1000000US500259686001017,22,19,3
1000000US500259686001018,11,10,1
1000000US500259686001019,27,23,4
1000000US500259686001020,0,0,0
1000000US500259686001021,45,43,2
1000000US500259686001022,29,27,2
1000000US500259686001023,0,0,0
1000000US500259686001024,9,8,1
1000000US500259686001025,0,0,0
1000000US500259686001026,0,0,0
1000000US500259686001027,16,16,0
1000000US500259686001028,0,0,0
1000000US500259686001029,43,41,2
1000000US500259686001030,13,13,0
1000000US500259686001031,0,0,0
1000000US500259686001032,18,18,0
1000000US500259686001033,35,31,4
1000000US500259686001034,0,0,0
1000000US500259686001035,0,0,0
1000000US500259686001036,6,5,1
1000000US500259686001037,24,23,1
1000000US500259686001038,30,26,4
1000000US500259686001039,57,56,1
1000000US500259686001040,13,13,0
1000000US500259686001041,0,0,0
1000000US500259686002000,0,0,0
1000000US500259686002001,0,0,0
1000000US500259686002002,0,0,0
1000000US500259686002003,0,0,0
1000000US500259686002004,0,0,0
1000000US500259686002005,0,0,0
1000000US500259686002006,27,25,2
1000000US500259686002007,0,0,0
1000000US500259686002008,0,0,0
1000000US500259686002009,12,11,1
1000000US500259686002010,0,0,0
1000000US500259686002011,17,16,1
1000000US500259686002012,0,0,0
1000000US500259686002013,1,0,1
1000000US500259686002014,24,20,4
1000000US500259686002015,1,1,0
1000000US500259686002016,6,3,3
1000000US500259686002017,0,0,0
1000000US500259686002018,0,0,0
1000000US500259686002019,0,0,0
1000000US500259686002020,0,0,0
1000000US500259686002021,69,66,3
1000000US500259686002022,0,0,0
1000000US500259686002023,15,13,2
1000000US500259686002024,0,0,0
1000000US500259686002025,8,7,1
1000000US500259686002026,0,0,0
1000000US500259686002027,0,0,0
1000000US500259686002028,0,0,0
1000000US500259686002029,0,0,0
1000000US500259686002030,0,0,0
1000000US500259686002031,7,6,1
1000000US500259686002032,1,1,0
1000000US500259686002033,0,0,0
1000000US500259686002034,0,0,0
1000000US500259686002035,0,0,0
1000000US500259686002036,0,0,0
1000000US500259686002037,0,0,0
1000000US500259686002038,0,0,0
1000000US500259686002039,0,0,0
1000000US500259686002040,3,0,3
1000000US500259686002041,3,3,0
1000000US500259686002042,0,0,0
1000000US500259686002043,12,12,0
1000000US500259686002044,8,8,0
1000000US500259686002045,81,79,2
1000000US500259686002046,0,0,0
1000000US500259686002047,0,0,0
1000000US500259686002048,0,0,0
1000000US500259686002049,0,0,0
1000000US500259686002050,0,0,0
1000000US500259686002051,0,0,0
1000000US500259686002052,0,0,0
1000000US500259686002053,5,2,3
1000000US500259686002054,14,13,1
1000000US500259686002055,0,0,0
1000000US500259686002056,15,15,0
1000000US500259686002057,0,0,0
1000000US500259686002058,110,103,7
1000000US500259686002059,16,15,1
1000000US500259686002060,24,24,0
1000000US500259686002061,25,22,3
1000000US500259686002062,0,0,0
1000000US500259686002063,0,0,0
1000000US500259686002064,8,7,1
1000000US500259686002065,0,0,0
1000000US500259686002066,40,39,1
1000000US500259686002067,2,2,0
1000000US500259686002068,31,31,0
1000000US500259686002069,0,0,0
1000000US500259686002070,0,0,0
1000000US500259687001000,22,20,2
1000000US500259687001001,20,18,2
1000000US500259687001002,1,1,0
1000000US500259687001003,8,7,1
1000000US500259687001004,0,0,0
1000000US500259687001005,2,2,0
1000000US500259687001006,1,1,0
1000000US500259687001007,0,0,0
1000000US500259687001008,20,17,3
1000000US500259687001009,13,12,1
1000000US500259687001010,2,0,2
1000000US500259687001011,14,13,1
1000000US500259687001012,0,0,0
1000000US500259687001013,1,1,0
1000000US500259687001014,49,43,6
1000000US500259687001015,1,1,0
1000000US500259687001016,2,2,0
1000000US500259687001017,0,0,0
1000000US500259687001018,22,20,2
1000000US500259687001019,130,120,10
1000000US500259687001020,0,0,0
1000000US500259687001021,12,12,0
1000000US500259687001022,0,0,0
1000000US500259687001023,1,0,1
1000000US500259687001024,44,38,6
1000000US500259687001025,0,0,0
1000000US500259687001026,0,0,0
1000000US500259687001027,1,1,0
1000000US500259687001028,2,1,1
1000000US500259687001029,12,11,1
1000000US500259687001030,0,0,0
1000000US500259687001031,1,1,0
1000000US500259687001032,2,2,0
1000000US500259687001033,28,18,10
1000000US500259687001034,0,0,0
1000000US500259687001035,87,68,19
1000000US500259687001036,0,0,0
1000000US500259687001037,0,0,0
1000000US500259687001038,5,2,3
1000000US500259687001039,4,1,3
1000000US500259687001040,22,19,3
1000000US500259687001041,17,13,4
1000000US500259687001042,2,2,0
1000000US500259687001043,9,7,2
1000000US500259687001044,6,2,4
1000000US500259687001045,0,0,0
1000000US500259687001046,2,1,1
1000000US500259687001047,3,3,0
1000000US500259687001048,0,0,0
1000000US500259687001049,0,0,0
1000000US500259687002000,4,0,4
1000000US500259687002001,0,0,0
1000000US500259687002002,4,3,1
1000000US500259687002003,7,7,0
1000000US500259687002004,1,1,0
1000000US500259687002005,46,45,1
1000000US500259687002006,0,0,0
1000000US500259687002007,17,16,1
1000000US500259687002008,14,14,0
1000000US500259687002009,0,0,0
1000000US500259687002010,26,25,1
1000000US500259687002011,0,0,0
1000000US500259687002012,0,0,0
1000000US500259687002013,8,8,0
1000000US500259687002014,37,33,4
1000000US500259687002015,7,7,0
1000000US500259687002016,15,13,2
1000000US500259687002017,7,6,1
1000000US500259687002018,3,2,1
1000000US500259687002019,2,1,1
1000000US500259687002020,166,146,20
1000000US500259687002021,5,5,0
1000000US500259687002022,1,1,0
1000000US500259687002023,5,3,2
1000000US500259687002024,0,0,0
1000000US500259687002025,2,2,0
1000000US500259687002026,0,0,0
1000000US500259687002027,3,3,0
1000000US500259687002028,0,0,0
1000000US500259687002029,0,0,0
1000000US500259687002030,0,0,0
1000000US500259687002031,0,0,0
1000000US500259687002032,14,12,2
1000000US500259687002033,9,8,1
1000000US500259687002034,15,14,1
1000000US500259687002035,14,14,0
1000000US500259687002036,0,0,0
1000000US500259687002037,0,0,0
1000000US500259687002038,1,1,0
1000000US500259687002039,0,0,0
1000000US500259687002040,1,1,0
1000000US500259687002041,0,0,0
1000000US500259687002042,0,0,0
1000000US500259687002043,12,12,0
1000000US500259687002044,2,1,1
1000000US500259687002045,0,0,0
1000000US500259687002046,0,0,0
1000000US500259687002047,0,0,0
1000000US500259687002048,3,3,0
1000000US500259687002049,1,1,0
1000000US500259687002050,0,0,0
1000000US500259687002051,0,0,0
1000000US500259687002052,0,0,0
1000000US500259687002053,0,0,0
1000000US500259687002054,0,0,0
1000000US500259687002055,0,0,0
1000000US500259687002056,0,0,0
1000000US500259687002057,0,0,0
1000000US500259687002058,0,0,0
1000000US500259687002059,3,3,0
1000000US500259687002060,11,9,2
1000000US500259687002061,2,0,2
1000000US500259687002062,1,1,0
1000000US500259687002063,1,1,0
1000000US500259687002064,0,0,0
1000000US500259687003000,0,0,0
1000000US500259687003001,5,4,1
1000000US500259687003002,5,5,0
1000000US500259687003003,44,42,2
1000000US500259687003004,11,11,0
1000000US500259687003005,2,2,0
1000000US500259687003006,0,0,0
1000000US500259687003007,11,11,0
1000000US500259687003008,1,1,0
1000000US500259687003009,3,3,0
1000000US500259687003010,0,0,0
1000000US500259687003011,3,3,0
1000000US500259687003012,1,1,0
1000000US500259687003013,0,0,0
1000000US500259687003014,0,0,0
1000000US500259687003015,0,0,0
1000000US500259687003016,0,0,0
1000000US500259687003017,0,0,0
1000000US500259687003018,0,0,0
1000000US500259687003019,1,1,0
1000000US500259687003020,5,5,0
1000000US500259687003021,0,0,0
1000000US500259687003022,0,0,0
1000000US500259687003023,52,50,2
1000000US500259687003024,7,5,2
1000000US500259687003025,0,0,0
1000000US500259687003026,0,0,0
1000000US500259687003027,4,4,0
1000000US500259687003028,2,2,0
1000000US500259687003029,28,26,2
1000000US500259687003030,0,0,0
1000000US500259687003031,0,0,0
1000000US500259687003032,0,0,0
1000000US500259687003033,26,23,3
1000000US500259687003034,0,0,0
1000000US500259687003035,0,0,0
1000000US500259687003036,0,0,0
1000000US500259687003037,46,44,2
1000000US500259687003038,6,5,1
1000000US500259687003039,12,10,2
1000000US500259687003040,6,6,0
1000000US500259687003041,0,0,0
1000000US500259687003042,24,21,3
1000000US500259687003043,0,0,0
1000000US500259687003044,6,5,1
1000000US500259687003045,2,2,0
1000000US500259687003046,68,67,1
1000000US500259687003047,80,77,3
1000000US500259687003048,0,0,0
1000000US500259687003049,33,27,6
1000000US500259687003050,2,2,0
1000000US500259687003051,28,28,0
1000000US500259687003052,0,0,0
1000000US500259687003053,3,3,0
1000000US500259687003054,62,59,3
1000000US500259687003055,0,0,0
1000000US500259687003056,4,3,1
1000000US500259687003057,0,0,0
1000000US500259687003058,2,1,1
1000000US500259687003059,0,0,0
1000000US500259687003060,1,1,0
1000000US500259687003061,23,23,0
1000000US500259687003062,121,116,5
1000000US500259687003063,1,1,0
1000000US500259687003064,0,0,0
1000000US500259687003065,0,0,0
1000000US500259687003066,1,1,0
1000000US500259687003067,10,9,1
1000000US500259687003068,0,0,0
1000000US500259687003069,29,29,0
1000000US500259687003070,2,2,0
1000000US500259687003071,3,3,0
1000000US500259687003072,16,13,3
1000000US500259687003073,1,1,0
1000000US500259687003074,4,3,1
1000000US500259687003075,19,19,0
1000000US500259687003076,1,1,0
1000000US500259687003077,2,2,0
1000000US500259687003078,0,0,0
1000000US500259687003079,7,6,1
1000000US500259687003080,21,21,0
1000000US500259687003081,6,2,4
1000000US500259687003082,0,0,0
1000000US500259687003083,4,4,0
1000000US500259687003084,1,1,0
1000000US500259687003085,5,3,2
1000000US500259687003086,0,0,0
1000000US500259687003087,30,27,3
1000000US500259687003088,21,18,3
1000000US500259687003089,0,0,0
1000000US500259687003090,0,0,0
1000000US500279650001000,10,8,2
1000000US500279650001001,0,0,0
1000000US500279650001002,0,0,0
1000000US500279650001003,8,8,0
1000000US500279650001004,0,0,0
1000000US500279650001005,1,1,0
1000000US500279650001006,13,13,0
1000000US500279650001007,3,3,0
1000000US500279650001008,0,0,0
1000000US500279650001009,8,8,0
1000000US500279650001010,10,5,5
1000000US500279650001011,1,1,0
1000000US500279650001012,9,8,1
1000000US500279650001013,1,1,0
1000000US500279650001014,12,10,2
1000000US500279650001015,0,0,0
1000000US500279650001016,9,8,1
1000000US500279650001017,1,0,1
1000000US500279650001018,1,1,0
1000000US500279650001019,0,0,0
1000000US500279650001020,0,0,0
1000000US500279650001021,0,0,0
1000000US500279650001022,0,0,0
1000000US500279650001023,0,0,0
1000000US500279650001024,0,0,0
1000000US500279650001025,0,0,0
1000000US500279650001026,5,4,1
1000000US500279650001027,0,0,0
1000000US500279650001028,0,0,0
1000000US500279650001029,0,0,0
1000000US500279650001030,8,7,1
1000000US500279650001031,14,10,4
1000000US500279650001032,18,16,2
1000000US500279650001033,1,0,1
1000000US500279650001034,1,1,0
1000000US500279650001035,0,0,0
1000000US500279650001036,11,10,1
1000000US500279650001037,0,0,0
1000000US500279650001038,0,0,0
1000000US500279650001039,34,32,2
1000000US500279650001040,1,1,0
1000000US500279650001041,1,1,0
1000000US500279650001042,0,0,0
1000000US500279650001043,0,0,0
1000000US500279650001044,1,1,0
1000000US500279650001045,9,7,2
1000000US500279650001046,42,38,4
1000000US500279650001047,1,1,0
1000000US500279650001048,0,0,0
1000000US500279650001049,42,36,6
1000000US500279650001050,15,14,1
1000000US500279650001051,0,0,0
1000000US500279650001052,1,1,0
1000000US500279650001053,0,0,0
1000000US500279650001054,1,1,0
1000000US500279650001055,0,0,0
1000000US500279650001056,11,10,1
1000000US500279650001057,1,1,0
1000000US500279650001058,0,0,0
1000000US500279650001059,0,0,0
1000000US500279650001060,0,0,0
1000000US500279650001061,0,0,0
1000000US500279650001062,0,0,0
1000000US500279650001063,7,7,0
1000000US500279650001064,0,0,0
1000000US500279650001065,0,0,0
1000000US500279650001066,125,114,11
1000000US500279650001067,2,2,0
1000000US500279650001068,2,2,0
1000000US500279650001069,7,7,0
1000000US500279650001070,14,11,3
1000000US500279650001071,14,14,0
1000000US500279650001072,8,6,2
1000000US500279650001073,0,0,0
1000000US500279650001074,25,20,5
1000000US500279650001075,4,3,1
1000000US500279650001076,4,3,1
1000000US500279650001077,4,3,1
1000000US500279650001078,4,4,0
1000000US500279650001079,3,3,0
1000000US500279650001080,0,0,0
1000000US500279650001081,0,0,0
1000000US500279650001082,2,2,0
1000000US500279650001083,0,0,0
1000000US500279650001084,13,12,1
1000000US500279650001085,0,0,0
1000000US500279650001086,7,7,0
1000000US500279650001087,0,0,0
1000000US500279650001088,22,18,4
1000000US500279650001089,3,3,0
1000000US500279650001090,0,0,0
1000000US500279650001091,0,0,0
1000000US500279650001092,0,0,0
1000000US500279650001093,0,0,0
1000000US500279650001094,0,0,0
1000000US500279650001095,0,0,0
1000000US500279650001096,0,0,0
1000000US500279650001097,1,1,0
1000000US500279650001098,0,0,0
1000000US500279650001099,25,24,1
1000000US500279650001100,0,0,0
1000000US500279650001101,0,0,0
1000000US500279650001102,3,3,0
1000000US500279650001103,0,0,0
1000000US500279650001104,0,0,0
1000000US500279650001105,0,0,0
1000000US500279650001106,0,0,0
1000000US500279650002000,5,4,1
1000000US500279650002001,30,26,4
1000000US500279650002002,21,20,1
1000000US500279650002003,0,0,0
1000000US500279650002004,0,0,0
1000000US500279650002005,132,119,13
1000000US500279650002006,0,0,0
1000000US500279650002007,6,6,0
1000000US500279650002008,4,4,0
1000000US500279650002009,5,5,0
1000000US500279650002010,3,3,0
1000000US500279650002011,1,1,0
1000000US500279650002012,40,30,10
1000000US500279650002013,1,1,0
1000000US500279650002014,0,0,0
1000000US500279650002015,0,0,0
1000000US500279650002016,7,7,0
1000000US500279650002017,1,1,0
1000000US500279650002018,0,0,0
1000000US500279650002019,5,5,0
1000000US500279650002020,3,1,2
1000000US500279650002021,0,0,0
1000000US500279650002022,1,1,0
1000000US500279650002023,1,1,0
1000000US500279650002024,1,1,0
1000000US500279650002025,15,11,4
1000000US500279650002026,0,0,0
1000000US500279650002027,13,12,1
1000000US500279650002028,26,22,4
1000000US500279650002029,0,0,0
1000000US500279650002030,0,0,0
1000000US500279650002031,0,0,0
1000000US500279650002032,1,1,0
1000000US500279650002033,7,7,0
1000000US500279650002034,7,5,2
1000000US500279650002035,2,2,0
1000000US500279650002036,0,0,0
1000000US500279650002037,32,30,2
1000000US500279650002038,20,18,2
1000000US500279650002039,4,4,0
1000000US500279650002040,1,1,0
1000000US500279650002041,0,0,0
1000000US500279650002042,1,1,0
1000000US500279650002043,2,2,0
1000000US500279650002044,1,1,0
1000000US500279650002045,0,0,0
1000000US500279650002046,2,2,0
1000000US500279650002047,0,0,0
1000000US500279650002048,2,2,0
1000000US500279650002049,0,0,0
1000000US500279650002050,10,10,0
1000000US500279650002051,90,78,12
1000000US500279650002052,0,0,0
1000000US500279650002053,3,2,1
1000000US500279650002054,32,28,4
1000000US500279650002055,0,0,0
1000000US500279650002056,0,0,0
1000000US500279650002057,11,8,3
1000000US500279650002058,18,18,0
1000000US500279650002059,41,38,3
1000000US500279650002060,0,0,0
1000000US500279650002061,0,0,0
1000000US500279650002062,5,4,1
1000000US500279650002063,7,7,0
1000000US500279650002064,2,1,1
1000000US500279650002065,26,20,6
1000000US500279650002066,1,1,0
1000000US500279650002067,3,3,0
1000000US500279650002068,7,7,0
1000000US500279650002069,0,0,0
1000000US500279650002070,0,0,0
1000000US500279650002071,1,1,0
1000000US500279650002072,0,0,0
1000000US500279650002073,0,0,0
1000000US500279650002074,0,0,0
1000000US500279650002075,31,28,3
1000000US500279650002076,0,0,0
1000000US500279650002077,4,3,1
1000000US500279650002078,19,19,0
1000000US500279650002079,19,18,1
1000000US500279650002080,11,10,1
1000000US500279650002081,21,18,3
1000000US500279650002082,8,8,0
1000000US500279650002083,0,0,0
1000000US500279650002084,35,33,2
1000000US500279650002085,2,2,0
1000000US500279650002086,11,10,1
1000000US500279650002087,61,58,3
1000000US500279650002088,0,0,0
1000000US500279650002089,0,0,0
1000000US500279650002090,7,6,1
1000000US500279650002091,6,6,0
1000000US500279650002092,11,9,2
1000000US500279650002093,3,3,0
1000000US500279650002094,2,1,1
1000000US500279650002095,0,0,0
1000000US500279650002096,0,0,0
1000000US500279650002097,0,0,0
1000000US500279650002098,0,0,0
1000000US500279650002099,0,0,0
1000000US500279650002100,26,24,2
1000000US500279650002101,2,2,0
1000000US500279650002102,8,7,1
1000000US500279650002103,1,1,0
1000000US500279650002104,0,0,0
1000000US500279650002105,1,1,0
1000000US500279651001000,21,11,10
1000000US500279651001001,50,40,10
1000000US500279651001002,0,0,0
1000000US500279651001003,23,20,3
1000000US500279651001004,0,0,0
1000000US500279651001005,14,13,1
1000000US500279651001006,0,0,0
1000000US500279651001007,0,0,0
1000000US500279651001008,72,65,7
1000000US500279651001009,3,3,0
1000000US500279651001010,0,0,0
1000000US500279651001011,11,10,1
1000000US500279651001012,12,11,1
1000000US500279651001013,4,3,1
1000000US500279651001014,2,2,0
1000000US500279651001015,0,0,0
1000000US500279651001016,0,0,0
1000000US500279651001017,0,0,0
1000000US500279651001018,0,0,0
1000000US500279651001019,0,0,0
1000000US500279651001020,0,0,0
1000000US500279651001021,0,0,0
1000000US500279651001022,0,0,0
1000000US500279651001023,2,2,0
1000000US500279651001024,1,1,0
1000000US500279651001025,131,126,5
1000000US500279651001026,0,0,0
1000000US500279651001027,3,3,0
1000000US500279651001028,0,0,0
1000000US500279651001029,0,0,0
1000000US500279651001030,28,27,1
1000000US500279651001031,12,12,0
1000000US500279651001032,0,0,0
1000000US500279651001033,0,0,0
1000000US500279651001034,0,0,0
1000000US500279651001035,132,120,12
1000000US500279651001036,0,0,0
1000000US500279651001037,0,0,0
1000000US500279651001038,0,0,0
1000000US500279651001039,31,30,1
1000000US500279651001040,0,0,0
1000000US500279651002000,4,3,1
1000000US500279651002001,0,0,0
1000000US500279651002002,1,1,0
1000000US500279651002003,0,0,0
1000000US500279651002004,4,4,0
1000000US500279651002005,1,1,0
1000000US500279651002006,2,2,0
1000000US500279651002007,6,6,0
1000000US500279651002008,0,0,0
1000000US500279651002009,63,53,10
1000000US500279651002010,0,0,0
1000000US500279651002011,3,3,0
1000000US500279651002012,2,2,0
1000000US500279651002013,21,17,4
1000000US500279651002014,1,1,0
1000000US500279651002015,3,3,0
1000000US500279651002016,4,4,0
1000000US500279651002017,64,51,13
1000000US500279651002018,4,4,0
1000000US500279651002019,2,2,0
1000000US500279651002020,9,8,1
1000000US500279651002021,0,0,0
1000000US500279651002022,0,0,0
1000000US500279651002023,14,14,0
1000000US500279651002024,0,0,0
1000000US500279651002025,0,0,0
1000000US500279651002026,0,0,0
1000000US500279651002027,0,0,0
1000000US500279651002028,0,0,0
1000000US500279651002029,5,3,2
1000000US500279651002030,0,0,0
1000000US500279651002031,2,2,0
1000000US500279651002032,1,1,0
1000000US500279651002033,0,0,0
1000000US500279651002034,2,2,0
1000000US500279651002035,14,12,2
1000000US500279651002036,0,0,0
1000000US500279651002037,0,0,0
1000000US500279651002038,38,35,3
1000000US500279651002039,0,0,0
1000000US500279651002040,6,6,0
1000000US500279651002041,0,0,0
1000000US500279651002042,0,0,0
1000000US500279651002043,81,75,6
1000000US500279651002044,3,3,0
1000000US500279651002045,13,13,0
1000000US500279651002046,0,0,0
1000000US500279651002047,14,10,4
1000000US500279651002048,0,0,0
1000000US500279651002049,0,0,0
1000000US500279651002050,7,7,0
1000000US500279651002051,0,0,0
1000000US500279651002052,8,8,0
1000000US500279651002053,0,0,0
1000000US500279651002054,49,40,9
1000000US500279651002055,4,4,0
1000000US500279651002056,1,1,0
1000000US500279651002057,0,0,0
1000000US500279651002058,28,22,6
1000000US500279651002059,0,0,0
1000000US500279651002060,0,0,0
1000000US500279651002061,0,0,0
1000000US500279651002062,0,0,0
1000000US500279651002063,2,2,0
1000000US500279651002064,5,5,0
1000000US500279651002065,0,0,0
1000000US500279651002066,2,2,0
1000000US500279651002067,0,0,0
1000000US500279651002068,0,0,0
1000000US500279651002069,0,0,0
1000000US500279651002070,5,4,1
1000000US500279651002071,2,2,0
1000000US500279651002072,0,0,0
1000000US500279651002073,1,1,0
1000000US500279651002074,0,0,0
1000000US500279651002075,3,2,1
1000000US500279651002076,1,1,0
1000000US500279651002077,0,0,0
1000000US500279651002078,0,0,0
1000000US500279651002079,0,0,0
1000000US500279651002080,0,0,0
1000000US500279651002081,0,0,0
1000000US500279651002082,0,0,0
1000000US500279651002083,15,15,0
1000000US500279651002084,0,0,0
1000000US500279651002085,0,0,0
1000000US500279651002086,4,2,2
1000000US500279651002087,0,0,0
1000000US500279651002088,0,0,0
1000000US500279651002089,0,0,0
1000000US500279651002090,0,0,0
1000000US500279651002091,0,0,0
1000000US500279651002092,0,0,0
1000000US500279651002093,0,0,0
1000000US500279651003000,0,0,0
1000000US500279651003001,4,4,0
1000000US500279651003002,2,2,0
1000000US500279651003003,5,5,0
1000000US500279651003004,7,5,2
1000000US500279651003005,0,0,0
1000000US500279651003006,0,0,0
1000000US500279651003007,0,0,0
1000000US500279651003008,0,0,0
1000000US500279651003009,0,0,0
1000000US500279651003010,0,0,0
1000000US500279651003011,0,0,0
1000000US500279651003012,0,0,0
1000000US500279651003013,0,0,0
1000000US500279651003014,41,36,5
1000000US500279651003015,0,0,0
1000000US500279651003016,0,0,0
1000000US500279651003017,2,2,0
1000000US500279651003018,0,0,0
1000000US500279651003019,11,11,0
1000000US500279651003020,4,4,0
1000000US500279651003021,0,0,0
1000000US500279651003022,5,5,0
1000000US500279651003023,0,0,0
1000000US500279651003024,0,0,0
1000000US500279651003025,0,0,0
1000000US500279651003026,1,1,0
1000000US500279651003027,0,0,0
1000000US500279651003028,0,0,0
1000000US500279651003029,26,23,3
1000000US500279651003030,0,0,0
1000000US500279651003031,0,0,0
1000000US500279651003032,33,24,9
1000000US500279651003033,1,1,0
1000000US500279651003034,0,0,0
1000000US500279651003035,1,1,0
1000000US500279651003036,44,38,6
1000000US500279651003037,0,0,0
1000000US500279651003038,17,15,2
1000000US500279651003039,8,5,3
1000000US500279651003040,11,10,1
1000000US500279651003041,10,9,1
1000000US500279651003042,1,1,0
1000000US500279651003043,19,14,5
1000000US500279651003044,11,9,2
1000000US500279651003045,0,0,0
1000000US500279651003046,17,15,2
1000000US500279651003047,12,7,5
1000000US500279651003048,0,0,0
1000000US500279651003049,59,48,11
1000000US500279651003050,0,0,0
1000000US500279651003051,5,5,0
1000000US500279651003052,0,0,0
1000000US500279651003053,0,0,0
1000000US500279651003054,2,2,0
1000000US500279651003055,0,0,0
1000000US500279651003056,11,9,2
1000000US500279651003057,1,1,0
1000000US500279651003058,1,0,1
1000000US500279651003059,6,5,1
1000000US500279651003060,2,2,0
1000000US500279651003061,7,7,0
1000000US500279651003062,2,2,0
1000000US500279651003063,0,0,0
1000000US500279651003064,0,0,0
1000000US500279651003065,4,1,3
1000000US500279651003066,1,0,1
1000000US500279651003067,0,0,0
1000000US500279651003068,1,1,0
1000000US500279652001000,10,9,1
1000000US500279652001001,6,5,1
1000000US500279652001002,1,1,0
1000000US500279652001003,9,5,4
1000000US500279652001004,0,0,0
1000000US500279652001005,1,0,1
1000000US500279652001006,11,10,1
1000000US500279652001007,0,0,0
1000000US500279652001008,13,10,3
1000000US500279652001009,0,0,0
1000000US500279652001010,27,17,10
1000000US500279652001011,16,14,2
1000000US500279652001012,0,0,0
1000000US500279652001013,0,0,0
1000000US500279652001014,2,2,0
1000000US500279652001015,4,4,0
1000000US500279652001016,24,23,1
1000000US500279652001017,0,0,0
1000000US500279652001018,0,0,0
1000000US500279652001019,0,0,0
1000000US500279652001020,1,1,0
1000000US500279652001021,6,6,0
1000000US500279652001022,0,0,0
1000000US500279652001023,2,1,1
1000000US500279652001024,0,0,0
1000000US500279652001025,8,7,1
1000000US500279652001026,4,3,1
1000000US500279652001027,0,0,0
1000000US500279652001028,9,8,1
1000000US500279652001029,0,0,0
1000000US500279652001030,13,12,1
1000000US500279652001031,2,2,0
1000000US500279652001032,0,0,0
1000000US500279652001033,112,93,19
1000000US500279652001034,3,3,0
1000000US500279652001035,1,1,0
1000000US500279652001036,9,8,1
1000000US500279652001037,0,0,0
1000000US500279652001038,5,5,0
1000000US500279652001039,36,33,3
1000000US500279652001040,0,0,0
1000000US500279652001041,0,0,0
1000000US500279652001042,2,1,1
1000000US500279652001043,0,0,0
1000000US500279652001044,0,0,0
1000000US500279652001045,0,0,0
1000000US500279652001046,1,1,0
1000000US500279652001047,0,0,0
1000000US500279652001048,0,0,0
1000000US500279652001049,6,6,0
1000000US500279652001050,0,0,0
1000000US500279652001051,0,0,0
1000000US500279652001052,20,19,1
1000000US500279652001053,8,5,3
1000000US500279652001054,0,0,0
1000000US500279652001055,0,0,0
1000000US500279652001056,0,0,0
1000000US500279652001057,8,7,1
1000000US500279652001058,1,0,1
1000000US500279652001059,0,0,0
1000000US500279652001060,0,0,0
1000000US500279652001061,0,0,0
1000000US500279652001062,0,0,0
1000000US500279652001063,0,0,0
1000000US500279652001064,5,5,0
1000000US500279652001065,33,32,1
1000000US500279652001066,1,1,0
1000000US500279652001067,17,16,1
1000000US500279652001068,8,7,1
1000000US500279652001069,0,0,0
1000000US500279652001070,0,0,0
1000000US500279652001071,0,0,0
1000000US500279652001072,31,29,2
1000000US500279652001073,14,12,2
1000000US500279652001074,2,2,0
1000000US500279652001075,0,0,0
1000000US500279652001076,6,6,0
1000000US500279652001077,0,0,0
1000000US500279652001078,2,2,0
1000000US500279652001079,0,0,0
1000000US500279652001080,17,14,3
1000000US500279652001081,5,4,1
1000000US500279652001082,2,2,0
1000000US500279652001083,6,5,1
1000000US500279652001084,0,0,0
1000000US500279652001085,1,1,0
1000000US500279652001086,0,0,0
1000000US500279652001087,15,11,4
1000000US500279652001088,3,3,0
1000000US500279652002000,36,24,12
1000000US500279652002001,28,17,11
1000000US500279652002002,12,3,9
1000000US500279652002003,2,2,0
1000000US500279652002004,6,3,3
1000000US500279652002005,1,1,0
1000000US500279652002006,47,36,11
1000000US500279652002007,1,0,1
1000000US500279652002008,0,0,0
1000000US500279652002009,0,0,0
1000000US500279652002010,0,0,0
1000000US500279652002011,0,0,0
1000000US500279652002012,1,1,0
1000000US500279652002013,10,8,2
1000000US500279652002014,3,3,0
1000000US500279652002015,1,0,1
1000000US500279652002016,11,8,3
1000000US500279652002017,1,1,0
1000000US500279652002018,0,0,0
1000000US500279652002019,39,23,16
1000000US500279652002020,0,0,0
1000000US500279652002021,7,5,2
1000000US500279652002022,8,6,2
1000000US500279652002023,0,0,0
1000000US500279652002024,4,2,2
1000000US500279652002025,0,0,0
1000000US500279652002026,16,15,1
1000000US500279652002027,0,0,0
1000000US500279652002028,0,0,0
1000000US500279652002029,3,3,0
1000000US500279652002030,0,0,0
1000000US500279652002031,9,6,3
1000000US500279652002032,0,0,0
1000000US500279652002033,0,0,0
1000000US500279652002034,0,0,0
1000000US500279652002035,2,0,2
1000000US500279652002036,2,1,1
1000000US500279652002037,0,0,0
1000000US500279652002038,12,10,2
1000000US500279652002039,0,0,0
1000000US500279652002040,65,49,16
1000000US500279652002041,0,0,0
1000000US500279652002042,2,1,1
1000000US500279652002043,5,5,0
1000000US500279652002044,1,0,1
1000000US500279652002045,4,4,0
1000000US500279652002046,2,1,1
1000000US500279652002047,9,9,0
1000000US500279652002048,5,5,0
1000000US500279652002049,1,1,0
1000000US500279652002050,1,1,0
1000000US500279652002051,0,0,0
1000000US500279652002052,0,0,0
1000000US500279652002053,3,2,1
1000000US500279652002054,2,2,0
1000000US500279652002055,19,16,3
1000000US500279652002056,5,4,1
1000000US500279652002057,6,6,0
1000000US500279652002058,0,0,0
1000000US500279652002059,0,0,0
1000000US500279652002060,0,0,0
1000000US500279652002061,0,0,0
1000000US500279652002062,6,5,1
1000000US500279652002063,0,0,0
1000000US500279652002064,0,0,0
1000000US500279652002065,0,0,0
1000000US500279652002066,0,0,0
1000000US500279652002067,0,0,0
1000000US500279652002068,12,8,4
1000000US500279652002069,1,0,1
1000000US500279652002070,1,1,0
1000000US500279652002071,0,0,0
1000000US500279652002072,4,1,3
1000000US500279652002073,10,7,3
1000000US500279652002074,21,15,6
1000000US500279652002075,0,0,0
1000000US500279652002076,0,0,0
1000000US500279652002077,31,26,5
1000000US500279652002078,0,0,0
1000000US500279652002079,0,0,0
1000000US500279652002080,8,7,1
1000000US500279652002081,2,2,0
1000000US500279652002082,0,0,0
1000000US500279652002083,1,0,1
1000000US500279652002084,0,0,0
1000000US500279652002085,117,50,67
1000000US500279652002086,9,3,6
1000000US500279652002087,0,0,0
1000000US500279652002088,3,2,1
1000000US500279652002089,3,1,2
1000000US500279652002090,5,1,4
1000000US500279652002091,1,1,0
1000000US500279652002092,0,0,0
1000000US500279652002093,6,5,1
1000000US500279652002094,0,0,0
1000000US500279652002095,5,5,0
1000000US500279652002096,0,0,0
1000000US500279652002097,0,0,0
1000000US500279652002098,0,0,0
1000000US500279652002099,10,5,5
1000000US500279652002100,2,2,0
1000000US500279652002101,0,0,0
1000000US500279652002102,4,0,4
1000000US500279652002103,1,0,1
1000000US500279652002104,0,0,0
1000000US500279652002105,7,4,3
1000000US500279652002106,0,0,0
1000000US500279652002107,0,0,0
1000000US500279652002108,21,8,13
1000000US500279652002109,0,0,0
1000000US500279652002110,0,0,0
1000000US500279652002111,0,0,0
1000000US500279652002112,0,0,0
1000000US500279652002113,0,0,0
1000000US500279652002114,0,0,0
1000000US500279652002115,15,8,7
1000000US500279652002116,0,0,0
1000000US500279652002117,0,0,0
1000000US500279652002118,5,3,2
1000000US500279652002119,11,9,2
1000000US500279652002120,0,0,0
1000000US500279652002121,13,8,5
1000000US500279652002122,17,14,3
1000000US500279652002123,0,0,0
1000000US500279652002124,0,0,0
1000000US500279652002125,0,0,0
1000000US500279652002126,4,3,1
1000000US500279652002127,7,2,5
1000000US500279652002128,9,0,9
1000000US500279652002129,10,8,2
1000000US500279652002130,0,0,0
1000000US500279652002131,0,0,0
1000000US500279652002132,0,0,0
1000000US500279652002133,5,3,2
1000000US500279652002134,1,0,1
1000000US500279652002135,0,0,0
1000000US500279652002136,1,0,1
1000000US500279652002137,20,12,8
1000000US500279652002138,52,40,12
1000000US500279652002139,2,2,0
1000000US500279652002140,1,1,0
1000000US500279652002141,18,16,2
1000000US500279652002142,1,1,0
1000000US500279652002143,0,0,0
1000000US500279652002144,6,4,2
1000000US500279652002145,6,6,0
1000000US500279652002146,8,7,1
1000000US500279652002147,0,0,0
1000000US500279652002148,4,4,0
1000000US500279652002149,0,0,0
1000000US500279652002150,0,0,0
1000000US500279652002151,0,0,0
1000000US500279652002152,0,0,0
1000000US500279652002153,0,0,0
1000000US500279652002154,0,0,0
1000000US500279652002155,3,3,0
1000000US500279652002156,1,1,0
1000000US500279652002157,0,0,0
1000000US500279652002158,23,20,3
1000000US500279652002159,0,0,0
1000000US500279652002160,0,0,0
1000000US500279652002161,4,0,4
1000000US500279652002162,17,8,9
1000000US500279652002163,0,0,0
1000000US500279652002164,0,0,0
1000000US500279652002165,1,1,0
1000000US500279652002166,2,1,1
1000000US500279652002167,1,1,0
1000000US500279652002168,41,28,13
1000000US500279652002169,1,0,1
1000000US500279652002170,0,0,0
1000000US500279652002171,15,14,1
1000000US500279652002172,0,0,0
1000000US500279652002173,3,3,0
1000000US500279652002174,44,41,3
1000000US500279652002175,2,2,0
1000000US500279652002176,0,0,0
1000000US500279652002177,2,2,0
1000000US500279652002178,0,0,0
1000000US500279652002179,28,26,2
1000000US500279652002180,0,0,0
1000000US500279652002181,7,4,3
1000000US500279652002182,0,0,0
1000000US500279652002183,0,0,0
1000000US500279652002184,0,0,0
1000000US500279652002185,0,0,0
1000000US500279652002186,0,0,0
1000000US500279652002187,0,0,0
1000000US500279652002188,0,0,0
1000000US500279652002189,0,0,0
1000000US500279652002190,0,0,0
1000000US500279652002191,1,1,0
1000000US500279652002192,0,0,0
1000000US500279652002193,3,3,0
1000000US500279652002194,1,1,0
1000000US500279652002195,0,0,0
1000000US500279652002196,3,0,3
1000000US500279652002197,0,0,0
1000000US500279652002198,0,0,0
1000000US500279652002199,5,3,2
1000000US500279652002200,4,4,0
1000000US500279652002201,21,11,10
1000000US500279652002202,2,1,1
1000000US500279652002203,4,3,1
1000000US500279652002204,0,0,0
1000000US500279652002205,0,0,0
1000000US500279652002206,4,2,2
1000000US500279652002207,0,0,0
1000000US500279652002208,0,0,0
1000000US500279652002209,0,0,0
1000000US500279653001000,34,29,5
1000000US500279653001001,0,0,0
1000000US500279653001002,0,0,0
1000000US500279653001003,4,4,0
1000000US500279653001004,0,0,0
1000000US500279653001005,39,34,5
1000000US500279653001006,1,1,0
1000000US500279653001007,24,19,5
1000000US500279653001008,0,0,0
1000000US500279653001009,5,3,2
1000000US500279653001010,66,49,17
1000000US500279653001011,0,0,0
1000000US500279653001012,11,9,2
1000000US500279654001000,0,0,0
1000000US500279654001001,2,2,0
1000000US500279654001002,1,0,1
1000000US500279654001003,27,20,7
1000000US500279654001004,0,0,0
1000000US500279654001005,0,0,0
1000000US500279654001006,0,0,0
1000000US500279654001007,3,3,0
1000000US500279654001008,22,19,3
1000000US500279654001009,0,0,0
1000000US500279654001010,0,0,0
1000000US500279654001011,0,0,0
1000000US500279654001012,0,0,0
1000000US500279654001013,0,0,0
1000000US500279654001014,3,3,0
1000000US500279654001015,83,62,21
1000000US500279654001016,11,9,2
1000000US500279654001017,1,1,0
1000000US500279654001018,0,0,0
1000000US500279654001019,0,0,0
1000000US500279654001020,0,0,0
1000000US500279654001021,0,0,0
1000000US500279654001022,0,0,0
1000000US500279654001023,64,48,16
1000000US500279654001024,2,2,0
1000000US500279654001025,7,6,1
1000000US500279654001026,1,1,0
1000000US500279654001027,0,0,0
1000000US500279654001028,3,3,0
1000000US500279654001029,15,14,1
1000000US500279654001030,16,12,4
1000000US500279654001031,0,0,0
1000000US500279654001032,3,3,0
1000000US500279654001033,21,20,1
1000000US500279654001034,6,5,1
1000000US500279654001035,25,21,4
1000000US500279654001036,0,0,0
1000000US500279654001037,11,9,2
1000000US500279654001038,1,1,0
1000000US500279654001039,29,25,4
1000000US500279654001040,0,0,0
1000000US500279654001041,0,0,0
1000000US500279654001042,9,6,3
1000000US500279654001043,1,1,0
1000000US500279654001044,1,0,1
1000000US500279654001045,43,40,3
1000000US500279654001046,0,0,0
1000000US500279654001047,0,0,0
1000000US500279654001048,9,9,0
1000000US500279654001049,0,0,0
1000000US500279654001050,0,0,0
1000000US500279654001051,13,12,1
1000000US500279654001052,0,0,0
1000000US500279654001053,0,0,0
1000000US500279654001054,0,0,0
1000000US500279654001055,22,22,0
1000000US500279654001056,0,0,0
1000000US500279654001057,0,0,0
1000000US500279654001058,0,0,0
1000000US500279654001059,3,3,0
1000000US500279654001060,15,14,1
1000000US500279654001061,0,0,0
1000000US500279654001062,9,9,0
1000000US500279654001063,5,5,0
1000000US500279654001064,3,3,0
1000000US500279654001065,4,4,0
1000000US500279654001066,25,20,5
1000000US500279654001067,29,26,3
1000000US500279654001068,4,4,0
1000000US500279654001069,0,0,0
1000000US500279654001070,5,3,2
1000000US500279654001071,0,0,0
1000000US500279654001072,0,0,0
1000000US500279654001073,10,6,4
1000000US500279654001074,1,1,0
1000000US500279654001075,0,0,0
1000000US500279654001076,3,3,0
1000000US500279654001077,0,0,0
1000000US500279654001078,0,0,0
1000000US500279654001079,0,0,0
1000000US500279654001080,0,0,0
1000000US500279654001081,0,0,0
1000000US500279654001082,0,0,0
1000000US500279654001083,0,0,0
1000000US500279654001084,0,0,0
1000000US500279654001085,0,0,0
1000000US500279654001086,0,0,0
1000000US500279654001087,0,0,0
1000000US500279654001088,4,3,1
1000000US500279654001089,11,9,2
1000000US500279654001090,0,0,0
1000000US500279654001091,0,0,0
1000000US500279654001092,6,6,0
1000000US500279654001093,1,1,0
1000000US500279654001094,0,0,0
1000000US500279654001095,3,3,0
1000000US500279654001096,2,2,0
1000000US500279654001097,0,0,0
1000000US500279654001098,16,12,4
1000000US500279654001099,4,4,0
1000000US500279654001100,1,1,0
1000000US500279654001101,46,39,7
1000000US500279654001102,1,1,0
1000000US500279654001103,6,6,0
1000000US500279654001104,0,0,0
1000000US500279654001105,0,0,0
1000000US500279654001106,2,1,1
1000000US500279654001107,0,0,0
1000000US500279654001108,0,0,0
1000000US500279654001109,5,4,1
1000000US500279654001110,3,3,0
1000000US500279654001111,1,1,0
1000000US500279654001112,0,0,0
1000000US500279654001113,0,0,0
1000000US500279654001114,0,0,0
1000000US500279654001115,0,0,0
1000000US500279654001116,0,0,0
1000000US500279654001117,1,0,1
1000000US500279654001118,0,0,0
1000000US500279654001119,1,1,0
1000000US500279654001120,23,20,3
1000000US500279654001121,0,0,0
1000000US500279654001122,0,0,0
1000000US500279654001123,0,0,0
1000000US500279654001124,6,6,0
1000000US500279654001125,2,1,1
1000000US500279654001126,0,0,0
1000000US500279654001127,0,0,0
1000000US500279654001128,0,0,0
1000000US500279654001129,0,0,0
1000000US500279654001130,1,1,0
1000000US500279654001131,2,1,1
1000000US500279654001132,0,0,0
1000000US500279654001133,1,1,0
1000000US500279654001134,2,2,0
1000000US500279654001135,1,1,0
1000000US500279654001136,5,5,0
1000000US500279654001137,0,0,0
1000000US500279654001138,6,5,1
1000000US500279654001139,1,1,0
1000000US500279654001140,0,0,0
1000000US500279654001141,0,0,0
1000000US500279654002000,0,0,0
1000000US500279654002001,8,7,1
1000000US500279654002002,7,6,1
1000000US500279654002003,5,3,2
1000000US500279654002004,5,5,0
1000000US500279654002005,2,2,0
1000000US500279654002006,43,33,10
1000000US500279654002007,0,0,0
1000000US500279654002008,0,0,0
1000000US500279654002009,0,0,0
1000000US500279654002010,2,2,0
1000000US500279654002011,5,5,0
1000000US500279654002012,0,0,0
1000000US500279654002013,3,3,0
1000000US500279654002014,10,9,1
1000000US500279654002015,18,15,3
1000000US500279654002016,3,3,0
1000000US500279654002017,5,3,2
1000000US500279654002018,7,4,3
1000000US500279654002019,16,15,1
1000000US500279654002020,1,1,0
1000000US500279654002021,10,10,0
1000000US500279654002022,9,8,1
1000000US500279654002023,1,1,0
1000000US500279654002024,50,33,17
1000000US500279654002025,0,0,0
1000000US500279654002026,3,1,2
1000000US500279654002027,3,1,2
1000000US500279654002028,23,16,7
1000000US500279654002029,0,0,0
1000000US500279654002030,0,0,0
1000000US500279654002031,4,3,1
1000000US500279654002032,1,1,0
1000000US500279654002033,6,3,3
1000000US500279654002034,58,37,21
1000000US500279654002035,11,7,4
1000000US500279654002036,0,0,0
1000000US500279654002037,0,0,0
1000000US500279654002038,0,0,0
1000000US500279654002039,14,7,7
1000000US500279654002040,0,0,0
1000000US500279654002041,5,5,0
1000000US500279654002042,25,16,9
1000000US500279654002043,1,1,0
1000000US500279654002044,3,2,1
1000000US500279654002045,0,0,0
1000000US500279654002046,0,0,0
1000000US500279654002047,0,0,0
1000000US500279654002048,7,5,2
1000000US500279654002049,2,1,1
1000000US500279654002050,1,1,0
1000000US500279654002051,2,2,0
1000000US500279654002052,0,0,0
1000000US500279654002053,40,31,9
1000000US500279654002054,0,0,0
1000000US500279654002055,0,0,0
1000000US500279654002056,0,0,0
1000000US500279654002057,0,0,0
1000000US500279654002058,1,1,0
1000000US500279654002059,1,1,0
1000000US500279654002060,8,4,4
1000000US500279654002061,27,15,12
1000000US500279654002062,0,0,0
1000000US500279654002063,0,0,0
1000000US500279654002064,4,3,1
1000000US500279654002065,28,18,10
1000000US500279654002066,0,0,0
1000000US500279654002067,0,0,0
1000000US500279654002068,5,4,1
1000000US500279654002069,0,0,0
1000000US500279654002070,0,0,0
1000000US500279654002071,2,2,0
1000000US500279654002072,0,0,0
1000000US500279654002073,0,0,0
1000000US500279654002074,31,24,7
1000000US500279654002075,0,0,0
1000000US500279654002076,0,0,0
1000000US500279654002077,0,0,0
1000000US500279654002078,3,2,1
1000000US500279654002079,1,0,1
1000000US500279654002080,1,1,0
1000000US500279654002081,0,0,0
1000000US500279654002082,7,6,1
1000000US500279654002083,3,2,1
1000000US500279654002084,0,0,0
1000000US500279654002085,0,0,0
1000000US500279654002086,0,0,0
1000000US500279654002087,0,0,0
1000000US500279654002088,0,0,0
1000000US500279654002089,1,1,0
1000000US500279654002090,1,1,0
1000000US500279654002091,1,0,1
1000000US500279654003000,4,3,1
1000000US500279654003001,47,31,16
1000000US500279654003002,1,1,0
1000000US500279654003003,0,0,0
1000000US500279654003004,0,0,0
1000000US500279654003005,3,1,2
1000000US500279654003006,0,0,0
1000000US500279654003007,0,0,0
1000000US500279654003008,23,8,15
1000000US500279654003009,0,0,0
1000000US500279654003010,7,1,6
1000000US500279654003011,5,3,2
1000000US500279654003012,0,0,0
1000000US500279654003013,0,0,0
1000000US500279654003014,29,15,14
1000000US500279654003015,4,3,1
1000000US500279654003016,6,5,1
1000000US500279654003017,3,3,0
1000000US500279654003018,0,0,0
1000000US500279654003019,0,0,0
1000000US500279654003020,0,0,0
1000000US500279654003021,18,8,10
1000000US500279654003022,0,0,0
1000000US500279654003023,1,0,1
1000000US500279654003024,3,2,1
1000000US500279654003025,0,0,0
1000000US500279654003026,0,0,0
1000000US500279654003027,0,0,0
1000000US500279654003028,8,4,4
1000000US500279654003029,18,13,5
1000000US500279654003030,77,49,28
1000000US500279654003031,0,0,0
1000000US500279654003032,0,0,0
1000000US500279654003033,0,0,0
1000000US500279654003034,1,1,0
1000000US500279654003035,1,1,0
1000000US500279654003036,6,5,1
1000000US500279654003037,4,4,0
1000000US500279654003038,0,0,0
1000000US500279654003039,0,0,0
1000000US500279654003040,2,2,0
1000000US500279654003041,12,11,1
1000000US500279654003042,3,2,1
1000000US500279654003043,31,21,10
1000000US500279654003044,0,0,0
1000000US500279654003045,1,1,0
1000000US500279654003046,3,1,2
1000000US500279654003047,12,9,3
1000000US500279654003048,14,10,4
1000000US500279654003049,0,0,0
1000000US500279654003050,11,5,6
1000000US500279654003051,28,19,9
1000000US500279654003052,2,2,0
1000000US500279654003053,4,1,3
1000000US500279654003054,1,1,0
1000000US500279654003055,66,32,34
1000000US500279654003056,0,0,0
1000000US500279654003057,1,0,1
1000000US500279654003058,10,9,1
1000000US500279654003059,0,0,0
1000000US500279654003060,0,0,0
1000000US500279654003061,18,10,8
1000000US500279654003062,0,0,0
1000000US500279654003063,0,0,0
1000000US500279654003064,0,0,0
1000000US500279654003065,1,0,1
1000000US500279654003066,0,0,0
1000000US500279654003067,89,51,38
1000000US500279654003068,1,1,0
1000000US500279654003069,2,2,0
1000000US500279654003070,1,1,0
1000000US500279654003071,0,0,0
1000000US500279654003072,0,0,0
1000000US500279654003073,2,2,0
1000000US500279654003074,2,1,1
1000000US500279654003075,0,0,0
1000000US500279654003076,15,5,10
1000000US500279654003077,37,9,28
1000000US500279654003078,0,0,0
1000000US500279654003079,0,0,0
1000000US500279654003080,0,0,0
1000000US500279654003081,2,0,2
1000000US500279654003082,11,9,2
1000000US500279654003083,0,0,0
1000000US500279654003084,1,1,0
1000000US500279654003085,0,0,0
1000000US500279654003086,37,18,19
1000000US500279654003087,1,0,1
1000000US500279654003088,0,0,0
1000000US500279654003089,2,1,1
1000000US500279654003090,8,7,1
1000000US500279654003091,5,3,2
1000000US500279654003092,0,0,0
1000000US500279654003093,0,0,0
1000000US500279654003094,0,0,0
1000000US500279654003095,1,1,0
1000000US500279654003096,2,2,0
1000000US500279654003097,8,2,6
1000000US500279654003098,0,0,0
1000000US500279654003099,0,0,0
1000000US500279654004000,57,41,16
1000000US500279654004001,0,0,0
1000000US500279654004002,15,5,10
1000000US500279654004003,2,1,1
1000000US500279654004004,3,2,1
1000000US500279654004005,3,3,0
1000000US500279654004006,0,0,0
1000000US500279654004007,0,0,0
1000000US500279654004008,3,2,1
1000000US500279654004009,9,7,2
1000000US500279654004010,31,17,14
1000000US500279654004011,7,3,4
1000000US500279654004012,36,23,13
1000000US500279654004013,2,1,1
1000000US500279654004014,0,0,0
1000000US500279654004015,3,1,2
1000000US500279654004016,3,3,0
1000000US500279654004017,0,0,0
1000000US500279654004018,0,0,0
1000000US500279654004019,1,0,1
1000000US500279654004020,0,0,0
1000000US500279654004021,0,0,0
1000000US500279654004022,0,0,0
1000000US500279654004023,34,27,7
1000000US500279654004024,0,0,0
1000000US500279654004025,46,38,8
1000000US500279654004026,3,3,0
1000000US500279654004027,0,0,0
1000000US500279654004028,0,0,0
1000000US500279654004029,8,6,2
1000000US500279654004030,1,1,0
1000000US500279654004031,2,1,1
1000000US500279654004032,0,0,0
1000000US500279654004033,0,0,0
1000000US500279654004034,0,0,0
1000000US500279654004035,51,24,27
1000000US500279654004036,7,2,5
1000000US500279654004037,45,22,23
1000000US500279654004038,5,4,1
1000000US500279654004039,0,0,0
1000000US500279654004040,1,1,0
1000000US500279654004041,0,0,0
1000000US500279654004042,2,1,1
1000000US500279654004043,7,5,2
1000000US500279654004044,0,0,0
1000000US500279654004045,0,0,0
1000000US500279654004046,2,2,0
1000000US500279654004047,0,0,0
1000000US500279654004048,6,3,3
1000000US500279654004049,0,0,0
1000000US500279654004050,18,12,6
1000000US500279654004051,0,0,0
1000000US500279654004052,1,0,1
1000000US500279654004053,0,0,0
1000000US500279654004054,0,0,0
1000000US500279654004055,5,5,0
1000000US500279654004056,0,0,0
1000000US500279654004057,0,0,0
1000000US500279654004058,2,1,1
1000000US500279654004059,0,0,0
1000000US500279654004060,0,0,0
1000000US500279654004061,0,0,0
1000000US500279654004062,51,22,29
1000000US500279654004063,1,0,1
1000000US500279654004064,2,0,2
1000000US500279654004065,0,0,0
1000000US500279654004066,22,13,9
1000000US500279654004067,2,2,0
1000000US500279654004068,21,19,2
1000000US500279654004069,0,0,0
1000000US500279654004070,4,3,1
1000000US500279654004071,1,1,0
1000000US500279654004072,2,2,0
1000000US500279654004073,14,7,7
1000000US500279654004074,0,0,0
1000000US500279654004075,0,0,0
1000000US500279654004076,0,0,0
1000000US500279654004077,9,3,6
1000000US500279654004078,0,0,0
1000000US500279654004079,0,0,0
1000000US500279654004080,2,0,2
1000000US500279654004081,1,0,1
1000000US500279654004082,0,0,0
1000000US500279655011000,0,0,0
1000000US500279655011001,0,0,0
1000000US500279655011002,0,0,0
1000000US500279655011003,0,0,0
1000000US500279655011004,0,0,0
1000000US500279655011005,0,0,0
1000000US500279655011006,0,0,0
1000000US500279655011007,0,0,0
1000000US500279655011008,0,0,0
1000000US500279655011009,0,0,0
1000000US500279655011010,0,0,0
1000000US500279655011011,37,37,0
1000000US500279655011012,3,3,0
1000000US500279655011013,2,2,0
1000000US500279655011014,5,5,0
1000000US500279655011015,0,0,0
1000000US500279655011016,15,14,1
1000000US500279655011017,0,0,0
1000000US500279655011018,0,0,0
1000000US500279655011019,1,1,0
1000000US500279655011020,0,0,0
1000000US500279655011021,0,0,0
1000000US500279655011022,0,0,0
1000000US500279655011023,3,3,0
1000000US500279655011024,8,8,0
1000000US500279655011025,4,2,2
1000000US500279655011026,0,0,0
1000000US500279655011027,6,3,3
1000000US500279655011028,7,7,0
1000000US500279655011029,2,2,0
1000000US500279655011030,0,0,0
1000000US500279655011031,83,79,4
1000000US500279655011032,0,0,0
1000000US500279655011033,0,0,0
1000000US500279655011034,5,5,0
1000000US500279655011035,2,2,0
1000000US500279655011036,0,0,0
1000000US500279655011037,2,1,1
1000000US500279655011038,26,25,1
1000000US500279655011039,0,0,0
1000000US500279655011040,41,39,2
1000000US500279655011041,1,1,0
1000000US500279655011042,6,6,0
1000000US500279655011043,43,37,6
1000000US500279655011044,0,0,0
1000000US500279655011045,0,0,0
1000000US500279655011046,107,99,8
1000000US500279655011047,0,0,0
1000000US500279655011048,2,2,0
1000000US500279655011049,0,0,0
1000000US500279655011050,0,0,0
1000000US500279655011051,0,0,0
1000000US500279655011052,0,0,0
1000000US500279655011053,0,0,0
1000000US500279655011054,0,0,0
1000000US500279655011055,3,3,0
1000000US500279655011056,2,2,0
1000000US500279655011057,0,0,0
1000000US500279655011058,0,0,0
1000000US500279655011059,5,5,0
1000000US500279655011060,15,12,3
1000000US500279655011061,1,0,1
1000000US500279655011062,0,0,0
1000000US500279655011063,16,15,1
1000000US500279655011064,0,0,0
1000000US500279655011065,39,37,2
1000000US500279655011066,0,0,0
1000000US500279655011067,0,0,0
1000000US500279655011068,0,0,0
1000000US500279655011069,5,4,1
1000000US500279655011070,0,0,0
1000000US500279655011071,0,0,0
1000000US500279655011072,0,0,0
1000000US500279655011073,0,0,0
1000000US500279655011074,0,0,0
1000000US500279655011075,0,0,0
1000000US500279655011076,0,0,0
1000000US500279655011077,0,0,0
1000000US500279655011078,0,0,0
1000000US500279655011079,0,0,0
1000000US500279655011080,0,0,0
1000000US500279655011081,0,0,0
1000000US500279655011082,0,0,0
1000000US500279655011083,0,0,0
1000000US500279655012000,0,0,0
1000000US500279655012001,0,0,0
1000000US500279655012002,21,20,1
1000000US500279655012003,8,8,0
1000000US500279655012004,3,3,0
1000000US500279655012005,17,17,0
1000000US500279655012006,33,29,4
1000000US500279655012007,6,6,0
1000000US500279655012008,1,1,0
1000000US500279655012009,105,52,53
1000000US500279655012010,0,0,0
1000000US500279655012011,0,0,0
1000000US500279655012012,3,1,2
1000000US500279655012013,1,1,0
1000000US500279655012014,0,0,0
1000000US500279655012015,0,0,0
1000000US500279655012016,1,1,0
1000000US500279655012017,0,0,0
1000000US500279655012018,170,53,117
1000000US500279655012019,0,0,0
1000000US500279655012020,0,0,0
1000000US500279655012021,1,1,0
1000000US500279655012022,1,0,1
1000000US500279655012023,0,0,0
1000000US500279655012024,2,0,2
1000000US500279655012025,0,0,0
1000000US500279655012026,0,0,0
1000000US500279655012027,0,0,0
1000000US500279655012028,0,0,0
1000000US500279655012029,0,0,0
1000000US500279655012030,0,0,0
1000000US500279655012031,1,1,0
1000000US500279655012032,12,10,2
1000000US500279655012033,37,17,20
1000000US500279655012034,2,1,1
1000000US500279655012035,19,8,11
1000000US500279655012036,13,13,0
1000000US500279655012037,2,2,0
1000000US500279655012038,3,3,0
1000000US500279655012039,0,0,0
1000000US500279655012040,0,0,0
1000000US500279655012041,21,14,7
1000000US500279655012042,70,16,54
1000000US500279655012043,0,0,0
1000000US500279655012044,17,7,10
1000000US500279655012045,33,15,18
1000000US500279655012046,4,0,4
1000000US500279655012047,46,19,27
1000000US500279655012048,4,3,1
1000000US500279655012049,57,4,53
1000000US500279655012050,28,12,16
1000000US500279655012051,2,0,2
1000000US500279655012052,17,2,15
1000000US500279655012053,6,6,0
1000000US500279655012054,10,9,1
1000000US500279655012055,6,5,1
1000000US500279655012056,0,0,0
1000000US500279655012057,0,0,0
1000000US500279655012058,0,0,0
1000000US500279655012059,1,1,0
1000000US500279655012060,0,0,0
1000000US500279655012061,0,0,0
1000000US500279655012062,0,0,0
1000000US500279655012063,0,0,0
1000000US500279655012064,0,0,0
1000000US500279655012065,0,0,0
1000000US500279655012066,27,24,3
1000000US500279655012067,0,0,0
1000000US500279655012068,0,0,0
1000000US500279655012069,0,0,0
1000000US500279655012070,0,0,0
1000000US500279655012071,14,9,5
1000000US500279655012072,0,0,0
1000000US500279655012073,0,0,0
1000000US500279655012074,8,5,3
1000000US500279655012075,0,0,0
1000000US500279655012076,18,12,6
1000000US500279655012077,0,0,0
1000000US500279655012078,1,1,0
1000000US500279655012079,0,0,0
1000000US500279655012080,0,0,0
1000000US500279655013000,0,0,0
1000000US500279655013001,1,1,0
1000000US500279655013002,6,6,0
1000000US500279655013003,0,0,0
1000000US500279655013004,75,20,55
1000000US500279655013005,0,0,0
1000000US500279655013006,14,5,9
1000000US500279655013007,12,6,6
1000000US500279655013008,6,4,2
1000000US500279655013009,1,0,1
1000000US500279655013010,144,19,125
1000000US500279655013011,0,0,0
1000000US500279655013012,0,0,0
1000000US500279655013013,0,0,0
1000000US500279655013014,0,0,0
1000000US500279655013015,0,0,0
1000000US500279655013016,0,0,0
1000000US500279655013017,1,1,0
1000000US500279655013018,2,2,0
1000000US500279655013019,0,0,0
1000000US500279655013020,0,0,0
1000000US500279655013021,0,0,0
1000000US500279655013022,0,0,0
1000000US500279655013023,14,0,14
1000000US500279655013024,0,0,0
1000000US500279655013025,6,0,6
1000000US500279655013026,0,0,0
1000000US500279655013027,0,0,0
1000000US500279655013028,0,0,0
1000000US500279655013029,0,0,0
1000000US500279655013030,0,0,0
1000000US500279655013031,0,0,0
1000000US500279655013032,0,0,0
1000000US500279655013033,4,2,2
1000000US500279655013034,31,16,15
1000000US500279655013035,0,0,0
1000000US500279655013036,0,0,0
1000000US500279655013037,102,7,95
1000000US500279655013038,6,5,1
1000000US500279655013039,115,13,102
1000000US500279655013040,8,0,8
1000000US500279655013041,0,0,0
1000000US500279655013042,83,29,54
1000000US500279655013043,0,0,0
1000000US500279655013044,9,1,8
1000000US500279655013045,4,1,3
1000000US500279655013046,2,2,0
1000000US500279655013047,2,2,0
1000000US500279655013048,16,9,7
1000000US500279655013049,1,1,0
1000000US500279655013050,0,0,0
1000000US500279655013051,1,1,0
1000000US500279655013052,0,0,0
1000000US500279655013053,0,0,0
1000000US500279655013054,0,0,0
1000000US500279655013055,0,0,0
1000000US500279655013056,0,0,0
1000000US500279655013057,12,9,3
1000000US500279655013058,26,24,2
1000000US500279655013059,8,4,4
1000000US500279655013060,84,61,23
1000000US500279655013061,79,44,35
1000000US500279655013062,3,1,2
1000000US500279655013063,0,0,0
1000000US500279655013064,12,12,0
1000000US500279655013065,1,0,1
1000000US500279655013066,29,25,4
1000000US500279655013067,4,4,0
1000000US500279655013068,1,1,0
1000000US500279655013069,13,11,2
1000000US500279655013070,15,13,2
1000000US500279655013071,9,7,2
1000000US500279655013072,10,10,0
1000000US500279655013073,7,7,0
1000000US500279655013074,0,0,0
1000000US500279655013075,0,0,0
1000000US500279655013076,0,0,0
1000000US500279655013077,13,9,4
1000000US500279655013078,0,0,0
1000000US500279655013079,5,3,2
1000000US500279655013080,0,0,0
1000000US500279655013081,0,0,0
1000000US500279655021000,4,4,0
1000000US500279655021001,17,15,2
1000000US500279655021002,2,2,0
1000000US500279655021003,0,0,0
1000000US500279655021004,0,0,0
1000000US500279655021005,2,1,1
1000000US500279655021006,54,51,3
1000000US500279655021007,0,0,0
1000000US500279655021008,2,2,0
1000000US500279655021009,20,19,1
1000000US500279655021010,3,3,0
1000000US500279655021011,1,0,1
1000000US500279655021012,2,2,0
1000000US500279655021013,0,0,0
1000000US500279655021014,2,2,0
1000000US500279655021015,9,9,0
1000000US500279655021016,0,0,0
1000000US500279655021017,1,1,0
1000000US500279655021018,0,0,0
1000000US500279655021019,0,0,0
1000000US500279655021020,5,5,0
1000000US500279655021021,1,1,0
1000000US500279655021022,0,0,0
1000000US500279655021023,3,3,0
1000000US500279655021024,5,4,1
1000000US500279655021025,6,6,0
1000000US500279655021026,0,0,0
1000000US500279655021027,6,6,0
1000000US500279655021028,1,1,0
1000000US500279655021029,2,0,2
1000000US500279655021030,0,0,0
1000000US500279655021031,0,0,0
1000000US500279655021032,2,2,0
1000000US500279655021033,0,0,0
1000000US500279655021034,3,3,0
1000000US500279655021035,6,5,1
1000000US500279655021036,5,4,1
1000000US500279655021037,0,0,0
1000000US500279655021038,0,0,0
1000000US500279655021039,0,0,0
1000000US500279655021040,2,2,0
1000000US500279655021041,0,0,0
1000000US500279655021042,13,13,0
1000000US500279655021043,0,0,0
1000000US500279655021044,1,1,0
1000000US500279655021045,0,0,0
1000000US500279655021046,4,4,0
1000000US500279655021047,107,96,11
1000000US500279655021048,0,0,0
1000000US500279655021049,0,0,0
1000000US500279655021050,0,0,0
1000000US500279655021051,0,0,0
1000000US500279655021052,0,0,0
1000000US500279655021053,0,0,0
1000000US500279655021054,1,1,0
1000000US500279655021055,0,0,0
1000000US500279655021056,0,0,0
1000000US500279655021057,0,0,0
1000000US500279655021058,0,0,0
1000000US500279655021059,0,0,0
1000000US500279655021060,0,0,0
1000000US500279655021061,0,0,0
1000000US500279655021062,7,7,0
1000000US500279655021063,1,0,1
1000000US500279655021064,0,0,0
1000000US500279655021065,0,0,0
1000000US500279655022000,0,0,0
1000000US500279655022001,0,0,0
1000000US500279655022002,0,0,0
1000000US500279655022003,60,58,2
1000000US500279655022004,14,13,1
1000000US500279655022005,98,90,8
1000000US500279655022006,0,0,0
1000000US500279655022007,3,3,0
1000000US500279655022008,0,0,0
1000000US500279655022009,9,8,1
1000000US500279655022010,0,0,0
1000000US500279655022011,0,0,0
1000000US500279655022012,2,2,0
1000000US500279655022013,7,6,1
1000000US500279655022014,12,12,0
1000000US500279655022015,4,4,0
1000000US500279655022016,30,29,1
1000000US500279655022017,1,1,0
1000000US500279655022018,2,2,0
1000000US500279655022019,0,0,0
1000000US500279655022020,4,4,0
1000000US500279655022021,0,0,0
1000000US500279655022022,13,13,0
1000000US500279655022023,293,263,30
1000000US500279655022024,0,0,0
1000000US500279655022025,0,0,0
1000000US500279655022026,72,63,9
1000000US500279655022027,8,8,0
1000000US500279655022028,57,53,4
1000000US500279655022029,30,29,1
1000000US500279655022030,6,6,0
1000000US500279655022031,153,141,12
1000000US500279655022032,0,0,0
1000000US500279655022033,0,0,0
1000000US500279655022034,0,0,0
1000000US500279655022035,0,0,0
1000000US500279655022036,45,41,4
1000000US500279655022037,10,8,2
1000000US500279655022038,22,22,0
1000000US500279655022039,0,0,0
1000000US500279655022040,0,0,0
1000000US500279655022041,0,0,0
1000000US500279655022042,25,24,1
1000000US500279655022043,73,68,5
1000000US500279655022044,13,11,2
1000000US500279655022045,6,6,0
1000000US500279655022046,8,8,0
1000000US500279655022047,0,0,0
1000000US500279655022048,33,29,4
1000000US500279655022049,0,0,0
1000000US500279655022050,0,0,0
1000000US500279655022051,1,1,0
1000000US500279655022052,18,18,0
1000000US500279655022053,1,1,0
1000000US500279655022054,0,0,0
1000000US500279655022055,0,0,0
1000000US500279655022056,0,0,0
1000000US500279656001000,45,43,2
1000000US500279656001001,9,8,1
1000000US500279656001002,20,19,1
1000000US500279656001003,3,3,0
1000000US500279656001004,5,5,0
1000000US500279656001005,5,5,0
1000000US500279656001006,14,14,0
1000000US500279656001007,7,7,0
1000000US500279656001008,11,9,2
1000000US500279656001009,14,14,0
1000000US500279656001010,18,17,1
1000000US500279656001011,12,12,0
1000000US500279656001012,7,7,0
1000000US500279656001013,15,15,0
1000000US500279656001014,10,8,2
1000000US500279656001015,114,98,16
1000000US500279656001016,8,7,1
1000000US500279656001017,0,0,0
1000000US500279656001018,21,20,1
1000000US500279656001019,0,0,0
1000000US500279656001020,0,0,0
1000000US500279656002000,0,0,0
1000000US500279656002001,137,115,22
1000000US500279656002002,9,8,1
1000000US500279656002003,0,0,0
1000000US500279656002004,0,0,0
1000000US500279656002005,18,18,0
1000000US500279656002006,135,129,6
1000000US500279656002007,11,10,1
1000000US500279656002008,0,0,0
1000000US500279656002009,0,0,0
1000000US500279656002010,52,52,0
1000000US500279656002011,5,5,0
1000000US500279656002012,7,5,2
1000000US500279656002013,32,32,0
1000000US500279656002014,32,30,2
1000000US500279656002015,0,0,0
1000000US500279656002016,0,0,0
1000000US500279656002017,0,0,0
1000000US500279656003000,0,0,0
1000000US500279656003001,0,0,0
1000000US500279656003002,0,0,0
1000000US500279656003003,0,0,0
1000000US500279656003004,13,10,3
1000000US500279656003005,0,0,0
1000000US500279656003006,1,1,0
1000000US500279656003007,0,0,0
1000000US500279656003008,0,0,0
1000000US500279656003009,0,0,0
1000000US500279656003010,0,0,0
1000000US500279656003011,93,92,1
1000000US500279656003012,0,0,0
1000000US500279656003013,0,0,0
1000000US500279656003014,0,0,0
1000000US500279656003015,42,31,11
1000000US500279656003016,0,0,0
1000000US500279656003017,0,0,0
1000000US500279656003018,2,2,0
1000000US500279656003019,18,18,0
1000000US500279656003020,0,0,0
1000000US500279656003021,0,0,0
1000000US500279656003022,22,19,3
1000000US500279656003023,0,0,0
1000000US500279656003024,0,0,0
1000000US500279656003025,193,174,19
1000000US500279656003026,1,1,0
1000000US500279656003027,21,20,1
1000000US500279656003028,9,9,0
1000000US500279656003029,17,13,4
1000000US500279656003030,8,8,0
1000000US500279656003031,28,27,1
1000000US500279656003032,113,100,13
1000000US500279656003033,8,7,1
1000000US500279656003034,7,7,0
1000000US500279656003035,12,11,1
1000000US500279656003036,51,50,1
1000000US500279656003037,12,9,3
1000000US500279656003038,0,0,0
1000000US500279656003039,0,0,0
1000000US500279656003040,0,0,0
1000000US500279656003041,0,0,0
1000000US500279656003042,0,0,0
1000000US500279656003043,0,0,0
1000000US500279656003044,33,33,0
1000000US500279656003045,12,12,0
1000000US500279656003046,5,5,0
1000000US500279656003047,5,2,3
1000000US500279656003048,0,0,0
1000000US500279656003049,0,0,0
1000000US500279656003050,0,0,0
1000000US500279656003051,0,0,0
1000000US500279656003052,0,0,0
1000000US500279656003053,0,0,0
1000000US500279656003054,0,0,0
1000000US500279656003055,0,0,0
1000000US500279656003056,0,0,0
1000000US500279656003057,0,0,0
1000000US500279656003058,0,0,0
1000000US500279656003059,0,0,0
1000000US500279656003060,0,0,0
1000000US500279656003061,0,0,0
1000000US500279656003062,2,2,0
1000000US500279656003063,0,0,0
1000000US500279656003064,0,0,0
1000000US500279656003065,0,0,0
1000000US500279656003066,0,0,0
1000000US500279656003067,3,3,0
1000000US500279656003068,37,37,0
1000000US500279656003069,0,0,0
1000000US500279656003070,3,3,0
1000000US500279656003071,6,6,0
1000000US500279656003072,0,0,0
1000000US500279656003073,0,0,0
1000000US500279656003074,0,0,0
1000000US500279656003075,0,0,0
1000000US500279656003076,11,11,0
1000000US500279656003077,0,0,0
1000000US500279656003078,0,0,0
1000000US500279656003079,4,4,0
1000000US500279656003080,6,6,0
1000000US500279656003081,0,0,0
1000000US500279656003082,0,0,0
1000000US500279656003083,1,1,0
1000000US500279656003084,0,0,0
1000000US500279656003085,0,0,0
1000000US500279656003086,0,0,0
1000000US500279656003087,0,0,0
1000000US500279656003088,0,0,0
1000000US500279656003089,26,26,0
1000000US500279656003090,0,0,0
1000000US500279656003091,9,6,3
1000000US500279656003092,15,15,0
1000000US500279656003093,0,0,0
1000000US500279656003094,0,0,0
1000000US500279656004000,11,11,0
1000000US500279656004001,64,44,20
1000000US500279656004002,0,0,0
1000000US500279656004003,4,4,0
1000000US500279656004004,9,9,0
1000000US500279656004005,0,0,0
1000000US500279656004006,2,0,2
1000000US500279656004007,109,102,7
1000000US500279656004008,9,9,0
1000000US500279656004009,10,8,2
1000000US500279656004010,6,5,1
1000000US500279656004011,18,17,1
1000000US500279656004012,23,23,0
1000000US500279656004013,2,2,0
1000000US500279656004014,0,0,0
1000000US500279656004015,0,0,0
1000000US500279656004016,3,3,0
1000000US500279656004017,41,37,4
1000000US500279656004018,16,16,0
1000000US500279656004019,8,8,0
1000000US500279656004020,0,0,0
1000000US500279656004021,0,0,0
1000000US500279656004022,0,0,0
1000000US500279656004023,0,0,0
1000000US500279656004024,0,0,0
1000000US500279656004025,11,10,1
1000000US500279656004026,62,49,13
1000000US500279656004027,3,2,1
1000000US500279656004028,0,0,0
1000000US500279656004029,0,0,0
1000000US500279656004030,1,0,1
1000000US500279656004031,0,0,0
1000000US500279656004032,0,0,0
1000000US500279656004033,0,0,0
1000000US500279656004034,0,0,0
1000000US500279657001000,2,2,0
1000000US500279657001001,0,0,0
1000000US500279657001002,0,0,0
1000000US500279657001003,0,0,0
1000000US500279657001004,2,2,0
1000000US500279657001005,1,1,0
1000000US500279657001006,80,70,10
1000000US500279657001007,1,0,1
1000000US500279657001008,1,1,0
1000000US500279657001009,27,19,8
1000000US500279657001010,1,0,1
1000000US500279657001011,29,23,6
1000000US500279657001012,1,1,0
1000000US500279657001013,20,13,7
1000000US500279657001014,1,0,1
1000000US500279657001015,0,0,0
1000000US500279657001016,0,0,0
1000000US500279657001017,1,1,0
1000000US500279657001018,0,0,0
1000000US500279657001019,0,0,0
1000000US500279657001020,54,47,7
1000000US500279657001021,2,2,0
1000000US500279657001022,0,0,0
1000000US500279657001023,10,7,3
1000000US500279657001024,0,0,0
1000000US500279657001025,5,5,0
1000000US500279657001026,38,30,8
1000000US500279657001027,0,0,0
1000000US500279657001028,0,0,0
1000000US500279657001029,0,0,0
1000000US500279657001030,3,3,0
1000000US500279657001031,1,1,0
1000000US500279657001032,1,1,0
1000000US500279657001033,0,0,0
1000000US500279657001034,1,0,1
1000000US500279657001035,0,0,0
1000000US500279657001036,12,11,1
1000000US500279657001037,27,21,6
1000000US500279657001038,0,0,0
1000000US500279657001039,1,1,0
1000000US500279657001040,5,4,1
1000000US500279657001041,0,0,0
1000000US500279657001042,0,0,0
1000000US500279657001043,0,0,0
1000000US500279657001044,11,10,1
1000000US500279657001045,22,19,3
1000000US500279657001046,3,2,1
1000000US500279657001047,0,0,0
1000000US500279657001048,0,0,0
1000000US500279657001049,63,54,9
1000000US500279657001050,0,0,0
1000000US500279657001051,0,0,0
1000000US500279657001052,0,0,0
1000000US500279657001053,29,24,5
1000000US500279657001054,0,0,0
1000000US500279657001055,23,22,1
1000000US500279657001056,5,5,0
1000000US500279657001057,0,0,0
1000000US500279657001058,0,0,0
1000000US500279657001059,1,1,0
1000000US500279657001060,1,1,0
1000000US500279657001061,0,0,0
1000000US500279657001062,3,3,0
1000000US500279657001063,0,0,0
1000000US500279657001064,2,2,0
1000000US500279657001065,0,0,0
1000000US500279657001066,0,0,0
1000000US500279657001067,8,6,2
1000000US500279657002000,18,17,1
1000000US500279657002001,22,16,6
1000000US500279657002002,0,0,0
1000000US500279657002003,0,0,0
1000000US500279657002004,3,3,0
1000000US500279657002005,2,2,0
1000000US500279657002006,14,13,1
1000000US500279657002007,0,0,0
1000000US500279657002008,13,11,2
1000000US500279657002009,16,14,2
1000000US500279657002010,7,5,2
1000000US500279657002011,8,8,0
1000000US500279657002012,63,60,3
1000000US500279657002013,17,16,1
1000000US500279657002014,53,48,5
1000000US500279657002015,2,2,0
1000000US500279657002016,0,0,0
1000000US500279657002017,1,1,0
1000000US500279657002018,3,3,0
1000000US500279657002019,15,14,1
1000000US500279657002020,28,24,4
1000000US500279657002021,1,1,0
1000000US500279657002022,0,0,0
1000000US500279657002023,1,1,0
1000000US500279657002024,28,28,0
1000000US500279657002025,67,63,4
1000000US500279657002026,0,0,0
1000000US500279657002027,1,1,0
1000000US500279657002028,13,11,2
1000000US500279657002029,0,0,0
1000000US500279657002030,0,0,0
1000000US500279657002031,0,0,0
1000000US500279657002032,12,9,3
1000000US500279657002033,0,0,0
1000000US500279657002034,13,12,1
1000000US500279657002035,1,1,0
1000000US500279657002036,14,11,3
1000000US500279657003000,4,4,0
1000000US500279657003001,0,0,0
1000000US500279657003002,2,2,0
1000000US500279657003003,0,0,0
1000000US500279657003004,42,40,2
1000000US500279657003005,4,4,0
1000000US500279657003006,9,9,0
1000000US500279657003007,2,1,1
1000000US500279657003008,14,12,2
1000000US500279657003009,13,8,5
1000000US500279657003010,0,0,0
1000000US500279657003011,0,0,0
1000000US500279657003012,2,1,1
1000000US500279657003013,0,0,0
1000000US500279657003014,0,0,0
1000000US500279657003015,3,3,0
1000000US500279657003016,14,13,1
1000000US500279657003017,12,12,0
1000000US500279657003018,0,0,0
1000000US500279657003019,11,11,0
1000000US500279657003020,95,79,16
1000000US500279657003021,0,0,0
1000000US500279657003022,0,0,0
1000000US500279657003023,0,0,0
1000000US500279657003024,15,15,0
1000000US500279657003025,0,0,0
1000000US500279657003026,1,1,0
1000000US500279657003027,0,0,0
1000000US500279657003028,18,18,0
1000000US500279657003029,0,0,0
1000000US500279657003030,0,0,0
1000000US500279657003031,0,0,0
1000000US500279657003032,1,1,0
1000000US500279657003033,0,0,0
1000000US500279657003034,0,0,0
1000000US500279657003035,0,0,0
1000000US500279657003036,0,0,0
1000000US500279657003037,0,0,0
1000000US500279657003038,28,28,0
1000000US500279657003039,1,1,0
1000000US500279657003040,0,0,0
1000000US500279657003041,0,0,0
1000000US500279657003042,0,0,0
1000000US500279657003043,2,2,0
1000000US500279657003044,0,0,0
1000000US500279657003045,0,0,0
1000000US500279657003046,21,21,0
1000000US500279657003047,0,0,0
1000000US500279657003048,2,2,0
1000000US500279657003049,13,13,0
1000000US500279657003050,0,0,0
1000000US500279657003051,0,0,0
1000000US500279657003052,13,13,0
1000000US500279657003053,3,3,0
1000000US500279657003054,0,0,0
1000000US500279657003055,0,0,0
1000000US500279657003056,0,0,0
1000000US500279657003057,0,0,0
1000000US500279657003058,10,10,0
1000000US500279657003059,2,2,0
1000000US500279657003060,9,8,1
1000000US500279657003061,0,0,0
1000000US500279657003062,0,0,0
1000000US500279657003063,5,5,0
1000000US500279657003064,6,5,1
1000000US500279657003065,41,40,1
1000000US500279657003066,74,68,6
1000000US500279657003067,0,0,0
1000000US500279657003068,0,0,0
1000000US500279657003069,0,0,0
1000000US500279657003070,0,0,0
1000000US500279657003071,0,0,0
1000000US500279657003072,0,0,0
1000000US500279657003073,3,3,0
1000000US500279657003074,0,0,0
1000000US500279657003075,0,0,0
1000000US500279657003076,3,3,0
1000000US500279657003077,52,50,2
1000000US500279657003078,0,0,0
1000000US500279657003079,0,0,0
1000000US500279657003080,1,1,0
1000000US500279657003081,4,4,0
1000000US500279657003082,0,0,0
1000000US500279657003083,2,2,0
1000000US500279657003084,7,7,0
1000000US500279657003085,0,0,0
1000000US500279657003086,0,0,0
1000000US500279657003087,0,0,0
1000000US500279657003088,0,0,0
1000000US500279657003089,0,0,0
1000000US500279657003090,9,9,0
1000000US500279657003091,0,0,0
1000000US500279657003092,3,3,0
1000000US500279657003093,0,0,0
1000000US500279657003094,9,9,0
1000000US500279657003095,10,9,1
1000000US500279657003096,1,1,0
1000000US500279657003097,0,0,0
1000000US500279657003098,13,11,2
1000000US500279657003099,35,34,1
1000000US500279657003100,1,1,0
1000000US500279657003101,0,0,0
1000000US500279657003102,1,1,0
1000000US500279657003103,0,0,0
1000000US500279657003104,0,0,0
1000000US500279657003105,3,3,0
1000000US500279657003106,0,0,0
1000000US500279657003107,1,1,0
1000000US500279658001000,1,1,0
1000000US500279658001001,7,4,3
1000000US500279658001002,0,0,0
1000000US500279658001003,1,1,0
1000000US500279658001004,140,108,32
1000000US500279658001005,0,0,0
1000000US500279658001006,0,0,0
1000000US500279658001007,1,0,1
1000000US500279658001008,1,1,0
1000000US500279658001009,0,0,0
1000000US500279658001010,12,9,3
1000000US500279658001011,0,0,0
1000000US500279658001012,111,81,30
1000000US500279658001013,0,0,0
1000000US500279658001014,0,0,0
1000000US500279658001015,0,0,0
1000000US500279658001016,0,0,0
1000000US500279658001017,3,3,0
1000000US500279658001018,2,1,1
1000000US500279658001019,1,1,0
1000000US500279658001020,0,0,0
1000000US500279658001021,0,0,0
1000000US500279658001022,15,14,1
1000000US500279658001023,26,22,4
1000000US500279658001024,0,0,0
1000000US500279658001025,1,1,0
1000000US500279658001026,3,3,0
1000000US500279658001027,0,0,0
1000000US500279658001028,6,3,3
1000000US500279658001029,0,0,0
1000000US500279658001030,17,11,6
1000000US500279658001031,2,2,0
1000000US500279658001032,0,0,0
1000000US500279658001033,0,0,0
1000000US500279658001034,0,0,0
1000000US500279658001035,9,8,1
1000000US500279658001036,12,12,0
1000000US500279658001037,0,0,0
1000000US500279658001038,1,1,0
1000000US500279658001039,1,1,0
1000000US500279658001040,0,0,0
1000000US500279658001041,0,0,0
1000000US500279658001042,0,0,0
1000000US500279658001043,0,0,0
1000000US500279658001044,5,5,0
1000000US500279658001045,0,0,0
1000000US500279658001046,0,0,0
1000000US500279658001047,27,13,14
1000000US500279658001048,6,6,0
1000000US500279658001049,5,1,4
1000000US500279658001050,3,3,0
1000000US500279658001051,33,25,8
1000000US500279658001052,1,0,1
1000000US500279658001053,3,2,1
1000000US500279658001054,4,4,0
1000000US500279658001055,21,20,1
1000000US500279658001056,29,17,12
1000000US500279658001057,0,0,0
1000000US500279658001058,0,0,0
1000000US500279658001059,1,0,1
1000000US500279658001060,0,0,0
1000000US500279658001061,0,0,0
1000000US500279658001062,0,0,0
1000000US500279658001063,19,13,6
1000000US500279658001064,1,0,1
1000000US500279658001065,6,2,4
1000000US500279658001066,8,2,6
1000000US500279658001067,0,0,0
1000000US500279658001068,0,0,0
1000000US500279658001069,16,11,5
1000000US500279658001070,23,11,12
1000000US500279658001071,0,0,0
1000000US500279658001072,42,28,14
1000000US500279658001073,0,0,0
1000000US500279658001074,9,7,2
1000000US500279658001075,5,5,0
1000000US500279658001076,3,2,1
1000000US500279658001077,0,0,0
1000000US500279658001078,1,0,1
1000000US500279658001079,2,1,1
1000000US500279658001080,18,6,12
1000000US500279658001081,3,2,1
1000000US500279658001082,0,0,0
1000000US500279658001083,1,1,0
1000000US500279658001084,0,0,0
1000000US500279658001085,0,0,0
1000000US500279658001086,0,0,0
1000000US500279658002000,0,0,0
1000000US500279658002001,0,0,0
1000000US500279658002002,2,1,1
1000000US500279658002003,0,0,0
1000000US500279658002004,0,0,0
1000000US500279658002005,0,0,0
1000000US500279658002006,12,10,2
1000000US500279658002007,0,0,0
1000000US500279658002008,0,0,0
1000000US500279658002009,0,0,0
1000000US500279658002010,0,0,0
1000000US500279658002011,2,1,1
1000000US500279658002012,14,11,3
1000000US500279658002013,0,0,0
1000000US500279658002014,0,0,0
1000000US500279658002015,4,4,0
1000000US500279658002016,21,19,2
1000000US500279658002017,0,0,0
1000000US500279658002018,0,0,0
1000000US500279658002019,11,7,4
1000000US500279658002020,13,10,3
1000000US500279658002021,2,2,0
1000000US500279658002022,4,4,0
1000000US500279658002023,2,1,1
1000000US500279658002024,49,39,10
1000000US500279658002025,7,7,0
1000000US500279658002026,4,4,0
1000000US500279658002027,0,0,0
1000000US500279658002028,1,1,0
1000000US500279658002029,6,5,1
1000000US500279658002030,0,0,0
1000000US500279658002031,0,0,0
1000000US500279658002032,0,0,0
1000000US500279658002033,1,1,0
1000000US500279658002034,0,0,0
1000000US500279658002035,47,35,12
1000000US500279658002036,16,10,6
1000000US500279658002037,24,17,7
1000000US500279658002038,1,1,0
1000000US500279658002039,0,0,0
1000000US500279658002040,5,3,2
1000000US500279658002041,1,0,1
1000000US500279658002042,8,4,4
1000000US500279658002043,0,0,0
1000000US500279658002044,0,0,0
1000000US500279658002045,0,0,0
1000000US500279658002046,0,0,0
1000000US500279658002047,0,0,0
1000000US500279658002048,1,0,1
1000000US500279658002049,39,36,3
1000000US500279658002050,15,13,2
1000000US500279658002051,7,5,2
1000000US500279658002052,1,1,0
1000000US500279658002053,6,5,1
1000000US500279658002054,18,13,5
1000000US500279658002055,9,3,6
1000000US500279658002056,0,0,0
1000000US500279658002057,0,0,0
1000000US500279658002058,8,4,4
1000000US500279658002059,0,0,0
1000000US500279658002060,3,2,1
1000000US500279658002061,0,0,0
1000000US500279658002062,5,4,1
1000000US500279658002063,7,5,2
1000000US500279658002064,13,8,5
1000000US500279658002065,0,0,0
1000000US500279658002066,0,0,0
1000000US500279658002067,2,1,1
1000000US500279658002068,15,7,8
1000000US500279658002069,0,0,0
1000000US500279658002070,20,15,5
1000000US500279658002071,60,51,9
1000000US500279658002072,2,1,1
1000000US500279658002073,31,29,2
1000000US500279658002074,12,11,1
1000000US500279658002075,13,10,3
1000000US500279658002076,0,0,0
1000000US500279658002077,2,0,2
1000000US500279658002078,13,7,6
1000000US500279658002079,21,18,3
1000000US500279658002080,27,21,6
1000000US500279658002081,1,0,1
1000000US500279658002082,13,9,4
1000000US500279658002083,99,79,20
1000000US500279658002084,2,0,2
1000000US500279658002085,2,2,0
1000000US500279658002086,41,33,8
1000000US500279658002087,4,3,1
1000000US500279658002088,6,4,2
1000000US500279658002089,8,8,0
1000000US500279658002090,3,3,0
1000000US500279658002091,0,0,0
1000000US500279658002092,6,5,1
1000000US500279658002093,91,75,16
1000000US500279658002094,1,0,1
1000000US500279658002095,8,4,4
1000000US500279658002096,0,0,0
1000000US500279658002097,2,2,0
1000000US500279658002098,0,0,0
1000000US500279658002099,2,1,1
1000000US500279658002100,0,0,0
1000000US500279658002101,30,22,8
1000000US500279658002102,52,32,20
1000000US500279658002103,18,14,4
1000000US500279658002104,5,5,0
1000000US500279658002105,29,9,20
1000000US500279658002106,5,2,3
1000000US500279658002107,2,2,0
1000000US500279658002108,1,1,0
1000000US500279658002109,1,1,0
1000000US500279658002110,11,11,0
1000000US500279658002111,4,4,0
1000000US500279658002112,0,0,0
1000000US500279658002113,0,0,0
1000000US500279658002114,44,30,14
1000000US500279658002115,0,0,0
1000000US500279658002116,16,16,0
1000000US500279658002117,5,4,1
1000000US500279658002118,0,0,0
1000000US500279658002119,4,3,1
1000000US500279658002120,0,0,0
1000000US500279658002121,7,5,2
1000000US500279658002122,8,6,2
1000000US500279658002123,2,0,2
1000000US500279658002124,29,17,12
1000000US500279658002125,0,0,0
1000000US500279658002126,1,0,1
1000000US500279658002127,2,1,1
1000000US500279658002128,3,1,2
1000000US500279658002129,0,0,0
1000000US500279658002130,0,0,0
1000000US500279658002131,2,1,1
1000000US500279658002132,10,7,3
1000000US500279658002133,5,4,1
1000000US500279658002134,0,0,0
1000000US500279658002135,8,6,2
1000000US500279658002136,0,0,0
1000000US500279658002137,4,1,3
1000000US500279658002138,0,0,0
1000000US500279658002139,2,1,1
1000000US500279658002140,2,1,1
1000000US500279658002141,2,2,0
1000000US500279658002142,15,13,2
1000000US500279659001000,5,3,2
1000000US500279659001001,62,27,35
1000000US500279659001002,0,0,0
1000000US500279659001003,0,0,0
1000000US500279659001004,0,0,0
1000000US500279659001005,0,0,0
1000000US500279659001006,0,0,0
1000000US500279659001007,0,0,0
1000000US500279659001008,0,0,0
1000000US500279659001009,3,0,3
1000000US500279659001010,1,0,1
1000000US500279659001011,110,55,55
1000000US500279659001012,22,10,12
1000000US500279659001013,2,1,1
1000000US500279659001014,3,2,1
1000000US500279659001015,4,2,2
1000000US500279659001016,2,1,1
1000000US500279659001017,3,3,0
1000000US500279659001018,4,2,2
1000000US500279659001019,1,1,0
1000000US500279659001020,6,3,3
1000000US500279659001021,34,15,19
1000000US500279659001022,3,2,1
1000000US500279659001023,0,0,0
1000000US500279659001024,0,0,0
1000000US500279659001025,0,0,0
1000000US500279659001026,0,0,0
1000000US500279659001027,1,1,0
1000000US500279659001028,1,0,1
1000000US500279659001029,82,61,21
1000000US500279659001030,0,0,0
1000000US500279659001031,5,5,0
1000000US500279659001032,0,0,0
1000000US500279659001033,0,0,0
1000000US500279659001034,3,1,2
1000000US500279659001035,3,3,0
1000000US500279659001036,7,7,0
1000000US500279659001037,0,0,0
1000000US500279659001038,0,0,0
1000000US500279659001039,0,0,0
1000000US500279659001040,0,0,0
1000000US500279659001041,59,37,22
1000000US500279659001042,0,0,0
1000000US500279659001043,0,0,0
1000000US500279659001044,0,0,0
1000000US500279659001045,0,0,0
1000000US500279659001046,0,0,0
1000000US500279659001047,4,3,1
1000000US500279659001048,3,3,0
1000000US500279659001049,4,3,1
1000000US500279659001050,0,0,0
1000000US500279659001051,0,0,0
1000000US500279659001052,0,0,0
1000000US500279659001053,16,14,2
1000000US500279659001054,4,3,1
1000000US500279659001055,26,22,4
1000000US500279659001056,0,0,0
1000000US500279659001057,0,0,0
1000000US500279659001058,21,14,7
1000000US500279659001059,4,3,1
1000000US500279659001060,0,0,0
1000000US500279659001061,3,2,1
1000000US500279659001062,0,0,0
1000000US500279659001063,0,0,0
1000000US500279659001064,0,0,0
1000000US500279659001065,0,0,0
1000000US500279659001066,0,0,0
1000000US500279659001067,0,0,0
1000000US500279659001068,2,2,0
1000000US500279659001069,37,30,7
1000000US500279659001070,0,0,0
1000000US500279659001071,17,11,6
1000000US500279659001072,7,3,4
1000000US500279659001073,0,0,0
1000000US500279659001074,16,14,2
1000000US500279659001075,20,9,11
1000000US500279659001076,47,38,9
1000000US500279659001077,1,1,0
1000000US500279659001078,2,1,1
1000000US500279659001079,2,2,0
1000000US500279659001080,1,1,0
1000000US500279659001081,1,0,1
1000000US500279659001082,5,2,3
1000000US500279659001083,0,0,0
1000000US500279659001084,1,1,0
1000000US500279659001085,0,0,0
1000000US500279659001086,14,4,10
1000000US500279659001087,4,3,1
1000000US500279659001088,0,0,0
1000000US500279659001089,0,0,0
1000000US500279659001090,0,0,0
1000000US500279659001091,0,0,0
1000000US500279659002000,11,4,7
1000000US500279659002001,2,2,0
1000000US500279659002002,20,9,11
1000000US500279659002003,1,0,1
1000000US500279659002004,1,1,0
1000000US500279659002005,0,0,0
1000000US500279659002006,0,0,0
1000000US500279659002007,2,1,1
1000000US500279659002008,0,0,0
1000000US500279659002009,0,0,0
1000000US500279659002010,0,0,0
1000000US500279659002011,1,1,0
1000000US500279659002012,0,0,0
1000000US500279659002013,0,0,0
1000000US500279659002014,0,0,0
1000000US500279659002015,4,3,1
1000000US500279659002016,2,1,1
1000000US500279659002017,63,31,32
1000000US500279659002018,0,0,0
1000000US500279659002019,0,0,0
1000000US500279659002020,0,0,0
1000000US500279659002021,16,7,9
1000000US500279659002022,0,0,0
1000000US500279659002023,1,0,1
1000000US500279659002024,1,1,0
1000000US500279659002025,0,0,0
1000000US500279659002026,1,1,0
1000000US500279659002027,0,0,0
1000000US500279659002028,9,4,5
1000000US500279659002029,6,1,5
1000000US500279659002030,16,6,10
1000000US500279659002031,18,7,11
1000000US500279659002032,0,0,0
1000000US500279659002033,0,0,0
1000000US500279659002034,0,0,0
1000000US500279659002035,2,2,0
1000000US500279659002036,0,0,0
1000000US500279659002037,0,0,0
1000000US500279659002038,2,0,2
1000000US500279659002039,0,0,0
1000000US500279659002040,15,10,5
1000000US500279659002041,0,0,0
1000000US500279659002042,183,32,151
1000000US500279659002043,0,0,0
1000000US500279659002044,4,3,1
1000000US500279659002045,0,0,0
1000000US500279659002046,0,0,0
1000000US500279659002047,0,0,0
1000000US500279659002048,0,0,0
1000000US500279659002049,1,0,1
1000000US500279659002050,0,0,0
1000000US500279659002051,0,0,0
1000000US500279659002052,2,1,1
1000000US500279659002053,3,1,2
1000000US500279659002054,5,3,2
1000000US500279659002055,2,2,0
1000000US500279659002056,2,1,1
1000000US500279659002057,3,1,2
1000000US500279659002058,116,25,91
1000000US500279659002059,5,1,4
1000000US500279659002060,0,0,0
1000000US500279659002061,4,2,2
1000000US500279659002062,5,3,2
1000000US500279659002063,1,0,1
1000000US500279659002064,0,0,0
1000000US500279659002065,2,1,1
1000000US500279659002066,13,2,11
1000000US500279659002067,0,0,0
1000000US500279659002068,0,0,0
1000000US500279659002069,3,1,2
1000000US500279659002070,2,0,2
1000000US500279659002071,9,3,6
1000000US500279659002072,0,0,0
1000000US500279659002073,0,0,0
1000000US500279659002074,0,0,0
1000000US500279659002075,0,0,0
1000000US500279659002076,0,0,0
1000000US500279659002077,0,0,0
1000000US500279659002078,1,0,1
1000000US500279659002079,58,27,31
1000000US500279659002080,1,0,1
1000000US500279659002081,10,3,7
1000000US500279659002082,0,0,0
1000000US500279659002083,9,2,7
1000000US500279659002084,0,0,0
1000000US500279659002085,0,0,0
1000000US500279659002086,0,0,0
1000000US500279659002087,9,2,7
1000000US500279659002088,0,0,0
1000000US500279659002089,0,0,0
1000000US500279659002090,13,3,10
1000000US500279659002091,0,0,0
1000000US500279659002092,0,0,0
1000000US500279659002093,0,0,0
1000000US500279659002094,3,0,3
1000000US500279659002095,0,0,0
1000000US500279659002096,0,0,0
1000000US500279659002097,17,11,6
1000000US500279659002098,0,0,0
1000000US500279659002099,2,2,0
1000000US500279659002100,0,0,0
1000000US500279659002101,66,11,55
1000000US500279659002102,0,0,0
1000000US500279659002103,32,21,11
1000000US500279659002104,3,2,1
1000000US500279659002105,4,0,4
1000000US500279659002106,0,0,0
1000000US500279659002107,29,12,17
1000000US500279659002108,13,6,7
1000000US500279659002109,2,2,0
1000000US500279659002110,0,0,0
1000000US500279659002111,0,0,0
1000000US500279659002112,9,0,9
1000000US500279659002113,3,0,3
1000000US500279659002114,3,2,1
1000000US500279659002115,0,0,0
1000000US500279659002116,4,2,2
1000000US500279659002117,0,0,0
1000000US500279659002118,0,0,0
1000000US500279659002119,0,0,0
1000000US500279659002120,8,4,4
1000000US500279659002121,0,0,0
1000000US500279659002122,6,4,2
1000000US500279659002123,0,0,0
1000000US500279659002124,0,0,0
1000000US500279659002125,0,0,0
1000000US500279659002126,0,0,0
1000000US500279659002127,0,0,0
1000000US500279659003000,8,1,7
1000000US500279659003001,35,25,10
1000000US500279659003002,0,0,0
1000000US500279659003003,0,0,0
1000000US500279659003004,0,0,0
1000000US500279659003005,0,0,0
1000000US500279659003006,3,1,2
1000000US500279659003007,8,2,6
1000000US500279659003008,1,0,1
1000000US500279659003009,0,0,0
1000000US500279659003010,0,0,0
1000000US500279659003011,0,0,0
1000000US500279659003012,0,0,0
1000000US500279659003013,11,7,4
1000000US500279659003014,1,1,0
1000000US500279659003015,5,3,2
1000000US500279659003016,0,0,0
1000000US500279659003017,1,1,0
1000000US500279659003018,5,2,3
1000000US500279659003019,0,0,0
1000000US500279659003020,21,15,6
1000000US500279659003021,1,1,0
1000000US500279659003022,0,0,0
1000000US500279659003023,0,0,0
1000000US500279659003024,0,0,0
1000000US500279659003025,1,0,1
1000000US500279659003026,6,6,0
1000000US500279659003027,1,1,0
1000000US500279659003028,0,0,0
1000000US500279659003029,68,49,19
1000000US500279659003030,4,4,0
1000000US500279659003031,0,0,0
1000000US500279659003032,52,36,16
1000000US500279659003033,3,2,1
1000000US500279659003034,11,3,8
1000000US500279659003035,0,0,0
1000000US500279659003036,6,1,5
1000000US500279659003037,0,0,0
1000000US500279659003038,0,0,0
1000000US500279659003039,0,0,0
1000000US500279659003040,0,0,0
1000000US500279659003041,0,0,0
1000000US500279659003042,0,0,0
1000000US500279659003043,12,7,5
1000000US500279659003044,1,0,1
1000000US500279659003045,4,0,4
1000000US500279659003046,10,3,7
1000000US500279659003047,4,3,1
1000000US500279659003048,0,0,0
1000000US500279659003049,0,0,0
1000000US500279659003050,0,0,0
1000000US500279659003051,0,0,0
1000000US500279659003052,4,4,0
1000000US500279659003053,0,0,0
1000000US500279659003054,18,10,8
1000000US500279659003055,1,1,0
1000000US500279659003056,0,0,0
1000000US500279659003057,4,2,2
1000000US500279659003058,8,4,4
1000000US500279659003059,0,0,0
1000000US500279659003060,5,2,3
1000000US500279659003061,7,3,4
1000000US500279659003062,0,0,0
1000000US500279659003063,0,0,0
1000000US500279659003064,0,0,0
1000000US500279659003065,6,3,3
1000000US500279659003066,2,1,1
1000000US500279659003067,4,4,0
1000000US500279659003068,6,5,1
1000000US500279659003069,1,0,1
1000000US500279659003070,2,1,1
1000000US500279659003071,8,6,2
1000000US500279659003072,12,8,4
1000000US500279659003073,0,0,0
1000000US500279659003074,1,1,0
1000000US500279659003075,3,3,0
1000000US500279659003076,0,0,0
1000000US500279659003077,8,6,2
1000000US500279659003078,0,0,0
1000000US500279659003079,0,0,0
1000000US500279659003080,7,6,1
1000000US500279659003081,0,0,0
1000000US500279659003082,0,0,0
1000000US500279659003083,1,1,0
1000000US500279659003084,21,17,4
1000000US500279659003085,6,1,5
1000000US500279659003086,1,1,0
1000000US500279659003087,2,2,0
1000000US500279659003088,1,1,0
1000000US500279659003089,0,0,0
1000000US500279659003090,7,7,0
1000000US500279659003091,2,2,0
1000000US500279659003092,0,0,0
1000000US500279659003093,11,10,1
1000000US500279659003094,6,4,2
1000000US500279659003095,0,0,0
1000000US500279659003096,0,0,0
1000000US500279659004000,4,4,0
1000000US500279659004001,0,0,0
1000000US500279659004002,4,2,2
1000000US500279659004003,0,0,0
1000000US500279659004004,0,0,0
1000000US500279659004005,18,13,5
1000000US500279659004006,0,0,0
1000000US500279659004007,20,13,7
1000000US500279659004008,0,0,0
1000000US500279659004009,2,2,0
1000000US500279659004010,1,1,0
1000000US500279659004011,1,0,1
1000000US500279659004012,12,8,4
1000000US500279659004013,0,0,0
1000000US500279659004014,10,6,4
1000000US500279659004015,0,0,0
1000000US500279659004016,5,3,2
1000000US500279659004017,11,6,5
1000000US500279659004018,11,9,2
1000000US500279659004019,1,1,0
1000000US500279659004020,12,11,1
1000000US500279659004021,0,0,0
1000000US500279659004022,1,1,0
1000000US500279659004023,0,0,0
1000000US500279659004024,29,17,12
1000000US500279659004025,5,4,1
1000000US500279659004026,0,0,0
1000000US500279659004027,0,0,0
1000000US500279659004028,36,28,8
1000000US500279659004029,0,0,0
1000000US500279659004030,0,0,0
1000000US500279659004031,0,0,0
1000000US500279659004032,4,4,0
1000000US500279659004033,20,16,4
1000000US500279659004034,18,16,2
1000000US500279659004035,19,16,3
1000000US500279659004036,0,0,0
1000000US500279659004037,19,16,3
1000000US500279659004038,0,0,0
1000000US500279659004039,3,3,0
1000000US500279659004040,3,2,1
1000000US500279659004041,1,0,1
1000000US500279659004042,8,8,0
1000000US500279659004043,65,52,13
1000000US500279659004044,1,1,0
1000000US500279659004045,1,0,1
1000000US500279659004046,13,8,5
1000000US500279659004047,0,0,0
1000000US500279659004048,89,66,23
1000000US500279659004049,0,0,0
1000000US500279659004050,0,0,0
1000000US500279659004051,0,0,0
1000000US500279659004052,4,3,1
1000000US500279659004053,0,0,0
1000000US500279659004054,0,0,0
1000000US500279659004055,4,1,3
1000000US500279659004056,23,11,12
1000000US500279659004057,0,0,0
1000000US500279659004058,0,0,0
1000000US500279659004059,3,1,2
1000000US500279659004060,0,0,0
1000000US500279659004061,24,16,8
1000000US500279659004062,0,0,0
1000000US500279659004063,13,10,3
1000000US500279659004064,1,0,1
1000000US500279659004065,0,0,0
1000000US500279659004066,4,3,1
1000000US500279659004067,1,1,0
1000000US500279659004068,0,0,0
1000000US500279659004069,0,0,0
1000000US500279659004070,3,3,0
1000000US500279659004071,3,3,0
1000000US500279659004072,5,3,2
1000000US500279659004073,5,4,1
1000000US500279659004074,209,73,136
1000000US500279659004075,12,0,12
1000000US500279659004076,2,1,1
1000000US500279659004077,0,0,0
1000000US500279659004078,1,1,0
1000000US500279659004079,0,0,0
1000000US500279659004080,0,0,0
1000000US500279659004081,0,0,0
1000000US500279659004082,0,0,0
1000000US500279659004083,8,8,0
1000000US500279659004084,3,2,1
1000000US500279659004085,3,3,0
1000000US500279659004086,0,0,0
1000000US500279659004087,0,0,0
1000000US500279659004088,0,0,0
1000000US500279659004089,2,1,1
1000000US500279659004090,2,1,1
1000000US500279659004091,0,0,0
1000000US500279659004092,0,0,0
1000000US500279659004093,1,0,1
1000000US500279659004094,0,0,0
1000000US500279659004095,0,0,0
1000000US500279659004096,1,1,0
1000000US500279659004097,1,1,0
1000000US500279659004098,0,0,0
1000000US500279659004099,3,3,0
1000000US500279659004100,4,3,1
1000000US500279659004101,0,0,0
1000000US500279659004102,6,4,2
1000000US500279659004103,1,1,0
1000000US500279660001000,3,2,1
1000000US500279660001001,16,14,2
1000000US500279660001002,4,4,0
1000000US500279660001003,7,5,2
1000000US500279660001004,3,3,0
1000000US500279660001005,119,113,6
1000000US500279660001006,6,5,1
1000000US500279660001007,4,4,0
1000000US500279660001008,16,15,1
1000000US500279660001009,0,0,0
1000000US500279660001010,4,3,1
1000000US500279660001011,16,13,3
1000000US500279660001012,9,9,0
1000000US500279660001013,26,24,2
1000000US500279660001014,0,0,0
1000000US500279660001015,1,1,0
1000000US500279660001016,28,24,4
1000000US500279660001017,0,0,0
1000000US500279660001018,1,1,0
1000000US500279660001019,0,0,0
1000000US500279660001020,0,0,0
1000000US500279660001021,16,14,2
1000000US500279660001022,0,0,0
1000000US500279660001023,23,17,6
1000000US500279660001024,14,9,5
1000000US500279660001025,116,106,10
1000000US500279660001026,0,0,0
1000000US500279660001027,55,51,4
1000000US500279660001028,0,0,0
1000000US500279660001029,7,6,1
1000000US500279660001030,0,0,0
1000000US500279660001031,0,0,0
1000000US500279660001032,0,0,0
1000000US500279660002000,85,76,9
1000000US500279660002001,30,27,3
1000000US500279660002002,42,32,10
1000000US500279660002003,0,0,0
1000000US500279660002004,175,158,17
1000000US500279660002005,0,0,0
1000000US500279660002006,131,112,19
1000000US500279660002007,22,19,3
1000000US500279660002008,4,4,0
1000000US500279660002009,0,0,0
1000000US500279660002010,0,0,0
1000000US500279660002011,1,1,0
1000000US500279660002012,18,12,6
1000000US500279660002013,9,8,1
1000000US500279660002014,9,9,0
1000000US500279660002015,13,12,1
1000000US500279660002016,0,0,0
1000000US500279660002017,8,6,2
1000000US500279660002018,2,2,0
1000000US500279660002019,0,0,0
1000000US500279660002020,45,41,4
1000000US500279660002021,2,2,0
1000000US500279660002022,0,0,0
1000000US500279660002023,17,13,4
1000000US500279660002024,0,0,0
1000000US500279660002025,0,0,0
1000000US500279660002026,0,0,0
1000000US500279660002027,0,0,0
1000000US500279660002028,0,0,0
1000000US500279660002029,15,14,1
1000000US500279660003000,28,26,2
1000000US500279660003001,0,0,0
1000000US500279660003002,16,15,1
1000000US500279660003003,5,5,0
1000000US500279660003004,52,46,6
1000000US500279660003005,17,15,2
1000000US500279660003006,0,0,0
1000000US500279660003007,60,56,4
1000000US500279660003008,23,18,5
1000000US500279660003009,0,0,0
1000000US500279660003010,0,0,0
1000000US500279660003011,0,0,0
1000000US500279660003012,0,0,0
1000000US500279660003013,0,0,0
1000000US500279660003014,0,0,0
1000000US500279660003015,21,21,0
1000000US500279660003016,2,1,1
1000000US500279660003017,42,39,3
1000000US500279660003018,4,4,0
1000000US500279660003019,9,9,0
1000000US500279660003020,0,0,0
1000000US500279660003021,0,0,0
1000000US500279660003022,51,22,29
1000000US500279660003023,3,2,1
1000000US500279660003024,0,0,0
1000000US500279660003025,1,1,0
1000000US500279660003026,0,0,0
1000000US500279660003027,0,0,0
1000000US500279660003028,2,2,0
1000000US500279660003029,0,0,0
1000000US500279660003030,0,0,0
1000000US500279660003031,6,6,0
1000000US500279660003032,0,0,0
1000000US500279660004000,0,0,0
1000000US500279660004001,1,1,0
1000000US500279660004002,14,12,2
1000000US500279660004003,0,0,0
1000000US500279660004004,10,8,2
1000000US500279660004005,0,0,0
1000000US500279660004006,0,0,0
1000000US500279660004007,0,0,0
1000000US500279660004008,4,3,1
1000000US500279660004009,0,0,0
1000000US500279660004010,1,1,0
1000000US500279660004011,1,0,1
1000000US500279660004012,12,10,2
1000000US500279660004013,0,0,0
1000000US500279660004014,22,20,2
1000000US500279660004015,0,0,0
1000000US500279660004016,0,0,0
1000000US500279660004017,0,0,0
1000000US500279660004018,1,1,0
1000000US500279660004019,0,0,0
1000000US500279660004020,0,0,0
1000000US500279660004021,13,10,3
1000000US500279660004022,3,3,0
1000000US500279660004023,1,1,0
1000000US500279660004024,1,1,0
1000000US500279660004025,1,1,0
1000000US500279660004026,1,1,0
1000000US500279660004027,23,17,6
1000000US500279660004028,1,1,0
1000000US500279660004029,0,0,0
1000000US500279660004030,0,0,0
1000000US500279660004031,0,0,0
1000000US500279660004032,0,0,0
1000000US500279660004033,0,0,0
1000000US500279660004034,0,0,0
1000000US500279660004035,0,0,0
1000000US500279660004036,0,0,0
1000000US500279660004037,0,0,0
1000000US500279660004038,0,0,0
1000000US500279660004039,20,15,5
1000000US500279660004040,0,0,0
1000000US500279660004041,0,0,0
1000000US500279660004042,1,1,0
1000000US500279660004043,0,0,0
1000000US500279660004044,14,12,2
1000000US500279660004045,5,5,0
1000000US500279660004046,42,38,4
1000000US500279660004047,13,10,3
1000000US500279660004048,0,0,0
1000000US500279660004049,0,0,0
1000000US500279660004050,0,0,0
1000000US500279660004051,7,7,0
1000000US500279660004052,0,0,0
1000000US500279660004053,0,0,0
1000000US500279660004054,3,3,0
1000000US500279660004055,0,0,0
1000000US500279660004056,30,29,1
1000000US500279660004057,0,0,0
1000000US500279660004058,0,0,0
1000000US500279660004059,1,0,1
1000000US500279660004060,0,0,0
1000000US500279660004061,0,0,0
1000000US500279660004062,0,0,0
1000000US500279660004063,0,0,0
1000000US500279660004064,0,0,0
1000000US500279660004065,0,0,0
1000000US500279660004066,0,0,0
1000000US500279660004067,0,0,0
1000000US500279660004068,1,1,0
1000000US500279660004069,1,1,0
1000000US500279660004070,0,0,0
1000000US500279661001000,43,43,0
1000000US500279661001001,16,15,1
1000000US500279661001002,6,5,1
1000000US500279661001003,1,1,0
1000000US500279661001004,64,52,12
1000000US500279661001005,8,7,1
1000000US500279661001006,0,0,0
1000000US500279661001007,14,11,3
1000000US500279661001008,0,0,0
1000000US500279661001009,5,5,0
1000000US500279661001010,4,4,0
1000000US500279661001011,55,50,5
1000000US500279661001012,3,3,0
1000000US500279661001013,0,0,0
1000000US500279661001014,3,2,1
1000000US500279661001015,1,0,1
1000000US500279661001016,0,0,0
1000000US500279661001017,5,5,0
1000000US500279661001018,1,1,0
1000000US500279661001019,1,1,0
1000000US500279661001020,34,26,8
1000000US500279661001021,3,3,0
1000000US500279661001022,0,0,0
1000000US500279661001023,11,11,0
1000000US500279661001024,2,1,1
1000000US500279661001025,20,16,4
1000000US500279661001026,2,1,1
1000000US500279661001027,4,4,0
1000000US500279661001028,8,6,2
1000000US500279661001029,5,5,0
1000000US500279661001030,7,6,1
1000000US500279661001031,0,0,0
1000000US500279661001032,0,0,0
1000000US500279661001033,3,3,0
1000000US500279661001034,18,14,4
1000000US500279661001035,0,0,0
1000000US500279661001036,1,0,1
1000000US500279661001037,2,2,0
1000000US500279661001038,1,1,0
1000000US500279661001039,8,7,1
1000000US500279661001040,1,1,0
1000000US500279661001041,16,16,0
1000000US500279661001042,41,39,2
1000000US500279661001043,0,0,0
1000000US500279661001044,0,0,0
1000000US500279661001045,2,2,0
1000000US500279661001046,0,0,0
1000000US500279661001047,0,0,0
1000000US500279661001048,0,0,0
1000000US500279661001049,12,11,1
1000000US500279661001050,0,0,0
1000000US500279661001051,15,14,1
1000000US500279661001052,2,2,0
1000000US500279661001053,0,0,0
1000000US500279661001054,0,0,0
1000000US500279661001055,6,6,0
1000000US500279661001056,19,19,0
1000000US500279661001057,0,0,0
1000000US500279661001058,0,0,0
1000000US500279661001059,7,6,1
1000000US500279661001060,0,0,0
1000000US500279661001061,0,0,0
1000000US500279661001062,8,8,0
1000000US500279661001063,15,12,3
1000000US500279661001064,1,0,1
1000000US500279661001065,4,4,0
1000000US500279661001066,0,0,0
1000000US500279661002000,0,0,0
1000000US500279661002001,0,0,0
1000000US500279661002002,3,3,0
1000000US500279661002003,0,0,0
1000000US500279661002004,1,1,0
1000000US500279661002005,1,1,0
1000000US500279661002006,0,0,0
1000000US500279661002007,0,0,0
1000000US500279661002008,0,0,0
1000000US500279661002009,2,2,0
1000000US500279661002010,1,1,0
1000000US500279661002011,1,1,0
1000000US500279661002012,1,1,0
1000000US500279661002013,12,11,1
1000000US500279661002014,1,1,0
1000000US500279661002015,8,8,0
1000000US500279661002016,7,7,0
1000000US500279661002017,7,5,2
1000000US500279661002018,3,3,0
1000000US500279661002019,0,0,0
1000000US500279661002020,13,11,2
1000000US500279661002021,14,10,4
1000000US500279661002022,3,3,0
1000000US500279661002023,0,0,0
1000000US500279661002024,0,0,0
1000000US500279661002025,8,7,1
1000000US500279661002026,13,13,0
1000000US500279661002027,11,11,0
1000000US500279661002028,3,3,0
1000000US500279661002029,0,0,0
1000000US500279661002030,2,2,0
1000000US500279661002031,4,3,1
1000000US500279661002032,0,0,0
1000000US500279661002033,1,1,0
1000000US500279661002034,3,1,2
1000000US500279661002035,13,9,4
1000000US500279661002036,9,9,0
1000000US500279661002037,0,0,0
1000000US500279661002038,4,3,1
1000000US500279661002039,46,41,5
1000000US500279661002040,0,0,0
1000000US500279661002041,5,5,0
1000000US500279661002042,9,6,3
1000000US500279661002043,0,0,0
1000000US500279661002044,9,8,1
1000000US500279661002045,36,33,3
1000000US500279661002046,0,0,0
1000000US500279661002047,0,0,0
1000000US500279661002048,0,0,0
1000000US500279661002049,0,0,0
1000000US500279661002050,2,2,0
1000000US500279661002051,0,0,0
1000000US500279661002052,17,16,1
1000000US500279661002053,0,0,0
1000000US500279661002054,4,4,0
1000000US500279661002055,2,2,0
1000000US500279661002056,23,22,1
1000000US500279661002057,0,0,0
1000000US500279661002058,1,1,0
1000000US500279661002059,0,0,0
1000000US500279661002060,18,16,2
1000000US500279661002061,0,0,0
1000000US500279661002062,5,3,2
1000000US500279661002063,0,0,0
1000000US500279661002064,0,0,0
1000000US500279661002065,16,13,3
1000000US500279661002066,4,3,1
1000000US500279661002067,0,0,0
1000000US500279661002068,2,2,0
1000000US500279661002069,18,18,0
1000000US500279661002070,0,0,0
1000000US500279661003000,19,16,3
1000000US500279661003001,0,0,0
1000000US500279661003002,0,0,0
1000000US500279661003003,11,10,1
1000000US500279661003004,0,0,0
1000000US500279661003005,5,5,0
1000000US500279661003006,1,1,0
1000000US500279661003007,2,2,0
1000000US500279661003008,0,0,0
1000000US500279661003009,0,0,0
1000000US500279661003010,1,1,0
1000000US500279661003011,5,3,2
1000000US500279661003012,1,1,0
1000000US500279661003013,0,0,0
1000000US500279661003014,5,4,1
1000000US500279661003015,6,4,2
1000000US500279661003016,0,0,0
1000000US500279661003017,6,6,0
1000000US500279661003018,5,5,0
1000000US500279661003019,0,0,0
1000000US500279661003020,5,4,1
1000000US500279661003021,0,0,0
1000000US500279661003022,7,6,1
1000000US500279661003023,0,0,0
1000000US500279661003024,0,0,0
1000000US500279661003025,2,2,0
1000000US500279661003026,11,9,2
1000000US500279661003027,2,2,0
1000000US500279661003028,1,1,0
1000000US500279661003029,4,4,0
1000000US500279661003030,0,0,0
1000000US500279661003031,0,0,0
1000000US500279661003032,0,0,0
1000000US500279661003033,27,20,7
1000000US500279661003034,0,0,0
1000000US500279661003035,0,0,0
1000000US500279661003036,13,13,0
1000000US500279661003037,0,0,0
1000000US500279661003038,1,1,0
1000000US500279661003039,0,0,0
1000000US500279661003040,0,0,0
1000000US500279661003041,0,0,0
1000000US500279661003042,0,0,0
1000000US500279661003043,0,0,0
1000000US500279661003044,36,28,8
1000000US500279661003045,4,4,0
1000000US500279661003046,0,0,0
1000000US500279661003047,0,0,0
1000000US500279661003048,0,0,0
1000000US500279661003049,15,11,4
1000000US500279661003050,0,0,0
1000000US500279661003051,0,0,0
1000000US500279661003052,3,3,0
1000000US500279661003053,4,3,1
1000000US500279661003054,0,0,0
1000000US500279661003055,0,0,0
1000000US500279661003056,0,0,0
1000000US500279661003057,0,0,0
1000000US500279661003058,0,0,0
1000000US500279661003059,3,2,1
1000000US500279661003060,7,7,0
1000000US500279661003061,0,0,0
1000000US500279661003062,5,4,1
1000000US500279661003063,42,35,7
1000000US500279661003064,1,1,0
1000000US500279661003065,0,0,0
1000000US500279661003066,4,3,1
1000000US500279661003067,0,0,0
1000000US500279661003068,9,7,2
1000000US500279661003069,4,4,0
1000000US500279661003070,13,13,0
1000000US500279661003071,27,22,5
1000000US500279661003072,7,4,3
1000000US500279661003073,0,0,0
1000000US500279661003074,22,19,3
1000000US500279661003075,0,0,0
1000000US500279661003076,0,0,0
1000000US500279661003077,7,6,1
1000000US500279661003078,2,2,0
1000000US500279661003079,14,13,1
1000000US500279661003080,5,5,0
1000000US500279661003081,1,1,0
1000000US500279661003082,2,1,1
1000000US500279661003083,0,0,0
1000000US500279661003084,0,0,0
1000000US500279661003085,0,0,0
1000000US500279661003086,0,0,0
1000000US500279661003087,0,0,0
1000000US500279661003088,5,3,2
1000000US500279661003089,0,0,0
1000000US500279661003090,0,0,0
1000000US500279661003091,51,45,6
1000000US500279661003092,1,1,0
1000000US500279661003093,0,0,0
1000000US500279661003094,0,0,0
1000000US500279661003095,4,4,0
1000000US500279661003096,12,10,2
1000000US500279661003097,51,47,4
1000000US500279661003098,2,2,0
1000000US500279661003099,0,0,0
1000000US500279661003100,0,0,0
1000000US500279661003101,2,2,0
1000000US500279661003102,0,0,0
1000000US500279661003103,0,0,0
1000000US500279661003104,20,18,2
1000000US500279661003105,8,8,0
1000000US500279661003106,9,9,0
1000000US500279661003107,8,6,2
1000000US500279661003108,2,2,0
1000000US500279661003109,0,0,0
1000000US500279661003110,0,0,0
1000000US500279661003111,0,0,0
1000000US500279661003112,1,1,0
1000000US500279661003113,0,0,0
1000000US500279662001000,1,1,0
1000000US500279662001001,22,15,7
1000000US500279662001002,8,6,2
1000000US500279662001003,0,0,0
1000000US500279662001004,0,0,0
1000000US500279662001005,32,20,12
1000000US500279662001006,0,0,0
1000000US500279662001007,7,3,4
1000000US500279662001008,0,0,0
1000000US500279662001009,37,23,14
1000000US500279662001010,1,0,1
1000000US500279662001011,0,0,0
1000000US500279662001012,2,1,1
1000000US500279662001013,12,9,3
1000000US500279662001014,4,3,1
1000000US500279662001015,2,1,1
1000000US500279662001016,4,4,0
1000000US500279662001017,1,0,1
1000000US500279662001018,0,0,0
1000000US500279662001019,0,0,0
1000000US500279662001020,0,0,0
1000000US500279662001021,1,0,1
1000000US500279662001022,137,51,86
1000000US500279662001023,2,2,0
1000000US500279662001024,21,13,8
1000000US500279662001025,0,0,0
1000000US500279662001026,0,0,0
1000000US500279662001027,5,4,1
1000000US500279662001028,30,12,18
1000000US500279662001029,6,3,3
1000000US500279662001030,1,0,1
1000000US500279662001031,8,4,4
1000000US500279662001032,4,3,1
1000000US500279662001033,45,28,17
1000000US500279662001034,5,5,0
1000000US500279662001035,0,0,0
1000000US500279662001036,1,1,0
1000000US500279662001037,25,22,3
1000000US500279662001038,0,0,0
1000000US500279662001039,1,1,0
1000000US500279662001040,14,9,5
1000000US500279662001041,2,2,0
1000000US500279662001042,0,0,0
1000000US500279662001043,1,1,0
1000000US500279662001044,3,2,1
1000000US500279662001045,0,0,0
1000000US500279662001046,8,5,3
1000000US500279662001047,39,26,13
1000000US500279662001048,1,1,0
1000000US500279662001049,1,1,0
1000000US500279662001050,4,4,0
1000000US500279662001051,3,2,1
1000000US500279662001052,10,4,6
1000000US500279662001053,0,0,0
1000000US500279662001054,2,2,0
1000000US500279662001055,14,12,2
1000000US500279662001056,0,0,0
1000000US500279662001057,2,1,1
1000000US500279662001058,7,5,2
1000000US500279662001059,2,0,2
1000000US500279662001060,1,1,0
1000000US500279662001061,0,0,0
1000000US500279662001062,17,12,5
1000000US500279662001063,34,19,15
1000000US500279662001064,40,24,16
1000000US500279662001065,1,1,0
1000000US500279662001066,6,6,0
1000000US500279662001067,0,0,0
1000000US500279662001068,5,4,1
1000000US500279662001069,0,0,0
1000000US500279662001070,9,5,4
1000000US500279662001071,1,1,0
1000000US500279662001072,3,3,0
1000000US500279662001073,2,2,0
1000000US500279662001074,1,1,0
1000000US500279662001075,2,1,1
1000000US500279662001076,0,0,0
1000000US500279662002000,0,0,0
1000000US500279662002001,0,0,0
1000000US500279662002002,0,0,0
1000000US500279662002003,7,6,1
1000000US500279662002004,2,1,1
1000000US500279662002005,0,0,0
1000000US500279662002006,7,3,4
1000000US500279662002007,0,0,0
1000000US500279662002008,0,0,0
1000000US500279662002009,10,5,5
1000000US500279662002010,1,0,1
1000000US500279662002011,1,0,1
1000000US500279662002012,0,0,0
1000000US500279662002013,15,13,2
1000000US500279662002014,0,0,0
1000000US500279662002015,19,16,3
1000000US500279662002016,0,0,0
1000000US500279662002017,1,0,1
1000000US500279662002018,1,0,1
1000000US500279662002019,0,0,0
1000000US500279662002020,0,0,0
1000000US500279662002021,2,1,1
1000000US500279662002022,64,40,24
1000000US500279662002023,0,0,0
1000000US500279662002024,3,3,0
1000000US500279662002025,0,0,0
1000000US500279662002026,0,0,0
1000000US500279662002027,2,2,0
1000000US500279662002028,2,2,0
1000000US500279662002029,1,1,0
1000000US500279662002030,16,9,7
1000000US500279662002031,19,9,10
1000000US500279662002032,1,0,1
1000000US500279662002033,0,0,0
1000000US500279662002034,8,6,2
1000000US500279662002035,3,2,1
1000000US500279662002036,7,6,1
1000000US500279662002037,0,0,0
1000000US500279662002038,0,0,0
1000000US500279662002039,6,2,4
1000000US500279662002040,18,15,3
1000000US500279662002041,4,2,2
1000000US500279662002042,0,0,0
1000000US500279662002043,0,0,0
1000000US500279662002044,0,0,0
1000000US500279662002045,0,0,0
1000000US500279662002046,0,0,0
1000000US500279662002047,0,0,0
1000000US500279662002048,0,0,0
1000000US500279662002049,0,0,0
1000000US500279662002050,2,1,1
1000000US500279662002051,0,0,0
1000000US500279662002052,0,0,0
1000000US500279662002053,0,0,0
1000000US500279662002054,0,0,0
1000000US500279662002055,7,5,2
1000000US500279662002056,33,23,10
1000000US500279662002057,0,0,0
1000000US500279662002058,3,3,0
1000000US500279662002059,16,15,1
1000000US500279662002060,0,0,0
1000000US500279662002061,0,0,0
1000000US500279662002062,0,0,0
1000000US500279662002063,4,0,4
1000000US500279662002064,0,0,0
1000000US500279662002065,4,3,1
1000000US500279662002066,4,4,0
1000000US500279662002067,2,2,0
1000000US500279662002068,1,0,1
1000000US500279662002069,0,0,0
1000000US500279662002070,0,0,0
1000000US500279662002071,2,1,1
1000000US500279662002072,0,0,0
1000000US500279662002073,9,9,0
1000000US500279662002074,43,39,4
1000000US500279662002075,6,5,1
1000000US500279662002076,6,6,0
1000000US500279662002077,3,3,0
1000000US500279662002078,12,11,1
1000000US500279662002079,21,16,5
1000000US500279662002080,0,0,0
1000000US500279662002081,0,0,0
1000000US500279662002082,0,0,0
1000000US500279662002083,0,0,0
1000000US500279662002084,0,0,0
1000000US500279662002085,0,0,0
1000000US500279662002086,0,0,0
1000000US500279662002087,7,6,1
1000000US500279663001000,1,1,0
1000000US500279663001001,0,0,0
1000000US500279663001002,28,13,15
1000000US500279663001003,0,0,0
1000000US500279663001004,0,0,0
1000000US500279663001005,4,1,3
1000000US500279663001006,49,9,40
1000000US500279663001007,0,0,0
1000000US500279663001008,0,0,0
1000000US500279663001009,2,2,0
1000000US500279663001010,24,11,13
1000000US500279663001011,0,0,0
1000000US500279663001012,2,1,1
1000000US500279663001013,50,12,38
1000000US500279663001014,0,0,0
1000000US500279663001015,0,0,0
1000000US500279663001016,24,4,20
1000000US500279663001017,5,2,3
1000000US500279663001018,16,7,9
1000000US500279663001019,3,0,3
1000000US500279663001020,12,2,10
1000000US500279663001021,29,3,26
1000000US500279663001022,0,0,0
1000000US500279663001023,14,2,12
1000000US500279663001024,25,11,14
1000000US500279663001025,11,0,11
1000000US500279663001026,2,1,1
1000000US500279663001027,6,0,6
1000000US500279663001028,5,1,4
1000000US500279663001029,6,3,3
1000000US500279663001030,17,5,12
1000000US500279663001031,0,0,0
1000000US500279663001032,5,0,5
1000000US500279663001033,0,0,0
1000000US500279663001034,2,1,1
1000000US500279663001035,19,10,9
1000000US500279663001036,1,1,0
1000000US500279663001037,0,0,0
1000000US500279663001038,0,0,0
1000000US500279663001039,0,0,0
1000000US500279663001040,9,5,4
1000000US500279663001041,3,1,2
1000000US500279663001042,0,0,0
1000000US500279663001043,6,3,3
1000000US500279663001044,13,7,6
1000000US500279663001045,8,1,7
1000000US500279663001046,0,0,0
1000000US500279663001047,5,3,2
1000000US500279663001048,0,0,0
1000000US500279663001049,0,0,0
1000000US500279663001050,0,0,0
1000000US500279663001051,53,17,36
1000000US500279663001052,3,1,2
1000000US500279663001053,0,0,0
1000000US500279663001054,22,6,16
1000000US500279663001055,6,2,4
1000000US500279663001056,0,0,0
1000000US500279663001057,0,0,0
1000000US500279663001058,8,5,3
1000000US500279663001059,0,0,0
1000000US500279663001060,29,21,8
1000000US500279663001061,0,0,0
1000000US500279663001062,142,94,48
1000000US500279663001063,48,30,18
1000000US500279663001064,54,25,29
1000000US500279663001065,25,6,19
1000000US500279663001066,15,6,9
1000000US500279663001067,0,0,0
1000000US500279663001068,1,0,1
1000000US500279663001069,1,0,1
1000000US500279663001070,31,10,21
1000000US500279663001071,3,0,3
1000000US500279663001072,0,0,0
1000000US500279663001073,36,12,24
1000000US500279663001074,9,8,1
1000000US500279663001075,4,0,4
1000000US500279663001076,8,1,7
1000000US500279663001077,8,2,6
1000000US500279663001078,0,0,0
1000000US500279663001079,1,0,1
1000000US500279663002000,0,0,0
1000000US500279663002001,0,0,0
1000000US500279663002002,0,0,0
1000000US500279663002003,6,4,2
1000000US500279663002004,0,0,0
1000000US500279663002005,4,4,0
1000000US500279663002006,0,0,0
1000000US500279663002007,10,6,4
1000000US500279663002008,23,5,18
1000000US500279663002009,8,3,5
1000000US500279663002010,11,4,7
1000000US500279663002011,53,32,21
1000000US500279663002012,0,0,0
1000000US500279663002013,34,3,31
1000000US500279663002014,0,0,0
1000000US500279663002015,0,0,0
1000000US500279663002016,2,0,2
1000000US500279663002017,32,20,12
1000000US500279663002018,36,19,17
1000000US500279663002019,0,0,0
1000000US500279663002020,19,13,6
1000000US500279663002021,30,18,12
1000000US500279663002022,2,0,2
1000000US500279663002023,11,6,5
1000000US500279663002024,0,0,0
1000000US500279663002025,24,6,18
1000000US500279663002026,8,4,4
1000000US500279663002027,0,0,0
1000000US500279663002028,0,0,0
1000000US500279663002029,33,2,31
1000000US500279663002030,0,0,0
1000000US500279663002031,17,11,6
1000000US500279663002032,83,49,34
1000000US500279663002033,2,1,1
1000000US500279663002034,29,15,14
1000000US500279663002035,20,17,3
1000000US500279663002036,19,15,4
1000000US500279663002037,1,1,0
1000000US500279663003000,0,0,0
1000000US500279663003001,0,0,0
1000000US500279663003002,180,0,180
1000000US500279663003003,5,2,3
1000000US500279663003004,0,0,0
1000000US500279663003005,0,0,0
1000000US500279663003006,0,0,0
1000000US500279663003007,0,0,0
1000000US500279663003008,0,0,0
1000000US500279663003009,5,3,2
1000000US500279663003010,50,0,50
1000000US500279663003011,0,0,0
1000000US500279663003012,10,1,9
1000000US500279663003013,11,0,11
1000000US500279663003014,447,4,443
1000000US500279663003015,366,37,329
1000000US500279663003016,101,8,93
1000000US500279663003017,1,0,1
1000000US500279663003018,4,0,4
1000000US500279663003019,0,0,0
1000000US500279663003020,64,4,60
1000000US500279663003021,1,1,0
1000000US500279663003022,11,0,11
1000000US500279663003023,10,2,8
1000000US500279663003024,15,2,13
1000000US500279663003025,2,0,2
1000000US500279663003026,14,10,4
1000000US500279663003027,0,0,0
1000000US500279663003028,0,0,0
1000000US500279663003029,1,0,1
1000000US500279663003030,29,0,29
1000000US500279663003031,1,0,1
1000000US500279663003032,6,6,0
1000000US500279663003033,0,0,0
1000000US500279663003034,160,59,101
1000000US500279663003035,2,0,2
1000000US500279663003036,3,3,0
1000000US500279663003037,0,0,0
1000000US500279663003038,2,2,0
1000000US500279663003039,4,4,0
1000000US500279663003040,23,8,15
1000000US500279663003041,5,4,1
1000000US500279663003042,0,0,0
1000000US500279663003043,43,21,22
1000000US500279663003044,3,1,2
1000000US500279663003045,0,0,0
1000000US500279663003046,21,6,15
1000000US500279663003047,3,2,1
1000000US500279663003048,0,0,0
1000000US500279663003049,0,0,0
1000000US500279663003050,3,2,1
1000000US500279663003051,4,3,1
1000000US500279663003052,3,1,2
1000000US500279663003053,5,3,2
1000000US500279663003054,2,0,2
1000000US500279663003055,4,3,1
1000000US500279663003056,22,12,10
1000000US500279663003057,35,22,13
1000000US500279663003058,0,0,0
1000000US500279663003059,1,1,0
1000000US500279663003060,0,0,0
1000000US500279663003061,0,0,0
1000000US500279663003062,6,3,3
1000000US500279663003063,0,0,0
1000000US500279663003064,0,0,0
1000000US500279663003065,0,0,0
1000000US500279663003066,1,1,0
1000000US500279663003067,14,7,7
1000000US500279663003068,0,0,0
1000000US500279663003069,8,4,4
1000000US500279663003070,0,0,0
1000000US500279663003071,0,0,0
1000000US500279663003072,0,0,0
1000000US500279663003073,0,0,0
1000000US500279663003074,56,23,33
1000000US500279663003075,3,1,2
1000000US500279663003076,0,0,0
1000000US500279663003077,3,0,3
1000000US500279663003078,0,0,0
1000000US500279663003079,0,0,0
1000000US500279663003080,0,0,0
1000000US500279663003081,0,0,0
1000000US500279663003082,0,0,0
1000000US500279663003083,0,0,0
1000000US500279663003084,14,8,6
1000000US500279663003085,0,0,0
1000000US500279663003086,22,2,20
1000000US500279663003087,0,0,0
1000000US500279663003088,7,4,3
1000000US500279663003089,37,12,25
1000000US500279663003090,0,0,0
1000000US500279663003091,0,0,0
1000000US500279663003092,1,0,1
1000000US500279663003093,0,0,0
1000000US500279663003094,1,1,0
1000000US500279663003095,0,0,0
1000000US500279665001000,0,0,0
1000000US500279665001001,15,12,3
1000000US500279665001002,0,0,0
1000000US500279665001003,5,4,1
1000000US500279665001004,8,7,1
1000000US500279665001005,2,2,0
1000000US500279665001006,14,9,5
1000000US500279665001007,0,0,0
1000000US500279665001008,7,3,4
1000000US500279665001009,2,1,1
1000000US500279665001010,21,17,4
1000000US500279665001011,3,2,1
1000000US500279665001012,16,14,2
1000000US500279665001013,2,2,0
1000000US500279665001014,29,24,5
1000000US500279665001015,2,2,0
1000000US500279665001016,0,0,0
1000000US500279665001017,3,3,0
1000000US500279665001018,8,6,2
1000000US500279665001019,3,3,0
1000000US500279665001020,22,21,1
1000000US500279665001021,0,0,0
1000000US500279665001022,1,1,0
1000000US500279665001023,0,0,0
1000000US500279665001024,13,13,0
1000000US500279665001025,74,58,16
1000000US500279665001026,1,1,0
1000000US500279665001027,45,37,8
1000000US500279665001028,36,30,6
1000000US500279665001029,2,1,1
1000000US500279665001030,3,3,0
1000000US500279665001031,0,0,0
1000000US500279665001032,2,1,1
1000000US500279665001033,4,3,1
1000000US500279665001034,1,1,0
1000000US500279665001035,2,2,0
1000000US500279665001036,45,36,9
1000000US500279665001037,0,0,0
1000000US500279665001038,29,22,7
1000000US500279665001039,5,5,0
1000000US500279665001040,4,3,1
1000000US500279665001041,75,59,16
1000000US500279665001042,0,0,0
1000000US500279665001043,2,2,0
1000000US500279665001044,3,3,0
1000000US500279665001045,0,0,0
1000000US500279665001046,2,2,0
1000000US500279665001047,51,40,11
1000000US500279665001048,2,1,1
1000000US500279665001049,2,2,0
1000000US500279665001050,7,7,0
1000000US500279665001051,0,0,0
1000000US500279665001052,0,0,0
1000000US500279665001053,4,4,0
1000000US500279665001054,0,0,0
1000000US500279665001055,0,0,0
1000000US500279665001056,0,0,0
1000000US500279665001057,0,0,0
1000000US500279665001058,0,0,0
1000000US500279665001059,0,0,0
1000000US500279665001060,0,0,0
1000000US500279665001061,0,0,0
1000000US500279665001062,9,7,2
1000000US500279665001063,4,4,0
1000000US500279665001064,6,3,3
1000000US500279665001065,2,2,0
1000000US500279665001066,0,0,0
1000000US500279665001067,0,0,0
1000000US500279665001068,0,0,0
1000000US500279665001069,3,3,0
1000000US500279665002000,3,3,0
1000000US500279665002001,8,7,1
1000000US500279665002002,0,0,0
1000000US500279665002003,7,7,0
1000000US500279665002004,51,46,5
1000000US500279665002005,10,9,1
1000000US500279665002006,0,0,0
1000000US500279665002007,0,0,0
1000000US500279665002008,1,0,1
1000000US500279665002009,10,8,2
1000000US500279665002010,36,33,3
1000000US500279665002011,0,0,0
1000000US500279665002012,3,3,0
1000000US500279665002013,1,1,0
1000000US500279665002014,0,0,0
1000000US500279665002015,18,15,3
1000000US500279665002016,19,14,5
1000000US500279665002017,0,0,0
1000000US500279665002018,3,3,0
1000000US500279665002019,0,0,0
1000000US500279665002020,7,6,1
1000000US500279665002021,0,0,0
1000000US500279665002022,62,59,3
1000000US500279665002023,0,0,0
1000000US500279665002024,38,33,5
1000000US500279665002025,1,1,0
1000000US500279665002026,99,72,27
1000000US500279665002027,0,0,0
1000000US500279665002028,0,0,0
1000000US500279665002029,0,0,0
1000000US500279665002030,29,26,3
1000000US500279665002031,6,5,1
1000000US500279665002032,11,9,2
1000000US500279665002033,25,25,0
1000000US500279665002034,0,0,0
1000000US500279665002035,13,12,1
1000000US500279665002036,5,5,0
1000000US500279665002037,4,2,2
1000000US500279665002038,68,64,4
1000000US500279665002039,15,13,2
1000000US500279665002040,4,3,1
1000000US500279665002041,11,11,0
1000000US500279665003000,4,1,3
1000000US500279665003001,1,0,1
1000000US500279665003002,0,0,0
1000000US500279665003003,3,2,1
1000000US500279665003004,2,1,1
1000000US500279665003005,4,3,1
1000000US500279665003006,0,0,0
1000000US500279665003007,1,0,1
1000000US500279665003008,0,0,0
1000000US500279665003009,1,0,1
1000000US500279665003010,153,83,70
1000000US500279665003011,0,0,0
1000000US500279665003012,1,1,0
1000000US500279665003013,1,1,0
1000000US500279665003014,0,0,0
1000000US500279665003015,2,2,0
1000000US500279665003016,0,0,0
1000000US500279665003017,0,0,0
1000000US500279665003018,0,0,0
1000000US500279665003019,0,0,0
1000000US500279665003020,0,0,0
1000000US500279665003021,0,0,0
1000000US500279665003022,0,0,0
1000000US500279665003023,27,20,7
1000000US500279665003024,3,1,2
1000000US500279665003025,0,0,0
1000000US500279665003026,0,0,0
1000000US500279665003027,0,0,0
1000000US500279665003028,0,0,0
1000000US500279665003029,1,1,0
1000000US500279665003030,0,0,0
1000000US500279665003031,6,2,4
1000000US500279665003032,0,0,0
1000000US500279665003033,2,1,1
1000000US500279665003034,0,0,0
1000000US500279665003035,8,3,5
1000000US500279665003036,13,12,1
1000000US500279665003037,0,0,0
1000000US500279665003038,3,2,1
1000000US500279665003039,0,0,0
1000000US500279665003040,0,0,0
1000000US500279665003041,0,0,0
1000000US500279665003042,0,0,0
1000000US500279665003043,0,0,0
1000000US500279665003044,12,8,4
1000000US500279665003045,0,0,0
1000000US500279665003046,0,0,0
1000000US500279665003047,8,4,4
1000000US500279665003048,2,1,1
1000000US500279665003049,5,2,3
1000000US500279665003050,0,0,0
1000000US500279665003051,4,2,2
1000000US500279665003052,0,0,0
1000000US500279665003053,0,0,0
1000000US500279665003054,5,3,2
1000000US500279665003055,0,0,0
1000000US500279665003056,5,1,4
1000000US500279665003057,0,0,0
1000000US500279665003058,103,79,24
1000000US500279665003059,0,0,0
1000000US500279665003060,0,0,0
1000000US500279665003061,0,0,0
1000000US500279665003062,0,0,0
1000000US500279665003063,3,3,0
1000000US500279665003064,14,11,3
1000000US500279665003065,8,4,4
1000000US500279665003066,0,0,0
1000000US500279665003067,0,0,0
1000000US500279665003068,0,0,0
1000000US500279665003069,14,11,3
1000000US500279665003070,1,0,1
1000000US500279665003071,0,0,0
1000000US500279665003072,1,0,1
1000000US500279665003073,7,5,2
1000000US500279665003074,0,0,0
1000000US500279665003075,51,39,12
1000000US500279665003076,10,9,1
1000000US500279665003077,1,1,0
1000000US500279665003078,0,0,0
1000000US500279665003079,8,8,0
1000000US500279665003080,16,15,1
1000000US500279665003081,0,0,0
1000000US500279665003082,0,0,0
1000000US500279665003083,4,1,3
1000000US500279665003084,14,3,11
1000000US500279665003085,0,0,0
1000000US500279665003086,2,1,1
1000000US500279665003087,0,0,0
1000000US500279665003088,0,0,0
1000000US500279665003089,0,0,0
1000000US500279665003090,0,0,0
1000000US500279665003091,7,7,0
1000000US500279665003092,1,0,1
1000000US500279665003093,2,2,0
1000000US500279665003094,0,0,0
1000000US500279665003095,4,4,0
1000000US500279665003096,1,1,0
1000000US500279665003097,0,0,0
1000000US500279665003098,19,14,5
1000000US500279665003099,0,0,0
1000000US500279665003100,0,0,0
1000000US500279665003101,1,1,0
1000000US500279665003102,0,0,0
1000000US500279665003103,0,0,0
1000000US500279665003104,1,0,1
1000000US500279665003105,0,0,0
1000000US500279665003106,5,5,0
1000000US500279665003107,0,0,0
1000000US500279665003108,0,0,0
1000000US500279665003109,0,0,0
1000000US500279665003110,0,0,0
1000000US500279665003111,0,0,0
1000000US500279665003112,0,0,0
1000000US500279665003113,0,0,0
1000000US500279665003114,0,0,0
1000000US500279665003115,0,0,0
1000000US500279665003116,0,0,0
1000000US500279665003117,0,0,0
1000000US500279665003118,0,0,0
1000000US500279665003119,0,0,0
1000000US500279665003120,1,1,0
1000000US500279665003121,0,0,0
1000000US500279665003122,14,7,7
1000000US500279665003123,10,9,1
1000000US500279665003124,0,0,0
1000000US500279665003125,0,0,0
1000000US500279665003126,4,4,0
1000000US500279665003127,0,0,0
1000000US500279665003128,9,9,0
1000000US500279665003129,0,0,0
1000000US500279665003130,0,0,0
1000000US500279665003131,0,0,0
1000000US500279665003132,1,0,1
1000000US500279665003133,10,8,2
1000000US500279665003134,0,0,0
1000000US500279665003135,0,0,0
1000000US500279665003136,0,0,0
1000000US500279665003137,0,0,0
1000000US500279665003138,0,0,0
1000000US500279665003139,0,0,0
1000000US500279665004000,17,9,8
1000000US500279665004001,19,8,11
1000000US500279665004002,0,0,0
1000000US500279665004003,2,0,2
1000000US500279665004004,103,46,57
1000000US500279665004005,0,0,0
1000000US500279665004006,0,0,0
1000000US500279665004007,0,0,0
1000000US500279665004008,5,3,2
1000000US500279665004009,1,1,0
1000000US500279665004010,0,0,0
1000000US500279665004011,0,0,0
1000000US500279665004012,0,0,0
1000000US500279665004013,13,10,3
1000000US500279665004014,5,3,2
1000000US500279665004015,13,4,9
1000000US500279665004016,0,0,0
1000000US500279665004017,0,0,0
1000000US500279665004018,11,6,5
1000000US500279665004019,0,0,0
1000000US500279665004020,0,0,0
1000000US500279665004021,1,1,0
1000000US500279665004022,70,33,37
1000000US500279665004023,6,3,3
1000000US500279665004024,2,0,2
1000000US500279665004025,3,2,1
1000000US500279665004026,2,1,1
1000000US500279665004027,0,0,0
1000000US500279665004028,52,28,24
1000000US500279665004029,12,6,6
1000000US500279665004030,0,0,0
1000000US500279665004031,10,5,5
1000000US500279665004032,9,4,5
1000000US500279665004033,1,0,1
1000000US500279665004034,1,0,1
1000000US500279665004035,18,13,5
1000000US500279665004036,2,1,1
1000000US500279665004037,12,8,4
1000000US500279665004038,0,0,0
1000000US500279665004039,6,4,2
1000000US500279665004040,2,1,1
1000000US500279665004041,17,8,9
1000000US500279665004042,0,0,0
1000000US500279665004043,23,10,13
1000000US500279665004044,44,13,31
1000000US500279665004045,0,0,0
1000000US500279665004046,0,0,0
1000000US500279665004047,1,0,1
1000000US500279665004048,3,1,2
1000000US500279665004049,4,3,1
1000000US500279665004050,9,4,5
1000000US500279665004051,1,1,0
1000000US500279665004052,0,0,0
1000000US500279665004053,39,18,21
1000000US500279665004054,10,1,9
1000000US500279665004055,5,2,3
1000000US500279665004056,4,3,1
1000000US500279665004057,0,0,0
1000000US500279665004058,14,7,7
1000000US500279665004059,1,0,1
1000000US500279665004060,7,1,6
1000000US500279665004061,0,0,0
1000000US500279665004062,1,0,1
1000000US500279665004063,34,10,24
1000000US500279665004064,0,0,0
1000000US500279665004065,0,0,0
1000000US500279665004066,1,0,1
1000000US500279665004067,5,4,1
1000000US500279665004068,0,0,0
1000000US500279665004069,2,0,2
1000000US500279665004070,9,5,4
1000000US500279665004071,5,2,3
1000000US500279665004072,3,0,3
1000000US500279665004073,0,0,0
1000000US500279665004074,25,14,11
1000000US500279665004075,17,9,8
1000000US500279665004076,0,0,0
1000000US500279665004077,0,0,0
1000000US500279665004078,1,0,1
1000000US500279665004079,1,1,0
1000000US500279665004080,13,6,7
1000000US500279665004081,15,6,9
1000000US500279665004082,1,0,1
1000000US500279665004083,13,8,5
1000000US500279665004084,0,0,0
1000000US500279665004085,6,4,2
1000000US500279665004086,0,0,0
1000000US500279665004087,1,1,0
1000000US500279665004088,0,0,0
1000000US500279665004089,3,2,1
1000000US500279665004090,3,1,2
1000000US500279665004091,20,13,7
1000000US500279665004092,0,0,0
1000000US500279665004093,42,25,17
1000000US500279665004094,0,0,0
1000000US500279665004095,44,15,29
1000000US500279665004096,0,0,0
1000000US500279665004097,0,0,0
1000000US500279665004098,0,0,0
1000000US500279665004099,0,0,0
1000000US500279665004100,1,1,0
1000000US500279665004101,2,2,0
1000000US500279665004102,22,16,6
1000000US500279665004103,0,0,0
1000000US500279665004104,14,10,4
1000000US500279665004105,2,2,0
1000000US500279665004106,6,5,1
1000000US500279665004107,3,2,1
1000000US500279665004108,1,1,0
1000000US500279665004109,1,0,1
1000000US500279665004110,0,0,0
1000000US500279665004111,0,0,0
1000000US500279665004112,0,0,0
1000000US500279665004113,4,4,0
1000000US500279665004114,0,0,0
1000000US500279665004115,0,0,0
1000000US500279665004116,2,1,1
1000000US500279665004117,29,14,15
1000000US500279665004118,0,0,0
1000000US500279665004119,1,1,0
1000000US500279665004120,3,2,1
1000000US500279665004121,0,0,0
1000000US500279665004122,1,0,1
1000000US500279665004123,0,0,0
1000000US500279665004124,2,0,2
1000000US500279665004125,0,0,0
1000000US500279665004126,0,0,0
1000000US500279665004127,8,4,4
1000000US500279665004128,6,4,2
1000000US500279665004129,0,0,0
1000000US500279665004130,0,0,0
1000000US500279665004131,2,1,1
1000000US500279665004132,0,0,0
1000000US500279665004133,0,0,0
1000000US500279665004134,13,11,2
1000000US500279665004135,0,0,0
1000000US500279665004136,4,1,3
1000000US500279665004137,0,0,0
1000000US500279665004138,0,0,0
1000000US500279665004139,0,0,0
1000000US500279665004140,0,0,0
1000000US500279665004141,0,0,0
1000000US500279665004142,1,0,1
1000000US500279665004143,0,0,0
1000000US500279665004144,0,0,0
1000000US500279666001000,1,1,0
1000000US500279666001001,50,49,1
1000000US500279666001002,7,7,0
1000000US500279666001003,14,14,0
1000000US500279666001004,1,1,0
1000000US500279666001005,10,7,3
1000000US500279666001006,5,4,1
1000000US500279666001007,15,15,0
1000000US500279666001008,13,12,1
1000000US500279666001009,0,0,0
1000000US500279666001010,1,1,0
1000000US500279666001011,5,5,0
1000000US500279666001012,0,0,0
1000000US500279666001013,14,13,1
1000000US500279666001014,0,0,0
1000000US500279666001015,6,6,0
1000000US500279666001016,40,34,6
1000000US500279666001017,0,0,0
1000000US500279666001018,0,0,0
1000000US500279666001019,5,5,0
1000000US500279666001020,0,0,0
1000000US500279666001021,17,15,2
1000000US500279666001022,20,20,0
1000000US500279666001023,7,7,0
1000000US500279666001024,1,1,0
1000000US500279666001025,0,0,0
1000000US500279666001026,14,13,1
1000000US500279666001027,5,5,0
1000000US500279666001028,6,6,0
1000000US500279666001029,1,1,0
1000000US500279666001030,2,2,0
1000000US500279666001031,2,2,0
1000000US500279666001032,46,44,2
1000000US500279666001033,0,0,0
1000000US500279666001034,0,0,0
1000000US500279666001035,0,0,0
1000000US500279666001036,9,9,0
1000000US500279666001037,0,0,0
1000000US500279666001038,0,0,0
1000000US500279666001039,0,0,0
1000000US500279666001040,0,0,0
1000000US500279666001041,1,1,0
1000000US500279666001042,1,1,0
1000000US500279666001043,57,54,3
1000000US500279666001044,2,2,0
1000000US500279666001045,4,4,0
1000000US500279666001046,33,27,6
1000000US500279666001047,0,0,0
1000000US500279666001048,30,27,3
1000000US500279666001049,29,27,2
1000000US500279666001050,3,3,0
1000000US500279666001051,0,0,0
1000000US500279666001052,0,0,0
1000000US500279666001053,1,1,0
1000000US500279666001054,1,1,0
1000000US500279666001055,4,4,0
1000000US500279666001056,0,0,0
1000000US500279666001057,24,23,1
1000000US500279666001058,0,0,0
1000000US500279666001059,0,0,0
1000000US500279666001060,0,0,0
1000000US500279666001061,1,1,0
1000000US500279666001062,24,22,2
1000000US500279666001063,31,28,3
1000000US500279666001064,3,3,0
1000000US500279666001065,5,5,0
1000000US500279666001066,1,1,0
1000000US500279666001067,1,1,0
1000000US500279666001068,6,5,1
1000000US500279666001069,18,18,0
1000000US500279666001070,0,0,0
1000000US500279666001071,1,1,0
1000000US500279666001072,0,0,0
1000000US500279666001073,11,11,0
1000000US500279666001074,0,0,0
1000000US500279666001075,0,0,0
1000000US500279666002000,6,6,0
1000000US500279666002001,0,0,0
1000000US500279666002002,0,0,0
1000000US500279666002003,0,0,0
1000000US500279666002004,21,10,11
1000000US500279666002005,0,0,0
1000000US500279666002006,71,70,1
1000000US500279666002007,65,62,3
1000000US500279666002008,16,13,3
1000000US500279666002009,21,19,2
1000000US500279666002010,0,0,0
1000000US500279666002011,16,14,2
1000000US500279666002012,26,16,10
1000000US500279666002013,5,5,0
1000000US500279666002014,29,21,8
1000000US500279666002015,25,21,4
1000000US500279666002016,13,12,1
1000000US500279666002017,16,9,7
1000000US500279666002018,8,7,1
1000000US500279666002019,51,47,4
1000000US500279666002020,6,6,0
1000000US500279666002021,0,0,0
1000000US500279666002022,9,9,0
1000000US500279666002023,24,21,3
1000000US500279666002024,0,0,0
1000000US500279666002025,0,0,0
1000000US500279666002026,0,0,0
1000000US500279666003000,20,16,4
1000000US500279666003001,50,46,4
1000000US500279666003002,29,27,2
1000000US500279666003003,8,8,0
1000000US500279666003004,210,191,19
1000000US500279666003005,14,13,1
1000000US500279666003006,3,3,0
1000000US500279666003007,3,3,0
1000000US500279666003008,6,6,0
1000000US500279666003009,20,17,3
1000000US500279666003010,6,5,1
1000000US500279666003011,21,20,1
1000000US500279666003012,20,20,0
1000000US500279666003013,0,0,0
1000000US500279666004000,267,237,30
1000000US500279666004001,12,9,3
1000000US500279666004002,25,22,3
1000000US500279666004003,0,0,0
1000000US500279666004004,6,5,1
1000000US500279666004005,2,2,0
1000000US500279666004006,0,0,0
1000000US500279666004007,0,0,0
1000000US500279666004008,1,1,0
1000000US500279666004009,8,5,3
1000000US500279666004010,14,14,0
1000000US500279666004011,2,2,0
1000000US500279666004012,8,7,1
1000000US500279666004013,1,0,1
1000000US500279666004014,9,7,2
1000000US500279666004015,0,0,0
1000000US500279666004016,6,3,3
1000000US500279666004017,12,9,3
1000000US500279666004018,18,15,3
1000000US500279666004019,16,16,0
1000000US500279666004020,0,0,0
1000000US500279666004021,20,19,1
1000000US500279666004022,7,7,0
1000000US500279666004023,18,14,4
1000000US500279666004024,0,0,0
1000000US500279666004025,0,0,0
1000000US500279666004026,0,0,0
1000000US500279666004027,7,7,0
1000000US500279666004028,2,2,0
1000000US500279666004029,0,0,0
1000000US500279666004030,0,0,0
1000000US500279666005000,230,216,14
1000000US500279666005001,1,1,0
1000000US500279666005002,4,4,0
1000000US500279666005003,0,0,0
1000000US500279666005004,26,23,3
1000000US500279666005005,0,0,0
1000000US500279666005006,1,1,0
1000000US500279666005007,35,32,3
1000000US500279666005008,6,6,0
1000000US500279666005009,4,4,0
1000000US500279666005010,15,13,2
1000000US500279666005011,1,1,0
1000000US500279666005012,2,2,0
1000000US500279666005013,93,69,24
1000000US500279666005014,0,0,0
1000000US500279666005015,2,1,1
1000000US500279666005016,2,1,1
1000000US500279666005017,15,14,1
1000000US500279666005018,0,0,0
1000000US500279666005019,12,11,1
1000000US500279666005020,0,0,0
1000000US500279666005021,0,0,0
1000000US500279666005022,0,0,0
1000000US500279666005023,0,0,0
1000000US500279666005024,0,0,0
1000000US500279666005025,0,0,0
1000000US500279666005026,0,0,0
1000000US500279666005027,0,0,0
1000000US500279666005028,0,0,0
1000000US500279666005029,0,0,0
1000000US500279666005030,0,0,0
1000000US500279666005031,0,0,0
1000000US500279666005032,9,9,0
1000000US500279666005033,0,0,0
1000000US500279666005034,10,10,0
1000000US500279666005035,0,0,0
1000000US500279666005036,0,0,0
1000000US500279666005037,1,1,0
1000000US500279666005038,0,0,0
1000000US500279666005039,1,1,0
1000000US500279666005040,0,0,0
1000000US500279666005041,0,0,0
1000000US500279666005042,0,0,0
1000000US500279666005043,0,0,0
1000000US500279666005044,0,0,0
1000000US500279666005045,0,0,0
1000000US500279666005046,0,0,0
1000000US500279666005047,39,37,2
1000000US500279666005048,0,0,0
1000000US500279666005049,3,3,0
1000000US500279666005050,3,2,1
1000000US500279667001000,30,29,1
1000000US500279667001001,12,10,2
1000000US500279667001002,39,37,2
1000000US500279667001003,7,6,1
1000000US500279667001004,52,36,16
1000000US500279667001005,9,8,1
1000000US500279667001006,0,0,0
1000000US500279667001007,6,5,1
1000000US500279667001008,1,1,0
1000000US500279667001009,1,1,0
1000000US500279667001010,2,2,0
1000000US500279667001011,5,3,2
1000000US500279667001012,6,6,0
1000000US500279667001013,20,16,4
1000000US500279667001014,9,9,0
1000000US500279667001015,13,13,0
1000000US500279667001016,10,8,2
1000000US500279667001017,0,0,0
1000000US500279667001018,31,31,0
1000000US500279667001019,7,7,0
1000000US500279667001020,10,9,1
1000000US500279667001021,0,0,0
1000000US500279667001022,14,12,2
1000000US500279667001023,23,22,1
1000000US500279667001024,7,7,0
1000000US500279667001025,0,0,0
1000000US500279667001026,0,0,0
1000000US500279667002000,0,0,0
1000000US500279667002001,148,132,16
1000000US500279667002002,6,5,1
1000000US500279667002003,11,8,3
1000000US500279667002004,5,5,0
1000000US500279667002005,12,11,1
1000000US500279667002006,32,29,3
1000000US500279667002007,0,0,0
1000000US500279667002008,6,6,0
1000000US500279667002009,5,5,0
1000000US500279667002010,5,5,0
1000000US500279667002011,0,0,0
1000000US500279667002012,0,0,0
1000000US500279667002013,32,31,1
1000000US500279667002014,19,18,1
1000000US500279667002015,3,3,0
1000000US500279667002016,6,6,0
1000000US500279667002017,43,41,2
1000000US500279667002018,81,75,6
1000000US500279667002019,21,20,1
1000000US500279667002020,0,0,0
1000000US500279667002021,1,1,0
1000000US500279667002022,12,12,0
1000000US500279667002023,23,19,4
1000000US500279667002024,15,15,0
1000000US500279667002025,0,0,0
1000000US500279667003000,7,7,0
1000000US500279667003001,39,36,3
1000000US500279667003002,10,10,0
1000000US500279667003003,39,38,1
1000000US500279667003004,50,39,11
1000000US500279667003005,2,2,0
1000000US500279667003006,18,17,1
1000000US500279667003007,67,61,6
1000000US500279667003008,0,0,0
1000000US500279667003009,82,73,9
1000000US500279667003010,0,0,0
1000000US500279667003011,6,3,3
1000000US500279667003012,0,0,0
1000000US500279667003013,0,0,0
1000000US500279667003014,29,27,2
1000000US500279667003015,10,10,0
1000000US500279667003016,0,0,0
1000000US500279667003017,0,0,0
1000000US500279667004000,0,0,0
1000000US500279667004001,0,0,0
1000000US500279667004002,1,1,0
1000000US500279667004003,0,0,0
1000000US500279667004004,0,0,0
1000000US500279667004005,11,10,1
1000000US500279667004006,0,0,0
1000000US500279667004007,0,0,0
1000000US500279667004008,0,0,0
1000000US500279667004009,0,0,0
1000000US500279667004010,3,3,0
1000000US500279667004011,37,34,3
1000000US500279667004012,0,0,0
1000000US500279667004013,0,0,0
1000000US500279667004014,0,0,0
1000000US500279667004015,37,30,7
1000000US500279667004016,14,14,0
1000000US500279667004017,6,5,1
1000000US500279667004018,4,2,2
1000000US500279667004019,0,0,0
1000000US500279667004020,6,5,1
1000000US500279667004021,0,0,0
1000000US500279667004022,1,1,0
1000000US500279667004023,28,28,0
1000000US500279667004024,0,0,0
1000000US500279667004025,33,29,4
1000000US500279667004026,0,0,0
1000000US500279667004027,0,0,0
1000000US500279667004028,0,0,0
1000000US500279667004029,0,0,0
1000000US500279667004030,2,2,0
1000000US500279667004031,24,20,4
1000000US500279667004032,39,38,1
1000000US500279667004033,0,0,0
1000000US500279667004034,0,0,0
1000000US500279667004035,0,0,0
1000000US500279667004036,0,0,0
1000000US500279667004037,0,0,0
1000000US500279667004038,0,0,0
1000000US500279667004039,0,0,0
1000000US500279667004040,0,0,0
1000000US500279667004041,0,0,0
1000000US500279667004042,0,0,0
1000000US500279667004043,147,137,10
1000000US500279667004044,38,33,5
1000000US500279667004045,4,4,0
1000000US500279667004046,21,20,1
1000000US500279667004047,42,36,6
1000000US500279667004048,3,3,0
1000000US500279667004049,20,20,0
1000000US500279667004050,9,9,0
1000000US500279667004051,4,4,0
1000000US500279667004052,6,6,0
1000000US500279667004053,117,106,11
1000000US500279667004054,0,0,0
1000000US500279667004055,1,1,0
1000000US500279667004056,0,0,0
1000000US500279667004057,7,7,0
1000000US500279667004058,0,0,0
1000000US500279667004059,0,0,0
1000000US500279667004060,6,4,2
1000000US500279667004061,49,44,5
1000000US500279667004062,6,5,1
1000000US500279667004063,0,0,0
1000000US500279667004064,0,0,0
1000000US500279667004065,0,0,0
1000000US500279667004066,0,0,0
1000000US500279667004067,9,9,0
1000000US500279667004068,0,0,0
1000000US500279667004069,0,0,0
1000000US500279667004070,0,0,0
1000000US500279667004071,5,5,0
1000000US500279667004072,2,2,0
1000000US500279667004073,0,0,0
